0.406641 0.768511
-0.074227 4.608416
2.269165 5.822660
3.744208 2.427954
3.837143 4.570559
3.939093 4.947792
4.573807 4.840661
4.319435 6.013210
5.196694 7.232961
6.118652 5.854605
2.803254 4.526412
2.583214 3.504641
1.409946 4.377631
3.221065 3.962561
3.694453 5.767993
4.724717 5.919801
4.162323 5.017161
5.204082 3.707695
6.169819 6.536178
5.081640 7.423692
5.432700 5.543727
2.288708 5.869033
0.971867 3.637939
3.013205 4.425288
2.324836 4.196725
3.103205 3.971955
0.455578 5.201952
0.750678 3.800821
1.232910 4.366799
3.016328 5.850073
3.078643 3.026453
5.664885 7.651602
5.192195 7.727096
5.798339 9.271850
6.224684 7.230820
4.489127 6.941693
7.616837 2.197115
7.915474 4.696797
10.459599 5.319761
9.295292 5.202752
8.373562 4.426233
10.112959 4.481616
8.467724 5.095016
6.820198 4.682081
6.862204 2.249105
5.877658 0.783015
6.590711 2.078518
8.254148 3.002869
5.683810 6.972666
6.172060 9.379929
6.039978 8.771417
5.644998 5.262240
8.484051 5.041010
8.386254 4.904818
9.662804 4.678368
10.611292 3.663115
7.263602 5.283148
6.922842 4.347348
7.646433 3.067114
8.259401 2.869165
7.890661 5.322125
8.109664 2.302387
10.946993 5.654253
8.317286 3.445653
13.118576 3.734598
12.104768 7.048948
14.064072 4.415387
9.934690 2.354597
11.427252 3.038486
7.023590 3.983008
9.631226 4.892570
9.000177 3.450669
6.434010 5.500122
6.495146 6.846869
4.684725 5.085245
6.381252 2.742059
8.509098 3.735295
8.775484 2.879169
8.650045 5.587857
7.238722 5.359680
7.548983 5.123663
10.026808 10.800052
8.724564 10.909301
10.163671 13.670238
