-9.179846 -13.982829
-7.395087 -9.661206
9.512484 -5.906727
9.341048 -6.691709
11.645635 -4.365461
9.122314 -4.422447
8.287457 -5.720499
9.629986 -7.558052
13.769369 -6.861600
12.784900 -7.314808
8.463373 -7.955030
7.418926 -8.426875
2.802446 -10.783679
9.354612 -13.230145
11.089722 -13.024266
10.665248 -14.802003
7.079687 -9.916151
1.046550 -10.450034
3.679393 -10.173371
7.242304 -6.672698
5.411393 -8.628651
7.486119 -5.919579
8.973805 -12.109714
7.176623 -12.500628
5.986517 -5.736524
8.608497 -5.874558
9.287335 -10.440948
7.376460 -13.841531
10.142859 -15.202957
9.555593 -14.359958
13.741886 -15.066103
15.384615 -10.961330
15.236285 -11.386188
18.831856 -6.161758
19.746685 -6.903648
15.011524 -11.987665
13.185097 -15.515482
13.485456 -13.179168
8.931929 -15.196652
6.480814 -12.085199
8.387640 -9.102794
5.440481 -10.252204
5.453349 -9.079254
8.041472 -10.301211
5.500236 -10.064918
7.835859 -9.783449
9.335432 -13.629558
7.244371 -9.936276
9.205002 -8.761250
9.229713 -13.601423
14.411235 -14.491115
15.676366 -10.018960
