10.493211 -18.894228
10.854765 -15.465550
12.310771 -15.209560
1.837253 -9.927354
5.973707 -7.989149
5.951729 -10.163623
8.230485 -10.940732
7.853342 -9.933867
7.906464 -11.305813
8.930173 -13.836283
14.065007 -16.524534
11.014966 -12.911132
15.986607 -16.009504
19.616442 -16.956573
9.952271 -14.885109
10.068149 -15.120580
8.147661 -9.677413
6.925793 -10.912166
9.142905 -11.556458
7.328218 -8.399837
9.169227 -9.373641
6.323094 -9.817101
9.103992 -4.015397
9.753195 -3.856938
10.388811 -5.936424
9.663455 -7.104320
5.157189 -0.281664
5.766854 1.563662
3.742689 1.335098
8.016343 1.922452
9.700133 3.671754
6.019267 1.971292
12.177011 2.056587
10.564779 5.382651
12.932011 1.585244
10.204515 1.373396
8.550754 2.434434
5.850944 0.730280
9.807906 3.052033
6.242047 2.475794
13.260321 2.593369
12.119570 2.569757
12.049995 3.896440
12.912700 2.235539
12.566529 3.429547
10.759874 1.280139
9.955179 2.405039
8.825443 3.632682
6.887582 1.270915
5.381989 2.940417
7.238946 0.898186
5.877604 -0.627225
5.173942 0.369473
7.353025 -0.346185
5.328012 0.564939
10.273775 2.150514
10.983749 2.924843
10.616521 1.892655
10.849625 2.418348
9.789055 1.896096
8.398157 1.556821
7.039735 1.250964
6.304240 -0.341274
6.819711 2.460254
9.351303 1.462818
11.376143 3.314722
17.529602 1.235172
14.609239 0.181021
