10.806230 12.192418
13.516270 7.454504
13.813858 5.811570
14.795954 1.213894
12.003289 1.562382
10.648308 3.764971
11.504076 2.077701
10.181523 1.467859
6.966495 0.290982
5.305865 0.148312
7.496563 -4.111826
7.464619 -4.903582
7.621531 -6.477723
8.808045 -6.242940
11.141760 -6.271368
7.811301 -5.434755
10.761162 -4.827274
10.825346 -4.025065
11.675601 -3.954515
11.580317 -7.214685
11.887407 -7.232408
11.557936 -7.534166
7.836005 -5.956487
6.440968 -12.510166
13.760751 -13.617160
19.369904 -14.094426
10.618731 -12.848888
10.970964 -13.755031
7.338803 -9.809714
9.181324 -9.757800
10.171418 -7.211507
4.900394 -9.815469
8.431929 -8.423126
6.977296 -14.533664
5.770295 -6.526180
7.266012 -6.566619
8.598101 -9.070251
7.344388 -12.188824
8.570572 -10.046882
7.842982 -10.185973
7.125245 -8.059424
9.349148 -9.800665
11.220579 -15.209612
15.345411 -10.559436
18.956562 -14.410686
14.796905 -10.294078
16.855743 -6.798929
14.411904 -11.093084
15.635159 -10.082730
14.943073 -9.197663
15.529774 -6.852451
9.733668 -6.696362
11.873545 -4.911010
8.577177 -5.340028
9.090576 -4.183765
10.902331 -4.712653
11.504183 -6.694209
10.509591 -5.129449
7.257473 -8.873290
9.329685 -9.395690
9.128276 -9.564212
7.916216 -12.105402
12.589487 -15.182972
14.988079 -13.504558
10.196705 -13.450159
12.209046 -13.909416
12.489367 -12.871926
8.527748 -14.762644
9.354619 -10.656249
8.508061 -8.576692
5.653480 -10.115331
10.775126 -14.474162
11.220894 -15.977077
14.563211 -15.847547
9.475228 -13.548673
10.326797 -13.591992
5.940869 -11.647711
9.241623 -9.346487
9.376162 -10.075779
6.683847 -9.559061
9.579918 -6.096773
9.820609 -7.759009
10.402992 -7.791728
11.797822 -3.843026
11.857306 -5.876724
15.122802 -6.807833
8.019371 -11.037067
8.244419 -5.607717
4.288492 -9.728705
9.166523 -8.919301
8.500307 -9.311904
5.233773 -11.568913
8.445637 -12.849766
11.545977 -14.404738
13.773297 -13.109884
13.634599 -12.916020
12.786785 -13.173471
12.398787 -14.118522
9.655733 -12.981286
7.969473 -13.760431
7.793506 -11.748273
8.896715 -8.810812
8.966383 -9.298259
8.561859 -9.101571
9.146663 -8.638039
8.860511 -6.775984
9.892656 -5.667618
9.626303 -5.537926
8.868196 -9.515439
9.236969 -11.753009
9.173552 -13.640688
10.713060 -13.577407
14.952838 -12.141703
9.229034 -10.889520
8.087736 -8.848542
9.173049 -6.422927
8.844846 -9.551887
16.983749 -11.975019
14.608122 -12.388848
15.177089 -7.256722
13.412798 -6.740405
17.674068 -9.434490
14.339617 -6.688685
16.496912 -7.880107
9.371811 -6.865855
11.387333 -4.510233
9.453015 -4.366082
8.260703 -4.010229
3.520925 -5.805606
5.600307 -1.109884
5.733550 -0.793478
3.727627 0.431831
4.107257 0.143898
7.381571 -3.556285
3.929431 -1.648882
5.814884 -1.775645
6.938567 1.247680
10.124641 2.178593
10.908621 1.535962
9.369451 3.636724
6.770864 1.018005
10.837711 3.119766
12.708448 -0.687259
8.096059 -11.618938
9.153918 -12.394313
9.336267 -6.830021
9.945942 -4.532712
8.098587 -6.989137
5.704432 -2.166413
6.147902 -1.098037
6.717098 0.245221
8.228571 2.505041
9.976923 1.777050
9.469440 1.408987
9.030499 4.637620
9.446876 2.642364
11.427921 2.770437
12.680744 3.640291
14.378570 -1.544928
9.846392 -4.302369
7.384878 -8.369525
7.964008 -7.841542
6.976654 -4.163956
5.508028 -4.275929
7.037993 -5.220686
9.142638 -4.737602
3.597624 -3.184261
6.492663 -0.133125
7.384702 0.460905
4.897919 2.562845
4.378105 0.033580
4.327115 -2.736411
9.977083 -6.669898
9.478857 -4.643517
10.377708 -5.078959
10.182077 -4.056417
9.531661 -4.050294
7.958143 -3.990770
8.821651 -5.655891
6.295427 -2.831334
6.257401 -1.381060
6.321518 -1.550848
6.291004 -2.268135
6.754760 -0.909724
5.847786 -1.029502
6.721674 1.208064
8.472649 1.543466
9.123707 2.620373
11.204107 2.753019
12.649608 1.328712
17.716036 1.123266
19.207926 -1.177532
15.666919 -1.610249
13.054723 1.574265
11.763033 2.710351
17.405336 -1.416616
19.118721 -5.140003
15.855215 -8.217196
11.918699 -6.123597
11.279884 -4.602580
7.147511 -4.591473
8.818823 -4.045316
9.457533 -3.976852
6.169693 -3.886696
4.911789 -1.216992
3.918393 -0.662274
7.453965 -0.414451
7.050599 -0.748561
6.608053 -0.658203
7.435149 0.030847
7.487580 1.704688
9.190132 2.427192
8.553641 2.367643
10.103054 3.106902
14.549029 4.440876
13.645481 7.127614
12.425364 6.642434
12.059576 6.605377
13.714479 7.994442
9.926641 3.828846
4.757613 1.327578
6.197740 6.112431
5.916598 7.246193
5.108359 8.112305
4.851840 11.153819
5.943171 8.322398
5.446130 6.849745
5.076861 5.748931
3.290595 3.722492
3.478528 5.825700
3.816601 4.863575
4.314154 3.897505
4.398745 8.464931
5.293831 7.091375
4.972440 6.848005
4.389473 5.224960
-0.327946 5.908296
-0.835621 4.965216
-2.270675 7.573096
-0.421481 5.585274
0.013557 5.367186
-0.376720 4.557230
0.714759 5.206003
3.296968 5.836448
5.643339 5.089562
3.858186 2.735410
5.824713 1.425520
7.328155 -1.563643
7.112885 -1.613889
6.737574 3.283167
7.151323 -2.392436
7.214240 -1.381404
5.642054 1.065953
7.604824 1.712359
8.763323 1.332485
9.454409 3.633408
13.811111 1.410788
13.645749 1.160503
17.739695 3.132874
17.573914 -1.834799
19.909447 -0.466582
19.414854 1.601671
13.248882 -0.039143
12.939417 1.236826
11.801708 1.847202
10.440001 1.967873
9.051815 1.455773
9.591242 1.555611
8.041711 1.885445
5.057684 0.131528
5.942676 -1.851642
5.902197 -3.393569
7.760843 -6.356639
8.243692 -5.204076
7.919457 -4.784486
8.277994 -6.805315
7.566509 -7.373725
6.351994 -11.198972
7.017535 -7.423986
6.214869 -9.179563
7.940336 -8.003352
8.410536 -8.839380
9.300978 -9.853702
8.988825 -9.333940
8.390153 -7.029515
6.872922 -9.893634
8.849023 -12.193914
8.925654 -14.290478
8.770796 -9.368158
7.925870 -11.473120
3.399599 -9.804978
10.542926 -6.901879
10.741597 -6.186133
9.167658 -7.300893
8.789176 -8.058921
9.912968 -6.970305
8.649687 -8.010271
8.289762 -12.172057
9.242773 -9.479354
7.624807 -8.892350
4.647626 -9.640311
4.291309 -10.881326
9.170061 -7.640352
5.878830 -8.823337
18.002251 -14.034551
14.629583 -9.518461
18.578819 -8.920165
16.694818 -12.194392
12.614978 -17.625410
17.066961 -12.220263
12.129081 -13.354510
14.986890 -15.261822
12.648879 -13.214671
9.316511 -11.014350
6.704579 -11.875389
8.941833 -12.041326
7.253495 -7.182843
7.618189 -9.484800
6.935572 -11.696061
6.894302 -14.702318
11.780088 -12.973084
10.572626 -13.628649
6.125956 -11.351233
8.432235 -7.789781
6.866906 -8.789887
11.181711 -5.702343
6.939384 -4.371257
7.916992 -9.103103
9.193085 -12.453297
9.180082 -17.657583
12.736377 -13.939385
8.439052 -14.907750
9.309448 -12.402427
7.271227 -10.835526
8.546772 -10.800927
7.338707 -11.305561
8.237563 -11.996528
5.518950 -9.433974
9.686428 -7.587855
5.797771 -9.641172
6.119748 -10.602337
8.886847 -11.134976
7.897306 -13.409335
13.525582 -16.759893
8.168917 -12.091088
7.222791 -10.077022
9.236274 -8.555444
6.346288 -12.059350
7.196220 -7.474358
6.808321 -4.808030
5.841525 -5.754351
7.659144 -8.321509
7.847268 -9.288867
6.186577 -6.984035
6.584120 -8.908099
13.124555 -13.161536
10.079617 -14.299123
12.623386 -14.994740
15.965960 -12.581769
17.436478 -10.045295
15.210961 -9.270704
18.063480 -11.534925
14.445028 -13.235717
10.910384 -13.735491
12.499866 -13.708436
12.232654 -14.106246
3.499612 -10.439324
8.018410 -6.647588
10.822184 -7.596467
17.907650 -5.308745
16.808067 -13.258479
14.932076 -9.415345
10.887974 -7.429830
12.320877 -6.741629
11.756815 -6.657672
11.635133 -4.918696
12.045477 -13.392650
15.989653 -12.947555
15.093076 -9.595754
16.980669 -11.079806
15.313376 -14.756786
12.358318 -13.755199
10.298180 -12.871502
1.753521 -12.266353
4.462778 -9.279341
8.246216 -8.128428
10.346286 -7.185162
4.673049 -9.039582
7.741036 -8.983488
8.457777 -8.177661
7.569400 -10.038104
8.234509 -6.906394
8.947018 -8.099277
8.172590 -7.004580
4.035399 -10.844438
7.455530 -10.481517
6.280760 -7.661664
11.443521 -13.263518
8.955248 -13.151389
7.499504 -9.690461
7.121122 -9.921513
10.001369 -4.927305
7.622359 -11.370858
7.677627 -11.531448
15.795324 -12.162347
17.432278 -4.531646
15.177401 -16.102570
12.268577 -13.313922
11.463474 -7.721994
10.265879 -7.635135
8.226675 -10.713417
7.534558 -12.251365
7.961360 -8.380135
10.932739 -6.527237
9.035766 -6.283265
9.722311 -5.730415
15.250681 -8.161849
16.826292 -8.265384
17.589481 -8.442490
