19.195442 12.711232
11.487961 4.194020
12.696842 3.222620
10.176310 1.906665
11.182222 1.482730
9.298912 1.405683
7.739038 2.205026
10.468126 2.623209
12.957334 2.367959
10.557016 1.752512
10.715149 1.349425
10.005722 2.688832
8.315438 1.519167
7.474253 2.242122
8.496243 2.081613
9.960104 2.474391
5.511039 2.325353
6.773962 0.350289
6.655377 0.328635
6.700911 -0.910415
6.673992 1.775558
6.151863 -1.411991
6.437262 -3.240513
9.524250 -5.133232
8.021264 -4.093758
4.802553 -1.954650
6.779462 -1.035669
6.896622 1.788625
6.921776 0.870398
5.825172 -0.461244
7.409297 -5.251393
9.373283 -5.391694
11.155119 -6.073983
11.625602 -7.766500
10.734696 -4.403977
8.960255 -6.153847
9.756838 -5.754466
5.665074 -13.668820
9.802435 -13.323592
6.369121 -11.701579
10.279380 -5.726866
7.601381 -8.644823
8.019817 -7.565406
15.354614 -7.124500
15.469198 -7.899233
10.383149 -6.483201
8.379708 -9.097423
8.800256 -8.103506
7.580998 -8.786366
7.967117 -6.665040
7.150560 -12.699960
9.921821 -15.102156
9.150814 -16.295052
16.470139 -11.493510
15.416962 -13.956166
10.135824 -18.447334
