-11.629072 5.145193
-8.017387 1.666577
-7.595756 2.906342
-8.942951 4.219311
-7.863376 4.377704
-7.738692 3.493170
-10.074753 3.770586
-9.790846 3.224631
-8.344808 2.689360
-8.606875 1.218290
-9.920694 2.582919
-8.493597 2.432957
-2.151158 1.486014
-1.720903 0.020949
-3.488425 1.143707
-1.894338 2.548717
-2.521311 -0.546129
-2.387688 -0.685095
-5.559594 -4.216476
-4.379476 -1.839587
-4.488343 -1.013151
-4.497005 -2.143110
-3.224262 0.961321
-2.912408 0.744199
-3.651016 -1.268072
-4.277962 -0.270885
-2.479187 -1.865994
-3.180017 -2.866862
-4.689207 -6.143242
-8.580647 -5.753947
-9.987681 -0.393954
-5.861145 1.307077
-8.608200 3.779715
-9.020135 4.042320
-11.060585 4.127221
-11.342840 -0.084412
-10.886251 -1.786795
-10.598103 1.900997
-8.481129 2.636652
-8.347157 1.860523
-7.820070 1.324036
-7.815565 1.851038
-8.303086 1.888569
-9.708256 -0.994643
-9.957064 -0.051898
-9.957898 -3.957915
-8.866302 -5.284871
-11.557419 -0.590928
-8.940826 1.938770
-9.346403 2.558533
-4.564751 -2.728958
-4.441704 -2.945597
-3.850810 -0.218130
-2.101612 0.584924
-3.366203 0.827078
-3.920137 0.411657
-3.962533 0.436901
-3.992935 1.022508
-5.717744 1.225751
-3.857030 1.285348
-3.224603 0.841877
-3.700399 0.783186
-4.371092 -1.716032
-4.315722 -1.390921
-1.847036 -0.360103
-2.851039 0.118807
-4.023507 -2.745614
-3.533828 -0.368623
-3.968325 -2.155068
-3.497986 -1.893702
-4.395175 -2.475254
-4.534667 0.049431
-9.801549 -0.940164
-11.216696 1.686492
-5.551974 1.126227
-10.840743 1.485682
-9.720947 -0.992007
-10.376470 -2.317401
-11.816885 -3.250633
-4.380094 -6.482640
-5.838639 -5.951056
-4.772073 -7.907328
-3.878612 -1.322325
-4.273426 -2.086170
-3.618510 -0.004817
-3.246008 -0.771761
-4.269083 0.579940
-3.124246 -0.096349
-4.221317 -0.104810
-2.081129 -0.188909
-2.133379 1.937963
-1.036463 3.738968
-0.759497 2.919144
-3.112317 8.742980
-1.357399 10.330826
-1.318857 8.296474
-1.200416 7.272271
-1.248237 7.443485
-1.877586 6.665425
0.315217 4.488515
2.294628 5.039128
6.114779 5.517950
5.831226 3.183234
5.103490 5.259542
5.137888 8.494327
4.424082 6.897456
6.266809 7.896265
6.479665 11.724068
5.863889 10.823470
5.092785 8.203980
5.952356 8.657795
4.405793 7.377566
4.344554 9.366829
5.227509 6.517828
5.553843 9.112851
4.323529 6.229815
-0.391238 5.809678
2.130351 4.053204
1.686607 4.283494
2.354159 2.897825
1.630886 3.415003
2.397576 4.846043
0.791898 4.315446
0.300269 4.872297
1.400075 5.697109
-0.807006 5.691837
2.577277 5.820754
6.271232 3.997501
8.943598 5.630315
8.027122 4.898395
8.962012 4.309040
6.101492 5.186005
5.607116 6.988432
6.485485 8.275838
5.674594 9.576174
5.520509 7.850535
7.159950 13.804790
10.786419 11.135193
9.074478 15.475978
6.355602 14.078802
7.480984 11.264771
4.165071 11.160232
5.483779 10.652684
4.675630 6.566553
-0.048117 5.940322
0.948438 5.805863
1.252664 4.586280
-0.417225 4.882905
0.815879 3.358841
0.537258 3.570854
-0.607118 5.557375
-0.242249 4.544436
-0.725668 6.892289
-2.827794 6.815275
0.556695 5.241673
1.866958 4.303205
2.011853 4.447315
2.956272 4.570167
5.925320 7.495102
4.684975 7.164297
2.293548 4.399638
3.521729 4.799877
1.976258 4.455884
-0.981892 4.621949
-0.872525 7.540899
-1.224952 8.257835
-0.712223 10.027947
-2.036069 10.816119
-1.631596 10.294051
-4.129252 9.307742
-1.198869 9.184050
-0.743507 10.413948
-1.440875 9.369189
-4.419883 9.166152
0.901966 12.901884
3.603653 12.133482
5.577704 11.455284
0.970955 11.587252
1.087095 11.098737
-0.399569 11.374596
-2.269956 14.212693
-1.242396 7.084189
-3.055359 8.323531
-1.543131 7.576193
0.830213 5.771956
1.378255 3.382103
0.409020 3.143351
0.781633 3.221733
1.607818 4.866548
3.812412 4.158591
2.336420 5.373318
2.660830 4.937435
-1.481179 5.251087
2.520739 5.429706
3.344656 5.747440
2.812852 4.089304
1.851933 5.134442
-0.744142 5.849993
-0.749547 7.037718
-2.103739 6.167377
-0.537516 4.915318
1.731503 4.800549
1.528770 5.228717
0.113858 5.300167
0.243525 5.558937
1.557191 3.951307
2.041695 5.680357
5.011466 5.728926
6.525404 3.747038
5.268727 8.675817
4.358151 8.493514
5.961709 10.157875
5.374815 7.809383
3.835235 4.833089
5.413332 7.358935
5.958313 4.755974
9.474289 4.122506
10.202240 2.366680
10.653809 2.474157
6.973855 5.589660
8.123158 4.359240
7.494462 5.621558
5.414217 4.055272
4.623988 7.305997
5.802906 7.770318
4.948639 6.519097
6.235136 6.588502
6.504785 8.050761
5.986471 5.383869
7.435166 5.053706
9.666636 4.830196
9.020447 3.847129
9.248623 4.536186
10.141227 4.239120
11.919672 6.660967
11.982877 8.383790
4.828159 8.117045
4.872868 6.924477
5.514699 6.699808
4.601420 7.800485
7.125839 10.755945
6.119909 8.295334
6.695102 3.447680
4.904423 6.871632
7.587253 4.588120
8.475780 5.430390
12.192417 1.523232
14.061413 6.809688
12.120951 7.669420
12.555714 4.620343
10.591497 5.265405
7.253244 5.319958
7.591819 5.232139
9.322958 4.260625
8.526302 4.299198
7.598102 5.018640
6.276439 5.451334
6.270451 6.615837
5.880618 6.520718
6.051901 8.224311
9.324377 5.582277
7.839265 5.457630
8.475909 5.318015
4.979162 9.450369
5.589859 8.956216
9.596308 11.208076
9.598499 12.656483
12.025897 14.166781
11.171095 11.219625
4.889871 7.455059
8.465845 3.323359
12.377478 6.386251
12.148437 7.128656
13.740303 9.491599
15.234266 9.141363
11.607008 10.319538
4.927002 8.123678
6.621359 4.157215
5.313594 4.198260
2.625538 2.770925
4.470611 2.192777
5.409205 4.808458
6.240877 4.343733
5.002986 4.393766
5.492316 4.042423
5.187753 3.153049
6.420445 3.191725
7.584594 1.838518
8.243057 5.034427
2.915589 4.708572
7.280797 5.519257
6.508160 5.827020
6.133381 10.349867
4.721839 10.537503
7.983263 10.900627
9.543471 10.803027
3.997172 12.368003
6.196460 8.498935
5.135767 7.566320
6.500471 10.552684
6.046419 8.580462
4.982701 7.358006
6.095553 3.697454
9.173271 4.236055
9.051513 5.050178
8.252504 4.097772
6.502929 5.690472
6.365309 7.428861
5.716910 8.584002
5.465072 10.659499
8.682173 13.088589
9.794174 12.077310
12.045311 10.545199
9.834454 12.385015
9.806706 10.900991
8.362502 11.815359
10.740656 12.527841
14.553331 9.530499
12.329503 1.797217
10.645997 5.356444
8.753138 5.559235
9.624463 5.443964
5.708486 5.226670
4.310612 4.947528
8.238729 5.359652
7.513321 4.638388
9.193568 4.465397
7.467179 4.229435
7.866360 4.555897
7.769549 4.450667
9.662853 4.582240
10.378670 2.749093
11.585042 5.175546
12.905880 0.902397
7.724775 2.220117
4.318361 1.032338
10.939251 3.561305
8.807997 4.217767
11.916815 7.184920
12.971492 2.901642
11.345243 5.437550
9.360866 5.050174
12.738221 10.774268
12.399355 9.443925
11.793146 7.287501
11.641981 7.220966
11.807042 8.438128
17.516857 7.641099
9.782764 4.777812
8.576624 5.441528
8.487006 3.868128
9.218189 4.612640
4.302294 5.682167
6.402843 6.036670
6.337992 5.368729
8.208843 5.143704
8.451990 3.810269
8.133611 4.290554
8.107519 3.780109
8.504180 5.353232
5.663629 5.033243
6.428355 5.401695
6.390219 3.687516
4.888444 6.886770
4.608165 8.197892
6.445577 5.578401
7.614346 4.396390
6.354405 2.272287
8.254941 3.851889
12.342793 5.500407
12.760948 7.467782
11.724405 2.467519
8.566998 4.643610
9.087851 2.781043
8.893095 3.925325
7.385052 5.045568
5.628869 4.836804
5.825791 5.717041
5.208208 8.222740
5.315953 8.733804
-4.041743 6.969730
-2.918346 7.113044
-1.423087 8.209273
-2.225695 7.515947
-1.187411 7.228827
-1.258866 8.681478
0.485738 11.661477
0.701774 11.316869
5.850210 16.213644
10.288088 11.765727
10.650080 10.792310
8.686502 11.196321
9.120499 18.024658
6.283014 10.541386
5.490102 8.903284
5.749232 9.307014
5.988629 5.948770
8.472567 3.626364
9.129679 3.695117
7.539041 5.319223
12.682586 5.694643
