-12.048127 -0.213556
-8.092196 2.716991
-8.314583 2.231946
-8.453307 3.742160
-8.671368 1.220008
-12.220388 1.152251
-11.225012 -2.235062
-8.907755 -8.360094
-7.681821 -4.290865
-5.082301 -4.245361
-4.738619 -5.575690
-3.692060 -3.170567
-4.292624 -0.334014
-4.565686 -0.525531
-4.557654 -0.153389
-4.016059 0.718978
-4.227733 0.148987
-3.677606 0.248467
-2.919702 -1.025072
-3.998499 -2.942894
-4.359866 -2.630502
-4.170404 -3.564540
-2.538396 -3.125678
-5.753726 -4.361222
-4.669094 -3.955938
-6.988119 -4.065162
-5.121459 -4.174122
-2.821061 -4.868294
-3.161143 -2.902372
-4.259854 -1.939357
-4.532687 -2.758380
-4.473797 -1.235210
-4.362578 -1.188718
-4.444129 0.231800
-3.386682 0.318528
-8.825926 2.141635
-9.788228 1.863865
-7.860898 3.704483
-7.809000 2.636267
-9.282152 2.900855
-3.985636 0.805632
-1.434062 0.600109
-2.015918 1.945352
-6.851734 1.157530
-5.219809 1.284552
-3.653390 0.361865
-2.191965 -2.655839
-4.318269 0.636945
-3.465413 0.582818
-2.374361 0.216834
-2.887978 -0.693326
-3.199687 -0.859610
-3.987782 -1.032493
-3.343825 -1.014275
-3.205794 -0.651808
-2.603294 0.265080
-3.539669 0.872052
-4.911581 1.197104
-8.201646 4.623732
-9.628572 3.032076
-9.004396 4.011900
-7.745466 5.120421
-9.115561 4.288571
-9.566042 4.212150
-8.065020 1.483036
-8.174830 3.616434
-8.124504 5.314485
-9.388140 4.647675
-9.337366 2.186045
-7.587761 1.790062
-3.822191 -0.112571
-2.248317 -2.120579
-1.052743 0.278704
-3.966288 -0.183676
-4.257536 -0.292020
-4.236188 0.044379
-3.788276 0.409905
-3.302763 0.204322
-4.233147 -2.432934
-3.633537 -0.521624
-4.283566 -0.263385
-4.989399 1.303977
-6.445423 1.183435
-7.732600 5.629270
-9.476675 4.538046
-9.058698 2.315592
-8.627903 6.067591
-7.134422 6.539354
-7.108666 6.653398
-5.608288 6.395253
-3.805472 7.284143
-4.599971 6.958536
-5.397630 6.457186
0.208826 4.290986
-1.334374 3.743619
-1.662717 2.594760
-0.080323 4.442258
-2.335013 3.002188
-1.098757 2.334804
-1.155604 3.425079
-2.094935 4.541546
-1.850582 3.209999
-1.997208 2.201992
-2.426867 -0.641511
-2.755171 0.822073
-2.519030 -1.170204
-2.934575 -1.414076
-3.694205 0.967771
-1.891740 1.142622
-2.180317 1.081779
-3.754688 1.264590
-3.213370 0.009569
-3.210905 1.299343
-2.216975 1.021658
-0.811415 2.847935
-1.202217 3.546597
-2.601505 6.965531
-6.704606 8.487224
-5.945768 8.127190
-6.570646 7.203842
-6.746326 6.962696
-3.282797 8.261220
-4.880710 6.568153
-5.595157 6.437959
-8.654258 8.063557
-8.337839 7.339447
-5.311185 7.364204
-5.656310 6.345870
-5.062957 12.091621
-3.579831 8.784574
-0.777156 7.711002
-2.419141 3.137366
-2.374732 5.481486
-2.158735 5.099915
-2.125614 5.527512
-2.730899 6.346013
-4.224888 8.020543
-3.499292 6.673099
-2.225972 7.496007
-3.599216 6.954820
-4.551732 6.395549
-1.337345 0.112650
-1.111827 1.997489
-3.487983 0.718445
-2.933362 -0.467741
-1.419486 1.093657
-2.460482 1.429870
-1.753261 -0.954056
-2.964079 0.126956
-3.759212 -0.249321
-3.679449 0.953499
-4.298512 1.085811
-4.208429 -1.027656
-4.009310 1.055346
-3.090115 1.218378
-1.901920 1.304183
-2.259131 1.750876
-2.162267 5.342785
-2.359143 6.659656
-4.516084 8.462409
-4.071795 9.082479
-3.082639 9.718263
-5.747927 6.718161
-7.863102 7.481442
-8.538590 3.654074
-7.679970 2.233218
-9.389880 2.041213
-8.192253 1.566072
-8.755795 2.140636
-8.267968 1.269876
-8.229906 2.864028
-10.876812 3.321589
-7.772916 3.157702
-8.878644 6.352733
-8.360460 6.835071
-6.390176 7.788116
-3.252430 8.234861
-4.364233 7.681981
-5.027733 7.409910
-2.218201 5.545125
-2.468491 3.263371
-3.759125 0.982860
-2.015569 0.043589
-1.271027 1.402256
-1.416462 1.094689
-3.931034 1.251813
-4.558724 0.045114
-2.377702 0.412520
-3.089376 0.282505
-2.663334 0.957321
-2.998893 -0.326365
-3.383343 -1.180196
-3.299485 0.486092
-3.191749 0.392218
-3.613357 -2.843084
-4.039963 -1.474647
-3.912332 -0.808327
-2.936494 -1.205862
-4.573821 0.308933
-8.340464 1.745736
-8.475777 3.071029
-6.062870 1.223150
-4.857004 1.213600
-5.448948 1.234790
-0.904799 1.405659
-2.280485 0.319802
-1.117284 2.432378
-1.610318 2.363992
-0.903948 2.140045
-2.407693 2.580042
-1.395066 2.855392
-1.132971 1.320302
-3.095616 -0.649932
-4.540184 -0.373144
-4.338861 -0.773875
-3.900237 -1.512134
-4.172035 -2.388649
-4.524974 -0.260765
-4.542115 -0.280246
-4.209516 -0.950717
-3.400993 -0.446944
-2.981374 -1.649582
-4.286401 -2.073775
-3.055057 -2.347662
-4.060647 -1.328120
-3.482549 -0.184349
-4.313683 0.347884
-3.503644 -0.753092
-4.500913 -3.198772
-2.260512 -1.016981
-1.910660 2.359706
-1.643818 2.968627
-2.219517 1.950741
-0.850063 2.066501
0.179765 2.879488
-8.766839 5.274540
-8.472779 5.653381
-7.640699 4.266533
-8.101395 3.660056
-8.502573 1.300691
-7.998216 -6.859955
-6.561554 -4.082198
-7.084269 -4.221045
-10.185906 1.721985
-13.049363 -1.316586
-9.812210 -1.913100
-6.486897 -6.462973
-9.701033 -3.727312
-9.664085 -2.688235
-10.361378 1.509474
-5.597588 1.176605
-1.313349 1.127410
-0.424413 -0.583560
-4.313715 -0.585665
-3.025722 -0.473493
-4.122145 -1.094090
-4.492107 0.085868
-4.182302 0.939099
-2.829850 0.403426
-3.969339 0.867696
-3.773888 -0.606898
-3.145035 -0.659689
-3.168161 -0.494152
-3.549158 -3.401568
-4.577227 -3.946965
-1.725665 -0.706723
-1.481709 -0.249122
-3.182201 -0.280995
-3.057692 0.359240
-3.158972 1.208266
-5.405797 1.147391
-6.520911 1.143591
-7.918474 1.916872
-7.641440 2.650043
-9.299824 1.904781
-11.045136 -1.716591
-12.443006 -1.615911
-9.843610 -3.658781
-6.778880 -4.157758
-8.578008 -4.080965
-8.125182 -4.254606
-6.231217 -5.919570
-5.248109 -6.670203
-3.990827 -1.323685
-3.982962 -1.256269
-2.812437 0.999148
-5.576837 1.250763
-9.272533 2.487920
-10.640446 -0.433486
-9.883899 0.186748
-4.712523 1.222014
-3.009276 0.315201
-2.248253 0.135655
-3.431675 -0.075845
-7.592890 4.527481
-8.601704 3.996466
-8.170629 3.334442
-12.892870 0.735510
-10.263972 0.283554
-13.413589 -0.691734
-10.784228 -5.111045
-7.916469 -4.039539
-7.043364 -5.686101
-3.720397 -3.668390
-3.806016 0.362574
-4.497956 0.267331
-7.721312 1.603662
-8.205095 1.742795
-8.279771 2.641189
-8.081371 2.961737
-7.490933 1.669735
-7.569863 1.110078
-8.661835 1.222805
-9.577509 3.144608
-4.033264 1.237455
-3.231210 1.056891
-3.829901 0.489224
-3.441223 -0.384950
-4.131870 -1.769420
-3.185598 -5.166299
-3.001295 -4.135226
-4.247663 -1.150708
-4.033126 -1.783426
-2.327093 -3.653207
-4.388506 -2.417987
-4.175464 -0.724093
-2.784284 0.510530
-2.648179 -0.206955
-1.263817 0.228925
-4.333558 -0.162848
-4.035573 -1.647364
-3.682512 -3.659334
-5.456099 -4.158075
-8.894072 -5.093467
-9.357160 -4.639606
-7.327024 -5.350573
-8.218916 -5.508547
-4.868958 -4.511491
-4.920847 -4.726766
-9.490716 -4.912047
-10.176259 -3.720923
-10.537666 -1.134963
-12.034190 0.760097
-10.238140 0.961022
-10.029078 1.805561
-8.038790 1.945644
-11.285471 4.426445
-10.115499 -0.417038
-10.667454 1.805885
-9.180090 2.347109
-6.939210 1.309506
-4.403625 0.798068
-3.869614 -0.780585
-4.548694 0.128589
-3.873281 0.504526
-8.414528 -5.658767
-8.563983 -5.945215
-11.018623 -5.456784
-7.555416 -3.925823
-11.825813 -4.672570
-9.625846 1.787597
-9.641212 -2.053674
-10.327114 -7.540895
-11.008501 -6.150283
-7.185346 -5.324761
-5.353087 -3.934472
-4.209973 -0.902183
-3.809287 1.235134
-3.338322 -0.998496
-3.145787 -2.357854
-3.638856 0.388264
-3.817432 -0.977819
-6.027534 1.141850
-6.485572 1.140207
-7.681135 1.366129
-3.620700 0.764416
-6.055462 -4.322468
-6.033978 -6.488719
-5.081626 -6.247704
-7.091962 -6.370195
-8.822333 -3.987360
-10.684776 -5.917526
-6.527029 -4.727919
-4.510520 -0.884153
-4.276466 -0.627481
-2.921719 0.128543
-4.378539 -0.921620
-4.575616 -4.170890
-4.519411 -6.000991
-5.540742 1.140226
-4.309437 0.186352
-1.034149 -0.177112
-3.994177 0.991984
-4.151123 0.548730
-3.639108 0.807021
-3.721588 -0.045362
-0.593411 1.247037
-1.305869 1.266870
-0.872357 3.306166
-1.208865 3.577617
-0.901298 4.987645
-1.096020 2.248976
-0.913107 0.528325
-5.331365 1.238278
-4.198266 0.834015
-2.422256 -0.906886
-2.403146 1.399884
-2.553327 1.014429
-3.023013 1.169790
-4.221825 0.094699
-3.488647 -0.057613
-3.539316 0.169122
-3.066305 0.434863
-1.948315 2.063365
-2.338734 3.694848
-2.530943 0.258371
-3.654032 0.660041
-3.134975 0.440343
-3.596553 -0.227257
-3.980597 -1.428855
-3.902133 -0.252579
-2.581233 -2.448417
-3.150592 -0.760572
-5.978539 1.140122
-6.299741 1.185724
-4.598404 1.144052
-3.574085 -0.689983
-4.460185 -2.618488
-7.650066 -4.285622
-9.221949 -4.816174
-8.245507 -5.201597
-10.940655 -2.121947
-12.313720 -1.025919
-10.738354 -2.244181
-9.621228 -2.179611
-9.685498 -2.895998
-11.187848 0.029207
-8.657199 3.375321
-7.754075 1.625657
-10.529288 2.612071
-8.425556 2.438437
-7.862258 3.456728
-8.896046 2.865715
-8.820962 1.626538
-6.551049 -6.199509
-7.917417 -4.029678
-8.655104 -6.792902
-7.273203 -6.111905
-8.438406 3.121064
-7.642185 1.377093
-3.934302 0.840896
-3.951086 0.944117
-1.889678 0.377102
-2.510454 1.203952
-1.345724 2.473978
-1.682437 1.816150
-2.602204 0.715821
-4.456991 1.119001
-5.996175 1.162067
-6.907939 1.252682
-4.368351 -0.222343
-1.734151 -0.716319
-4.210918 0.302799
-4.206738 0.543421
-3.710310 -1.294424
-4.239274 0.122700
-3.356696 -0.513129
-4.254785 -1.330430
-4.357856 1.026185
-4.072692 -2.211594
-2.826555 -0.598478
-4.444901 -1.557120
-4.280157 0.074834
-2.235587 -0.521474
-4.026939 0.888381
-4.182874 0.041567
-1.786599 0.732260
-2.052288 0.082679
-0.407063 1.128124
-4.947660 1.185240
-2.457819 0.894399
-3.366605 0.063575
-1.884080 -0.334398
-2.407991 -0.151283
-2.626956 0.664667
-1.883081 0.084065
-2.220726 2.649554
-2.058727 3.104672
-1.888210 4.094905
-1.614817 5.131447
-2.395966 4.892147
-2.069124 5.622137
-4.133814 6.829849
-4.968169 6.438128
-4.240707 7.886436
-6.497339 7.243926
-7.110783 8.519567
-7.634883 3.623918
-8.641408 1.130681
-7.876789 2.171781
-5.361214 -3.917939
-5.796958 -7.137078
-5.299978 -5.954416
-5.852198 -4.121939
-0.938830 2.151789
-2.401254 2.935082
-2.427820 3.759340
-2.331604 4.031140
-1.552696 2.472991
-1.905725 3.777865
0.578477 4.539683
-2.269459 5.163012
-2.024541 7.570124
-4.083368 6.814091
-6.289402 7.046110
-3.441216 6.649482
-4.226738 7.249488
-2.745772 7.988755
-4.488216 6.889317
-1.904688 6.292090
-2.477507 6.244360
-2.293380 5.039005
-1.662762 7.291234
-2.942182 8.513968
-3.764017 9.394979
-5.505724 8.322759
-4.370231 7.680278
-4.416179 7.812994
-4.785814 6.983086
-7.321496 6.362455
-4.681739 6.784625
-4.505729 6.681713
-2.898417 8.441561
-1.985746 4.892906
-1.883449 3.965472
-1.404791 2.155910
-2.760096 0.914141
0.411619 2.555860
-2.438655 2.828238
-1.575713 3.616942
-1.756070 2.484380
-1.937420 0.946621
-3.984480 0.974995
-3.017586 0.664921
-3.289703 -0.519586
-4.011685 -0.436216
-2.826478 -0.884007
-8.300146 2.910768
-8.940511 1.907429
-9.399267 2.924011
-8.758489 2.688131
-7.519318 4.203818
-8.706482 2.233267
-8.715659 2.554980
-10.058567 2.145579
-7.675419 3.472951
-5.857699 1.180385
-6.608486 1.227887
-8.393835 3.098247
-7.878915 3.295399
-6.243397 1.290841
-2.314704 1.180968
-1.434970 1.224135
-2.810554 1.055562
-2.850099 -0.507828
-2.426473 -0.186964
-4.248999 0.780561
-3.679355 -1.243454
-4.286112 -1.104418
-3.977563 -0.932013
-4.291287 0.376206
-4.191583 0.471664
-3.132607 -1.545363
-2.439996 -1.345235
-3.704708 -3.507706
-3.616042 -3.224174
-3.296485 -3.583528
-2.915357 -1.008146
-3.686737 -0.136738
-2.391717 -2.693793
-3.254131 -1.379008
-2.962756 -1.937060
-2.714381 -5.169225
-6.941833 -4.208379
-1.982832 -5.664236
