-10.871875 3.060853
-8.982216 2.143791
-9.382870 1.910587
-13.571320 -0.311169
-9.728958 -4.363887
-8.903649 -5.617062
-8.067742 -5.352305
-5.247173 -4.102846
-3.800203 -4.179309
-3.138190 -3.000316
-3.775972 -4.427459
-3.551097 -2.916240
-4.231490 -3.252704
-4.573205 0.355423
-4.525634 -6.955997
3.736288 -6.713539
6.580518 -8.985565
9.008514 -12.980155
12.306042 -13.291533
7.873657 -14.534465
7.628412 -10.554604
9.171308 -11.441802
5.386814 -8.541805
7.607919 -9.815331
8.661539 -8.680357
7.798626 -4.360151
7.192836 -8.221292
7.187183 -9.127105
7.472801 -8.241346
5.066876 -11.035767
13.310299 -16.625231
13.042572 -15.720718
7.976630 -11.769744
8.545089 -10.071713
8.711387 -11.089274
7.801908 -10.644284
3.937705 -10.377986
8.662647 -4.357525
9.055696 -8.705356
8.220621 -9.293071
7.787522 -13.426055
11.736517 -15.985652
9.272535 -12.987857
6.109215 -9.988888
11.336944 -5.120918
10.039189 -7.722286
10.101619 -4.435567
6.982963 -10.703004
5.087232 -10.009853
7.931536 -8.537944
6.924843 -10.010800
5.629584 -6.629950
6.195348 -9.458460
7.957088 -9.270806
7.679945 -9.887211
10.500050 -4.941306
8.267568 -10.070168
7.419939 -12.162801
11.117277 -14.081454
14.807501 -13.826636
14.578186 -12.331650
