-16.719202 18.687374
-9.977859 9.922757
-8.347668 9.006974
-10.667192 9.638096
-7.375994 8.908539
-7.032811 7.277810
-6.993363 6.506413
-7.951608 6.593000
-7.287221 7.898164
-6.965028 7.064981
-6.075378 7.063474
-5.518918 11.298250
-8.705842 8.764869
-9.295987 9.527118
-6.120153 8.587176
-7.529066 7.368816
-5.421599 7.321668
-5.178138 8.153003
-6.414984 7.868392
-7.516602 9.086971
-8.134826 9.357564
-4.905622 7.615060
-4.191003 8.172356
-7.121130 7.861142
-5.101687 6.937293
-7.732090 7.794360
-5.430560 8.250055
-5.560162 7.892592
-6.564826 7.006167
-5.641365 6.383811
-6.098819 7.291206
-4.140127 6.773979
-5.786046 6.554826
-7.459986 8.935426
-7.370383 6.745823
-8.531047 8.544579
-10.762126 11.619769
-10.811466 8.776121
-15.244950 7.869466
-13.229483 4.621923
-16.868851 1.500054
-10.352075 -0.128071
-10.286924 2.701098
-9.804319 -0.682106
-8.301353 2.689590
-8.714118 2.505961
-8.547388 3.060848
-8.883149 3.242700
-10.535135 -2.555954
-6.634719 -1.448103
-5.961721 -1.343813
-5.540374 0.479003
-4.910031 -0.328349
-2.773745 0.207736
-1.592942 1.514071
-2.357571 1.814551
0.116048 2.245373
-1.784140 3.578101
-2.288557 1.331141
-2.446702 3.000620
-0.687443 1.930093
-3.422835 0.316320
-3.891830 -0.177806
-4.827297 -0.128290
-3.977160 0.787585
-6.224649 -0.421184
-13.040895 2.619817
-14.096364 2.717514
-13.669085 6.732245
-15.581430 7.378455
-10.216955 3.366673
-6.382010 6.887920
-5.163888 6.978970
-5.807351 6.554569
-1.621405 3.652034
-0.835376 2.060648
-1.783319 3.603295
-1.912755 5.573110
-3.045844 7.149252
-8.252806 9.701624
-6.886112 8.442958
-5.251420 7.141504
-3.634130 9.558497
-6.801419 7.896153
-9.014980 9.882483
-9.942284 8.767472
-12.457282 9.655373
-9.139407 9.562058
-14.626911 9.354110
-13.203866 7.046449
-13.523368 13.333028
-7.772623 9.505687
-5.039665 9.036466
-5.274069 6.396412
-7.276518 6.955038
-4.532223 6.709132
-4.718105 6.326127
-5.293708 6.382465
-3.998287 6.506291
-5.339465 6.375028
-6.298974 6.597925
-6.361438 8.924535
-2.061413 6.199238
-1.598704 7.609191
-2.387360 0.614285
-3.019814 0.224907
-4.329964 -1.768796
-8.854980 1.167920
-9.140539 2.648322
-8.427800 1.735156
-8.404746 2.195531
-10.745137 3.346972
-6.888870 6.647426
-2.290226 6.545265
-4.520578 7.003244
-3.913471 6.437215
-4.521270 6.426599
-4.317093 6.459139
-3.501970 6.881560
-1.433152 5.679499
-1.721717 5.403165
-1.641203 3.840650
-1.591060 2.955847
-1.191078 1.257657
-7.283592 -0.005057
-4.464511 0.300019
-6.824304 0.823216
-9.189526 2.253860
-9.240137 1.111391
-9.428837 2.616155
-7.806396 6.869388
-7.443080 6.894691
-8.202322 10.187858
-12.711484 10.370466
-10.758461 8.877651
-8.937468 10.886455
-5.287409 6.655116
-5.747458 7.903746
-8.870116 8.765758
-7.407444 10.343238
-7.238902 7.422608
-6.141937 8.817836
-5.854947 8.094551
-7.444852 7.011624
-4.362900 9.459645
-4.203551 7.046923
-1.902332 4.617971
-2.067646 4.507410
0.530082 1.046259
-0.260170 0.622417
-1.484857 2.071545
-2.432690 0.730303
-2.469853 2.580006
-2.991930 6.540233
-3.437181 8.432329
-5.344431 9.136697
-6.241978 8.030866
-3.733389 6.942756
-4.610752 7.394990
-6.772048 8.536737
-5.406936 9.645792
-7.122358 6.441089
-7.790241 6.374838
-6.886510 6.562780
-7.095631 7.575130
-7.738846 6.204877
-4.552533 7.778555
-5.792453 6.519950
-7.311832 7.292026
-6.878034 8.211287
-6.993518 6.905258
-5.431375 7.966480
-6.985864 6.630071
-10.861439 2.911839
-11.410133 -1.439429
-14.596972 3.913131
-13.348730 7.563124
-11.983990 2.055270
-10.679819 1.461565
-12.610427 -0.621009
-13.192270 5.605818
-13.062332 6.785758
-15.274083 2.831849
-12.016548 1.842556
-10.688063 -1.527264
-13.332403 1.328000
-11.094179 3.091652
-9.021205 3.069545
-10.609426 3.410418
-11.658225 1.871871
-10.816221 -1.314488
-11.748941 2.014027
-15.712433 5.042161
-13.026851 4.856514
-13.003959 7.352043
-13.415674 5.329100
-10.955809 3.491674
-7.969770 0.304152
-4.879241 0.409704
-4.768894 0.887905
-10.678509 0.908079
-9.686850 2.282288
-7.021339 -0.588303
-8.146295 -1.428282
-7.204715 8.178475
-4.135305 9.334599
-6.425975 8.592071
-6.331532 7.733752
-9.200521 10.852195
-5.398311 10.859025
-8.295444 8.601260
-11.784054 9.259725
-10.428134 1.933150
-10.068552 2.629089
-11.345328 3.440444
-11.387004 2.428213
-8.613010 3.344576
-8.873629 10.385669
-6.427380 9.625371
-7.464210 6.914921
-5.937221 6.334610
-12.706342 3.244730
-10.353432 -2.271048
-9.398319 2.608902
-8.702225 2.863180
-6.645775 7.003995
-6.298095 6.657013
-7.029454 6.496407
-5.151206 0.933729
-2.297444 0.653409
-3.141705 -0.441465
-8.960476 1.038428
-9.376022 0.618768
-10.416516 1.446963
-10.557019 1.671374
-8.709196 3.142885
-11.808895 2.456113
-8.581648 -2.962574
-6.817709 0.552902
-15.643570 6.340273
-13.498735 5.187501
-16.174341 10.553889
-10.920828 9.156778
-10.875890 9.165271
-15.434936 9.674027
-14.931611 7.410691
-13.327971 7.097284
-18.669546 1.348337
-8.687169 0.995750
-8.826840 3.302146
-8.388695 1.890001
-11.079623 3.149440
-11.588686 3.224916
-9.134079 2.182281
-1.912425 1.136012
-2.004509 2.999279
-1.725148 3.032268
-2.247535 2.806501
-8.438992 2.397847
-6.474298 6.795102
-5.920482 7.350736
-7.803369 7.550689
-7.914212 6.913633
-7.503680 6.383868
-7.013735 6.891042
-6.485391 7.921143
-7.894566 8.587594
-6.375019 8.155512
-6.263878 7.247458
-7.899270 9.743992
-9.340959 10.387315
-9.068945 12.399570
-6.470638 7.746769
-7.467286 7.855433
-5.072141 -0.008763
-5.961626 -0.424763
-9.460819 3.234351
-8.248726 1.377007
-9.786974 3.173549
-8.748125 3.185427
-11.250626 2.565333
-6.458265 7.053286
-5.125833 7.696218
-6.457345 7.283193
-9.086196 9.813600
-6.795187 9.727851
-5.626767 8.643817
-7.833017 8.048683
-7.829261 6.996244
-7.281062 8.947246
-6.628117 7.341579
-6.169571 6.928472
-3.534708 8.873407
-12.457720 11.442827
-2.051645 6.831501
-7.461724 8.148211
-7.750443 7.933987
-6.327812 7.419631
-5.938291 6.994450
-5.168025 6.634059
-6.208899 7.151524
-6.114064 6.346373
-6.016518 6.321882
-7.275378 7.254300
-8.273352 3.157649
-10.778130 3.039615
-9.221204 2.731671
-9.383990 3.367787
-9.571264 3.449269
-11.115950 2.982738
-16.125889 0.466119
-12.991924 -1.796414
-13.791603 5.558067
-17.525879 3.984296
-14.396186 2.240347
-16.451019 3.059606
-14.047359 8.214805
-14.311102 10.871821
-9.556911 8.581832
-7.351912 7.974363
-4.678287 6.722877
-5.507549 6.721872
-6.341493 8.488275
-1.945440 5.081357
-6.075411 6.686333
-6.184793 6.484407
-6.441934 8.218926
-7.319780 8.025156
-6.656895 6.829509
-10.425511 8.824215
-10.487205 8.557438
-7.440091 6.489510
-12.870213 10.696999
-9.171733 9.984779
-10.812361 8.503402
-6.702678 9.804136
-7.239013 7.019237
-7.820956 7.192545
-5.499504 9.004861
-8.247361 8.944074
-6.678111 10.503284
-6.869795 8.134507
-1.931986 5.749338
-1.949661 7.802034
-11.118068 3.093796
-12.129360 9.202025
-12.999321 9.183293
-13.253159 10.075311
-6.046893 7.656424
-6.064587 6.729089
-4.700210 6.801784
-6.781214 8.138081
-7.113606 8.713315
-12.612850 9.880067
-13.941441 10.245735
-12.411928 11.913800
-4.343167 7.952304
-6.081896 7.089757
-13.068136 6.396201
-6.495340 6.454792
-4.934612 7.844965
-6.017240 7.082498
-6.239183 7.177224
-4.233467 6.540183
-5.435925 7.005592
-5.517141 8.332296
-6.777699 6.484820
-4.137624 7.107097
-8.260538 9.442329
-11.090691 8.820884
-10.746647 10.259193
-8.911603 9.879775
-9.404303 9.687720
-5.123820 6.850085
-7.596241 8.302978
-7.661449 8.643399
-5.519711 6.749884
-6.321896 8.457130
-7.471521 11.235016
-12.155563 9.122318
-9.987761 10.033892
-5.680488 6.765181
-5.056553 6.522633
-12.524109 3.441296
-13.475393 3.551355
-14.479062 -0.267279
-13.518319 2.960598
-9.414905 3.180322
-7.087049 7.055149
-6.563013 6.414959
-4.485128 6.603301
-1.601876 3.173129
-2.290914 4.683352
-1.381940 4.011548
-2.366201 4.858431
-2.271682 2.200147
-1.958384 4.998040
-2.375513 4.081170
-2.018489 4.457116
1.420697 5.559571
-0.280247 2.236792
-1.995669 2.794889
-1.793871 2.530833
-1.402250 3.637270
-4.844498 6.530837
-6.625819 6.719375
-2.486557 6.323394
-3.961979 7.268444
-9.256584 10.160954
-6.695697 8.807326
-7.003985 6.959112
-7.020188 8.204284
-5.511354 6.946731
-7.254732 6.336027
-7.915355 6.768064
-5.953310 7.274670
-3.746007 6.943784
-3.923247 6.998690
-3.226269 6.521952
-3.246561 6.701651
-5.915574 7.107342
-9.248479 9.474281
-12.429918 9.286135
-13.462925 8.034092
-12.160378 10.679221
-6.629966 9.457705
-4.672470 7.475458
-7.526077 9.303584
-7.561613 6.189189
-6.099884 8.926855
-7.185618 8.857939
-7.182916 6.767016
-7.731102 8.845887
-7.319809 9.213202
-5.902748 6.437204
-7.425733 6.349736
-3.292411 8.783051
-3.981723 7.978833
-7.356803 6.800587
-13.549641 5.775342
-14.400932 3.021136
-9.955976 1.368110
-8.667485 1.326635
-1.370819 1.845504
-2.474856 5.256801
-6.553617 6.670534
-5.939590 7.013442
-6.537921 7.647424
-6.896149 8.258032
-7.041048 8.020173
-8.584510 3.138648
-11.573644 2.972030
-9.739532 3.172882
-9.041162 2.450306
-8.729099 -1.432482
-7.498859 -2.057847
-7.854273 -0.367422
-5.053682 -0.936943
-4.969490 -1.682891
-0.245619 -0.184608
-1.398857 2.916726
-2.397975 5.655936
-5.242362 6.676399
-4.125658 8.055741
-7.172265 8.062442
-4.693493 7.689703
-4.550828 6.674874
-5.464624 8.187935
-5.129610 6.891616
-6.543196 7.717675
-6.611937 8.355577
-7.090716 8.258574
-6.396398 7.730042
-7.933636 8.718787
-6.255846 7.218562
-5.367532 6.826143
-4.345617 8.223194
-3.195792 6.781786
-3.891411 6.785414
-3.022455 7.666489
-5.812500 6.409835
-4.501255 6.400769
-3.020850 6.643255
-3.460432 6.979965
-6.254691 8.908936
-7.235838 7.578722
-6.996521 7.452713
-6.823315 9.147318
-6.185122 7.853578
-2.598275 7.213579
-0.563288 6.388038
-3.031050 1.188411
-3.164278 -0.883745
-5.900706 -0.884901
-5.446494 0.088984
-9.292080 1.041545
-8.677562 -1.184525
-6.156961 -0.154389
-6.453025 -0.090686
-6.719419 -3.648070
-8.440535 1.303325
-8.258478 2.947775
-16.121620 1.864146
-15.262386 -0.006929
-9.043159 2.790503
-8.958652 3.059384
-10.596286 1.188974
-2.980102 -1.048293
-4.033998 -1.330259
-5.497824 -1.075985
-7.817309 0.694583
-7.031047 0.846218
-4.421670 -0.095056
-4.799697 0.009371
-7.100350 -1.267677
-8.079488 -1.777250
-8.423559 2.657339
-12.364821 3.215172
-11.533474 0.446650
-7.778226 0.745618
-5.720859 -8.893183
-8.367598 -11.849063
-10.608473 -18.848146
