13.481640 16.781689
10.821592 12.809661
9.496396 8.836392
9.112308 8.826994
10.318905 9.260602
9.354130 8.303549
9.852427 5.808016
9.382732 1.618811
10.252893 2.104431
7.958693 2.266121
9.297010 2.918302
10.045801 3.453365
6.555074 4.651882
9.483750 9.396088
7.293228 7.361921
8.412138 3.210128
8.414562 8.322616
9.789335 6.456903
9.166627 6.535385
8.033929 7.459556
9.357872 6.219751
6.520968 1.747106
11.233005 2.725029
13.716265 3.735478
18.824646 2.409051
15.087249 7.278190
15.729156 6.840565
19.061758 0.901641
14.139665 2.803210
13.432337 2.624969
12.072548 0.252591
10.455886 -0.887616
9.431498 0.069797
13.681239 3.761162
15.173950 -0.693139
11.582179 1.345955
11.301435 2.586450
12.479130 0.814679
11.934868 2.692119
14.420415 1.566860
10.400579 2.926872
10.691066 1.316117
6.764483 3.189788
9.756474 4.779275
9.420023 4.371356
9.807920 3.428647
10.303778 3.447332
7.852116 3.454548
8.624139 4.350516
7.600346 8.379283
8.892965 6.915907
9.954406 9.316175
12.912813 9.461929
9.446603 5.163630
8.223675 5.218812
9.003524 6.667370
14.853628 8.477256
17.967667 7.742630
10.558172 11.985679
13.152254 9.364560
11.722134 3.231773
7.828203 6.569952
9.069818 3.291755
9.201694 5.148912
7.932156 5.321018
9.683594 7.387807
7.430980 -0.345695
10.843203 3.349147
12.719660 3.342203
11.095273 2.664012
12.369601 3.179603
9.539358 7.262496
13.947519 10.837732
14.637466 10.425704
16.143091 5.321179
12.140671 8.874780
10.639741 10.470830
14.780416 9.441094
13.674099 14.717775
12.686659 12.034634
18.246378 13.632657
16.759102 11.713493
16.593628 5.832448
14.973351 5.590315
15.243111 6.551966
18.479420 3.756199
18.271318 10.429342
13.939765 10.499084
13.751046 9.064146
11.962996 8.858804
11.276251 9.107625
11.366001 10.597233
16.369442 10.594806
13.429272 9.818114
11.180493 9.608218
7.729710 11.979738
9.677910 8.180449
9.624284 6.054768
9.511570 8.180277
9.760288 5.611047
7.789120 3.937728
9.544659 3.693184
11.035742 2.196233
10.452122 1.040561
9.431715 -0.789800
9.510080 -7.371058
10.056878 -10.791989
10.458058 -12.581450
