17.109844 10.336931
11.623293 10.880484
9.980595 13.668680
4.977195 11.834314
5.611560 8.220868
4.139907 6.359499
5.811927 6.515368
5.793881 3.519979
8.912228 4.375501
9.489475 5.157475
6.602268 2.438541
6.050620 4.343963
7.639008 2.231037
7.482795 4.898340
9.098498 2.032016
8.263208 3.599816
6.581457 2.844179
7.109503 2.599478
7.872535 2.248719
8.271297 1.759260
5.044766 0.495538
6.911690 1.282305
8.800711 -0.011073
7.388282 2.248589
4.926315 -0.654247
4.526553 -0.110502
8.027461 1.474679
14.521172 0.046213
14.133706 -0.649819
17.079622 -3.250380
15.754112 3.029265
15.655253 2.559023
14.758901 2.682239
15.047220 2.863335
14.693096 -1.871446
12.078382 -2.554180
15.216175 -9.115597
16.710260 -0.765136
10.453205 3.501657
5.832819 0.650282
5.138601 -0.125449
7.915562 2.064339
8.844544 2.073875
8.940666 0.025821
6.675511 0.632254
3.339278 0.450855
4.686130 0.583614
16.214558 4.827909
15.541883 0.161703
15.335543 -1.767005
15.757871 8.461648
14.660740 1.233238
10.058558 3.753040
10.623124 3.735706
10.625261 3.611069
13.027469 3.790478
10.137430 3.531472
12.036232 3.483858
4.568826 4.229930
8.783249 4.299938
9.626259 3.507700
6.346034 5.141301
9.165849 5.184027
6.409817 7.231783
8.506605 4.946551
6.024824 5.586327
5.882374 7.050157
6.855227 5.506346
9.635687 5.468150
14.249552 2.534862
17.908070 2.955817
15.262417 0.969189
8.595311 2.568336
7.166227 3.507392
9.621571 4.425948
8.042335 1.471159
9.840653 5.215821
8.583853 3.341268
8.931101 2.487227
8.918514 5.625291
8.380172 4.905081
4.743692 4.637012
7.887329 5.416265
9.505253 4.058541
8.954739 4.047976
5.558114 5.266410
6.329765 5.675054
4.578294 4.386780
5.979784 7.797461
2.062489 9.456288
4.278864 9.549807
6.504785 7.730405
7.789360 4.392958
4.540339 4.792165
6.179185 6.320396
7.403976 10.678463
9.760953 10.932246
4.298086 13.324268
4.909085 9.784033
4.070697 9.311247
6.196901 7.526990
4.870405 10.154990
4.964586 5.871145
7.796979 4.879023
4.972831 5.968220
5.717296 3.721789
7.867218 2.075536
7.849199 2.406485
8.551295 4.325182
8.383485 1.192232
7.888751 1.196526
8.625935 4.020691
8.822701 1.861591
8.408867 0.448158
8.105343 4.637885
6.265084 4.949346
8.102769 5.367556
9.728973 4.597525
8.968547 3.929024
8.991713 2.306803
8.756039 0.607939
7.192589 3.909585
8.119278 5.405817
7.750100 2.986372
4.940691 0.789324
8.204967 3.043235
8.961941 0.156675
8.734120 2.030861
8.943485 1.405516
8.734955 3.151913
11.140369 -2.392446
5.354656 -0.472611
5.582727 -9.655198
10.769490 -5.078494
7.834379 -8.598113
4.083153 -5.946281
4.907879 -2.007008
8.684519 0.814471
8.166431 1.056456
7.221885 1.038649
5.542109 0.060805
5.516585 1.149938
8.539122 3.503951
9.611947 3.478034
5.747303 3.630408
8.043756 4.487245
8.777376 1.544301
8.221292 2.449066
8.422119 3.182141
6.752723 1.142053
8.754080 -0.172782
9.078030 0.938789
6.997925 2.921976
12.013159 3.691504
18.741764 2.854404
15.706511 1.068186
17.279289 7.372763
16.736231 4.123985
15.142049 2.193887
8.957300 2.115206
8.569445 2.209629
9.310070 4.843284
6.311505 11.135783
4.557726 5.577395
6.449846 3.127408
4.692881 5.221741
6.571955 4.506872
5.347027 3.268532
6.513807 2.026961
10.922903 3.637607
8.919411 3.852478
12.809339 3.512841
10.296695 3.550743
8.704496 1.379773
7.969043 2.588161
9.054193 4.584915
9.686987 5.352830
13.131144 10.891302
15.264005 7.855120
15.633927 5.294984
17.351467 0.627161
17.853909 2.574282
14.506912 3.218880
13.987431 11.045407
12.670853 8.934758
9.854781 3.416984
9.283292 3.515978
13.993684 12.138560
12.565745 11.143312
12.452934 10.180955
10.308870 12.286627
6.601907 11.726127
5.191212 9.650706
8.403034 12.063215
4.295757 12.117498
5.509166 6.171620
6.519462 13.446067
9.774078 11.814039
11.044926 15.122312
9.694065 11.405578
13.456703 12.452453
2.779617 9.647664
3.989885 9.945858
6.428760 8.522332
14.405731 9.430115
8.678970 11.030735
7.455385 3.089498
11.630095 3.431537
8.801792 3.245711
7.581111 1.934279
9.063812 5.615538
7.673010 3.161622
8.427357 0.685665
10.603763 3.616105
9.734234 3.493842
8.463249 4.884904
6.258699 4.122967
8.254475 3.093997
9.597824 4.093193
9.651776 4.446209
9.596528 3.594847
7.555597 3.833697
7.066575 1.898499
7.107828 3.061095
8.364262 2.695253
15.092613 4.140021
16.481636 1.570750
14.165161 1.221310
6.670739 1.042418
8.190024 2.352655
8.904568 0.508669
14.481959 1.770949
15.581228 -1.342312
14.137635 1.394165
15.897145 4.901876
14.948932 1.829965
14.388090 1.914149
14.770429 -2.979920
11.513014 -2.620786
9.476335 4.637290
6.458150 4.788900
9.267427 5.425070
8.916585 5.599473
8.729889 0.962627
15.243887 1.886053
10.037251 3.521704
8.696159 4.047216
11.732698 3.435377
9.556738 3.584205
9.472261 3.881677
9.983756 3.444345
10.668484 3.626698
9.017244 3.177599
8.337597 4.228624
9.758583 4.922808
18.397207 4.406724
15.851242 6.903995
8.502297 5.205869
9.076474 2.323503
12.315029 3.645849
13.360227 3.770829
15.683607 3.185889
15.692451 7.432978
14.720392 10.292458
15.197669 5.051690
15.116510 4.354765
15.049066 5.200247
6.370321 0.492088
8.131542 1.744658
11.710069 14.338304
5.355714 11.595778
5.324682 9.733412
5.146027 5.285017
7.880934 3.640333
8.217718 3.268620
8.748735 2.936958
8.127175 1.715146
8.959574 2.409983
7.747302 2.606114
7.545307 2.060391
7.295982 2.552295
6.803621 2.436759
8.739360 1.739390
11.856716 -4.950447
12.211508 -3.135023
8.346524 4.399676
8.070364 3.522813
12.286327 3.692384
6.339398 2.270601
6.698239 5.370095
6.825411 2.289845
8.827991 0.608415
7.572277 0.524998
8.470188 2.934031
6.673395 1.384803
9.079197 2.889021
14.861429 3.614919
15.359050 0.826472
6.295548 6.469176
6.412261 2.533661
8.926623 2.370375
9.625700 3.439649
9.323151 4.118497
7.978934 2.182418
8.608447 0.234622
8.450804 1.159010
8.056638 3.285162
8.886228 4.439896
8.597507 2.448914
9.975264 3.465585
8.639093 4.132694
8.599249 4.829445
8.261702 4.940319
9.816151 4.729038
9.119623 11.914953
8.049992 10.901259
5.924086 9.541565
3.031658 9.567719
7.220654 11.036427
7.225940 5.242304
5.266027 5.916590
8.214725 4.994267
8.044344 1.230697
4.498774 -0.534529
2.268885 -0.521233
3.588193 -1.809307
10.589199 -2.068335
8.714272 2.346791
9.555984 3.925657
9.820726 5.098539
10.216526 3.638353
8.911793 3.559175
11.396395 3.449911
14.543289 3.444390
13.530149 3.632355
16.970438 11.422832
14.971912 6.636236
15.063315 2.498409
15.031837 4.607631
16.128416 6.239499
8.411381 4.464062
8.866522 5.349628
9.235342 4.562789
6.936696 3.977786
6.014520 4.664059
7.819418 3.942113
10.160610 3.695553
6.406514 1.220727
4.542747 -1.175233
8.760992 2.026389
8.792585 1.933010
8.379873 1.732066
9.035187 3.992722
8.757307 2.753296
9.096891 1.860630
7.038522 2.476165
8.863482 4.078058
9.992869 3.666260
10.585783 3.571906
9.437994 3.425718
4.771664 3.400796
9.524914 5.016754
9.828602 4.727991
8.466019 4.347686
6.249796 2.099892
6.762010 4.788705
9.233828 5.142118
9.054668 4.881613
9.687656 3.973368
15.144692 4.653726
9.795556 5.612275
9.070233 3.179406
5.571497 5.004341
13.270846 3.605789
6.116517 2.543191
6.657156 2.706464
8.580856 4.317606
12.620047 9.249679
6.254679 10.258618
7.069518 11.766304
4.668746 8.691400
7.505977 4.828850
8.878515 5.341958
9.286785 5.348242
9.592529 5.648653
5.295038 4.559698
6.269387 9.098805
9.619583 5.642806
13.242502 3.573448
7.233565 1.301346
7.662223 3.195602
8.275870 2.472508
14.684438 2.284926
11.154271 3.676140
14.693602 3.138732
8.034425 2.925694
8.665819 3.772904
10.781560 3.756290
10.799007 -2.298440
12.421758 -3.328099
12.639619 -4.844290
14.115431 3.377791
12.471720 3.489318
10.478188 -5.462644
7.695865 -8.093465
8.374807 -10.187546
9.017406 2.315916
8.310590 1.936636
8.663654 3.591373
9.788609 3.538527
11.615011 3.483629
8.701388 4.058251
7.313510 3.916332
8.988817 2.627759
8.546545 4.201097
14.666067 -1.209259
14.664642 0.411060
8.396910 4.733902
8.590898 5.073991
9.566099 5.309181
8.559875 3.850323
6.433042 5.465496
7.541472 4.856660
8.581075 3.107068
8.665260 3.751716
9.065191 4.574154
8.227304 0.974911
8.540920 2.694504
8.837343 0.700613
9.001610 2.567436
8.359440 2.623976
7.450817 -0.126843
12.210121 -3.123765
9.571836 -6.749360
10.965789 -2.462501
11.338250 -5.827406
11.896553 -4.829233
6.493165 0.326190
7.492662 0.297200
8.313013 4.428497
10.057197 3.476849
9.389446 3.671871
14.960605 4.808099
11.540798 10.206849
17.043638 14.065180
12.528287 10.170414
15.084087 -0.663021
15.852735 -0.423066
17.079029 -3.303987
16.938828 11.135962
17.144535 6.732243
16.160494 8.600551
9.068513 3.367472
8.312482 3.594523
7.553702 5.602920
5.081188 4.364711
7.323054 4.772173
5.799038 4.421015
4.520404 7.181048
10.320546 13.151486
4.201053 8.560232
6.162236 4.699940
7.978860 4.264471
9.101557 5.405061
8.631805 5.445568
9.073237 3.889223
9.729038 5.453712
9.575304 4.024261
8.852230 4.249575
8.687773 2.563648
8.653292 3.750856
14.909940 3.568505
18.497473 3.622611
17.178905 7.649638
14.486473 0.458612
14.526184 0.055345
14.821873 2.363862
12.244806 3.767373
15.394073 3.814586
15.135015 3.913405
18.857323 7.908568
19.421520 12.975141
13.505171 10.750615
8.144030 10.947636
9.374337 5.059317
12.440268 8.927501
4.811264 7.298270
4.836782 9.557549
4.598228 10.299929
16.408737 8.867102
11.590199 3.662750
13.311970 3.447671
10.497703 3.675892
7.423029 3.909973
9.773484 4.664980
10.834163 3.772111
6.510763 5.215847
5.896840 3.975712
5.640705 4.359902
10.226219 3.594007
8.878717 3.951688
12.517176 3.738796
12.316086 3.695018
9.216375 3.481015
11.612789 3.494387
11.205527 3.526607
8.582515 2.442833
8.287074 1.911932
8.612632 1.189461
8.834103 3.724477
7.186529 1.579866
6.983447 1.381570
9.107231 4.608082
7.227211 1.223866
6.209373 0.955969
5.861145 1.059085
7.553458 0.867579
6.723989 2.808325
8.713226 2.221859
9.957384 3.445493
5.989671 7.422165
6.633928 4.946362
7.563172 4.060994
10.247807 3.778853
11.908602 10.750113
14.157731 10.689337
11.997677 9.170144
11.178555 3.690150
8.686685 1.580980
7.820861 0.288663
11.259826 3.774569
8.291434 4.986835
7.253593 5.647597
7.615263 4.143743
9.372271 5.574091
8.665472 4.138819
9.444450 5.224024
8.469829 2.230064
8.878190 1.413327
7.244214 1.303452
5.394732 4.177557
5.054194 2.132010
7.650945 4.625660
10.766800 3.435449
12.377092 3.781423
9.519691 3.689878
8.865580 3.480874
9.748137 3.505707
6.124185 -0.089362
5.165909 -0.022037
7.206151 2.557591
7.518878 3.061154
7.538899 2.807708
9.398902 5.392873
9.773875 4.235265
9.844370 4.984620
12.521183 9.456463
9.563055 4.516844
5.813733 8.447736
5.983584 6.109692
6.755170 5.540832
6.598391 11.287402
9.386262 10.770697
12.073784 9.075280
14.575979 1.179589
14.881688 1.930707
14.422236 0.174864
16.737396 0.090787
13.255403 -4.159714
12.049619 -1.706520
11.676785 -1.647038
14.402150 1.049567
7.609374 3.731408
8.845069 2.870369
7.501800 3.964412
9.331074 4.963627
9.155958 5.196245
9.506676 5.104864
8.046836 1.623341
8.492498 -0.196431
8.645672 1.391253
8.344761 0.800206
7.979783 1.393069
7.333724 0.505442
5.336970 -0.754246
4.269628 -1.055636
4.621033 -3.816552
5.592431 -7.970653
7.873990 -6.809141
9.778562 -6.410369
13.000793 -2.088441
14.681555 -2.046431
15.966721 0.312035
15.850103 3.638161
14.798323 0.512083
15.310659 0.015090
10.242952 -5.219302
14.610890 -6.191657
11.242329 -1.780284
3.831751 -5.097067
2.793325 -6.900907
6.577141 -7.766239
1.903816 -7.111386
5.111067 -6.732746
7.546244 -7.915947
7.191580 -5.398155
6.224439 -5.873407
2.892671 -9.023908
4.255595 -4.262655
5.217446 -2.488405
4.983278 -4.703939
6.452001 -7.766095
10.743725 -7.151579
8.928408 -7.752667
12.656626 -9.178648
10.941376 -2.665934
10.713757 -1.970749
11.291397 -2.056097
6.219334 -0.046707
8.621830 1.021716
8.011474 0.080035
11.017107 -1.700119
11.282903 -2.238601
7.793678 0.219211
4.560163 0.093334
2.675501 -2.874864
1.794090 -3.972746
4.622569 -1.762994
5.759635 1.006813
7.300696 0.447361
7.182668 1.680616
5.779336 -0.183861
6.676513 0.246404
5.234818 -0.957168
6.078725 0.309810
6.439908 0.032655
8.499376 -0.023773
9.202552 -5.883131
8.847070 -7.687777
11.623293 -5.515984
10.943211 -2.832391
11.307458 -4.716904
13.186714 -4.593883
8.082380 0.867561
6.891631 0.564694
8.703819 -0.169118
4.617979 1.184107
7.324787 1.219960
8.025282 1.095459
8.772707 0.981783
7.421673 2.163035
8.016439 2.526331
6.134755 2.948058
10.697746 3.759276
11.179906 3.535247
8.655563 3.476713
3.755117 -1.080127
3.709739 -3.707044
3.609388 -4.911810
6.084203 -8.106424
6.603468 -8.688953
12.715722 -14.151958
