14.240889 12.164516
11.979188 11.649171
8.931818 11.009562
4.892060 13.002269
6.053032 9.724949
6.517854 8.516161
6.352334 4.935091
9.648363 4.983933
6.574111 4.572012
8.986610 5.115441
8.386024 4.646848
7.020370 1.460304
7.062149 0.362291
7.022957 -0.189931
5.663749 0.926774
5.960583 1.819040
6.420309 0.210360
5.341712 -0.070159
4.869697 -1.561417
4.336237 -3.255711
5.264422 -6.968266
8.009105 -7.911269
11.918938 -6.429241
8.863661 -5.514748
10.464062 -5.280726
8.917782 -5.858657
6.868861 -10.607564
9.196875 -7.764563
10.054542 -7.864912
17.072943 -18.904203
