-1.507520 19.582218
-6.473184 12.664869
-9.795573 9.941506
-6.454186 8.968822
-4.539150 8.680003
-4.654486 6.556763
-6.579569 7.056335
-4.373254 8.962749
-2.675704 6.526109
0.420359 4.151902
-1.650156 4.663980
-0.079581 4.769405
-2.068496 4.740810
-2.307338 3.579066
-1.957856 0.323758
-1.395532 1.750654
-3.122736 0.704828
-3.430084 0.134450
-1.502424 0.197404
-3.257655 -0.692071
-4.274475 -1.709061
-3.825476 0.581702
-2.681761 -2.133246
-4.653098 1.301589
-3.443779 -0.839162
-4.289401 -4.641639
-5.561341 -6.500583
-5.072776 -6.718225
-6.290229 -4.609650
-7.565986 -4.519527
-7.521848 -6.057234
-3.748682 -7.268723
-10.197731 -7.321105
-7.685727 -6.778911
-5.706085 -5.625071
-3.180195 -3.329489
-3.783116 -1.513628
-3.145282 -3.843731
-6.753861 -4.548242
-5.824594 -4.726838
-7.047877 -6.186191
-6.970609 -5.192605
-7.196214 -4.641862
-6.432590 -6.147741
-6.619570 -6.695481
-7.628998 -4.149180
-7.020772 -4.837818
-6.006446 -3.918450
-5.064005 -5.184575
-5.298803 -6.447599
-5.542593 -7.028911
-3.819026 -5.253031
-4.398372 -3.047792
-4.016946 -3.849326
-6.135852 -4.306513
-6.927670 -5.788384
-6.418069 -7.260242
-6.369789 -6.583918
-5.305288 -4.819509
-5.253157 -6.626935
-5.390823 -4.335778
-5.091862 -4.449433
-6.478549 -5.157489
-3.993846 -6.287618
-4.222167 -2.993070
-3.749924 -1.983069
-2.103418 -2.433606
-1.034403 -2.939279
-4.157524 -5.428955
-5.888220 -4.925755
-3.764006 -4.250579
-3.745970 -2.067336
-3.383828 -4.747210
-3.628045 -2.937810
-2.326121 0.951867
-1.814418 1.453567
-2.606902 0.011356
-2.740937 -0.373681
-2.324785 0.912632
-5.026850 1.232347
-7.132895 1.170707
-11.050835 2.523437
-11.677031 3.216274
-7.748031 3.370557
-7.965475 1.529832
-7.765357 2.814266
-12.711332 -1.412977
-11.090108 -1.630189
-11.457165 0.648555
-10.239019 1.987880
-8.517199 1.163432
-8.497834 -6.519417
-9.593497 -5.386850
-9.722883 -4.181795
-10.976938 -1.862635
-9.878765 -0.536199
-9.653505 0.136385
-10.656220 -1.285860
-9.027750 2.090401
-9.306190 2.823755
-7.904952 2.744599
-7.878537 4.395395
-7.487259 7.329326
-5.825498 8.152148
-5.028675 7.910522
-5.877510 8.033778
-5.918938 7.608091
-4.849371 7.363372
-5.853617 7.946889
-3.706818 8.800707
-6.267587 7.357481
-7.716843 7.456684
-5.754943 6.637630
-5.348340 7.176792
-6.080485 8.414790
-7.537408 5.816343
-7.903433 3.922820
-7.833909 5.207138
-7.654141 5.987594
-6.729670 7.958179
-7.471669 7.234726
-10.052058 2.935867
-7.865070 7.900160
-7.530748 8.606491
-8.918623 9.688807
-10.960136 10.066365
-5.855778 8.803982
-7.916585 7.745495
-7.545812 4.609999
-7.945093 5.177192
-7.801063 2.448845
-9.492826 2.569492
-7.725409 5.236182
-13.885016 3.547818
-14.965697 2.695583
-9.412404 2.533151
-12.365013 2.852868
-13.847501 3.596958
-9.069014 8.695190
-5.624813 8.431067
-5.063011 9.107265
-3.556654 6.522459
-6.635953 7.297068
-7.637496 7.188551
-5.895405 8.323155
-4.745131 6.992653
-7.748254 5.967942
-13.191778 8.507180
-12.099098 9.049047
-7.530198 3.916000
-8.928171 2.267530
-8.661653 3.094147
-8.749583 2.481810
-6.818965 6.340797
-7.038402 6.535536
-6.249471 7.806922
-6.664068 7.325120
-2.622157 7.862026
-6.066052 6.666113
-7.762011 8.646026
-8.856366 8.774359
-10.059296 8.612757
-7.440566 9.184499
-5.048987 7.213150
-4.158845 6.890437
-7.470843 8.764354
-11.437862 9.777943
-5.487800 8.091840
-4.546398 6.745142
-3.636010 6.646308
-1.853721 6.472188
-2.130275 3.503828
-0.614854 3.917514
0.635026 3.664010
-0.444324 2.494816
-1.523008 2.456703
-3.876599 -0.508573
-3.764112 0.687458
-2.441542 2.040502
-1.699233 3.915841
-1.906742 6.526359
-1.603903 5.928177
-1.624861 4.968740
-2.428493 1.953868
-1.937690 3.216767
-2.279281 1.400665
-1.503033 1.456646
-1.979506 0.784347
-7.542192 2.511501
-7.553454 6.135378
-1.575875 6.224868
-3.275622 6.925269
-7.235068 6.502211
-5.750492 6.439760
-5.524064 8.557773
-5.827477 8.475562
-5.181981 7.684758
-4.811159 8.216203
-7.076478 7.074613
-5.982273 6.391900
-7.602933 3.148513
-4.564626 0.323171
-4.113820 -2.723789
-6.620831 -5.147502
-5.769785 -5.402349
-7.055299 -5.146810
-10.594020 -6.575172
-11.270071 -2.069535
-10.899957 2.417420
-7.977629 1.373833
-6.500553 1.120559
-1.839896 -1.876771
-3.917431 0.301889
-3.472615 0.552521
-4.548983 0.882297
-3.450794 -0.510425
-2.779524 -0.341840
-3.213566 -0.092545
-4.063369 -0.525821
-2.480026 -0.106604
-2.487294 -1.392452
-3.896241 -0.394614
-3.198062 0.402404
-4.512241 0.293631
-4.157695 -0.924280
-3.286406 -0.151442
-2.940465 -0.629171
-4.127418 -0.991525
-3.505085 -0.726152
-3.948173 -1.049520
-4.050962 -2.059726
-2.185329 1.348536
-3.946523 -0.274612
-4.237189 -0.441162
-4.074600 -0.654448
-4.520212 -0.885687
-3.365965 -1.507878
-3.657346 -1.355528
-3.137891 -3.592325
-3.118792 -3.669632
-6.526288 1.244037
-6.753094 1.125408
-5.765325 1.289541
-4.445605 -4.178543
-4.327074 -4.371397
-5.056599 -4.757357
-3.478777 -3.987245
-4.412982 -0.612771
-3.337069 -0.812245
-3.541939 -0.880529
-4.570903 -2.633664
-4.083494 -0.199446
-2.760776 -1.238228
-4.199720 -1.526658
-5.216478 -7.989885
-7.887435 -8.402428
-9.066370 -6.461958
-8.788539 -5.514979
-6.065504 -5.934577
-7.265426 -6.484703
-4.940467 -6.024157
-11.654902 -6.376972
-10.208664 -2.472064
-10.245430 -0.677696
-3.030849 0.923873
-3.979335 -0.643021
-3.812812 -1.381348
-7.340151 1.270517
-7.539419 1.226461
-3.310494 6.809143
-4.093605 7.303960
-3.421080 6.876150
-4.065360 6.452517
-1.962971 7.171313
-2.209620 4.301816
-7.813277 1.203339
-8.413407 2.277021
-7.630169 2.883402
-7.964786 2.322031
-7.672232 5.858303
-6.912067 8.501458
-4.994561 9.308393
-6.232051 6.888999
-6.693110 7.302686
-4.726518 7.734451
-5.454769 7.737643
-4.988572 7.116046
-5.178408 6.863024
-4.970929 7.572934
-3.439073 6.966139
-4.513648 7.054226
-7.257053 6.490623
-7.935742 6.066223
-7.775051 3.214972
-9.706837 2.307506
-12.454842 3.316454
-8.455968 2.585162
-13.553084 0.875678
-13.106369 7.072946
-10.597099 11.819354
-8.020136 11.607149
-5.931546 10.092255
-7.570493 8.845757
-7.861561 6.181200
-7.504979 3.264177
-8.051430 1.165401
-9.439569 2.155471
-10.008561 0.760596
-11.222673 1.534219
-9.709453 3.260875
-11.026357 2.285365
-8.327394 3.496518
-11.075919 -0.954700
-9.637432 -2.438106
-9.838974 -2.468789
-10.614171 -2.151645
-9.847797 -3.886918
-13.173342 -11.789156
