17.127533 7.497420
15.294621 7.566525
15.029408 5.693912
16.083263 3.784143
15.697538 5.781148
15.200443 5.177259
15.480950 0.741870
15.292494 1.149080
14.551693 0.929609
15.211643 0.840515
12.581388 -6.556787
12.210350 -3.482822
11.460770 -1.920477
10.866951 -3.653996
11.961518 -6.580521
6.968782 -9.268298
8.108820 -7.149557
9.499477 -6.083185
9.350112 -6.971328
6.916660 -7.818880
8.432370 -8.068585
8.982424 -5.997385
11.793953 -5.041827
13.623467 -2.935599
11.153447 -2.429672
8.210018 2.014566
9.193765 5.022917
8.662518 0.771916
6.155419 3.907380
7.319204 3.041075
7.708574 0.224000
8.716368 0.953272
8.900858 1.071895
8.500255 2.897285
7.615588 0.400494
7.709095 2.556315
7.390107 0.987185
8.739246 3.762444
9.009270 2.330347
8.536090 1.007810
7.751764 3.890239
7.780824 4.714560
9.876122 3.765652
11.568766 3.443982
12.905363 3.680393
9.786310 3.592454
9.079573 2.122098
8.200174 1.562573
8.749992 3.307809
9.050447 2.403306
8.370783 -0.188755
5.454294 -3.196105
4.627282 -3.636256
5.406235 -3.748921
3.008484 -5.724992
2.759804 -4.075297
6.915308 -6.211215
7.561879 -7.751020
11.911654 -2.381249
10.870095 -7.115129
14.246872 -3.628158
10.792686 -2.816031
11.390348 -1.634813
11.491549 -1.952207
11.168404 -1.670748
12.537018 -2.594862
11.902072 -2.610625
12.726622 -3.567640
11.508065 -5.115583
13.132792 -3.623534
9.968677 -5.750937
10.946414 -1.705280
9.762047 4.004995
8.234378 4.546119
7.026661 1.675286
5.112013 -2.799622
4.202530 -2.311255
5.398935 -2.182569
4.629669 -2.080677
4.922089 -1.653883
5.171980 -0.593146
2.983245 0.315588
5.473668 -0.837066
4.445613 -0.393852
8.580254 2.209337
7.603301 2.481086
4.140879 -0.143444
6.601453 -0.039513
6.007425 0.807768
4.993997 -0.901563
5.433082 0.519959
5.665060 0.334163
7.667133 2.773533
8.432568 2.048252
9.345681 5.147413
6.267706 4.064929
4.199772 3.582865
8.035723 2.961698
6.961582 1.793367
7.654170 2.188963
8.488913 0.189471
8.654083 2.119026
8.907393 0.687846
7.654006 0.418993
7.826680 1.354531
7.436779 1.608589
7.807183 -0.006531
4.369169 0.508566
5.781848 1.313037
5.221623 -0.994749
5.413607 -1.062887
4.990217 -0.919254
4.371964 -0.396523
7.104548 0.939632
8.886105 1.597697
5.911108 0.108972
8.216062 0.089896
5.734153 1.734961
8.404760 0.053211
8.828979 1.193279
8.178661 0.592198
3.115788 0.230661
3.268021 -1.241499
5.711986 0.227729
8.689816 1.166715
6.682480 1.106122
4.912806 -3.122385
6.926783 -5.839835
4.796020 -6.069835
8.324428 -5.804023
3.861181 -7.229687
4.813833 -6.563957
6.982582 -5.881290
12.359430 -4.443105
12.988374 -3.056838
11.218896 -6.972532
10.901560 -1.836274
17.500742 -6.176136
18.439602 1.148905
17.752071 3.043008
8.547234 0.027997
9.022379 1.500187
8.699512 4.523669
8.993265 2.021237
6.782298 3.606340
9.717287 5.061141
9.169189 5.593638
9.406049 5.451602
9.650093 3.772106
8.980933 4.751019
8.924083 0.450239
8.769068 0.175832
4.883206 1.095622
5.083060 -0.353684
2.609999 -2.851756
4.760316 -1.714594
5.010368 -1.108032
4.666224 -1.209955
4.332761 -1.060190
5.903875 0.509290
7.463314 0.166976
4.090071 -0.158650
4.523549 -1.980118
5.836681 0.655326
6.550119 0.905888
6.980814 0.337016
7.426853 0.236153
8.179804 3.000402
6.383548 2.630143
8.637756 1.574901
9.278690 5.288499
8.195625 3.340774
8.873243 4.917391
8.028172 3.487440
7.465020 3.679501
9.662227 4.134872
9.712566 4.976179
9.047041 4.766557
8.814920 4.069171
8.858881 3.856076
6.404078 6.906732
10.193214 3.453273
9.222374 3.675061
9.111141 4.530799
9.192056 3.474797
4.398750 -0.064659
6.167738 0.307111
7.913106 0.316143
6.652804 0.740551
5.559344 0.715266
4.692421 -2.792426
4.442562 -0.771679
8.584849 1.782223
8.588494 5.194241
8.760303 3.696967
10.591702 3.564204
9.411453 5.437126
7.844260 1.977442
7.122483 1.852497
5.366182 1.487520
4.249155 -1.766478
5.273275 -4.386930
11.071890 -2.621616
11.529016 -5.115261
8.043913 -5.912111
4.701389 -5.540894
3.375313 -2.059725
2.233418 -1.286247
7.753242 0.734103
8.333164 2.285613
8.737223 1.584236
8.594893 1.148927
8.308029 1.244032
7.823976 0.371518
8.563532 0.924608
8.578918 1.485744
7.770447 0.029526
9.793397 3.762701
13.370363 3.624877
8.557973 -7.642224
6.075885 -7.619838
5.309166 -7.284107
11.574023 -5.623292
11.144970 -5.363685
14.157978 3.089457
8.346563 1.785698
14.450801 1.249584
16.196316 5.479992
15.541935 6.915066
15.589575 5.745905
16.230751 6.765067
16.501970 4.400619
17.096893 6.410427
15.431938 6.985718
15.244478 2.917910
11.899219 9.105468
8.118553 3.095589
9.820774 4.048031
11.608630 9.830109
5.974656 6.227113
5.451734 8.651742
6.442712 7.790483
8.602522 11.735393
5.246238 12.186134
10.337399 11.993495
6.048937 5.904753
5.950503 5.182643
5.513562 4.616958
2.340389 7.534262
5.968266 8.075596
5.812043 8.679341
6.528733 4.409345
7.829438 4.283049
6.020000 2.519723
9.765583 5.484280
6.853730 3.030146
9.464152 5.396685
14.832272 9.671278
13.578402 12.100545
13.719839 10.291268
11.641829 8.843903
13.122288 8.848741
10.575248 11.846476
13.180150 12.544424
11.812403 10.090773
13.490177 14.412435
10.316653 11.112688
10.912668 11.530029
12.753661 10.344455
10.682296 12.055301
9.829105 10.948485
11.729299 11.360839
12.312419 9.967296
13.619316 8.856247
10.692015 12.469919
6.081544 10.366245
6.324199 9.344954
5.633933 9.327374
10.877995 11.543680
10.140629 11.444144
7.406626 4.827700
7.819942 2.917727
7.431039 2.259458
7.333385 2.749322
9.606992 4.015199
7.790609 5.428583
6.683455 3.313750
4.583436 9.154143
3.115978 8.365023
2.402318 8.193928
9.008333 3.531375
12.826939 3.466080
16.931858 6.703304
10.293262 3.546065
9.576279 4.245999
10.285769 3.474976
7.797392 5.628845
8.834198 4.776448
14.415459 0.085656
13.249020 -2.715480
11.460009 -3.278770
12.791295 -7.328568
14.264205 -5.549881
14.299860 -1.367039
11.915781 -5.509451
11.220816 -3.073326
7.368636 0.497593
8.705635 0.261447
8.932827 2.982062
7.173306 1.700957
9.330784 4.604996
8.041631 3.263527
9.014030 3.274521
12.688789 3.697089
14.929761 7.825315
12.738567 -2.302141
11.816912 -1.805823
11.719216 3.739126
6.035032 3.312497
8.429890 2.686282
9.481361 4.098509
8.475693 3.791740
8.883865 3.479414
8.936642 3.471735
8.142256 2.088697
5.446477 -0.794350
5.216165 -0.714048
4.574392 -0.697228
14.470560 -0.540247
14.801624 -5.225297
12.271782 -5.604885
10.711496 -1.918547
6.967523 -6.044190
8.517757 2.149940
7.917649 5.018305
9.249117 4.005569
8.850691 1.724594
8.799988 -0.146883
7.539203 -0.164458
8.561428 -0.152472
7.193150 0.636848
8.792819 1.387119
9.054789 3.490602
6.704544 1.692408
8.474001 3.391411
10.386120 3.591180
8.473991 4.617628
7.279634 1.108575
8.090024 1.252841
3.124891 -1.031916
3.494395 -2.966324
5.047602 -1.880028
3.989320 -1.760055
5.228290 0.341486
5.251915 -1.097174
4.274251 -1.070752
5.956066 0.328476
7.537146 -0.080297
7.937130 -0.156756
8.240196 -8.014561
8.442552 -5.578747
7.799163 -8.412967
10.636562 -2.110366
10.552778 -3.365147
7.225866 0.705513
8.531811 1.093939
8.129848 0.463126
8.374620 -0.141940
7.610342 1.924284
8.807765 3.002781
9.461334 4.624795
9.832037 4.846498
7.022201 4.511802
8.632503 4.463305
8.446855 4.101446
8.321115 1.477380
9.058605 0.351260
6.295868 0.610367
8.403592 1.634023
8.403681 0.042193
8.812319 3.026221
8.062618 4.792301
8.004579 3.827842
6.747487 2.129612
8.945007 2.350822
7.575651 3.759801
5.488865 6.494090
5.084182 5.216686
5.033647 5.081089
9.370070 5.642616
7.711222 4.651539
8.699845 4.065185
8.923031 5.126730
8.831800 5.055588
7.565886 3.549750
8.977998 3.323805
8.220871 1.828716
8.827762 4.432559
9.788459 4.534127
9.192728 5.640073
9.334120 3.597934
7.476374 2.881156
8.117157 4.373701
8.526146 1.502514
7.533449 1.753531
8.616145 1.183097
7.860449 0.982101
7.298717 3.871397
7.202659 1.403890
8.978628 2.679233
8.491185 4.202974
11.433513 3.661874
16.697971 2.106580
15.281195 2.719355
10.580928 -1.971681
8.270768 3.668487
7.785984 3.817607
15.820735 3.922271
15.071253 1.794219
11.935029 -1.997447
8.875610 0.175605
8.139257 -6.679564
7.752210 -7.347022
5.119712 -3.298622
5.264506 -2.673793
8.373461 1.741136
8.560709 0.596350
14.293727 0.330163
12.658473 -2.078109
12.260092 -2.828995
11.034489 -1.763830
7.719569 2.626002
8.551492 5.133139
5.484256 6.966496
6.350813 8.893740
6.118981 7.448193
6.645733 2.967693
9.509522 5.512805
12.023394 3.711681
12.069670 3.495923
6.021854 1.062908
8.480516 2.960300
8.113531 1.061286
8.815379 2.616564
5.952953 4.354847
6.134367 1.417580
6.028486 2.886734
10.113591 3.645051
11.775541 3.696784
11.737922 3.462159
9.429760 5.152840
9.499086 5.429233
6.389980 7.342442
10.198099 12.496636
7.280087 11.232131
6.982570 11.882368
5.978946 7.021146
4.718415 9.182748
9.342529 4.687623
12.470160 9.039670
16.075481 12.396260
12.412380 9.960814
17.642714 13.262334
13.576862 14.644240
9.192949 4.214119
7.532239 4.260207
7.485071 1.321857
8.651886 1.604058
8.462449 3.212678
8.125167 0.828775
8.196777 0.857169
5.728489 0.367439
7.082171 0.709805
8.562871 0.484465
8.054064 0.542614
7.344350 0.107545
7.951645 0.323883
2.697034 -2.963007
4.533916 -5.306547
7.943093 -9.717307
6.636869 -7.640470
6.769040 -6.754025
6.045359 -5.282566
6.939281 -6.690481
5.733225 -7.710497
4.658784 -4.236566
10.735609 -3.662669
10.862773 -2.746145
13.078514 -3.425097
13.302712 -4.221457
9.787444 3.802813
6.791174 5.360528
6.607586 3.759599
6.652099 2.016662
8.680979 2.546669
8.982405 1.365497
6.781836 1.018716
7.907472 1.182859
8.602170 0.600786
6.548938 -5.697013
6.437799 -0.193337
7.510423 3.249120
9.736103 3.750583
12.921499 3.691013
9.930793 3.491623
6.913315 3.549246
4.653899 2.114635
7.194023 1.735061
8.845226 3.356796
6.697338 2.739030
7.267905 2.512872
9.385664 4.745755
7.193603 5.304487
9.355371 4.655330
10.741074 3.431814
9.460941 4.430630
8.949904 4.951520
8.947991 4.872831
9.026428 2.354182
8.963655 2.516565
14.630027 1.983954
14.131691 0.652253
7.680696 3.513947
9.090303 3.360987
9.108418 1.009347
6.654108 1.422546
6.269501 7.730157
8.066730 3.683318
5.162047 3.886540
5.161062 6.801928
6.020936 6.773356
4.821307 6.163883
5.890792 6.673415
5.638690 7.913124
4.234732 10.685858
8.151990 11.090927
5.976268 8.627840
5.550375 9.668736
5.540865 2.029445
5.574704 0.695543
3.668487 -2.439472
4.543738 0.625391
4.233038 0.716804
5.580419 1.640909
5.946726 0.447740
8.244192 0.162765
7.526446 1.113848
11.023470 -2.512857
10.496490 -3.135434
12.754972 -2.462115
11.107826 -2.009169
11.068010 -4.258744
10.887592 -7.240387
11.351513 -3.333767
10.673092 -3.744919
11.107423 -6.750727
9.304668 -5.227646
9.564913 -7.258816
12.101181 -5.339841
10.645777 -4.487672
11.209546 -4.572372
10.158200 -8.691701
6.800327 -7.209299
11.098627 -6.222249
11.622151 -4.688933
12.813780 -1.643095
13.741091 -4.318151
9.054794 -6.243412
10.478071 -6.409463
7.603984 1.593889
6.347020 2.113697
8.897127 1.152826
12.138186 3.485040
10.365551 3.566171
8.063467 2.212295
7.268044 1.748700
8.211101 2.633336
9.048985 5.303377
8.803748 4.843760
5.159479 2.487522
9.253553 4.635530
8.517509 4.214094
9.828663 4.669161
8.905014 2.917401
8.039240 2.424675
8.551336 5.103224
9.239719 4.356050
10.906219 3.681882
7.264650 0.670804
7.292066 1.775923
8.862359 5.362743
9.531283 5.311047
5.951724 2.447165
8.749866 1.057234
5.853919 2.224508
8.416956 0.522127
4.764971 -1.888180
3.689883 -3.631201
8.285657 -6.364498
8.801843 -5.967786
10.552637 -2.443449
15.127205 4.681687
17.588034 4.502172
18.134304 6.656606
15.233095 5.362576
15.833139 4.394981
16.495665 2.178809
15.016783 2.468856
14.435325 3.312081
8.054287 1.799024
6.408316 0.962874
5.018291 -2.292064
4.983833 -0.821990
6.769337 0.096945
11.167866 -4.625356
10.920832 3.420113
9.614275 3.738094
8.392808 4.365806
8.484900 5.128935
6.027845 4.416559
6.535634 12.574548
7.970921 13.547048
9.621489 11.975536
10.637011 12.947379
13.033522 11.265164
6.163414 10.964465
5.309993 5.800328
9.497601 5.448306
7.581579 5.238879
9.704411 4.819973
7.392040 2.357745
8.574347 2.155516
8.031277 3.940632
10.699131 3.540767
12.807193 10.399091
8.918361 3.552254
8.354770 3.347110
9.400350 3.756090
8.885103 3.305012
8.077151 4.862717
7.975519 2.751160
8.427328 2.708352
7.598462 1.838806
9.033789 3.862264
8.571509 4.745791
7.948411 2.000592
6.713839 4.028454
7.193893 2.996855
7.418097 3.688631
5.440560 3.697827
7.327579 3.658726
9.651180 4.524157
14.925154 2.910644
6.073957 4.100481
5.088612 4.545799
7.542405 4.164082
6.890748 4.786157
7.639466 3.901501
6.894317 4.727584
11.715091 3.429691
8.792140 3.778768
8.979615 5.192011
8.252518 2.915470
4.829485 3.913911
6.333199 7.023337
5.142078 6.403537
6.433943 13.901784
8.542018 11.385242
16.293570 7.001799
19.328773 6.566486
15.013744 6.708307
12.948443 3.490032
10.164165 3.439423
8.544126 2.557805
8.449244 1.426442
8.554834 2.798945
7.721712 1.105195
8.973888 4.382054
17.018936 11.074876
15.691606 4.382798
12.503633 3.714477
8.627427 0.511947
17.679792 1.352845
14.852882 2.491818
7.688673 4.692073
8.900599 5.575162
8.810490 5.350513
8.157112 5.396637
10.231974 3.632053
15.916397 4.935511
17.714701 8.022588
16.560234 6.928296
11.948315 10.290362
6.294256 6.496120
6.059727 5.705790
3.848409 3.970764
7.998173 11.489380
10.526619 11.166818
11.110705 11.159646
10.641916 13.118341
11.764551 11.208262
8.266914 11.893193
3.811142 8.387074
5.782417 6.467653
4.742845 6.047609
5.118518 5.612896
6.473645 7.467303
5.127533 8.048912
5.807623 6.921712
6.107910 5.681570
7.251047 5.455297
9.264166 4.339556
11.188880 3.501665
8.806493 0.597205
9.088728 0.009845
11.802719 3.502677
15.797292 2.494517
14.954735 8.366223
9.016722 4.984406
9.729063 4.763299
9.318612 5.649106
7.966632 3.069018
5.197834 1.138665
8.614719 5.203153
12.851225 10.374434
9.124578 5.654373
8.127597 4.924853
8.657972 0.733610
7.159221 2.892230
7.537428 3.197484
9.754004 5.321063
4.668972 7.723988
3.767697 8.033108
11.834706 9.892430
11.542898 9.757184
11.704927 10.567060
11.615442 3.641503
9.292188 4.626354
8.943502 2.659038
7.642431 3.355247
9.017773 2.009367
8.596704 0.669990
7.505117 1.040787
9.007259 4.374351
8.855938 4.868808
9.510270 5.543080
7.293053 4.921815
6.392280 8.204417
6.357145 5.589515
5.144624 7.586037
5.101880 5.090925
9.511461 5.630492
9.220297 5.616218
9.414665 5.244090
7.654624 2.129839
8.688231 1.538836
7.326141 1.307835
8.345203 0.970567
4.933551 -2.039729
3.822947 -4.560895
4.696749 -2.014124
4.328333 -2.516709
11.476429 -4.883868
12.385803 -1.951844
10.436760 -5.998523
9.481303 -5.759799
8.461668 -7.215220
5.321864 -7.433647
5.205299 -1.317807
7.217890 1.823768
8.508116 2.261701
7.874725 0.147254
8.098428 0.178898
8.564209 0.280754
8.072281 -0.176598
8.686953 0.465463
8.722849 3.576282
9.934877 3.665383
11.365528 3.466626
9.450443 3.831185
9.262176 4.235814
8.635260 2.609523
8.401713 1.783613
5.315424 3.894286
3.710943 1.966146
6.237902 1.369992
6.795135 2.986976
7.929066 3.183853
7.430240 2.843066
7.172187 2.060458
8.460734 4.046134
9.160833 4.437894
9.332266 5.268070
8.247861 5.321384
9.643519 4.044518
5.975011 8.537316
6.007142 5.349679
6.217682 7.704670
6.157012 8.878976
4.397175 8.776897
13.691111 11.434144
12.394926 12.834314
13.194784 10.619710
13.502911 11.470744
13.867756 11.208822
9.201508 4.420716
7.949277 5.407447
5.244431 4.407255
8.395575 3.017034
8.685982 3.810441
9.538429 10.902908
7.749981 12.451788
9.620935 10.801074
4.849693 11.180956
6.497714 10.530293
6.500889 11.371522
9.246076 11.274074
8.339102 11.255939
5.157056 12.067164
3.644542 7.545803
6.265965 9.513324
6.449252 7.155110
5.325199 8.415751
5.761881 6.714187
6.484334 8.689137
4.570622 3.901314
8.976381 3.862661
8.610932 3.550866
9.448311 4.808632
9.484483 4.262788
7.743462 5.321519
6.083846 2.748384
4.890796 7.005156
7.017728 12.562350
15.382555 11.451459
10.730114 10.708366
12.067196 11.132495
12.270626 9.566789
14.445162 13.173355
6.612169 11.530535
8.931602 12.159318
8.180103 11.560068
7.987663 13.436933
4.916856 9.760655
6.495133 9.225588
5.189146 8.076970
5.576502 7.063555
6.021352 1.593304
9.148397 4.273742
9.289688 4.582319
8.486609 0.901868
8.942108 1.511678
7.879859 0.950897
8.421009 5.346582
8.184586 3.062326
8.619371 4.706296
8.483997 4.703485
9.146425 3.553001
11.239743 3.529526
12.401743 3.561537
16.140408 -3.120055
16.570587 3.228586
14.600077 0.039750
15.027643 0.094847
16.639858 2.458873
15.181452 5.023166
15.126291 5.100708
15.116989 2.164694
16.058382 5.785559
14.616446 2.028476
15.186972 4.067471
17.097115 3.589621
17.912125 0.768456
16.445543 3.874649
15.079084 0.607611
15.559707 -1.012312
17.578621 1.982156
15.937210 4.652563
14.605442 -0.464461
15.382347 2.739956
8.488932 2.574992
8.311257 2.245481
9.985203 3.600654
7.770378 5.032092
9.497780 4.499701
8.279787 0.822714
6.718645 3.360972
9.385441 4.700240
8.830548 3.097042
6.920897 1.722003
6.132538 1.597798
9.792729 4.110638
6.170599 2.693527
7.783455 0.103515
9.085962 5.162351
8.958693 2.380962
15.548714 5.573164
7.570636 3.993056
6.453814 2.893777
5.355577 1.265889
10.755754 -3.495959
11.688411 -4.036202
10.597609 -3.224616
14.274425 3.699512
10.856454 3.636436
10.438674 3.639095
8.933078 0.948214
8.486847 0.105626
9.737463 4.401897
5.705363 2.039703
8.056386 0.901818
13.459852 -2.610503
8.842276 2.824956
8.822287 4.327816
8.784973 1.940799
7.390404 1.593006
4.685704 1.053177
5.227221 -1.181360
4.773554 0.311552
8.688496 1.397058
7.838764 0.900872
3.857132 -0.456226
5.066610 -1.149474
4.232821 -3.498437
4.589898 -3.931231
3.657521 -1.778433
3.375525 -0.352733
4.993000 -0.704972
4.695853 -7.346417
4.542494 -4.869929
7.568141 -7.795323
8.627930 -5.666518
9.661227 -5.924964
7.447019 -8.209022
12.881971 -2.691855
12.649678 -1.872059
11.616997 -2.861860
11.096992 -2.663259
11.230908 -2.274285
14.908314 -3.082534
14.191312 -3.340630
8.096093 0.434996
7.089042 0.911739
5.593148 0.180182
7.573204 1.630284
8.456883 1.425496
9.069435 2.678945
8.569593 3.037178
11.971329 -3.013355
12.000220 -9.173609
11.008677 -8.676715
12.125093 -1.835813
12.198837 -1.905235
11.142654 -2.659752
9.889627 -9.498961
12.752865 -3.988447
10.513144 -3.037456
10.734792 -1.953767
9.054623 1.987485
8.584095 2.312701
9.049572 0.977311
7.281304 1.336040
8.619523 5.005692
7.889502 2.381418
7.388341 3.860141
9.659705 4.510688
9.269879 3.576434
8.795217 3.684943
8.437486 -0.069216
8.093534 0.699676
8.335060 -0.207097
7.861833 2.392968
8.646683 3.181329
8.985672 1.993365
8.385725 1.817574
7.658661 1.902307
6.244555 0.559638
8.692521 1.770152
8.354172 5.132385
5.647321 3.154108
11.537769 3.454615
17.275848 2.578056
16.976324 1.353889
11.900064 -3.280061
12.854065 -2.836899
11.953480 -1.918452
7.973141 -9.443836
7.952248 -6.205732
6.652540 -7.078664
7.182966 -6.857068
9.732038 -7.574511
9.085365 -7.859423
10.255461 -5.428263
8.874195 -7.545196
9.396105 -6.606460
6.919457 -7.544034
6.167304 -7.579574
5.721107 -5.338900
6.030884 -5.312037
7.450089 0.262269
6.925051 -0.201663
5.137924 -0.456327
4.933963 -3.784464
4.144163 -2.753192
5.293611 -1.733859
5.471930 -2.992976
5.028973 -0.534221
5.571020 0.064160
3.864203 -0.567909
7.586699 0.466426
6.959881 0.047371
6.513030 0.195082
4.779300 -0.232769
3.291051 -1.138156
5.396903 -2.918856
3.446809 -1.238750
4.015457 -0.015896
4.165984 -2.410748
7.618449 2.664426
7.519348 1.238040
9.020083 1.812284
10.502118 -5.321105
11.720749 -3.352823
8.657688 3.491984
6.376893 2.490520
11.171339 3.703801
8.082355 0.189868
7.781348 -0.214082
6.845049 1.327590
4.834717 -0.495282
5.186762 1.619363
6.955240 1.896933
4.687877 0.854895
5.409973 1.025939
8.517716 0.013355
5.148560 1.184062
5.393299 -0.174111
7.209845 0.649427
8.100282 1.334838
8.390816 1.647469
8.595967 1.720183
7.773225 3.112258
9.285080 5.422454
7.951445 4.686902
6.583068 2.842504
8.716330 1.620807
8.268221 1.822005
7.847568 1.183799
4.183427 -2.921811
5.200657 -9.128773
10.495647 -4.583999
10.839292 -3.210240
10.811062 -1.955504
10.601568 -5.412108
4.164678 -7.258119
3.998220 -7.313859
2.963169 -3.704961
5.460344 -2.613681
5.362611 -3.274183
4.011184 -5.741331
6.182879 -5.824729
3.013557 -3.198872
4.179434 -2.403637
5.332961 -1.792834
5.139219 -6.094084
9.701452 -9.388961
12.381331 -7.081671
10.794892 -6.847644
11.776361 -7.505652
9.627071 -6.288339
9.658534 -5.757283
9.546206 -11.876853
8.435225 -5.401931
8.299987 0.973351
7.775048 -0.039647
10.623442 -2.349617
12.479027 -2.030992
11.275873 -2.381923
7.376318 2.432112
9.085737 2.200701
8.671133 2.697426
7.364897 1.792238
9.063999 1.801913
8.613020 2.664263
10.427698 3.494041
9.707851 3.539180
9.468656 3.652576
6.798551 2.296196
6.002817 1.701437
5.006970 2.446757
7.648733 2.452812
5.709702 0.781266
8.031366 2.976885
7.102433 0.228980
5.779263 2.134967
3.952664 -1.432574
4.740215 -4.177418
4.532651 -7.677166
6.201490 -7.131625
9.233438 -6.406269
9.884245 -7.861426
12.084026 -7.274804
11.257715 -5.537506
11.207516 -3.388905
10.459923 -5.403509
10.320869 -5.296328
10.925748 -6.453613
11.039501 -4.212273
14.526011 -2.110534
15.451047 1.484859
15.328760 2.047084
15.600681 5.463338
14.342861 12.008569
11.308828 10.752648
6.832015 4.522798
7.824815 5.063723
11.070248 13.077525
11.789945 9.744291
13.515086 9.249834
6.300488 6.526504
5.132938 7.031299
5.616789 9.990291
6.469684 10.360806
11.796801 9.990161
9.181631 4.753838
9.473245 3.798097
9.076320 4.373890
9.771034 4.278489
9.010756 3.835597
7.497944 4.402861
7.639976 4.026033
7.059706 3.274893
6.187960 3.731186
7.587118 5.653425
11.147856 3.619092
7.048280 0.502616
7.512064 3.349812
8.927107 4.392938
9.268843 4.373192
8.632038 5.372915
6.303020 7.029212
2.827702 6.757571
4.463424 10.537997
5.845119 4.804510
8.549091 5.575732
8.751961 4.410542
9.479881 5.510782
6.788019 4.196617
6.177249 4.915452
6.481758 6.404112
5.551516 4.927634
3.289072 4.112533
7.666914 5.080544
9.143885 5.481280
7.985426 2.691453
8.332363 -0.044060
5.332088 -0.215662
7.807129 1.207246
8.932473 0.171706
4.298229 -2.909730
3.581141 -6.469772
8.768630 -10.399684
9.118884 -10.274759
6.622813 -8.464548
9.559195 -6.111771
9.926420 -7.020972
11.266383 -4.536489
10.912257 -3.386781
12.642212 -2.742033
16.058079 -2.640295
15.325535 -2.887392
14.479681 2.696866
14.736040 -0.191469
13.743890 -2.947441
7.782827 -8.380376
5.991202 -9.372490
10.395112 -6.143891
8.701340 -6.379986
8.497967 -7.043335
6.645819 -6.192211
5.208861 -5.548883
8.995686 -0.163679
7.579559 2.465760
7.392483 0.046294
8.934120 2.981997
8.829443 3.626412
10.044357 3.486521
9.813265 4.475722
8.256522 4.289038
6.950958 2.404086
7.947594 5.259609
6.451048 7.965056
5.061919 7.209449
4.847855 6.565623
5.878299 6.353848
5.448435 3.842260
5.905278 6.355717
5.933419 8.921962
4.113802 8.431443
9.439079 11.265203
9.606712 11.209244
13.141426 16.127815
10.216221 11.341892
8.155743 12.030441
10.377559 3.620401
6.567352 0.868389
8.382595 2.487103
8.727375 1.710468
6.842565 1.636873
4.567363 0.431050
5.017193 -2.081533
5.164318 -4.161417
4.744068 -4.319140
2.871174 -3.480922
6.469945 -0.022701
4.767736 1.089868
7.078782 1.273639
8.829405 2.766153
8.384865 3.918000
8.884098 0.039408
7.826233 0.072270
8.612881 2.446077
7.217949 2.935676
8.474078 1.943713
12.915459 -2.332192
9.339392 4.725560
12.523497 -2.259206
5.279920 -1.936948
5.349616 -2.826160
4.204937 -6.462538
6.662778 0.735786
7.970907 0.810801
11.571257 -1.588572
7.848610 1.672997
7.074552 0.185312
5.136945 1.125238
4.708682 4.533392
6.589068 3.980276
8.471615 1.686536
10.202616 -7.745104
10.862172 -8.998197
8.904716 -5.383606
8.423809 -7.947448
7.396682 -6.591213
12.171501 -5.581133
11.775043 -5.438555
12.274548 -4.150090
8.956995 2.717400
7.931559 1.962154
8.314313 1.686504
9.444818 4.220555
8.811024 5.134745
10.798624 3.601209
14.410213 1.769262
17.272598 3.968366
16.766697 -1.172464
8.368727 1.277521
6.693086 3.342532
6.792645 5.509150
9.664900 3.912458
8.210857 4.039259
9.300068 5.165683
8.691051 1.214961
6.464909 0.809488
7.781688 2.622985
8.754695 2.870257
7.971927 3.119672
8.216434 3.141861
9.184370 3.631288
12.462439 3.769987
14.519360 3.471217
10.362045 3.525773
7.965237 4.278370
7.711880 4.241854
6.107528 2.497754
7.359790 3.531278
6.647039 4.231445
7.020875 -0.109735
7.645386 0.788395
5.735845 0.194545
8.390729 1.633655
10.595959 -3.502087
11.417144 -7.799280
11.425344 -4.538259
7.605785 -7.992626
5.676826 -6.748081
5.782520 -6.048512
10.354851 -6.054180
8.931631 -5.844687
12.210763 -5.585711
10.608052 -4.555296
12.837173 -4.587580
10.136212 -5.727715
8.447145 -5.313037
7.857165 -6.265294
4.873575 -5.057433
3.091987 -5.601899
4.715154 -1.679159
5.215297 -0.663782
5.350093 -1.897135
4.346584 -0.203268
7.576780 0.967088
6.484213 0.580239
8.027224 0.463148
9.078521 1.341520
7.989274 0.722103
6.811420 -0.019285
5.501634 0.881912
6.894229 0.662071
8.160224 2.063575
14.340843 3.216788
15.854775 0.093597
14.527917 2.532459
14.898141 -0.774789
14.319251 -2.083575
12.854340 -6.139020
13.328499 -3.621732
14.689545 -1.235323
14.545597 -4.730805
11.140339 -2.378398
4.229457 -3.183223
4.068583 -3.490462
4.411005 -1.529004
5.437189 -2.302528
8.666851 1.552754
8.452803 0.413683
3.093492 -3.005991
4.229985 -4.624474
5.799961 -5.311136
6.208040 -6.353139
5.011618 -4.986819
4.824940 -4.073557
4.075382 -1.520919
4.705541 -1.411077
2.229224 -0.339263
2.404074 -1.505248
3.163391 -0.527233
6.725002 0.096828
6.836814 0.887906
4.170283 -0.851672
4.796216 -2.164645
4.848692 -1.535114
5.273684 -3.203162
2.691922 -2.321460
5.593989 0.914739
6.925230 -0.052622
7.151754 0.991840
7.695416 2.569818
9.099837 1.727404
4.847290 1.328055
8.704414 1.502267
7.917330 3.415461
9.620581 5.184803
6.324281 5.770189
16.197754 3.954967
16.187740 4.049121
13.120378 11.565097
12.977652 3.600510
8.171893 -10.714971
6.325752 -7.149833
11.117462 -2.600231
8.938784 1.561950
7.799112 4.391210
9.602291 4.126081
9.400301 4.664452
9.294977 5.536516
8.315649 1.983582
8.437232 1.099744
8.093576 0.657721
9.059250 1.850346
7.904530 1.415072
8.001582 0.442023
7.956822 0.337147
9.327744 4.034362
10.268850 3.734082
7.952992 3.182313
8.397711 1.884501
8.685560 0.213208
8.079018 4.718198
8.041018 3.261137
10.233255 3.740290
7.600594 3.578997
8.128001 1.634178
8.671200 1.332650
8.432615 -0.003999
15.998283 3.263378
5.769094 1.776744
8.440521 1.555732
10.674469 -2.237484
8.593317 1.717712
8.388946 1.226023
5.521652 -0.162663
5.508358 2.371688
8.600859 2.160115
7.980245 1.295250
8.411954 3.030304
6.636314 5.208649
9.303911 5.376855
8.581696 2.366984
8.527549 2.532553
8.708818 4.898279
8.446300 4.108743
8.470891 3.698233
7.592324 2.860699
4.433307 4.360906
11.185046 12.333014
9.335982 10.710559
6.110754 11.617370
5.912582 9.329596
3.243130 9.422515
3.784834 6.755962
9.156313 4.103108
9.317542 5.458492
9.643133 3.813214
9.391287 3.970519
8.484902 2.290390
7.175644 5.494828
7.909045 3.533297
9.070521 4.580230
7.150181 0.249156
7.401103 1.227224
8.126720 0.943829
8.600218 0.486946
4.897726 1.027210
5.825511 0.446976
7.289070 0.500785
5.161234 0.102135
5.405675 -0.354117
5.120348 -1.159230
3.609402 -4.305518
5.339152 -4.764532
4.430948 -4.780125
5.819315 -7.175228
4.233609 -2.929339
3.561739 -0.522537
8.361954 0.751048
8.696983 1.124931
5.288050 1.385480
6.464446 1.328727
7.688415 0.539128
9.791321 5.051382
7.598692 4.674541
4.804044 3.654537
5.243486 2.564253
4.634930 3.089978
5.366354 2.615134
6.484843 2.533362
4.334638 2.776217
5.467071 4.267165
6.801710 5.171518
6.251745 5.224171
7.191993 2.624831
5.961391 7.673763
4.667984 8.564109
7.287434 11.633524
8.655746 11.064483
11.088914 11.819400
12.278996 11.718932
13.494791 15.257942
12.763542 15.472013
13.112724 12.116516
7.716226 12.723566
10.314316 12.451868
