19.699621 7.392550
19.404861 7.082987
14.111877 -3.604306
10.596285 -1.904605
12.940852 -1.993889
7.674950 0.710393
8.671097 4.756660
5.842867 5.268717
8.389117 1.125272
8.594386 2.586702
9.053140 1.656016
4.925082 -0.446551
5.115606 -1.204118
6.340847 0.081330
7.221457 0.325151
12.949883 3.618226
8.864457 2.529830
8.902160 1.309366
17.559763 -1.395308
15.598031 1.251132
16.787077 1.571941
18.391062 2.688451
14.990122 7.029731
9.354109 4.168861
4.167741 3.936503
6.252486 6.417050
5.777351 2.734907
9.414360 5.140278
9.195402 4.466558
9.229616 5.175568
8.750940 2.065373
8.390930 3.533053
11.001439 3.729292
9.137249 4.855010
4.273296 4.671882
4.923212 11.235328
6.159998 9.974062
6.114777 6.413036
10.379593 3.657573
12.337352 -1.673810
8.598828 0.045633
8.247799 -6.827372
9.537563 -7.292592
9.372053 -6.748878
10.509718 -7.668985
6.552224 -5.588459
4.762912 -6.023299
12.780663 -2.707900
15.564070 11.510058
15.862401 13.619054
14.945851 12.001985
17.657133 0.891750
16.776875 0.172671
12.713629 -2.977324
16.778175 1.067915
13.679059 -3.526280
11.018683 -2.723125
10.632277 -5.052240
9.336031 -8.335057
6.518845 -8.580647
5.027552 -6.279919
3.875687 -2.117025
3.420009 -3.106369
5.479054 -2.911027
4.556179 -2.952897
4.651281 -2.727571
4.999850 -2.155689
4.919053 1.402515
6.611596 0.451320
7.599284 -0.151074
7.810632 0.259573
8.894422 -0.107622
8.694265 3.813987
7.195845 2.873339
7.800608 1.378977
9.007045 3.208554
8.340194 4.383924
8.477114 2.809496
8.009992 3.928070
11.720755 3.537058
8.888280 3.668035
6.076123 5.295271
6.388904 5.797500
6.022030 6.411987
4.981242 9.332169
6.446595 8.592730
5.998585 7.435877
3.790899 10.213396
2.948427 7.938612
5.455338 6.967605
8.487469 5.407329
8.022847 4.121025
8.975707 5.375852
4.045628 3.678811
6.122128 3.774723
10.122118 3.686152
13.752301 3.517060
11.798441 -1.937537
14.573088 -1.874305
15.618077 4.529389
14.565804 3.337615
15.106733 2.709090
17.625628 5.506377
14.882885 8.417131
16.493776 -0.166109
17.318989 4.687462
15.199926 11.555314
15.125107 12.273317
15.875300 10.325593
13.444151 9.553172
13.225342 9.669413
12.490767 8.933664
14.469656 9.953904
14.323140 11.609962
5.896641 4.987461
5.876523 8.447193
15.696227 8.101588
16.611004 7.402221
15.304488 5.576138
15.183831 6.124995
15.192434 11.234361
17.075006 7.049667
17.052065 6.480862
14.207543 2.197776
14.878198 0.509022
8.973043 0.679147
7.238270 0.611831
11.428383 3.436616
12.861855 3.783760
14.866680 3.793228
9.088352 5.071482
8.147454 5.227086
5.531418 2.718897
5.782888 3.584816
8.463636 5.279029
9.027563 5.471582
8.236194 3.554980
5.356404 4.135908
5.339618 4.696840
7.470409 4.820136
4.993669 6.557761
8.017673 4.706654
8.002874 3.212749
9.616194 4.963326
8.476221 4.462567
9.507833 5.092865
8.210686 4.183678
6.285290 4.820144
4.831663 8.022998
6.353407 8.671565
5.696136 7.953191
6.470181 8.628715
5.102320 5.710086
6.530959 6.101565
7.286915 5.329522
8.205907 5.200682
7.583807 4.923249
4.375401 6.435526
5.276029 9.551899
7.019087 3.974483
4.221240 7.604764
6.472822 6.416978
6.228435 9.890633
8.946758 12.321726
8.378489 11.934012
10.172623 12.760674
8.629013 11.359337
8.405038 11.209261
12.335922 13.717342
7.147535 12.790221
7.230412 12.339058
4.136340 5.323579
6.503268 4.174088
8.429001 4.704742
5.928783 3.958741
9.552556 3.845270
10.366241 3.588498
9.605987 3.584134
11.501127 3.497217
10.855736 3.596156
9.118227 4.716261
8.271429 4.431001
7.689898 3.785095
13.398991 10.433324
7.035922 4.609415
8.020696 3.969166
7.409756 2.145022
6.762296 0.840853
8.764627 2.357945
8.435175 3.945442
9.477397 5.265760
9.492750 4.819225
9.819265 3.915088
15.539227 -0.732739
15.257897 -0.126632
19.552734 3.154826
15.145418 4.162115
18.338663 8.450056
14.375613 3.155816
17.422651 6.169248
17.829903 6.810032
16.218754 12.963578
13.937661 8.892152
11.686591 9.774180
16.246368 9.930013
18.115261 9.566709
16.885502 6.217845
16.193832 3.138391
15.404638 5.100255
14.915787 5.337275
14.818204 -2.124639
13.379930 -1.832285
12.377267 -1.906236
12.232520 -3.084754
11.734153 -2.327231
13.575193 -7.852690
11.782640 -5.910779
10.097420 -7.043618
12.070332 -3.760544
8.989411 4.959299
7.691756 3.483576
6.482006 3.500877
8.747437 2.947523
9.795932 5.192543
9.265480 3.824663
6.067657 3.366698
7.212693 2.106961
6.237346 1.591294
9.469007 4.008718
9.121475 3.786374
8.739202 2.634495
8.694552 1.154436
9.092164 0.659397
17.007923 0.107098
17.841286 4.065751
16.770943 2.348746
16.362965 3.129972
7.478432 5.628458
8.532595 4.879434
6.967012 3.272294
8.693445 5.510279
8.600120 2.789942
8.823336 5.414133
9.777260 3.960463
7.834422 3.443274
7.891123 2.622835
6.384573 3.051132
5.034510 -1.199370
4.390814 -0.959468
8.427826 1.808273
7.421453 0.097791
8.719763 0.589646
7.310192 0.480259
8.789871 1.100976
7.055916 0.942232
8.374269 0.350121
8.406879 1.641333
8.875888 1.561254
10.187254 3.749644
10.978348 -1.757200
3.606241 -2.949059
3.784836 -4.168812
12.898803 -4.353254
11.302662 -3.172642
14.675068 2.034476
16.693378 -0.013007
15.290085 1.420432
16.903488 2.084940
12.970143 -7.829492
11.399736 -3.258461
11.380801 -2.144156
11.336527 -3.075778
12.334727 -3.675346
7.714305 0.372937
5.083260 0.603912
4.979265 -0.030562
5.258430 -1.873077
4.847294 -3.833078
5.351969 -2.067717
4.515196 0.307913
6.443612 0.224190
6.162523 3.640242
8.206579 3.506153
10.155867 3.510530
8.963754 3.494902
10.315115 3.768611
8.825562 3.188248
8.441421 0.599612
7.274895 2.153682
15.238161 1.710799
8.085670 1.653842
7.766750 1.612500
8.794120 4.600420
7.028718 3.574208
8.352320 0.002946
11.341848 -3.416322
11.687475 -2.325726
9.786306 10.768586
7.061524 10.945049
6.169879 10.448590
5.003600 6.829081
8.385716 5.318244
14.510366 -1.203951
15.029598 2.306704
15.082375 2.787573
15.730167 -1.123957
13.043994 -1.992806
11.180333 -1.779586
13.430201 -4.871926
18.679672 4.426037
18.791529 -0.831311
16.006559 4.519539
8.128159 4.431442
8.581198 2.336287
6.784700 4.045208
13.812698 10.379636
12.261019 9.132015
11.624869 12.020966
13.855830 9.388000
10.856197 11.998506
10.418341 11.091036
7.808998 2.737197
4.724220 2.688506
9.342491 4.657696
8.520559 5.047315
12.609417 3.468949
6.785993 4.129637
8.926728 2.593460
7.199280 2.503797
7.170033 0.673003
9.268485 4.025460
5.694632 1.635898
8.581861 4.224893
6.250051 5.814391
8.617126 4.881157
9.153814 5.306775
8.107333 4.278265
5.187987 5.690032
6.504066 6.902366
5.818615 6.649709
6.739344 4.055035
7.438396 4.791345
8.415410 5.652565
5.279214 4.063871
5.151949 3.801995
5.871280 4.721675
6.552836 4.198380
7.752110 10.958291
5.601186 11.430701
10.786357 13.050035
4.512008 7.946359
6.556086 4.869136
8.164389 4.732786
10.043362 3.726740
9.348753 10.686506
7.911961 5.374585
9.680030 5.650628
5.673480 4.837123
6.303627 5.230319
6.491055 7.734386
8.067073 5.610102
11.277900 3.514295
12.936151 3.683759
17.734383 3.922027
16.540874 7.635175
12.723440 11.661075
8.330775 3.084319
8.499808 3.904526
9.085850 5.583435
17.655445 2.300577
11.928143 10.085695
13.240295 8.965981
7.253633 2.664042
8.320650 2.735900
9.716776 3.667234
16.070070 3.588759
15.632370 5.176107
14.182451 0.367198
15.034088 2.417485
14.286611 2.289115
14.007195 3.743822
7.661008 1.278329
8.441029 2.920980
8.912859 2.965451
8.823069 3.670583
8.119995 2.841179
6.254448 2.236990
9.075457 3.267077
8.484029 3.984116
8.646963 4.711846
9.507792 3.842283
9.509954 3.720905
8.710548 4.020287
9.054482 -0.114092
9.088030 0.747869
8.325638 0.831099
6.497795 3.135829
9.279414 4.288105
8.606611 4.471562
8.027477 3.076641
8.110108 2.831790
7.559201 4.057411
10.764056 3.555596
6.500855 4.282510
8.179882 4.379533
9.431687 4.815053
9.600739 4.064968
9.185617 5.654591
9.037493 4.870648
8.888168 2.988341
7.190282 1.169427
8.860703 0.146684
10.612531 -3.145928
7.311496 0.960474
7.799144 2.251952
8.195880 0.393214
9.575979 5.071526
8.392281 5.107861
8.968914 2.653734
16.019226 4.883778
17.017214 6.131213
10.483290 3.513304
8.147997 3.978665
6.618945 3.418431
5.453133 2.541825
5.649680 2.511148
6.357492 3.102531
9.277867 3.526170
9.840636 4.865205
9.189857 4.384766
6.144557 3.131206
8.108366 2.842479
7.811189 2.426168
8.352188 2.567776
8.312298 2.566061
11.823249 -1.828295
14.705141 11.230305
8.222960 11.350344
5.683083 11.336740
13.539145 9.607331
12.695329 11.575571
15.194056 2.314174
8.386708 2.355866
7.707222 1.551136
10.100553 3.555010
8.378508 4.690761
8.321438 2.648644
7.465017 1.986262
9.497334 4.932606
10.724533 -3.362280
11.460346 -2.025850
6.936121 -0.016281
8.546413 0.324646
14.418961 1.871859
12.899355 -2.322667
11.042488 3.541371
14.138039 1.272333
11.274876 -2.395535
8.745663 3.608935
8.353931 2.114794
8.387758 0.631292
14.479304 0.986406
9.013578 -0.195954
8.206950 2.001107
8.137730 3.679634
7.784436 4.145719
6.165538 3.860997
8.377188 4.351283
6.006100 6.481383
5.979082 8.157199
6.458962 3.759991
8.042821 2.206666
8.484365 0.829753
8.924150 3.183269
6.067413 3.537670
11.706564 3.609557
12.018023 3.515843
8.815027 -0.111375
6.989246 -7.508352
6.265645 -8.083804
9.567157 -5.503355
11.278120 -5.756404
11.942350 -3.208900
12.080729 -4.734548
11.550978 -4.305329
5.733978 0.913778
6.189018 0.148995
6.101622 1.109128
6.100439 2.771014
6.923990 1.754025
7.218526 0.657254
8.833647 4.220828
5.245972 -5.057715
5.241303 -2.407510
4.539741 -0.690471
4.379398 -1.688173
8.239005 0.295671
5.718700 -0.023520
12.101097 -1.769864
17.547363 3.227049
16.313284 1.060396
15.046085 2.410618
16.835340 1.081923
15.084508 0.272761
15.467288 3.284448
15.301533 4.499913
17.884382 4.519231
16.167185 -4.103801
11.284573 -4.699621
10.157671 -7.832897
9.873814 -6.489777
8.647865 -6.035387
8.672019 -5.457596
9.275764 -5.812610
10.039515 -7.587548
7.754213 -5.234051
4.189095 -1.045581
4.634930 0.868086
6.142047 -0.070527
8.505805 0.335292
8.603501 0.833377
9.959458 3.605934
9.534975 5.435648
11.286090 11.503365
10.665792 11.116414
7.765480 12.200734
6.299397 6.955534
5.600241 6.192673
7.702576 4.057863
9.694101 4.191148
12.647678 -3.277972
14.283817 -5.154871
12.676962 -4.524239
13.779263 -4.237047
10.280757 -6.748524
11.585090 -2.693426
12.514412 3.684771
4.640791 3.791467
5.513492 2.696827
8.162910 3.604704
9.241274 4.323594
5.461650 2.061872
7.862660 2.016135
6.162655 0.017528
6.778441 -0.042576
7.653596 -0.005078
5.818669 0.383665
7.206001 1.918998
7.851572 2.749659
9.074646 1.730361
8.658855 1.546697
6.356589 1.615124
7.030868 0.095439
8.760201 -0.023664
8.880804 1.138536
4.825799 -0.254517
4.729207 -0.493328
8.453730 1.162624
6.594331 0.197371
5.271999 -0.252134
7.460019 1.002503
5.346458 0.972797
4.628829 -0.652809
5.035306 -2.603658
5.181561 -2.301524
3.503304 -2.810637
4.770316 -2.375998
4.418473 0.345296
6.672008 -0.008014
8.186202 -0.113128
7.969733 2.435070
8.274388 0.567795
6.397719 0.157029
5.364788 0.467490
8.402624 -6.109328
9.177815 -5.506844
10.754665 -4.857462
11.619928 -3.210616
11.773553 -7.000168
9.152637 -7.742949
9.992779 -5.582596
12.028439 -8.905954
10.570558 -4.274535
8.085984 1.070511
5.303471 2.347059
7.882100 0.946465
7.288994 1.295178
8.259211 3.691584
7.742665 0.886006
6.563787 2.304760
6.303061 1.461917
7.449385 0.805926
6.566207 0.538988
8.095243 0.229303
10.545215 3.505776
4.220823 -3.467619
4.155956 -3.942527
4.556920 -3.195897
5.442893 -4.562620
4.537884 -7.019906
4.778845 -2.877047
4.199316 -3.409566
3.052866 -5.796551
4.014263 -4.219670
10.565253 -2.674705
11.022045 -3.500065
3.651813 -1.491442
2.555180 -5.971478
4.925433 -1.887522
4.540845 -3.137659
5.092947 -1.244047
5.260209 0.539651
7.121054 1.322267
8.749173 0.702847
8.588840 1.336211
7.235171 2.423050
9.324196 3.952386
9.193423 3.756608
8.298891 4.603006
8.284899 3.903046
9.013870 1.902043
8.889448 1.412503
8.903736 3.274930
8.351391 3.807789
8.880840 5.040033
6.906661 5.472235
6.779511 4.388800
4.196204 6.633989
6.109993 6.469527
8.433879 5.463107
5.082389 3.055183
5.817894 4.901880
6.416944 10.141264
5.063077 9.081001
8.256797 5.589512
11.874208 9.713717
13.296638 13.986007
11.701153 8.910352
9.593878 11.999309
6.161609 9.221568
15.439344 8.909512
9.975624 11.518404
4.550451 8.839949
9.447535 10.657399
7.558488 12.000913
8.450803 11.466294
9.273125 12.396497
6.365396 8.932005
3.250094 11.532886
6.812925 10.995025
10.810505 10.817552
12.686470 9.142394
12.762295 9.021148
8.417927 4.750347
5.665989 6.045263
6.320679 5.926999
8.321299 4.591542
8.023632 4.770867
8.796226 5.612529
8.701053 4.252816
9.607076 5.215365
9.261355 5.499015
8.211305 5.487421
9.505009 4.180311
6.518115 6.287501
5.561097 4.491436
13.913813 3.602641
10.015770 3.435657
6.358659 8.681369
9.056142 10.830747
8.888973 11.567332
10.332855 11.637639
10.518877 12.822276
9.625782 11.498608
15.297071 2.643696
7.288089 4.025548
5.914596 3.403933
8.266899 2.387919
7.636304 5.179970
9.189550 3.481125
8.065636 5.148548
9.657279 3.529327
10.379272 -6.388334
8.491330 -5.972696
5.422600 -0.414988
6.257551 -0.202478
5.790933 0.328727
11.127228 -4.213505
11.807112 -1.838555
10.734835 -2.816288
8.920772 1.136474
3.958058 -0.539510
5.943419 1.073650
8.284891 2.073364
8.822107 2.233901
8.954765 4.743648
11.812806 3.474046
8.306767 5.514830
8.353883 4.826786
7.511347 3.213609
8.271284 3.805780
7.607368 5.448155
7.712699 4.086991
9.014155 4.663292
8.422486 4.952241
6.604186 2.775696
7.555894 2.996096
6.364600 0.771754
7.510830 1.496681
9.084174 1.008821
8.177561 1.367415
6.853654 1.206172
9.848806 3.503631
14.875686 2.966064
14.579813 -0.250820
16.045591 1.160458
15.811823 7.889133
16.011080 6.254292
14.767494 9.695546
9.324944 3.989548
5.079519 6.388445
3.470572 6.949946
3.896790 7.123535
5.502107 6.732204
6.231577 4.748076
6.386250 7.456622
6.424780 4.574687
9.071522 5.566444
9.025901 5.290809
7.575774 13.047226
9.099771 13.790782
6.307397 7.849213
5.336933 7.481258
8.727822 10.903161
9.184470 12.935628
12.302418 9.937302
13.320621 8.885244
13.482340 13.857200
9.515119 10.927541
8.671470 10.786578
6.298962 8.782680
6.399025 6.697835
6.163061 7.678250
4.868768 5.963655
9.648338 4.942766
7.993506 1.732274
8.346976 4.412024
7.773398 5.200006
7.267296 3.717446
10.676734 3.724187
8.967660 3.785249
9.271893 5.622449
7.927692 -0.069391
8.682616 -0.205257
9.026787 1.106939
10.875275 -3.121388
11.256260 -2.003886
10.750143 -1.685992
7.389114 1.049226
7.398998 0.308656
7.460063 0.665738
5.145634 -3.851304
4.479480 -3.438000
4.974428 -2.401207
5.206645 -0.776670
5.808458 1.049521
6.825166 0.060746
5.907161 0.262775
7.891045 0.450216
8.936378 1.964701
8.882098 0.582891
7.880889 1.707025
7.376274 1.051629
6.950860 1.641780
5.620486 -0.085928
6.186463 0.147542
2.925920 -0.655748
3.738899 -0.169359
4.800928 -1.758309
4.680149 -0.492055
4.797937 0.049822
6.606884 0.523555
8.356641 -6.849268
9.443710 -6.301832
11.199986 -4.547348
11.313183 -6.484706
11.466178 -5.805830
10.406071 -8.949733
7.449907 -7.585570
7.408847 -7.118692
3.913302 -6.000309
5.075251 -1.162277
5.362313 -0.857103
5.263170 -0.910987
5.698990 -0.071670
5.754591 -0.177612
5.643681 1.401567
8.270710 1.412750
8.114555 -0.052732
7.538131 0.372248
8.657212 0.732812
8.645487 0.261461
5.675064 -5.348519
4.486155 -6.425634
7.017076 -7.243604
5.364617 -8.817975
5.644125 -5.366682
7.181015 -5.674787
5.911247 -5.756773
3.035658 -5.407542
3.907331 -5.540287
6.443438 -6.223483
8.738079 -8.521135
7.603667 -8.661794
8.015074 -6.455007
7.649636 -8.022388
8.073773 -7.900947
10.468609 -6.011846
10.932868 -6.228724
11.484085 -10.981502
10.725124 -12.962873
