-9.506011 12.762029
-7.420608 8.519425
-6.484935 7.818460
-5.321296 8.829618
-7.816134 7.343001
-5.892972 7.871855
-5.985030 8.148725
-5.570116 7.562777
-5.685692 8.335142
-6.999242 7.147126
-4.409182 7.044484
-7.014085 8.972520
-4.871561 6.950398
-3.903570 6.586130
-5.699865 6.765807
-6.595771 8.528121
-7.340848 7.818183
-7.367769 6.548141
-8.321324 9.716056
-8.452251 9.278283
-5.872566 6.449070
-8.398787 9.779193
-6.283241 9.294722
-6.243596 7.665006
-7.670109 6.584661
-7.516208 4.835396
-7.874860 5.300937
-7.074924 6.837845
-3.811298 7.479002
-1.109443 5.156125
-2.866282 6.584170
-4.971596 7.960356
-6.021178 7.066519
-6.759334 8.070503
-9.155879 1.497406
-11.919115 2.162917
-13.253613 0.408168
-12.802192 0.567827
-11.419606 1.606531
-10.550162 0.041419
-10.034256 3.373415
-10.245607 3.042458
-10.176445 0.954232
-10.966446 -0.074853
-10.149227 -0.999012
-17.317398 -6.322101
