15.015321 12.589467
11.099987 13.077281
14.486422 10.868931
16.782402 1.754186
15.648093 2.720953
15.243830 4.086641
15.121300 2.189198
14.272283 -2.230255
10.534971 -3.170708
8.567785 2.512248
5.639833 0.322666
7.259601 0.110221
3.970740 1.175946
6.841513 0.855258
9.024126 0.475569
8.056222 1.139613
7.777449 1.312439
5.856843 1.094181
5.645300 1.073702
5.688156 0.916765
5.501894 2.354364
8.089087 3.254146
10.309430 3.590634
14.266855 3.492863
12.322269 3.554312
10.978340 3.448655
6.131708 2.978418
8.852091 4.801977
9.422115 4.233024
9.552893 4.200178
9.527191 4.651940
9.420937 4.007967
9.496111 5.438866
11.804703 3.566130
17.182049 2.557927
15.383130 2.423917
18.561106 4.506127
12.435690 3.646137
15.166267 3.828664
12.439154 3.533759
9.393178 4.949200
8.671668 3.448874
7.803366 3.229725
14.352110 1.752280
14.849442 1.653172
5.702692 6.614172
7.113237 3.953144
8.454084 3.118642
12.086426 9.447906
6.594231 4.666674
5.976636 4.519153
4.763452 10.500916
8.497356 17.221834
7.841028 12.288196
10.443311 15.837538
9.568434 12.073794
4.907292 10.580676
5.386423 9.517800
6.019289 7.810827
4.281228 5.963597
5.840004 3.500153
6.340655 7.679669
6.467300 5.263774
8.368479 1.854065
6.876260 4.588842
7.142903 2.829937
6.794884 4.582122
7.378364 4.057962
7.033769 1.186179
7.611285 1.425099
8.574936 0.744698
9.069337 3.766916
10.659330 3.540074
11.178940 3.704907
8.751499 2.525071
8.929031 3.226964
8.018277 2.502661
9.769574 3.589357
16.627283 3.507679
15.287141 5.667125
14.946688 4.106292
14.979023 4.715161
6.410072 5.300636
7.339871 5.142728
3.497166 6.068307
4.848086 7.395686
8.940287 10.801588
12.094263 12.359881
11.617832 11.837510
15.672594 8.222349
7.357350 4.657788
8.019646 2.432031
10.537339 3.756859
8.838644 5.051200
7.155053 2.945360
7.304307 2.452880
9.045441 1.598570
7.735532 5.021064
6.836615 2.158355
7.205401 1.849837
12.171940 3.487767
7.707419 0.600292
7.429491 2.330736
17.518635 0.549964
19.522589 5.713208
8.730412 5.008029
9.427147 5.110648
8.529349 4.153058
9.683280 4.172133
8.345081 4.269010
8.555310 0.283655
9.346603 3.435493
7.886208 2.144485
5.217936 2.663636
7.762325 4.903264
4.991485 10.496419
9.422646 14.847141
9.312767 3.946399
7.546332 3.273722
9.754047 3.911508
9.923372 3.467630
7.378860 3.349062
10.091398 3.668476
12.096626 8.986815
13.306772 9.534065
13.632639 10.063740
4.395509 6.417733
5.113693 5.209914
5.901349 5.148715
5.004152 4.773016
8.769586 5.607085
5.099983 8.181238
5.764428 7.857251
5.902317 5.313435
7.572039 5.569592
6.792067 1.117245
6.531481 0.897426
7.353137 2.840829
7.982313 1.700012
8.399237 0.178249
7.695297 -0.136598
5.217849 1.174239
6.260763 0.521681
5.910786 -0.048790
5.293928 0.228582
5.441027 -1.603312
3.161647 -0.292579
8.029976 0.722271
8.852775 2.708372
8.725352 0.701098
6.313138 0.253277
7.057704 1.294411
6.565210 1.289237
5.768255 1.869293
6.546189 1.381305
9.599075 3.892215
7.611451 3.434472
10.346000 3.506475
12.301834 3.774108
12.342370 3.565853
12.065136 3.587573
9.017505 3.610289
10.973330 3.700256
10.174250 3.484308
8.759895 4.162382
9.720790 4.941445
5.342830 -0.057850
8.669729 1.823254
6.478773 2.574725
9.007099 1.004940
8.473769 1.257427
8.208564 2.412762
8.162279 3.939634
8.528788 4.709932
8.575142 4.300842
8.177816 5.222785
7.685235 5.116571
6.385706 4.433936
5.591537 6.406621
3.182084 10.963366
12.878351 12.281388
12.490509 9.098632
11.749564 10.335792
12.939710 9.113948
14.558952 11.386333
17.930012 4.108107
14.211241 0.615834
7.457665 1.568648
7.520090 2.796221
8.025543 1.121687
5.533642 0.645149
5.105712 0.269092
7.767813 -0.213035
7.771484 2.842025
10.595572 -2.591714
10.868032 -3.888282
16.241791 -0.546729
9.811943 5.461574
11.572950 -4.572404
9.388812 -6.426619
9.437975 3.925359
9.413928 5.281066
9.359076 3.815090
8.033037 3.228745
8.719157 2.367433
8.918905 5.372484
4.794193 4.355640
3.904781 8.128424
5.596275 7.812686
5.849748 5.698702
7.663801 5.297470
7.830012 2.983822
5.235883 7.211680
6.266222 7.361356
3.994413 5.583022
4.651849 5.261611
7.528475 4.518061
6.975360 3.564982
8.609464 4.861742
8.800372 3.764242
9.283972 4.484041
8.368897 5.120138
8.194590 4.530475
8.780582 5.247255
9.055490 3.499182
11.459574 3.464252
12.911366 3.568756
11.029129 3.421397
12.798779 3.750956
10.793062 -1.677993
11.128896 -4.756544
10.747835 -5.197661
10.532633 -2.103342
14.497115 1.816169
15.082934 5.044295
15.360396 3.330763
14.186388 0.024712
16.375021 -3.742783
15.217999 -1.627885
13.603796 -1.686382
13.370159 -5.044943
10.902672 -2.309393
7.523188 2.619260
8.433252 1.542930
9.859976 3.418475
8.788686 3.681391
8.027260 1.044163
8.385620 0.120651
8.770770 0.039442
6.233435 0.878991
7.036309 1.638903
4.170585 -2.644820
5.099704 -2.451379
3.817574 -2.681956
4.090182 -4.744939
5.685791 -6.535678
9.426241 -7.912035
10.967949 -4.531586
10.708355 -2.263911
10.633428 -4.764180
12.049662 -8.880691
9.696090 -5.287637
8.329759 -6.050292
5.887214 -6.044492
7.867342 -5.470273
8.492756 -7.188778
7.833804 -6.840382
4.390440 -5.686287
3.400812 -4.652722
5.200592 -3.183699
3.185660 -4.739235
3.410269 -6.575271
4.676560 -3.265686
8.109961 0.114768
9.003441 0.995934
8.429774 2.775088
9.372540 5.524252
8.673857 4.100418
8.476845 1.019053
8.758066 2.077660
8.853937 0.590714
8.733278 3.297117
8.212088 4.336878
8.472107 4.937105
7.802783 3.804540
8.566728 3.349029
9.083309 4.812060
8.312719 1.813452
8.482625 0.420711
6.276494 0.212507
4.690476 0.586267
5.268916 -1.034817
4.733938 -1.076602
6.407800 2.068643
4.921634 -0.583844
6.974477 0.858548
4.892940 -0.051647
4.945770 -2.656490
5.747294 1.048289
6.874475 1.111174
6.476972 0.834597
3.900958 -0.046478
3.575278 -6.754683
5.907698 -8.525426
3.296061 -7.370664
5.541451 -5.930237
3.495387 -9.064178
6.111867 -8.692753
11.811010 -7.418128
17.253714 1.302176
18.976681 3.302337
14.457380 -1.150167
16.107872 -0.370582
8.608387 0.174940
6.559778 3.673946
6.459708 3.659575
5.630296 2.869924
3.806255 0.414011
3.628449 -1.096319
4.422668 -0.691228
5.454139 -5.567832
6.923241 -6.519768
7.693470 -8.569310
2.719715 -8.174458
5.602177 -8.217877
4.526571 -5.848763
2.708823 -6.890416
0.749452 -6.126603
2.947489 -1.217920
8.877433 -0.093886
7.868082 0.466363
7.291796 2.491538
7.575843 3.380699
5.698550 3.360823
10.285066 3.429960
13.662107 3.419215
8.961910 1.982362
8.788879 1.621308
14.152409 2.544384
17.138279 5.480939
16.911423 8.218530
16.492140 1.217821
15.530298 2.517167
14.957998 3.271608
11.549694 3.775194
8.207573 2.379845
8.722253 4.198160
7.899343 2.489281
8.845778 0.861748
8.925009 0.518700
7.569281 2.866781
9.090261 4.825685
8.816582 5.379856
7.800785 2.314805
7.670640 3.537084
9.262052 3.835162
9.543474 4.350760
9.116788 4.276021
7.537610 3.249623
8.067170 0.005981
9.466990 4.995589
6.597240 1.391327
7.800507 3.783500
8.563589 0.823889
6.979931 2.445395
9.391808 3.696201
12.225880 3.708880
13.050850 3.742887
9.644057 3.597893
12.326593 3.736754
8.881004 3.469797
7.648086 5.009562
5.580395 5.424315
8.395042 3.706492
10.392402 3.606529
16.320335 5.568660
17.374603 11.118792
14.615937 13.086391
11.620968 10.538575
8.297676 3.202963
5.797874 4.318932
8.871111 3.905899
12.204248 9.210280
9.798986 5.408692
6.945609 4.376344
8.508205 5.571934
8.463993 3.884417
7.573462 3.067437
3.823336 -0.525803
5.290811 -5.023456
5.109052 -2.292818
9.523962 5.054292
8.613345 1.459143
8.751915 0.236016
7.613140 -0.108547
14.203955 0.203179
14.177473 1.186753
14.538974 2.918441
15.280719 3.791416
9.959455 3.616512
7.819444 0.767275
11.423907 3.462782
14.148277 3.657268
14.190427 -2.040997
11.535357 -2.135770
8.832419 0.539303
8.751554 4.290277
7.707361 3.909030
7.428298 2.234746
9.053455 4.262002
9.736324 4.760307
7.572442 3.991066
7.416869 5.077768
6.529462 4.962413
4.960747 6.758469
5.580885 7.518960
6.402772 7.933196
9.968129 3.709083
7.194595 3.665732
4.424620 2.627139
8.763977 2.533587
9.140514 4.093434
8.859932 4.999353
7.136475 0.898937
15.120955 3.320221
14.538404 3.278453
15.142353 0.895221
14.860952 5.447691
16.952864 4.533978
15.264673 -0.955210
10.556141 -4.737123
5.392095 -1.806245
3.919599 -1.472944
7.466928 0.584753
8.347683 2.296198
9.309751 4.338745
11.072947 10.897855
14.636806 13.512385
7.851194 2.869687
7.880517 2.758805
7.592683 2.913870
8.395542 4.212411
9.180632 4.035770
9.718444 5.180068
13.086951 3.780262
17.511726 -0.058240
14.442198 -1.241623
16.364216 2.020288
19.267414 1.596905
15.209941 0.210865
17.932865 -5.060453
8.607076 3.017972
8.487661 1.692759
9.644234 4.608000
9.629508 4.124445
5.776567 2.402114
3.975152 8.650563
8.749509 1.871068
9.932485 3.733801
10.477321 3.657647
7.932574 2.722002
8.156545 0.284057
7.471349 0.126280
8.048648 2.000578
6.048251 4.478182
8.116841 3.575563
11.263642 3.562691
8.477760 3.866127
9.264388 4.000479
7.536336 4.206602
7.749742 4.537391
9.531383 5.511541
9.807762 4.018023
5.833672 5.049599
7.028278 4.504252
6.973644 5.338169
7.629541 5.106237
8.711937 5.493568
8.284338 5.618585
9.789461 4.343209
9.675643 3.967915
9.074270 4.854010
8.786784 4.567807
6.251015 5.756555
5.887591 6.503304
5.540146 6.748221
4.313769 5.395642
7.916867 4.849011
8.756562 1.976727
7.479540 3.439302
8.435993 3.644448
9.134900 4.940036
7.914642 2.744910
7.841482 1.351665
8.530193 2.876940
8.140466 4.255669
9.448429 4.928438
8.235050 3.444819
7.023626 4.896268
8.612005 3.141976
14.124845 1.780649
15.780695 4.198000
12.592967 3.716135
4.325061 -0.004937
8.268865 2.113121
4.780976 0.128550
5.693789 2.036336
6.762858 3.312150
8.813610 2.919967
7.701134 5.225001
8.424047 5.624461
7.120110 4.695993
7.498171 3.642444
7.826714 4.252237
8.674152 3.858817
4.938616 0.349025
6.843241 0.467177
8.337906 2.494801
8.308931 2.519305
12.273834 3.566886
7.160177 3.180903
6.446877 2.210285
8.788946 4.227387
8.977217 2.319420
7.595739 2.552590
6.006643 2.495525
6.153319 2.427652
8.117330 5.254306
11.200159 3.613985
9.032037 3.487133
7.863112 1.292041
7.272233 0.959320
8.493423 2.336815
8.983383 2.646044
6.886389 1.855307
7.665141 2.517247
8.605848 5.587609
8.774456 4.549021
5.107539 5.485936
7.389045 5.157432
8.802954 3.715750
8.963416 4.546311
7.863641 5.115628
4.469011 5.152011
5.468358 7.543834
6.220348 6.043290
4.905914 6.618456
8.855137 3.893873
6.517571 5.524265
9.457108 5.429276
8.916106 3.328237
8.757527 3.837938
10.728724 3.498423
9.018625 4.755541
9.700357 3.937684
16.569172 7.068217
16.909378 13.699591
12.952579 9.455152
15.822069 8.611307
11.975984 10.298822
10.600543 11.483438
15.895336 15.024675
15.860650 18.285458
12.050217 9.231846
6.236574 3.363325
5.925590 5.572616
8.606943 3.545762
9.757408 3.503653
15.419273 5.697197
15.662404 6.260066
19.284176 3.211653
14.358256 2.368587
14.457310 -1.383656
12.417216 -2.168482
12.007233 -5.353785
9.585361 -9.886713
10.028513 -5.553535
12.762506 -4.315113
8.712667 0.360539
8.648887 -0.153996
6.201924 0.398413
8.388392 2.838133
9.960165 3.693398
8.851295 1.703394
7.689960 2.105662
8.041637 3.642673
7.930860 3.332310
8.383228 2.887408
7.498381 1.441338
9.817719 5.556032
9.072131 3.531676
12.286209 3.565956
12.865105 3.782314
10.403580 3.530251
10.884984 3.688042
16.073599 2.405549
16.211330 -0.163523
14.267641 -1.395334
17.614159 0.510362
13.965245 -2.154278
11.478179 -2.819597
13.132442 -2.005502
12.489526 -2.462831
16.659393 -3.702114
13.181704 -2.207357
7.162123 3.228817
11.012108 -3.179776
13.136757 -2.370611
13.423392 -5.150773
10.606195 -2.422849
5.362718 0.390126
4.576468 -1.720902
4.401848 -2.402722
3.611163 1.777540
7.570896 0.888718
8.829571 0.313210
7.184237 0.525676
8.997233 4.194465
8.910130 2.647954
7.486120 2.910917
6.046036 1.739462
8.321057 4.055764
7.559110 2.912717
6.716812 3.485861
7.868926 2.446618
8.797522 4.867884
8.439324 1.288878
9.325684 5.094616
9.590246 3.493964
8.133742 3.252809
9.703941 3.541250
12.420938 3.627619
14.982198 3.745692
13.229158 3.707083
12.530810 3.694931
13.011721 3.637522
16.220623 3.089190
18.808372 9.137591
18.766472 11.223776
18.929020 13.553156
15.380014 3.902194
14.202699 2.413538
9.592947 4.928595
8.291770 0.371891
7.730173 3.244210
7.622200 3.054415
15.408804 1.219128
11.169374 3.740489
14.605087 2.370066
16.196411 0.723583
13.720956 -3.161853
12.656409 -1.748435
10.150317 -6.883416
7.039414 -7.843468
7.132085 -6.458822
5.368066 0.381297
6.406532 0.622467
6.678586 0.026961
8.343386 1.597700
7.592664 3.546447
7.823669 0.001566
8.657087 2.026970
7.457273 1.451545
6.571870 3.124384
6.514362 6.929847
6.160254 9.161192
6.104041 8.676090
5.961718 3.518360
6.684843 2.961926
7.068823 2.337540
6.175843 0.281723
6.253713 1.353235
5.480159 2.895080
8.771658 3.022943
6.782862 0.193032
8.688902 -0.118037
11.102087 -1.626664
15.605538 -7.075826
14.675075 -3.092664
17.326843 -3.983623
10.859126 -2.475413
10.705465 -2.164497
3.692965 -8.293897
5.279822 -7.163210
9.287085 -6.171640
12.407265 -8.127489
12.203724 -2.710799
6.547218 -7.427850
8.001908 -6.739096
7.001404 -5.860708
7.232846 -5.931772
8.464468 0.280916
9.030527 1.213053
8.452773 3.233482
9.395611 4.263011
9.802412 3.512040
5.880823 3.979888
6.970557 1.438440
8.802605 3.397808
9.659941 4.473975
9.515272 4.091632
9.782255 4.635842
7.326183 5.473164
6.689988 3.571085
5.375232 7.833584
4.852087 6.512733
7.057979 5.350964
8.367891 4.208324
5.639358 5.019878
6.433451 5.943822
7.445345 2.631125
8.661777 3.447850
10.126453 3.765784
9.130632 3.493108
8.036041 3.552941
7.381083 3.069854
7.593579 4.514011
8.466073 4.739955
8.762220 3.267816
9.061604 1.031847
9.041582 1.074786
14.851731 3.774607
11.717171 3.766454
10.258177 3.483876
10.056346 3.762433
7.520341 4.085716
7.277061 2.924184
8.052252 2.716646
7.095125 1.882062
8.508499 2.657861
9.499966 5.078566
9.439381 4.572467
7.981115 4.250377
9.336257 3.537859
7.789487 3.420271
7.412500 3.449181
12.015335 3.521893
15.912804 4.476809
14.599841 2.214964
14.148418 3.559191
8.237895 3.274789
9.446998 5.510121
8.490225 1.117942
9.146538 4.314923
6.920110 4.203073
8.229849 1.583771
7.960432 0.105885
7.175223 0.651134
7.384513 0.086527
8.424541 0.373152
6.831348 -0.025520
8.884960 0.829420
4.887062 2.199767
8.689518 2.243965
12.371468 3.685608
15.858082 5.357569
16.568880 3.468800
15.338132 9.488500
11.481091 -4.143204
11.434481 -4.580531
11.155194 -2.433506
10.611259 -3.133714
9.035877 1.806724
6.574145 1.915096
3.921536 -0.622543
5.174101 -1.406286
7.739697 0.635109
7.559909 0.813385
9.001884 1.894799
7.714577 3.360369
8.895592 4.127420
8.499434 0.567501
8.635391 0.509243
7.421618 3.154072
9.724064 3.525099
10.889239 3.541569
11.200848 3.783111
8.872837 4.403163
8.388186 1.585231
8.516952 0.533257
5.923900 0.619749
7.500518 1.743222
8.604130 0.531480
8.695330 0.408011
6.373075 2.436309
7.360637 -0.000998
6.066547 4.019903
9.609781 4.179478
7.869175 2.679727
6.462533 4.199706
8.103173 2.781768
7.691930 2.536072
8.140348 0.665993
7.478056 0.790617
4.772104 -0.029534
4.511452 -0.079102
5.896821 -0.156293
6.393064 0.890229
9.055615 3.253920
8.635124 2.185866
8.983187 0.844757
8.674049 1.607701
9.445064 4.073272
7.962960 3.753567
13.545835 3.560199
8.661260 3.215508
8.910000 4.955723
10.493402 3.616552
13.207139 3.545099
10.890142 3.791225
14.215693 1.778324
11.804402 3.538748
13.156389 3.535356
13.402958 12.188186
14.674894 13.675529
13.426447 14.331206
12.064671 9.437429
15.519724 14.170760
11.097485 11.970763
14.628952 14.225492
12.949743 8.867045
8.574808 4.516814
9.617462 5.093267
8.560768 3.420301
10.469931 3.598790
6.859456 3.065681
5.837854 1.568253
5.216148 1.054562
8.138681 -0.004459
9.103744 1.824732
8.990024 3.792533
9.092663 5.341370
9.598472 11.034167
9.780503 10.682158
6.563737 4.582721
7.609438 3.451670
6.913779 2.759703
8.033688 4.202366
8.941103 5.618223
9.026086 1.993906
8.526310 4.614371
7.041612 5.326436
10.472504 3.542948
9.961353 3.622900
9.530020 3.746729
8.599416 3.151644
8.789431 1.038193
9.088309 2.622402
9.020151 0.466482
8.820916 0.562818
10.781645 3.624367
10.287645 3.590681
12.087753 -2.338506
6.570005 -0.201642
7.530621 0.620677
8.738025 0.105223
8.845205 0.814844
14.005849 3.514427
15.402045 -1.181886
15.481562 2.012052
15.051323 5.190676
8.617470 2.564260
8.274497 0.670580
8.040432 1.467924
10.687832 3.597482
8.532591 3.741493
7.043822 3.934994
9.015216 4.328378
8.769112 1.707582
13.001303 -5.376101
11.506104 -5.028602
15.031415 3.033896
16.488697 1.102214
16.346582 2.644792
18.233650 5.411005
14.943080 0.047056
15.084555 -4.544703
12.316053 -2.111079
14.154552 -1.696335
14.862398 0.877002
14.495584 0.397568
15.557648 1.929802
13.090473 3.476372
11.291182 3.783058
8.184214 5.487912
7.830792 3.396426
14.693080 2.599340
16.967587 4.594586
12.811195 -2.776607
10.839754 -4.099253
15.180818 1.544310
19.141666 2.583119
13.057476 3.491906
8.475195 3.508800
9.633823 4.143520
7.804352 2.989786
8.774532 -0.181441
8.308366 0.969539
6.369660 2.509369
7.239559 1.254360
3.993596 0.289866
7.306383 2.811443
9.944952 3.705673
7.999187 1.420285
8.343125 0.632992
9.648600 5.273762
17.310293 1.310107
14.200167 2.242054
12.170479 3.520101
9.468605 3.623870
9.056646 5.538854
9.012545 3.971528
6.267658 0.556869
6.242944 2.535613
4.108167 2.288335
7.100141 3.904556
9.617344 3.733845
9.603731 5.042644
8.981646 3.843657
11.222809 3.442971
13.525101 3.448447
14.385471 3.712722
17.373489 3.202204
14.822412 2.256169
11.977773 3.443387
6.705523 0.641289
8.992643 0.280392
10.509804 -1.713279
7.382177 2.708639
8.461885 1.091048
9.037160 3.001742
8.336579 2.180581
9.836313 4.327766
9.133878 4.780549
8.765216 1.716509
12.155094 -4.083303
13.855892 -2.502251
13.986127 -1.969278
15.414020 -0.231568
14.290611 3.022417
9.356295 3.843232
10.618043 3.666593
8.781625 2.392376
16.272141 4.101809
9.091387 0.220051
9.979423 15.053841
5.353505 6.339656
6.315516 8.377904
9.826531 11.752077
9.813453 11.603441
7.875667 11.391621
10.403705 10.783843
11.572647 9.921637
10.929926 3.553338
9.499136 3.511658
6.410167 3.431402
7.427273 3.414714
7.170228 3.154681
6.816895 5.070498
9.204619 4.302670
7.588434 3.752054
9.293824 5.555900
9.552277 5.495464
7.631769 0.517147
7.532476 1.593647
9.790482 4.886535
7.944327 11.883317
12.359784 10.630902
18.366207 13.229536
15.486897 -3.238859
12.691852 -4.469157
14.125299 -3.776342
13.958590 -2.838510
14.404028 1.611057
6.882873 4.280517
9.439884 3.579715
6.024537 5.506306
8.341222 3.925251
8.993074 3.510377
15.212515 3.406599
14.840819 1.788958
12.011490 -3.799525
11.195567 -8.165712
10.534175 -5.437140
11.309523 -3.594959
11.915733 3.472764
8.198793 3.412094
9.703762 3.691202
9.537780 3.725044
7.171913 3.016395
7.230507 5.045543
8.108844 2.840577
6.916404 4.165429
17.274536 5.692373
13.215260 3.677896
12.647272 9.090845
12.507688 10.794436
11.751348 9.171758
12.841520 9.714935
12.385834 9.136827
8.157912 4.417170
8.158499 5.168354
8.965130 3.567428
12.713185 3.747274
15.140300 2.223153
14.970816 2.116572
14.579186 2.907668
15.755242 4.835587
15.278481 4.111156
15.866512 9.026132
13.506538 10.270242
10.179449 11.702880
9.287058 10.787104
9.810007 5.317558
7.324507 3.665339
7.662616 2.998317
7.673835 5.194118
9.216940 3.681474
6.883337 4.710190
5.630133 6.165292
7.542791 4.847216
9.753551 4.967650
9.483414 4.245719
13.885080 13.222125
15.576969 7.121164
16.765944 10.495766
16.367748 8.843264
15.808646 7.993492
15.058875 3.777323
14.836296 2.008672
16.785240 2.192470
15.307892 7.458877
9.059458 3.916748
6.373770 5.223968
7.224601 4.155313
8.966998 4.397911
12.841362 3.733927
9.100739 3.778247
9.114641 5.145143
9.720873 3.570956
7.873090 3.332318
6.713878 4.562848
9.981747 3.592899
9.800005 3.674215
10.441859 3.439745
7.485452 -0.082421
6.880728 0.639311
7.230394 0.974228
9.079128 4.444826
8.726331 3.476352
8.426337 2.858571
9.623838 4.514050
9.189246 4.279715
8.924875 3.443254
8.727611 3.759904
8.127522 2.117188
7.780798 3.847483
8.385231 2.914867
5.947219 6.393390
5.606297 7.759686
4.427792 9.378560
6.510098 8.393333
5.929371 5.965826
9.075100 2.728009
8.043679 2.229292
9.618947 5.061171
8.242010 4.713600
8.461390 5.308856
8.697795 5.240638
9.753977 10.783285
6.007524 5.931751
6.078739 10.503073
7.086103 13.836964
9.529437 5.272497
11.691919 9.034591
12.679397 11.015285
5.955467 7.968636
7.740583 10.894956
9.045942 4.695462
9.668669 5.320979
8.068697 4.753995
9.033360 2.993966
7.740435 3.902102
8.176043 3.958533
9.053002 4.476654
5.788679 4.320292
6.350781 2.373018
6.183967 4.898014
6.320695 6.173367
6.201915 7.732315
6.090833 9.484783
6.339124 5.546793
6.569922 4.429701
7.082099 5.512773
8.638433 5.215397
8.399120 5.026083
9.339450 4.082528
4.578387 1.519358
4.816891 6.860122
6.295645 6.601820
6.166186 3.563565
7.881886 3.891171
7.784038 4.100688
8.733316 4.746459
8.163473 4.630953
6.570390 3.841687
7.491429 4.597446
9.826377 5.623212
9.844404 4.835431
9.469592 4.440727
6.814609 2.569208
4.997145 8.176352
4.859910 8.557583
0.332205 11.180180
-1.341235 14.212582
-5.941269 18.276146
