-7.036273 -12.799168
-3.915681 -10.013000
-2.771289 -4.824980
-0.565207 -4.032236
5.150796 1.784636
8.957043 1.410079
8.901999 2.611502
6.363169 5.354343
8.771788 3.922326
7.582764 2.007211
6.187940 2.606188
9.599745 3.569117
9.423251 4.999101
8.511559 3.930455
7.658857 4.191996
5.562421 4.291204
6.056953 5.423276
5.966550 7.176770
6.383386 7.061105
4.322628 5.554029
9.109484 4.175765
9.282454 5.149630
9.406061 4.349702
8.204700 3.203794
8.564561 0.729151
9.094900 2.536418
7.916518 3.120886
9.623354 5.100709
7.956519 5.560400
6.700006 5.401638
7.651201 4.796896
8.852960 5.381812
8.916097 4.127659
7.198930 3.206611
7.555717 4.717659
8.228861 5.355114
9.523418 3.619805
11.215877 10.720348
11.959388 12.554140
13.138987 11.354699
12.110003 10.596683
13.520545 13.990526
10.405824 11.226157
7.029052 11.187419
8.171576 11.250396
6.670402 11.303490
9.713442 13.146951
13.002872 9.162789
15.182478 6.688878
16.810818 4.124591
18.664804 4.781231
8.857682 1.832330
7.877065 3.130440
7.516722 2.321931
8.200503 5.644370
7.497980 4.689245
6.502864 5.301701
7.117857 4.920624
8.109755 3.687976
5.503998 5.598508
4.854993 8.337029
5.205992 7.055753
6.164180 6.392869
6.593606 2.373089
7.291203 3.930075
7.816391 3.656307
8.180696 4.930454
8.919031 4.646388
7.398936 5.595421
9.012394 5.390330
7.869972 4.060557
6.578414 5.585497
7.339118 4.765723
8.244072 5.033945
3.423320 2.394255
5.058965 5.483586
5.463814 6.158732
6.793046 4.212749
8.369423 4.420022
7.488292 3.320487
10.357682 3.581465
5.377159 5.498904
7.439412 5.572849
4.955227 5.100021
4.977589 8.726055
5.088548 7.702369
6.399106 6.793737
5.644744 9.227040
4.921960 8.802424
2.051460 6.242616
0.442128 6.745072
4.145135 7.185123
5.026237 7.324514
6.914843 3.448045
8.885437 3.176776
13.424029 10.391878
9.606089 12.522983
7.415577 10.977138
7.854171 11.007570
5.765503 10.638625
6.143823 10.497161
5.231631 8.680447
5.489087 6.541912
6.170695 7.971353
5.108431 7.616659
4.579293 10.715523
6.131527 8.836141
4.419741 9.107176
3.831041 3.937488
7.819229 5.129912
7.215775 4.455840
7.039038 5.443871
9.121422 4.202596
9.404943 4.725887
9.185110 5.170018
9.700418 4.616163
9.616670 5.042080
9.740035 5.434805
7.989122 3.901475
11.843653 11.194428
10.574900 11.643693
13.613735 11.025601
16.788546 11.204598
9.421261 5.595910
12.867221 -1.687979
13.352776 -1.650507
12.394659 -3.399919
6.558533 -7.048793
9.625508 -7.685282
9.742091 -9.016294
14.648215 -0.804159
15.385181 7.038363
14.905204 3.250061
6.425447 1.577035
5.988886 0.697564
5.355940 1.340601
4.523354 3.819883
5.244256 5.725574
5.747741 7.652612
5.754635 8.777278
5.199320 9.541363
5.111560 10.653041
9.722321 11.067179
7.305144 13.843187
6.388018 12.822377
5.616868 9.425263
5.652274 9.758945
5.937387 7.084138
7.383655 5.404098
5.937379 5.761526
7.155850 4.441566
7.896396 4.225332
8.739862 2.528900
6.895381 0.543869
5.361087 0.820791
5.289297 -1.443682
4.745088 -1.882569
4.977969 -1.469540
5.375214 1.327271
5.428431 2.631907
8.430957 2.578863
9.863791 -5.458570
9.797911 -6.668076
13.224813 -3.965500
12.638094 -8.040769
15.273599 3.352575
15.368675 3.692536
14.578708 -0.897662
16.382067 1.891543
16.842926 4.905170
18.414890 4.338458
14.663391 2.478010
5.891017 6.169476
5.448907 3.548287
5.696805 5.678111
5.802311 5.279192
9.189260 4.831746
8.387116 3.335680
7.841688 5.188683
9.754974 5.317069
6.515662 6.979677
6.272874 7.167832
6.524010 5.893272
6.129620 4.374828
6.956067 5.279935
7.540569 4.237707
8.285804 4.783918
11.891623 10.135507
12.772812 9.193164
14.277918 9.421188
12.056384 11.204135
12.769956 10.058840
11.794067 10.335909
5.495174 4.458567
6.854982 3.581172
9.147461 3.973739
9.084112 4.585111
14.079482 9.000103
9.486409 4.174367
8.081973 3.993955
7.539629 0.665457
5.338156 -3.469036
5.486258 -6.482894
5.599299 -7.531495
6.996026 -5.521290
11.775439 -5.624925
12.889187 -5.435801
12.413729 -1.629655
14.187534 -0.418856
14.425375 0.273840
12.134525 -1.971267
8.821390 2.265564
8.502558 1.773968
8.657160 1.230230
8.086821 1.861452
15.066238 7.348046
14.142848 1.271686
14.481071 -0.076744
15.695109 3.718271
14.617544 3.247453
12.269978 9.562513
18.350431 8.397367
12.224030 9.678182
15.654596 6.501760
15.049218 4.951250
15.203321 3.854094
17.149532 0.345750
16.355854 2.623659
13.260024 -3.645042
12.104052 -2.209764
15.196287 -2.223847
8.565577 0.571341
7.490497 0.645592
8.916113 0.913905
12.471221 3.668779
8.953350 2.683616
6.596501 0.258798
7.389491 1.499495
7.261566 2.968189
8.708200 3.982754
11.811183 3.599562
13.595026 3.641050
15.516351 0.294052
17.264616 -1.602402
8.066126 0.401415
14.976925 -9.122210
11.980907 -8.328371
11.801920 -10.929087
8.065566 -8.159133
9.864470 -8.239284
5.222540 -1.433068
4.972106 -0.984812
5.016027 -3.682023
4.815061 -5.740710
5.865338 -8.676381
8.537144 -5.902340
10.576259 -4.252703
11.684438 -4.039773
11.392574 -2.372599
11.034829 -3.214369
12.689888 -2.228739
11.097888 -1.608764
10.921026 -2.817943
14.350780 1.405574
15.449432 3.160725
15.810740 5.385440
11.686310 10.655092
10.970416 11.685493
12.666063 9.998401
12.230803 10.885777
10.120203 11.368614
10.723587 11.122067
9.113794 5.273761
9.581776 5.076708
9.325199 5.576639
9.459793 4.946630
15.825279 9.694482
12.259974 10.286933
12.220986 8.876448
5.087094 11.250380
10.113878 12.793433
13.339237 10.421441
11.937059 9.033772
6.254045 5.639643
13.716740 3.732803
15.855390 -0.202597
15.663210 1.971287
14.928499 7.092850
9.451056 5.489748
8.971434 5.637788
9.030184 4.267975
6.990425 4.601214
5.557403 5.773260
6.502924 6.881066
5.859076 5.742879
8.719379 4.204170
9.699340 3.980941
7.695621 3.647659
8.996883 3.045968
11.633602 3.724424
16.759789 3.423388
15.355206 6.225954
15.004172 2.902235
9.544876 4.909903
6.706055 4.606590
9.647784 5.174483
9.049376 4.564746
8.170922 11.360637
14.081720 11.612351
13.593927 8.855934
17.747541 6.608013
18.216408 2.189575
16.665426 3.517539
14.905327 2.551404
15.235290 1.713857
11.910938 -4.381674
16.553165 -0.215561
14.868332 5.065280
8.746942 2.860495
6.333685 4.326966
9.625021 5.566513
9.960608 3.781426
8.246251 1.670171
7.546802 0.883002
7.405550 1.435704
8.112542 2.927570
7.491984 1.711162
6.615773 -0.028161
8.635572 1.169811
8.887400 0.724095
8.987587 2.990257
6.469062 5.306332
8.974376 5.002771
9.748298 4.682178
8.445537 2.296336
8.344484 3.719448
6.636370 5.026190
8.559701 4.814813
7.920235 5.270624
8.566349 1.393166
9.090840 1.575700
8.901392 1.835696
8.052339 4.212175
13.276315 -3.431166
19.649494 -4.785595
14.911807 4.965486
12.839958 9.731851
11.610224 8.987708
14.882730 10.124068
13.508109 3.789259
14.298070 3.293677
13.390957 3.720458
15.197378 3.226017
14.432522 3.509174
11.414526 3.627049
8.864180 3.806918
8.283762 2.499663
9.011654 2.089664
7.505778 2.094294
6.825410 0.580885
8.068336 0.618875
11.576972 3.748159
8.332113 1.631025
9.072868 1.169296
9.049009 2.012448
7.555377 -0.035377
3.413529 -1.813068
5.401989 -0.384598
5.164624 -1.742621
6.509575 -6.412984
5.739121 -6.756294
6.266174 -7.708323
4.739424 -3.346246
10.697451 -2.270010
19.175175 -8.955545
13.978661 -2.800053
15.132741 2.608205
9.128888 -5.565738
14.295088 -4.924685
12.421486 -2.831249
12.826089 -1.613827
10.722963 3.737517
9.052149 0.069616
4.484679 -3.022253
3.445786 -2.143209
5.059435 -5.260034
4.975377 -3.072781
6.604802 -6.664325
6.941955 -5.473246
10.710075 -1.777965
11.138655 -2.020767
7.672396 -0.149412
11.193968 -2.048639
13.077327 -2.243270
4.327155 0.255074
4.976192 1.800022
6.580359 1.902985
15.543907 0.109054
14.923446 5.147484
16.140566 6.244713
15.822221 3.389207
14.207601 3.026243
7.589033 3.163297
6.313257 2.064941
7.146206 3.540502
11.018270 3.667888
9.568169 4.350273
7.016305 2.157594
5.613700 5.282453
8.243315 2.050301
10.693048 -2.854461
11.540142 -3.242217
13.492383 -4.949832
10.412254 3.483017
10.174859 3.722632
7.629375 10.905128
6.921202 10.855336
9.112715 11.015840
10.637255 15.289412
4.310007 15.012957
4.006029 7.078772
4.379857 7.275167
5.574861 7.713200
6.248930 5.967788
7.631344 5.161699
8.858661 4.240336
7.294525 5.046762
8.709337 2.468414
7.433789 1.521944
6.760554 1.246495
7.908202 2.185890
6.045535 1.130785
7.401936 1.198262
5.441317 1.135892
8.408174 1.597451
6.235776 -0.135087
8.004660 -0.210093
10.984563 -2.166173
11.851370 -2.465498
8.102249 -5.488924
10.491029 -3.833030
11.940229 -3.774589
14.431206 0.709306
14.127332 -1.730950
11.185205 -2.563458
15.411222 2.039882
16.155977 2.792358
18.082882 10.405026
14.669745 2.920443
6.874497 2.407753
7.459270 5.569119
8.418852 3.702657
9.075405 5.352465
9.804859 4.449983
7.436940 0.538958
8.742903 1.532057
9.002720 3.377402
8.129951 2.980672
6.873775 4.873996
8.482742 3.358652
7.394666 4.621642
6.954572 3.989245
14.374336 2.137113
14.569609 1.693781
14.953352 0.859201
11.971357 3.690441
5.699313 1.172420
5.296534 0.889864
5.544174 4.166012
8.786185 2.062212
8.263145 3.971381
8.658604 1.861450
8.251310 2.807170
8.559704 1.538433
7.805612 -8.581223
11.271196 -8.531977
12.431343 -4.274919
11.702679 -2.923498
13.021818 -6.839052
12.186633 -7.126785
10.469730 -5.831534
12.792277 -3.944771
11.047344 -2.748835
14.478097 1.675891
16.174404 -1.201714
15.177948 -1.687772
11.578510 -1.702372
12.767018 -2.789676
11.745760 -3.387609
10.725509 -5.694227
9.806617 -8.164064
10.616486 -8.192525
5.393188 -7.957941
4.485986 -0.761805
3.310956 -1.642845
4.604168 -0.622474
5.177592 -0.757453
5.432652 -0.036422
7.141809 0.675548
8.473669 0.705133
7.897899 1.626616
6.553866 5.082761
5.771733 7.914915
4.603731 3.108116
8.771088 4.208062
7.439846 4.657037
6.334285 2.707155
7.765383 4.257235
7.804020 3.876981
8.678014 5.542266
8.587027 4.957558
7.161859 2.170568
8.011296 1.320515
7.778136 1.989015
8.614211 2.751976
7.430130 2.256076
9.003441 4.247254
8.767090 3.963967
9.397036 5.582945
4.890816 4.455475
6.627393 5.480601
10.927138 3.702721
8.049067 3.283387
10.046741 3.790879
8.350292 1.989017
7.687245 4.737270
9.132040 3.790306
8.833742 3.284818
9.659569 5.150787
7.200191 2.208376
8.976444 2.619527
7.157267 5.230319
6.364125 4.258088
6.431870 7.087902
5.297307 5.502381
7.557395 3.570466
10.577816 3.642958
10.408331 3.552824
9.076863 3.412688
7.974976 0.110495
7.668157 2.411134
7.176625 2.992820
9.487869 5.327419
9.693913 4.424420
6.889249 2.721582
9.270058 4.488041
12.118418 3.663646
10.836802 3.623186
11.848315 3.726549
11.591619 13.770508
11.662132 9.341686
15.191931 6.916694
7.240415 0.902614
8.495546 3.595332
8.846010 2.489133
8.452959 1.529142
7.914762 1.982108
8.390025 2.908854
6.456941 1.637071
12.581104 -1.770140
13.077139 3.670726
16.915466 3.661916
16.095764 2.290216
18.850098 7.561686
14.509195 9.245591
11.846116 9.061511
6.911133 5.205042
8.870815 3.682044
9.097162 5.151621
9.684528 4.336111
6.717163 5.398270
11.506815 11.768001
17.063877 10.817697
14.387221 9.175488
15.916845 12.797617
10.001892 11.430120
8.642519 10.975146
9.690695 10.688786
8.222898 11.655516
13.836046 10.074300
8.467379 4.105449
10.013344 3.505091
8.289207 3.515546
8.679738 2.244481
8.498783 1.937253
7.383317 1.439038
5.742625 2.173557
12.279121 3.609111
8.077798 3.690970
8.444407 2.373410
5.131968 2.493253
7.120726 1.075645
9.074436 1.732476
8.658553 5.301550
7.896095 0.413327
8.988432 0.752872
8.628850 3.540101
10.820220 3.617196
8.659189 5.012489
6.010568 6.844202
9.764614 5.354159
8.733785 -0.006926
7.879083 4.935737
11.621586 10.177524
9.614038 4.553257
9.157259 4.353026
9.496727 5.267589
8.783905 2.167353
11.544640 -2.190623
10.696033 -2.656941
9.861201 3.692009
8.695839 4.712810
12.642687 8.898273
15.766876 6.532372
15.159777 4.017350
11.768672 3.598297
15.427370 0.707583
15.397430 0.100661
12.438871 3.621056
13.325283 3.723104
4.542217 1.414151
8.068616 3.413071
9.008036 5.307159
7.938223 5.235406
16.186579 7.984547
14.594357 2.097735
14.124273 2.441424
7.538114 5.236410
5.251798 3.780086
8.569841 5.401429
9.706730 5.438243
8.485306 3.888636
9.809103 5.114217
8.839935 3.291643
9.087692 2.102275
7.995986 3.892271
9.098577 3.200503
8.471859 2.529758
8.839400 2.610027
7.324774 2.052099
8.971911 5.187794
8.496897 2.494643
7.110452 2.726431
7.754307 1.555490
7.308820 2.057431
6.613537 0.864011
8.046556 1.935644
8.461413 1.260103
6.845896 5.628552
9.837840 4.744043
5.061810 9.510150
6.871438 11.599130
10.515704 11.275440
9.555663 3.632348
8.916668 2.989654
8.741329 3.200272
7.410942 2.712600
6.237312 6.485069
5.894487 7.069840
6.068328 6.142397
6.366671 4.711448
7.309846 5.071641
8.040308 5.070506
8.100343 3.988078
9.351259 4.934470
8.568060 3.585616
9.089634 2.742204
8.549357 5.037930
9.244612 4.653133
9.716932 4.647461
14.232167 -2.383908
16.399834 -0.700655
18.241749 2.213469
19.550140 3.966351
12.830105 8.871545
8.336666 3.056676
9.042028 3.131870
8.146643 1.853128
9.005419 3.088876
12.986868 -2.334371
7.737995 5.157400
4.661947 3.418605
7.408297 4.192091
11.584681 3.735349
15.059761 4.746224
15.298807 8.524148
16.225800 7.291850
13.027289 8.983552
13.421925 9.494502
16.677891 12.315644
18.521564 9.049673
13.579596 11.753348
9.705834 10.954360
11.751904 12.818039
8.928089 5.404690
8.283930 3.768289
9.443475 3.584346
8.162155 2.085635
8.629506 3.100358
14.984718 9.621620
6.633850 5.318069
9.346796 5.033176
16.734722 1.087696
15.413486 4.003002
14.345653 3.229639
15.029932 1.228947
16.252457 1.657687
16.724453 -2.610815
13.204832 -4.695899
12.014485 -2.575719
8.874814 2.683443
14.942354 5.575037
11.765610 -1.861929
8.940403 2.641370
7.837373 2.783633
9.275347 5.112811
8.900545 1.603954
11.110357 3.421207
11.288208 3.650622
9.103064 1.157784
7.489311 3.394550
8.087674 4.904279
8.223152 2.940252
7.926544 5.011837
5.646873 2.831228
6.340402 4.462709
9.026778 3.638370
12.105818 -1.846947
16.373732 0.507996
11.956087 3.427058
9.758003 3.673896
8.453367 5.608403
8.523218 4.396672
7.669071 3.099947
9.409801 3.880510
15.221166 5.696837
18.866478 4.821044
15.190371 2.223945
12.334356 3.507223
7.768130 3.429967
9.479588 4.024023
9.783781 5.433696
8.856316 4.378798
8.417118 5.541286
5.255366 5.085889
4.823013 4.101084
7.508403 5.078816
9.787968 5.527460
6.786466 -0.213098
4.330194 -0.137925
5.368902 -0.784423
5.340114 -1.390999
4.837362 -1.739895
8.147987 -5.472801
7.089293 -6.193530
3.570554 -6.104816
4.424394 -2.666911
4.946233 0.547249
7.822735 0.404598
13.551603 3.759468
16.591751 -3.688186
14.705173 -3.938404
13.627081 -1.878583
14.268604 1.101432
12.263981 3.487308
8.482716 3.551334
8.430059 4.518133
8.925751 1.147643
8.321527 3.078612
8.384794 5.018909
5.270199 5.306053
6.865705 3.862262
14.857100 4.331382
19.065765 6.016876
16.092505 10.304972
13.414680 9.525062
12.032804 9.311066
6.074468 8.263396
5.944520 9.785272
6.857912 11.100355
7.134085 10.848773
8.459414 5.333175
6.283502 7.135676
6.237761 6.979704
6.521521 8.585662
6.331099 6.365362
4.584176 8.032420
6.132352 9.371982
6.515910 9.517286
3.185550 7.240456
3.820047 9.962607
8.366246 11.554658
5.731589 10.668804
8.115152 14.360050
11.003757 13.530629
10.650419 12.603436
10.880686 10.680074
13.618190 11.191731
15.984840 12.109055
15.940313 3.258332
14.627420 3.020185
17.115107 3.259086
14.288056 3.494501
15.003230 0.326169
14.484707 2.340640
16.239662 -2.722832
16.378574 3.851280
13.942127 3.497822
13.026725 3.769545
10.070101 3.780179
8.579596 3.483740
9.280972 4.816934
8.950238 3.377918
9.349729 3.619900
9.330761 5.130758
7.216391 3.104949
4.188279 4.873699
6.119613 5.957005
6.011919 10.058243
5.226995 9.843200
6.318677 7.429343
4.932674 10.073336
8.740450 12.499222
8.809367 11.367398
8.580570 10.963265
9.047230 11.504709
7.911917 4.331696
6.305267 4.364989
7.155288 4.439323
8.798027 4.754482
8.550476 4.744382
9.275949 4.315946
7.090477 2.388700
9.159468 4.832733
11.096952 -2.729455
17.937702 3.105345
15.392773 4.072486
14.715777 2.077981
16.633106 6.276542
14.781666 9.223407
15.493397 10.484530
9.418255 11.755995
10.352905 11.328053
8.639239 4.061302
7.300254 4.343853
7.945590 5.455019
8.029709 2.199373
9.761187 4.579430
7.793291 4.542459
4.574975 3.999311
7.984118 2.216303
7.479189 3.738894
7.471745 4.243649
7.442168 5.482199
6.792194 5.607887
1.898275 5.445568
2.633812 7.688676
2.949573 6.317706
5.717808 7.932072
6.238132 8.437955
10.230249 11.512797
6.884151 12.953131
6.251584 10.170544
6.460011 10.462994
6.024200 6.585477
7.431872 3.106646
9.796989 4.040455
11.557272 3.474394
10.663424 3.458637
9.135572 3.910792
10.026543 3.616400
7.674744 3.198471
8.327048 3.866705
14.949036 2.561625
14.436891 3.285605
14.534781 2.543196
8.130829 1.730237
8.416941 0.830239
7.703070 0.643912
8.491127 1.279714
8.850685 2.579070
9.280324 4.140564
7.177428 5.182080
8.262085 4.794180
8.064270 5.106494
7.603117 5.651954
7.497689 5.331299
8.976271 4.050031
8.521048 2.328691
8.689992 4.206298
7.067529 3.060258
6.889091 4.423664
6.823782 4.003460
6.004553 6.661799
6.408229 5.446853
9.345160 3.486697
11.851493 3.672537
9.604130 3.704034
7.436574 3.795542
7.967250 4.220427
6.807629 4.091627
9.487158 3.557656
8.249441 5.168658
9.147743 4.642236
8.876363 2.430266
8.516108 2.502337
5.178828 1.425190
9.564779 4.650322
7.795502 2.029763
8.118197 1.206657
5.476645 0.973859
4.504120 -0.937881
4.108554 -2.535480
5.046924 -1.721341
10.873579 -2.591619
11.053724 -2.927741
12.976576 -2.598280
11.633654 -3.761460
11.048016 -2.816319
14.174011 -5.172959
10.541701 -2.747972
14.860437 3.944046
15.108141 0.602061
17.751225 -8.015382
13.826015 -1.779238
11.682594 -2.552887
15.019962 -4.336299
14.950428 2.319798
14.485438 -1.587790
15.292825 -0.205842
15.905858 -1.559803
9.546037 -6.117974
8.972438 -7.050040
10.687436 -4.977273
13.290037 -2.419984
15.395273 -1.357742
16.032303 3.769296
14.181091 2.712984
8.139259 1.935606
7.585828 3.238765
8.624623 1.434640
8.619265 4.221019
7.662214 0.692046
8.337486 0.855644
6.874722 1.852641
7.664194 3.084241
9.904020 3.610658
9.787954 3.980393
8.866819 4.390955
7.806413 4.051058
9.641919 5.626013
8.503765 1.798310
9.479818 4.726152
7.948984 0.557691
7.802104 2.391572
10.801912 3.667564
6.736197 3.163613
9.093315 2.850608
8.436054 1.901352
9.061799 3.952849
8.852858 4.289376
8.701551 3.942291
9.210585 3.962461
8.019554 0.810493
7.725849 0.756308
8.446699 -0.004589
8.640322 0.550193
8.892496 3.596432
9.363918 3.431310
9.819206 4.264521
8.886466 3.162238
8.563766 2.576620
6.953022 0.659513
6.573261 0.162147
5.112870 0.617942
4.217701 -1.983025
5.205736 -0.347629
7.374488 1.781880
9.729563 4.458837
8.619055 5.044180
10.854019 -3.997878
13.637195 -3.624519
15.865097 -5.471460
13.233780 -2.953219
12.007633 -3.738170
8.490677 0.319988
7.260516 2.482347
11.166449 3.485496
10.569868 3.440478
8.295445 -5.292256
12.010664 -6.026315
12.510672 -4.329334
16.439659 1.481307
15.665478 5.956761
16.030664 8.837303
