-19.228849 19.992411
-14.640226 16.251612
-3.561796 10.200770
-2.302280 8.167769
4.449085 5.776926
9.332257 5.225586
7.045691 3.371530
5.748270 3.280375
8.698325 3.183610
7.703334 4.729421
7.878627 2.805590
7.715818 3.991392
7.796993 2.480848
9.604181 4.160606
5.981002 1.330127
8.273556 0.805862
6.943809 1.235497
4.906173 -0.358439
4.314742 -0.971045
6.214378 0.724226
7.457786 2.252064
7.387776 3.655370
8.676549 2.816959
11.755678 3.534822
8.826664 4.855396
9.050057 3.166942
16.623339 5.341526
16.966724 8.906814
15.567388 6.313961
14.518775 9.955848
14.990181 4.299769
17.319370 -2.252775
17.682718 -3.092189
15.486547 1.739848
12.914806 9.326969
9.995483 3.571514
10.458129 3.546290
17.279831 -5.582110
17.439331 -1.991723
9.294173 5.577639
5.971247 2.782731
5.191781 2.580031
7.456942 3.234993
7.913430 3.088882
7.127925 2.912384
8.474688 0.968741
6.997398 1.280199
7.823435 1.097454
6.178724 1.320827
5.318667 -0.446121
4.293588 -3.108576
3.827786 -4.412581
6.577629 -5.815039
5.402421 -6.118808
3.990934 -6.422771
5.641001 -5.218990
3.057013 -5.217605
4.714263 -0.584389
4.525428 -0.407828
4.919214 -1.384503
4.368507 -2.468799
4.192389 -1.725013
4.796939 -3.071002
5.327554 -3.482496
5.077924 -1.900287
5.182125 -0.245948
8.941773 0.802373
8.540112 0.269600
8.086728 2.837898
6.813172 4.919260
6.477836 2.581745
6.162464 4.378839
9.460629 3.462965
7.053720 5.437126
5.985373 3.501348
5.785004 5.481960
6.283586 3.213482
8.535244 3.241676
9.846338 4.340459
8.387756 3.112915
8.963365 0.553239
5.079369 0.302288
4.014235 -0.294355
6.489767 0.217083
4.095649 -0.524829
2.898052 -1.761981
3.597438 -2.215057
3.892334 -0.537168
7.097274 2.977206
8.956667 3.708311
9.300081 4.177205
7.677896 2.460483
6.842926 2.054682
7.895597 0.129258
8.969742 2.398543
7.452907 2.151058
7.031812 -0.142333
8.712397 -0.157142
10.571918 -2.752373
8.788059 1.124376
8.324410 4.277252
8.244928 3.824536
7.580082 2.659729
8.886239 0.504945
7.665240 0.070235
8.672796 2.310297
7.552373 2.461655
5.164251 0.070181
5.848287 0.129843
4.558727 -0.635932
3.583081 -0.525623
5.933300 2.021651
8.852289 0.083077
7.411254 1.221685
8.218470 3.194057
5.908257 1.314700
4.736134 -0.153094
4.835964 -2.948864
3.203735 -0.704159
5.715322 0.629702
9.109032 0.294832
7.970392 3.388466
9.518544 3.868693
9.810985 4.392893
7.673454 5.401045
8.333987 4.773024
8.993589 3.057819
7.236660 1.531137
6.809443 4.570857
9.205923 3.533700
9.911684 3.638165
13.566154 3.566083
14.305213 0.560788
16.045975 0.984843
16.878019 1.846062
15.537587 3.624520
14.314634 3.726161
13.445828 3.443177
11.714097 3.566072
15.158769 6.277263
14.899499 5.031193
15.197124 7.679940
19.377537 -1.638806
18.373880 -3.138001
18.647419 5.042246
16.264427 6.058728
14.278824 1.958756
9.314858 4.997040
8.724600 4.436878
9.429138 4.127508
10.467593 3.654252
9.646526 3.798645
14.376451 8.905947
11.229139 3.516212
13.884706 3.772604
10.758875 -1.649706
9.024568 0.108778
4.546085 -8.913416
5.608916 -5.357155
14.593840 0.848358
11.596465 3.428296
15.586699 5.257558
15.133433 4.853395
10.332193 3.447389
5.391751 1.766008
7.067034 3.923292
7.938627 3.558408
7.834342 1.059340
8.912861 4.251258
8.836585 3.367707
7.694053 4.474337
7.241947 5.109899
3.880874 10.321068
5.954316 8.158498
7.945659 11.469965
5.463112 14.690145
6.377816 8.620890
4.006483 7.065269
5.127929 8.148927
7.461320 1.051955
7.540137 2.031116
7.550310 -0.197037
8.816354 2.036268
8.018703 1.062299
8.378950 0.922848
5.688542 1.089670
8.347197 0.738461
9.033091 0.232957
7.803471 0.504243
8.364917 0.403039
4.875345 -1.091045
4.759812 -0.814967
3.944479 -3.142149
5.059299 -3.986362
6.131994 -7.058010
5.968700 -8.095661
8.586368 -8.473125
7.739242 -5.906957
7.260181 -6.509534
5.794496 -5.284056
6.564272 -6.653183
10.095253 -7.886838
12.433060 -7.587952
10.582780 -3.581318
13.404275 -2.604023
14.624604 -5.168134
11.669382 -2.543259
12.712675 -2.279465
13.690823 -5.117719
11.942741 -2.905235
16.982883 -1.461623
13.881704 -2.621902
15.490341 -0.958100
8.392616 2.623873
9.065808 4.762196
9.462381 3.929930
6.496270 3.014640
9.103410 3.523335
9.031458 3.316337
9.052723 3.241504
7.446534 2.681239
8.336205 4.069655
8.100975 1.004115
8.403636 0.674607
7.985960 1.523404
8.678148 0.287005
7.236843 0.175274
5.692236 0.898163
7.089849 -0.204568
7.737051 0.179322
6.399150 -8.877927
4.415038 -3.092116
11.509672 -1.633321
11.890213 -2.191690
11.440041 -3.098555
14.918899 -0.676521
16.575113 5.311235
14.860208 3.093524
10.576161 -2.498372
8.677281 1.186265
8.071136 1.516171
8.987405 1.007638
9.040913 1.768286
7.938148 0.590054
8.517374 0.928429
6.708261 2.070005
8.558369 1.917083
7.047997 1.847189
8.141993 2.923341
14.363005 1.493074
15.672714 5.398472
19.571856 2.408914
12.265427 -3.620584
12.605349 -2.468100
10.916002 -8.580447
10.734123 -2.333816
11.396395 -1.896151
10.131327 -5.960843
8.708153 -5.796362
11.453182 3.456518
13.135321 -2.715656
19.131929 -3.047318
15.125010 -0.055449
14.888580 -0.906646
11.182612 -4.280552
12.205954 -6.044827
8.698423 -6.446543
8.418468 -8.435405
11.985991 -4.076398
12.179737 -3.659291
15.833973 -1.106088
18.080036 1.219344
17.201756 -1.221452
11.517721 -2.646444
7.796228 1.060426
6.175437 1.126487
7.668137 5.004859
16.154617 4.423662
14.918054 4.314590
9.365299 4.889123
9.543897 5.319985
7.524515 3.818745
7.059919 2.813310
7.272248 4.562233
7.443553 5.534379
7.855657 3.044419
8.917213 0.002765
8.493940 2.962823
5.605367 3.796779
8.461309 1.559441
4.025290 -5.891819
7.001905 -5.459854
6.862261 -5.432828
8.255967 -9.670697
10.560745 -6.157724
9.765274 -7.129094
8.367907 -6.027740
9.337831 -6.968706
11.265080 -6.538713
9.840788 -8.470181
7.217336 -7.645320
5.872428 -7.405928
4.995510 -5.022458
5.260738 -1.860807
8.981091 0.036456
8.331985 3.900153
8.485775 3.109853
5.868302 0.543624
5.121639 0.120170
5.283764 -1.052522
4.312650 0.293314
5.846764 0.447755
5.878415 1.356601
6.648313 2.182410
8.417580 2.318706
8.522165 2.879211
6.967387 5.161672
8.064180 4.641939
10.035692 3.426621
8.175007 3.434659
7.694532 2.837129
6.715766 3.705737
9.046658 1.361223
7.649739 0.088657
7.770263 2.721946
8.261334 1.977221
8.668507 3.519055
11.928520 3.473343
10.163029 3.508873
7.902666 4.033797
6.923904 0.879019
8.406530 3.069078
7.184362 3.945123
4.361195 3.457983
5.475296 9.145330
6.557945 5.073901
6.238557 4.594121
8.652338 4.869896
9.427340 5.366595
7.178019 2.602717
8.023197 4.499424
7.613563 3.275288
8.324409 5.452251
6.355179 8.281662
5.969982 11.346635
4.765034 13.525323
4.212856 13.052808
6.246885 9.500249
7.877300 5.191954
7.394947 5.619095
3.911257 4.686771
6.467030 7.505589
12.586540 9.996298
11.724291 10.189754
13.711175 10.331884
15.319514 6.356978
14.525356 9.754135
13.652096 11.161757
17.528164 2.613732
15.064606 6.313720
14.964080 3.410429
15.401424 -2.041739
13.012063 -2.262470
8.581360 3.111287
6.443454 0.627520
15.010861 4.168854
15.261751 8.772118
18.391609 5.785315
16.570915 4.330080
9.391844 4.042161
4.419049 8.620693
3.468145 9.755186
4.895786 8.494985
6.092446 5.451920
6.772616 5.495461
7.876039 4.194823
9.275787 3.914033
8.341531 4.118379
11.436800 3.620750
14.337072 3.748139
11.754898 3.564389
15.646368 4.429753
15.226007 4.094506
14.256893 2.524561
9.620827 4.495496
9.576742 4.857929
7.361574 3.776049
11.124372 3.726571
12.253703 3.741798
12.574837 3.503235
17.959568 3.686381
16.764334 2.048869
14.990685 2.232093
14.521856 -1.940668
7.720687 3.990703
8.185522 0.591592
7.696013 -5.649682
7.071842 -6.376550
4.657393 -5.075510
5.340980 -1.335765
5.464134 -1.604078
3.900592 -2.436414
2.472523 -1.862075
2.896931 -1.622503
1.592314 -6.005078
3.542356 -2.578881
4.178153 -1.781048
5.450468 -0.882098
5.022753 0.570095
6.844953 2.039915
4.220863 0.571583
4.472751 -4.326680
3.109835 -7.727807
5.904046 -8.781900
7.265020 -5.782819
4.194512 -2.923344
2.764757 -4.199358
6.318169 -5.837479
11.774377 -3.949759
12.665751 -3.335168
14.092627 -4.826005
14.449739 0.068502
14.110003 1.929794
16.492178 4.869051
15.832397 6.910579
16.340557 7.803077
17.859882 5.380229
16.514259 5.767968
15.304183 2.446091
16.956911 7.746365
13.412585 12.067343
16.322840 8.801654
15.942657 6.044957
16.092989 2.054953
15.807058 -5.638862
14.234068 3.164817
16.049934 2.503294
14.871408 7.640399
15.184786 3.726417
14.223493 2.253756
14.167576 0.385476
14.590416 -0.981073
14.183723 0.124172
14.507043 0.446226
11.371593 -2.973670
5.169092 -2.054954
8.439053 0.303109
6.226751 1.238745
8.891996 0.971300
11.701979 -1.747602
13.586348 -3.085473
12.052325 -5.817311
7.735369 -8.031518
13.748866 -8.699649
13.225183 -4.503157
12.146903 -2.696195
7.378476 -5.886084
4.736732 -5.186488
13.131488 3.551590
8.255591 2.399229
7.981566 3.550168
7.201565 0.993314
6.359539 -0.086196
8.311916 2.308327
7.436546 4.108701
10.590467 -3.049108
16.511084 -2.041599
17.582674 -3.718915
13.717180 -3.591566
11.894732 -5.072549
6.097589 -0.000689
5.420927 0.319141
5.348303 -1.335243
3.256015 -0.327254
5.084422 -1.061302
10.889856 -6.342956
7.785285 -0.057184
6.379117 0.469950
9.025175 3.004915
7.395837 4.122462
6.956029 2.342828
8.293609 1.075118
8.306633 2.393866
8.525122 0.098347
8.909065 0.424053
13.368137 3.758103
15.936153 0.858708
15.600869 4.236437
13.619894 9.376828
15.859383 9.452466
9.829296 3.767159
8.989292 4.599733
7.276851 5.607434
6.576778 2.755083
6.140834 2.667969
5.634580 3.684394
8.786821 3.037669
15.997689 4.867627
8.755633 2.871349
8.551513 2.098284
8.791426 0.354453
10.630009 3.714968
9.495938 3.627936
9.831165 3.500029
8.484687 3.840636
9.294456 4.695902
9.623874 5.031300
8.435326 3.630253
10.194992 3.477314
6.180132 4.878902
6.288653 7.696496
3.819732 7.840410
6.023101 5.902522
6.397887 5.091632
10.215751 3.472639
8.552996 3.942549
9.272752 5.541626
8.048325 1.958025
9.614675 4.552069
6.145569 2.428551
6.408196 4.290642
5.924562 6.661349
5.807519 5.680947
8.390881 5.245387
9.470130 5.072691
9.703307 3.710897
12.691765 9.918409
19.476957 14.413022
15.203308 6.205226
8.040634 1.072651
8.036456 3.451138
9.463660 4.483395
8.392143 5.097283
8.008229 3.868954
9.174603 3.615223
8.287038 4.020235
9.065207 3.011270
8.105061 0.640405
8.504084 3.307510
9.199907 4.079699
9.310286 5.400311
10.797405 3.586782
9.030384 0.276408
9.103148 1.410358
8.604103 -0.042877
7.986110 3.717748
7.506757 0.986930
14.282780 3.389333
16.031357 -0.270833
12.294624 -5.820883
12.210699 -1.970086
10.978300 -2.089752
5.358262 -6.317657
5.841745 -6.053725
8.351471 -6.688766
9.541469 -6.276288
10.481718 -7.284070
12.060009 -8.060383
13.151984 -2.265682
5.596827 2.809684
7.234188 2.735829
9.478635 4.054736
8.890837 1.879795
7.807881 2.460872
7.398885 1.680560
7.015961 4.106249
9.010819 4.293334
8.547210 0.556264
8.409348 1.023489
7.960150 0.369721
12.585300 -3.563765
14.795584 -2.104725
12.035236 -2.527737
13.265799 3.443371
13.107958 3.642377
15.818645 9.279153
14.863924 8.574833
15.929686 5.610505
16.113537 7.357363
15.683638 6.159945
15.744775 11.125492
12.337536 10.033140
14.317665 12.897555
9.383512 12.607781
10.569242 10.682305
10.035007 11.669299
6.103354 10.036962
5.600408 8.086082
8.865645 2.149291
8.697362 3.174847
5.709135 2.125299
7.290677 2.197137
7.669227 1.010058
11.410962 3.583774
14.764715 2.501660
8.142699 5.153088
9.304096 3.557994
9.207800 4.442783
8.659922 5.198161
13.784497 9.207273
11.947371 9.046494
12.214281 8.982594
14.851370 10.292331
13.556832 9.813904
14.573006 11.480965
17.376774 7.636785
16.455536 2.124936
16.581404 1.805427
12.504054 3.457561
8.553099 1.084619
10.866727 11.010653
10.070827 11.615148
15.372297 4.921343
18.297808 1.912112
14.241140 3.045014
11.951735 3.662396
13.393472 3.582562
9.316469 3.753941
15.976567 3.014727
14.996120 3.617630
16.373880 0.649537
14.931906 4.106786
17.094576 -2.353027
14.415050 2.466695
16.341692 2.143091
17.665173 -3.139750
10.943291 -2.226811
8.592001 -6.615255
8.240934 -10.417146
8.163538 -7.068640
7.763502 -5.523794
7.726949 -8.945402
10.256119 -6.723843
8.253010 -6.067716
8.595419 -5.979214
10.764202 -2.190448
14.184097 1.500793
14.165089 -2.671437
16.364595 -1.813107
16.034586 5.336331
18.299807 1.354328
11.611251 -3.766962
11.607214 -3.537075
15.793816 -2.280167
14.887976 -1.671901
12.304571 -4.787272
12.365774 -2.701087
8.413237 2.247725
8.563145 2.954629
8.293093 0.188040
9.072303 1.349169
7.073697 3.042905
8.417843 3.937446
8.939243 0.798458
7.769434 3.189946
8.670063 5.466223
9.095194 3.898807
6.268192 5.153603
6.686520 0.869067
7.817302 2.141529
7.934993 1.194391
8.532904 3.300769
9.177935 3.758312
9.277447 4.605755
8.519091 0.845586
8.312899 -0.139274
8.863004 1.768054
8.523574 0.458927
7.071268 -0.063295
7.144454 0.324298
6.714608 -0.000829
7.592695 0.441541
5.735683 0.254240
6.346875 -0.086094
5.023263 -1.719620
5.394526 -1.558347
4.954466 -1.653232
2.954862 -1.972584
3.021494 -5.295684
2.841750 -7.532983
6.245021 -7.155954
11.655837 -8.734456
9.628611 -8.711547
10.410513 -7.429125
8.766285 -5.596293
8.596058 -5.264291
8.286495 -6.162152
9.750656 -6.950061
11.315943 -5.268003
11.214418 -3.415191
12.159404 -4.457056
9.852678 -6.759855
11.021922 -2.627533
7.865797 -0.174399
7.526589 0.991667
8.932154 1.904637
5.353673 1.136194
4.335121 0.673475
7.817636 0.899861
8.853653 -0.050651
6.629562 0.027819
9.090326 1.885065
8.915516 1.750748
8.313181 0.063549
6.242627 1.155016
4.210059 0.395022
4.543939 -0.728167
3.571866 -0.857640
5.823134 1.351837
7.379202 0.865242
14.527598 2.715834
10.436785 3.731180
9.239809 3.546831
6.787261 4.474558
7.280239 2.659753
8.703590 5.388210
7.609395 1.780994
11.794289 -3.068221
12.069534 -3.165660
10.541286 -5.711272
8.669319 -7.486129
9.499625 -7.254742
8.941900 -5.983597
2.075696 -6.084966
9.217750 -9.231901
11.598031 -2.192633
11.833930 -1.888389
15.263226 0.799195
15.402563 9.324329
14.976444 7.047053
8.116839 1.813942
5.679613 1.399877
5.652910 2.985090
8.516755 3.088730
9.573935 3.732494
9.666696 3.468662
8.611002 4.244216
8.584867 2.659118
8.897339 0.405838
8.979382 1.333999
6.966013 -0.096560
7.903639 -0.177725
5.898897 1.746078
4.735815 -0.380778
4.408317 -5.095354
4.753985 -7.322671
2.850168 -5.906900
4.340183 -3.740909
4.913944 -1.474501
5.229293 1.403267
7.327686 2.758648
7.130062 1.550887
14.030502 3.510069
17.330057 5.787629
15.126719 8.678372
13.916203 11.362091
7.846928 11.400558
9.395159 10.785483
10.426983 12.589176
12.711429 3.431849
11.119028 3.558728
14.006002 3.589799
15.484204 3.837319
14.706829 1.567833
14.193325 2.791899
15.380193 3.645085
14.487886 2.550225
15.092289 3.133131
13.644629 3.599984
8.657561 4.139083
9.475784 4.036422
8.850109 2.180946
9.065171 4.146914
6.260724 5.374210
5.541015 4.155942
7.923720 2.696071
6.692761 0.828950
4.062194 0.103772
8.781235 1.919621
7.996468 1.673177
9.372051 3.904908
7.821381 3.415926
11.951063 3.553365
13.989223 3.741061
17.194992 2.908893
16.261322 7.635109
15.654490 9.396226
13.041332 -1.800481
12.890734 -5.874952
13.021875 -2.720275
11.759598 -4.090154
17.667534 -4.273579
12.979281 -2.099371
10.573022 -5.276321
5.327527 -6.576112
4.344421 -1.999053
5.325072 -1.350655
5.001307 -1.249918
4.481111 0.943155
6.871635 0.007398
8.414181 1.198451
7.653238 2.135135
7.479567 1.880427
6.127600 3.035058
8.315970 2.135426
8.962137 3.265050
7.691978 3.044496
6.344430 6.054159
3.636229 7.772801
3.558451 3.813692
5.580398 2.878473
4.763954 4.401269
4.331144 4.851222
5.135332 4.125673
7.884135 2.993731
8.587394 0.331213
6.618415 0.272175
7.068080 0.040431
7.497490 0.245290
8.302922 2.403407
7.535757 3.910070
7.328939 4.367866
9.572651 5.226231
9.810015 3.618205
15.221987 3.461515
14.939974 1.566899
14.391920 3.279052
13.706627 3.619606
14.679544 -1.486933
11.522276 -2.679653
13.301291 -4.304987
10.762234 -2.320780
14.619645 0.857323
3.872211 -2.582903
3.584862 -5.921449
7.758111 -7.215412
8.941730 1.182020
9.806471 3.670612
8.780647 1.717688
12.525288 3.605352
8.929337 0.884782
8.117917 1.298287
15.035150 7.569045
16.975954 8.475498
15.545853 12.062525
11.196177 3.593384
9.089521 4.059782
9.814623 4.882987
9.363289 4.487963
8.165239 2.075930
8.946970 1.953022
8.475550 3.991903
8.089961 1.745644
7.314666 0.366060
5.641680 0.907048
3.248266 0.536478
5.271278 2.822542
6.321358 0.551727
5.335968 0.077092
7.796638 1.662870
7.520112 2.503022
9.671869 3.948075
6.620369 3.474335
8.427027 1.013165
9.273180 4.036439
9.699749 3.644056
10.193938 3.614956
14.247934 -1.667394
5.084032 1.001184
7.788267 0.382114
8.226498 -0.088342
17.202930 0.666134
12.439919 -1.725301
8.227675 0.219415
8.127069 0.105459
11.314318 -1.594250
11.324833 -2.743488
11.194780 -1.809051
15.091406 2.980993
15.365789 3.897566
6.610133 0.960198
8.897774 2.581885
8.781223 0.444450
12.311871 -3.410401
8.456937 4.143833
8.525536 3.633211
10.453778 3.753954
10.573238 3.678504
9.251571 17.533247
9.478655 11.400179
15.148218 -0.003171
14.614034 3.726981
8.878164 5.266720
9.679637 4.572316
7.591240 5.069652
12.048418 11.710712
9.008179 10.663309
15.457697 6.517597
15.054844 0.856195
14.792162 0.454766
