5.092408 16.780737
9.263513 11.500524
9.736938 11.310427
7.103443 11.964355
3.866313 11.228229
5.462632 5.547600
9.066953 4.983032
8.623828 5.013969
7.894238 3.285186
8.436114 4.045033
9.495152 5.243801
7.910594 5.393608
8.564313 3.577734
6.762388 2.544589
5.196899 9.511468
5.866735 7.741707
6.094783 7.021356
5.505194 6.607137
6.378997 7.979230
4.036774 8.202506
6.511909 5.944247
6.539736 4.844925
6.009321 12.788237
10.045599 10.905599
10.167109 11.691717
4.209684 11.382094
6.024954 8.709134
5.968234 5.569174
6.160482 9.409010
5.474905 12.389072
3.748763 12.730207
5.880341 12.885990
7.209889 11.216860
7.783748 10.673057
9.353628 11.201927
9.189417 11.753892
7.836262 12.934889
5.590346 4.399541
6.720428 4.377002
5.764735 7.498529
4.042828 5.120389
6.289241 4.521847
7.083424 3.993498
4.784528 4.609247
3.028212 5.472373
3.320483 6.542597
2.605560 4.287227
12.233576 10.182790
13.802320 10.046008
12.629900 9.949470
11.976904 9.286708
12.778629 10.528201
14.904840 4.514269
18.328983 0.365449
9.714842 4.306220
8.984434 3.569377
8.203334 2.391173
8.943724 4.307014
12.783109 3.513991
11.198639 3.664348
8.551375 2.021427
7.534550 0.800526
7.021619 1.244633
6.805315 1.717701
5.180676 1.340120
7.134333 1.969104
8.229130 3.937836
6.971285 4.914321
4.904880 6.252588
3.896808 6.123628
5.580270 6.957711
8.359954 5.622766
8.173157 5.408599
7.407660 3.634630
9.308911 4.834777
9.226149 3.866854
9.722649 5.028849
9.521013 4.296812
8.294730 5.541323
9.771129 4.851093
9.851688 5.261957
8.591635 4.924513
5.745687 6.822608
6.206399 4.791442
6.952236 5.136391
5.352058 5.042012
8.821742 5.213189
6.930799 4.966425
9.096209 5.655531
5.981677 5.149910
6.527816 7.629242
5.351907 7.090435
4.555047 7.625918
3.300939 5.659438
5.934996 5.315503
9.600242 4.661171
6.754898 5.640228
5.713232 1.947229
6.445992 3.887786
5.292505 7.004821
6.176190 8.572448
10.605316 11.326221
13.783602 11.219974
12.408199 11.351519
14.013331 13.062675
9.303358 5.107216
7.019031 5.222152
6.290435 5.195761
7.758303 4.215717
4.127481 8.416452
6.118903 5.679150
8.003631 4.346776
7.144216 1.986899
7.203299 4.059863
8.572081 4.200753
8.756474 3.852775
6.921008 4.125981
8.816871 5.039461
8.268634 3.285624
8.638208 3.939675
8.409963 3.530670
7.580918 3.479328
8.935093 1.019035
9.005843 4.900470
8.913652 5.256199
8.385195 5.329695
9.645077 3.484577
8.429735 5.619750
8.697773 4.166609
9.737493 3.896258
9.732444 3.597734
8.684790 4.815209
7.980609 2.409153
7.689273 1.079684
8.022648 0.707915
8.259462 0.795845
7.348803 0.334661
8.414339 1.378556
8.996048 1.599244
8.574413 1.411407
4.995039 1.207168
7.353057 2.404252
9.679993 4.533635
8.917921 5.468354
8.520593 3.838695
6.820143 3.753027
6.296623 5.303773
5.943804 6.463319
6.407285 8.590985
6.140294 9.188995
4.890872 4.102223
7.365088 5.454364
6.561083 4.344729
8.914110 4.103681
7.393587 3.345046
8.401731 4.490159
8.241911 4.355157
8.513658 3.635051
6.352549 2.601478
6.505862 1.887879
8.510612 0.901648
7.832637 3.999414
8.042936 3.843292
5.958716 5.848081
6.318702 1.922619
8.638069 3.180761
9.574054 4.445324
8.120348 4.928806
5.938849 3.705489
7.424678 2.935792
8.965048 5.539110
8.107421 5.252058
7.319232 3.727048
7.688803 4.469658
7.923764 3.225425
6.404427 3.984587
6.410979 5.362441
8.293288 4.190299
4.327507 4.907640
12.348737 11.356717
12.803684 11.179808
5.236263 10.648485
5.649128 8.074794
5.550014 7.353430
4.362125 9.328503
6.487438 12.055506
13.748499 12.735202
13.419870 9.700698
12.730304 11.652884
11.777005 9.686549
12.111440 10.822120
13.074213 10.282945
12.552996 9.281213
13.292065 10.139691
12.056633 9.558518
16.912098 9.391719
15.054260 4.444225
15.662983 7.285148
15.491310 -1.076197
16.179283 -1.831387
