10.989519 -19.501616
10.260694 -8.806832
13.614501 -4.567668
11.017477 -6.265698
9.629282 -6.597985
7.414253 -8.026384
9.033514 -7.084378
5.535353 -5.610327
3.668446 -4.994680
5.058246 -1.396260
4.899046 0.249561
6.826155 0.933401
7.701824 0.022155
7.434927 -0.085277
5.834724 0.350177
2.325731 0.288858
5.318248 -0.792686
4.718869 -1.828599
4.456731 -4.158331
5.012016 -2.714905
5.183889 -1.191708
5.802780 1.425674
5.819288 -0.005245
9.487213 4.288726
8.810989 3.743207
8.361234 1.366452
9.045312 0.831241
8.452112 0.124435
8.564848 2.178980
9.446330 4.490956
15.450065 2.630354
8.764502 2.719729
9.012711 1.560996
16.133221 4.401531
12.682387 8.827147
13.659802 9.137074
14.969128 3.656614
15.317982 0.462477
8.444990 11.969991
6.199251 10.438354
5.703062 7.913011
4.839048 8.016607
6.956031 4.500833
4.103803 11.906125
5.748091 12.040110
5.656659 10.388038
3.920571 10.331875
5.684765 10.397405
4.448986 11.526534
5.224184 8.749725
5.132284 9.824361
5.636276 6.401589
5.674389 7.269566
5.985511 8.184957
5.209103 9.630433
5.474543 9.410422
5.108689 7.905575
6.068956 11.045911
7.031446 11.152785
5.989324 8.244909
15.262594 5.849966
11.398270 -2.468497
13.174333 -4.418453
7.536408 1.721400
9.757461 5.162317
9.447344 4.289201
8.792139 5.623349
8.311437 4.184072
8.612675 4.553333
8.275757 4.940803
9.581667 5.547051
9.482484 5.420551
8.100236 4.896303
8.688089 3.916490
7.763918 4.323022
6.978919 4.219549
7.232121 2.503678
7.930170 4.403384
12.345301 19.222969
7.656561 12.425664
8.925575 11.773882
7.326669 10.790679
7.842860 4.558519
8.003573 0.817579
7.337047 0.585992
9.728912 4.047890
8.826475 4.561792
6.456146 8.810145
5.069128 5.919398
6.142551 8.907453
6.444242 4.949396
8.296910 5.097498
9.377331 4.313064
8.254802 3.907601
8.090447 3.677307
8.056341 4.643518
10.169430 3.573775
8.638721 4.609598
9.809290 5.561047
9.502249 5.065434
10.089233 10.882222
7.943829 12.098115
15.347853 16.176350
14.982136 9.900293
15.971935 7.890936
16.058136 13.437629
18.115208 4.831348
14.172422 9.652715
10.292818 11.046969
9.249002 11.705838
6.945276 11.542711
11.787483 3.693275
8.319826 3.784379
8.530097 3.860903
8.373726 3.774642
8.572992 1.845138
8.947258 3.330566
8.118190 3.258351
9.310423 4.622038
9.804653 4.749205
8.354059 5.385325
8.815903 3.694961
17.378178 -0.280063
16.451199 0.856648
17.235134 5.898129
15.309210 6.554989
16.270973 2.965991
12.693475 3.426134
7.871563 0.998008
8.254498 -0.085341
8.612707 3.652623
11.905681 -2.453470
10.970185 -7.168988
13.016272 -4.641020
11.041641 -3.724603
13.520382 -6.500557
11.678417 -2.472622
10.930695 -1.592299
16.228794 -2.495173
17.655855 4.404199
15.016890 2.072811
15.502274 0.696912
12.951166 -3.769909
10.087816 -6.624100
7.032165 -6.814513
7.113364 -5.714627
8.707827 -6.025061
8.200370 -6.027135
8.475000 -7.048278
8.682558 -7.144455
6.444561 -9.463845
6.523242 -8.657190
5.341507 -4.139030
8.342819 0.146944
8.224607 0.061710
11.245441 -3.950989
13.789162 -3.394616
10.761721 -2.324189
8.419043 -6.558339
9.184937 -6.199832
7.176558 -5.331311
7.908809 -7.343513
4.234619 -5.098759
5.452786 -3.328866
4.255809 -0.363224
4.911272 -2.185458
4.529548 0.606536
6.863567 0.027843
7.871178 0.033373
7.632937 0.704350
6.913526 0.226193
5.859971 0.067295
5.384903 -0.170496
6.777963 0.043136
8.279081 -0.063781
8.915075 2.212445
8.213245 0.467720
8.841368 0.080841
6.644435 2.002829
7.090891 1.308926
8.697849 3.354851
7.581014 0.599290
6.933551 3.225733
7.578577 3.896044
5.410110 1.773164
6.581995 2.481304
4.987305 0.094366
7.876080 3.818039
8.815596 4.776846
9.083639 4.341607
8.923222 1.230696
9.027458 4.557695
8.403352 5.600142
6.496886 5.036583
11.051700 -2.457983
13.367532 -1.969453
8.673260 2.180858
9.207617 3.489062
8.091437 3.780985
9.003042 4.235309
9.751839 5.224899
9.173923 5.486225
10.933405 3.778782
8.548292 1.442108
7.671426 1.838030
6.387605 0.909649
6.761871 0.224366
11.560308 -2.452005
11.574437 -1.930885
11.973090 -2.281113
11.558357 -1.628219
13.763350 -2.060506
7.603900 1.283222
8.418236 4.935586
8.594160 2.922876
10.971783 3.774153
10.099015 3.514368
6.455941 1.193204
6.419577 0.144591
8.123968 0.658712
13.329205 -3.479302
4.999836 -0.049198
3.987527 -1.431393
4.637893 -0.920862
4.876302 -1.729516
15.957383 2.922351
14.658524 -0.227998
14.207032 -0.467033
15.259830 -0.137123
15.774705 0.646190
15.405224 -2.462751
14.671480 1.045685
15.224836 -4.492754
12.029467 -2.516891
9.705051 3.413674
7.012959 2.061059
7.214656 2.509527
6.577960 1.956943
6.683266 0.627728
8.377117 2.353685
9.108234 1.364499
7.454023 3.348248
11.669226 3.610129
10.839008 3.610892
11.220987 3.497469
8.841548 3.714426
9.318007 4.904521
8.720965 2.476797
8.930195 0.835974
6.596834 0.046673
5.835127 0.622181
4.188940 -2.040974
4.506280 -2.608605
3.760847 -5.162468
2.554343 -3.699926
2.837153 -6.142609
3.007162 -6.515957
3.544561 -5.816136
5.059515 -6.823963
3.861931 -7.289231
3.982240 -4.103321
3.480591 -4.606095
5.451002 -0.492273
6.441747 1.130513
8.369940 1.569881
6.224081 -0.121364
8.808602 2.673260
5.486679 2.626772
13.843035 -2.874648
10.869163 -2.398347
10.628306 -3.601857
10.742863 -3.765970
12.190979 -3.560784
10.538992 -3.677473
12.506886 -1.854385
13.244484 -8.764197
12.043158 -2.423264
11.856486 -3.147836
8.262465 0.388504
7.053511 0.200222
6.819383 0.305265
3.395045 -5.052392
4.042025 -1.887488
2.396235 -5.488765
6.705388 2.284317
8.434198 0.284368
8.053628 1.442811
8.528254 1.268173
3.210726 -2.642939
2.114343 -9.057804
5.707903 -6.973679
7.525495 -7.246236
10.915773 -2.873619
12.179691 -2.203656
7.524731 1.316111
6.591707 0.372574
8.297533 1.648941
8.924297 3.623744
8.649628 -0.020221
7.861098 1.453647
9.574938 5.044123
9.644972 4.569273
8.163492 4.046730
6.545767 2.643205
9.253434 4.889520
9.323235 4.073188
8.251373 2.271826
6.699406 0.968463
6.376385 0.417545
8.509271 1.816083
4.328223 -0.418708
3.296013 -1.513335
5.091041 0.534781
8.721193 2.012831
8.006300 3.012249
7.707386 3.464015
9.161830 4.156867
8.024847 0.598122
8.697845 -0.094161
6.072654 1.582974
8.103740 2.637625
5.439369 -0.693936
4.109421 -2.291874
6.038969 -7.776411
7.227691 -8.103461
11.052258 -4.950408
10.172020 -7.924192
11.594254 -6.595235
14.903694 -4.053136
12.231512 -1.730618
11.690767 -2.252071
14.363213 -3.694986
11.864768 -5.937323
14.576186 -4.770032
10.319548 -8.364669
12.235443 -5.178254
9.336855 -6.263656
14.461862 -5.989560
10.968732 -4.169461
11.058236 -4.870599
11.940161 -3.056864
11.073934 -1.608200
10.647467 -1.727093
11.863375 -2.096721
13.266924 -4.806883
9.693884 -6.780804
10.762245 -5.778917
7.105450 -7.998857
3.940384 -4.049340
5.436193 -3.590745
5.910632 0.061053
6.050106 0.138780
7.129500 2.801276
7.438466 -0.203902
8.650480 2.112432
7.941157 1.714368
8.482434 3.488794
8.718557 3.741196
7.394014 3.180254
6.136217 0.924284
7.652545 1.815525
8.628960 1.173417
7.903419 3.009477
8.976922 3.178477
8.239140 3.504083
7.896688 4.126589
8.848791 0.839261
8.862408 2.435102
10.524212 3.550373
9.848227 3.413670
7.205239 3.254988
8.156231 2.923433
8.461185 0.389717
8.811356 1.938271
13.084259 3.457494
6.833689 2.656000
6.868996 0.708014
8.372904 1.748801
14.959348 4.519530
15.816279 4.956262
11.019466 3.780908
7.756574 3.076477
7.301647 2.812580
8.294360 1.174782
8.109697 2.635631
8.664999 0.607715
7.367627 0.445308
9.011900 4.208528
9.314411 4.324644
13.506591 3.687198
14.176025 1.318506
14.400433 1.117362
9.265808 4.179707
5.249813 0.158590
4.668486 -1.279555
4.197491 -3.092243
5.828008 -5.819161
6.119944 -8.396664
5.929305 -9.102136
8.128223 -8.115594
7.606665 -6.119545
7.639302 -5.472624
4.450609 -5.766985
4.048430 -2.486461
2.751956 -3.364585
4.714745 -2.680344
4.681889 -2.412522
4.660865 -0.169308
6.655190 1.817847
7.800898 0.942316
7.526896 1.710703
5.027299 1.961046
5.770778 1.581540
7.020030 5.253939
8.822869 3.710688
6.367418 2.206695
5.822829 2.647370
7.188539 2.631329
5.768337 2.363400
8.118877 4.062165
10.538803 3.632969
9.947074 3.670949
7.679836 3.798713
7.454252 0.721594
5.528913 0.755930
4.735476 -2.893336
2.716257 -4.178195
5.137246 -2.670480
3.746206 -1.194819
4.610705 -1.364257
3.032608 -1.020829
5.448613 -1.459731
5.038919 -1.949731
4.764765 -0.650379
6.082702 1.234040
8.710936 3.963150
9.790829 3.879380
5.404664 5.965317
7.456285 15.005756
12.286127 18.495440
