0.723513 3.386589
-2.125742 3.066064
-2.457126 3.854053
-1.093875 3.387967
-1.656227 5.388499
-1.571144 5.235584
-2.666957 7.721294
-3.395614 7.346595
-3.076867 6.419775
-4.093608 6.405762
-2.240020 7.504659
-0.863373 3.812580
0.623865 4.147106
-1.391486 3.206276
-1.702045 4.549863
-1.779926 6.962144
-4.082785 6.993999
-7.133618 6.523879
-7.419132 8.372404
-5.538649 9.080984
-6.721274 6.935768
-6.335761 6.937438
-5.069934 6.759527
-6.908470 7.655779
-6.869052 7.716447
-7.507713 10.013947
-10.639061 8.796662
-9.245411 10.353361
-5.878216 6.962370
-7.167729 7.119736
-7.540742 6.524555
-7.934216 6.004227
-7.785825 5.236994
-7.277157 8.071692
-5.713839 6.822166
-6.304556 6.852654
-4.836717 8.380046
-1.214893 6.430359
-6.266278 7.566076
-7.060883 6.335555
-5.753053 8.700108
-8.185525 9.032849
-8.142076 8.586164
-13.253474 5.765251
-13.225892 5.102916
-12.094280 -0.841441
-13.671602 -1.723820
-11.732018 2.451531
-11.310408 2.337527
-9.948761 3.436686
-10.110453 2.996367
-9.328784 2.599533
-11.372776 1.749274
-9.730962 3.222679
-9.099794 3.447892
-7.625736 2.286322
-7.661115 2.109127
-10.064703 2.349631
-10.791251 -0.407303
-8.746662 2.208324
-9.616844 2.837064
-8.048772 3.269845
-8.265028 3.164668
-6.473006 9.642826
-9.149227 9.146358
-8.968218 8.956119
-7.278718 8.226052
-5.751394 6.705491
-7.626740 8.695031
-7.544515 4.921230
-7.886581 4.186402
-7.782406 4.526528
-7.536764 7.554753
-8.951738 3.198041
-5.402817 6.645984
-2.044590 4.645243
-2.472192 4.647716
-2.445525 4.665392
-1.158206 2.514395
-2.303627 2.891054
-7.532654 6.276494
-7.878912 4.214823
-7.762467 4.626184
-9.478099 2.879244
-7.623272 4.552596
-6.271721 7.384686
-7.806821 7.197502
-3.459722 7.170187
-3.354910 8.405849
-8.224262 9.578162
-9.731447 8.685921
-11.020043 8.889353
-16.299980 6.839693
-10.308886 2.260190
-13.459160 3.494861
-16.512827 -0.314431
-7.631779 6.430216
-13.200164 4.078910
-7.884457 5.129767
-7.495843 7.860029
-5.029042 7.578093
-6.695860 6.641508
-11.835895 3.315043
-13.183850 2.418549
-9.416748 3.267032
-5.959760 7.432481
-7.112257 6.813681
-5.374822 6.941049
-6.047966 8.034096
-7.207731 7.787661
-7.569721 6.334311
-10.045578 8.592124
-18.490791 12.366502
-8.119376 3.046922
-13.187965 4.496041
-17.217932 6.110481
-11.216044 1.792372
-9.990676 2.806334
-14.382563 1.234832
-15.411057 7.671099
-14.331241 8.391610
-9.820799 8.964118
-12.946178 8.770701
-13.162867 4.633204
-13.077094 2.296774
-8.921860 1.310814
-7.499022 1.316906
-8.456358 1.368117
-7.597526 3.363484
-10.961088 -0.014681
-11.057417 -1.144132
-10.939943 -1.163220
-10.548669 0.525077
-9.666110 2.951358
-9.686536 3.308817
-9.695348 2.578604
-7.773521 2.226009
-7.616352 4.322058
-7.901649 5.056171
-7.082558 8.549212
-10.448535 8.503100
-7.765878 8.779576
-7.644961 6.250030
-10.236404 9.589910
-7.896538 11.004237
-11.350000 8.540855
-5.327642 7.782946
-4.158661 7.698690
-6.113067 6.540043
-5.236819 8.830741
-7.333127 9.960765
-7.327691 10.875922
-9.214092 10.383927
-13.090707 10.019795
-6.404515 6.531953
-7.752393 6.525644
-8.744638 2.513225
-7.996872 3.104656
-6.188678 7.324699
-6.612589 10.862441
-9.935648 9.595158
-11.696973 10.918774
-10.332639 9.350472
-2.799530 8.277996
-4.699594 6.668991
-4.954362 6.426422
-6.902984 8.469357
-3.159928 7.807169
-4.030053 6.444719
-5.299028 6.819092
-4.799147 8.039279
-7.601811 4.575874
-7.544940 6.163825
-7.576112 6.173007
-6.936461 9.321571
-6.651145 6.896842
-7.139146 7.012084
-8.011539 9.339375
-9.047979 8.543824
-6.609467 8.684559
-11.164507 9.624586
-13.906801 8.656396
-10.263030 8.995571
-8.108721 10.124540
-9.443902 10.692201
-5.855204 6.373186
-5.954744 8.958928
-4.024032 8.552438
-7.172716 7.410429
-6.282093 7.277795
-5.742905 8.657028
-2.857447 7.858176
-2.012663 4.866678
0.098266 5.010810
0.849695 4.415774
-0.643473 4.212011
-0.694665 2.496218
-1.239066 0.868945
-1.620399 1.984074
-2.472289 1.910702
-1.981640 1.607202
-0.828436 2.568748
-1.497116 1.975100
-2.307171 4.067861
-2.068567 4.677004
-2.729309 7.639334
-3.236958 6.459761
-6.630989 7.003036
-7.011088 6.417023
-4.854618 6.792363
-7.724019 7.837168
-8.347198 8.511064
-6.083395 9.133489
-5.915846 6.588167
-6.381298 8.198170
-7.761613 6.239149
-7.515782 7.840504
-7.946648 4.729537
-7.685848 3.872220
-9.835399 2.490505
-8.513904 3.184290
-7.165170 8.243522
-6.866145 7.208845
-0.467546 5.919165
-1.746652 5.235829
-0.944487 4.951015
-0.347180 6.008761
-3.299527 6.918199
-3.569283 6.902322
-6.615294 6.820903
-7.580417 6.250522
-9.925292 8.980452
-3.963324 7.672460
-6.494493 7.142705
-10.294027 2.254838
-8.976615 2.899979
-12.351927 9.169312
-6.502844 12.537034
-6.014386 10.929822
-6.748870 9.475617
-5.888825 7.797954
-7.672331 7.349623
-6.526353 7.554638
-7.109991 6.956554
-6.661862 7.530303
-6.278025 6.979861
-5.323141 6.748648
-2.233119 5.062570
-0.855224 6.624774
-2.872302 6.450670
-5.188348 7.394041
-7.503066 4.708669
-7.639174 5.533322
-8.943126 1.505429
-5.200099 7.873884
-5.486924 8.822077
-4.910732 7.113457
-6.072953 7.496803
-7.774065 4.821751
-7.056452 7.086978
-6.524190 8.519066
-7.396348 6.552700
-11.423315 8.619792
-7.912964 6.641096
-7.619143 6.667259
-7.030264 7.578403
-7.697914 6.566458
-9.202477 8.717517
-8.426205 9.941424
-5.556973 6.723992
-3.939699 7.145688
-6.475378 7.299224
-7.930609 6.983974
-7.669063 5.289459
-7.551477 8.014728
-7.283648 8.250772
-8.572044 10.262438
-14.010878 9.862543
-15.091010 7.516019
-13.039224 6.260351
-13.438560 3.979699
-10.790737 1.239324
-9.581512 2.232177
-10.229602 1.619900
-10.304851 3.408034
-8.608597 2.789487
-11.366579 3.136095
-7.709025 2.599344
-7.018206 7.161247
-6.459100 6.978890
-7.594294 5.073164
-5.736206 8.067124
-5.512491 7.081900
-7.508100 7.601844
-7.877426 6.149301
-7.303586 7.328195
-4.101636 8.095270
-6.794048 8.657492
-4.950737 6.405345
-4.704008 10.065942
-9.892571 9.057977
-10.753335 10.113677
-8.818424 10.665465
-7.516665 10.139771
-9.257927 8.717723
-9.964603 9.294971
-7.035454 8.257710
-4.658931 8.532323
-5.840263 6.394632
-7.012523 6.700340
-5.188457 6.607889
-5.127344 7.115635
-7.611348 9.384906
-4.020109 7.230813
-5.433174 7.165197
-6.893220 6.583275
-7.333831 6.343438
-7.000673 6.534459
-7.277470 7.768408
-6.967338 9.182951
-4.627819 6.926447
-7.133514 6.841155
-8.293705 9.694431
-6.487039 8.437072
-6.202381 10.541515
-6.533398 12.133042
-6.618469 9.006192
-5.313345 6.608140
-7.234457 7.233406
-7.854326 2.255373
-4.360341 6.718672
-5.190741 7.188052
-2.813754 6.517952
-4.192702 8.994152
-6.648724 7.195943
-7.228959 8.297235
-9.192600 2.060824
-7.579819 3.718182
-7.927237 4.349329
-7.833170 8.075193
-6.879717 7.827840
-5.885062 6.986732
-5.395850 7.020499
-4.472714 8.337629
-8.352415 8.588272
-9.983286 10.307660
-8.410626 11.332361
-13.218754 10.279677
-13.806735 8.819964
-13.248960 8.675809
-2.764948 8.637159
-6.572759 7.517726
-8.160509 11.734567
-9.622902 10.716502
-13.671202 8.948590
-7.909854 6.679321
-7.068366 6.835891
-7.892879 5.883562
-7.693842 6.895113
-7.311903 6.759919
-9.154572 2.252161
-2.881432 -1.089904
-3.972388 -2.417513
-3.158688 -2.878183
-3.335784 -0.310760
-4.079223 0.746805
-8.521146 3.121467
-9.676615 1.072167
-9.515118 1.225212
-9.704067 1.205857
-6.223520 1.194511
-7.915690 3.861593
-7.507280 6.339301
-6.664165 7.955246
-8.375214 9.879369
-11.827759 9.164750
-7.850230 7.371008
-6.573349 6.543726
-1.722839 3.411306
-2.473674 3.575965
-7.786748 4.422308
-7.773745 4.512932
-9.964872 11.290726
-8.793019 8.947191
-10.064094 10.074796
-14.743069 12.291421
-10.277073 10.938651
-13.157065 9.759393
-11.024343 11.047523
-8.800698 9.341898
-3.888391 7.761063
-3.962445 9.053402
-6.437130 6.974826
-6.865296 7.006687
-10.728317 11.605727
-9.706310 17.428717
-9.212946 2.106538
-7.606107 2.355740
-12.036034 1.995350
-9.535045 3.014464
-12.637772 3.130831
-9.672815 2.805537
-8.739725 2.720407
-13.466199 2.982950
-11.436216 0.831699
-11.654503 1.638154
-15.665102 1.043257
-12.283528 8.751176
-12.078411 8.847487
-7.337431 9.217157
-9.799989 8.509138
-7.458103 9.352984
-8.930560 9.738525
-9.829259 9.225256
-9.369189 9.115135
-5.006329 7.841438
-5.678396 7.484395
-6.934864 6.699813
-7.822750 8.347553
-7.839126 11.417180
-2.218518 8.582409
-1.947765 4.776936
-1.403422 4.157713
-1.616179 3.643246
-1.584848 3.304462
-2.018622 5.394101
-3.059706 8.246680
-3.103554 7.091020
-3.602164 8.092570
-2.304631 7.802760
-5.751652 7.218318
-5.209932 9.936887
-8.996353 9.076772
-9.080928 9.403215
-8.742270 9.230098
-5.326029 8.106104
-7.362269 6.771152
-8.882911 8.906071
-8.151247 10.459185
-14.138447 6.846244
-16.352516 4.348284
-14.109684 6.104585
-14.853680 4.074425
-8.940857 2.921441
-4.402203 -1.529554
-3.110036 -4.884540
-3.735917 -4.247798
-7.622809 5.341732
-7.490343 6.251462
-7.696552 3.872221
-7.427057 7.261091
-6.546031 7.493231
-4.457088 6.553947
-6.963002 6.366107
-6.917097 6.507051
-6.101011 6.650000
-7.583724 4.999169
-7.833751 5.722012
-7.503309 7.352537
-8.331681 3.326788
-8.431482 2.884408
-13.158949 6.473123
-15.309635 8.988807
-7.804382 7.417751
-15.623928 0.157942
-14.698958 -5.529873
-10.218092 2.150515
-7.836915 3.851607
-7.845253 3.272747
-10.491550 3.239248
-9.015324 1.685608
-11.011857 2.100024
-7.784176 1.556872
-8.226898 2.972265
-7.741769 3.731584
-4.525643 -0.809137
-6.007834 -4.201117
-4.290998 -4.311240
-5.674943 -6.969796
-3.396667 -2.467914
-2.311903 -1.827410
-1.344938 0.301867
-2.458562 0.770127
-3.120947 1.180335
-2.048208 0.088677
-0.045221 2.949322
-1.051829 1.269751
-2.424332 2.941930
-0.911214 2.734859
-1.770110 2.798643
-2.395441 5.992697
-2.275321 6.800205
-2.974686 6.881676
-2.800607 6.436831
-6.021760 6.930464
-2.265347 7.869344
-1.879364 6.197324
-2.458487 5.932963
-2.422628 6.882772
-3.111645 6.693564
-5.832147 7.618812
-7.205629 8.779847
-6.870327 10.054577
-7.855165 8.778459
-7.060485 7.391707
-7.690712 6.378639
-7.343273 7.345738
-6.760307 7.581792
-0.655071 3.540049
0.797878 3.621950
-1.401846 5.049839
-7.917248 5.021138
-7.572978 3.080803
-11.403157 0.973860
-9.770766 2.960327
-10.784021 2.482903
-8.260887 2.590252
-8.415606 2.770484
-8.983324 2.134319
-11.646776 -0.011720
-10.308777 -1.241268
-11.398847 2.357990
-12.689835 -0.679549
-11.178265 -0.223759
-9.608492 -0.053439
-7.709533 4.863484
-7.560963 7.560563
-7.113942 7.693967
-6.605723 7.495314
-6.536995 7.104512
-7.433729 6.903793
-6.895064 7.360326
-5.995045 7.536456
-7.158628 6.555317
-6.731715 8.069354
-5.552036 8.612412
-7.921455 7.261981
-7.482739 5.316647
-7.727447 3.966566
-7.571492 7.811469
-7.883672 6.474093
-4.537746 6.373131
-5.619164 7.131907
-7.677821 6.814928
-5.177952 7.977517
-4.645298 8.458814
-6.461880 7.011291
-6.819959 7.346879
-5.889708 7.624130
-9.271352 10.125494
-6.509151 6.368524
-6.006622 7.338923
-7.600715 7.366770
-7.911243 3.727122
-7.578110 3.063434
-8.349841 2.547265
-9.856819 1.943970
-8.316370 2.922870
-11.133577 2.296425
-8.557058 2.320894
-6.169120 6.889759
-11.319653 3.337536
-10.075251 0.788763
-9.496820 2.930674
-8.807699 1.238426
-9.182077 2.337661
-9.287562 2.080455
-8.748596 2.587952
-8.388279 3.238914
-13.067753 5.546762
-10.150393 3.253258
-8.089602 3.362632
-8.769043 2.097813
-8.476804 2.578244
-7.353229 8.722668
-7.582501 10.133225
-15.180555 8.929506
-10.555540 9.883075
-9.519736 8.975598
-6.386147 8.949437
-5.736845 8.117707
-7.795388 5.258797
-6.994452 8.631253
-6.354430 7.049014
-4.246282 7.293012
-5.250443 8.040132
-5.360635 7.762125
-7.062713 7.452583
-3.140698 7.984054
-3.764495 7.262229
-3.576233 6.843968
-0.845162 2.921649
-0.876764 4.403307
-2.304022 5.312257
-1.892954 4.577451
-1.869675 4.061205
-2.370349 5.181498
-1.336388 4.401302
-1.152016 2.974404
-1.771548 3.665624
-0.850112 1.276060
0.146929 2.328312
-0.042323 4.368343
-4.846837 8.693499
-7.798584 8.209244
-6.100700 7.678966
-7.766481 8.109038
-7.820395 5.611524
-7.887464 4.731704
-3.977670 7.646286
-4.145404 7.952259
-8.251026 1.871271
-7.166113 7.346334
-5.777066 6.340214
-3.458187 6.354129
-3.026300 6.734309
-3.614445 6.571049
-2.518419 6.915409
-2.031733 7.043423
-1.196329 5.107501
-2.383369 3.864781
-1.987276 5.345026
-2.001470 3.990660
-1.330095 2.990508
-1.357786 0.709479
-0.234777 3.293582
-2.072350 6.044758
-5.700304 8.814992
-5.594588 7.748420
-5.382259 8.000726
-7.131803 6.786723
-5.969779 6.342000
-7.556789 8.550909
-6.303767 6.498843
-7.916836 6.823331
-7.752718 5.562612
-7.742383 9.405222
-5.748805 8.944728
-7.005818 8.128050
-6.447333 8.017920
-6.014843 6.550426
-6.836715 6.856688
-2.735177 7.486739
-6.169035 8.032397
-4.571944 -2.119107
-6.007069 -4.050358
-6.696421 -5.700612
-8.122165 -4.520235
-13.678253 5.430879
-13.539052 6.164605
-13.596288 6.279130
-4.494524 9.459824
-5.635652 11.045891
-9.276091 9.004966
-5.999615 7.314538
0.757386 7.331119
-0.886830 4.516530
-0.645184 4.863060
-1.005319 5.359354
-2.284374 5.021393
-0.555218 5.381879
-2.775440 7.197751
-6.739726 7.623717
-6.149286 6.562003
-8.247086 9.261932
-9.698729 9.841314
-9.565998 9.307869
-10.815734 9.464133
-8.711025 10.590825
-12.280193 12.040776
-9.949839 9.875810
-10.133570 8.664071
-11.975712 9.355382
-10.440586 12.104600
-13.560497 7.738397
-13.332916 5.410509
-13.259670 9.246293
-4.772834 8.866068
-7.815874 8.355973
-7.910411 4.581346
-7.592716 5.222557
-7.797446 7.429422
-7.549183 11.115804
-10.023232 13.363461
-13.654130 13.112054
-11.359746 11.182822
-4.962458 9.337380
-7.345178 8.154510
-7.791775 5.308805
-7.488411 8.029951
-11.383534 10.449229
-10.225594 8.820670
-10.443106 9.155647
-3.641641 7.852525
-1.372165 5.775540
-3.432601 6.676765
-5.423452 6.713515
-8.086994 3.285423
-9.020430 2.610991
-8.780504 2.096004
-0.948281 4.024928
-2.984891 7.254278
-4.698618 6.609775
-6.803123 6.874484
-4.806723 7.651365
-6.853382 7.309103
-7.371072 6.557210
-6.415700 6.819083
-7.854009 3.406192
-6.861201 7.381525
-5.831153 8.241187
-7.365723 6.793923
-4.315253 8.342896
-7.755709 4.974717
-9.330617 3.037027
-10.093508 2.010471
-8.797019 3.051139
-8.769040 3.363544
-10.499869 2.773262
-10.450293 2.789113
-11.864489 1.357971
-8.825177 2.729761
-8.244830 3.476077
-7.924891 2.498105
-13.364033 1.628643
-18.922253 -4.535452
