-9.975234 8.866042
-7.110389 9.560562
-7.931592 4.585277
-7.833877 10.120100
-8.230905 8.536191
-6.613385 8.446573
-5.943857 6.961364
-7.385485 9.012239
-11.121653 9.574370
-10.493156 10.047168
-11.404441 10.231017
-11.299002 10.040314
-7.683080 10.711223
-6.607216 7.553682
-6.007768 6.758482
-5.399101 7.000663
-7.945539 8.800870
-6.264332 7.889421
-7.801275 7.142200
-7.490803 5.824953
-8.347440 9.349319
-7.212198 8.529816
-4.484066 8.487901
-4.843723 7.708753
-5.771779 6.743985
-5.740973 10.080436
-7.104236 11.072330
-5.969674 6.731246
-0.401765 6.144470
-0.404445 5.474977
-0.533459 3.970892
-2.456157 4.775983
-1.930973 1.479606
-3.359472 -0.129107
-4.004570 -0.482061
-1.474897 1.821040
-1.976335 1.005742
-2.220465 0.880558
-3.867431 0.243955
-2.953467 1.060689
-1.002113 0.769876
-1.620171 2.010114
-1.765365 3.403873
0.053637 0.600445
-1.553947 1.722908
-1.586934 2.994155
-1.050574 -0.292412
-4.434653 0.748240
-4.713404 6.675246
-2.023240 5.952274
-2.292678 4.923981
-3.178138 6.528764
-5.171931 8.537956
-4.637545 7.080817
-2.931583 9.100280
-7.866867 5.174393
-4.831572 10.946371
-5.522502 7.919228
-7.011357 6.920165
-8.733953 8.924549
-7.603796 10.061322
-6.620250 6.352584
-7.851733 5.418429
-7.713123 2.346465
-3.146203 0.834973
-4.088360 -0.896860
-3.875679 1.251166
-3.555254 -0.587957
-3.496418 -1.679070
-3.775910 0.795175
-8.777008 1.939636
-9.289982 3.004477
-7.729699 1.587814
-10.976549 3.353112
-9.562679 2.730463
-8.126796 3.162163
-8.618194 1.206714
-10.011654 1.394843
-13.242188 -2.017237
-10.041919 0.513372
-10.394844 2.601681
-8.261211 1.979377
-7.921011 3.204995
-8.889393 3.066530
-8.748091 2.661833
-7.850731 2.186125
-8.675617 2.240855
-9.869284 -2.333352
-11.118015 -5.789144
-10.329340 -0.661644
-9.842421 -5.007459
-7.420349 -4.845001
-5.924206 -5.101110
-5.422234 -4.575250
-3.724698 -1.395377
-4.604714 1.112159
-3.623019 0.582075
-4.192160 0.190512
-3.276947 0.796529
-2.889069 0.851388
-2.187477 1.253821
-1.523303 3.300369
-0.820837 4.417404
-2.299579 5.382786
-1.458594 2.351420
-2.838755 0.111923
-4.560864 -0.500270
-3.818748 0.890307
-3.518879 -0.094153
-4.034524 -0.861496
-2.800017 -0.111118
-4.196946 -0.597117
-3.906814 1.067462
-4.040998 0.706275
-4.600937 0.065096
-4.429019 -1.748585
-3.407086 -2.580328
-4.220543 -1.701360
-3.382644 0.595331
-4.279038 1.198507
-2.642526 1.304417
-2.237071 -0.795633
-2.642888 -0.834475
-2.718358 -1.951617
-2.533269 -0.279395
-3.717200 -1.434365
-3.526374 0.997289
-7.909239 3.320817
-8.736145 1.530087
-8.134068 2.276490
-15.161706 3.360765
-13.730400 3.463440
-8.583179 1.814030
-8.115310 1.603977
-9.265793 1.758533
-10.425100 1.357336
-12.681877 1.524181
-8.472276 3.126904
-8.426023 1.986941
-8.795761 2.990147
-8.902804 1.766265
-8.779171 1.518734
-7.872602 1.587749
-7.939287 3.722496
-7.173496 9.118402
-4.581291 7.459107
-6.363624 6.349291
-5.568425 6.609322
-6.678141 8.437734
-7.363326 6.500439
-3.881885 6.362880
-4.268743 6.503827
-3.190880 7.319285
-0.904163 5.676299
-1.088903 5.068077
-0.853896 3.745942
-2.323708 5.224132
-1.743334 5.683090
-1.929548 3.855850
-2.329617 6.068732
-1.523439 3.663702
-1.865279 3.262996
-1.228158 7.991131
-3.977432 6.661688
-5.728345 6.318466
-6.656459 7.532293
-7.839661 8.484867
-11.123334 10.495908
-10.015644 8.826988
-10.771498 10.845175
-6.499558 7.974837
-7.690919 6.814145
-7.503943 5.316254
-7.952877 5.219002
-0.310059 2.493029
-0.978684 2.176543
-0.099182 3.312611
-1.862738 1.870666
-8.566465 3.281432
-9.761021 2.198775
-11.031089 1.712660
-7.309804 8.463075
-10.822801 9.288461
-7.944180 10.480271
-9.524555 9.217320
-11.243969 11.135339
-9.894243 12.108479
-11.704898 12.246814
-8.941894 8.798079
-5.997005 8.497174
-6.148570 7.280519
-7.217559 6.699841
-5.537592 8.338518
-7.714811 6.959078
-7.550050 6.635806
-6.346550 7.611501
-9.327726 10.505069
-10.127107 9.342814
-11.542354 9.023813
-11.090092 9.277048
-13.133305 10.881177
-8.588015 2.932699
-2.215194 2.365507
0.087398 2.219242
-7.754406 5.826058
-5.940848 8.438459
-3.838270 10.356942
-7.469507 8.821272
-9.867699 10.029140
-6.630449 8.557021
-7.078193 7.800344
-6.292638 7.659492
-6.692551 6.676207
-5.617846 6.890485
-6.184999 6.560089
-7.750604 3.682355
-7.847518 3.718297
-8.093735 2.873460
-9.238918 2.578650
-14.282169 1.875220
-18.226568 7.366148
-14.568480 -0.116782
-11.982911 3.182734
-8.779224 2.399630
-8.971550 2.482323
-8.061403 1.871520
-7.911776 2.193727
-7.694794 5.056061
-7.403647 6.923967
-7.094347 6.342246
-3.101253 6.328041
-3.358525 6.922225
-3.320944 6.326611
-1.898275 6.582550
-0.996355 5.853399
-0.914059 4.146821
0.269452 4.190033
0.024660 2.525248
-2.807070 1.060211
-2.331175 1.371536
-1.669684 0.734316
-3.839656 0.931791
-1.902192 0.476476
-2.387594 1.091244
-2.395715 1.894631
-1.399785 3.544807
-1.309247 1.454996
-1.208761 0.457250
-1.781400 -0.935750
-4.559838 -1.088469
-7.620134 2.650025
-7.764353 4.312575
-7.944845 7.439994
-6.914433 8.544277
-5.843067 7.029819
-7.214370 7.407231
-5.730245 7.209437
-3.791004 6.487581
-4.604531 8.094097
-3.071211 6.866331
0.112087 5.015332
-1.408354 5.258857
-3.297041 7.551212
-3.468011 6.785534
-5.615081 8.305274
-8.296059 2.812115
-10.836297 2.277318
-9.205236 2.978189
-9.274085 9.541268
-9.173201 8.546402
-7.842260 4.245050
-6.655640 6.713789
-8.155020 8.776294
-5.178859 6.683241
-5.481344 7.542890
-7.255237 6.513638
-7.248316 6.362249
-7.844545 6.367232
-1.451836 2.490652
-2.349960 4.578187
-1.883986 2.420324
0.376566 3.359898
-3.824521 1.110137
-3.822908 0.441194
-3.179103 -0.813376
-2.762285 -0.971507
-3.108691 -0.096505
-5.108640 1.303856
-2.040694 4.765066
-5.464892 6.357160
-7.200816 7.896656
-6.417764 9.343978
-6.360526 8.436799
-3.828262 6.890378
-8.641516 2.517201
-9.931144 3.373950
-8.952407 2.004713
-9.064445 2.981447
-7.903488 1.936534
-7.661501 5.748662
-6.419080 8.413085
-7.005513 7.759019
-3.018764 0.803247
-3.523366 0.498045
-1.504077 -1.039136
-4.117390 -0.201103
-4.102518 1.186031
-3.596841 -2.235179
-3.441624 0.166688
-3.138209 -4.342638
-4.993155 -5.122028
-6.655419 -4.104563
-5.546741 -5.510087
-9.191832 -5.515262
-6.831569 -5.065176
-7.110018 -6.319138
-6.893559 -7.420709
-6.391853 -6.735587
-7.858075 -6.218401
-9.515332 -3.959075
-7.068098 -4.116449
-5.663072 -4.718829
-6.433747 -4.935308
-6.062353 -6.434361
-5.151637 -5.062088
-3.157803 -2.447316
-3.923436 -1.710021
-8.439447 2.216192
-10.598501 -0.572562
-10.398394 -0.768862
-9.544704 3.222532
-12.880291 -2.976434
-8.159006 -5.969195
-3.320528 -2.934736
-3.916793 -1.586210
-7.507517 2.979676
-9.766683 3.077234
-9.660220 -2.685363
-12.216303 -2.954957
-8.479565 -5.434736
-10.912683 -4.072190
-9.682093 -1.045094
-10.383688 -1.552257
-9.489178 2.796336
-8.080014 2.871427
-7.501172 2.682174
-8.617036 1.855474
-7.832276 2.228384
-9.409098 3.476656
-11.080427 3.006396
-9.646409 1.981325
-13.648643 3.030301
-13.631346 6.492648
-13.001484 6.980511
-7.523799 5.135750
-11.164389 2.600639
-4.125413 7.615576
-5.278699 8.344909
-7.289480 7.011060
-5.737736 7.091193
-2.496860 6.695413
-4.237042 7.353795
-6.922851 6.735240
-7.283211 9.514082
-6.664065 11.626088
-3.574021 6.623214
-3.970157 6.367111
-0.911289 4.620129
0.026757 4.375914
-1.863256 3.340552
-1.360902 3.411509
-3.534954 -0.882546
-3.836356 -2.959708
-4.036275 -0.262191
-4.481784 -2.220494
-3.510961 -0.628805
-3.834859 -0.865313
-2.469039 0.917028
-2.888083 -0.236776
-1.113210 0.085159
-2.470061 0.967032
-2.402853 2.206760
-2.206997 2.771386
0.070721 4.435577
-3.733430 8.993277
-4.087940 6.382090
-3.071303 6.881424
-5.728990 7.963060
-6.071450 7.769465
-7.053441 8.707634
-5.785209 7.875234
-4.992854 7.023313
-5.181683 7.210951
-2.723085 6.448660
-0.536831 7.201749
-1.842224 5.641664
-0.494285 3.515346
-1.946164 5.236135
-1.365162 4.276806
-2.010764 6.052799
-1.158150 3.966654
-1.837083 3.565600
-2.450136 2.507068
-2.415435 2.010529
-1.773808 2.544284
-0.899161 2.842902
-1.600363 4.650140
-2.421710 6.732047
-4.120564 7.234683
-2.977341 7.797524
0.021513 7.985378
-2.466787 0.965116
-2.877265 1.242390
-3.973106 1.139840
-1.916187 0.447747
-1.782579 1.839846
-0.704255 2.764122
-1.924317 5.202976
-2.110802 7.365759
-2.949641 7.130142
-1.536511 6.619315
-4.311695 8.809749
-4.786306 6.818743
-6.263696 7.410273
-7.565247 6.238380
-7.244109 6.671239
-4.910301 7.146943
-7.302238 7.096432
-7.645798 7.372047
-7.891111 3.911609
-7.508705 3.928967
-7.737472 4.292998
-7.810491 5.937231
-7.564396 6.132577
-7.529729 1.849976
-7.835198 1.291657
-7.542479 1.206980
-7.561793 4.402065
-8.108333 1.947462
-8.198021 3.356357
-7.868919 1.331425
-6.345919 1.247635
-1.757345 1.116094
-2.861200 0.264709
-4.297730 -2.199708
-4.333399 -1.726987
3.865997 -5.806044
9.047638 -6.396420
9.116283 -13.262053
