-11.458904 16.966236
-14.757846 9.503394
-6.324986 9.039466
-6.634185 6.751424
-7.102120 7.318980
-7.553936 7.008723
-7.500493 4.067437
-6.727625 8.020068
-5.945545 6.773222
-4.822030 7.620471
-6.730234 9.302983
-5.490442 7.334207
-5.565409 6.553309
-7.321706 7.816661
-6.672511 7.317165
-6.451706 9.135914
-6.870253 9.153121
-7.018857 7.363149
-6.459280 6.627744
-4.972572 8.176200
-6.653548 6.882275
-7.403392 7.433217
-2.913895 6.444552
-3.240535 7.342132
-5.266878 8.743481
-4.903594 8.375031
-7.262429 6.315677
-3.914979 6.655095
-3.469193 7.272089
-3.725785 7.381943
-1.594687 9.422781
-1.997150 7.653596
-3.467025 8.062822
-4.500723 8.868920
-4.897422 9.472999
-6.916780 7.061617
-6.371129 7.969283
-7.877607 8.239484
-6.422872 6.608746
-7.583115 4.164091
-4.017886 0.481202
-3.842010 0.000591
-2.902916 0.644216
-1.600338 2.293948
-1.839352 3.091895
-0.878554 4.304744
-2.093685 6.673573
-3.404035 7.103963
-3.780270 6.433229
-3.201302 7.193844
-2.294189 6.729311
-2.014694 5.874097
-6.725352 7.799754
-8.634770 9.732630
-13.900959 7.535629
-14.400743 14.272104
-8.967672 8.902759
-9.892817 9.534690
-6.092830 8.669015
-7.859968 5.917331
-6.985758 7.201613
-9.115700 12.457715
-9.868361 10.782670
-8.838811 8.647377
-8.940804 9.744166
-7.284516 8.238466
-6.744076 6.462866
-5.558407 10.260626
-7.295768 8.841836
-7.193039 9.502227
-7.891567 10.672624
-11.110440 8.832706
-10.955078 10.869537
-11.033853 9.513980
-13.445473 12.044375
-12.966420 5.825758
-13.147905 9.810337
-10.831471 9.019717
-16.192028 8.756188
-13.107674 7.441082
-9.277576 10.451289
-12.553893 8.839434
-8.481290 10.466789
-8.328295 9.606221
-6.882959 6.946522
-6.713585 9.549394
-6.809861 7.073237
-7.930971 5.364007
-7.658828 2.410326
-7.801587 6.744670
-2.088238 5.839970
-1.125205 6.509447
-4.610509 6.484043
-7.043235 7.643286
-7.523919 6.977617
-6.965211 6.735546
-11.238199 2.597134
-15.088381 2.448362
-14.251562 -1.288301
-10.381259 2.623566
-8.442517 2.891392
-9.952936 3.156537
-10.863131 3.474909
-10.898725 -2.386673
-12.522457 -1.917764
-12.761362 -2.523260
-14.275609 -2.657094
-12.581667 2.174133
-12.730696 -0.434445
-8.615389 3.088426
-14.047822 1.815307
-13.258163 3.000103
-3.743795 6.845974
-6.786443 7.282873
-7.940104 5.411671
-7.794829 3.786147
-7.908993 5.324607
-1.275724 4.337578
-1.594024 2.508185
-0.697025 4.124978
-4.451036 7.441710
-2.315711 9.824861
-6.690495 7.549115
-6.897980 6.887369
-7.312436 6.382314
-7.670866 8.622725
-9.453879 8.924293
-11.211602 8.678569
-7.561102 8.882571
-5.797251 6.393299
-8.013090 10.604845
-7.672037 4.396039
-6.362866 6.320516
-7.868667 6.231139
-8.797317 3.002410
-7.801645 6.929338
-5.469888 6.838835
-4.349732 9.417902
-5.848540 6.442794
-4.335867 6.933112
-7.435564 7.910859
-7.896445 3.541033
-7.487093 4.827398
-7.892443 3.372358
-7.618804 3.246181
-10.677332 0.505451
-10.127828 2.349329
-4.520823 -2.144494
-4.489609 0.176504
-7.632889 1.584664
-5.376258 1.240272
-3.861617 -0.043719
-6.850107 -4.553834
-4.091030 -4.577070
-8.500005 -4.047893
-7.872343 3.157652
-9.455066 2.683474
-9.410175 3.238644
-8.015494 2.739253
-8.268411 3.392400
-6.477335 7.741905
-7.092584 7.171305
-5.607195 6.745262
-4.799876 7.110740
-5.621312 7.053040
-7.521501 7.265222
-7.614207 6.205216
-6.723636 8.972507
-10.272143 10.177543
-9.411198 9.428251
-13.865576 9.671357
-14.901128 9.519206
-13.479394 5.862936
-15.317156 8.212402
-11.417569 9.719188
-12.860124 9.281173
-6.758495 8.785424
-4.687553 7.538928
-7.433289 8.521119
-11.705843 2.077592
-10.988916 2.919991
-9.467188 2.811195
-7.109594 7.580026
-6.252872 9.084663
-8.004023 9.486082
-8.547478 9.966681
-9.512665 8.926782
-12.800672 8.731065
-13.059188 5.887645
-16.507748 7.488707
-12.526216 10.696576
-10.240228 10.908360
-11.428516 10.711356
-4.880706 9.657989
-7.658834 7.581352
-7.485662 6.435148
-2.889335 6.950863
-2.284596 7.114478
-1.495356 2.754510
0.377128 3.213527
-2.688443 1.049341
-1.920202 1.138842
-2.001607 3.624389
-2.865600 7.648757
-5.959299 6.392037
-6.531173 6.358248
-3.720219 7.586277
-4.256457 7.464838
-4.546878 7.555749
-6.770361 6.404319
-4.351401 6.663166
-6.129746 6.982964
-7.482991 5.964965
-3.667157 7.918965
-6.206248 7.205260
-7.381389 7.460471
-6.389217 7.060539
-3.886088 6.578607
-4.182265 6.610306
-0.188882 7.129613
-2.414251 4.167737
-1.585037 3.870042
-2.338420 3.930079
-1.733238 3.456370
-1.584537 5.183064
-3.646552 7.792752
-6.243467 6.484168
-5.909855 8.071209
-7.614403 7.675762
-12.658108 11.226787
-14.079540 13.040257
-15.584175 9.160221
-13.539148 8.047950
-10.003977 10.947215
-9.002272 10.148454
-8.186106 8.599253
-2.114304 4.344620
-1.734735 3.512543
-1.913573 3.747485
-1.815505 6.679766
-3.597246 6.981872
-2.392524 4.903811
-6.185290 7.194443
-4.288425 9.387424
-8.054001 9.205458
-6.089693 7.319394
-6.508524 7.304680
-7.788062 5.108078
-7.753932 5.423020
-6.424441 7.242797
-4.088028 7.820343
-7.130236 6.548994
-10.961251 9.756732
-14.497602 9.886523
-13.514395 9.220716
-13.116180 8.274075
-7.445186 6.495070
-5.588862 8.375773
-3.073176 6.398547
-5.925457 6.401289
-3.194133 7.647560
-5.157191 6.379671
-7.274883 7.996933
-6.774880 6.925360
-3.325626 8.892619
-2.879524 7.241814
-5.828336 6.354516
-4.742855 6.780826
-1.695662 6.633448
-2.471420 5.102663
-1.410978 5.915047
-2.609252 8.469991
-6.779577 8.818693
-7.824173 7.337340
-7.865077 2.650483
-8.499266 2.745304
-10.923333 0.207029
-10.722886 0.379651
-13.046566 1.660258
-13.140724 5.874032
-16.339294 2.783773
-9.649823 1.811803
-17.650043 -9.571408
-19.531853 -14.468107
