19.387882 -12.851834
15.498392 -4.110236
12.667614 -3.750536
11.314803 -3.065853
10.986162 -3.813832
10.662695 -5.542007
8.013927 -6.974802
6.909056 -5.846100
7.745285 -7.937220
3.741304 -7.558786
5.582630 -6.133462
5.828636 -5.648797
7.164390 -5.319736
5.850289 -5.444038
6.150252 -6.934515
1.397914 -6.793374
5.143246 -0.896452
4.284877 -0.223745
3.827558 -0.667650
5.145045 -3.289747
4.349145 -2.883051
4.430163 -3.056052
4.006738 -0.329559
7.715743 1.417557
8.356215 0.582159
8.024977 3.369007
8.221934 3.456309
9.489422 3.425860
10.022001 3.724298
11.902440 3.652647
10.172882 3.441621
7.497375 4.813436
8.821171 2.472005
8.514044 1.782844
8.914254 2.388263
7.613255 5.355828
5.843233 3.047699
6.338524 6.396745
7.097922 10.902612
6.848439 10.870536
7.321898 5.141939
5.572674 2.748910
7.370161 4.960371
9.064138 5.388362
8.901396 5.086861
7.192086 3.218847
5.694556 6.078903
6.074773 7.811720
4.295189 9.937129
5.404729 8.807364
6.337138 9.130645
7.959823 11.495392
5.624125 6.042202
6.150295 4.668698
4.452497 2.357682
6.258467 4.185074
6.128001 11.254109
5.231780 8.575157
7.590480 5.637015
5.408720 6.487401
6.082263 9.791324
9.705265 12.815776
9.364938 11.489663
3.993075 12.497401
7.316377 15.129763
9.749794 11.148498
9.024780 5.359403
8.967601 2.698177
6.872986 4.082026
5.544897 3.012703
15.457018 5.319548
14.952328 6.309303
12.546059 10.357402
13.545910 9.120723
12.248060 9.891270
18.202597 13.983977
15.844530 5.916537
9.478467 4.452700
3.161567 0.830385
5.615640 1.286993
6.524510 1.217861
5.911557 1.332133
7.483394 3.403071
11.272504 3.751979
10.666260 3.526558
13.124388 3.430940
12.474205 3.601017
9.465612 4.910291
9.648887 4.720071
9.669323 4.592008
7.765209 1.591155
7.191179 1.022970
4.021024 2.929296
4.810345 -1.530488
5.246024 -0.468827
5.409409 -2.244419
4.532794 -2.530363
5.301989 -0.544292
4.602713 1.434154
7.769880 1.456056
8.505315 1.224107
8.858075 1.070357
7.917104 1.164715
6.500288 0.104512
8.062528 0.145479
7.411247 1.782478
7.828622 3.942631
8.356453 2.511518
7.542361 2.204535
7.626860 1.760567
7.825276 1.565819
7.678553 2.225724
8.989177 4.419197
7.681328 5.580408
6.117945 2.824450
4.413344 6.094519
5.375015 8.373868
2.968083 11.819361
10.779785 11.262704
6.008416 8.108741
5.044451 12.406016
8.185463 12.428838
11.634745 9.437682
11.284849 12.419380
10.000166 11.259691
6.317797 10.669037
9.050033 5.538187
4.998812 4.817210
6.692736 11.282886
8.994419 4.165104
9.401979 5.314600
9.510556 3.929560
9.809254 4.510624
9.476291 5.214595
8.775542 5.181454
9.597035 3.964467
6.655959 2.498951
10.603604 3.729346
13.023454 9.890264
12.260797 9.117778
15.476419 2.873066
15.854538 11.825252
11.091228 3.503728
11.735111 3.506527
13.327015 3.456357
14.475849 3.766665
14.056824 3.472806
15.448528 6.058635
15.635607 2.225552
11.886563 -1.669436
10.792739 -3.240436
12.077002 -5.189094
11.382635 -5.530044
10.076305 3.425657
13.264137 -6.377813
8.430693 0.321419
14.443551 3.204061
11.530876 3.756832
9.348323 5.032390
6.860919 4.855712
7.091211 2.247001
12.341039 -1.778251
9.128273 5.506748
13.314444 9.454559
12.074098 10.087590
9.826242 5.169982
15.079652 1.236973
15.280081 1.517557
14.989524 5.630446
8.066559 3.356374
9.848042 5.646681
7.822664 2.627117
9.054663 2.614044
8.923735 3.999799
13.536714 3.707726
3.914857 0.548768
8.151919 0.141128
15.055244 0.797673
18.614698 5.100705
14.866318 4.885862
16.833460 4.337934
15.701818 1.212033
16.005333 -1.249814
12.007835 -2.465385
14.438711 -3.157578
14.138511 -3.029857
11.257677 -7.991964
10.493819 -4.676159
8.196779 0.511046
7.585489 0.411090
8.623140 2.853858
7.838760 2.794517
11.999935 3.464850
9.798073 4.501616
13.011089 3.708981
14.682671 0.304932
14.511419 -2.298443
10.610641 -4.534814
9.667728 4.989750
13.647715 8.903037
13.177065 9.935356
14.751570 9.338683
16.027481 6.126397
15.351552 6.064471
13.528475 3.785294
10.372581 3.640382
11.828804 3.572336
7.156546 5.061194
9.056153 4.942355
7.737206 4.021317
7.011252 2.660278
8.016281 0.616993
7.928361 4.699768
8.589472 4.933530
9.716132 4.094058
9.608730 4.372468
7.097840 3.561558
9.422516 4.750189
6.139136 5.628827
7.698364 1.710627
3.165927 -4.160367
1.904015 -2.834266
16.958572 3.914324
12.289106 3.452190
7.147401 -0.083502
7.870430 3.268714
12.824364 -2.218347
10.947855 -2.994187
12.732632 -2.775924
17.270741 -2.179323
12.415433 3.626561
10.565787 3.536263
9.824796 3.881496
9.860397 3.526311
8.685823 2.316331
8.241443 1.233278
8.790483 5.231333
7.963906 1.978141
8.736778 0.281743
8.133096 0.629868
8.298071 0.739785
5.013176 0.689049
4.461161 -1.242960
3.740366 -3.293992
2.340548 -3.444153
0.397910 -3.607880
1.254983 -0.555866
5.824020 -0.091349
8.184789 2.051050
7.450596 0.671389
8.990459 0.002954
7.737674 0.447038
8.409561 1.812695
9.051266 2.647515
8.061625 5.176233
9.000554 4.806694
9.386097 5.455095
6.660017 0.734344
8.324968 1.694630
6.291988 0.850881
5.747996 1.124731
8.949221 1.509382
7.104991 0.898149
7.847167 1.207036
7.120167 2.173542
7.198026 4.853036
10.283399 3.518299
8.511730 4.254829
15.507776 3.967819
14.896431 6.572138
9.704512 3.485799
16.390551 4.647828
14.905867 1.838987
14.686402 3.684027
10.456905 3.630046
9.648708 4.135492
9.724111 3.940397
4.198077 8.483150
7.309830 5.356528
9.136740 10.840449
8.256305 12.423490
9.130714 11.617874
6.426614 8.929847
7.964804 11.921498
8.360631 2.848076
6.816257 4.891490
6.590699 4.876442
6.379350 7.513708
4.572456 14.651934
10.076452 11.338120
9.375048 10.981344
5.302238 6.227694
5.060315 8.554862
6.176447 10.395613
3.792167 5.001197
3.545270 5.342551
8.877934 4.816080
8.529085 0.844550
8.928171 1.545668
9.041404 5.349756
5.833206 2.767065
5.208119 6.046129
5.489339 9.028883
3.407979 5.733314
8.582708 2.851431
7.749184 0.863815
8.795907 1.690384
12.971997 -2.376580
10.973692 -2.380766
11.436679 -1.829599
11.422174 -1.673834
13.274768 -3.809524
12.733692 -3.975456
10.160663 -7.714715
4.795610 -8.295301
7.079341 -6.886284
4.109997 -5.228181
3.567822 -4.547628
6.144008 -5.801237
6.333776 -5.564460
7.215217 -8.260406
4.570859 -5.188127
5.293600 -8.851771
8.570492 -0.043475
9.029551 2.916247
6.215984 0.147555
4.226931 -0.328885
5.475491 -2.908344
5.207788 -2.780694
5.432992 -2.230309
5.098721 -1.949297
4.657316 2.146517
7.264254 0.554067
7.331595 1.658448
5.832035 0.401360
8.866088 0.192279
8.987717 0.304675
6.573032 4.888513
5.354955 5.973446
8.517642 4.613283
8.908764 3.198987
9.067626 1.132178
7.671991 5.598160
5.250603 2.263225
6.842777 4.818470
6.389683 8.644930
5.642926 7.469999
7.135859 4.875751
5.873259 6.046803
9.674242 3.573318
12.834513 3.436349
14.381671 -2.122299
15.040754 0.396750
16.160213 -2.070245
14.000954 -2.995481
13.193423 -4.022528
12.006824 -3.592654
11.928926 -3.839659
13.725654 -4.514120
8.673910 4.885845
7.105442 3.995613
5.843609 4.244979
6.376731 6.812179
4.895445 5.015873
7.500031 5.579719
7.930835 5.461063
8.840453 5.361994
8.860024 3.498996
11.180368 3.602975
9.996469 3.576015
5.194010 3.904704
4.271045 2.307645
7.936477 3.542945
9.741703 4.160054
8.632896 2.923367
7.167867 0.931087
7.919457 1.333302
7.417742 0.142029
6.035304 -0.021822
6.707070 -0.107481
5.817582 0.039586
3.333999 -0.359038
5.356494 -1.196372
5.014733 -3.560474
4.682424 -2.062889
5.324710 -3.752562
3.968446 -4.960410
7.642108 -6.183205
3.175592 -8.323840
4.175117 -3.506582
4.969416 -1.283122
5.002339 -0.566523
6.759889 1.386688
6.965634 0.000433
7.091476 -0.106879
5.972202 0.127786
3.787192 -0.440860
4.346682 -0.922745
4.237471 -1.419440
4.749460 -2.049402
5.146167 -4.869692
5.335819 -6.509265
6.183180 -5.227916
6.494931 -6.435352
6.271765 -7.270438
6.330211 -6.576682
6.439844 -5.374882
5.235764 -6.153383
5.231135 -5.046584
5.347259 -2.704849
5.366555 -2.584064
3.903739 -1.596835
4.415400 0.081318
5.859286 0.130588
5.367567 1.308433
4.322497 7.079842
7.904098 13.265492
7.963622 11.336557
10.005167 11.119040
5.962080 10.869418
5.395203 8.467261
6.248023 6.182041
7.662821 2.591666
7.354688 3.002701
7.839148 4.565190
4.749557 3.596556
4.019840 3.188953
4.990344 5.447419
4.180159 3.390400
6.493883 5.969487
6.025139 7.313946
4.348682 6.678604
6.525946 4.780928
7.899066 3.684755
7.127487 5.381465
7.728842 4.472469
7.450342 5.045043
8.722128 5.477585
8.584627 5.585430
6.322565 5.610215
5.664528 8.761644
7.279934 12.837050
8.201077 10.992235
11.392481 11.489119
11.265532 11.253038
12.244541 11.685171
16.556793 13.682437
15.596538 6.025038
15.936968 3.130596
8.289410 3.672236
8.920413 4.648231
11.956413 10.199523
12.132395 13.219305
13.779293 12.393710
4.932619 7.523140
5.679715 11.518767
9.977367 10.709147
8.231165 3.524484
9.593266 4.763077
8.918821 4.981176
9.206841 4.194753
7.993989 4.794912
3.445457 3.823547
6.195265 6.623972
5.035762 6.884853
5.330342 10.438993
6.708205 10.978604
0.258363 19.561325
