14.823611 -0.043275
14.892419 1.357646
15.899157 1.020886
19.561935 5.520593
19.642536 4.859342
14.846057 2.382336
17.099030 -5.067015
13.170349 -1.774489
10.414082 3.460658
8.454736 1.426307
6.398439 2.048664
7.954817 1.629871
6.474714 3.099923
8.624837 2.734207
8.855803 0.007539
7.562724 0.153391
7.351353 0.099945
3.824569 0.075185
4.122581 -2.569676
3.778760 -4.796090
4.567667 -2.948256
11.438251 -3.047631
10.735643 -4.844790
9.665177 -7.017036
7.142479 -5.921708
7.302890 0.327306
8.885192 1.137515
9.627171 3.455887
8.849150 5.242698
7.176140 4.756727
9.778366 4.493269
8.425756 0.799742
8.880939 0.606582
8.285106 1.181033
8.693815 1.216394
5.745484 0.555017
7.926708 1.083628
8.768700 2.105192
7.929270 2.868411
5.641479 3.212209
10.329132 3.615928
8.252229 4.945849
8.941546 2.217689
12.665337 3.671177
5.045161 4.943621
6.110861 4.732865
9.231451 3.608914
5.482263 0.197112
5.355499 -2.375084
4.972136 -5.030005
5.701913 -6.956881
10.270674 -5.669656
10.113434 -5.493135
3.949610 -7.088828
5.358004 -5.648391
6.287929 -6.689104
5.614801 -5.833222
9.455837 -6.402647
8.946977 -5.567440
8.698221 2.206594
8.509190 0.551418
8.457567 2.539016
8.208776 0.559910
7.778633 -0.138418
8.416330 1.397325
6.632058 0.164422
7.454602 -0.192252
14.609728 -3.502033
14.451994 -0.812433
11.406869 -2.008373
11.101801 -2.719081
11.188955 -4.859126
11.749092 -2.232974
12.958961 -1.885540
14.110415 -1.748261
15.391551 5.590623
15.328342 2.166673
17.303318 -1.490764
15.931520 1.882208
12.955377 -6.426749
12.091614 -2.160602
8.269171 -0.172190
3.613716 0.078003
4.180381 -0.135207
5.420801 -0.353696
3.593870 0.958913
5.749598 0.224481
8.005261 0.716453
8.525264 0.484874
7.996872 0.073686
8.309425 1.458534
6.420209 4.660562
9.671003 4.722598
9.345867 4.048284
7.995246 3.542951
13.170038 3.776347
10.413990 3.550159
9.944218 3.587458
7.075127 5.511081
9.222389 3.475281
8.359064 3.004316
6.300901 1.001133
4.035128 -0.587243
4.474430 -2.345006
3.802615 -0.689476
8.920616 1.352957
8.433163 3.200290
9.041338 3.842916
8.984680 4.626946
6.623641 2.952214
8.737163 2.425900
8.092608 4.270445
7.068070 2.879482
9.167427 3.912417
7.012650 3.404636
5.089841 2.529554
-2.496366 -0.441530
-3.906622 -2.455956
-3.962331 -6.949864
-7.479773 -5.640694
-6.155910 -7.395358
-4.151062 -7.336751
-9.081800 -6.421090
-17.049374 -13.722729
