-15.552648 10.330218
-9.824707 9.655429
-3.127080 7.665639
6.151603 -5.749816
6.646746 -7.884094
5.969537 -5.351174
8.860525 -8.594477
7.378007 -7.386868
4.593802 -6.829101
3.093157 -8.035472
2.137672 -8.527677
1.540874 -11.234266
1.576516 -11.088199
1.991737 -10.910043
0.314668 -9.323323
1.326990 -7.396773
1.521644 -8.272679
2.646689 -4.834571
3.288940 -7.665754
3.414966 -7.937739
2.102480 -6.040630
2.652313 -10.407557
-0.076635 -10.368887
2.253418 -11.986351
2.697659 -9.392138
2.837346 -8.272582
2.247189 -7.503115
2.000198 -5.922053
-0.159110 -9.685889
1.706627 -13.360490
5.876276 -15.782346
7.956445 -13.840180
8.071091 -11.307927
7.944713 -10.216430
1.546621 -11.091113
0.787022 -8.684220
2.549270 -7.846265
5.794919 -8.005018
6.145751 -7.801567
4.056209 -5.068448
9.621702 -7.498569
10.982095 -14.147107
9.354896 -13.192462
8.247538 -11.881431
8.543149 -12.731483
13.969693 -13.795823
8.431492 -12.812160
9.329339 -11.743539
8.472726 -7.731926
9.096292 -9.181796
7.809258 -14.422432
5.560275 -14.430955
6.788029 -15.306901
17.725498 -14.638384
18.385113 -12.719388
13.140953 -17.691893
8.307060 -10.639802
7.190017 -7.695103
8.880995 -8.297319
2.327349 -10.012440
2.279096 -8.575183
2.687890 -10.478080
2.467557 -9.148335
0.025806 -7.927854
2.132710 -9.298917
1.869928 -11.976855
2.714299 -9.943192
8.343293 -11.215737
8.126742 -13.586705
8.371390 -11.276616
8.903996 -9.833316
7.865509 -8.766015
8.350952 -7.818169
10.336372 -6.593337
0.862735 -14.730340
3.780596 -13.423854
15.502935 -8.759957
17.718460 -12.457669
17.959110 -16.097570
12.034212 -12.888824
9.873054 -13.089312
10.498019 -15.549006
6.901975 -13.528968
-0.384141 -15.634791
0.386490 -13.668242
1.787515 -9.749882
2.746035 -9.592996
2.455580 -7.866593
1.496252 -9.592155
4.930424 -8.115695
5.644052 -7.928888
6.431079 -14.332196
6.371499 -14.391627
5.307085 -14.161740
7.773931 -13.459419
7.369637 -16.161697
1.766463 -15.934450
2.781620 -12.541850
-0.106540 -13.112699
2.439876 -12.012110
1.920006 -10.968217
0.516336 -14.881721
5.690345 -13.526949
1.869434 -13.545761
6.313763 -13.745759
15.221021 -16.026617
13.089318 -18.225889
12.945141 -15.124402
12.036339 -13.682747
0.137611 -12.260838
-0.336579 -10.798892
7.949584 -12.201777
0.878433 -9.765075
2.723228 -9.958108
2.282792 -11.913426
2.429063 -12.322944
1.477735 -11.338584
0.802403 -11.812617
8.817805 -13.503856
8.261979 -13.255858
8.887259 -12.293364
10.171402 -14.522673
12.792486 -16.594084
7.417430 -14.480517
8.709644 -11.700764
8.234729 -8.521730
2.776973 -7.002367
8.559118 -7.694274
8.871884 -11.740077
2.345695 -7.727586
3.473941 -6.413909
7.015471 -15.746785
11.827201 -14.223575
10.292666 -12.999066
9.073151 -10.337171
8.077873 -11.720405
10.834011 -13.702033
7.149243 -16.438782
8.511538 -5.294226
7.835393 -6.092409
7.915603 -8.528739
7.914839 -8.714345
7.881716 -9.973037
4.143271 -14.043813
7.900603 -16.971020
6.931540 -7.739807
8.094987 -7.586936
9.100411 -13.384862
5.120344 -13.470881
5.884868 -7.234298
1.199618 -8.035425
2.117054 -11.845646
1.163693 -9.451380
6.987480 -3.859667
4.830556 -8.141507
5.205556 -8.024941
6.189622 -5.362406
7.246347 -8.159270
8.005517 -6.168294
9.248331 -7.806851
8.610593 -10.587274
9.305971 -10.699920
8.922136 -8.068195
5.952390 -7.559139
6.919519 -6.905818
5.628296 -6.114950
2.054704 -8.458405
2.780214 -9.044127
0.819483 -9.661312
3.442493 -7.240402
5.495714 -7.888724
3.696485 -7.291794
3.202314 -7.917408
6.337668 -7.198843
5.614763 -7.465110
4.205011 -5.629370
4.219754 -8.093963
4.565618 -8.043424
3.822119 -5.941674
4.578951 -6.654331
1.969426 -9.903666
1.736778 -9.852412
2.160126 -13.487906
0.133453 -11.038871
2.120814 -8.784163
5.760094 -8.081738
5.542210 -7.414689
4.998110 -7.340700
1.663739 -8.291048
10.443914 -6.963987
11.172241 -7.402622
15.880610 -7.302483
16.654652 -8.311004
14.718388 -13.217826
9.772971 -13.240149
8.634874 -12.525498
8.156082 -12.800553
1.782071 -9.597502
1.602792 -8.706937
2.319453 -10.920566
5.364898 -7.984845
6.622771 -7.006581
9.496918 -6.960525
8.487590 -11.152639
9.039047 -10.967437
6.340180 -13.459648
11.299976 -14.347898
9.207662 -12.819897
7.922187 -10.180028
2.661236 -10.994161
3.641422 -7.811790
2.883121 -7.928995
5.984695 -7.332719
1.249758 -8.737895
1.638226 -8.715825
0.679821 -11.725389
0.958228 -8.957294
1.238664 -7.957696
6.521278 -7.717996
8.113118 -7.544837
8.211761 -9.944108
8.079958 -10.543341
8.786457 -9.437587
8.228777 -11.460895
8.721048 -14.395654
3.191577 -13.433396
6.176856 -13.393916
8.395615 -13.194570
9.341864 -9.718854
8.997930 -9.165163
8.582925 -5.782078
12.597237 -7.034644
6.419633 -7.242493
5.647115 -5.396771
6.232975 -7.027822
5.863108 -7.424379
2.684151 -7.354053
3.426864 -7.253553
7.499739 -4.057882
3.524275 -7.416637
5.435725 -13.460172
2.762441 -13.262922
1.647833 -14.441676
0.566714 -13.389109
0.581930 -8.676446
5.061433 -7.451706
0.514720 -8.082162
-2.169727 -11.613150
3.410838 -13.303825
0.022052 -10.807137
0.226348 -8.996658
4.377005 -5.942267
6.126089 -6.128668
7.324398 -8.166276
5.598556 -7.074687
2.632329 -6.765614
2.419467 -9.992614
1.203133 -5.337726
5.124749 -6.855880
8.292871 -7.945558
9.071511 -9.465500
9.052637 -7.269936
1.982946 -8.235483
2.601627 -8.534558
2.730983 -10.243569
0.005095 -10.664178
1.869374 -10.283697
0.180039 -10.603668
1.272098 -10.738374
-1.676584 -10.248876
0.365435 -12.732203
2.664663 -11.201656
2.724526 -10.462090
2.806391 -9.255728
1.776989 -6.087743
4.703626 -6.872963
3.821523 -5.848762
0.874667 -10.500218
2.149507 -8.864176
2.805745 -9.601549
4.278054 -6.018718
3.449758 -6.228288
5.070282 -6.546398
8.374941 -6.616297
10.100911 -7.257622
4.914318 -6.863259
5.362172 -7.330703
7.324633 -6.080782
9.167694 -9.125345
7.948943 -12.406833
9.087808 -17.508684
11.003160 -13.989905
8.694923 -12.345956
8.710370 -10.608382
8.764411 -8.501939
8.401378 -5.541579
9.363024 -4.515498
9.349432 -6.529012
13.558020 -7.089666
2.509980 -7.317340
2.105343 -13.487159
10.170090 -14.349572
11.146752 -14.438257
16.038010 -13.493877
11.781129 -14.502084
8.703539 -16.455105
8.406708 -11.403478
10.053426 -17.961683
14.432009 -14.291612
7.289137 -14.696149
1.197708 -10.383527
-4.808415 -13.933603
2.150062 -11.166203
0.512478 -12.367358
2.259355 -10.665431
1.066429 -9.742697
-0.907474 -11.012794
6.837924 -6.598917
5.631842 -5.892713
7.017531 -5.165858
8.469420 -9.090581
7.952404 -10.946923
4.099703 -7.860632
-0.844588 -8.544418
1.559803 -9.632428
2.460229 -9.343541
-1.237841 -7.940235
-0.232965 -9.557069
2.431890 -9.420918
2.834680 -9.191012
8.634893 -13.495625
8.968628 -10.446571
9.349743 -8.635947
7.585529 -16.678652
5.975673 -13.265171
9.382052 -13.327382
13.092444 -14.538085
9.846689 -14.235115
4.564428 -13.413030
8.343927 -14.525666
8.062673 -12.288203
8.600763 -12.479099
9.226696 -15.691601
5.735961 -5.476703
7.181209 -5.051495
3.254027 -8.038999
8.154881 -9.548108
11.813460 -14.447960
6.392327 -7.836378
2.619237 -9.802613
-1.830996 -15.031150
4.448885 -17.045773
9.135351 -15.532524
3.748595 -13.237023
-0.213279 -9.906999
1.434993 -8.273455
2.452952 -10.633747
2.447247 -10.578144
2.408842 -8.626208
1.245923 -7.140856
1.773958 -8.125085
2.530988 -11.094607
-0.197088 -8.647332
0.855480 -10.274570
0.829936 -16.989586
7.882940 -12.820378
8.001829 -11.398204
8.197453 -6.000541
9.552593 -15.079749
8.750340 -8.168751
10.130709 -5.677601
12.185126 -7.444764
5.263182 -7.313602
8.189358 -8.118175
7.994898 -10.321448
8.648307 -11.281559
9.040762 -11.724835
8.525512 -11.661453
11.465560 -15.832711
