18.498373 -8.807014
14.445867 -10.432119
16.186089 -11.410468
15.711866 -10.053503
14.617114 -13.718577
16.273962 -10.043160
11.017529 -6.997812
8.915085 -4.939295
3.384491 -6.902033
1.718073 -9.281891
2.659910 -9.093801
1.411344 -10.991027
2.805874 -10.134749
0.820247 -11.242546
1.487079 -12.185802
7.665496 -13.853337
8.730808 -11.697867
8.481115 -11.126244
8.949053 -8.251392
10.679440 -3.955871
11.015014 -4.027602
9.402573 -4.665306
8.677933 -10.997853
8.627264 -10.075031
4.254169 -7.976845
0.705674 -10.660897
2.522438 -10.155582
1.222636 -9.726758
3.626999 -8.059581
8.910891 -7.760617
15.156455 -11.566577
15.822363 -12.631243
10.482911 -14.493913
10.207232 -13.567019
8.050043 -13.897859
9.829287 -7.751693
7.681098 -7.384375
8.768459 -11.499694
6.629018 -13.822030
11.552720 -16.160316
11.097099 -15.066186
9.598840 -13.109996
15.157555 -9.250457
11.055539 -14.133028
14.737007 -13.703592
11.946785 -14.044177
9.037346 -8.467851
8.045607 -8.430182
9.864327 -4.127921
3.900611 -7.701710
0.233620 -8.540044
2.431006 -9.056129
0.684367 -10.764164
-0.134845 -13.165105
2.472701 -11.149274
0.444120 -13.052992
8.243776 -10.405967
8.526585 -12.425120
11.735708 -7.544295
6.300048 -8.010373
1.180087 -9.129642
0.702556 -8.887774
0.927902 -10.480834
1.984335 -7.934942
7.900499 -9.440527
8.543537 -10.470119
8.234772 -6.230535
7.582104 -3.562253
6.371600 -6.362558
7.323928 -8.011727
4.932407 -6.206890
6.656066 -7.289524
8.154095 -11.335225
8.421577 -6.200503
9.362278 -8.676379
6.593988 -7.443411
4.403459 -7.233636
7.369056 -4.650912
7.464952 -7.624488
5.519189 -4.633533
2.771055 -9.808323
7.850127 -8.488442
11.157469 -4.374775
10.922325 -5.885224
8.462626 -13.756680
8.854945 -11.672148
8.082349 -8.743416
8.966143 -9.031284
9.094959 -12.121325
7.990378 -9.401169
7.939213 -12.385570
9.013042 -9.008683
10.710585 -5.851496
11.167248 -7.207291
8.432325 -10.480107
15.434095 -13.173924
18.379057 -16.018663
12.896698 -12.995392
9.148977 -9.721109
10.595586 -15.176847
8.544028 -12.054060
3.173616 -13.932124
-1.376456 -13.974063
2.671845 -18.833212
3.330296 -14.797130
1.312153 -10.573941
1.626044 -9.835189
1.457748 -7.325128
4.977407 -7.187149
3.443169 -8.057656
1.721674 -9.645674
-0.953945 -9.706798
5.041603 -6.790936
3.514903 -6.689691
2.347824 -9.363070
2.006882 -8.368396
1.647506 -13.870006
7.297648 -14.510032
4.070570 -7.544055
7.675905 -6.576188
5.263485 -14.090768
2.908846 -13.223295
9.019029 -14.511259
4.876796 -14.186831
2.394533 -8.465514
0.617538 -10.109006
3.649665 -7.945568
9.738132 -7.530180
9.109173 -11.036800
9.554658 -16.265837
13.980774 -15.372812
7.920745 -9.711484
9.253876 -8.476555
7.138645 -7.921950
8.648783 -6.332139
9.997295 -7.793370
12.805638 -7.086074
8.987633 -5.583743
11.410181 -5.406383
7.573986 -3.223416
8.071060 -9.787186
9.213901 -9.888741
2.575174 -8.823900
2.235054 -10.694790
1.949310 -8.982520
-0.879838 -12.259591
5.350348 -8.073344
5.297271 -7.715516
8.916750 -10.689763
2.405124 -16.017496
4.010451 -13.300149
3.413670 -13.239861
-1.352116 -10.903565
0.842745 -10.484860
5.327157 -7.848867
1.891011 -8.103663
1.724449 -10.227551
-0.582605 -10.801654
1.617197 -13.181132
1.838612 -11.423066
1.494357 -14.402531
5.520539 -15.265743
6.264150 -16.306522
9.042440 -11.619037
8.892569 -7.395090
2.807599 -5.943384
3.777484 -6.092237
3.672791 -6.375659
4.745980 -6.731565
4.810333 -7.002548
6.099107 -4.207902
2.335841 -8.121442
4.528815 -5.298462
2.231739 -8.289262
-0.275445 -8.450011
3.838298 -4.605734
4.349542 -4.816473
6.264608 -5.947360
6.812418 -4.763402
7.817029 -7.630481
8.194357 -9.234774
9.815421 -15.310274
10.599774 -14.290937
4.728227 -14.721392
5.322343 -13.395099
1.452660 -12.496511
2.089478 -10.141177
-1.543712 -9.798934
-0.446234 -10.848234
2.587570 -8.478059
2.140678 -10.351012
1.643043 -10.079201
-0.099961 -11.096492
-0.458908 -8.772919
2.364292 -10.344820
-0.721468 -11.518411
-0.127958 -9.026312
2.269579 -10.414458
1.582263 -9.735240
0.889038 -9.128759
1.695470 -10.658715
3.533495 -13.488395
2.977231 -16.050339
0.524210 -10.607598
1.115176 -10.814510
2.325834 -9.103640
2.574150 -8.009723
5.432981 -7.557621
7.338881 -6.841740
1.810474 -6.451644
3.100063 -6.977301
3.789251 -7.504755
5.768952 -7.578306
7.313474 -8.047601
4.935209 -8.024447
1.461390 -5.692352
1.094728 -9.136148
1.078654 -8.852914
2.703980 -8.607051
1.892964 -11.087979
2.669497 -10.695060
1.800471 -10.173684
3.438967 -6.360907
3.917895 -7.361758
5.691160 -7.103013
5.101586 -7.033836
1.160828 -9.821939
1.971365 -9.744370
1.920024 -9.468756
1.959239 -10.380695
2.732536 -6.732332
2.748765 -7.148183
6.283693 -7.954553
5.320357 -7.261980
1.477168 -9.676549
1.633787 -12.739411
3.597452 -14.127213
1.455950 -8.090463
1.541846 -9.971395
2.548161 -12.474241
4.212737 -8.103907
4.261781 -7.066383
4.648972 -6.953781
8.934990 -9.206683
8.533987 -11.774994
11.133934 -15.634549
6.183701 -13.384847
2.923782 -13.862497
-0.173689 -11.477523
2.706037 -8.432778
0.405307 -8.412795
1.338524 -8.846395
3.401564 -7.373601
4.828142 -7.391044
3.410105 -6.824360
9.011511 -8.013730
6.777937 -7.585712
8.995783 -7.887115
3.105019 -8.052382
8.965422 -10.892049
8.806678 -10.217746
2.762923 -10.111196
2.824849 -11.950547
8.829087 -13.007918
7.303988 -13.456974
8.049357 -14.887097
6.318224 -13.972653
12.561817 -17.861008
8.031375 -12.461116
8.092252 -10.590251
2.114721 -9.764293
2.195442 -10.850420
6.898531 -13.694823
12.525671 -13.014828
12.789404 -12.923022
7.938018 -15.082347
6.332461 -14.622425
4.088996 -16.498859
16.138832 -16.531534
14.513056 -11.826027
8.514913 -12.637389
8.126081 -10.335644
9.007032 -12.250472
2.365643 -8.035757
1.602403 -9.854459
7.128189 -13.364450
4.528279 -13.399018
1.499583 -13.621085
2.529057 -8.975561
2.749633 -9.505704
2.541815 -9.488353
2.201381 -12.288333
-1.198054 -9.219039
5.891406 -16.434660
5.406936 -15.382204
6.123615 -13.230597
6.309028 -14.828304
-0.324840 -18.749533
7.402933 -17.191713
4.445239 -14.337153
2.483481 -17.723928
1.506877 -12.762243
-1.279009 -11.914991
2.319702 -8.258639
3.666023 -7.898054
5.550072 -7.817469
4.647807 -7.382469
1.780640 -8.540959
-1.521030 -10.029304
-0.319753 -7.703852
-0.756673 -8.946830
0.835775 -8.233176
1.625064 -7.635627
1.945816 -8.305540
7.965268 -5.784509
5.074573 -7.184762
-0.215202 -9.173072
0.820221 -6.289287
2.099725 -10.993369
2.675277 -7.563149
4.817814 -4.381852
3.335614 -5.963706
2.133130 -7.332606
9.290079 -12.017001
14.105309 -13.081627
8.533531 -13.105221
8.471128 -10.980027
8.507032 -12.030762
8.008212 -11.050958
8.317666 -6.966107
9.071158 -9.222447
8.345850 -10.673778
8.309885 -8.762752
8.549472 -7.707615
5.358881 -7.300142
1.904540 -8.530721
0.388176 -11.066186
-1.944301 -8.842327
-0.392830 -9.983701
1.280817 -6.162865
1.670706 -8.910338
1.341370 -10.039895
2.384221 -8.092040
0.901566 -8.661691
-0.866886 -10.852344
2.625103 -7.837346
6.380637 -7.570747
7.016783 -7.793737
7.545490 -7.009402
8.257674 -9.822473
8.563721 -6.944134
8.738719 -10.546911
7.752806 -6.026218
4.561728 -2.675521
3.886349 -6.893424
3.346845 -7.564619
0.673011 -10.349978
2.734786 -9.371706
2.796475 -9.533326
2.682644 -14.266482
0.296704 -9.328588
3.564489 -14.397380
3.620794 -14.282101
4.318310 -14.223180
2.024000 -13.005627
1.749930 -10.657205
1.782865 -7.559999
7.554227 -7.238537
8.766613 -8.881302
8.892115 -7.362542
9.162563 -10.678897
9.471722 -6.518692
