3.527305 10.126785
2.510040 11.168322
-0.643910 10.125272
7.183473 10.227921
7.494457 11.857095
5.271194 13.996849
7.670846 8.740060
2.882176 9.815328
4.439347 10.968659
6.292874 9.800064
9.953974 13.631675
8.414057 14.035088
7.302259 12.469395
5.884313 11.988808
9.009523 9.029804
6.511835 11.272298
9.466219 11.497438
2.383637 10.469068
3.092118 11.168758
-1.454621 10.407687
-0.234423 14.999551
-0.045699 14.666074
-0.625587 9.219325
5.445299 7.773716
4.389474 10.727880
6.212883 10.009279
6.178529 11.064034
5.839909 17.869040
3.967665 16.924303
