19.638668 -12.406869
17.778984 -12.445685
15.744926 -13.055561
16.003012 -7.927392
11.630306 -7.172484
11.728328 -5.309512
3.448719 -7.925554
-5.594182 -6.658115
-5.444142 -7.202646
-6.722153 -7.165381
-7.237586 -9.102050
-8.174776 -8.353271
-10.284886 -8.115105
-7.561192 -8.001983
-7.074404 -6.867670
-7.082752 -7.544231
-9.030754 -8.836424
-11.426376 -8.756423
-16.851044 -11.321328
-14.070942 -6.338094
-11.557375 -10.856125
-8.727962 -9.363414
-11.513996 -8.800080
-9.797895 -8.593653
-11.508972 -8.496873
-8.711328 -9.783142
-7.866554 -8.877219
-11.284853 -10.305258
-15.221071 -9.916383
-13.054997 -5.721334
-14.129797 -6.422801
-14.888069 -3.080430
-11.657003 -2.371312
-11.375795 -1.582801
-10.328725 -1.158530
-8.001721 1.887989
-6.607888 -7.924016
-7.928101 -8.985748
-3.263072 -7.035719
-8.266657 -8.697593
-6.894732 -8.848472
-7.741288 -7.968400
-9.910854 -8.695652
-7.270196 -9.275050
-7.037613 -6.614360
-7.594448 -5.416744
-6.976910 -3.869472
-7.644835 -3.623921
-4.406561 -3.777314
-6.520937 -4.578973
-6.951264 -1.911919
-10.260702 -0.516132
-11.817439 -2.774185
-9.608625 -0.838936
-16.161413 -5.081819
-14.347036 -6.817013
-11.715811 0.345920
-15.658321 -3.210869
-14.401756 -7.378744
-15.888397 -7.650049
-11.082246 -0.157487
-11.116182 -2.629640
-8.490218 0.401659
-17.095459 -6.185576
