11.965129 -15.830606
8.530458 -13.195837
8.131971 -4.537798
8.886383 -10.135741
8.341909 -11.392723
8.584338 -10.046080
8.443099 -15.352911
8.367506 -13.887305
8.050275 -12.866511
8.927644 -12.186391
8.774384 -13.443799
5.654605 -15.466017
4.970611 -5.814076
7.086146 -6.372075
8.260205 -9.109940
0.397575 -10.638510
-1.409858 -10.044621
1.424198 -10.192441
5.141235 -6.450859
6.431235 -5.970016
9.352001 -4.840748
8.790596 -12.843835
8.005431 -12.466186
14.127169 -14.223307
7.517325 -13.895369
11.296838 -14.296447
9.164612 -13.040753
15.454678 -13.217587
6.901729 -8.088061
9.227219 -10.892428
8.607894 -10.468363
2.737389 -9.483622
2.164117 -9.483064
3.330193 -6.194625
3.895662 -8.100462
4.617930 -8.023130
0.945544 -7.332756
1.956428 -9.683666
0.985994 -8.413972
6.701378 -7.103234
8.372121 -6.721632
2.169361 -7.497078
1.822630 -10.795032
2.306864 -9.454738
1.909617 -10.196437
0.165010 -11.447330
0.244120 -12.629951
4.922581 -14.133945
9.707514 -13.273262
6.773010 -15.419068
3.819270 -14.682326
0.146657 -10.245345
2.439517 -11.193290
2.833620 -11.167554
2.436723 -12.828605
2.792534 -13.546517
1.957117 -8.981789
2.076211 -8.612222
2.040667 -9.004404
1.078117 -10.441712
1.926102 -11.330573
2.187770 -9.851787
1.644194 -9.399911
2.825327 -9.094580
2.442984 -10.642307
2.580020 -5.833686
3.435575 -6.867611
6.632781 -5.712095
8.146066 -7.118375
6.177419 -7.421054
7.479325 -8.114066
6.438633 -7.887477
8.392344 -12.518343
7.738123 -15.525369
10.180015 -15.098742
7.351051 -7.927723
5.652718 -5.650724
9.022750 -7.981381
8.522492 -9.272775
9.218360 -9.704621
8.672361 -7.984836
9.286310 -8.981429
1.740968 -8.135530
0.022200 -8.722816
3.378250 -7.911176
2.691107 -10.477330
1.673658 -12.738162
5.516432 -14.405150
4.855007 -15.371623
4.321624 -14.025398
9.214376 -10.558177
8.600477 -10.877614
7.961675 -11.515076
1.974972 -9.815759
1.954954 -7.045503
2.503557 -9.911450
8.779450 -12.147914
8.653695 -9.743509
5.095840 -7.802109
6.707207 -6.196387
6.169794 -7.432361
5.988389 -7.354857
0.749991 -5.608827
-2.917947 -9.543362
0.227221 -11.151277
2.502545 -14.625752
6.499048 -13.383602
5.601000 -7.561695
5.670771 -4.564486
3.753543 -3.019427
4.421458 -6.493875
3.708321 -7.495752
2.929361 -7.914459
2.373512 -10.515376
1.028989 -11.291795
1.609219 -9.906014
0.878151 -6.680690
4.630778 -7.612669
5.473353 -6.186366
9.202667 -8.587850
8.965998 -5.730733
8.080388 -9.133657
9.313420 -6.917994
6.944739 -7.798431
5.324296 -8.111945
4.759484 -7.400475
-0.062505 -8.384351
3.374691 -8.123734
5.576195 -7.881867
2.390737 -11.171449
-0.963861 -10.445420
0.570528 -11.480624
2.390116 -9.572260
0.513742 -9.629779
-0.569449 -10.382565
1.281050 -9.078382
1.705795 -9.241321
1.283075 -6.672204
2.112397 -10.042689
0.126359 -10.074216
2.801222 -12.556270
0.682403 -9.510010
0.738311 -10.968696
2.653160 -11.295170
2.624681 -9.714650
2.490314 -6.986069
2.976326 -8.189430
6.592631 -7.649837
6.552145 -7.956638
4.855922 -6.965222
2.890094 -8.173526
1.017509 -8.666216
2.902841 -7.801043
6.183685 -8.060044
5.105599 -13.384458
-1.079487 -13.225846
7.174251 -13.530388
7.548082 -15.270038
7.866385 -13.594061
8.487103 -12.734439
8.514357 -11.513481
8.285810 -11.102963
1.494874 -10.974923
-0.063631 -10.980431
-0.910004 -9.536195
0.217633 -14.138218
6.034559 -14.837361
4.349265 -13.320380
9.127680 -17.208061
10.828163 -13.108668
10.955530 -17.076519
10.190316 -15.481194
8.384899 -12.479947
7.846110 -12.212970
-2.140584 -12.022273
-1.332540 -10.894498
6.484093 -7.012611
2.263747 -9.571668
2.673933 -12.198493
-0.789783 -10.908080
2.117653 -9.255503
0.848630 -12.271764
3.964768 -13.345320
2.826552 -15.602496
6.294179 -15.925565
2.589881 -13.564076
2.007156 -15.837484
3.650907 -7.965770
6.541580 -7.967770
4.953553 -6.711193
7.786707 -4.274212
8.378898 -10.535863
8.859885 -8.581182
1.373512 -10.381894
0.833565 -11.720005
6.255466 -8.007243
5.001184 -7.941632
8.600986 -7.344153
7.006885 -5.460745
5.309452 -5.976470
-0.887798 -10.056263
-0.665641 -13.726741
6.115107 -13.503197
2.441692 -13.986421
1.374804 -12.116555
1.059020 -12.382198
0.739455 -10.236063
2.041559 -10.075446
-0.161898 -13.281598
3.474707 -18.269581
4.034973 -13.227901
10.870580 -15.496860
7.009000 -14.765512
3.056913 -13.735763
3.374757 -13.727933
1.425481 -11.886630
2.826061 -9.531142
0.107887 -9.563275
3.564919 -7.572686
1.749218 -8.682351
2.622236 -9.073737
1.919913 -11.857858
5.961379 -14.580770
8.296835 -14.057059
8.250561 -13.328105
8.796008 -10.967220
9.211820 -10.582672
7.731730 -6.575516
8.492695 -11.180840
9.133879 -8.260070
7.891613 -10.173419
9.065149 -10.579766
8.476852 -7.153574
9.190476 -7.967709
9.188640 -8.577453
11.463844 -16.504839
11.755023 -13.064837
7.630367 -13.265447
9.585765 -15.235957
6.412707 -16.525408
10.264973 -14.383884
8.160086 -10.163220
8.359116 -8.231249
7.357614 -8.007328
-0.550179 -6.967039
-2.826233 -8.952435
0.205321 -9.251479
1.253537 -10.903403
0.103785 -10.277054
2.607322 -8.671741
1.892154 -7.917839
6.226700 -6.321675
0.545968 -9.418559
4.052964 -15.438190
7.147270 -13.658317
9.986372 -14.936226
10.554038 -17.448093
9.180915 -10.832829
8.642409 -12.911357
9.010036 -10.604400
0.860197 -18.647139
3.472780 -16.738264
5.271412 -16.245489
1.095324 -10.621709
2.796470 -8.305070
0.362294 -7.575897
4.154215 -6.681711
3.346964 -7.689673
-0.680387 -11.144116
4.766683 -13.263818
8.533625 -13.341708
9.153744 -7.794289
5.964282 -7.552769
7.917633 -6.622048
9.318885 -9.113435
7.694341 -7.627510
5.321305 -6.722976
7.916780 -7.859015
7.023201 -5.383418
7.573695 -7.301272
4.811585 -8.036942
0.944663 -6.708020
1.860969 -9.271642
2.079712 -11.844535
2.017938 -8.563067
0.568833 -10.157848
2.067882 -10.260529
2.823334 -9.488852
2.597891 -8.219625
1.420943 -7.173066
2.211825 -9.322116
0.812737 -7.216500
1.076317 -3.060900
5.709846 -8.088432
3.094015 -8.201795
2.674942 -7.309748
1.288469 -8.381251
0.646774 -9.674427
2.836280 -12.795945
1.621697 -8.402406
1.575231 -10.284310
0.737463 -7.313593
2.829135 -10.170241
2.373515 -10.590102
2.413256 -8.377633
2.683654 -5.420571
