4.264033 -7.331562
7.771172 -7.912838
-1.316743 -7.839314
-0.422953 -5.130105
1.822092 -6.370351
4.432723 -7.399832
3.447230 -4.932302
0.393881 -9.028067
0.333390 -9.108413
0.808477 -9.773287
1.423188 -7.000513
7.676795 -4.814400
8.011194 -10.325068
9.171622 -9.821734
9.083088 -15.833244
11.147115 -14.756730
11.984977 -16.887148
11.458384 -13.510023
10.761251 -13.754698
9.383511 -13.119499
8.278086 -11.340699
7.942837 -10.458071
8.563465 -10.306069
5.860963 -13.523398
7.001988 -15.098016
0.188558 -12.717630
1.117308 -11.583323
1.344276 -10.450630
1.977668 -6.923856
3.280531 -8.072163
5.234064 -7.234217
7.556299 -7.803172
3.179370 -7.999526
2.339742 -10.583552
2.400593 -11.714042
5.376811 -15.529784
5.874846 -15.109479
2.680416 -12.990005
5.123948 -14.096341
4.282444 -13.440260
2.523330 -11.783706
2.090467 -9.303290
2.731816 -10.837766
0.562199 -10.104298
3.875664 -6.402364
5.929887 -7.117748
6.414906 -7.878669
6.978621 -6.676280
8.033188 -8.157986
8.490902 -10.719340
7.949979 -12.841187
11.136745 -14.059535
9.006928 -14.238354
9.989034 -18.273846
