15.109264 -19.915075
14.816206 -12.347211
16.316288 -10.674267
16.916796 -15.429198
11.402063 -12.873288
11.588768 -15.849975
9.975408 -16.113472
8.892033 -10.369262
7.515545 -7.668344
10.531610 -13.829379
9.746420 -7.097972
8.775859 -6.956695
7.241201 -5.245699
14.628005 -8.945357
8.708463 -11.930955
12.336396 -13.997662
12.316452 -13.364014
12.992971 -15.241502
4.137863 -14.315048
2.312397 -12.784673
2.216038 -12.986058
2.768828 -13.454230
4.736208 -13.295352
0.089550 -12.759728
1.524107 -10.590722
1.229001 -7.543047
3.701477 -7.209815
4.022657 -7.421911
6.049384 -7.278316
4.507850 -7.072917
3.894945 -7.940250
0.951902 -11.142838
2.576859 -9.564074
-0.309120 -10.032720
1.096515 -9.605832
2.750468 -9.003629
2.257514 -10.369126
-0.474771 -10.120157
-0.452595 -9.965165
2.002918 -11.649793
-0.418585 -12.028754
2.163576 -10.514078
8.736152 -11.137477
8.478853 -9.957191
3.388155 -7.921474
2.530426 -9.583760
0.769128 -10.428551
0.252793 -10.877835
2.809597 -10.787517
0.807459 -11.621095
3.020259 -6.333055
2.158367 -9.266489
0.074633 -10.523040
2.348698 -9.455142
1.214380 -10.519811
3.507637 -7.493739
8.315560 -5.812905
7.929716 -12.059195
9.480281 -14.303022
8.367698 -10.615055
8.044123 -9.613711
8.793449 -9.057630
9.091057 -6.013194
1.928652 -6.338371
5.843139 -7.785197
8.428966 -6.897469
5.503042 -6.097098
7.374475 -5.778465
-3.616384 8.331884
-10.968057 12.362059
