-16.104246 0.266996
-14.235646 12.003602
-18.222334 10.434728
-14.584412 7.809373
-15.261791 6.771804
-13.675474 8.008089
-13.368082 3.623248
-11.666012 3.089699
-8.439436 1.799952
-5.652843 5.575491
-7.226129 8.024102
-6.008632 7.291561
-7.775229 6.027829
-5.284158 8.441953
-3.780641 6.731289
-5.738914 5.765004
-7.228226 9.355563
-9.877005 9.057502
-7.826164 10.219838
-6.056638 7.029202
-8.982899 9.608679
-4.169096 9.474054
-7.231566 9.621906
-6.734329 5.672147
-7.755534 5.040854
-7.802769 4.967825
-7.484536 7.085603
-5.211416 5.839144
-7.002296 9.219056
-10.207343 9.293109
-9.406634 9.117302
2.000331 8.833604
12.713769 16.964119
