10.387524 -14.719881
8.837505 -9.034953
6.884394 -8.371780
3.292219 -8.360459
5.645075 -6.931052
5.364408 -7.229330
4.704370 -4.754322
4.286704 -6.711469
5.731703 -4.736620
5.152804 -4.053756
4.450866 -4.816570
4.122828 -4.165686
3.878694 -3.989201
2.975074 -7.062699
4.085716 -4.832424
2.659434 -4.218380
7.425896 1.763860
8.118680 3.610676
3.815485 2.229410
1.680591 -1.043226
5.252354 1.856570
3.559435 1.475006
3.533580 1.274127
5.216420 3.272049
6.861330 0.325199
7.382972 -0.549564
8.535370 1.900309
5.122336 2.007971
3.244893 1.297997
3.087158 1.489822
5.868310 1.358387
5.117544 1.094114
5.681209 1.315308
5.748056 3.076262
5.840592 1.179745
7.237870 1.823459
7.194878 -0.029245
7.302568 0.049877
6.844060 0.022431
7.417020 1.313052
8.054251 1.570156
5.147213 2.938914
5.507204 4.170975
6.434985 2.894136
5.939960 1.594126
5.717686 2.064764
6.378576 2.136448
4.586597 1.164396
3.379209 1.784505
5.332592 1.324041
6.371225 1.641356
2.227610 2.420380
1.896542 1.085717
-0.408152 1.426455
0.946627 -0.323596
1.466693 0.892063
1.627607 0.459943
1.036826 0.037497
1.184152 -0.194978
0.770669 0.339908
1.229451 1.314370
2.420075 1.180230
2.890933 1.355356
7.330200 2.839248
8.050819 2.868888
7.927548 0.080828
7.835090 -0.637386
6.869561 -1.301091
6.844934 -0.925945
7.571963 0.616778
6.668385 2.088216
4.979644 1.705210
3.815698 2.107322
1.341736 1.475543
2.634686 1.776464
3.383584 1.390794
3.071797 1.187636
2.074988 1.203930
1.789219 1.332596
0.955391 -0.678015
0.773302 1.748187
3.047251 1.096015
6.256877 1.286667
5.395851 1.100473
6.470865 2.089862
5.009350 1.531579
1.139375 2.072517
2.996143 1.550133
2.290816 1.998646
2.020873 2.306753
6.209521 4.841821
6.178218 2.404281
3.511652 1.235020
1.641339 1.855900
1.292239 0.776953
1.163504 0.915129
1.769646 0.226023
1.713648 -1.424655
1.299995 -0.389516
1.431733 -0.522572
0.693404 -1.358102
0.690183 -0.893671
1.080055 3.756551
-1.141679 5.151952
-3.994245 11.336616
-8.013359 16.143127
