16.048828 2.269392
10.718026 2.542711
9.568027 3.093606
7.143542 0.417894
7.300680 -0.213721
7.225259 -0.014707
8.350854 1.717717
5.884476 1.358446
5.981435 1.357446
10.567146 3.625117
9.317942 0.143965
8.324854 -0.734564
9.746641 0.327550
7.460556 -0.101932
9.146532 1.935293
6.858546 -1.160486
8.535414 1.741514
7.580997 0.243550
7.006315 -0.805552
7.368340 -0.053617
6.826733 1.299818
5.609932 1.144440
4.540555 2.024914
3.578692 2.080715
5.216917 1.264066
1.067763 1.070380
1.061860 -0.103758
1.690274 -1.966366
1.649842 -2.571980
0.722868 -2.480327
-0.184572 -3.504304
3.134644 -6.200878
4.190948 -4.356892
3.126890 -4.088332
4.853157 -4.123741
5.178042 -3.985514
1.519699 -5.260571
1.279724 -3.040691
0.571928 -0.786186
1.710138 -0.392400
1.392580 -0.337714
1.969072 1.858132
3.483466 1.305058
5.363294 2.264655
7.920322 1.014483
8.008849 4.091886
5.019839 1.255677
4.183173 3.053618
5.335847 1.161423
6.508585 1.073010
5.271108 2.009158
2.524576 2.637204
0.416259 2.854982
1.749926 1.481359
1.702626 0.524562
1.850388 2.121650
2.190315 1.267440
0.769638 0.514248
0.802207 0.403835
1.497577 -1.484873
0.926619 -1.990518
1.539558 -0.453132
1.480955 0.791115
5.545444 2.144717
5.992950 2.636849
2.403572 1.463138
2.803818 1.360770
2.355170 2.069312
3.571155 1.113322
5.366311 1.124908
4.608344 1.507262
4.057612 1.830326
3.791641 1.343998
0.959747 2.229831
0.629372 0.318681
0.283811 0.013797
0.744376 0.163623
1.720245 -2.339448
1.417609 -3.714353
2.104505 -5.569075
3.184123 -4.582782
2.535843 -6.554883
3.836187 -4.149877
2.789876 -4.425591
5.163214 -5.101662
4.090376 -4.473458
2.472119 -10.778395
-0.689492 -16.645304
