17.100746 -4.766678
10.511218 -1.126429
9.133073 2.329328
6.863530 3.241640
6.270873 2.998609
5.219965 7.970964
4.360986 8.026855
7.177965 10.859897
6.198753 11.060090
2.376797 10.983358
0.176905 10.990760
-1.561764 6.818098
-1.320060 5.978491
0.898126 5.770569
3.429534 3.907354
4.050577 3.244384
0.723602 5.480197
0.610668 3.984914
-1.257162 6.673233
-0.821653 6.721498
-1.458751 8.950153
-1.103250 9.041866
-2.803175 8.384025
-1.105067 8.057960
-2.362616 6.736256
1.245486 3.822357
1.026606 3.497887
1.346757 3.054555
0.655321 5.759202
1.540931 5.731209
2.182413 4.617645
2.158828 4.923289
4.469981 3.777501
4.537180 7.947319
6.085282 9.853149
4.645196 10.747215
5.362556 7.730969
5.427599 6.827379
4.319395 7.269831
5.156605 6.011208
3.616758 3.950351
1.068400 5.899135
2.753841 4.847972
2.875609 4.872035
0.835240 4.561895
-0.519620 4.209294
-1.226982 6.833409
-2.751759 9.739280
-1.077447 12.489719
-6.059557 12.311244
-6.697680 12.256950
