-6.717518 12.745875
-6.221553 8.600557
-7.671057 7.651364
-4.820966 9.196467
-2.695669 6.473624
-2.935132 3.610389
-2.960975 6.682670
-4.193692 8.386283
-6.867262 7.327619
-5.721728 7.324579
-6.110630 7.388832
-7.035254 7.662249
-7.941455 8.909785
-10.786689 8.670722
-9.863970 8.914365
-8.667417 8.779145
-8.940781 9.642860
-6.492578 6.887033
-7.648465 7.654258
-5.605929 6.119761
-6.271388 6.978224
-4.148960 8.683030
-4.309487 6.397434
-2.123644 3.903396
-2.518346 1.526394
-4.354975 0.854115
-4.792393 -0.413155
-4.551900 0.076520
-5.465307 -1.381317
-5.531639 0.568706
-8.561082 -1.692327
-8.514122 0.181604
-6.653506 0.743788
-7.914517 -1.175620
-4.645234 -0.540258
-5.147081 0.571045
-6.674332 -0.562233
-4.867002 -1.341883
-5.416346 -1.107718
-8.848541 1.049533
-9.897382 2.019778
-8.791734 1.280309
-9.924982 2.709909
-10.045697 1.492825
-9.949665 1.887535
-9.449060 2.938516
-8.846298 3.204302
-9.138012 2.375615
-15.545903 2.107615
-13.197869 7.044662
-16.209236 0.713445
-12.187689 3.185653
-8.985199 3.387596
-8.687462 2.608121
-8.235786 1.920205
-8.527075 3.413059
-8.793804 1.039044
-5.022006 0.133175
-7.410603 0.765759
-5.979373 0.760091
-5.581977 0.471098
-1.603304 0.603737
-3.034295 0.507466
-3.080665 3.103928
-1.757298 1.695321
-2.322356 3.039082
-3.064866 5.044191
-2.229842 4.688403
-2.529461 6.649101
-6.072729 7.145953
-3.466544 6.013558
-5.359984 6.201570
-8.726368 9.332913
-4.114210 5.944655
-2.185340 7.312193
-2.371982 5.216269
-3.097420 3.085320
-3.493696 0.843297
-1.457249 1.076437
-8.645184 2.514382
-8.891703 0.425477
-4.436732 -0.120862
-5.125866 -0.719312
-4.957812 0.344105
-8.304926 1.026302
-8.229425 -0.371573
-8.719596 2.936382
-7.082430 0.786613
-3.979357 -0.296412
-4.400321 -0.169739
-8.762368 2.258820
-7.309432 0.036232
-5.699140 0.373659
-4.287835 0.917102
-5.499744 -0.746096
-7.726308 -0.687279
-10.421149 2.957857
-8.221989 3.082469
-8.831610 2.179517
-9.976476 0.943400
-7.406574 0.776291
-4.027674 0.702654
-3.319775 -0.981786
-1.639650 1.058178
-2.744934 0.081659
-6.087459 0.388731
-7.805917 0.362679
-2.749105 0.235414
-4.133121 0.679835
-10.591988 2.225615
-9.965995 0.313381
-16.395493 0.151267
-2.850745 1.907634
-8.600814 3.274195
-9.746387 2.792566
-8.854536 2.120902
-8.479000 1.351347
-8.617842 2.859918
-9.982946 -1.545245
-12.926901 1.592796
-9.697002 2.251409
-10.761497 2.165023
-9.792211 0.746864
-17.587551 7.519969
-14.089227 7.277831
-14.404203 6.723958
-12.176281 8.584169
-10.566759 8.531180
-2.893182 9.185899
-3.714557 8.166171
-7.143099 7.048202
-6.098519 8.144413
-9.339195 3.280836
-11.623979 -0.360730
-9.529785 -0.150724
-9.808568 1.690369
-11.935444 1.888627
-12.125720 1.952243
-13.708491 5.923434
-17.161858 7.134420
-13.585576 8.898190
-15.975719 2.859849
-8.288090 3.454431
-2.821796 0.350139
-1.792455 1.454755
-2.167486 1.776159
-2.508170 3.568331
-5.827482 7.351499
-3.871584 6.485146
-5.613908 7.684023
-3.593863 11.448050
-7.023052 9.202787
-13.832191 5.595109
-19.116846 1.745977
-9.469475 1.482240
-10.361330 2.169998
-10.052531 -3.558925
-8.104821 0.925616
-6.375264 -0.730255
-9.810475 2.238173
-8.597394 3.296275
-8.342415 2.406725
-8.416533 1.483565
-8.856335 0.943093
-7.128479 0.787375
-7.335849 0.893769
-3.434352 -1.230036
-2.785362 0.120596
-8.008571 0.855144
-9.728726 -2.550540
-6.972062 0.495402
-9.452271 -0.781527
-8.247246 3.121570
-8.288724 3.377275
-7.443057 6.800749
-6.736180 7.576589
-9.535218 10.364752
-8.727970 14.557209
-11.733969 9.019990
-12.010851 10.847207
-7.436530 10.493134
-7.649790 7.274107
-4.097206 7.049742
-7.232266 5.996147
-7.770693 7.588176
-6.279230 7.345997
-7.126755 8.279799
-3.324122 6.512460
-2.107427 4.164266
-3.315655 6.657404
-4.977688 6.398409
-12.245934 9.123841
-11.363258 9.422715
-8.984894 3.093566
-3.535503 7.887491
-4.234636 6.521416
-6.882326 7.151086
-5.267901 7.805866
-5.760182 6.232872
-5.486977 -0.484635
-5.074259 -1.561503
-4.462280 -0.981008
-4.741356 -1.284651
-8.185565 -1.860858
-10.704831 0.644924
-9.728996 0.745469
-9.862282 0.505317
-9.030996 -0.278724
-10.825393 2.664836
-8.898767 0.652843
-8.897936 1.809916
-7.753768 -0.928648
-5.312316 -1.790958
-5.356436 -0.200209
-4.773384 0.345677
-5.531864 0.169225
-9.129416 2.986726
-9.671688 2.841794
-9.313756 9.465155
-6.403453 8.283166
-6.461894 6.461370
-6.441990 7.919587
-6.509155 6.513029
-7.303457 6.126397
-4.866041 7.021306
-5.339467 6.554190
-6.812829 5.971625
-5.837327 6.082440
-6.930249 6.465660
-6.854439 7.267662
-5.287042 8.628503
-7.854122 6.825523
-7.750645 7.375788
-6.517500 7.044246
-7.050841 7.594356
-7.138898 7.969050
-6.250937 8.889276
-5.960508 8.342348
-6.164661 6.299311
-6.211424 6.270689
-7.477911 6.316487
-7.538701 6.352043
-7.232982 7.371385
-5.222294 6.106223
-7.474369 8.482441
-6.046815 7.541029
-4.385061 6.974763
-6.048073 8.140466
-5.769363 6.564556
-11.976558 1.836642
-8.262134 2.673139
-8.503658 3.255547
-9.089632 2.244251
-11.808041 1.083779
-8.951894 2.562955
-11.155036 3.337704
-8.372638 0.697870
-11.886647 3.191481
-9.150484 9.085797
-8.199162 9.079979
-4.738461 8.455034
-5.961478 6.078296
-8.837004 9.464899
-5.646743 9.926893
-10.026336 11.899373
-10.346527 12.294420
-7.779804 8.508478
-6.260042 9.749959
-6.082395 6.841229
-3.219296 6.583578
-5.839334 6.242244
-7.094940 7.061090
-5.541423 8.072615
-6.543134 8.673247
-6.505253 8.212873
-11.525669 3.442840
-11.049778 1.946481
-9.922732 3.491600
-10.309214 1.976238
-10.999668 0.703651
-9.659502 2.264222
-8.596899 2.586753
-8.981074 1.748385
-7.930055 -0.589746
-5.765492 0.428424
-6.635131 0.614970
-7.165689 -1.646283
-9.211992 1.226258
-8.548241 2.965976
-9.254758 3.208169
-13.325323 1.262471
-13.847744 5.346313
-13.195875 0.856528
-7.851572 0.061079
-9.696362 0.477568
-4.876527 -0.474067
-5.836504 -1.403663
-6.136172 -2.892269
-4.401779 -3.528366
-4.891148 -0.379457
-8.479623 -1.180678
-9.028334 2.943807
-8.199033 2.590508
-8.986129 2.305904
-9.155523 1.737442
-6.645098 -1.804470
-4.895865 0.141418
-3.271245 -0.102623
-4.804034 0.324350
-5.217027 0.197265
-3.359902 0.686764
-6.959046 -0.684708
-6.498172 0.838612
-3.429077 0.725574
-0.339125 2.644631
-3.008287 1.641909
-2.737643 1.261167
-0.970708 2.314284
-1.796904 2.863523
-2.029020 3.092318
-2.384428 0.086772
-5.801002 0.721991
-8.987018 0.276219
-8.352754 1.908710
-8.371043 1.714433
-9.450809 2.487633
-9.232537 1.976610
-11.607965 2.595030
-14.551721 1.024555
-18.166382 -1.297686
