17.015133 15.418448
7.828180 9.962566
6.155203 8.077149
7.320798 10.851808
7.308745 7.256412
5.180140 8.167051
7.495702 7.639169
3.688607 5.610243
5.035633 5.949893
5.467322 7.803765
6.833883 8.621013
8.048497 6.619617
6.678732 10.249690
7.139917 8.668491
6.145386 8.745242
5.034850 7.725494
5.800990 5.910680
1.923334 5.398072
0.976113 5.425876
0.253863 4.258874
-0.929247 6.164876
-1.530448 8.118404
-1.530408 8.064841
-1.298118 7.533551
-1.117301 9.887434
-2.875472 9.927859
-3.503571 12.358295
-7.326331 17.707172
