-12.442863 9.108925
-8.863362 8.550514
-8.867256 11.889396
-6.894384 9.709007
-7.699394 6.961531
-5.332553 6.498452
-7.828532 6.011689
-5.670354 6.049005
-7.019793 8.077514
-7.583231 6.350082
-3.250209 6.514076
-3.644352 6.098920
-5.046490 6.710694
-7.586128 7.556964
-4.899006 6.653794
-4.821871 7.036461
-6.262435 6.724838
-6.057909 7.953846
-5.698663 6.801507
-4.058300 8.175059
-3.826877 7.688734
-1.783234 4.540202
-3.104592 4.310985
-1.928732 2.493175
-1.182237 3.516288
-2.149250 3.905874
-0.189259 2.266725
1.206530 1.250971
4.386851 1.890500
4.816146 1.600935
4.210597 2.456145
7.640128 1.636388
8.942091 -0.255270
16.170855 -4.088607
