16.654617 -0.428947
13.034266 -0.203009
11.749829 -1.926298
10.758932 0.045207
9.057710 -1.642538
10.077993 -0.691050
7.993952 -0.819659
6.854446 -0.866555
10.509024 -1.002532
7.602371 -0.743312
7.784678 -0.565894
6.845289 0.518946
7.381290 2.048286
6.590390 1.223054
4.074780 2.037953
5.614199 2.768429
6.065059 1.233084
5.552564 1.442131
3.438321 1.651430
4.369403 1.646759
3.619623 1.970693
2.461641 2.028256
2.322386 1.901876
3.188833 1.164649
1.859528 1.075668
1.571232 0.161454
1.425072 -0.750903
0.756777 -0.166783
1.793477 -1.403287
1.689640 -1.852241
0.060898 -1.369840
-0.057458 -0.417741
0.482844 -3.902034
5.402455 -4.460096
2.352847 -4.382362
5.355923 -5.286634
3.366449 -4.091667
4.374343 -7.313355
7.115463 -8.708061
8.269676 -8.409912
3.306491 -8.472973
-5.172248 -8.613640
-5.097365 -9.161309
-6.738540 -11.387531
