-8.495977 5.689228
-8.296384 6.007459
-6.080749 7.759627
-5.843728 6.866746
-6.433391 7.864807
-5.717847 6.446810
-3.135492 6.735699
-4.304528 6.457403
-1.152048 6.278773
-2.143722 5.288541
-2.283212 5.166618
-1.902536 3.544183
-2.155000 4.752800
-0.508287 4.200362
-0.781003 2.967729
-1.226455 3.396805
-1.859605 2.404454
-2.498681 6.468098
-4.417470 7.328437
-5.458330 7.764009
-4.245827 6.333135
-6.039585 6.755640
-9.442012 8.760226
-11.280314 4.431688
-7.676400 7.779923
-7.857619 4.767231
-7.578721 6.216833
-6.343366 8.818663
-7.855346 7.903834
-7.553567 6.801349
-6.067064 7.521126
-5.701148 7.405837
-4.359941 7.144321
-2.827962 6.535030
-1.015609 5.508308
-0.439952 5.246498
-2.899797 6.876933
-4.796169 6.991326
-6.099733 7.217807
-4.327129 7.910093
-4.905904 6.762876
-5.114876 7.460195
-5.896185 7.453446
-4.780415 7.816867
-9.317223 5.309911
-8.298136 5.630664
-4.714502 8.950463
-5.544365 6.755670
-7.293654 6.575954
-5.441010 6.608246
-9.960838 6.145244
-8.048405 6.114095
-7.868830 5.485061
-8.509163 4.035951
-8.315478 5.430588
-7.956511 7.803159
-5.906735 7.809222
-3.197416 6.712731
-1.652838 3.534799
-4.737724 7.213073
-6.404851 8.527008
-1.343842 5.632650
-2.168832 3.757293
-1.643702 3.594486
-0.118669 3.186744
-0.166176 2.858896
1.278633 3.917680
-3.632337 6.507313
-1.339822 6.833358
-2.980370 9.078485
-3.793178 6.603131
-3.118347 6.698444
-4.712722 7.169187
-2.474565 3.382833
-1.990050 3.231449
-2.088987 7.755914
-4.088129 6.528186
-3.809027 6.373309
-5.611800 6.413369
-3.808529 6.732731
-6.478093 6.741565
-5.505565 8.897066
-7.298534 6.565384
-6.234279 6.329798
-5.396816 7.396570
-4.084938 7.017401
-5.087290 7.229172
-3.269100 7.772896
-2.104672 5.798949
-0.660165 4.480804
-1.557217 2.752085
-2.410375 3.561458
-1.294125 2.822840
10.567459 4.949012
18.077589 1.850827
