-0.051141 2.729306
0.594360 1.559836
5.437227 2.672976
8.135758 0.947880
8.305576 1.209226
8.440128 -0.048926
8.747536 0.427059
8.321094 4.623720
8.898567 2.239892
8.790352 3.027784
9.310587 3.660062
10.122417 3.688140
12.267519 3.627059
12.845722 3.671731
15.727618 -1.481604
15.203201 -2.132574
14.264992 -3.068944
11.037865 -1.693499
9.457668 -5.364813
8.787061 -5.649551
9.611288 -5.885566
1.503250 -0.128024
-0.262323 0.471942
1.154032 -2.082113
1.537527 -0.267645
1.735827 -1.236639
0.856953 -0.576568
0.172497 0.286312
1.225257 -0.295693
-0.146595 -0.991208
1.582183 -0.907151
1.553246 -3.260026
0.849974 -2.994017
3.805506 -4.761181
10.787881 -3.056667
14.469285 -3.376396
18.529507 -7.467643
14.296267 -6.372795
11.295090 -2.611465
10.833704 -1.876966
11.407828 -4.128077
11.850111 -3.898537
11.856581 -3.671575
7.166094 -5.691465
6.263602 -10.116976
6.614786 -8.429317
6.095674 -10.057994
6.049354 -8.311607
3.728611 -5.376134
3.541954 -4.234111
0.933383 0.397159
1.552288 0.636546
8.362314 -0.208648
7.867999 0.419518
9.011887 3.590519
10.472688 4.890177
8.598982 -6.763578
10.250249 -6.249604
9.122012 -12.009732
8.907782 -11.712445
13.157915 -6.520692
6.216785 -7.890044
4.753433 -7.459558
7.975737 -7.467845
10.632487 -7.678233
9.441687 -6.120760
9.365028 -5.556642
11.692482 -4.649785
7.389601 1.492666
5.800314 1.091548
6.656996 1.348799
7.951654 0.463623
11.155180 -2.099782
13.126805 -6.699494
15.463278 -4.292097
16.006687 -3.589954
12.217566 -2.487094
11.345398 -2.588594
15.420665 1.034109
17.270439 -3.275546
13.301289 -2.087405
9.093025 0.148639
7.771011 1.066562
7.049512 1.945959
7.197607 1.700279
8.579151 3.049995
7.145990 2.651272
14.615019 1.925257
14.231706 3.195624
14.671992 1.161875
15.594832 -4.760157
12.766659 -2.982936
12.798259 -2.465502
12.625522 4.016637
9.854876 4.564502
12.166626 4.523381
8.585853 3.762423
9.521031 4.470421
9.048214 5.208775
10.843493 4.081480
13.965599 5.597710
14.646809 3.964721
12.537343 3.918576
5.567096 7.124789
5.562039 2.578272
8.205138 3.066474
7.744745 2.413706
5.157627 -6.071794
9.774387 -6.005548
11.241876 -2.157276
11.549252 -1.818917
10.588726 -2.932990
9.647184 4.240043
11.547959 5.073210
11.373102 4.185906
12.997499 4.206476
11.052871 3.962520
9.963570 4.424376
15.988384 3.035452
7.537249 5.069798
9.017578 5.521945
9.600889 5.219947
13.975964 3.817764
11.448397 4.886427
12.325736 3.691841
12.702310 3.790163
15.284187 3.602872
16.511753 3.028297
16.805601 0.161533
14.156782 0.381536
15.014561 -2.630598
14.246029 3.161137
14.461564 5.077078
9.386068 3.472605
8.844248 5.450436
6.937298 2.655927
9.902485 4.046604
10.033598 4.580088
10.816571 4.965292
14.362492 4.599854
14.368653 2.550875
12.068502 -3.857154
11.138610 -2.852452
10.955198 -5.460054
6.851583 -5.984862
7.519884 0.498006
12.217883 -3.845316
12.132147 -6.743402
11.417097 -2.107424
7.823530 1.516879
8.637019 2.253122
7.501679 3.109209
6.678063 2.559161
9.016919 0.827574
10.683475 4.584733
13.258272 6.827029
14.276041 1.894311
11.166658 -2.965838
7.006039 -7.330259
7.583882 -6.302603
6.426176 -5.806058
4.415787 -8.591711
4.621540 -7.676847
7.338057 -5.273361
1.957673 -6.701584
6.586617 -6.668111
10.702798 -7.286645
11.079149 -2.864005
12.542767 -4.840995
11.065994 -2.586588
12.417232 -1.614157
13.606916 4.920700
16.005894 7.324232
8.571860 1.177385
8.550041 0.851020
8.374794 2.292601
6.443930 3.607077
3.630461 4.492377
1.199170 5.730471
2.008080 4.787619
-0.630484 5.740522
-0.796831 4.505110
-1.162356 8.157196
-1.137928 4.309634
-1.690975 5.438184
-3.864723 8.252585
-4.046908 9.233253
-4.549372 8.390327
-3.622590 7.327700
-6.786780 7.028976
-2.852921 7.451823
-4.646474 6.928696
-3.255543 6.485090
-3.787850 6.437763
-1.776134 4.512580
-0.958408 3.527292
0.399290 5.159726
1.696442 4.222492
2.700769 2.361323
2.698609 3.045437
3.801137 5.009671
4.455772 7.102710
5.094293 3.950562
3.041724 4.695465
3.839383 5.844708
3.862076 4.241385
4.736618 6.987731
6.377631 8.746152
4.797315 8.476430
6.029576 9.766223
5.704027 9.158957
5.166959 10.780013
4.896897 7.777982
2.010652 11.317895
1.384994 11.469298
-0.002969 11.152665
4.078207 5.426991
0.922787 5.839345
1.632189 5.925456
2.233394 5.257006
4.347351 6.803696
2.653550 4.208385
2.940835 5.770667
2.162656 4.863558
1.438026 4.657651
4.862462 4.607188
6.180072 9.921639
4.801889 8.990403
0.826272 5.136014
-1.035458 5.097603
-0.007092 3.993766
-1.722404 6.131211
1.429927 4.459270
1.104794 5.616731
0.132035 5.819724
0.114351 5.041455
-1.696432 6.692082
-1.366665 6.624950
-0.805086 6.478732
-0.999381 8.004847
-1.679174 5.717847
2.009906 5.595251
3.621640 4.883574
2.341456 5.217415
2.222950 5.588578
0.074268 5.810166
-1.048916 5.064841
-2.229353 6.579606
-1.116852 8.577909
-2.015933 9.008473
-1.966711 7.654831
-1.772562 7.534526
-1.492255 8.447133
-3.034482 9.306970
-1.948451 10.078226
-3.123427 14.103695
3.463141 11.220340
8.028300 14.397082
5.098854 9.749343
6.041283 7.659790
5.260350 6.734526
5.596614 6.845868
5.233097 9.149936
5.552111 8.407119
5.115292 9.560526
4.676451 9.030799
5.478854 10.383348
0.374859 3.962390
-1.127792 5.435716
-0.754696 10.490564
-1.996155 7.739789
-0.882061 7.116138
2.371714 11.760174
3.797259 12.132010
3.092509 11.523212
0.756571 5.907060
-0.878650 5.540448
-2.818300 7.653425
4.687057 9.463275
4.780871 8.011455
1.365914 5.359908
-0.754475 7.219710
-1.765312 8.862952
-0.718709 7.442320
-1.332340 8.965572
-0.807627 7.738058
-1.466488 6.556311
-0.330262 4.200022
0.640986 2.528608
2.275651 5.788274
1.407388 2.534904
3.156795 3.805529
2.037575 5.142138
4.293324 4.336103
4.616388 4.534472
4.371200 10.770589
5.994300 8.402046
4.663016 8.417119
5.443574 6.631961
4.686447 5.816713
5.944318 6.320689
7.093853 4.660449
8.032311 5.083389
9.406460 4.681952
8.279030 2.375344
8.867985 0.886365
7.068588 0.623194
8.409138 1.262250
8.930490 2.489793
8.771449 2.362651
8.175138 5.208203
10.927055 5.074475
9.650635 3.898877
10.480069 3.706569
10.993471 5.145950
11.050415 4.742545
10.777381 3.548655
9.882071 3.483961
10.727470 4.730947
6.382912 2.272884
5.904517 3.114256
7.246634 5.000545
6.534081 4.094441
6.093119 3.685466
6.360540 9.452334
11.763139 6.336512
13.475845 3.804801
14.474314 3.899014
11.215197 4.044956
13.709542 -3.183740
11.834992 -3.148637
11.118055 -3.215844
15.880041 3.756463
14.203251 0.474907
14.129919 3.297696
17.568422 0.524261
11.886917 5.849283
10.127150 3.555826
9.945744 4.620667
7.180940 2.380652
7.142570 2.835757
10.514307 3.502968
12.606926 -4.527692
13.516428 -3.244764
14.123405 -2.435585
14.921775 0.365045
14.533081 0.198829
15.431072 0.301187
14.735111 -0.640485
15.965793 0.231817
17.644764 -2.142458
12.436573 -1.653832
10.959232 -4.137033
11.033033 -3.478475
11.467148 -7.308221
11.433290 -6.594137
8.441923 -5.627174
8.846881 -5.336590
11.827078 -7.449339
9.454630 -5.443832
7.806492 -5.907643
3.770062 -6.704556
2.383653 -6.225996
2.860555 -4.102589
0.585611 -3.125051
0.350975 -2.126209
1.782942 -2.360682
1.652088 -3.426838
1.711839 -3.373386
0.169938 -2.304939
1.619143 -1.467853
1.582701 -1.182523
0.638845 -2.165331
-1.187832 -4.537075
1.741936 -0.832930
1.585091 -2.375618
4.337106 1.299460
3.988428 1.533700
5.798038 1.147320
7.819227 2.357173
8.073165 4.050504
11.936762 4.342107
7.759615 3.258900
8.395528 0.397486
7.699055 1.538335
7.839162 0.904227
7.756269 1.535316
9.020895 2.015862
7.130036 1.557498
7.714695 1.906890
6.454395 1.400926
10.028254 4.289081
9.886709 4.278562
9.571687 3.803821
7.599145 3.877937
8.550375 1.761333
8.193944 0.743798
9.089368 2.482670
8.919661 4.229702
10.658244 4.512583
9.189600 3.844019
10.958144 4.037682
10.635014 4.647788
9.506729 4.233103
6.697150 3.395589
9.086426 0.254822
8.456064 3.235154
8.570068 5.521847
9.097194 2.324542
7.095804 3.118486
10.262002 4.023230
9.224154 5.000656
8.659760 2.545817
8.781530 0.639107
6.960800 0.726430
10.493599 -1.788168
10.910215 -2.383709
12.499578 3.706516
13.442600 3.798661
13.313272 4.829597
13.351051 4.315776
13.453094 4.223148
10.727437 5.216400
12.623184 4.929248
13.991889 5.649449
15.262594 0.719457
14.354637 1.445373
12.267002 3.586887
13.243407 3.481606
13.963446 6.790467
16.208914 2.784763
15.056360 3.136425
12.476121 6.297547
11.050220 4.193543
9.521482 3.707249
7.114076 2.079910
5.706359 2.741547
7.645322 2.200337
9.550984 4.545098
10.601961 3.843743
8.858000 4.230726
7.151521 2.350506
8.636829 1.992488
9.124627 3.513785
14.355241 5.081589
14.996737 2.704383
14.677155 0.828870
10.602360 4.481111
12.997241 6.090557
11.571640 3.975084
8.205774 1.956493
13.028011 3.535537
11.825976 3.417125
12.547837 6.631948
10.663647 4.658425
9.610789 4.683388
8.449569 3.199713
8.276497 1.163089
7.981173 2.338700
8.600878 1.963507
8.864201 -5.357837
1.276998 -1.221218
-1.014804 -3.255936
2.366802 -4.116325
3.960646 -4.450226
5.423557 -4.074352
7.950239 0.008495
8.039286 0.976658
8.996572 0.634326
10.748965 -1.949668
11.482672 -1.711309
14.047879 4.437638
11.372705 5.477965
10.474656 3.723898
9.301998 4.716682
8.912149 4.419427
8.755257 3.437849
11.838552 3.674301
11.798133 4.436533
7.741292 4.043794
5.646547 1.919097
8.328630 1.921245
7.121584 1.468050
8.507218 4.263423
9.355195 4.558070
10.778742 5.444597
9.756891 5.331509
17.746704 0.761897
16.371891 -0.053693
8.943230 2.185568
6.875116 0.797400
9.104528 2.677812
7.603805 1.250638
6.972911 1.610991
11.626965 5.368877
14.183918 0.976082
8.774004 4.134184
8.927551 1.185259
8.300316 0.974303
8.778761 1.947056
9.161827 4.085567
11.277299 4.413869
11.542332 3.460898
7.347925 1.386740
7.206731 -0.131937
9.027815 2.344991
6.295865 2.620297
5.327914 2.298573
6.701059 4.805172
14.170388 0.469329
13.503161 -1.692981
11.505949 -4.730383
14.195326 -3.493664
15.201644 -3.682527
12.739261 -3.075545
17.191399 -0.290425
15.194904 0.734666
14.929111 1.280121
14.418779 3.328472
12.992678 3.750744
16.372610 2.058766
16.246092 -1.100224
16.864401 1.120576
14.360416 3.815370
11.639229 4.017181
11.564552 5.304478
8.348806 4.068439
12.329401 3.596702
10.556326 3.436065
8.587498 4.045883
7.306130 5.136184
12.004502 3.716273
9.015657 2.159040
7.943769 0.106214
11.042916 -1.774967
12.406265 -6.392226
6.574467 -6.416123
6.060234 -6.145316
5.464222 -5.893288
5.469617 -7.302472
8.655605 -10.235309
5.279172 -14.291886
10.679251 -15.568510
9.723315 -14.660186
6.499338 -14.163695
9.097666 -8.408590
6.816303 1.255206
8.851353 1.300802
11.165460 -1.891314
13.402034 -1.605648
15.817104 -3.876244
16.730751 -0.229117
16.156376 0.603365
17.286896 -1.573914
14.978540 5.916287
10.158534 3.990414
12.374582 6.128438
13.360102 6.736909
11.931847 6.727906
11.328292 4.883780
9.076962 5.373870
12.023344 4.719155
10.593702 4.303071
11.570599 3.989111
11.047779 11.100336
9.189048 10.985576
7.349564 10.943080
-2.045256 8.995082
-2.053687 7.477196
5.994929 9.828765
6.224164 8.893327
5.772817 8.788530
6.064536 6.218514
5.528411 3.554531
6.200254 4.028700
7.600060 0.487922
7.151152 1.998812
7.339324 -0.012953
8.627924 2.006302
8.421958 3.811886
9.266944 3.608701
8.660681 5.090268
12.180903 5.657488
11.178566 3.676604
12.209154 3.951306
12.978046 6.343614
12.820730 6.414127
13.913050 3.799854
12.977886 5.017515
9.317762 3.956122
8.512113 5.471094
8.969429 4.589368
8.785837 1.785984
8.657413 1.756380
9.052279 2.149498
7.200097 1.162496
8.768404 2.763158
7.814087 0.599870
5.493034 1.933216
7.926274 3.122184
8.348177 2.189460
6.889494 1.441434
8.238882 3.768295
7.715087 3.319045
10.569963 4.036898
9.723394 5.490946
8.100543 0.984953
8.977581 1.658856
7.255173 0.225800
7.831390 2.048168
10.501552 5.468068
11.123731 4.630617
12.913359 4.956402
15.390575 2.790421
11.492510 5.367029
13.980034 3.436995
12.848569 3.625818
11.697985 4.294835
10.673939 4.851212
12.059246 4.729825
12.876507 5.258460
16.302221 1.793951
