6.304455 16.500282
4.391167 11.615181
5.746442 9.263087
6.481277 9.872935
4.613783 8.855999
6.832414 11.318960
7.995330 11.169581
8.105709 11.754365
9.971189 12.034108
7.463662 10.953640
6.081896 11.692180
5.020617 9.282062
6.669889 5.439634
9.290648 4.099361
10.378257 4.093562
10.392176 3.412405
8.001807 5.464715
7.305975 5.556714
4.587751 7.706055
6.269022 8.712246
5.045179 10.319674
11.551121 7.113269
10.122417 5.347264
10.448708 4.817817
13.018587 4.317714
11.461018 5.539447
12.204069 3.783592
10.191637 5.512280
10.404827 4.884143
10.936614 5.178060
15.330935 6.158148
15.613131 10.745019
12.295115 8.983310
12.302956 11.973110
13.868508 8.627016
10.862523 4.227360
10.071739 4.561454
9.287987 4.194520
9.301571 4.732051
7.072090 5.374336
5.125979 3.282508
7.747664 4.370409
4.926103 4.535893
5.157187 8.721832
5.114264 6.500375
3.439027 5.090019
4.372523 4.869160
5.698612 4.848258
3.239751 5.161967
3.520472 4.890356
2.972134 5.550678
0.331040 4.844871
2.790098 5.747206
3.675469 4.653001
3.364042 4.122789
2.919810 5.667347
3.395320 2.917333
4.552569 6.685270
5.385061 8.799246
5.381824 9.311018
4.746462 7.699397
8.245824 3.406592
10.029510 3.586241
9.310295 5.138000
7.876886 5.362711
6.742231 4.666123
4.635738 8.254286
5.798145 7.274560
5.582230 6.363998
4.995572 11.351166
10.268610 10.682491
9.329763 11.733455
8.253186 4.261158
7.737713 3.594846
9.308973 4.283260
8.905914 4.076317
9.513632 4.409746
7.653111 4.203153
9.741154 5.491067
9.530758 4.346566
7.928326 5.378444
9.017262 3.070321
9.116612 3.848120
4.888735 5.797826
3.944214 3.577519
4.977909 5.050122
6.518090 7.817465
4.459496 3.918635
4.173885 4.199037
7.713354 5.013390
5.461473 5.937852
6.769263 5.248979
11.487535 4.958564
13.655758 10.157887
12.417717 9.872318
12.795414 5.178684
11.175344 5.141522
9.574546 5.029162
9.823217 4.244499
12.301721 5.899932
9.211191 4.658916
10.008211 4.612449
8.411764 3.691277
1.743272 5.145155
0.812658 3.873003
-0.468199 5.071908
-0.863828 6.659779
-0.901809 7.038436
-0.700428 8.073410
-0.937006 7.641864
-1.715866 6.088768
-0.197127 5.505220
0.162016 5.050470
-1.405770 2.852673
-0.750334 0.413095
-3.218955 1.114784
-4.725019 -1.111874
-8.217828 -0.284511
-11.727182 -0.934193
