-11.588077 11.354296
-2.523525 7.724311
-2.777181 8.489072
-0.726614 5.183064
-0.808983 4.579383
0.673761 4.666391
2.183157 4.206333
1.084910 5.400206
0.100465 3.104750
0.849132 4.097084
1.957372 3.616694
2.978899 4.575270
3.733228 5.392075
5.357374 4.810373
3.580383 5.717083
3.190548 5.508857
4.412073 3.897787
5.112359 7.368634
4.372903 7.451097
6.281757 7.770701
5.970481 6.430790
5.438675 7.260970
6.495678 9.084488
5.740424 7.960142
6.396006 10.398636
6.478394 8.888813
4.711867 8.302846
7.625084 1.283777
6.229632 1.161837
4.646697 1.505755
3.829323 1.667233
3.763874 1.743401
4.701042 1.592364
5.493678 1.341597
4.739111 1.177218
3.106438 -5.213406
6.611787 -5.693074
7.351063 -8.151680
7.927058 -5.786844
8.966961 -5.518000
3.604519 -9.673026
6.132127 -6.847471
6.317377 -7.168720
9.934938 -6.420302
11.406521 -7.347117
10.661263 -3.304546
12.735531 -5.553243
13.870810 -7.644556
14.364840 -7.351750
16.298393 -4.093109
11.455751 -2.544718
11.088317 -2.716567
10.689362 -2.310660
11.224110 3.666857
13.278051 -3.191244
13.462133 -5.121702
16.439505 0.655393
7.088501 0.181180
8.587537 -0.134141
7.970721 1.113140
7.501626 1.072258
8.728971 2.779236
7.553994 3.036437
10.003696 5.159774
10.665119 3.465536
10.998673 3.779610
9.681390 3.680690
7.824525 5.398757
9.637428 4.102408
10.900112 4.645070
10.777341 3.554298
13.170151 7.082425
13.052941 10.954698
10.884296 11.682988
8.986460 12.029634
