15.662921 1.022614
15.582245 -8.747079
16.067358 -11.634665
15.080482 -9.026855
13.782973 -3.371490
11.888285 -2.031693
17.513361 -1.454368
14.992737 0.562671
14.892110 2.252626
14.542190 -1.279010
14.416985 -2.014666
19.848358 0.058070
15.536898 1.640921
13.812099 7.426491
13.087239 5.993141
18.074253 5.403527
15.225280 5.811859
10.222999 4.702116
9.542194 3.866046
6.673340 5.481518
8.646626 2.764871
8.664989 1.705498
7.742485 1.038637
8.886320 1.373233
8.835211 1.652725
8.981731 1.113887
7.778398 4.626984
10.766610 3.694331
11.120888 4.306214
14.137213 4.090246
15.079136 1.548593
12.694782 4.964139
11.306786 4.483674
10.884712 -3.788322
7.378276 -13.748946
12.515242 -15.075447
7.336745 -6.713979
8.359556 -5.226480
9.756344 -5.308896
8.231262 -0.163990
7.123050 1.448994
5.458665 -4.295979
7.532896 0.571032
7.365436 -0.014211
0.592502 0.266464
1.466961 0.745828
8.988312 0.025769
11.264969 -2.586406
11.196259 -3.670187
11.700869 -4.337867
6.064087 -9.502223
7.947474 -7.202800
8.842952 -6.381689
4.000198 -5.941709
3.364398 -4.462991
0.244784 -3.828419
-1.483617 -5.553324
0.837324 -2.190280
1.102423 -3.102350
7.226169 -6.393287
8.629257 -6.583273
5.943485 -6.831075
4.067857 -6.034098
4.739487 2.434539
5.490914 1.762874
3.294361 1.124734
1.145540 3.760089
1.394964 2.186167
4.626108 1.480010
3.603784 1.527087
4.381014 1.652242
4.500130 1.647697
5.251620 1.102900
4.922072 1.663929
4.528456 2.394526
2.137637 1.413912
5.635289 1.126505
4.035434 1.284171
4.150869 1.409236
1.825874 1.451183
3.055531 1.764703
3.506312 1.251177
6.277477 2.328392
7.047763 0.138676
8.191486 -0.035890
8.717451 1.450435
8.287736 1.183536
9.369465 4.320249
15.626955 7.224730
13.303043 4.484395
15.219383 2.741952
16.539267 4.276078
14.369087 -4.535795
12.652664 -3.854447
14.799209 -4.773608
15.091583 -2.175885
14.725544 -0.596836
9.286123 3.782709
9.958723 5.392806
9.959702 5.480539
13.277486 4.090021
12.600398 4.015845
14.518351 -0.043011
14.296875 -0.449112
16.556393 3.319940
11.019463 4.124342
9.613811 3.874885
8.255348 4.652263
8.597595 5.229420
8.326428 2.785260
7.858684 4.390310
8.004200 4.392212
5.920510 2.739852
6.074585 6.776547
6.859454 4.019471
10.752943 4.449941
10.807766 3.941597
4.680412 7.922359
4.437236 3.791578
5.083241 6.809646
11.724260 13.689488
8.015390 11.336606
4.670610 4.197518
4.443555 8.063176
6.157057 10.156963
9.746311 14.878576
10.336967 12.286498
10.815166 11.872113
7.639938 12.968283
11.882644 10.027719
13.546690 15.593017
12.180355 13.462214
11.650932 10.318427
11.648952 6.534635
15.913260 2.904335
12.978592 3.773286
17.190203 5.658298
16.111975 6.003854
12.123751 6.807314
12.413557 4.888724
10.479312 4.434144
8.937078 4.428888
7.080263 0.367621
7.779560 1.139278
8.470726 1.582992
8.102162 0.146897
8.773743 1.506277
6.017920 3.763631
6.789674 2.172521
8.747498 0.670110
7.131709 0.083998
8.703089 1.791913
7.653307 1.397113
4.791544 1.168123
2.361376 1.865574
2.814598 1.468931
3.990817 1.506559
2.176163 1.737311
0.330580 -0.321320
-0.375652 -0.534605
-2.357530 -3.214440
-1.155764 -4.742525
1.601096 -4.093783
1.584755 -3.086703
1.255227 -1.220723
1.551618 2.653327
3.177500 1.621428
5.350041 1.481412
4.779421 1.779940
4.608256 1.669711
2.731832 2.190845
4.830071 2.614472
4.327178 1.477193
0.487737 1.388280
-0.429400 -0.137994
0.691345 0.643322
0.421757 0.869621
3.140247 1.431917
3.269407 1.095467
2.075311 1.525286
0.057839 -1.441077
0.416407 0.261679
0.953324 0.685015
1.432436 -0.298868
1.802072 -0.491314
1.490806 -0.983309
1.285618 0.013984
1.428926 0.587996
1.503226 -1.858032
1.172060 -0.828837
1.678007 0.068773
1.979080 1.558834
3.129971 1.323247
4.525942 2.491733
5.125165 2.601973
5.316645 2.223337
6.506845 3.639209
5.073338 1.205357
6.983483 2.681142
7.636319 2.472147
4.122817 2.554339
4.249647 1.625305
2.502067 1.071072
-0.218420 1.315721
1.022358 -6.540102
2.525254 -7.030705
1.185813 -7.114606
0.926961 -3.289276
2.504882 -4.735435
3.175011 -6.443158
4.826068 -3.955443
1.625328 -6.805569
1.288547 -1.439494
1.299242 -1.786123
1.570555 -0.979228
1.627426 -1.438696
1.649322 -3.370891
1.347039 -2.954879
1.567648 -1.400052
-0.635163 -1.769140
1.531121 -2.612371
1.521800 -2.962081
2.834602 -4.062653
3.863399 -5.167399
10.151304 -5.547504
14.233582 -2.914559
12.906523 -5.212224
6.730284 -7.116916
8.716010 -6.571678
9.805221 -5.302296
11.391940 -6.142832
12.596716 -3.454826
10.968096 -6.903724
12.673731 -6.577831
9.399292 -5.230495
7.384539 -16.725727
6.749145 -17.432753
