-4.310047 -2.503379
-0.650830 -2.169914
0.399371 -1.327348
1.539375 -1.974115
1.539427 -2.067395
1.106280 -2.018845
1.762470 -4.077586
4.588225 -5.117078
3.957234 -4.726367
4.506843 -4.610734
1.863342 -4.622137
1.319886 -1.886104
1.447115 -4.330773
1.276256 -3.624477
1.045043 -1.064399
0.197882 -2.411017
0.761813 -2.546314
0.493876 -1.297718
1.279095 -1.479297
1.435996 0.030764
1.866575 1.570986
3.466228 1.555562
4.206452 1.751272
4.638221 2.975420
4.433948 1.914935
2.240425 1.958305
-0.498895 2.964383
1.681495 -1.188351
1.690834 -0.433749
1.809649 0.648316
1.560011 0.677558
2.009527 1.630598
9.099527 2.425194
8.283398 3.253299
10.119655 5.049744
10.721208 3.497795
13.278973 3.967664
9.514858 3.970596
10.577599 3.475066
10.462930 3.480908
10.193272 4.655798
14.313549 4.288924
13.251685 7.533989
15.802076 0.669820
14.843745 1.781034
16.320843 3.223037
17.910984 3.723076
10.314730 4.266622
9.572815 4.672673
15.484233 3.345611
14.980050 0.661441
14.324398 4.673115
11.305952 5.017943
14.898748 7.857160
13.425257 3.749054
8.221073 3.740908
8.078790 0.003718
8.739524 1.866584
8.949809 1.062343
8.883817 0.777381
4.989183 2.244292
5.880542 2.160710
7.892689 0.423230
5.543049 1.822849
6.281801 2.227792
7.890282 0.847814
7.836315 0.815400
7.238616 1.792615
7.071833 2.215731
7.018379 1.301187
7.303342 2.726313
10.547930 -2.640390
15.919394 -1.140307
14.413592 0.159356
14.398789 2.475202
13.913681 4.786369
13.916112 4.825660
10.253839 4.206065
10.932340 -1.619809
10.700526 -2.302443
11.032642 -2.438208
12.644409 -7.558269
8.456502 -6.738142
15.418229 -3.584471
13.341465 -1.848553
11.133621 -5.385445
10.751396 -5.579887
5.563185 -6.523478
9.574399 -5.539366
9.895793 -7.697177
11.000017 -4.962824
10.189548 -5.565967
8.342399 -5.932994
9.476559 -7.564797
8.025238 -5.522333
6.267713 -5.791222
6.942464 -7.442066
7.865574 -6.078490
4.799710 -5.635270
3.244239 -8.612977
5.433602 -10.699840
7.598012 1.494712
9.026134 4.154416
15.426508 4.620453
10.366955 3.908863
11.297125 4.440064
12.342855 4.609953
18.933746 5.831898
13.388487 -2.727832
10.766353 -1.834516
9.716442 4.615947
12.949387 5.976339
12.457949 5.776871
12.632495 3.575592
10.293556 4.603336
8.932247 3.348396
9.053848 2.902459
8.302906 0.332999
7.584811 0.999894
7.587352 0.790664
8.763187 0.953772
8.364788 -0.058645
7.493452 5.513876
7.588074 1.579993
6.033090 1.871853
8.419452 1.643128
7.196779 1.119707
8.493435 0.370758
8.755762 1.716424
8.509000 -0.114515
8.930075 1.085280
8.369991 1.912570
8.800570 1.399593
7.192915 0.873266
8.400997 0.235176
6.263938 2.469368
8.312392 1.708411
7.351647 0.944575
9.082575 1.518585
8.750297 1.959877
7.321781 0.647439
7.475544 1.767090
8.105659 -0.135528
9.026890 0.695417
7.929746 0.151640
7.370361 0.334970
8.591261 0.144345
7.290833 1.059946
5.601856 1.091750
7.155797 3.185862
8.282060 5.249632
8.352160 2.969271
13.785256 5.073075
18.014378 2.285467
12.793006 5.105285
13.302912 4.980291
12.955465 3.960387
11.790449 7.828978
7.102189 4.361750
6.773684 3.672305
7.201423 4.335339
6.196863 5.739440
13.879895 8.104650
11.592477 4.491505
9.151323 4.726585
8.075708 4.091694
8.546168 5.557860
7.029534 5.619820
5.929613 4.607549
5.284189 7.077381
6.906024 4.948672
8.561526 4.365712
4.790394 2.188046
6.406005 3.030580
4.983651 4.803991
5.218007 4.018680
7.719487 5.188128
12.150475 9.571931
12.699266 5.339078
8.880606 4.428122
7.835390 3.724202
9.349349 3.551523
9.655080 4.810255
12.807471 -2.102084
12.183005 -3.331172
10.968012 -6.497266
12.927551 -5.502684
13.688291 -3.256934
13.332026 -1.934903
14.348920 -1.914254
13.249495 -2.083893
11.115645 -2.510376
12.242638 -2.356041
11.543691 -2.833641
11.010916 -6.214084
9.374088 -5.576731
9.397009 -5.323459
9.688465 -5.847171
8.974478 -7.899473
12.078104 -3.675181
13.155260 -7.517364
8.182788 -7.180922
4.723094 -11.279095
13.087252 -17.040644
17.176388 -9.983792
14.655499 -11.802506
10.234905 -7.772324
6.803548 -9.637170
7.343837 -8.701357
6.099150 -10.489803
8.201002 -9.573480
8.301530 -10.614006
10.587907 -5.953909
13.437649 -6.876676
12.800594 -6.703616
10.518674 -6.271452
8.906457 -9.600010
4.788877 -6.708900
11.282688 -5.865858
6.902781 -7.403845
9.098045 -12.032948
8.941615 -13.094676
6.149833 -7.192437
10.246136 -5.541259
7.827998 -7.338877
8.129768 -5.775691
7.521387 -7.100095
5.888278 -7.662913
7.055782 -7.131493
7.179719 -8.429888
6.090386 -7.250144
6.563750 -8.922877
8.460583 -6.739380
10.986222 -2.914466
13.607577 -3.393606
11.658289 -2.656317
11.055775 -2.003337
10.908474 -2.355365
14.089543 -3.356070
14.299685 2.060161
13.979114 6.440792
15.058458 5.755610
15.770842 6.268980
13.094646 4.200912
11.680061 5.114549
12.049362 5.110795
11.652951 3.609204
12.484493 5.533229
16.019606 1.990783
13.257833 4.769980
9.569605 4.168577
9.371466 5.279547
8.434137 1.569386
6.956814 4.323791
9.916313 5.037183
9.985413 3.668802
10.608324 3.964004
7.969614 3.064520
8.616415 2.111882
9.952690 4.818520
8.039929 4.623695
10.314293 3.945620
6.772015 3.267434
7.844865 3.729826
8.367945 2.871289
8.131707 3.247133
8.122539 3.418784
7.690797 1.392806
5.925692 2.295937
10.119015 5.345837
11.758621 4.944086
11.826937 -2.226719
13.563477 3.684376
16.941055 6.404310
16.107931 2.348859
7.839362 0.645082
7.822078 0.966855
8.815485 0.378980
8.166706 0.627011
8.291127 1.301626
8.448626 -0.091961
7.065118 0.061211
7.947134 0.462189
10.576860 -4.952992
9.832955 -5.586572
9.833421 -6.200450
9.605476 -5.683426
8.692500 -9.176274
10.494742 -5.511874
12.666211 -2.514136
11.534874 -3.643660
11.222413 -2.386734
11.278770 -2.719341
8.207054 2.533540
7.909323 2.269395
8.867661 2.989084
7.823016 2.350539
6.879087 0.260313
6.815857 1.764361
6.309586 3.121375
9.943272 3.940027
9.217062 4.253227
8.698112 3.934267
13.132061 3.579190
9.475397 4.826278
8.142321 1.045899
7.314154 0.196164
5.713740 1.714245
7.783474 0.175896
6.755451 1.562913
6.909277 3.305491
9.944218 3.424543
13.267410 3.832906
15.017703 5.507770
11.580627 3.657230
8.734840 0.915126
7.741610 1.164035
9.233243 4.295247
8.516937 0.942544
9.035489 -0.083471
11.883681 -3.201602
12.655065 -3.844126
12.543921 -3.896777
14.490414 -0.578130
10.559840 -3.115910
11.498377 -7.403450
5.255714 -7.258154
11.060764 -2.588866
11.634392 -2.479743
10.564329 -2.266035
15.726910 -3.315897
15.698811 0.861347
4.273275 -4.958883
6.483891 -6.031237
5.199403 -8.703705
4.264706 -4.038252
5.746092 -5.948292
8.016930 -6.862929
7.671723 -8.284580
4.996641 -5.394891
4.539580 -5.706366
5.137731 -7.017972
5.758668 -5.283301
9.084427 0.501922
8.895825 0.099036
7.333693 2.155513
6.393119 1.465802
8.870769 1.054529
8.241678 2.656972
6.951213 1.049505
8.496794 1.302823
8.141729 1.041860
7.695193 0.459750
8.889316 -0.215085
8.519671 2.691667
7.034916 1.456694
7.050567 1.722987
8.329552 0.606777
10.595020 -4.154390
8.824231 -7.951653
10.073031 -7.419569
9.680210 -5.438508
10.189960 -6.738515
7.929196 -7.046312
6.600129 -6.488925
3.719133 -8.377967
2.823351 -6.987024
4.584587 -6.687082
4.672659 -4.321038
7.729565 -8.234793
11.282818 -7.306932
17.845146 -6.308658
14.553250 -11.822589
14.795023 -7.464829
10.816171 -3.125947
12.437349 -6.559000
8.902026 -6.842720
9.773890 -5.302995
12.617984 -6.377864
14.696917 -6.264455
10.854954 -3.005521
6.470988 -9.808616
7.821526 -7.632046
7.715480 -6.014430
8.386031 -5.638443
8.851185 -5.355958
7.614503 -7.355095
7.466096 -7.417593
9.194693 -6.339552
6.153745 -6.437045
11.865372 -6.607235
10.713717 -2.871879
1.545001 -4.125622
0.946756 -2.612857
4.537578 -4.475127
1.193749 -4.112270
2.792335 -4.903452
3.609581 -5.160880
4.132830 -6.214955
3.754609 -6.325628
5.189736 -8.125207
4.667167 -7.240292
8.128473 -6.153550
9.073618 -5.926534
2.643509 -5.063539
2.970770 -6.102285
1.775450 -4.765227
1.031351 -8.499396
3.073904 -6.766302
2.695800 -6.922134
2.992776 -3.949833
2.586320 -4.765515
6.498889 -6.413224
2.689163 -5.628765
4.199109 -5.850275
2.080559 -4.503874
0.020303 -3.652514
0.164824 -3.403317
0.987322 -3.093495
1.756348 -1.802778
1.078279 -2.361244
0.688952 -1.645612
0.248888 -2.157441
1.329971 -1.769185
0.160495 -1.314328
1.493995 -0.682197
1.589415 0.080906
1.567240 1.637644
2.528461 1.417452
3.867420 1.254368
5.479559 1.681919
6.294968 1.418337
8.307528 0.586882
7.290729 -0.064231
8.751250 0.005549
8.557307 0.830357
7.995153 0.334507
7.383552 2.214963
4.582915 1.244176
2.993949 1.128190
1.509810 1.229154
0.993565 -2.176827
1.509051 -0.911791
1.449403 -3.922660
1.780535 -2.336759
0.845558 -5.173360
1.019552 -6.286963
3.469471 -6.912951
2.761235 -5.725021
2.006253 -4.975316
2.353701 -6.157500
4.441280 -9.733985
8.379491 -7.838423
9.154912 -5.432622
8.137788 -6.052189
11.611195 -6.317602
16.174253 -8.634812
