14.126791 10.149716
12.209059 13.688834
12.666752 9.697734
12.816533 12.001534
12.120320 10.558218
11.784616 10.507001
11.178221 12.378783
6.931547 12.524043
9.167953 11.778198
7.826118 12.140246
4.828610 11.449406
4.958814 7.823328
5.815425 3.708202
7.845106 4.057570
9.085279 4.439657
6.467460 3.750216
11.258378 5.206205
9.440179 3.442956
8.536384 4.486217
4.899425 5.525839
6.406866 6.233022
5.097326 8.037705
5.228670 6.285383
6.139621 6.387605
5.376572 5.575690
5.856450 4.836160
7.749151 5.482705
8.849499 5.503747
8.528524 5.632627
8.542319 4.425653
11.888985 4.964566
9.317904 4.122336
17.102787 5.910108
12.777480 5.469373
9.162756 5.579794
9.686975 4.672547
11.109021 5.079464
8.614136 5.594405
8.434381 2.507459
3.476694 2.310560
2.292396 1.089249
2.606994 1.222050
2.684503 1.114754
1.133953 1.102855
0.596733 -0.510303
1.733553 1.410694
1.709642 0.165835
1.228519 -1.807944
-0.462741 -5.629743
-1.157698 -9.625579
-8.908053 -18.549601
