-8.844845 -1.183059
-5.297169 -0.865313
-2.075453 0.327464
1.461472 -0.468402
0.578071 -2.642395
1.415810 -2.185028
0.812002 -0.704699
1.566356 0.687044
0.802619 1.324204
2.675937 1.693064
1.477097 2.381712
3.945734 1.362974
6.065442 2.589828
6.753361 1.403704
8.546053 0.596050
7.991767 0.074512
8.000572 0.329417
6.838795 0.791613
7.782449 1.166030
7.384537 0.225324
7.939732 1.914368
7.523270 0.035089
7.992444 1.166846
6.283620 1.146821
5.333280 1.724564
2.387449 1.552528
2.296318 1.701787
2.152603 1.439259
1.974662 1.439413
1.882287 3.137806
1.542004 0.106550
0.926209 -0.412808
0.615365 0.063311
0.210718 -0.242446
0.599684 -2.621116
0.054961 -6.051474
2.120826 -6.369105
4.739429 -4.003666
3.619265 -4.554074
0.850805 -4.258066
0.016473 -2.297452
1.480125 -2.259058
1.697430 -3.997483
1.620839 -3.723371
1.526360 -1.801588
-0.171162 -2.528391
0.705957 -0.633821
-0.126790 0.574738
0.359081 -2.245431
1.855048 -8.371105
4.534275 -6.841354
4.980049 -7.706717
4.853738 -4.199626
4.626999 1.088723
4.527428 1.715188
4.213950 1.257969
3.472569 1.096511
3.207006 1.156407
3.462836 1.486716
3.351304 1.821174
4.641343 1.486197
4.367296 1.519997
5.265987 1.807064
3.632029 1.156579
4.391949 1.100477
3.759828 1.126299
4.888851 1.380745
7.659154 3.054922
7.008819 0.729124
7.858616 0.415349
7.252469 0.107099
7.415488 0.646305
6.225848 2.183775
4.637985 3.299949
6.673489 4.431296
4.093235 2.294756
1.739895 1.660680
2.632153 2.046858
0.161409 0.311797
1.637567 -1.740167
0.822085 -4.373914
0.223697 -3.037155
-0.350270 -4.973520
1.789472 -2.303922
-0.142140 0.292073
3.390858 2.773821
2.353552 3.928193
4.113025 1.727069
4.760809 1.072441
3.840981 1.879016
3.744239 3.721893
0.730302 0.785562
1.047102 0.076813
0.116730 -1.873794
-1.778911 -0.311764
0.681356 -2.801635
1.644942 -2.946261
0.718602 -1.991863
0.661038 -2.867242
1.134017 -1.985776
0.298575 -3.310812
1.281121 -2.137617
1.157046 -2.379779
-0.019183 -2.490155
1.594875 -1.802790
0.755666 0.422059
0.635279 -1.144868
1.658870 -1.461944
3.002121 -4.409408
3.472342 -5.483191
4.804096 -6.134154
5.007922 -5.265338
4.901105 -4.766558
3.997074 -4.601407
4.054470 -4.566642
5.748175 -5.417175
4.757150 -6.752203
5.047489 -6.233002
6.416275 -6.748722
10.935137 -5.138275
10.551234 -5.703267
9.258040 -5.476959
9.633455 -5.795870
12.235245 -4.035037
10.651518 -2.977563
12.325853 -1.689602
13.664973 -2.687300
19.050350 -11.165942
