-6.522685 15.770258
-3.524489 10.967871
-1.211160 8.798451
-1.789636 9.088881
-2.929836 9.856234
0.321563 11.454900
4.335564 11.004504
4.554546 9.099703
4.973170 8.388472
6.397007 6.879955
5.787810 7.005015
5.150573 6.509874
6.108977 8.234606
4.395467 9.406696
5.921322 9.197256
5.162446 5.873783
8.131680 4.641015
11.837698 4.768363
12.922352 7.949621
11.995457 12.428816
4.873376 13.629953
9.140656 11.856688
11.772198 11.819613
14.070694 7.993752
13.179875 7.341161
11.789587 10.181755
12.972209 5.774460
10.015768 5.178612
10.185429 4.546163
8.997386 3.766114
8.603783 2.125348
9.095517 1.245208
5.141183 3.544788
10.651060 3.580326
9.442160 4.011017
11.067206 4.150433
11.255207 4.422039
14.741579 3.405784
13.112599 5.607271
8.892611 4.035839
16.984900 4.924040
12.932092 5.544866
14.335797 5.306361
15.181486 0.153237
17.008423 6.656411
16.529566 2.069631
18.761732 2.163443
14.803978 -2.785455
16.474672 -0.732221
14.142323 2.256864
14.382320 -2.625605
10.666952 -2.083729
11.676132 -2.058779
11.047060 -3.939689
11.757446 -4.679243
9.056778 -7.129532
6.059362 -6.902240
7.250697 -5.234134
10.243649 5.233847
7.765706 4.252883
8.350009 0.065177
7.424411 0.347553
8.676476 0.210018
7.204715 1.366375
8.853415 0.000798
8.118120 0.151896
8.899948 1.906843
7.760180 -5.924899
1.771494 -0.463733
0.217027 -1.790375
1.364086 -1.205045
11.587214 -2.467141
10.768315 -2.075609
11.829903 -2.267712
11.529468 -4.660928
14.930636 2.818123
16.071524 0.071538
14.506185 -1.415120
16.763771 2.287455
15.628071 -2.097416
16.875383 0.241631
14.798395 2.209534
14.257370 0.139275
14.254098 -2.035958
13.193579 -6.031300
12.291767 -2.228326
10.602924 -1.639209
12.132792 -1.795544
10.576658 -3.503405
11.999978 -1.768307
11.751032 -4.413372
8.395824 -8.438277
8.114532 -10.933529
7.617743 -10.618396
8.583133 -10.075282
9.282446 -8.628889
7.617423 -8.692641
5.368090 -8.969031
4.987628 -9.433454
3.455526 -9.817727
4.497979 -5.379149
0.881050 1.372069
1.698616 0.891833
4.829148 1.719567
3.626983 1.227274
6.876479 0.173797
6.946446 0.449680
7.006674 -0.125913
8.625229 0.562030
8.971371 0.614490
7.503535 1.078985
6.385433 1.778424
7.043542 1.541629
6.822438 1.521118
8.308397 0.838498
10.315720 -7.133211
9.049834 -5.651717
9.656729 -5.427454
4.752690 -6.461988
6.307360 -7.576110
5.668831 -5.503807
14.035383 -3.329659
12.045203 -2.323239
15.141781 -2.343327
13.072186 -4.357603
10.392789 5.209681
6.267065 2.309960
8.590278 0.553175
9.546865 3.467520
9.903816 4.438743
12.303516 4.780492
11.168124 4.327518
7.611687 5.149174
6.981599 5.491051
4.915728 2.900846
6.117526 2.563457
8.619302 2.750437
8.613083 5.056592
9.667836 4.923570
7.101775 4.588069
4.792186 7.992374
5.726031 7.679925
4.932991 5.012884
2.348408 5.244417
3.126785 5.333608
1.048512 5.802155
1.079584 5.865558
3.132650 3.868077
4.800420 6.689609
5.141249 7.023277
5.220882 5.244994
2.035569 5.123467
2.846233 5.418514
3.560316 11.464353
7.750467 11.461666
5.193872 11.112040
6.150316 10.935235
6.175629 10.931735
10.244890 11.074248
8.981056 11.289660
18.013826 14.426881
12.254688 6.708971
14.786362 6.611794
14.592044 5.414555
9.618568 3.934613
7.058315 5.383551
9.353274 5.333291
10.715960 4.642566
7.077188 5.188473
5.194693 6.482963
3.753077 4.558884
4.840480 5.621821
3.039151 4.874800
0.638335 4.257919
0.830365 4.949508
1.882998 5.628456
1.364006 4.653596
4.660734 5.945186
5.260658 6.954035
6.034954 8.274906
5.723876 6.051690
6.877198 4.673989
5.611470 3.697428
5.435115 6.118552
8.074368 4.437438
8.254050 5.381754
4.486830 6.334355
4.410537 7.480183
6.092546 8.517869
6.252223 9.407272
7.513779 11.759744
5.313457 10.187202
4.851058 10.731991
9.202845 10.955912
10.504971 10.940472
9.267017 10.887794
6.465186 8.607961
10.098456 11.744446
11.098548 10.880813
5.735706 8.460402
4.917335 10.106069
5.438530 8.271919
6.079224 7.572392
5.987979 6.984607
5.403166 4.998719
7.033867 5.287668
6.978127 5.618526
9.345778 4.480852
13.137476 4.658100
12.042374 8.553432
11.869713 6.957520
13.573331 4.742067
9.615622 5.012094
9.032421 3.975662
8.920979 3.560008
12.577905 3.958014
12.918346 7.466879
13.120794 7.343031
12.231558 10.033393
13.504742 9.814615
11.976053 7.378069
13.182816 7.497530
11.812893 3.494089
7.915709 3.656655
9.686175 5.025225
11.112846 5.586610
10.227127 5.487971
8.701697 3.348460
9.142931 4.119881
8.713866 4.725083
9.600197 5.343080
7.054019 5.463193
5.506402 4.950176
6.457441 7.528994
6.095798 5.426797
5.957573 3.777248
5.959608 4.831388
7.361991 4.089613
10.999492 5.358798
8.021547 5.214145
6.705673 5.393023
6.657316 5.337405
6.265584 4.863540
8.812766 4.125456
7.814063 4.560248
14.053714 4.856099
