-3.954109 -6.981715
-4.330680 -3.366838
-3.302340 -0.290488
-3.273147 -4.078403
-6.572788 -5.179094
-3.631421 -3.303469
-2.600115 -1.051902
-2.901378 0.034993
-3.721014 0.065577
-3.869364 -0.964951
-3.090898 -3.121699
-5.248424 -4.821794
-5.004977 -4.071271
-3.435820 -4.804607
-3.718936 -2.890660
-6.018292 -5.851524
-6.690215 -4.320985
-7.674726 -5.700590
-7.031170 -7.304804
-7.450637 -7.550103
-6.082901 -7.373300
-7.900459 -9.130009
-9.014071 -8.013843
-6.041565 -8.062828
-6.390253 -7.302477
-5.429287 -6.159168
-7.226603 -6.485750
-8.096781 -9.540975
-10.004134 -8.033403
-12.278147 -8.103821
-13.924671 -7.900779
-9.911788 -10.034184
-11.120897 -8.382464
-10.858479 -9.014286
-8.323614 -8.962115
-12.685945 -8.773846
-15.533117 -5.433024
-13.747444 -4.243833
-9.697130 1.793322
-10.012207 -2.635074
-10.134591 -2.455487
-10.993788 -2.952226
-13.405941 1.592324
-12.173233 1.902620
-9.687511 1.074327
-11.235486 0.975228
-12.556321 3.273325
-11.871616 5.483058
-9.008001 4.410680
-15.370317 5.394270
