18.863861 -11.971895
15.005411 -9.978477
14.981144 -8.349262
11.752511 -6.218171
11.656151 -9.493315
10.191980 -8.831236
8.618677 -11.636119
8.215077 -9.019795
7.954937 -8.006877
9.489751 -8.447938
4.870996 -8.832454
8.413019 -9.584614
3.579404 -6.529022
2.096732 -7.589550
5.300754 -6.975890
4.568479 -4.896700
5.011595 0.106444
5.494796 -1.955147
6.924012 -2.178633
7.662847 -2.532966
8.296251 -2.518698
1.783541 0.916248
-0.528978 1.905462
-2.094449 5.085807
-4.497907 9.767559
-7.519032 17.969048
