-19.182524 -16.052795
-13.620957 -7.800719
-17.381020 -7.491171
-12.135467 -2.242743
-9.381006 2.034683
-11.209058 1.504922
-10.529284 -0.550935
-10.411727 -1.112661
-10.541006 0.498946
-7.797361 4.009131
-6.485672 2.915699
-7.996390 1.202032
-7.640759 2.599291
-8.893270 2.223526
-9.779875 2.136531
-6.133366 2.029244
-7.760167 2.194861
-6.960646 2.433774
-7.366324 1.236251
-3.741009 1.167446
-3.251427 0.657754
-4.516221 -2.327739
-6.090595 -5.542614
-3.806591 -3.679540
-2.660942 -5.529945
-4.205517 -5.087189
-6.237473 -4.150599
-8.850897 -8.208854
-9.974558 -2.490628
-10.712141 -1.721264
-11.658166 -1.418211
-10.567971 0.643168
-8.959954 2.620954
-6.139323 1.847021
-7.799290 2.140258
-9.455273 1.868063
-6.419025 1.289385
-9.670593 0.738850
-9.898911 -0.344409
-15.648490 -1.671111
-16.123074 0.127596
-10.885614 3.588021
-4.148562 -0.858413
-4.557205 -0.332804
-4.197429 -0.147379
-3.576366 -2.959999
-3.715764 -1.558805
-3.479326 -1.666903
-4.316788 -2.426906
-4.291851 -3.937452
-4.759192 -4.237092
-5.938774 -5.100969
-6.580843 -7.055035
-5.377901 -5.119481
-4.255930 -3.499846
-3.446335 -4.566127
-5.561512 -4.974975
-2.581836 -2.955877
-5.514480 -4.979622
-5.424901 -5.003035
-6.692158 -5.075104
-6.793753 -7.697570
-7.189949 -8.028657
-10.159059 -8.176282
-10.093108 -9.036157
-6.954602 -9.080297
-7.359022 -6.304240
-7.905777 -8.336671
-6.908649 -8.741887
-6.785782 -8.592811
-6.986579 -8.465360
-4.311401 -4.016068
-5.845005 -7.226767
-4.626888 -7.296278
-6.785648 -8.706960
-7.144416 -7.964054
-6.849794 -6.280842
-7.576918 -9.451943
-7.863489 -8.235354
-7.677080 -7.431278
-3.193327 -3.510226
-6.326031 -5.773798
-8.087224 -8.348215
-6.876419 -7.447399
-7.636574 -7.249092
-4.986936 -7.412641
-3.729262 -5.362947
-6.567630 -4.242615
-5.841928 -5.972899
-6.693011 -9.349780
-7.795761 -8.251157
-7.891640 -4.751967
-10.709251 -1.921545
-7.709044 -5.918886
-9.916988 -9.026722
-10.384430 -10.715329
-11.103361 -9.591298
-13.265562 -5.199516
-11.931103 -1.939423
-13.226582 -5.031044
-11.346645 -2.497086
-10.213315 -2.869355
-10.980286 -2.088816
-12.899017 -2.795418
-15.017037 -5.402717
-12.463153 -10.442163
-10.607302 -8.152036
-8.030249 -8.559685
-12.222687 -8.633163
-14.188440 -6.944479
-12.873949 -2.058255
-13.525827 -0.286782
-9.930977 0.059502
-10.980055 -1.095445
-7.405107 -6.484051
-4.768407 -6.653883
-6.075264 -7.540693
-12.812931 -9.627015
-13.390078 -7.238298
-14.517950 -7.172762
-15.467015 -2.907148
-15.098853 -7.761241
-14.532228 -7.433401
-12.396467 -8.330041
-12.209416 -10.866047
-11.403536 -11.180035
-6.906703 -7.608224
-7.792762 -8.971325
-10.473949 -8.194743
-8.211349 -8.581710
-10.880665 -8.713826
-14.491497 -9.382510
-10.820790 -10.754640
-6.476075 -6.997060
-7.001667 -7.051902
-9.863672 -10.518107
-11.194965 -8.264949
-9.721526 -8.873930
-5.349532 -8.832870
-7.269190 -8.186874
-6.087499 -6.410303
-6.862648 -4.909174
-6.206142 -5.235801
-7.117383 -5.977137
-6.998053 -6.424502
-4.353725 -5.204057
-5.165643 -4.551877
-7.327259 -6.101841
-7.390816 -7.074069
-6.730856 -7.222316
-7.762765 -6.467208
7.952568 4.200937
8.960716 2.675436
9.746849 4.862997
8.426763 4.380411
11.202711 2.589190
10.194924 3.344891
7.843069 4.591881
9.597655 4.125006
10.614913 1.146230
12.834983 3.457134
9.802799 1.919641
12.235405 3.724599
13.216693 0.184835
17.500999 5.579111
17.771366 9.428631
17.505577 4.365969
15.350271 5.668139
19.005772 6.539755
14.168857 11.054086
15.742522 6.134864
15.715242 5.202282
16.440615 0.372794
11.675177 0.799534
12.269839 1.938267
10.724205 3.552823
13.865176 2.072793
16.011995 1.633910
19.815336 16.847036
