19.743584 -18.273775
7.669291 -13.945292
4.741386 -14.183410
-0.019158 -10.546719
-9.839581 -8.169469
-6.552730 -8.169970
-10.310072 -8.311994
-5.601594 -8.777343
-4.533219 -8.436904
-5.327138 -5.871904
-7.451918 -10.732412
-8.385227 -11.171168
-8.440678 -8.598954
-8.822607 -10.016517
-6.084538 -9.689992
-6.696366 -7.452883
-7.001417 -10.077123
-6.827814 -7.411393
-6.287039 -8.139102
-6.484481 -6.932784
-7.454849 -6.308457
-7.316412 -5.520340
-7.363553 -8.444971
-9.527571 -8.964935
-8.659157 -9.826565
-5.645855 -7.698509
-6.835849 -8.416709
-8.895868 -8.049286
-7.690784 -8.600777
-7.187159 -7.476562
-8.996014 -9.257641
-9.676465 -8.446668
-11.222197 -11.714423
-16.367874 -6.039325
-13.815651 -7.435582
-11.038826 -9.283427
-9.578157 -11.975394
-9.673269 -8.260604
-10.709114 -8.448476
-9.900534 -8.223168
-6.999881 -8.236323
-7.296403 -7.343039
-7.691456 -4.389595
-6.067455 -5.172576
-6.378749 -5.798369
-6.738183 -6.831555
-8.659816 -9.132214
-11.483174 -10.150697
-16.436129 -8.787507
-10.221329 -8.153715
-12.106757 -8.186539
-10.444901 -9.006064
-8.601120 -12.717072
-6.377665 -7.090641
-6.789062 -7.218925
-5.935065 -8.325222
-4.148266 -8.777284
-6.322394 -8.440349
-7.104185 -7.065480
-5.748712 -6.896153
-5.892625 -6.253002
-7.748628 -5.561689
-6.757532 -7.498787
-5.202693 -5.201143
-6.286472 -4.741502
-5.554366 -4.125392
-5.957654 -4.833644
-7.592172 -6.831429
-11.313883 -8.508658
-15.391653 -11.374255
-10.836627 -2.272767
-6.116858 -6.029353
-7.250304 -4.391903
-7.031967 -7.396914
-8.594799 -9.387723
-10.551423 -8.327188
-6.986798 -9.269191
-7.525468 -7.311363
-7.021708 -7.732723
-10.892111 -10.027858
-7.578997 -8.637048
-8.520557 -8.227572
-8.844900 -10.795068
-8.195791 -9.416249
-3.813057 -8.280391
-8.671536 -9.391279
-7.783198 -5.046115
-7.468006 -4.348770
-5.770304 -5.629054
-6.059488 -7.391728
-12.982565 -6.361245
-13.251616 -7.980403
-14.505630 -6.762593
-14.490881 -7.123621
-18.863192 -5.399097
