-3.690790 17.010689
-2.000277 10.077981
-1.339680 7.142564
-1.780983 7.789123
0.016772 2.167458
1.172984 3.514730
7.801226 -2.557083
10.074423 -2.724446
6.728686 -0.193541
5.620863 -4.349657
5.224681 -1.008154
8.673093 -1.334223
7.918129 -0.507054
7.217348 -2.732461
7.423775 -2.686275
5.545475 -2.452367
4.613227 -4.938155
5.648243 -5.824498
4.535662 -5.689481
4.656087 -6.894234
4.177278 -3.644249
5.221932 -6.482228
5.836462 -6.855323
4.044686 -7.173454
8.839283 -8.832248
4.052827 -8.597137
6.075210 -6.387384
4.361829 -9.256724
9.665363 -11.187884
8.694080 -10.696835
8.621693 -10.140382
9.399467 -10.369700
12.434805 -7.386412
11.408148 -3.722798
16.191935 -8.822850
