0.311782 18.356377
-1.040468 11.741923
-4.688908 8.565673
0.660510 4.979922
1.988300 5.343932
3.088827 5.942504
4.009581 3.834348
4.333274 6.058524
4.850088 8.280418
6.013795 4.771979
1.046896 3.660654
0.941507 3.747136
-0.392647 5.191830
2.598717 5.316261
4.606055 5.196961
4.975414 8.941270
4.968949 8.791413
6.130363 6.727432
4.936403 7.035418
6.008396 5.603292
8.895022 4.578135
8.703171 4.314356
7.628119 1.858872
5.749481 8.108660
5.028712 10.222800
5.860855 7.849112
5.445868 5.841776
8.645069 3.720646
12.552465 3.401929
14.316792 1.265934
10.763830 1.217292
9.507930 3.583943
8.019271 2.336616
6.901150 4.314747
7.572415 4.727809
5.631570 2.970698
7.060718 2.061732
6.470113 1.906080
6.546813 3.372447
9.262390 3.505031
11.217073 1.562075
10.162537 3.213521
8.806273 4.348061
7.611410 2.758149
8.360280 3.636648
6.327106 3.863389
6.040569 7.811493
6.457205 12.829287
6.014745 6.281759
6.305714 3.347357
6.963445 5.271154
5.690200 4.590679
3.289892 5.800547
4.372781 5.017224
10.285327 3.499737
9.559689 5.602140
10.695305 3.109795
10.100464 3.013823
11.479968 3.200047
12.705610 0.102583
11.739086 10.602077
13.260142 9.586605
9.997689 10.962527
6.120768 7.996605
6.088413 5.594327
7.136984 2.991889
7.584578 5.418966
9.709427 4.630076
8.144535 5.302177
8.750409 5.000290
10.407635 2.379206
11.153014 2.905501
8.260153 2.062486
8.226826 5.199485
12.214036 8.985813
4.923875 10.615534
6.243614 4.949800
7.577900 11.485641
9.051916 10.927664
6.018179 8.538086
6.131577 2.819462
7.024939 5.636024
6.273337 7.389494
7.092536 5.261467
8.240821 5.657132
9.584953 10.788061
9.488505 10.884182
7.911667 3.721398
8.511806 5.377301
8.041115 4.144061
8.146522 4.098978
6.880183 2.563031
7.093877 4.520935
4.138317 3.348233
5.225926 8.151704
4.377370 10.422784
6.434549 9.419098
5.868992 9.817157
4.523022 10.649748
6.217875 8.725083
5.665117 7.456175
9.637964 13.029811
9.318586 13.638036
8.019373 11.999163
5.918338 5.766056
7.764819 4.412981
8.396725 5.025005
12.921568 2.277377
16.248367 4.929321
11.755244 10.147962
12.111433 8.923462
14.726007 10.664372
9.972722 12.766309
12.401764 9.562068
8.092366 3.817752
4.569438 6.358305
4.868345 7.351578
5.922375 9.644163
6.488754 6.016871
9.393255 5.534978
11.000241 3.275484
11.583225 1.797737
15.300322 6.056796
9.337337 4.146496
9.694662 4.639259
9.836052 4.153335
9.361754 4.696754
8.038782 2.568899
7.502396 1.034108
10.408582 1.826740
11.256651 3.078693
8.475131 5.467352
5.570880 3.826003
5.601126 6.577305
6.077420 7.891578
6.526940 5.934709
7.282495 2.490370
7.606256 3.249666
6.877302 5.076531
4.501988 5.478031
3.453311 5.925205
8.436212 5.017472
9.500297 3.982831
9.355007 4.587612
9.353281 3.594587
12.787799 1.700354
12.604552 2.339530
13.321671 0.232782
12.565113 1.788642
8.381247 4.059657
8.071974 5.363231
8.616755 2.303879
8.995655 4.340292
7.543801 4.381545
9.164381 5.342292
6.510957 5.573901
5.537600 6.626450
6.420002 6.826245
6.143204 8.647315
4.383523 7.256318
5.814571 5.013055
2.474502 5.854145
3.592171 4.902046
4.977166 3.775524
5.220710 6.669800
6.897669 4.849116
4.773730 5.913792
6.083577 8.581630
8.042542 4.124551
4.834345 3.799312
8.077403 4.388834
8.378711 5.645695
7.010998 10.669096
2.052268 11.192794
4.080012 11.158319
5.480572 10.555163
6.153695 9.885201
4.328288 8.414705
5.747979 8.113143
6.021974 7.285740
4.274257 4.437976
2.456696 4.584021
3.902874 5.218472
2.918008 5.831127
1.896098 5.503253
5.386162 -6.646849
5.472304 -6.329383
