-5.518051 -5.772255
-4.804638 -4.001527
-2.603720 -3.660093
-4.572212 -0.560099
-4.355547 -1.109111
-3.441720 -0.552826
-4.221799 0.464581
-4.325002 -2.224028
-3.747199 -1.694452
-4.165284 -3.013858
-2.759771 -2.782701
-5.610281 -5.351521
-7.522688 -4.987943
-4.762961 -6.334370
-4.031198 -5.058616
-4.796482 -3.913043
-4.621831 -4.093081
-7.693230 -4.166607
-5.569395 -5.010281
-6.015139 -4.929286
-2.887650 -4.780879
-3.550464 -2.722482
-2.999381 -4.030461
-2.978161 -4.004946
-3.885799 -4.480712
-3.493238 -4.548613
-3.181392 -0.838468
-3.899903 -0.359252
-3.378990 -1.694058
-5.069635 -6.214578
-5.347240 -6.548965
-7.041295 -8.159808
-6.014425 -6.136129
-6.350307 -4.130770
-7.563995 -6.178393
-6.558887 -5.652791
-7.485744 -6.475882
-7.345427 -6.195021
-5.729057 -5.107898
-4.829995 -4.386197
-3.645504 -1.926652
-2.945321 -0.960207
-4.188438 -4.049280
-5.865635 -5.556289
-7.084237 -4.237711
-7.655807 -7.222402
-6.248192 -7.993123
-9.708648 -11.945613
-5.589623 -5.395290
-4.728459 -5.611086
-6.467425 -6.457886
-4.525578 -7.067420
-8.657037 -8.570814
-6.872345 -6.450612
-8.710217 -8.026551
-10.812833 -2.466087
-11.182081 -3.006829
-9.710396 -2.941484
-11.907080 -0.141572
-11.543929 0.341957
-10.524611 3.571985
-11.143623 2.482403
-8.189563 1.191804
-8.967862 4.947386
-13.604967 15.238777
