19.141409 17.278767
11.664271 9.148092
12.583901 11.293989
15.039694 9.783645
15.497899 5.741075
9.217218 5.557614
9.261009 4.320836
6.341400 4.043941
8.888766 3.855464
9.513603 4.405932
9.269656 5.243045
7.149152 5.541477
6.454072 2.699533
11.921211 3.520639
12.375425 2.353179
12.585268 1.560831
15.217436 3.783167
16.476849 6.313609
16.988623 0.000611
10.067140 0.390272
10.025012 1.653425
7.987132 1.864209
6.774073 1.752317
9.604689 1.715747
10.797611 3.723954
8.947280 3.425041
6.594514 3.804960
6.190027 3.877225
7.312832 1.052939
8.128193 4.800457
6.686077 3.523483
10.060340 3.527498
7.314231 2.489426
6.873727 3.931762
6.833786 3.764147
7.300305 4.311984
6.578083 4.417924
8.029552 4.965341
8.788162 4.412568
6.308052 3.093138
7.850873 4.699708
4.998178 3.704399
-3.350240 -8.360565
-6.359908 -10.514722
-6.309841 -12.795949
