-7.580861 18.464598
-3.165802 11.262607
-2.520057 8.658159
-3.278730 8.017208
-1.572362 6.276782
6.662581 3.036931
8.494558 2.587404
10.258440 2.373517
14.579283 3.484776
17.154850 6.326375
18.689240 8.978445
16.593946 5.987565
14.783516 3.346447
11.171202 2.196474
11.642153 1.534564
12.592894 2.048110
11.126666 2.606371
8.869607 3.076131
10.882883 1.584091
12.096155 3.787960
10.531401 2.166088
10.563120 2.815394
13.458008 3.060462
15.729153 1.360012
15.610076 7.617839
14.939890 5.147902
19.509872 2.422295
16.489010 7.358603
15.101021 4.686801
19.103285 3.277317
12.707202 2.072075
13.926117 3.681131
10.962793 0.483460
9.804194 2.027041
8.041105 3.508069
9.455665 5.320882
9.103588 4.280237
9.033232 3.810448
7.895580 4.910438
5.510353 4.394382
6.344023 8.102368
4.399685 5.434125
7.545782 3.739081
8.038696 4.897009
8.617692 4.823068
9.395741 5.454930
6.294898 4.939429
5.125054 2.889246
10.856997 3.219578
10.906480 2.560591
8.808205 4.548108
8.676834 5.324615
8.617678 1.631667
13.792439 3.418809
6.515153 8.093269
13.380157 0.975540
13.642404 0.788290
8.353929 5.428974
12.942301 8.870818
11.874794 9.979543
13.847490 11.506978
15.624132 11.598806
18.098452 11.582902
15.190205 4.512354
15.417358 6.129537
18.017851 5.393534
14.172142 1.043063
11.607492 2.889405
13.181993 3.362732
9.892612 2.627964
9.192801 5.342447
10.283717 1.494747
7.889945 2.235386
13.196452 3.132895
12.360268 3.241315
14.508733 3.104985
17.602095 6.576378
15.165529 3.036012
12.428093 2.439884
11.740026 2.770677
12.898893 -0.672385
9.518599 2.296774
9.797132 3.938760
10.405777 3.298384
10.624533 3.008704
13.670444 2.472131
15.527304 9.725728
14.198851 9.457133
13.552750 11.323248
14.131691 8.871661
12.942505 10.068559
12.915183 10.196734
11.204520 12.367850
15.468237 8.675552
17.546291 6.989046
