16.211569 13.741343
13.053238 9.660529
16.201197 8.031626
11.144123 3.726880
8.724331 4.625719
8.213279 4.857323
4.187344 5.450949
4.410352 4.812480
4.583735 6.393718
4.526168 6.698915
4.293375 5.128862
0.648445 5.927144
2.358426 4.543332
2.832047 5.786361
1.564993 3.943971
0.079763 2.789009
-2.814162 1.861708
-1.205498 4.304584
-3.710767 6.980042
-5.146917 6.208725
-5.632686 7.380486
-5.239540 6.235374
-4.445783 6.431529
-6.961117 7.934739
-4.090847 7.754866
-7.373280 8.408256
-11.511867 12.465892
