13.662439 -15.735760
12.878906 -9.566974
10.524126 -6.174402
11.055502 -4.458928
10.269652 -4.068316
9.670995 -5.189116
7.057431 -5.103065
7.454533 -1.937343
7.319247 0.567528
6.190079 1.626886
7.565792 3.274908
9.938337 4.538772
14.253286 3.358471
10.540638 3.938443
8.069201 1.726164
10.210865 3.397081
4.648651 3.833479
4.587652 3.951475
2.146111 5.709187
1.884784 4.868221
1.879655 4.227421
-0.722500 4.932545
-1.005859 5.885836
-0.008358 5.144151
1.743519 2.328013
0.560204 3.936814
2.042542 5.387723
0.161919 4.887136
0.655222 5.595482
-0.763581 4.556716
-1.433073 6.435643
-1.434184 8.311704
-0.871214 8.034249
-1.439928 11.430996
-1.082354 16.150875
-0.475564 16.374611
0.095278 18.920473
3.773641 16.690113
