-7.574425 -9.147304
-6.773227 -5.274933
-5.002799 0.029660
-2.662194 0.409483
-2.027900 2.144766
-3.037088 3.596777
-2.577565 3.897807
-3.143600 6.581631
-4.089598 6.412396
-2.399069 6.188269
-2.161575 3.422899
-2.919899 2.382779
-1.352832 1.771309
-0.952033 -0.104509
-3.593928 0.850873
-7.166157 0.514216
-6.752347 0.399569
-4.890705 0.532009
-7.701841 0.603412
-8.724985 0.881999
-9.829387 3.844077
-8.877012 4.820453
-9.842448 4.791382
-9.206899 3.399333
-8.216675 2.041577
-8.491425 0.591574
-7.258739 -0.451246
-6.221963 -0.646803
-5.860519 -0.763208
-3.560228 -0.372343
-4.802432 -0.626986
-6.545641 -1.762201
-6.306125 0.482028
-8.859178 -0.115690
-9.385112 0.334255
-9.824132 4.899473
-7.365482 6.520061
-5.641831 6.003168
-3.861476 6.739612
-2.162455 8.015650
-1.916870 2.041950
-2.739897 3.581480
-1.412503 3.693289
-2.070158 4.557621
-2.760428 2.386227
-2.633619 2.659072
-1.128415 4.977823
-8.643109 3.813476
-8.966037 2.671840
-5.236282 6.472692
-5.720337 6.562931
-7.714268 6.103825
-7.605929 6.242567
-8.093271 6.532949
-6.712415 7.195809
-6.180544 6.500275
-4.713998 6.791681
-7.791052 6.349874
-7.185152 6.060357
-4.547805 6.288081
-3.685928 7.147321
-2.669131 5.779976
-4.532586 8.507998
-4.436991 9.395881
-6.497904 6.515736
-8.852235 8.455287
-8.580877 5.021764
-9.821445 5.720499
-4.292437 6.823698
-7.031944 7.251395
-4.063656 5.942664
-6.397113 6.933060
-8.882870 6.179566
-8.770102 5.196000
-10.098492 4.715474
-8.729112 3.429859
-9.913238 5.032736
-10.982911 6.171834
-7.504184 5.940796
-6.316512 6.793417
-7.193531 6.844362
-6.790864 6.489867
-8.063274 7.814018
-8.418344 10.220225
-9.077517 17.228693
