14.465910 -1.232370
14.462448 -2.028399
13.209146 -1.148131
16.381405 -1.198031
15.000859 0.202793
13.820349 -1.903715
13.633295 3.157701
13.672878 -5.825704
9.850229 -7.312220
11.461428 -3.760610
15.345298 -4.344797
13.760425 -0.806753
12.214609 -4.909887
8.597204 -4.115196
7.647452 -4.493164
6.029172 -2.694482
7.384706 0.338062
6.620888 -2.193217
7.653906 2.067460
6.966084 0.311733
6.494772 -1.117394
4.916941 -0.749989
6.215960 0.827843
6.792694 -0.191064
7.486145 -0.565808
7.506113 -4.776831
5.398626 -1.896979
6.272563 -1.763772
4.578539 -1.732252
7.265765 -2.364779
9.409512 -4.173539
8.528745 -4.495055
8.488880 -5.532425
9.544234 -3.779573
7.676454 -3.746733
6.698278 -3.288889
7.715304 -4.949109
7.130192 -2.062785
8.076035 1.879146
7.614510 2.898313
9.880876 2.479479
9.307809 2.285518
13.909810 2.921777
13.792845 2.181817
12.604652 -1.803286
12.922206 0.003864
14.622097 2.806120
11.443424 2.591933
9.028211 2.217410
10.813727 1.654908
9.968195 2.606641
10.677299 1.385183
10.274265 1.381346
12.629974 4.063912
13.141220 -0.588185
12.577688 -0.870357
14.308006 0.322534
10.187446 4.051270
5.177074 -0.561596
6.766840 -1.400385
6.841661 0.194211
7.961589 2.411406
7.654326 1.698595
7.200079 0.465837
5.234417 2.704633
8.814571 1.761069
10.867220 3.306511
11.963370 1.313900
12.893151 5.580289
12.887230 0.268905
11.735504 4.575537
11.001467 3.054084
9.986154 2.679699
10.117401 2.416961
9.464911 2.145617
11.339130 1.479158
10.885916 2.055401
12.231026 5.378847
13.953569 -0.564080
12.933866 -1.955150
12.674456 -0.899320
13.357292 -5.907763
11.241459 -4.211619
13.827604 -5.296962
11.430536 -6.072220
8.308915 -10.372894
5.945688 -2.625374
5.695407 -3.153108
2.779754 -3.186725
1.552629 -3.725049
-4.893157 -6.855406
-5.620479 -7.198349
-7.950385 -9.679425
-8.463319 -8.040898
-18.997150 -8.213773
