5.745008 17.503412
8.785361 10.799365
11.038815 12.424196
6.725088 12.799827
6.129527 9.823977
4.383912 10.571883
5.667555 10.209850
6.087569 13.231536
10.693214 10.989493
14.513876 8.967727
9.061777 5.233315
11.185418 2.836711
10.071684 4.549735
10.557405 4.502825
13.791405 3.829039
11.583236 7.185908
12.014889 4.416014
11.388643 3.829488
9.062258 5.121081
5.744595 5.818472
6.137835 8.254859
6.322768 5.412512
5.074809 5.976709
5.705383 9.695449
5.650639 8.601220
6.376471 8.453362
5.301086 8.866942
6.425456 7.060705
5.435176 3.724856
9.680077 5.205817
7.327325 3.228389
9.157413 3.601945
13.289717 5.637996
10.184295 5.416820
11.828985 5.961432
12.030624 9.137192
12.331506 7.538671
7.387630 3.285281
7.875764 4.354799
8.909819 4.047369
10.679848 5.134110
11.444262 5.552349
6.983486 4.070487
5.018981 8.612556
7.709968 10.914565
7.851013 10.910987
12.378229 12.230833
11.589579 10.411901
14.417638 13.578292
13.209517 6.747777
10.715420 4.716702
10.962727 5.517214
12.594488 5.326856
12.188645 6.914304
13.344713 5.023786
12.875148 7.985218
13.359813 8.440743
14.023254 3.540562
6.699196 5.472897
8.778536 5.236488
9.938850 4.998410
9.231432 5.577202
5.428944 4.316365
3.999709 5.297464
6.227695 7.911689
5.112986 6.081541
7.024236 5.178391
8.794210 5.300451
9.873325 2.886852
9.423379 4.521779
7.919830 5.101033
6.972578 3.939856
8.782772 3.290645
8.210462 3.281521
6.110343 2.659661
7.888919 4.663565
4.838103 3.132268
4.675783 4.766911
8.046489 5.611091
8.801183 2.611696
6.431410 3.892620
8.093609 5.240366
4.613097 -2.863101
6.367943 -11.261844
8.950537 -9.935564
11.058342 -7.433045
8.865833 -7.172399
15.199143 -13.951648
