-12.061690 -8.294780
-9.569098 -8.353331
-9.087708 -8.182153
-6.732252 -9.357521
-7.208410 -7.586928
-6.271376 -6.400531
-7.392037 -7.531314
-7.761255 -4.536247
-6.701262 -6.456014
-7.100056 -7.628906
-7.896372 -7.063098
-4.888565 -2.937721
-6.809146 -1.367291
-8.265711 -2.400795
-5.138157 -4.766510
-5.879565 -5.193860
-6.461195 -4.873871
-7.222224 -4.886816
-7.126024 -9.419164
-8.589423 -10.275146
-9.226129 -8.877858
-8.232376 -8.241229
-7.189567 -8.754973
-6.698128 -6.557474
-6.017844 -5.674524
-7.872152 -3.482596
-6.498896 -0.846432
-10.063349 0.505790
-10.518132 -0.565685
-15.553025 -2.970811
-16.197905 6.699568
