-12.003664 12.930477
-7.334496 10.870988
-3.147434 8.405670
-0.699971 7.088811
-1.335239 5.798442
-0.191438 5.753486
2.850148 4.578746
1.829604 4.813035
3.206547 5.943396
1.793937 4.845176
4.511601 4.109868
5.534647 6.648098
4.802534 4.224359
6.904454 5.054011
9.033982 4.502563
7.761646 5.275707
7.759601 2.814016
10.943094 5.127284
10.748259 3.594841
10.536123 1.675355
12.456672 5.043296
11.915039 7.634715
17.861271 11.137404
16.528334 13.433802
12.720266 14.643662
13.423901 10.703048
13.449824 9.788348
11.881556 9.778774
11.676803 9.933239
17.226721 10.178317
