-16.756670 -17.895615
-17.219025 -13.039750
-6.774895 -11.350347
-7.580010 -13.164544
-10.862028 -9.096285
-4.795069 -9.521004
-7.325287 -7.613252
-5.701701 -9.350373
-8.218876 -8.042194
-7.595018 -8.404190
-6.440263 -7.166133
-7.076635 -7.610882
-8.289452 -8.283727
-9.502591 -8.207727
-11.391872 -8.167368
-10.693918 -8.533974
-11.884605 -9.062953
-8.298155 -11.692081
-7.782881 -14.227654
-10.380514 -15.302075
-5.701596 -13.238004
-11.743774 -10.000017
-12.217379 -9.889066
-11.314505 -11.501348
-9.402362 -8.060868
-11.990088 -8.577636
-8.160398 -8.213826
-10.175730 -11.491763
-9.931885 -9.758941
-8.081939 -8.706864
-11.817140 -8.178016
-10.223988 -8.388347
-11.970938 -8.032958
-16.654047 -6.681139
-14.306824 -1.595672
-12.497171 -2.940074
-14.518603 -6.069932
-13.215704 -6.183657
-15.496464 -1.979773
-10.850253 -1.541060
-8.413355 -2.994685
-10.344784 -8.027755
-10.985725 -8.424887
-11.706478 -8.174767
-7.268236 -8.337774
-7.611772 -7.609927
-6.860566 -5.418879
-5.424927 -7.392495
-9.424768 -8.870175
-6.201360 -8.851846
-9.435810 -8.343615
-9.987526 -9.955743
-7.914640 -8.022506
-8.536098 -8.318763
-4.538531 -8.010107
-5.495174 -5.645461
-5.220222 -4.676871
-5.491112 -8.476162
-6.307784 -6.362497
-5.879971 -4.651196
-5.362261 -5.072095
-7.560715 -4.441536
-7.381823 -1.633185
-9.068762 -1.631324
-15.820638 -0.705638
-11.225857 -2.711026
-9.583288 -2.743812
-8.275190 -2.366479
-7.791215 -2.494608
-7.441905 -9.915441
-10.325096 -9.736185
-11.159286 -8.295899
-10.469767 -11.664717
-6.873644 -10.641459
-10.547457 -9.208957
-9.228117 -8.500638
-12.651785 -8.307974
-13.963799 -10.788461
-13.872866 -4.281927
-12.635533 -2.006532
-9.832433 -0.480794
-5.943492 -3.635956
-6.222378 -2.783379
-7.102162 -7.265293
-6.398662 -12.731007
-10.735102 -10.005414
-9.253405 -9.817252
3.173996 1.981741
