12.530107 19.262554
7.175552 17.949606
2.383810 17.205963
1.673852 17.042595
-2.409721 16.384876
-1.374568 12.112535
0.109341 12.447780
-0.870640 13.571713
-1.510478 10.442765
-0.848414 8.978726
-1.847897 8.902882
-1.165290 9.695589
-0.076537 12.526275
-0.959048 11.029878
-1.129297 8.017589
-1.773976 5.564143
1.479179 5.468486
2.160664 4.932478
4.284798 5.179411
6.301250 11.818644
8.148839 12.105031
8.622652 14.128345
4.803806 9.603233
5.375430 6.978902
4.112165 5.205228
1.192124 4.843248
-2.726669 3.958670
-1.593243 7.557465
-1.851095 8.472372
-2.287622 9.445008
-2.448582 12.616505
0.397456 11.206848
-2.822139 11.650177
-2.969297 7.455500
-1.216426 7.144580
-1.473274 5.301013
0.779055 3.421925
0.605139 4.565982
-1.788717 6.422067
-1.277309 8.448505
-3.189702 8.131584
-0.887334 4.459986
-0.145484 5.725252
-2.164849 6.075809
-1.361235 7.466823
-0.612429 4.868730
0.149258 4.708548
2.096428 5.079680
-0.043230 3.811515
0.565827 3.705816
1.005944 3.109453
1.206535 3.641522
0.101321 4.958968
-1.762673 6.915512
-2.246760 10.104216
-2.482812 8.997771
-1.190739 8.299330
-3.200449 11.041358
-2.367029 10.865584
1.379820 11.111346
1.176003 11.103157
4.578554 10.248282
5.083990 10.489322
5.720734 10.425264
6.525978 8.630092
5.643910 8.428870
5.061580 7.930107
4.953469 10.238052
5.176451 8.268847
5.236583 5.327491
3.233830 4.742295
11.185876 5.340531
9.339619 3.460896
11.112843 3.675140
13.117928 9.698729
14.089363 8.460105
15.684772 8.264287
11.888912 11.199098
9.918785 11.505556
8.921278 10.667635
7.014098 10.775812
7.804355 13.371421
5.063224 9.173680
5.935302 7.624342
5.309801 5.954554
5.456326 5.294474
8.121545 4.713325
10.193458 4.232404
6.602661 4.961848
5.883818 9.261798
4.577312 7.861786
4.935566 8.261930
2.282125 3.405197
1.722926 4.252460
3.505100 4.484750
5.673633 6.584924
5.702641 4.767822
5.397095 8.826946
7.848187 11.567828
6.888288 10.721856
6.658809 12.484509
4.442886 10.439269
4.964085 9.463071
5.724715 13.760382
6.337029 6.547774
4.877079 3.600674
9.052111 5.517039
7.204168 5.304026
9.218992 4.721231
8.694109 4.328375
5.115894 4.736118
5.255107 7.242001
4.691352 4.572600
2.274782 4.812564
0.532409 5.728560
0.997965 5.616124
-0.176516 4.772502
3.332697 5.198300
4.769362 5.908933
5.933610 8.104043
7.497653 4.063085
6.561462 5.351896
5.454506 6.640458
9.016683 11.156580
9.232088 11.451571
6.474313 15.646314
4.853857 17.910585
1.912553 16.861265
-3.623866 17.449057
-0.425348 14.368593
-1.988598 9.593193
-1.580989 7.797751
-0.588115 3.219987
0.392624 4.825805
1.586404 3.705973
2.315681 5.937799
1.017731 5.611362
0.372162 4.818071
2.991776 4.679626
5.150512 5.671306
4.814194 7.406480
4.871953 8.001171
5.984366 7.095893
5.079193 5.632419
3.064737 5.415330
0.387819 5.777770
2.487145 4.886347
1.689983 4.454674
1.537201 5.929823
2.654151 4.880646
4.442271 5.983868
6.093245 8.055773
4.610409 6.745157
7.712547 4.096924
2.417536 4.284165
3.407688 5.512446
-0.256503 5.696527
-4.312713 7.826880
-2.452851 7.423412
-2.359362 8.527598
0.308944 4.245508
3.176304 3.974146
5.061215 6.488792
4.878855 8.448716
6.054178 9.595695
5.981140 12.227283
1.921229 10.980804
2.768445 5.567411
2.951182 5.742542
-0.749347 8.612666
1.659925 11.117770
0.474673 11.215340
-1.678905 7.136621
-3.273202 8.352608
-2.792626 8.173640
-3.197922 9.919896
-2.882511 7.385726
0.505178 4.607510
3.939283 5.066210
3.720207 3.885081
5.376868 1.475720
5.861967 4.394888
4.545076 5.833994
6.126538 7.168471
6.303968 2.456194
5.762794 4.101585
5.466255 9.227574
6.344188 12.001866
6.336444 6.734174
4.927867 4.753002
6.099729 7.988774
6.394254 10.491227
6.163569 6.393770
6.520669 4.178767
7.836251 4.689265
4.803128 4.635283
7.227925 5.112375
7.043563 3.520545
9.184251 5.090700
6.355739 5.294012
7.903151 4.402362
8.324496 4.266914
7.737692 4.239230
5.834972 5.659686
8.006175 5.503820
9.690405 3.531513
13.618700 4.354504
11.579504 7.380482
11.833920 10.816157
10.050931 11.203079
0.123247 11.066657
-1.991349 13.578218
-2.377823 9.537707
-3.263176 7.946251
-10.422421 9.083451
-17.239407 2.521198
