-15.503874 2.751390
-8.189563 2.542208
-8.736034 0.910313
-5.345378 -1.038276
-4.376742 0.635279
-1.060942 1.360050
-2.470366 1.634889
-0.966740 5.160262
-0.522160 2.944376
-1.532012 1.934385
-4.491316 -0.269052
-3.870786 0.334957
-3.219512 0.290787
-4.139182 -0.317312
-3.393605 0.927746
-2.033720 2.542981
-1.121960 2.626040
-1.698559 4.094123
-1.149324 3.269828
-2.471894 2.706819
-1.533780 1.930505
-2.175086 4.046820
-1.920344 6.662925
-7.931455 7.520987
-7.045213 7.270331
-5.301031 6.341718
-2.816162 6.823781
-6.541056 6.392433
-7.113560 7.727377
-5.853279 7.390715
-9.867698 5.952157
-6.338799 8.721848
-8.161772 7.594346
-8.192951 6.544147
-7.869719 6.456102
-6.801892 7.114048
-6.213446 6.582915
-7.219448 6.323413
-7.667394 7.056890
-8.777211 5.641398
-11.347277 5.091177
-7.359035 7.783185
-7.012877 6.960502
-9.913375 7.496665
-8.320820 4.818496
-8.388461 3.854480
-8.494638 8.078655
-8.047506 7.215700
-7.000760 6.510554
-7.588840 6.374108
-8.209656 6.034855
-6.153162 6.808362
-6.241529 8.005116
-9.288177 5.636527
-11.029447 5.348936
-8.945551 4.698993
-9.024199 4.034568
-8.338450 3.822921
-8.601124 4.581627
-8.662558 2.429154
-9.860293 5.664108
-10.452139 4.363585
-9.186986 4.255567
-8.821773 1.637905
-9.070250 0.940359
-6.031133 0.767142
-5.728958 -0.010911
-5.024565 0.700859
-5.224684 0.444733
-3.935386 0.746288
8.390949 -7.342236
9.999908 -9.489427
17.741240 -17.573992
