-2.862966 14.281951
-6.410903 9.458541
-5.353217 6.475607
-3.616379 6.462658
-1.695022 6.396792
-0.666104 3.927917
-2.423756 3.381492
-3.993663 6.499743
-2.910925 6.884825
-5.157859 7.384881
-2.793879 7.142322
-6.165436 7.756329
-2.887094 7.118439
-3.923852 8.294883
-7.908971 6.438559
-10.342330 3.877401
-11.239433 4.327496
-9.083813 6.385185
-4.716263 6.390816
-4.615199 6.616817
-2.119020 6.424127
-2.287794 4.361939
-0.432678 5.507885
-0.997377 3.874345
-1.320077 5.539841
-3.050484 7.451477
-4.801003 7.820176
-7.521418 7.305623
-6.399598 7.369715
-4.522459 8.316764
-3.540725 6.875527
-5.674325 7.169987
-8.070229 6.492371
-9.229176 6.909169
-4.063848 8.383369
-2.858067 6.652825
-2.896644 6.653695
-4.079457 6.629476
-5.727808 6.996206
-4.075344 6.915565
-4.555324 7.830625
-5.262132 7.252856
-6.407001 8.651938
-6.005114 7.903550
-3.154673 7.645271
-3.497182 7.343771
-2.732227 7.544009
-1.372720 2.337658
-1.488113 4.720167
-1.612143 4.904246
-2.072453 3.826416
-1.880666 4.323478
-2.276077 3.883777
-1.422740 6.398564
-6.224291 6.641038
-9.190223 7.068332
-8.262060 5.784154
-8.896223 6.240285
-4.563630 6.930943
-5.088268 7.600443
-1.873462 6.831167
-2.367533 6.171635
-1.351028 5.345981
-2.647307 6.982647
-1.220211 5.870448
-3.274602 6.795200
-3.414432 8.018867
-2.250576 7.917773
-2.617252 6.507833
-2.357461 7.382460
-2.455020 4.328679
0.225706 3.541919
-2.134228 2.426014
-2.436184 2.779347
-1.870000 3.250189
-1.752719 5.196797
-0.841820 5.237849
-2.357006 5.852473
-2.024382 5.929712
-1.627539 6.477592
2.347157 2.375696
0.648962 2.841359
1.507238 3.190060
1.778889 3.848548
-0.481424 3.227804
-0.526532 4.570598
0.344650 5.836056
-1.005357 5.372013
0.135511 5.431979
-3.007579 6.523926
-4.674280 6.467172
-4.368748 6.797788
-3.143453 6.621900
-4.961581 6.552837
-6.623386 9.458749
-5.264465 7.086545
-4.248744 7.022435
-4.920853 6.721680
-2.426989 7.718601
-0.792603 4.650593
-1.963086 5.466904
-0.679245 4.465271
-1.669733 4.058282
-1.616169 2.936573
-0.701075 1.856946
-2.250115 2.198954
-1.097561 2.769336
-2.227249 3.626890
-2.272261 4.564918
-2.178782 4.070144
-1.696009 4.390703
-1.622081 3.855371
-2.511221 6.919474
-5.802762 7.448829
-6.049317 6.545140
-6.150753 6.863143
-5.840874 8.328013
-4.612941 6.993302
-3.868310 6.336942
-5.905690 6.420631
-4.968870 6.701093
-3.155149 7.079909
-4.327638 7.815462
-4.982758 7.216026
-3.525304 6.883201
-5.275944 6.509147
-5.643833 7.460268
-8.106388 6.351121
-9.107903 3.641451
-9.121968 7.635931
-6.859070 6.388377
-4.743577 6.322252
-3.107390 8.109664
-2.983864 6.372964
-3.020651 8.219411
-1.885566 5.193335
-1.937489 4.387631
-1.220936 3.933533
-1.855957 2.266756
0.630471 1.262089
-2.289266 3.357728
-2.056242 5.678073
-0.387787 4.235693
-1.609007 5.981634
-2.212340 5.506330
-2.090574 5.798531
-1.675046 3.664089
-1.547269 3.145351
-1.025966 2.890278
-0.867894 3.166106
-1.790689 1.390461
-2.953141 0.756922
-2.746646 0.535439
-3.604895 0.040485
-5.867409 -0.075581
-6.578844 -1.192995
-5.298106 -5.658678
-7.397858 -11.397188
-9.561888 -14.854992
