16.792986 -8.502523
10.770494 -5.985625
12.379133 -7.499780
11.782147 -3.596168
13.075645 -2.746718
18.639452 -1.345191
15.525579 4.570781
14.658829 0.624977
13.819658 5.219217
10.787342 3.530662
9.349686 4.702026
7.811826 0.651264
5.889770 2.344503
4.163908 0.238954
4.905149 -0.728035
4.242616 -1.485542
4.703656 0.718758
-2.391494 4.246646
-1.611691 4.203345
-1.036914 5.457763
-2.182731 5.359771
-0.874938 4.459160
-1.667704 5.364707
-3.950920 10.070641
-4.728726 6.701517
-4.413977 7.276647
-7.269725 6.450432
-6.098336 6.729788
-4.914367 6.466167
-1.998201 10.377322
-1.853763 5.716343
-1.973892 3.315923
-0.947518 3.805897
-1.651947 5.424472
-4.047511 8.571904
-5.262256 7.922697
-5.174381 7.334116
-6.662043 6.597865
-7.280051 7.585739
-14.310586 11.544076
