7.105273 3.244487
6.352199 5.424040
7.771410 5.185369
9.898277 3.858163
10.283060 4.374745
9.847893 5.626987
8.262480 5.477742
4.690303 3.843979
4.588606 7.040709
5.043834 7.061299
4.822218 6.853445
6.342810 8.030149
6.112120 8.042481
6.349356 7.505285
5.982979 8.361604
6.201543 7.973993
5.916221 3.528676
5.137895 5.235918
6.269410 4.204558
8.917900 4.077879
7.762246 5.133625
12.999680 5.740779
13.259184 6.181747
11.711929 7.323020
11.593387 9.552153
12.516493 11.694576
10.994871 11.293596
9.226060 11.749905
10.134213 13.837757
