-7.174439 10.961817
-3.568394 10.775778
-2.748061 8.488873
-4.042220 9.732163
-1.125314 10.903406
-1.873601 9.570657
-1.292599 7.964899
-0.929977 5.708246
1.032171 3.632312
1.500714 5.175112
1.177131 4.046311
2.334295 5.364985
3.938617 4.831002
2.077385 5.119277
1.014030 5.544381
0.730414 4.519323
-1.770448 6.597574
-1.150216 6.435484
-2.684964 6.949820
-2.927247 8.700742
-0.410141 5.421294
-1.293140 6.648839
-3.878875 9.018204
-2.670221 7.323698
-0.800468 7.125847
-2.220681 9.210011
-0.965392 12.063194
-1.022370 7.034389
1.122071 4.897506
-0.395897 3.262254
0.364174 5.545470
1.480901 5.953128
2.192403 5.455892
3.896690 3.416318
5.415447 7.387766
4.959720 8.568986
6.623875 11.694194
6.230777 15.298261
5.068664 9.579893
5.222947 6.998631
6.118179 7.381553
2.400527 3.486436
1.528005 4.805574
0.413147 5.607712
-0.800971 10.006885
-2.250955 8.801279
-1.754282 6.816696
-2.767857 8.454956
-1.111115 9.402096
-2.066488 11.149591
-0.327925 12.979032
-0.880985 12.612952
-0.466989 11.359385
0.626556 11.273229
-2.912750 10.568855
-1.358640 12.459912
-0.080431 13.037756
6.128494 10.134990
4.910781 10.721665
6.438444 7.764187
5.561156 7.636478
6.278434 6.798241
5.464254 11.643370
4.847338 10.372008
6.514432 7.108953
5.808213 5.155647
9.563042 5.169462
8.335985 1.867899
6.866069 2.646985
7.633182 2.536616
7.810603 5.043791
8.815183 5.052927
9.353360 5.244137
9.261665 5.145679
8.657885 1.959797
7.954183 0.628355
5.271252 4.448502
4.149443 2.895444
3.520164 2.554787
4.160573 2.627926
7.867178 2.098253
7.775459 2.966362
11.397770 5.557922
9.813549 4.077707
10.308243 3.995629
8.785007 3.795002
8.477676 2.333517
8.697143 0.249615
6.516463 0.696152
4.407643 -0.855906
5.086618 -7.906527
7.419764 -5.458749
8.826308 -6.824636
7.921217 -6.058383
8.273499 -6.876979
5.720471 -5.595594
7.467229 -6.566163
6.326861 -5.793237
4.443446 -5.599653
13.451443 -7.894704
11.562208 -5.048184
9.256024 -7.074562
10.003586 -5.757622
10.503272 -6.209597
10.722698 -2.047698
11.255164 -2.151877
11.075594 -8.981331
5.942661 -5.674519
6.873853 -5.908295
4.583148 -2.214687
5.075221 -2.982906
7.476435 0.057180
8.736572 0.076551
6.960314 0.343351
5.330478 1.731524
5.008415 0.571647
7.795839 0.616271
8.370455 2.786526
7.661272 -0.129181
8.479231 3.928210
5.890499 0.128975
9.085973 -0.165841
7.995589 -0.109279
7.445856 0.721888
4.298525 0.134147
4.337466 -1.881190
4.274616 -1.655771
3.857365 -0.987363
4.051682 -2.579524
5.333025 -4.786865
4.102054 -5.423391
8.155436 -5.680604
11.548676 -5.472343
10.871520 -4.561808
11.251902 -3.642689
10.837713 -3.867641
11.832254 -4.527685
15.573841 -8.404757
14.784224 -1.086926
15.157428 1.996138
15.600983 -1.121070
16.270607 -0.520122
16.345371 2.127583
14.362997 2.220161
14.076969 3.563173
8.575902 4.279883
6.387547 1.094185
8.928903 0.057055
8.257702 2.558325
7.823394 3.579114
6.372108 1.430737
9.095119 1.003239
8.655201 0.039011
11.743454 -3.400896
12.163424 -7.274243
7.786873 0.335598
7.392139 -0.120395
8.220989 0.746462
11.308095 -2.149826
11.796074 -2.054425
13.114100 -3.054319
12.946659 -3.801499
10.618888 -1.611869
5.503819 1.089941
8.888204 1.064896
6.790929 0.216494
8.461470 1.663127
7.945950 1.647607
10.648909 3.625719
12.890333 3.447995
12.162513 7.430310
9.296034 5.413123
8.657076 -0.106177
8.881373 0.573548
8.676616 0.692818
8.732809 2.521577
9.599516 4.869177
10.975045 3.783543
9.884777 -8.740746
16.601173 -11.558990
11.636752 -7.552645
13.908810 -5.161024
13.149348 -4.497303
11.361154 -3.215692
12.142733 -2.353592
11.499231 -2.184286
10.696619 -2.957351
11.104259 -3.254322
11.606888 -2.940958
9.867962 -6.568581
9.425963 -6.314547
11.227882 -4.621664
12.493586 -5.558620
14.130094 -1.693340
12.563112 -2.053564
11.113239 -3.141026
9.601414 -6.086479
10.576109 -5.324915
12.181693 -1.879672
8.728287 0.459695
7.326423 1.961514
6.597534 1.345246
9.020372 2.019609
8.822687 0.541067
8.077198 0.961176
6.307165 0.526970
8.120903 4.561526
10.984233 4.317682
12.995038 5.203173
15.110119 4.456228
12.228919 7.734484
13.217168 8.392895
11.816230 6.315370
16.320808 7.493576
