-1.395660 2.561759
-2.115396 0.346622
-2.746014 0.350540
-6.553280 0.326320
-6.381431 0.641665
-7.879113 0.895521
-11.421484 -2.441984
-11.014126 1.608508
-8.699038 7.195168
-9.482624 5.195349
-9.780996 5.556072
-9.179456 6.056836
-7.423210 7.444445
-3.985177 8.750484
-6.318838 7.937231
-7.239222 8.642611
-5.465884 9.020006
-5.345200 9.644890
-6.466735 7.006103
-6.205534 8.092217
-5.846697 7.191841
-6.080415 6.625888
-9.915613 7.005258
-8.208130 5.137068
-8.653310 2.710769
-10.314725 2.166167
-10.361723 3.593858
-8.355726 0.968794
-9.517584 -1.386286
-8.310158 4.496725
-8.470325 3.984661
-9.091647 4.117326
-9.037813 7.558320
-6.545940 7.086685
-7.327461 7.230104
-6.498425 7.606458
-7.852960 8.555765
-9.167203 6.766568
-6.812429 6.986109
-4.949916 7.604949
-4.888537 7.274028
-4.503466 7.903143
-7.842184 10.060639
-4.278315 9.766601
-2.940546 8.212587
-1.455556 3.292709
-1.037847 3.229313
-1.472615 2.957463
-0.026893 2.428824
-1.246221 0.750661
-3.133129 1.075881
-2.313621 1.066942
-1.098505 2.143450
-1.371450 0.177517
-1.510157 -0.280005
-4.047551 0.260441
-3.045211 0.133188
-2.905634 1.280495
-1.664887 -0.687790
-5.613050 -0.357753
-4.905441 0.696060
-4.344095 0.344086
-8.080574 -0.503662
-8.557540 -1.443550
-9.925959 4.651559
-10.753836 2.134653
-8.965747 1.205550
-9.864378 0.641731
-8.618745 2.764327
-8.899535 4.434077
-8.213601 1.010239
-9.172497 3.585317
-9.765341 5.101936
-8.976215 6.968263
-6.416799 6.503961
-3.001769 6.470780
-4.132061 6.419807
-4.295035 6.569560
-3.843535 7.527970
-5.584490 8.245464
-8.011567 8.381152
-8.593180 4.769420
-8.443191 3.681182
-8.442785 2.910655
-8.720143 4.290427
-9.800263 5.548347
-8.207469 4.415202
-8.241400 2.160872
-9.984937 -3.081606
-14.569734 -4.622731
