-5.668295 -9.819178
-6.816190 -7.671933
-5.520874 -5.355247
-3.959713 -3.579537
-3.771398 -1.833255
-3.502118 -1.022157
-6.268405 -0.074254
-4.044278 0.774680
-4.736446 0.542120
-5.527331 -1.581532
-8.623795 1.256467
-9.706188 2.987775
-10.139860 1.488613
-8.729581 5.889750
-9.869719 3.355844
-8.241978 4.759802
-5.493575 7.068950
-8.539890 7.237230
-5.035364 6.781227
-2.376607 4.505389
-1.729660 3.913871
-2.150521 5.245644
0.117345 5.259536
-1.862546 4.050787
-0.682220 2.123695
-2.147314 3.467310
-5.778893 0.452481
-3.067642 0.199868
-4.293254 -0.184345
-3.243753 6.685342
-5.090632 6.493885
-6.217337 7.436693
-6.583097 7.421819
-4.947365 6.777814
-4.522723 6.730834
-4.052477 7.502330
-7.345505 7.124249
-4.845314 9.332820
-1.948787 11.431108
-2.950193 8.495046
-4.528607 6.881896
-3.052744 6.502007
-1.874759 6.496827
-0.953991 4.289515
-2.433807 5.001600
-1.217022 3.606229
-0.932849 3.897417
-0.761303 2.320015
-1.304955 -0.043205
-3.127810 1.266078
-2.178343 0.428515
-1.628084 2.221462
-1.660967 1.632266
-1.070075 2.889990
-2.334792 1.959891
-1.482611 0.686769
-1.307281 1.079928
-1.334535 2.903717
-2.758516 0.493181
-3.506988 0.456665
-3.754232 0.156812
-6.430570 0.407840
-6.733950 -1.684825
-11.257818 2.553142
-9.688441 3.830399
-8.599859 1.755891
-8.428752 2.404214
-8.939125 5.622925
-7.470537 7.517685
-5.046282 6.927409
-5.590686 8.097999
-3.542111 8.977070
-6.622578 11.902137
