-1.659124 7.771973
-2.469191 5.971437
-1.526909 3.810948
-2.354141 4.198936
-2.167728 5.013123
-2.032410 1.562352
-4.644124 -0.707042
-5.854068 0.201022
-5.053575 0.876300
-3.282753 -0.360523
-4.348743 0.719851
-8.730738 -0.757710
-4.524920 -0.622596
-4.869517 -0.601369
-6.434263 0.109037
-4.829674 0.331270
-4.301790 0.845790
-4.449509 0.500682
-5.121981 -0.593281
-10.546090 -0.011624
-8.655313 1.792852
-8.369343 1.359939
-8.426944 -1.494298
-7.877007 0.929572
-3.617293 0.674286
-0.527390 0.689286
-2.303362 2.382039
-1.349068 0.190572
-1.983051 0.934916
-2.587840 0.893271
0.854787 1.286425
-2.381919 3.714267
-1.316532 2.387736
-0.893435 5.210229
-1.840146 5.596122
-0.816633 4.077416
-3.111996 7.294835
-4.533895 8.449258
-4.347053 8.387465
-5.071531 6.858783
-3.652997 7.181951
-3.967288 6.762941
-5.667204 7.144548
-5.273497 7.627037
-6.249896 8.543189
-2.876929 7.156139
-1.867215 4.990499
-1.959722 4.887943
0.706819 4.676890
-3.773175 7.756089
-4.039248 6.903086
-4.554111 7.136711
-4.959584 6.620882
-7.311723 7.364950
-3.801047 7.066313
-4.257640 6.657372
-7.225601 6.632786
-3.825402 6.363563
-4.567673 6.675851
-5.642253 7.705116
-4.253842 7.208750
-5.193575 8.934272
-3.183871 6.376818
-2.961294 6.527508
-4.733132 7.350123
-4.628807 6.533575
-4.697958 6.467712
-3.429700 7.463144
-4.386097 7.793141
-4.415670 6.397967
-4.317576 6.954991
-0.104768 3.042747
-1.921377 3.149624
-2.333432 3.785077
-2.308359 4.924374
-2.262081 4.228960
-1.472330 3.241467
-1.667105 4.597648
-1.604496 2.141742
-2.220387 3.913188
-4.080611 7.863150
-2.826864 6.559574
-2.356926 6.012761
-1.946308 6.594960
-2.986857 7.534357
-3.978395 7.851583
-2.111672 7.380257
-3.379750 6.970559
-5.221154 6.579912
-6.070587 6.581767
-5.235492 7.304351
-1.499094 6.210776
-1.546194 4.945114
-2.785752 8.066155
-3.158175 6.561450
-6.550309 6.454313
-9.443432 8.859880
-8.746037 6.372911
-10.432927 4.790270
-8.584500 4.242430
-9.608536 0.025774
-6.838446 0.154045
-4.539806 -0.102819
-4.685476 -0.427321
-5.908218 -0.460072
-5.354231 0.037344
-4.947893 0.862098
-6.102152 -0.316533
-9.403066 1.240246
-8.089249 0.333506
-9.528321 4.265125
-12.502487 2.280067
-15.057295 -4.921875
