2.686168 -19.398203
-3.063028 -14.255737
-3.637763 -8.218160
-6.758281 -0.864649
-7.461500 0.513593
-11.524334 2.792643
-9.054663 4.217770
-8.602617 5.226762
-8.146257 6.480964
-7.075930 7.000415
-6.624068 7.084344
-6.404078 7.469855
-4.573165 6.473800
-6.594941 6.592144
-4.082514 6.857206
-6.603445 7.067398
-8.832888 5.780411
-1.969476 6.161692
-1.987918 7.859582
-2.137004 4.914157
-0.644792 3.969439
-1.424601 4.375614
-1.721645 3.980708
-2.429251 2.561103
-1.402362 3.096957
-2.080367 3.747704
-0.742825 2.591263
-2.449133 4.134267
-1.459572 3.629244
-1.083867 4.515347
-2.319504 5.038484
-0.705752 2.158119
-0.924273 3.420886
-2.144927 4.849469
-1.997885 2.936219
-2.105745 1.447871
-1.490816 1.584092
-4.006070 0.434333
-5.452894 0.103073
-6.160431 -2.774835
-6.368470 0.833995
-8.249247 1.052898
-8.692547 3.822778
-8.254272 5.093430
-9.741282 5.203735
-9.597006 5.608654
-10.467330 5.952255
-8.439269 4.272653
-8.713745 5.932595
-8.334382 7.243860
-8.762833 6.759008
-5.927872 7.229904
-2.991227 7.856923
-3.132872 7.679017
-3.228711 6.355366
-5.448234 7.110295
-4.145388 8.367793
-4.898832 6.424978
-3.475208 6.566634
-3.333913 7.565060
-2.674868 7.302081
-1.477300 3.159871
-1.906825 4.728440
-2.478509 4.728668
-2.349795 6.332836
-3.140636 6.758384
-8.359894 6.837198
-8.229591 5.076284
-8.256163 3.498298
-9.419117 3.773291
-8.768794 2.667879
-8.970231 5.455370
