16.918253 -11.882078
11.696095 -6.902736
9.614266 -6.275360
11.156857 -10.237090
12.743900 -10.646570
13.323772 -10.030144
14.842658 -10.610368
12.631199 -7.178121
14.054049 -10.394403
14.311294 -9.837912
9.648693 -8.634583
11.757492 -4.067548
10.894072 -4.575534
9.095631 -4.228925
8.774965 4.348614
7.255795 0.461920
9.293472 5.559404
8.799290 1.962739
7.092988 1.744217
7.270906 3.085962
8.566583 3.492335
8.856410 2.864806
7.267295 5.440960
9.072165 5.258195
10.911907 10.794269
12.213596 9.817870
9.166911 12.044494
9.600449 14.164772
11.056469 10.759470
12.321344 8.853617
12.618856 9.034394
14.357880 12.039561
8.211933 11.966762
14.092315 11.786192
15.940046 9.545957
8.619926 2.118881
9.294016 4.804568
10.975154 3.738205
14.244222 2.689670
14.632095 3.775124
18.199373 1.023077
15.542934 6.207244
14.891246 5.693812
19.017895 -0.117137
14.651435 3.314895
8.624765 0.739811
5.393122 2.765393
7.400936 4.587995
7.665460 3.719304
9.010679 2.275906
9.088914 0.623921
7.873128 1.530999
6.132236 6.121234
6.379749 4.715495
9.780138 3.570920
9.388718 5.568953
9.480913 11.909057
11.038188 10.850129
5.447066 11.454364
6.401791 8.340118
2.917489 8.889708
6.413080 9.003841
5.797616 7.073194
8.270781 5.342663
7.191753 5.347191
10.628558 11.367473
11.088310 11.001019
8.713794 5.372073
12.090057 10.850639
13.376019 9.664015
12.902342 8.806952
11.813538 9.108070
17.083204 10.484961
15.732353 10.422969
18.423813 7.391187
15.697819 5.298739
16.093637 2.897604
17.704308 1.783079
14.028827 3.667764
9.364470 3.695185
8.538902 3.344318
9.560986 5.523505
7.390878 4.073274
8.671529 4.904090
6.832032 2.846423
8.955532 -0.107501
8.667896 0.946298
8.677463 2.116428
8.545835 1.016178
10.163750 3.698656
10.217031 3.433637
8.897262 4.106971
6.718204 5.459015
5.852839 6.326000
6.312498 8.769503
4.765125 7.986863
5.626947 6.032877
9.318424 4.087288
11.379761 3.710555
7.901458 1.327284
6.906014 1.213326
8.510309 -0.915170
7.976748 2.332771
6.727122 3.309167
8.293653 5.395947
8.876898 4.127508
8.104320 3.320335
8.370264 -0.281067
7.295857 -2.729513
15.380838 5.737490
13.338745 11.741627
15.224987 3.632198
15.853426 6.423263
16.963371 3.866256
6.305130 8.031230
5.273256 7.811785
10.486732 12.381524
6.531620 7.750010
5.816410 12.548376
7.129984 10.716296
8.434975 12.899854
6.019942 13.054152
6.511269 9.804006
9.397410 4.594203
9.126362 4.996069
8.660269 4.209251
13.134508 9.507926
8.185548 5.196669
8.264655 3.961803
7.722556 3.228187
8.296531 2.636228
5.781489 3.957881
6.769944 4.798532
6.156829 4.796863
6.487029 4.735824
5.746293 7.450531
11.040983 11.482581
11.804485 10.090281
11.192205 12.429157
11.819866 13.773829
9.707432 10.983819
6.674057 4.871264
8.985436 3.153031
9.309169 3.981574
11.721631 8.884690
16.514759 8.877254
15.605804 3.280706
14.607212 3.508064
14.850496 1.856223
10.865452 3.723858
9.751740 4.605186
9.045433 4.087224
18.257217 1.841013
10.193377 3.516232
8.188396 4.739582
8.661915 2.666571
8.815025 0.508971
8.662948 0.045637
10.698196 -3.537527
11.775145 -2.713197
11.576727 -2.866950
10.356594 -1.718132
7.811172 -0.679264
5.126701 1.695992
4.449522 3.558511
3.756032 1.582575
4.412102 3.746898
5.233096 1.914091
8.104280 2.085080
8.658293 -2.215080
8.427365 -1.927731
9.033751 -0.413985
8.456099 1.210854
8.701884 2.906286
9.783411 4.337014
14.372544 1.261768
15.993119 4.731224
15.645829 -0.493046
14.477793 -1.520922
6.864532 2.877815
8.841845 4.919782
8.481825 2.457416
10.169289 3.598969
4.198830 8.052352
4.262638 6.040543
5.103242 6.188341
7.236700 5.571533
8.864100 4.314323
8.840399 3.753832
8.789781 3.936252
9.767208 5.085700
7.069602 4.634564
4.334324 5.530067
5.212595 10.363828
6.047873 8.981199
5.755900 8.188932
6.598583 11.254214
9.698458 10.906470
7.796606 10.852879
9.435344 11.844010
4.504539 8.287892
6.620565 4.730958
5.883886 5.870811
5.953784 4.058814
8.019494 5.613908
8.697800 3.378846
9.347219 4.274414
7.253788 4.295855
9.147633 5.025156
5.413483 5.511233
5.555188 6.210870
9.826977 4.978586
10.201771 10.711586
4.149418 11.593459
8.689444 11.463491
8.313810 11.992218
9.807538 11.892879
7.987291 12.991914
9.277697 12.412818
10.140753 12.216987
11.186226 10.799244
11.819730 10.773184
12.749863 12.239611
11.796545 9.192674
13.490505 10.044870
15.557685 13.369668
17.334898 1.943042
15.713689 5.963226
16.550896 4.284899
14.432622 0.767847
16.137716 4.648026
17.477810 0.140388
15.081830 1.545347
14.691681 1.211493
15.227383 -0.264551
16.674444 -0.465662
17.360180 0.871229
17.883368 12.483249
17.647156 0.240715
15.308975 2.890305
17.041050 -1.630038
18.421078 -6.196895
14.007433 -8.000289
11.216614 -11.223805
8.731127 -11.204793
14.273665 -9.470998
9.679552 -5.699050
8.654788 1.398596
17.596897 5.124741
15.039997 4.452491
9.496695 3.868039
8.402364 4.252544
2.795103 6.367459
4.362998 7.636399
5.639564 7.296901
4.416071 9.835515
11.866817 3.704524
15.345984 3.665683
15.069197 5.523369
8.755335 5.158605
13.390781 9.716404
11.928228 9.020813
8.502195 4.601108
9.171276 4.822104
12.380571 9.412946
13.942599 3.726853
14.387280 3.252098
8.698666 1.434498
8.291039 0.916640
7.205922 3.437216
11.539217 3.742939
7.608358 0.803149
7.389356 3.149579
7.272344 3.874524
9.169296 4.039417
9.245184 3.458407
8.539612 4.396617
5.955013 3.851066
4.219159 4.402484
5.911271 8.730906
14.660862 2.047123
7.370172 5.167162
6.044624 5.921626
9.906219 10.976321
3.008614 8.962049
6.181020 3.627197
12.240990 9.133986
15.308884 10.147099
7.249262 4.972106
8.433739 10.799496
7.419872 12.571386
8.589333 11.764734
7.801893 11.815379
7.339013 11.118295
6.110492 9.576405
8.138763 3.583410
5.164145 5.236770
4.627606 6.131371
4.262773 6.413851
5.495089 8.589199
5.980356 7.488374
5.008526 6.677794
6.433657 8.878218
5.306800 7.994527
6.006446 7.365923
5.637596 4.638360
8.525743 5.480192
7.593044 3.635939
7.505114 4.246548
4.211182 5.116908
6.428476 6.768921
5.414600 7.250587
3.573596 5.940020
5.529228 7.163771
4.945281 8.277583
3.536712 5.149846
6.500039 8.333216
9.530930 11.194958
11.257429 13.108166
10.472258 16.703966
5.513397 11.126474
4.539330 9.455853
6.053365 5.831363
7.001537 2.371000
7.838126 5.637843
7.620110 3.415293
6.395000 2.787522
8.408879 4.223268
8.265694 4.157968
8.302187 1.888043
8.224081 3.429702
11.422081 3.578675
7.743579 3.468582
5.845768 6.870909
5.963967 3.915783
7.735252 4.951003
8.727610 5.582185
8.901451 4.852330
7.462489 11.135151
8.071880 11.057143
11.773385 8.948597
14.145452 3.748359
17.477007 4.024826
10.421787 11.592260
11.768250 10.005497
14.848577 9.452179
12.463909 8.799393
8.891176 0.816534
14.568104 0.204477
14.709956 -0.788021
14.832789 2.829446
9.422092 -1.910719
8.756666 -1.269230
8.040490 0.584039
9.107491 5.243898
8.756306 2.701764
10.638262 3.741310
10.393410 3.523342
10.520885 3.547375
16.074694 6.245017
15.420533 4.148050
14.138139 3.369170
11.277999 3.541338
13.082798 9.376228
11.582530 9.201773
8.346754 0.436458
9.106297 3.257402
6.312116 3.926853
9.360497 5.100703
7.972027 5.244847
9.510073 3.578622
5.295680 5.569724
6.468983 4.256009
4.214986 7.311131
3.938493 7.195394
5.854960 6.336771
8.944184 2.986820
6.292908 3.542344
7.852754 4.297049
8.978653 5.276351
8.644907 4.522048
11.923146 11.006726
9.297637 12.182431
8.205890 11.862031
13.260853 12.108251
12.223193 12.815276
10.663611 11.592957
6.065864 6.266515
4.455685 6.607184
8.021037 5.106529
6.933991 5.342670
5.716696 4.176028
5.690070 7.010585
6.376157 8.611708
10.146241 3.451790
12.328471 3.529642
8.946316 4.518198
8.663079 3.936389
9.397013 4.386726
12.176429 3.646504
9.823963 3.667264
5.868470 3.507679
8.989871 2.685483
8.486958 3.223121
5.770906 2.561405
7.236318 4.426400
9.426038 5.272662
7.555109 11.257095
8.345907 12.504807
6.686987 10.777862
10.343592 10.846823
12.502518 13.611344
12.077258 9.006704
7.372202 5.166122
15.966045 10.042864
16.690735 7.487377
12.944359 10.164295
12.053656 11.746725
11.392751 11.419070
11.914364 13.692849
7.589063 10.923305
9.603840 10.759518
8.924788 11.145387
5.557542 10.785575
5.415822 8.863721
4.860645 11.477267
8.265483 11.022714
7.997181 3.683728
2.993875 7.713189
4.602366 10.058869
4.704222 9.423203
9.600113 13.326317
13.295118 11.039201
14.656042 8.987172
8.975470 0.052508
7.362489 -1.494820
15.670156 3.023418
14.949505 5.889276
14.883007 10.461133
12.933620 10.337133
10.584448 3.421206
9.674733 10.704362
9.049555 10.712884
7.698829 11.141377
7.221592 11.166296
3.966409 9.848518
4.697144 8.777968
9.690199 5.396490
11.203964 11.415179
12.065065 9.863577
9.279646 5.418687
9.145758 4.410362
6.708729 2.564475
6.394230 4.621397
6.391077 11.337809
6.260352 7.969070
7.933927 4.777864
9.270935 4.985425
8.892424 5.080049
8.855940 4.475971
6.088803 4.444647
5.271321 4.436739
8.431133 5.477661
6.479948 7.051208
6.292572 7.591529
5.170529 6.940948
6.265749 8.972772
3.855237 9.084442
5.723147 8.126476
4.547165 4.749027
4.170667 6.373939
5.451032 8.227856
5.174025 4.994503
6.352224 8.829544
5.979593 9.682485
1.716524 8.379232
1.782199 8.476795
2.058294 9.227424
5.148345 11.600486
7.204106 11.593146
4.179162 14.200190
5.572704 14.485314
8.409857 11.171463
10.922337 11.292659
12.948570 10.635709
8.163752 11.260144
9.299189 12.344749
10.167801 11.638678
6.064656 9.475704
3.921018 8.962441
4.631337 8.610740
5.439097 9.062920
5.011891 6.931334
7.885653 4.201074
7.986286 4.682351
7.667511 4.612929
5.203433 5.346410
5.590372 7.951834
7.446144 11.915235
7.664378 11.556368
7.436117 5.400015
7.070238 3.691155
8.957045 3.816138
6.192258 9.391010
9.663179 4.846242
5.157491 5.606478
6.586973 4.512936
6.097574 5.613337
8.606985 5.604076
7.847868 2.578034
9.153236 4.922066
12.409691 8.818597
7.716165 4.985685
8.391411 4.415659
7.976656 4.107432
6.196940 6.367498
12.245937 10.018612
10.021978 11.332061
8.474937 5.249588
9.141361 5.154898
6.022248 5.216933
8.040527 5.341553
7.114751 4.569861
7.564908 5.627338
8.283581 5.466378
8.545820 2.227962
7.846521 1.333313
8.908224 3.947491
8.358507 4.378168
7.582439 0.698216
7.633019 2.727229
6.830871 3.822244
12.549635 3.769444
9.823360 3.826072
6.907481 2.235164
6.755219 1.429278
7.058968 4.803325
7.523483 2.605874
16.441473 3.155135
13.618576 10.190956
19.152039 9.920392
15.238155 3.633085
14.993441 5.996870
15.308365 7.229324
14.663372 1.272631
8.733382 3.782892
9.564812 5.538650
7.776728 3.871490
6.536087 1.524233
7.645429 1.262386
7.690375 1.514746
7.946183 -0.568020
7.386072 -2.416710
7.609140 0.482218
14.580809 1.316902
15.114187 2.401853
14.140410 1.472365
6.752886 1.702123
8.604820 1.487288
9.239478 4.419203
7.945886 4.012326
9.000744 2.421545
8.794933 3.918612
5.726111 5.385815
9.082972 2.096117
8.456213 1.854723
7.843762 1.819988
9.497177 4.074641
9.456886 3.616480
8.951974 3.720029
9.053221 1.025685
8.957528 2.147139
8.511480 3.890780
7.618082 3.449746
8.890425 4.584427
3.601964 6.662268
3.587624 7.154534
6.392996 6.511712
4.916611 6.452742
8.007673 5.156462
5.831950 5.952321
5.841410 10.699632
2.695916 8.980424
6.876762 5.239957
9.038515 4.328810
18.384373 -5.582299
17.372631 -2.404197
19.862286 -3.643192
17.961754 3.880795
14.054373 -7.986318
19.170382 -5.049455
7.482297 -1.246646
8.440331 -1.997946
7.908903 -1.788304
11.083252 -1.765140
11.448782 -2.169557
10.683609 -1.626268
9.023889 1.192492
7.861198 2.816362
8.843955 1.908016
8.000273 1.244618
9.019825 2.577969
8.055151 0.929603
9.542187 4.608489
7.312723 4.481083
8.016788 0.850711
8.967703 0.018864
7.298395 0.712988
14.783919 3.544555
14.209265 3.307868
9.101274 3.223130
7.823163 4.979571
9.596830 5.607300
3.595853 4.564296
3.106361 4.841059
4.873500 5.759383
6.157423 9.004530
5.609228 11.909498
8.041094 15.731524
18.616840 16.514780
11.754733 9.800772
11.684320 8.877891
9.126774 5.338622
8.143815 4.075363
9.241429 4.335046
7.565730 2.711273
8.522833 4.933461
6.943689 4.801208
7.592519 3.364932
8.595670 4.901608
7.756724 2.341015
9.059638 2.713600
8.092357 -0.246094
7.379512 -0.283703
7.318529 1.544393
4.712496 2.089768
4.073667 1.227196
4.638687 1.389063
7.313222 -0.528534
7.047599 -1.140410
7.824231 0.735486
8.136707 -1.290220
10.963430 -1.736481
14.455877 1.218322
15.119898 7.399184
10.590891 3.770211
9.896631 3.444808
7.416549 2.966568
8.761908 1.307934
8.779959 4.803725
9.146770 4.322423
13.972775 -1.606047
7.823957 -0.737412
10.105722 -3.511394
9.176224 4.370484
10.497001 3.576089
9.114779 -3.309758
8.250295 -4.933527
10.285647 -4.325499
15.862066 -1.630980
10.562226 3.510881
8.407656 4.298759
9.310228 4.100553
8.075655 4.623698
14.958919 4.836165
6.405252 8.373158
6.332482 9.511887
9.761507 11.151616
11.545080 13.784314
10.247948 10.831500
5.690143 11.097553
5.911518 7.012900
6.002275 8.311791
9.377546 3.955726
8.517744 2.827623
8.604294 4.752729
8.922259 4.938862
5.782919 7.123198
10.740847 12.346587
8.864019 11.000491
5.410511 7.461899
4.877892 9.119049
6.505751 7.192421
3.476500 4.498838
9.334663 4.139212
9.160639 4.911137
9.624519 3.450290
9.345748 3.603122
8.170557 3.047314
8.581514 4.699013
8.552336 4.135600
8.220079 4.475495
8.439899 2.630648
8.656822 1.471957
9.054436 2.909878
7.120043 1.538945
8.828920 5.209515
9.781134 4.740730
8.654981 3.420467
9.899221 3.543160
9.438469 3.736023
12.854120 3.511952
8.760065 4.314214
8.521930 2.812660
5.438042 4.278359
6.138045 7.796486
7.435027 4.773513
8.697508 4.366805
17.046398 6.257952
9.390244 4.232515
5.432260 3.986757
5.688874 4.998786
5.332312 7.018345
7.108420 4.479550
6.212484 7.003731
5.425253 10.649672
12.751189 10.927621
9.291856 4.148581
6.909814 4.235425
7.931071 4.347627
7.579606 5.279285
9.687378 3.980103
8.055936 4.456961
9.661495 5.287562
9.536700 3.494733
8.992988 -0.326889
7.243268 1.004373
7.992298 4.005580
7.656097 3.971807
7.339303 3.346282
8.600029 2.259638
5.691300 5.413101
4.752657 4.803487
4.467161 6.082116
4.551726 6.133672
9.390507 4.268293
8.218121 3.274104
8.661404 3.475258
9.539215 4.556063
7.901377 0.339731
8.294800 -3.181385
7.620130 -0.816999
6.503856 1.838798
6.242102 3.628678
8.526390 2.148706
8.202312 5.470154
5.989119 2.652190
7.362280 5.137457
8.621040 4.964242
9.399157 5.423343
7.897768 4.631862
12.492817 12.140623
10.902707 12.050709
7.314249 12.193257
4.341396 8.787626
6.002594 9.822907
6.135235 5.838832
8.327745 5.324029
8.501101 5.235141
9.452957 5.614446
8.264385 1.955992
7.887564 3.536182
8.852394 0.015685
3.912407 -6.390434
10.088554 -6.077576
10.456945 -2.466867
14.201842 3.045806
16.483303 0.575384
14.024596 3.709578
11.846134 3.586634
11.940571 3.491868
9.544878 4.307397
12.146322 3.459042
14.133656 0.600859
6.950998 4.160573
6.457313 2.608770
7.550371 2.331684
8.336464 5.120319
7.838395 4.541399
3.810803 4.915554
7.877868 4.571312
7.483043 3.411791
7.992980 2.624280
9.500879 4.151563
7.841772 5.369960
6.768544 4.804556
9.167235 3.974603
5.346102 5.843318
6.001280 8.268021
3.327123 8.673448
2.929127 8.062371
0.629407 7.837694
3.495234 8.438801
3.064194 5.426476
8.948013 5.598932
9.201857 5.056334
5.114385 4.025266
6.642860 12.286788
6.807141 11.621385
5.349155 10.411980
5.829473 6.832091
5.934316 7.477557
6.452989 5.848957
7.057207 1.960061
8.974871 4.321112
9.170315 3.705219
12.224022 10.435399
10.920065 12.145265
11.848091 10.051370
6.277415 6.758345
6.486028 5.584262
6.387688 6.776455
6.821962 4.425470
6.420788 4.784425
6.217996 7.546635
9.431062 11.121055
5.728960 10.163102
6.152619 5.720438
7.804271 5.347688
13.895290 9.027063
11.879858 9.575872
6.264567 8.673407
5.630013 4.915629
5.547662 2.841560
6.669693 5.345890
9.183828 4.432050
6.895637 4.850472
6.967556 3.779367
5.163208 3.017065
6.632790 4.367903
6.829837 2.401921
9.086569 3.711865
11.761742 3.636723
6.305871 5.389822
8.735369 4.688296
9.249414 5.169357
8.931225 3.741376
8.070727 -0.867909
7.693801 -0.889166
8.077239 -0.603322
7.288840 -0.616723
8.255084 0.429735
8.453564 -0.627340
8.960295 -0.462450
6.844174 -1.797954
8.281754 1.654875
7.684268 3.901632
8.017192 5.231908
16.464424 -0.721064
14.567692 1.337434
14.729944 0.605529
15.876479 -0.745719
14.208910 -0.323514
16.311745 1.318417
16.730938 -1.343224
11.486807 -4.664758
8.445192 -5.255054
11.067268 -4.324770
8.352259 -1.279629
10.629818 -4.649076
9.049167 0.544605
7.571923 2.420405
4.570113 2.463101
5.084997 1.841265
9.124695 4.034853
7.797856 3.856922
9.054075 4.396270
8.722898 3.802959
8.510508 2.731637
9.028139 3.744083
8.228827 4.903209
6.638592 4.621822
4.881514 7.026899
6.396245 8.840008
8.213016 4.720632
8.288014 5.650643
5.080939 8.434325
5.210611 8.444600
6.444006 6.264468
4.786241 6.604293
12.102831 11.250501
5.354414 10.295148
7.722496 10.819278
10.892147 12.044309
9.451388 5.141812
7.889667 4.803508
11.870724 9.171243
5.579572 10.320466
3.179796 6.311906
5.264817 6.649038
8.001634 3.875984
9.110518 -2.206927
7.319339 -1.008933
7.237413 0.183957
6.926164 4.440508
5.626302 1.461148
5.783535 6.677910
6.012382 6.025474
5.617705 4.990100
7.972910 5.327085
8.184566 4.761921
9.695772 4.518655
8.727722 4.297186
9.741669 4.228179
11.730558 10.028688
13.133144 9.978303
5.826582 6.445254
6.413397 8.914697
10.475710 11.611743
10.563366 3.636669
10.460862 3.755719
12.972208 9.122081
14.048954 12.862534
11.650532 11.412718
12.156622 9.409305
5.329379 6.989089
5.565925 5.161191
16.704861 7.239495
15.124934 2.345150
17.102913 0.726946
16.903765 1.465590
17.865473 1.233168
14.169598 -0.910845
15.338537 -0.583848
16.410267 5.894790
15.033451 7.275842
14.919419 7.252702
15.453166 6.764682
16.722851 9.591084
13.079543 9.719747
5.986593 7.680006
5.889214 8.548032
4.622821 5.187557
5.963821 6.934908
3.215170 3.358497
7.184415 5.549848
10.113737 11.122924
9.782964 5.120868
4.518084 9.305368
5.167113 8.281031
4.406296 11.659382
6.356894 9.706799
8.431576 4.540507
6.319771 5.228887
11.872433 3.550654
9.031305 4.465482
7.819595 3.592771
9.159510 4.687047
8.442080 4.678872
9.198337 4.897747
8.537962 3.862753
8.762201 4.048600
8.264385 3.449591
9.656277 4.410738
13.869132 3.727614
7.884007 4.649174
7.991519 2.176217
8.401250 2.451100
6.816744 2.163131
9.735832 5.395941
7.960320 4.333349
9.742493 4.555538
5.618212 2.751108
7.555972 1.496546
7.834237 2.191370
8.833380 3.856267
12.186588 3.491173
16.344595 4.932089
14.616346 -1.045152
16.870983 2.782419
14.935473 2.949433
10.590788 12.916373
7.495768 12.359331
8.056643 11.029235
8.357748 15.680190
7.281090 13.217189
7.236743 13.028175
8.826296 11.238801
8.458675 4.451288
8.512133 5.253078
9.067117 3.431796
9.102453 0.562494
9.013748 3.002328
9.044525 3.458972
8.796896 2.620406
7.691681 -0.434701
8.844896 1.646633
9.011132 4.143328
8.097648 1.174676
7.366650 4.345541
8.727671 3.601036
11.720068 3.788299
12.160192 3.543656
6.285565 4.007975
8.486761 1.769984
7.325881 2.914757
8.567567 4.648710
9.836047 4.240573
9.284718 3.780073
8.821165 0.443384
8.054890 0.826606
9.097909 1.805588
9.518195 -2.078127
15.154398 -1.532177
15.890793 -1.377636
15.475954 0.902473
15.037191 -1.605464
14.253222 0.690830
9.281404 4.648091
8.974298 3.624052
9.685917 5.590370
14.427092 10.536113
14.394657 9.458806
6.028560 6.401649
6.280714 5.540987
9.730452 5.480770
8.117783 3.967857
8.992189 2.092344
8.592774 1.030278
8.653730 1.919267
8.439652 1.574672
7.291126 2.207119
9.747305 4.143967
5.363566 2.286230
5.722611 1.392180
9.059965 2.745988
6.984365 1.954494
7.177477 0.713463
7.550766 -1.666616
9.011910 -2.993324
8.645443 3.481360
10.664160 3.623375
10.171198 3.596284
12.126843 3.657452
8.063334 3.542130
9.606722 4.274889
7.669934 4.122502
6.683160 4.704195
7.685296 3.150488
7.957415 4.707473
9.436543 5.052425
8.944421 3.900770
5.758772 3.170844
7.293194 4.230199
8.843878 5.246463
7.280340 3.622883
5.363076 7.078559
6.273569 9.600006
6.143735 6.607054
5.906191 6.995709
3.591157 4.221686
6.151040 6.925999
6.171136 4.842021
8.481030 4.708188
8.554022 5.119219
8.994688 5.320080
6.412233 3.914927
5.476215 6.697868
4.228227 4.056711
4.931688 3.094780
7.822083 4.980341
8.290683 4.586919
8.162495 5.363429
8.054564 4.693262
4.140149 6.166399
3.086296 8.756714
4.292256 10.528068
10.233200 10.918938
13.664460 10.952283
11.260700 10.806862
12.391388 12.554008
12.382313 9.470859
12.005219 10.982287
12.377607 10.087535
12.072840 13.628276
7.943802 10.908358
5.547257 11.985042
9.106005 10.877834
6.475745 8.185390
4.098282 4.234899
3.667536 4.981922
4.465102 3.962719
8.736895 3.893120
5.755227 1.182747
8.949955 5.334427
8.448284 3.193542
7.897851 5.389287
7.422886 4.352262
6.103495 5.796036
6.824106 5.453097
9.029490 5.347197
8.416057 0.861560
8.053413 1.598822
8.820601 5.516537
7.623479 3.305746
7.124715 4.258910
9.369297 4.127986
8.783914 5.577792
9.085923 2.928390
9.071617 3.369329
8.305378 3.196578
5.981801 6.775995
3.979247 6.706469
4.422372 4.942872
4.718879 4.011184
5.496259 4.392647
6.939279 10.694252
5.890957 6.312699
10.736496 11.143365
12.030763 13.034525
6.027840 11.618501
6.484285 9.576949
5.892228 7.520885
5.679535 10.380294
7.985064 11.673440
6.066051 10.349382
6.526744 6.829216
7.561607 3.592063
9.296825 3.605662
6.713063 5.374999
8.351152 5.024639
7.884995 4.868432
8.838338 5.020860
9.703733 4.810356
6.801281 5.200044
8.671497 4.927205
8.185226 4.223231
6.473106 5.320131
6.256484 7.397645
9.087009 3.287320
8.367302 3.666758
6.376882 10.696145
12.315409 10.046081
12.423630 9.130524
11.460896 12.044900
9.613114 11.716141
10.060828 10.757107
8.900926 14.005427
4.309115 7.511000
6.075828 3.352357
6.367583 6.420730
8.036660 4.782151
8.135971 5.361731
6.106874 4.930410
7.295713 5.387015
10.262886 3.468841
11.435418 3.638014
11.604080 3.423609
8.278112 4.118898
7.833102 2.186406
8.712099 2.881265
7.311122 3.305434
10.027868 3.674304
4.210723 4.333890
7.159510 2.697338
5.442635 1.793567
6.806931 2.210276
7.232202 1.323115
9.016069 2.200000
7.891416 1.996661
8.544701 1.336157
8.430176 3.952327
9.476646 3.579796
11.324334 3.689363
7.824747 3.282503
6.024541 1.752120
7.085046 1.034136
7.151975 -0.022991
6.715029 2.930428
9.606604 4.274060
14.113753 1.284051
16.876076 1.166586
14.927794 5.106303
19.195482 5.039163
15.943393 9.204084
11.585170 9.677903
15.488004 11.091668
10.163511 13.660053
11.444098 11.182425
6.017425 4.150510
5.772906 9.880705
6.369698 7.881533
5.788500 9.336130
5.983714 6.325679
8.300340 3.311372
7.689233 3.229311
6.586035 4.225771
6.447790 8.163383
5.689014 7.689357
8.900778 4.553416
8.736531 4.970531
10.053205 3.468470
8.652899 10.689902
8.035243 4.950714
7.603289 4.109631
6.452675 10.588038
11.796337 9.354569
5.280899 10.925728
8.218244 10.800305
10.322713 11.250216
12.903336 13.005958
11.951625 12.489676
10.211493 10.787454
11.349371 12.083060
13.105099 8.922201
12.715760 11.042163
12.162368 10.695525
11.950895 10.015514
12.517156 11.364999
11.174133 11.317620
17.980869 10.591369
7.967348 4.420146
9.208984 4.975170
16.845589 8.745090
17.732134 11.211379
4.795010 6.591118
7.856017 3.712727
7.518015 5.614602
15.040335 9.077684
11.801450 10.995084
10.012066 11.677699
8.171803 5.611636
7.778995 5.082368
5.490702 5.497039
9.998482 3.463504
7.575986 3.862400
7.701174 -1.466537
7.912833 0.259814
8.852625 4.786454
9.846436 4.474659
8.869404 4.958870
8.431947 1.401795
5.190020 4.657202
7.416520 4.342050
8.944927 4.907001
8.338285 4.622921
9.155162 3.919136
5.588472 5.660478
5.837405 7.468935
6.282244 6.088371
6.200065 3.069586
5.278832 10.377210
6.049579 8.874968
6.316003 5.565197
5.178871 5.837992
5.169035 3.662941
8.946407 5.480454
8.601763 3.727523
8.766476 -0.997420
8.559532 4.776280
10.047066 10.754197
11.833445 9.831249
5.601820 3.776236
7.861119 2.262444
12.138887 10.027675
8.243748 11.339849
14.956738 9.322488
15.136813 8.738013
13.861504 8.996597
7.391163 4.562961
6.493969 3.436287
7.465972 3.523116
9.597752 5.433954
14.123717 9.569921
6.127115 9.765764
4.664859 8.562270
6.053958 10.266311
9.233817 13.230220
8.925852 11.226787
9.295847 11.341454
9.524033 14.694381
5.967753 12.510579
5.671069 9.058170
5.648636 6.978627
6.610382 4.526168
4.326579 6.551766
10.415731 11.350639
10.486277 11.294132
9.063577 5.599840
8.613703 5.155480
7.306491 5.248305
11.654120 10.051440
11.706753 9.192744
12.013819 10.216872
13.665398 8.853276
14.601166 10.341636
15.860501 9.966540
15.669820 5.711152
15.125977 3.930768
14.855229 7.854846
14.895960 3.381515
15.974835 2.843909
17.303061 3.605649
16.325436 7.609403
14.007065 9.824607
12.489831 9.403715
14.924022 11.696576
12.252214 9.081862
5.270088 6.231388
6.370379 7.444425
7.160920 5.608252
6.580383 4.754362
5.458158 7.215312
14.900300 6.381314
9.719542 4.180065
7.332775 3.282532
9.566292 3.836994
8.666723 4.642984
6.597172 1.809653
6.313956 5.506276
5.835941 7.496105
5.087862 8.715974
5.475793 9.577930
6.401977 6.634395
6.521848 8.521373
5.567386 6.120870
5.131473 4.248518
8.757401 4.726525
5.296945 3.413788
8.869942 3.475800
8.164316 5.105577
8.982676 5.544022
6.223619 3.405534
6.381460 7.529794
4.749173 6.348678
5.781544 5.009054
6.082617 6.260954
5.570858 8.694156
5.370948 10.412437
8.290352 12.710877
9.458047 12.271029
7.062394 11.270185
12.558715 13.373635
12.006102 15.665591
10.781166 11.988360
8.647831 14.123127
5.386259 10.019167
5.877799 8.486864
6.118262 10.070487
5.839407 9.049098
5.348321 11.468997
6.223825 10.280094
6.656284 12.407729
8.198090 12.040623
7.854462 10.953581
8.221405 11.322850
3.924390 10.599107
3.760115 9.076648
6.534419 9.108186
5.387701 9.385530
6.089695 9.654167
4.894393 6.593106
6.058926 3.568810
8.578015 5.334967
8.565194 3.710469
8.350262 5.469958
10.799677 3.599741
5.989420 8.270530
8.550176 3.695539
8.753345 5.360646
7.169387 11.920195
7.272729 5.589080
6.693551 4.287163
11.919369 9.595621
13.342766 9.320163
10.245815 12.423042
7.614023 5.644499
7.547026 4.817801
7.082909 4.472694
5.977086 6.587759
9.408782 4.920978
9.130376 4.458073
8.729299 5.133994
6.953110 4.246922
7.678917 5.503889
8.547856 3.935708
9.817255 4.947572
7.691790 3.764546
7.211685 5.121169
10.878190 3.766135
9.084028 4.470569
7.983546 1.203588
9.313841 5.399277
11.906944 8.956073
7.679248 4.525780
7.740943 1.194011
8.760162 1.961739
8.907780 4.781531
6.656320 4.655680
4.774974 8.405730
3.879084 10.473330
5.533372 8.663740
5.641386 9.230907
6.010596 9.791913
4.384499 10.259645
8.757612 13.523394
7.311454 11.577014
5.876715 11.061179
7.350916 11.037847
9.536406 11.838971
8.353947 12.761611
4.939741 8.804153
2.765560 8.518246
3.783171 7.420538
6.921289 5.307858
6.466254 4.490434
6.792901 5.498573
9.157985 5.596064
7.978176 4.009741
5.278063 7.629381
3.253217 8.792987
3.972970 8.373960
5.264365 8.314934
11.090334 3.581876
8.028368 4.365156
15.164474 7.076981
11.695868 9.418414
5.034021 6.643785
6.284571 5.003257
11.587822 9.823336
9.365412 5.593031
11.331546 3.785160
9.376586 4.304433
8.355618 3.142927
7.485538 3.919075
8.924843 11.259451
11.202378 10.674424
8.314354 10.798038
9.487465 11.225430
12.361811 10.846519
