6.400870 -17.606287
6.008943 -15.152901
5.591495 -13.383094
1.011514 -14.946372
-1.874955 -11.326519
-0.187174 -9.447169
1.715177 -13.742612
0.422207 -12.553042
2.120934 -11.646698
10.974590 -15.308569
7.189827 -16.666582
11.594646 -13.502795
11.768909 -10.373517
7.901611 -9.989230
8.699228 -9.618838
10.884204 -3.340483
12.514947 -10.665761
10.397705 -10.255478
10.373167 -10.276061
9.117253 -10.186955
8.201807 -12.142473
11.075689 -13.549857
11.490900 -16.294769
10.780938 -15.408879
10.587463 -9.722897
7.888857 -11.277427
2.077760 -12.343062
4.383217 -17.710257
5.271350 -13.331214
6.989494 -13.514539
4.246339 -18.409218
1.708426 -10.220057
2.592087 -11.972075
5.843752 -13.901042
4.702574 -7.833199
7.863745 -5.898031
8.746172 -7.591625
4.423068 -7.265419
8.404026 -11.528659
2.796931 -11.669864
2.212515 -8.922979
2.551648 -10.241378
2.064082 -11.248158
0.755244 -9.283087
4.189450 -6.690734
0.605111 -9.609370
5.796587 -5.099055
4.671229 -4.232646
8.045576 -5.793626
8.734688 -10.677781
10.146835 -10.314551
8.885448 -11.197574
8.742076 -10.949092
9.451204 -10.516958
8.593209 -7.310544
6.717324 -7.573336
6.965791 -7.600711
10.778317 -9.152913
8.678446 -7.337305
7.657323 -7.702815
5.853315 -8.087890
8.697216 -4.810969
11.617176 -12.117237
13.730678 -11.066351
8.636759 -8.632759
9.627800 -12.217026
17.630684 -15.516176
6.134804 -13.763889
10.425105 -16.217484
7.923609 -12.312531
8.076857 -8.886064
1.804103 -10.759729
1.185994 -9.452756
1.904994 -8.490526
5.151863 -6.165240
7.128245 -6.291036
1.959871 -6.074716
7.459970 -5.348859
5.593260 -6.957739
5.568051 -6.814874
2.529053 -7.996572
0.652061 -6.795120
3.856020 -6.823188
1.191890 -8.929454
2.627317 -10.682479
2.366001 -10.384289
2.300243 -8.903243
1.381997 -8.385562
3.143754 -7.777319
3.105943 -7.472885
2.096010 -10.107650
2.219154 -9.299247
3.873361 -5.584071
1.995830 -7.272365
2.761068 -10.025474
8.632912 -9.931830
8.623487 -8.833089
8.233067 -11.728928
9.445194 -10.458011
8.704449 -10.923354
8.110440 -12.617618
13.393775 -7.911169
9.579821 -10.042031
11.565144 -9.321421
8.157219 -11.590150
7.867774 -11.221346
8.926285 -12.309625
9.917205 -13.974861
8.465292 -10.880046
13.948713 -8.237459
6.175288 -7.005050
5.854771 -14.476192
6.500480 -15.208693
3.960972 -14.664069
3.223202 -13.661161
4.627510 -14.817548
1.801585 -11.701615
0.056277 -10.615322
2.283168 -11.639834
2.475272 -8.820643
0.387189 -9.091384
0.824685 -9.153234
1.052184 -11.298537
2.558685 -11.311373
2.224936 -9.018599
9.402802 -11.320340
9.694712 -9.851470
6.538393 -7.958228
7.070871 -7.697066
3.479119 -6.305377
5.782114 -7.862798
7.807302 -7.778670
9.248686 -11.522779
7.872839 -9.735960
9.494894 -10.403893
12.367148 -12.699910
11.325803 -10.865138
7.166570 -13.381827
4.505105 -15.225282
2.061880 -12.746278
2.822270 -11.390508
2.444698 -9.859504
1.199284 -10.914968
7.949568 -12.686231
10.175299 -16.698320
10.203270 -10.134985
6.940510 -7.730173
4.819936 -13.370765
7.081711 -13.933662
11.263005 -11.593322
8.350433 -9.292071
8.764275 -10.404208
9.715672 -10.245018
7.932005 -10.004369
8.053196 -11.301057
11.845122 -12.181937
16.123859 -12.953528
11.056720 -8.675612
5.210311 -7.194084
7.525167 -6.868402
11.586273 -14.771377
8.552342 -9.385921
8.678440 -8.118203
8.233946 -10.790727
13.228251 -13.513130
10.284105 -11.683416
9.324897 -10.978744
8.375681 -9.842172
9.681694 -6.532813
7.268948 -7.734653
1.916364 -7.878847
1.538343 -9.867805
-1.409961 -9.391899
0.611146 -9.523462
-0.497207 -8.333421
3.317269 -8.097725
5.772543 -6.420561
4.450879 -7.378444
3.331935 -7.319782
0.370693 -8.312265
1.583326 -10.739043
1.585618 -10.224534
2.929872 -8.023999
3.171819 -7.566456
4.566015 -4.746738
3.901065 -4.872047
2.440098 -4.849317
3.681571 -4.642762
5.802510 -5.213169
4.178041 -4.391367
4.643406 -4.872965
1.406455 -1.464515
1.266876 -1.557229
1.474122 -3.754643
1.635856 -2.406577
1.417975 -2.429731
1.801073 -1.547833
1.548900 -0.289470
1.739017 0.602668
6.938057 0.044925
6.883009 1.933267
2.702367 1.668234
1.327978 0.951339
2.397972 1.690443
2.696099 1.731622
3.607659 1.422911
2.615523 1.100035
2.304585 1.172404
2.062015 1.747283
3.386611 1.979461
2.100252 1.902023
0.053597 -2.613195
1.106907 -2.293729
1.070867 -2.616450
1.192893 -2.063945
0.608034 -2.794777
1.348737 -2.622390
1.470563 -2.084644
1.421200 -1.173936
0.303843 -1.834002
1.797638 -0.589620
-0.120171 0.670649
4.044504 3.106367
2.904128 1.915537
3.634727 1.643981
2.478314 1.924392
5.719777 1.133808
4.370125 1.251148
4.050774 1.234490
2.930984 -7.275825
6.569801 -6.535482
7.408627 -6.002421
8.485588 -1.945158
6.922944 -3.878124
7.328677 -0.764009
7.384973 -1.130772
7.368989 -2.159125
8.934244 -1.469509
7.524789 -1.143913
7.169715 -0.061460
6.952885 2.014406
4.698970 1.172628
4.917009 1.431210
6.878447 1.112902
6.029168 1.741267
4.013135 1.830765
6.296865 4.392936
4.204012 1.559299
4.487328 1.156291
1.423324 -2.859408
0.083895 -3.221308
1.544186 -3.681244
1.749279 0.274071
1.303846 0.499158
1.089583 -0.696182
1.608914 -1.173526
1.175396 -0.389123
1.700040 -4.875068
1.745167 -3.012750
1.668682 -1.522702
1.543879 -2.220377
1.136273 0.146453
1.521159 1.961168
4.774903 1.060178
6.063720 1.806878
8.644936 1.605684
7.467738 0.163511
7.234346 0.580754
7.130980 1.165712
2.998091 1.077105
2.779798 1.545623
3.820364 2.311782
1.879669 1.993312
1.618434 -0.404848
0.667396 1.956465
0.939437 0.141222
1.292743 0.711357
1.694395 -0.406741
4.578488 1.648221
7.303162 2.016244
7.649231 1.190796
7.937079 0.081728
3.891710 1.709557
3.435627 1.809211
5.434193 1.107492
3.887208 1.806200
2.928103 1.867751
0.988996 -0.386348
1.685937 -0.987468
3.618922 1.339953
3.600135 1.364220
3.973779 1.658458
6.053703 1.429446
5.089261 1.571867
6.742781 2.898868
5.302422 1.319865
8.454253 1.542615
7.499367 -0.636250
7.290912 -2.953887
7.297755 -6.097434
2.178365 -4.500138
2.539609 -4.333892
8.216065 -7.318193
8.923655 -5.690691
7.885071 -0.842387
7.856179 1.591684
6.532812 1.987122
4.436747 2.085969
5.458036 2.152925
4.950376 1.958561
3.246006 1.750331
3.881656 1.476478
4.481556 3.572524
5.830674 2.511205
8.250122 3.234198
8.779481 4.038749
7.514464 3.892190
7.653777 4.966938
5.212392 4.468343
5.384102 7.914265
5.591122 4.704245
6.480267 4.737709
6.274793 5.592943
4.221309 7.157880
4.204520 5.967026
5.101635 6.856422
5.777723 7.332585
5.221910 3.565417
7.617894 4.254005
7.660451 5.265919
9.486923 5.061237
8.757955 3.674280
4.684444 6.240908
5.665973 8.161486
3.766190 8.729671
4.742938 8.562634
5.009631 5.689678
7.961552 3.520550
7.442493 5.326985
9.134508 4.994220
8.172244 1.322850
8.899672 3.546234
12.581785 3.449128
10.681235 3.639060
7.619238 4.677078
3.517329 8.922750
3.416846 9.273149
4.312431 10.647330
10.667629 13.004675
8.886572 12.861298
10.526405 15.342961
8.037208 16.246767
6.149697 12.850460
9.587832 10.737967
6.542690 10.882564
9.796285 18.166645
9.957692 12.522505
10.955002 11.585521
13.792330 8.892128
15.208448 9.137053
9.092293 4.606613
8.621145 2.625519
8.570065 4.916670
8.447708 3.993239
9.217905 5.403563
7.741904 11.195435
6.707519 11.373884
9.691442 11.010671
9.113123 4.241928
9.603821 5.280818
8.415331 5.609898
8.674273 5.196671
9.010391 4.508974
14.461262 10.655291
15.299084 5.659329
15.675460 5.547132
16.992062 2.529588
10.842864 -1.871936
9.525404 -1.673240
8.098709 -0.444314
8.788361 -1.008450
8.922493 -1.365791
9.029997 1.406330
9.811880 5.562394
7.182989 5.253955
5.016150 3.933467
4.488828 7.043890
3.390172 8.773555
4.432009 8.315647
4.903670 8.808056
7.712966 10.913370
6.414332 8.478866
3.546812 9.011444
5.847778 5.916173
8.960287 4.245533
6.422225 2.965654
8.318219 5.251608
7.361339 5.139942
8.680671 3.625261
8.050218 5.201732
5.576723 3.808345
5.897305 6.272584
6.270937 6.521917
5.897007 9.160233
6.445941 8.592658
6.207600 5.401931
5.567879 4.769099
4.532055 8.115716
6.980052 11.532789
8.741147 10.947906
8.233675 12.344468
13.417161 10.673262
10.551713 12.859080
12.814976 9.989975
11.985983 9.476937
11.697649 10.141362
13.003921 9.329124
6.162641 7.176970
5.642912 1.967327
9.197536 5.510944
6.331260 4.994142
6.828874 4.981277
7.760630 5.310867
7.970993 5.173315
7.586957 2.655672
9.384020 4.826742
8.355463 4.218908
7.568833 4.735971
7.221900 4.573611
5.144626 4.085151
6.074421 6.966491
5.275121 3.831394
8.815453 3.414259
5.531073 6.129827
6.020803 3.800836
7.958779 5.461495
7.765453 4.590520
8.119406 4.378112
8.445189 4.605181
7.536567 4.752278
7.467791 4.025478
6.196305 6.235610
8.145181 0.813409
9.054171 0.315823
6.844859 3.456037
7.077025 3.545596
8.568127 1.400168
7.788671 2.021681
8.056060 2.535845
7.531119 1.520030
8.546972 3.284972
6.855071 3.974339
8.233965 4.932720
7.967547 2.813376
5.602056 5.891422
9.324878 4.076068
8.046835 5.142925
8.517834 3.458004
10.946379 3.733862
7.631500 2.842728
8.077175 3.421029
8.772836 5.256069
7.946191 4.223213
14.556547 -7.195761
14.532303 -7.194901
16.764637 -0.439909
14.334131 1.013385
16.969337 -2.242069
8.603985 2.455702
7.306859 1.186796
8.725373 2.639027
8.685616 4.868836
6.749557 4.330206
8.302402 5.052141
9.524595 4.699125
9.367517 4.334465
8.283953 5.588422
4.991024 5.279734
5.013741 9.145442
2.076953 10.691403
4.908360 8.159925
6.152170 10.920079
6.125828 7.941411
7.191996 10.876623
6.880757 13.438869
5.660892 8.709032
6.110181 2.766202
8.615309 4.822460
7.980124 5.114427
7.948384 3.465158
9.718042 4.485056
8.408591 4.356428
5.569575 4.529331
9.616545 5.529397
7.311043 13.100746
11.375061 14.220359
13.509460 9.869417
13.649641 10.749602
14.291748 9.217319
11.926712 9.184485
16.215290 9.356547
11.774399 9.985278
8.885532 3.870296
8.025140 5.608193
8.314026 11.729954
7.969597 10.771234
8.299022 10.924905
10.438640 12.192166
9.550896 12.868753
8.230158 13.134588
10.278915 11.181953
9.359800 5.103645
9.524799 5.539627
6.953546 3.102381
10.212227 3.721318
7.401444 5.338836
8.300978 4.511894
5.025931 6.773528
5.671387 6.749253
6.190863 7.096616
3.388365 8.963212
7.546223 3.688529
9.760910 3.453390
8.560474 4.515788
6.108142 4.496038
4.558496 8.118607
5.806420 8.518599
4.847774 7.342608
5.623185 5.894583
9.734698 4.737796
6.448902 5.995019
7.844095 5.024293
14.737928 12.071303
14.933059 7.049325
11.748529 8.899619
14.578499 13.836247
10.806139 11.860746
9.022271 10.762480
4.980157 10.928736
9.258078 11.526700
6.489120 10.655518
6.592738 11.124900
9.967213 12.384017
12.961080 10.188024
9.725098 12.433887
10.028075 14.451763
9.454546 11.274354
8.561138 5.646713
8.319678 4.879877
6.237830 5.968105
9.648388 5.180872
8.547220 3.079449
7.467827 3.259850
7.206173 0.896309
8.444222 1.422073
8.356225 1.968749
5.920164 4.765416
8.539245 4.044251
8.344998 4.677598
5.858904 7.863294
4.111380 7.471554
8.113560 4.208114
15.375696 0.491786
15.831544 -0.748793
16.903475 4.137971
14.995239 6.259211
19.005154 7.285022
14.684093 9.512836
11.601776 10.706239
9.613272 11.286925
10.870972 12.688324
12.238348 11.313958
11.625409 9.926465
12.170103 10.780476
5.416954 12.457325
10.569949 11.972386
6.614739 10.704578
6.098414 7.278773
5.041030 6.716982
6.329883 3.153814
5.546244 5.585186
5.204326 9.102922
5.684915 6.577414
4.795314 6.904550
5.588923 9.770325
6.333528 9.208566
5.817879 9.733922
6.422060 7.666255
2.453399 7.170032
0.820986 10.576506
2.624832 9.487946
5.678362 11.668347
5.590501 3.341425
9.645646 5.577651
7.470462 1.254322
7.803499 2.780475
7.710690 1.188808
7.359976 1.295058
6.908134 -0.845773
8.409206 1.630877
8.013975 3.016664
8.817610 1.833178
8.389729 4.362108
8.665076 3.864660
8.634284 3.205554
7.545226 4.396457
6.452980 5.660779
7.975475 5.445081
8.676113 3.126889
9.143410 5.553483
12.585728 10.074069
14.112538 12.674581
13.414200 10.422015
12.293538 11.712786
9.518654 11.234145
9.648867 10.749136
15.726555 8.164246
14.479737 8.870215
12.903495 9.564286
13.469074 9.275592
9.665161 14.538575
11.570210 16.614038
11.700998 12.229100
5.960355 8.979686
6.421397 5.686546
7.432944 4.806230
9.638654 4.854945
8.237511 4.501161
7.589928 3.196044
8.621221 1.652241
8.599178 3.068648
13.713239 13.916264
10.103472 10.908386
7.079529 10.775750
9.103652 11.037350
5.972535 5.359780
3.948530 8.207250
5.622058 5.899181
8.668451 3.735396
12.107853 10.797124
8.732542 14.183148
8.276158 10.669215
5.712529 8.546838
7.916744 5.373456
8.237532 4.478681
9.683942 5.231666
7.287136 4.094888
7.781021 4.310356
6.185019 2.522289
5.492034 3.756709
5.526893 7.779856
13.304090 11.096435
13.314764 3.435464
14.512028 1.383527
17.845739 3.083534
15.905033 1.001459
11.676959 3.518542
13.393820 9.756040
8.944719 5.531930
6.011974 4.251408
8.289011 2.287513
8.214743 2.838908
9.675320 4.043269
9.050685 3.837060
7.388784 2.777473
8.883897 4.305222
11.268604 3.458069
5.571478 5.292687
8.218748 4.053560
6.675878 4.343973
5.886385 2.392832
8.860163 3.057238
9.352913 5.210323
7.928133 3.730649
8.185776 1.672553
8.625598 1.936059
15.823600 0.138502
16.298620 4.988889
15.026560 6.644090
14.456320 8.887826
13.901558 10.216869
13.552288 11.078427
10.325212 11.423539
12.692082 11.114065
14.898983 9.900571
9.010289 5.235859
8.687611 5.126778
8.047768 3.424469
8.483107 4.667740
8.445039 4.804930
4.957070 6.010295
5.950388 6.393073
5.391253 10.354317
5.451191 11.179950
9.148714 10.903256
7.442713 5.251012
16.646801 5.240193
17.242826 6.372317
9.645081 3.630007
12.606936 8.896610
10.728789 12.044353
12.503641 9.034687
15.621065 10.180803
9.736279 4.521454
6.979527 4.776334
6.682972 11.915244
11.136606 10.745450
7.572216 5.361376
9.289362 5.590640
9.126585 3.692371
7.159108 5.571921
7.119839 5.481948
6.828951 5.467584
9.363663 4.980145
7.648274 5.596941
7.885230 4.316537
8.345335 4.852502
8.844454 4.307992
8.372112 3.577114
9.542683 3.476550
9.094234 4.638845
9.191358 10.657488
10.968289 10.952154
11.691914 11.372170
13.435207 9.858327
14.789221 12.693913
18.032282 11.288960
17.551189 6.771960
18.538145 5.524889
8.104104 5.164592
5.850136 8.761580
3.800439 8.422032
5.671353 6.919323
3.148260 4.845913
7.386526 5.175210
8.306364 4.407933
8.833204 3.549278
7.991427 0.430896
8.158924 1.174269
8.485006 1.659011
8.638869 4.253242
8.707201 2.116849
8.482416 1.913274
8.828373 5.501269
7.635203 5.284013
5.137422 5.315905
5.278652 5.534066
15.149099 9.387252
14.917341 5.201947
16.259178 7.149301
14.427352 10.542516
12.611742 11.379565
14.782755 9.978686
9.694388 5.172050
8.975554 5.247123
8.885784 4.600338
8.486702 1.382693
15.090236 7.140376
15.650450 2.624470
11.923720 -2.807664
10.456555 -1.898957
11.228273 -1.671607
7.068803 2.275439
7.118940 0.791917
9.081469 -0.405892
8.086019 -1.037599
7.946229 0.604566
8.142017 -0.679943
6.902916 -0.303584
4.756316 2.155069
8.142412 0.370700
7.922400 0.937640
12.694470 3.417302
6.360782 3.997496
7.694824 1.747497
7.833105 -0.388587
8.983837 -1.149686
8.696197 0.428295
8.726767 4.817038
9.282856 4.132378
7.103983 5.366570
9.007862 2.276835
15.157581 1.225922
16.438026 6.690055
15.680579 6.248820
17.787781 6.079623
14.312972 9.560911
14.322409 9.013535
12.857835 9.598884
12.255760 11.036665
14.864270 4.966127
8.791928 2.924872
5.981390 5.289149
8.746506 5.098476
9.166515 4.854372
8.034276 4.375680
4.609383 3.189387
5.045665 6.099720
4.738184 6.633204
6.262339 7.581634
4.274162 7.897748
5.378201 6.769666
5.568196 7.603858
5.357843 5.751458
8.218285 5.191642
8.907934 4.834825
8.415009 5.487701
8.477673 3.880334
8.918368 4.308273
9.258034 3.513467
11.713954 3.539748
9.443132 5.310552
8.333794 4.926011
6.387084 6.851099
4.759101 4.395050
7.761374 4.867799
6.375389 6.503051
6.336887 6.348425
4.786579 7.867794
11.719322 9.491770
10.052558 11.275456
7.628899 13.545628
7.521325 11.011709
10.257811 10.991913
10.554965 11.471179
7.166121 11.141174
7.994099 10.852063
5.316283 10.662310
5.072679 9.590775
5.184907 8.000503
4.634355 8.207909
6.459710 5.723037
4.792522 5.789696
7.544975 4.945574
2.120533 6.079343
6.459211 6.120958
6.521859 6.446315
1.752527 9.052135
3.477745 4.021433
4.310596 4.209240
7.068592 4.769901
4.599402 8.188640
4.478161 6.062991
6.358998 7.113475
5.973116 8.925466
8.329777 11.462150
10.194099 11.071172
12.912767 13.209077
15.600348 7.944984
14.568595 1.357398
15.201227 1.839104
16.699154 1.498773
16.282843 -0.221084
15.332008 1.399106
13.306993 -1.608182
10.318406 11.259511
11.770026 13.974158
14.878420 9.657724
12.071380 11.328896
9.272692 4.561597
9.612114 4.275483
7.411522 4.548151
8.581276 3.337235
8.276012 2.714018
9.027092 1.493759
7.740601 1.836699
13.587800 8.812527
12.968643 10.728670
10.439539 10.950458
10.654828 10.775369
7.601688 5.590948
8.026481 4.748326
7.173990 5.014309
7.164612 3.425547
6.735015 4.176481
6.956604 4.514452
8.342270 5.295707
12.786703 10.033942
13.567077 11.275156
12.163593 11.535215
12.416693 11.260051
14.304058 11.321586
11.095051 13.731419
13.355145 11.460310
13.350739 10.026959
18.058365 12.579382
8.628059 4.359189
8.692019 5.649089
8.544508 2.546972
8.527089 5.618987
7.168219 5.004314
7.903330 5.080079
9.324351 3.703382
6.071369 4.198933
7.338879 4.504462
9.152878 3.721009
9.510324 4.637661
9.459143 11.884264
14.825465 13.651994
15.904881 9.661233
8.500260 4.438885
6.335382 3.386030
8.333185 3.455021
7.770233 3.494243
7.484571 -0.435795
5.608299 7.329946
5.816657 7.446755
5.994371 5.395304
7.121523 5.074803
6.492384 5.265934
7.876181 3.740085
9.610056 4.066715
8.661808 4.035609
7.637719 4.201526
6.861055 3.567554
5.804858 8.117903
4.413847 4.953128
5.425653 6.595337
4.423704 6.959513
7.449659 4.540244
7.592756 5.166279
12.213482 11.447248
15.764540 9.952337
14.132584 10.533273
11.732676 9.400122
6.998128 5.061071
13.661918 3.645458
11.564976 -1.635202
7.175795 5.209061
8.022062 3.138069
8.920443 2.791342
15.595638 4.031468
11.714319 11.494023
10.322870 11.167199
9.747612 10.810035
5.718397 7.654655
4.815756 3.005851
5.619161 1.676895
8.042792 0.999782
7.606706 1.167701
9.194134 3.576029
6.721380 2.613720
9.105767 3.337077
8.977385 0.801137
7.612995 2.979690
9.799444 4.282301
13.449743 10.731954
10.537750 3.504797
8.063782 0.381107
9.056480 2.625962
14.977164 6.133652
8.278458 3.945534
7.417661 4.065399
9.140699 3.446788
13.125419 3.508044
7.988675 0.540474
8.501901 3.645759
9.686625 3.917847
7.726741 5.269971
9.097876 5.461462
8.990465 -2.274362
10.407357 -3.007551
10.586458 -2.104705
11.774113 -2.063212
12.714989 -6.914224
13.497909 -7.076418
17.997437 -1.937907
17.669323 -7.018122
11.354854 -6.934512
7.314875 -6.670352
9.417239 -2.569508
14.395447 -1.422005
14.967605 1.456993
9.123916 5.232281
9.152011 5.380847
9.625137 4.641631
7.661541 1.844761
7.274092 2.444448
8.971735 3.751277
8.696968 4.670804
9.086475 3.636806
9.371416 5.026564
9.504011 4.499906
11.174500 11.091245
9.900051 10.836695
15.315141 12.570420
10.440482 11.104140
14.395025 10.419809
11.940452 8.860523
16.057398 11.712207
13.041058 9.082338
16.005232 9.849323
19.331459 6.307429
16.557987 6.342201
15.039337 4.486883
15.832230 2.619170
14.537966 2.683638
6.551783 4.369730
7.776930 2.484239
9.201603 5.448454
8.750755 4.961982
8.980624 5.432870
9.057386 4.907172
5.458902 4.225454
6.029521 5.664489
9.471944 5.291190
9.194584 4.811112
8.192591 2.006447
9.291355 4.337094
8.563000 1.428739
8.496887 1.308682
7.178322 1.639047
9.047413 4.436237
8.081279 5.182386
6.108583 1.488719
8.991283 3.442966
11.091122 3.471964
11.830399 3.414554
10.492426 3.600186
11.705856 3.562158
10.329604 3.620968
12.972101 3.581173
7.465373 3.671941
5.932724 6.531349
6.021944 10.527999
12.492932 12.906701
14.355947 9.527991
18.410833 14.283018
