11.621554 10.477299
14.967978 12.757575
7.428038 10.773632
14.240583 12.653672
13.907820 13.260682
13.080480 12.372616
8.810614 12.592912
10.247295 10.720165
11.111450 11.007415
8.597344 4.268342
5.510802 5.486924
5.051261 6.951499
5.945929 8.131009
7.037766 5.134515
7.011238 5.172469
6.105912 5.058836
5.924369 6.517039
6.797125 4.923597
7.252759 5.030575
16.994333 6.297364
7.794200 3.988180
9.833914 4.204482
8.657240 0.051388
8.479423 0.835267
8.508201 1.409153
19.119482 6.489736
18.232071 2.458018
18.319227 0.237154
14.638605 3.549713
17.758011 2.554401
15.537593 4.026008
14.860500 5.260586
13.030290 3.722785
8.343974 3.481374
7.134830 4.201973
9.354866 5.473416
8.878719 3.584457
7.500828 5.325696
7.180655 3.539649
9.155719 4.741026
7.918372 4.953905
9.226013 5.015991
6.790502 5.342337
6.175103 6.027435
9.722275 12.670656
12.752901 9.419003
11.638066 8.999513
12.395322 10.005197
13.096489 13.511401
10.071749 11.467433
9.345339 11.073808
6.230845 10.462662
5.609530 8.849576
6.269598 3.061350
7.970988 3.477092
7.201706 5.509847
8.174032 5.425539
8.504646 3.955722
9.388510 5.163889
5.237771 4.085938
5.502235 8.619394
6.363767 7.784933
5.180398 6.272912
5.130847 9.935725
8.385202 11.990338
8.759998 10.909596
5.596439 9.339885
5.752550 6.618028
4.726094 7.384144
9.275496 10.986458
7.865608 5.425720
7.460773 5.182800
8.966613 5.326962
5.616385 4.012315
5.369959 3.575670
8.156618 4.400243
8.258776 5.157248
9.052231 5.504786
7.540433 5.304502
6.639105 5.232008
9.560768 4.330323
9.587528 5.620894
10.646545 3.452343
8.677296 3.432449
8.001563 2.725128
7.499998 5.350844
9.168694 3.593211
9.275365 5.621782
9.438328 3.919859
8.634782 5.405771
6.737784 4.723242
7.110717 5.275040
8.267651 4.184239
6.045591 4.760488
4.193888 3.675753
3.635034 6.285263
2.789823 8.742127
4.563700 8.481136
5.057523 12.843193
10.188370 10.823702
9.439303 11.450286
6.562264 14.578474
-1.655674 -2.135142
-3.049506 -5.979915
