11.397308 -17.866159
8.690992 -15.036592
2.781458 -14.450276
3.736552 -13.580370
7.609083 -13.377954
9.056852 -12.331488
8.863234 -14.938264
10.071791 -4.580565
7.216840 -3.891629
5.368235 -8.014169
3.510207 -5.389737
3.330080 -6.190355
1.735378 -10.035409
0.624073 -10.901212
0.761564 -9.655646
2.654694 -8.983356
1.479237 -15.789392
1.768559 -13.913125
0.821337 -12.381312
1.185963 -9.131663
2.705520 -8.773620
2.575678 -9.566129
5.960756 -5.594034
6.458558 -6.308804
10.481525 -15.591241
8.062819 -14.341964
7.932340 -14.861089
9.879556 -10.485358
10.209566 -12.314792
9.626760 -10.169066
10.914380 -11.776224
9.534114 -9.629884
8.223177 -8.804472
9.598752 -10.171030
7.429149 -13.348207
3.795130 -13.508859
8.366415 -14.858379
7.861003 -11.162917
11.240799 -11.275155
9.184160 -11.519248
8.106218 -16.226580
9.348003 -11.506303
9.525724 -12.030686
8.258532 -11.444147
8.226700 -11.305736
8.667516 -9.994965
2.837242 -9.778846
4.524060 -6.102799
6.307667 -7.872220
6.227636 -13.788100
1.297370 -12.814164
0.096866 -13.103106
3.090616 -6.342544
6.082734 -7.585503
5.363896 -4.978035
5.504977 -13.388964
8.105924 -16.276344
4.231822 -13.356675
0.658599 -13.350593
2.071543 -12.280644
-6.225666 14.804432
