12.697017 19.054428
11.194806 13.402112
10.746443 10.901550
13.444597 14.665868
11.923822 9.899143
6.529501 11.719688
8.949922 11.123657
7.775935 11.518383
8.655731 10.760575
7.873020 10.713245
5.697391 8.607932
5.265179 10.259797
6.333982 9.777597
5.865474 9.471471
3.750965 6.661333
8.925453 3.987415
6.116460 5.587986
12.198909 9.031512
14.479506 10.965790
13.212080 9.950595
5.631879 7.772910
6.086111 10.706576
8.485276 4.948948
9.322607 5.521592
6.234479 9.296791
6.923985 10.962988
5.345689 5.886651
4.583396 5.330685
5.920866 6.284302
5.074778 5.439994
8.753903 4.657539
7.175272 5.447742
14.872644 7.205496
17.731014 9.988159
19.697174 8.868655
13.702234 10.214937
11.904393 9.168424
6.802238 2.477217
8.600697 3.613458
9.813516 4.414650
8.218536 3.317673
8.774607 2.542467
4.351986 5.184898
5.583681 6.734145
6.395576 8.472403
5.450900 6.509624
3.449433 4.496727
8.480497 4.685390
6.638898 4.003684
11.547150 3.497293
4.458253 4.616332
8.022679 5.029208
8.615154 5.092306
7.034831 2.620133
6.407602 3.438145
6.116373 5.365076
5.174767 3.961490
11.143068 13.525188
9.433950 11.825339
13.515619 9.213282
14.434420 9.101233
12.569138 8.849438
11.602356 10.705091
12.245214 12.988658
10.172202 10.866962
6.370948 11.033167
5.019207 6.896513
7.088345 3.678651
6.535142 4.812842
6.262306 3.560182
9.308998 5.527837
8.272753 4.917394
5.351947 4.940211
5.387444 5.755970
6.251038 8.331838
5.824914 8.286793
6.378726 7.988546
8.284298 11.384028
9.659548 10.731776
7.678112 11.386026
5.687967 10.167670
5.822780 9.077289
5.252556 4.738688
7.807296 3.885444
7.613697 2.048007
8.173381 2.310184
8.415602 3.427606
13.274852 3.584055
10.957763 3.697282
7.111291 4.015092
8.667489 5.101120
8.988029 3.640857
11.734293 3.651779
8.743479 2.183494
6.162095 1.809492
8.915758 2.712610
11.598430 3.646036
8.243341 0.944752
6.903691 1.417772
8.446499 3.932232
7.412460 2.363502
6.960509 4.223857
8.074950 4.907043
8.882912 2.622714
5.727945 5.915450
8.466711 4.143591
9.852430 3.802950
9.852730 5.586822
4.537607 5.392419
5.931415 5.526061
6.378612 6.498432
5.556760 6.949686
3.903464 8.558841
6.413244 8.351266
4.560630 3.585019
4.065830 4.742558
5.409750 9.394971
5.206859 7.121956
6.073172 8.410889
4.447394 6.136112
6.857228 11.557883
4.868848 13.034429
6.288022 7.243186
9.546408 12.524367
9.429787 13.163459
11.914808 13.051327
14.036949 9.928020
12.697603 9.617209
15.129326 13.193733
9.604510 11.009426
9.987097 10.937778
11.395378 10.936453
12.597201 9.838559
10.751398 11.882026
9.485297 13.332429
9.308072 12.495026
7.875628 11.037091
12.584877 13.411737
11.946236 11.753473
12.931139 9.495482
7.222711 2.144244
9.434273 5.389478
7.844315 4.230954
5.591692 4.540069
9.477362 5.479665
6.831992 5.554008
3.906666 3.607059
5.741844 5.983932
6.627571 5.343417
8.320933 5.196877
9.288540 4.033410
9.838263 5.393373
9.164675 4.747543
8.655908 5.221711
9.529026 4.209231
6.569838 4.059644
9.092249 -3.408254
8.464128 -3.285154
9.442329 -1.732278
9.836065 -2.881521
8.640900 0.216599
9.658731 -2.837265
17.455324 4.988681
8.833276 5.014618
9.311707 3.879120
6.102746 2.696692
8.155327 4.229144
8.466419 0.478407
14.374980 0.780368
17.419811 -0.042938
16.368958 4.241611
16.126236 -0.651426
15.241635 -0.170448
15.852571 0.812340
14.117533 -0.259282
8.180507 -5.039623
7.453006 -4.495635
9.122969 -3.636396
8.145457 2.430384
8.522850 2.249343
3.567842 1.626637
9.089237 1.231476
8.932229 2.879897
9.237844 4.432073
9.150301 4.522333
9.472836 4.816608
8.767301 3.607269
13.888065 3.537213
15.454305 5.879317
16.952446 8.354678
15.594283 10.700797
14.798416 12.387490
9.442547 4.836852
7.791718 5.517145
5.987007 5.680274
7.301311 4.888503
7.067149 4.659953
8.622133 3.318752
7.843427 3.391306
8.901890 3.326178
6.259126 8.921570
8.107089 4.630344
8.500573 4.320250
10.447449 3.565495
10.259768 3.590044
7.987209 3.392590
9.752425 4.786589
8.535631 2.343799
9.490964 5.218432
9.470892 5.185486
8.248922 2.329149
9.605464 4.883128
9.430084 3.449982
7.390350 4.332138
8.160822 0.916964
8.435787 3.020105
6.887973 2.044737
8.480868 2.540463
9.541784 4.935175
8.352525 2.736082
9.648325 5.008595
6.499590 8.978604
5.037829 8.003501
3.308123 8.236690
4.870196 6.504710
5.879508 8.389477
6.468651 7.367671
5.886744 4.476413
7.854597 4.800731
5.023043 2.653551
9.632566 5.155674
8.682781 5.215358
8.555428 4.507471
8.179142 2.336544
7.714874 3.044090
9.478464 -2.854253
7.880908 -3.070091
8.146753 0.451240
7.833669 4.468119
8.278041 0.848572
7.286995 2.800901
14.937802 3.733051
15.200313 6.044375
16.634584 9.325429
14.269971 12.128583
17.613544 5.426579
14.904876 1.208440
15.033741 5.865509
16.086414 7.209771
15.169666 6.062029
14.906553 1.921680
17.455917 2.783996
16.294128 4.247298
14.786249 -1.550736
7.614320 0.762413
8.045881 1.690661
6.878621 -1.232835
7.152573 -3.198151
8.084945 -0.195655
8.532269 -1.500095
7.977162 -0.465515
10.110879 3.729411
12.910837 9.899193
5.358905 5.802331
12.460552 9.623747
9.464401 4.756673
6.246507 8.449646
4.988218 7.806658
12.562634 9.034711
15.025347 5.638540
14.993716 4.812737
16.686405 1.347122
13.765666 9.205691
16.225109 12.105803
12.214183 9.896028
11.325802 3.642862
5.981345 3.792733
7.013918 3.403842
9.517230 5.213331
9.323421 4.296931
14.447897 -0.746792
17.143764 3.050396
19.570831 7.466295
16.206467 10.648504
12.320631 11.533311
16.047270 10.183247
16.894688 5.037180
9.307384 5.171567
10.746388 3.579364
8.518129 3.802903
8.969564 5.351023
14.681386 -0.025844
16.141905 -1.269908
9.670364 4.218543
7.235296 2.175077
7.648991 2.635010
9.633250 3.851762
5.908060 5.776729
5.575801 4.340690
9.036202 3.340638
9.063118 2.221354
8.368667 -5.288900
10.672567 -4.943441
8.467817 -0.673693
8.932601 -2.306201
13.350760 -6.784129
11.356194 -8.365486
9.679317 -4.550764
7.914920 3.859479
9.414406 4.713691
6.599598 5.362703
5.133357 4.802831
7.977005 5.526496
7.959212 5.604143
9.810612 4.762983
10.167351 12.252328
8.916473 12.633111
10.515205 12.372231
11.264444 11.119857
11.239962 10.749478
9.808823 12.088706
12.179628 10.371713
10.205273 11.731814
6.181227 6.559497
15.047754 14.047735
10.361385 11.017767
8.105478 4.233487
9.063480 2.822390
6.401528 6.564487
4.467607 7.888363
4.621472 9.474163
6.380747 9.239234
8.775439 0.831324
9.026893 4.466286
6.527841 3.365713
6.330000 4.814295
10.813414 3.737736
17.372002 5.831303
7.236934 5.640086
9.469143 4.129663
8.389091 5.001305
7.855231 4.552465
7.054593 5.458869
7.753569 5.060573
7.560342 4.112545
9.584455 5.354693
8.027219 5.127134
4.517622 5.733795
4.352581 8.144068
4.850867 6.371439
6.280162 5.291850
6.050445 5.996785
4.963048 4.684947
8.361524 4.502154
9.248394 5.355474
8.091138 5.565173
6.895751 5.315636
5.276510 5.073631
5.052514 6.267102
7.163869 5.104840
14.242813 11.975391
12.713071 11.414263
6.339021 7.469947
4.820992 9.390065
5.377110 7.484284
5.421797 9.342953
8.137922 12.978178
4.713008 13.571640
6.525637 9.111673
6.216591 11.394332
8.237975 11.513968
11.200321 10.702716
12.100385 10.728468
5.394647 12.347312
5.010058 4.999837
8.741396 5.475691
9.305826 4.864379
9.460944 4.570021
8.594040 3.494999
8.972660 4.667207
7.472606 3.879278
6.333360 3.545573
6.377728 6.618100
6.345894 3.113847
6.471649 6.594907
5.483756 8.961751
7.418406 4.455976
9.780224 4.899372
9.234333 4.951690
9.502900 4.969995
7.638169 5.386405
9.517447 4.637617
8.483893 5.037557
9.215635 4.179475
8.616978 1.921037
9.000698 2.413357
15.586596 3.554569
13.428885 3.491457
14.926766 3.600920
8.485109 3.774386
8.419200 1.405022
7.506120 3.236917
7.705665 3.312965
8.510115 1.741823
9.398021 5.057368
9.624360 4.559144
11.305059 3.429062
9.020958 3.230485
7.785009 2.275004
6.130687 1.487528
7.166709 2.134996
8.898304 1.928329
11.542324 3.607054
10.692440 3.621265
6.167126 4.643259
8.254615 10.976011
8.218564 12.485816
8.005274 13.292161
8.014465 13.801446
11.952177 10.235970
14.337664 3.374457
8.934681 2.087129
11.256774 -2.301601
9.352801 -2.549182
10.813427 -2.424081
11.172926 -3.344427
9.100533 -2.942385
7.564201 -2.218548
7.419003 1.346743
13.911488 3.693996
16.186024 -0.665903
15.620336 -0.632387
15.560702 3.944887
17.713297 4.272084
14.490573 13.380696
12.492538 10.516931
16.369822 3.410427
14.549974 1.916564
14.709826 1.913317
14.381820 0.656157
10.437251 3.614873
8.169440 3.426348
13.328734 8.904378
11.804412 13.692052
10.612491 10.943356
8.224814 10.842302
15.001728 10.420225
10.754040 11.314677
12.751640 9.595778
15.005647 7.430205
19.272804 10.321767
17.326122 9.263137
14.271664 8.851949
11.528246 11.241782
10.945765 3.550363
11.337175 3.735678
14.873312 3.647890
16.712074 5.139076
16.769018 8.815366
15.642258 4.426440
9.338718 3.513047
5.426895 6.933192
6.416564 4.685989
13.818074 10.855021
11.538322 8.927142
12.033205 10.805290
9.884825 11.183024
6.923433 4.448065
8.418422 5.562952
6.368240 7.159511
5.339030 5.956706
5.398844 6.734430
4.359472 7.490265
3.565865 8.649163
6.296178 7.547798
8.796366 5.377323
9.566148 3.593389
6.480879 4.116156
3.688194 6.345390
9.085232 5.616477
8.907097 4.952766
5.903958 4.557327
6.837134 1.133247
6.896538 -7.177216
7.434475 -4.963198
8.764810 -8.013129
