12.301604 -10.330599
9.687889 -11.146493
9.573027 -12.458995
7.919487 -11.318526
8.922213 -6.894739
5.414778 -6.574407
2.135825 -7.891123
0.945665 -11.002619
0.415063 -8.146735
1.631673 -6.791715
0.951831 -11.466455
0.965842 -11.762471
0.101517 -12.167879
0.876355 -11.217737
-0.584271 -9.915729
0.130385 -9.519107
3.088284 -7.806327
8.490334 -5.623196
7.973523 -8.508813
8.720113 -8.582242
8.615277 -8.408880
7.310001 -5.349128
10.534634 -10.321834
10.510831 -11.950399
8.148127 -10.364651
10.293969 -12.071807
9.021146 -12.077638
7.187546 -13.985360
12.494385 -8.733311
4.763060 -6.542872
10.032537 -13.305474
9.577032 -10.494061
8.919683 -15.208486
2.663527 -8.859258
2.248296 -9.568922
2.202693 -11.540779
0.530148 -10.649453
0.786895 -9.335734
0.089824 -10.247769
1.588131 -10.915079
0.504201 -8.564129
1.738791 -9.844741
0.327776 -9.639546
0.644802 -9.608791
2.735029 -6.305928
4.876870 -5.835630
6.604764 -4.574931
6.349951 -4.186427
8.145160 -5.610100
7.800807 -5.323326
8.257986 -9.718412
6.833690 -4.006289
4.708714 -7.887389
1.881170 -7.972030
0.040752 -11.361384
7.996646 -9.339086
6.522343 -5.828834
6.211704 -8.117257
6.839937 -7.659121
4.931344 -7.170832
7.504352 -8.083182
4.787067 -7.678307
2.369200 -6.090799
1.223029 -10.471105
2.225945 -9.115073
2.077502 -10.573143
-3.124092 -11.441245
4.021665 -14.015878
2.455645 -13.385977
5.734224 -13.235005
6.922013 -15.183459
10.024336 -11.911248
8.193508 -8.821246
8.741792 -5.367142
5.041680 -6.767205
2.142315 -9.930358
0.511970 -10.819098
3.427408 -13.999671
9.229006 -15.824229
9.459343 -11.071548
10.343893 -10.825654
10.497453 -11.268456
8.601062 -10.921112
10.039219 -12.786210
10.024147 -12.532589
8.736081 -18.304377
5.390820 -17.426817
13.359682 -12.884962
10.413292 -12.220595
4.493951 -15.455980
0.350911 -12.300132
0.950004 -11.552048
1.650367 -10.941878
2.190596 -13.000211
5.291308 -15.009816
7.882298 -13.622947
5.441200 -14.172164
5.365475 -16.865694
4.979537 -13.864659
10.363706 -14.918348
12.116167 -13.717269
8.671933 -12.240874
7.926139 -10.173250
7.995713 -11.878888
8.362398 -10.812219
8.942909 -9.653422
6.779631 -4.168764
4.457374 -6.074708
2.938177 -7.513365
0.937410 -10.259309
-1.358187 -12.314078
4.210755 -13.675809
-1.002195 -14.300605
0.879430 -12.743506
0.400618 -12.143440
-0.467542 -12.475545
1.646897 -10.145083
1.982796 -8.217190
5.797686 -7.308794
5.236952 -6.138694
8.726141 -8.811954
10.300024 -6.097707
9.633110 -12.897640
7.138720 -6.197201
2.165697 -7.048986
2.241182 -12.522290
1.735236 -11.941107
3.242143 -13.747610
5.924407 -16.222353
6.421560 -15.537470
7.802947 -15.275819
1.025315 -17.746761
-1.028244 -9.672576
0.082100 -9.953326
-0.974977 -9.477160
-1.238349 -9.573283
-0.064600 -8.513540
1.545452 -11.089746
2.106896 -14.033350
3.668038 -16.779593
4.758282 -13.499393
4.883724 -16.330393
2.774255 -13.444655
2.593172 -12.786253
5.204952 -14.694411
7.346570 -13.519130
5.007492 -13.544347
8.902082 -14.218112
8.709360 -12.630925
8.492081 -9.967750
8.586720 -11.830319
9.861403 -12.373599
10.263947 -13.430162
8.713471 -11.198329
6.019788 -7.327523
3.715448 -7.900595
14.032946 -17.801308
14.838427 -12.748807
14.561184 -11.323708
10.601881 -14.735767
11.262234 -9.556180
9.803604 -8.994546
8.238133 -9.546493
7.156799 -7.121059
6.028661 -7.873630
5.983145 -7.667456
5.060962 -7.200113
3.740008 -7.341923
1.916102 -8.519025
-0.335411 -10.135609
0.156494 -8.226612
7.367887 -7.361984
3.446118 -6.144367
0.653330 -8.321202
0.698922 -12.859658
2.452769 -9.675961
1.974334 -10.461163
0.883204 -10.663642
4.412529 -6.364395
6.618955 -6.544800
5.507548 -6.557622
3.858418 -7.161137
3.923191 -7.802822
5.505086 -4.637813
3.742389 -7.234802
4.167607 -6.635011
5.566177 -6.954342
4.870933 -7.806161
5.428373 -7.288717
1.815005 -11.414063
2.666194 -10.108708
1.782084 -11.404129
1.821451 -12.082120
1.567223 -12.693469
-0.444667 -11.093276
0.424931 -8.772443
3.829769 -7.747148
3.062158 -13.601667
1.240178 -13.887647
3.440807 -13.580651
-0.049834 -11.939277
4.387551 -15.563954
6.315248 -13.812277
3.454938 -13.909565
1.518559 -15.524146
3.958851 -16.391233
1.962322 -14.419879
2.405134 -13.110147
-7.000656 -14.419490
-7.105922 -15.652766
-12.369579 -19.302660
