16.402626 6.942275
14.519781 1.135412
15.056026 -0.399355
14.478442 3.062930
14.911024 2.360591
15.414030 3.945264
11.187679 3.562529
9.349248 3.420333
8.986344 3.076282
9.475829 5.195674
9.673397 5.206026
9.070385 3.640234
8.983146 5.093298
13.893421 8.900147
12.840625 10.412035
5.498178 7.473114
5.902004 7.287201
8.960062 11.548334
14.365670 9.863659
16.610769 7.869678
9.761420 4.043343
8.724478 2.424166
5.081300 1.963914
5.458387 5.105815
9.279292 4.635238
9.159707 5.090974
9.231256 4.803777
11.331879 3.762733
9.783090 4.654954
7.536406 3.929301
6.200255 5.016695
6.535506 6.682816
6.059637 7.585435
5.409413 8.838223
4.740571 7.618759
4.768778 9.145862
9.827566 3.691159
7.995192 4.009468
7.028338 4.527669
5.792008 3.268579
5.302854 9.546324
11.756755 10.970040
11.848862 10.033277
9.079842 11.456333
5.980591 5.023024
5.791990 8.346004
5.784614 7.154808
5.839816 8.401832
12.354496 9.759030
12.119576 8.952772
10.328962 11.183074
8.038334 13.329562
8.449223 11.020276
11.256491 11.252669
8.848485 3.920060
8.259184 4.650818
12.018430 3.725872
9.115815 3.771359
8.006554 3.153026
7.958490 0.634289
7.010755 2.707693
9.932491 3.481272
8.643795 4.275754
9.378817 4.880943
5.941859 4.798995
8.078279 4.813465
7.499472 3.181651
4.997309 9.386665
4.339654 4.075544
6.411785 7.713256
11.066625 10.683302
12.104702 9.067830
11.864294 9.721952
11.705592 11.713767
8.327261 12.825810
9.644207 5.494704
9.708445 5.157105
5.941768 8.126116
5.884892 8.918046
9.659844 5.007563
7.653257 5.441084
8.626223 4.088646
6.474509 5.178102
4.563527 11.267303
4.882905 11.915296
10.348856 12.650488
12.307489 10.306418
11.627422 11.884870
12.595287 12.343066
12.747616 9.110346
5.724562 8.703970
9.019184 11.485329
9.831993 12.391336
4.061596 10.628872
8.211700 4.103794
8.915878 4.052948
8.770303 2.595963
9.328972 3.690817
7.894073 4.942577
8.961800 5.641678
8.355455 4.698103
8.636711 4.191007
4.760273 6.716973
4.989262 7.494987
8.983232 2.734161
7.458646 5.081096
8.727411 5.164170
8.650013 3.614225
10.468367 3.640912
12.057812 3.762226
8.108933 3.686492
8.083845 0.761940
8.982695 4.966316
8.883629 4.008918
8.697250 3.772321
7.284255 5.307495
8.708908 3.218633
9.146118 4.759105
7.919578 4.648353
6.948154 4.516039
5.259367 8.391439
5.153587 7.554231
6.351114 8.841988
5.926595 6.520376
6.178789 5.877175
4.193293 5.680084
8.454743 4.374696
8.264117 4.707126
7.412106 5.585996
8.954265 2.156426
8.239460 4.000045
8.136129 4.493096
8.816847 3.717953
8.948879 1.354490
9.088713 0.006104
8.868769 0.978631
8.814283 -1.991909
11.136826 -3.176162
8.711931 -1.287725
8.717566 -0.339128
7.739952 5.228850
7.363706 4.898938
8.354456 4.454767
8.660345 2.850287
9.465832 5.083401
6.796131 5.398081
6.076406 5.977115
5.837668 6.733731
5.870364 7.949023
6.325396 5.344898
7.686281 5.330125
6.571013 5.103510
5.644505 11.089347
8.733458 10.843294
10.939486 13.434518
15.416313 10.791556
12.207122 8.857887
10.734357 11.030187
6.357678 11.826060
14.522919 9.849577
12.134384 10.186566
16.071560 9.872197
13.658051 10.345428
12.078291 9.146632
14.488903 3.622072
11.009809 -4.099333
9.721300 -1.727855
5.235801 7.264016
6.350275 8.001235
6.077720 7.080123
7.751192 5.097643
7.389695 2.956126
9.200669 5.499070
8.832341 4.912067
6.140339 4.162480
8.509748 4.757602
9.676167 4.063752
7.064640 5.178199
8.398829 4.796845
5.655486 3.598711
5.445306 7.764663
5.811952 9.903656
5.942424 6.639216
2.804069 7.386491
6.979430 3.015543
9.076092 2.772441
5.875081 5.468601
8.747925 5.570360
7.441457 4.662145
8.737741 3.123911
6.555846 4.166412
6.393430 5.780404
7.014144 4.234959
-7.967093 -1.024269
-10.475734 -4.338797
