-19.832924 18.873392
-7.141245 10.226221
-4.991111 7.704896
-2.290917 6.663865
7.203886 4.921280
9.432352 4.858999
5.226424 2.817563
9.071356 1.385775
8.501232 2.612508
8.088374 -0.108095
8.279422 -3.082320
11.761740 -2.118108
9.671976 -9.795751
10.372395 -3.993804
10.301166 -4.282274
10.565264 -3.027613
10.525220 -3.408581
7.930118 -2.244393
8.871155 -0.867706
7.671280 -0.575161
7.169303 0.162136
7.537762 -0.759824
6.987629 5.222894
9.850975 4.582889
7.204495 4.402340
9.558796 4.757930
9.603848 4.672721
7.982612 4.413224
6.594829 5.594684
5.687217 4.942326
4.178836 9.968352
2.412045 10.333328
11.643187 11.710854
11.660265 9.167449
12.060780 9.556533
12.455581 10.592896
12.844917 8.952851
15.923392 9.312123
15.525761 6.200913
16.492693 5.083124
15.009713 5.337381
16.484018 11.530480
15.472702 7.768651
9.759217 4.263919
8.947097 3.837034
8.573054 4.242207
8.072089 3.254270
6.050172 4.565050
8.866650 5.453648
9.102674 4.934450
6.211303 4.684519
5.780637 5.082773
5.670668 5.673011
6.457334 9.701571
8.958855 5.400076
5.821797 5.939537
3.847616 6.642720
4.985648 4.464461
7.236963 4.835272
8.240486 12.643673
11.616989 16.256895
11.178699 15.080999
13.166630 12.913393
17.897673 4.658745
16.542923 4.855992
15.221092 5.413235
15.075365 2.749842
16.043879 3.056786
15.825459 6.033849
14.213099 1.685376
14.344795 -0.582841
17.236763 3.202774
14.465605 -0.032646
9.011461 3.608217
9.447168 3.558304
8.468103 3.300386
8.958729 4.357783
8.020066 2.592684
9.827743 4.937573
7.072565 4.494280
9.736298 4.510243
8.461018 2.720672
6.331100 1.705493
6.612993 2.898304
7.648724 2.451087
8.872643 -0.505653
8.793708 -2.476624
7.156280 -1.521497
4.463745 1.967288
5.100407 2.709536
3.983375 3.059476
2.484675 1.800611
4.010736 3.063425
3.305473 3.140809
4.167780 2.418256
5.370182 2.244557
2.970481 2.103532
2.875760 2.355559
3.115000 2.523400
4.406313 1.810179
5.412572 2.022189
7.659537 0.905944
8.507413 2.990599
9.365015 3.597311
9.327623 4.082479
6.395950 4.403712
6.723940 4.506494
7.762814 5.117280
7.679328 4.853675
7.788943 5.503646
8.409006 4.129285
6.148161 4.186939
8.573318 1.651440
5.941224 4.801609
6.450205 7.045977
5.262086 6.044001
3.084890 7.491039
5.681339 9.543715
9.884411 11.004942
9.996279 11.355827
7.563102 11.363578
12.571737 14.162613
9.988399 13.663302
6.604363 15.769907
5.813398 7.230871
5.019744 6.277126
6.522652 9.894095
5.258579 8.783703
5.695208 5.338220
5.962660 8.277922
5.766767 4.050684
7.831024 4.207181
5.894354 3.446841
7.101984 5.156170
5.574656 4.612411
4.744375 9.619260
6.171908 11.219303
10.812481 10.690518
8.282522 10.737062
6.468094 14.026274
7.258883 11.813219
1.006225 8.891599
4.062745 5.491853
5.590516 8.146387
6.403573 4.840221
6.103363 5.453241
7.016579 4.910893
8.606139 4.541952
8.471611 5.312843
7.638284 5.402483
6.231170 4.106890
5.821392 6.385008
1.736973 4.369039
4.414756 6.117409
4.651169 6.758572
5.880239 7.141181
6.212659 8.168633
5.771119 4.365873
5.972476 8.501326
5.867026 7.717585
6.023890 5.336907
9.217856 4.487668
8.140388 4.712650
7.242870 4.596674
5.873132 5.741201
5.636250 5.827795
6.279573 8.817941
6.090433 9.168010
0.460684 6.700172
2.062302 6.755622
3.113694 5.046931
7.392012 5.402553
9.361118 5.379732
9.468939 4.682895
10.384540 3.637675
7.987734 2.556231
8.253891 3.334948
8.864680 3.067850
7.517749 5.328083
11.692535 3.777003
13.491732 9.634343
11.552340 9.497197
7.498078 5.270832
8.123505 5.298197
9.584858 12.731672
13.989763 10.108641
8.703673 5.186007
6.123171 6.822936
6.315604 7.361718
5.976745 7.723070
7.803217 3.458514
8.435341 1.542064
8.033983 1.553319
6.925447 -2.015785
7.818112 5.304389
6.428119 6.184083
9.585365 3.838474
8.304756 3.212189
6.799043 2.868072
7.803503 -0.680471
9.429829 -1.883253
7.516531 1.917342
7.652778 3.910784
7.594799 5.222838
9.456936 4.940575
9.383443 5.038853
7.500283 4.831595
7.826817 4.417398
7.134963 5.181468
6.129947 6.546222
6.183969 10.106976
6.409614 10.705750
9.990595 10.775124
11.760872 14.465078
9.417113 13.272974
11.761209 10.394681
14.632671 10.480810
17.490147 10.338883
16.777784 4.356609
16.024679 7.883988
16.864513 2.880325
16.903374 6.899741
15.609377 12.177411
15.981510 5.896414
9.544744 5.580578
7.655395 3.776774
8.388729 4.304367
8.841548 4.499076
7.646798 3.105252
14.382784 3.380544
15.493722 1.733662
17.943638 -1.025400
15.180271 5.952644
14.897712 0.412423
15.265099 4.876247
7.459124 2.988526
8.469357 2.259348
9.503274 4.148608
8.031454 3.547453
8.260863 0.611391
8.475582 1.198629
11.797138 -2.044510
11.726995 3.512398
10.332047 3.761884
9.635726 3.784593
9.043483 0.091630
9.058187 2.952403
7.467295 2.064494
8.835923 0.813097
7.957418 -1.184219
7.106079 -0.056277
8.291354 0.520095
7.205562 1.119877
8.120303 -0.729831
7.661058 2.513817
7.299767 3.239755
8.649669 2.884269
7.063900 3.158289
8.510277 4.298692
4.861987 5.654982
6.128971 8.070683
5.923313 2.643595
8.378191 4.999051
7.616008 4.584706
9.048079 4.353172
11.554403 -2.090198
11.695043 3.451814
9.021501 3.240230
6.410502 1.489301
6.717176 1.255402
9.856826 -3.478619
8.055650 -6.596689
9.036316 3.985491
6.621947 3.465429
4.572416 3.223872
8.410786 2.977304
6.599419 2.192825
6.468692 2.321848
7.260181 1.302274
9.501558 5.595035
8.352026 4.135877
8.756071 4.982303
6.406947 3.473005
8.140650 3.680404
8.704576 4.701310
13.417688 9.526870
12.517939 16.071995
12.547731 13.574582
5.877332 8.230748
4.620463 6.832899
5.828929 6.989676
4.390924 7.396782
4.710564 5.428000
7.715900 5.249362
5.503418 5.843557
4.945394 7.186665
4.952003 7.605088
5.933262 6.927249
9.535891 15.064704
11.218172 13.245278
9.582218 11.874017
11.806107 12.461057
9.363205 13.371469
9.086203 12.243448
8.503098 11.845855
9.555069 13.139247
14.652407 11.368843
13.470123 8.952640
14.145495 10.187609
16.627071 5.867449
15.625937 1.333188
16.769848 0.794767
14.833927 3.339729
12.211701 3.685745
7.434418 3.427907
10.669870 3.544034
8.414137 5.291684
8.841795 3.777494
8.465508 1.533134
5.393268 3.175487
8.008172 -0.426935
8.626835 -0.279923
7.680156 3.334724
7.052071 3.433255
7.790156 -0.529384
8.518942 -0.799671
9.074850 -4.282785
12.561018 -7.719810
15.496963 -9.194289
10.291599 -9.389603
11.806170 -2.714633
10.435916 -7.888333
7.818656 -0.945393
7.844525 -1.953515
8.872423 4.027752
10.415693 3.552937
6.662610 2.965627
6.966010 5.366219
6.351503 6.403895
5.495852 5.377132
4.243616 5.204740
7.434099 5.605367
8.609909 3.587409
8.839590 1.756402
9.039577 1.271591
8.154649 1.727953
9.232780 4.423884
9.786121 3.939534
7.131962 4.817267
7.752345 4.656558
8.690291 3.653011
9.268547 4.596575
7.930678 4.936684
6.410460 6.437589
5.947819 6.105903
6.365681 7.332733
4.875045 8.344729
12.147809 3.459360
4.601577 7.970027
6.166746 7.446292
10.428087 3.754091
8.983491 1.162934
8.274497 2.951245
7.089170 3.491516
8.029996 1.624126
9.088356 -0.181336
12.203209 -1.627512
9.798443 -6.227244
8.464663 -1.371148
9.007656 0.761392
9.052111 1.838267
16.048338 5.313900
15.149382 -1.170303
14.896551 1.055404
15.062297 -7.518215
19.509621 -9.978612
11.901465 -2.311448
17.251331 -3.414532
17.687508 0.566888
15.817487 0.356618
16.221905 6.830108
13.378885 11.208469
13.661970 14.458611
16.375868 9.867078
8.296127 12.417758
8.598573 12.472512
7.991002 5.092273
9.754763 4.182574
6.600570 3.590328
5.121275 3.174409
8.635207 1.831349
8.362318 -1.912553
10.873604 -2.862736
8.049145 -4.833115
11.326141 -2.942468
11.657900 -5.448241
11.236073 -9.359056
9.885533 -9.795174
11.470467 -8.602674
10.674144 -8.098475
11.457785 -9.196631
8.703942 -5.799985
9.063743 -3.847228
10.828674 -6.827697
13.117221 -6.851197
10.082753 -9.432292
17.734646 -5.429338
17.432709 -7.888388
17.950781 -6.886440
16.509846 -0.657014
17.073826 -1.661341
10.431848 -6.381329
9.498053 -5.661112
10.196709 -3.370444
8.663217 -6.053857
12.347076 -6.909153
10.132727 -1.987694
10.308475 -4.167049
8.592162 -6.764022
11.863625 -2.713875
11.709998 -10.589330
12.143556 -7.893288
11.297657 -8.405114
8.261921 -1.992114
11.859273 -3.560613
10.053839 -4.568714
14.636325 -11.473495
19.502392 -10.584672
17.004595 -10.477878
17.617987 -5.890413
11.122263 -3.443087
11.268841 -2.377159
11.993406 -6.902301
14.823469 -8.082130
10.123662 -7.405570
11.716879 -7.924922
11.469914 -6.394112
11.569942 -9.310184
10.294586 -8.936955
15.135111 -6.912701
14.712496 -10.690228
19.722973 -18.184422
12.583902 -13.002499
15.710713 0.382224
14.886342 0.006453
6.255222 3.627810
7.582891 2.582944
6.675670 1.360826
5.547426 2.929648
6.377039 6.295760
5.119515 5.953485
6.589792 5.176126
4.315362 7.257495
3.313489 8.822158
2.370916 10.232192
5.486526 10.726551
5.789158 11.342230
10.001904 11.597360
5.813684 14.080412
11.620081 12.287066
14.912142 8.332048
11.255444 3.459507
9.408363 4.843330
8.018013 4.915987
8.542066 4.443406
12.707493 3.753581
6.327464 6.479157
6.818457 2.835875
9.631471 4.020548
8.541039 4.708642
8.467525 3.284985
8.994856 5.484459
8.524326 4.831221
8.943241 0.579161
6.345987 2.138872
6.012172 3.714952
9.514185 4.847384
7.708487 3.558105
4.305627 6.532970
5.964458 6.743265
5.073524 7.309625
5.451718 4.990021
4.192338 3.831145
8.489451 4.214133
7.937483 4.516531
9.765339 4.757572
9.223845 4.585118
13.383789 8.904175
10.840815 12.937829
12.342163 12.369543
11.178812 12.372550
11.733840 11.268369
10.803381 11.456293
6.236354 7.621566
5.363620 4.696493
6.475768 6.264291
5.732823 6.888856
5.835187 8.836076
7.939421 5.528471
9.223835 5.200484
6.765677 2.703046
8.488276 2.698236
8.503767 2.945602
8.264608 4.977329
11.272013 11.502117
13.941316 12.332533
11.922951 9.620530
10.610447 12.481707
15.027835 19.955450
11.759085 18.986338
10.733859 14.864937
9.679001 12.084682
6.750977 11.610977
4.137337 8.745015
5.811205 6.270866
5.771255 5.678231
9.072806 4.281239
9.403193 3.556746
6.451513 5.212976
7.572172 4.116490
8.317167 5.175160
6.507769 4.356298
5.407052 6.422163
6.902470 5.208766
10.116385 13.636144
13.167944 9.877767
15.003819 14.938552
10.795632 10.832240
6.374855 6.339890
4.398748 5.390246
8.274867 2.918395
6.698986 5.639640
7.230134 3.017803
9.083469 2.649187
8.572048 3.863627
7.764942 4.780792
5.674541 9.325116
6.417924 9.418557
4.331851 8.460964
3.925066 6.752777
3.614937 5.494721
5.522651 7.912988
6.515059 5.892995
4.361777 10.564324
7.403701 10.973592
12.220861 10.689313
11.608668 9.644975
10.153845 11.321335
4.268521 11.156344
5.770638 9.887169
5.045146 8.353380
4.792920 5.085164
8.156288 4.169616
6.251782 6.150375
8.427082 4.531800
10.141167 3.665277
11.010886 3.495390
5.424819 2.330771
8.816541 4.326086
5.920662 7.351074
5.944270 6.965159
4.095345 10.384651
7.048543 13.294324
8.528553 11.059543
9.020123 10.702405
9.995443 10.926768
5.490456 5.025843
5.575142 3.954576
4.795413 4.240752
8.008168 4.806341
11.771351 9.056829
11.676406 9.551643
11.921181 9.564792
12.319708 13.281454
14.261423 13.203396
8.565150 5.007267
9.114864 3.618569
8.811093 2.806637
8.012042 4.937301
7.791397 3.376721
6.340070 2.429648
7.958770 3.433843
7.841096 2.632247
7.415436 0.467362
8.715902 4.725501
5.406755 5.759076
6.110749 3.826797
4.825482 6.117703
5.266548 5.384923
9.266352 5.452556
6.963935 4.630077
7.168031 5.407553
5.714879 5.476284
5.564239 6.340554
3.655616 6.884063
6.043865 7.586865
4.046404 9.042894
3.414990 9.884645
3.369241 7.821495
7.962504 4.374940
8.175624 5.227261
6.375561 3.084581
6.158941 5.751290
7.843540 3.561709
7.517556 5.454288
6.197835 7.946047
7.631781 11.038460
8.071722 5.495944
8.410362 4.829850
6.387282 7.824555
7.039937 11.835811
12.221643 12.512788
9.958567 14.077897
12.001580 10.176858
14.869349 11.118810
9.890535 -2.127877
8.015063 -7.613891
11.896972 -6.113988
11.015917 -4.530120
9.302288 5.450487
8.310995 3.333357
7.780733 3.898750
8.809289 3.123296
9.547462 4.666102
8.378237 4.636694
8.218105 5.492912
8.529902 4.621047
8.427887 5.541270
6.367479 6.232923
9.741155 3.914839
9.416435 5.163820
6.307503 4.199525
6.442408 8.042647
6.485732 6.579205
6.533635 7.051946
5.192654 5.888215
4.547409 5.758539
6.094272 10.653031
7.333842 3.707203
4.687982 4.783271
6.375214 8.066463
7.828344 3.731576
8.208617 2.217094
9.004526 3.625277
8.424889 5.282049
9.745758 11.010854
12.261795 13.568281
11.902716 10.046615
12.721399 9.509139
16.421200 13.738098
16.205730 8.592650
15.947308 7.185956
15.530923 6.570883
18.050764 1.901825
15.836419 0.983155
15.191407 4.496601
15.206172 2.374580
14.129967 1.970715
14.898780 1.796129
15.738389 0.245789
14.462090 3.234978
6.431200 2.445800
8.145447 4.059368
10.404921 3.739592
8.135073 1.610260
7.209027 0.190718
8.991953 0.648743
6.332123 1.674310
6.901590 1.698868
7.627605 1.704057
7.364678 2.235163
7.311539 -0.051362
1.393791 -6.522722
1.104348 -9.858362
0.313473 -7.970912
5.312359 -6.692214
4.830689 -6.780123
6.976519 -7.258612
9.993979 -6.067243
11.541418 -5.736157
10.835079 -7.256856
10.095428 -1.936322
9.460444 -2.866791
10.310467 -2.916947
6.681931 -4.323996
9.047205 1.093124
6.845906 3.136771
9.473909 3.498682
7.313043 3.230297
8.886769 2.489796
8.883381 0.740809
6.347549 2.852963
8.668517 2.137890
7.904187 0.891677
9.079795 -0.116388
8.438010 -3.817188
10.359907 -2.923457
9.846283 -1.980317
11.922668 -1.589671
10.101614 -5.398632
7.225829 4.110485
7.300991 0.368246
8.783518 2.451401
9.070406 1.314873
13.324961 3.715137
15.709726 2.105823
17.596073 7.853986
13.433870 9.443258
16.552263 11.524476
12.971745 9.211297
15.400963 10.074985
18.668537 4.484809
19.102121 7.505449
16.900024 13.239771
15.035928 3.583856
14.418932 3.414178
14.746864 3.540665
14.222078 2.436621
14.461046 2.966831
7.677459 3.190617
9.073837 3.056424
9.685389 4.904675
7.204747 3.537262
8.335115 2.840983
7.585548 4.188797
8.493157 4.199212
8.952057 3.547446
9.064603 1.715450
7.410962 4.677520
6.343256 2.791855
6.947157 3.639455
6.491385 4.527973
8.256853 2.470363
16.254684 5.948149
15.959060 7.066643
16.437368 10.981490
15.615490 6.518116
17.374435 6.833824
18.165527 6.955560
16.413599 7.932786
8.352461 11.760102
7.151027 10.731835
7.250201 5.188513
6.966684 3.229338
6.964743 5.462739
9.132763 4.834885
9.392693 4.143688
9.187422 4.451966
6.056944 4.832415
6.692454 3.657647
8.492401 4.209321
8.496705 4.221136
7.341370 11.022774
10.105919 13.202676
8.268150 13.878284
8.316931 11.274878
10.322750 11.466219
4.243938 11.468059
9.380984 11.066589
8.415813 12.614405
11.002905 11.744309
11.810263 10.131551
13.877419 12.399097
5.792518 10.681436
5.847889 8.619305
3.683790 5.706535
8.427572 5.184980
4.424067 4.933843
3.866664 3.180765
5.925971 5.817194
2.975734 7.089562
4.262720 3.048411
5.601158 3.319374
3.555918 3.311105
7.175926 3.433328
8.114326 5.186339
7.333951 5.256956
5.393853 3.309079
6.305838 2.169519
8.573223 2.102641
7.541100 4.888572
9.401604 5.442223
5.672696 9.182326
5.722045 7.963091
5.620104 10.329044
13.128469 10.840598
13.718470 8.830773
12.907928 11.374908
18.287268 8.364879
14.886926 5.026373
15.227409 10.588107
11.390820 13.840670
11.647577 10.861367
11.928049 10.235246
11.937963 9.790059
8.871607 5.618983
9.062559 4.305359
9.192240 5.559667
9.654911 4.740610
5.453572 6.398023
5.368460 8.849396
6.116951 9.748536
5.177359 9.186721
6.097699 6.555665
3.230759 8.933523
6.094091 9.317205
2.349133 9.979690
4.765332 9.476031
5.891044 7.898584
5.597520 6.258276
4.191408 2.601430
7.337887 5.362111
6.418747 4.393057
7.556539 5.623655
9.028854 5.640720
9.280777 5.240210
7.562990 4.732271
7.168921 4.227061
5.574975 5.027491
4.634525 7.037037
4.489787 9.177279
2.815042 8.971070
6.706912 12.685258
5.183716 8.532002
5.570528 9.042859
6.130524 4.070563
9.450027 3.858287
8.177988 4.474011
9.221514 4.343521
8.390867 5.301284
7.738896 3.752972
7.897957 4.881085
6.944068 4.701072
5.486856 7.220189
6.354480 9.199147
5.303680 8.487841
5.726404 4.628412
5.699651 5.227679
5.790578 10.907130
7.293538 11.316104
7.781310 10.810276
7.724682 10.991586
7.832979 11.854030
7.066432 13.629679
8.632713 12.805748
7.898486 10.895165
7.533249 10.715164
4.479504 10.759249
4.179099 8.579800
5.069558 8.555853
5.098050 8.125459
8.793465 4.484729
8.295568 2.603434
6.508117 6.997286
9.429865 10.835513
7.809214 11.459986
8.065703 11.360865
5.747264 8.834620
6.456723 7.572250
5.870799 6.445744
5.937721 9.076127
5.420034 8.543950
5.973825 9.243754
6.477720 6.682544
8.173424 4.429016
8.918640 4.508046
9.332369 5.058338
5.252026 7.053108
6.197955 8.153209
5.088436 6.585264
4.893158 2.703994
8.984913 5.178968
7.389521 4.481008
6.717508 3.358880
5.450917 3.831527
8.402317 4.201255
9.429029 4.777620
8.877474 5.656594
7.719313 5.274821
8.904024 11.086142
10.298742 13.394311
12.120549 11.514406
16.531822 12.857446
11.861555 9.249373
11.659653 9.323022
12.394926 9.113594
12.287126 9.150408
8.830500 4.946170
7.059131 12.925961
12.620252 10.436837
12.598795 9.909340
12.550640 10.039596
7.562181 5.155246
9.826926 4.746818
7.263306 5.407820
8.217859 5.643758
5.660810 5.032779
6.422053 5.511324
5.028686 6.133268
6.412371 7.522456
6.355331 6.330575
3.394008 5.580017
8.912578 5.655571
8.986493 5.291016
4.291283 4.387599
1.862101 6.298688
5.299804 7.315484
6.461762 8.737048
4.457784 8.131950
5.985456 7.102441
5.146765 6.429150
6.375698 7.377046
6.432909 9.018958
5.545321 4.188466
9.637455 4.762768
8.604319 4.366415
8.438049 5.607039
5.019944 4.612647
5.119919 9.833524
4.782448 5.138979
7.966880 5.214058
9.706339 5.318596
2.615911 5.926672
5.953375 2.655213
5.535934 3.051683
9.024223 10.692340
5.250624 6.502453
5.163312 6.476883
5.652073 6.033196
9.849873 10.895282
4.890590 10.642707
6.325119 6.129237
6.070061 5.920328
6.230171 10.396548
5.963282 4.603312
4.841396 9.167052
6.266964 9.162631
13.049709 10.800635
5.608363 4.998500
9.567174 3.865719
9.655445 3.430410
9.003748 10.684590
7.983311 12.803636
4.150661 6.078971
3.488440 5.752244
7.501801 5.400449
8.498652 5.605449
7.734416 5.596109
8.116076 12.724495
10.455735 13.416644
12.607716 13.662844
16.832640 5.242319
16.979736 1.516622
16.263416 4.702461
9.505206 3.813236
10.800669 3.556817
4.866666 5.092178
5.387392 7.544324
4.992480 7.462440
5.792854 8.918293
5.134511 8.920911
4.141073 8.632675
4.790020 9.002213
4.643884 10.013567
9.816601 11.869241
9.162685 11.205838
11.086820 11.019794
6.530594 5.697468
3.323413 8.052421
3.639584 8.147394
6.347552 5.700861
5.692134 8.679417
5.642061 12.391611
8.108599 11.314469
14.468380 11.126866
11.752764 9.420320
11.974083 10.027088
12.687328 9.553256
9.450766 5.589190
5.378836 4.408473
5.331511 4.035998
8.529265 5.488550
8.886227 4.499009
9.327791 4.522793
8.979259 5.374350
7.975201 5.299694
4.953986 4.343769
4.541657 7.844049
5.301190 6.200369
6.047580 6.053695
6.428611 8.425434
9.161722 12.632854
7.921857 10.815803
6.221943 11.975091
11.893532 9.812265
16.399193 12.286175
11.509879 10.696115
13.670863 11.489923
11.179350 11.277261
7.810658 11.669417
14.621666 9.735912
15.715813 9.454530
12.839724 8.838159
5.800034 6.332201
7.851481 5.107195
8.757493 5.572487
11.106638 10.873588
10.839775 10.737020
11.095216 10.684476
11.539377 16.695641
11.573654 10.302670
15.908949 12.394339
12.013250 11.498322
9.167240 12.785274
5.421353 11.093940
5.706955 8.874977
5.885672 7.874075
6.026899 7.777626
5.575807 7.317064
4.514316 7.903835
5.322352 8.366988
5.895789 11.054770
7.904958 11.984371
5.961926 10.476245
6.393241 9.781474
3.873935 6.607048
3.294591 6.429344
-1.395696 8.510483
8.168669 12.015750
10.466554 10.828538
9.356237 12.475206
12.897840 10.199036
12.141397 9.140135
12.848129 13.428967
13.252552 10.820794
17.775486 9.030256
16.197823 6.603846
15.569649 6.321604
9.773214 5.428187
8.500782 2.768743
9.065345 0.399061
5.831518 6.040582
6.272377 6.786016
6.113802 6.935163
6.132601 7.328633
6.177748 6.004975
7.766638 2.555264
8.948120 2.267762
7.859080 5.320132
8.140884 4.971532
3.043252 5.140995
6.313953 7.451705
6.135455 9.564456
5.292727 9.055613
4.748952 6.615273
6.984582 3.988245
8.716533 5.146305
8.762261 4.096149
7.563806 2.449630
6.526289 2.780927
9.938188 3.627149
9.299088 3.628194
9.626383 4.502868
6.939909 5.021352
9.082293 2.225932
8.386112 3.654521
10.004553 3.726078
12.053940 3.426835
15.039663 2.193127
6.603502 4.796485
4.559263 7.159681
3.513372 6.766000
9.285542 5.639110
6.513959 4.890896
6.046535 3.968930
8.067396 5.451876
9.832135 4.470720
14.207358 11.386254
12.704333 9.381473
5.726235 5.389335
7.127671 4.367503
5.943089 3.279841
3.103815 3.569452
9.033772 11.110702
5.256122 8.795784
2.849775 7.288976
5.506431 6.745997
6.372937 4.621289
9.833924 4.446634
9.822549 5.413892
8.542991 3.938787
6.997992 4.768689
10.058008 3.610561
8.806746 4.300339
8.733133 4.358729
9.708271 3.434251
7.070138 3.917228
7.957550 2.987256
8.286734 3.523082
8.407590 3.313599
7.796360 4.087170
9.737450 4.101567
9.354572 3.625515
6.652318 4.349236
4.847843 3.749679
6.389839 8.807504
4.696278 6.584537
4.339092 9.534059
10.783186 13.048780
8.419891 13.275705
10.636723 11.011912
6.483234 5.231584
6.808942 3.670049
6.926716 1.557815
8.879468 4.536676
8.975615 4.502668
6.162676 5.525104
5.512473 6.356032
5.847340 7.436007
3.606663 9.615393
8.902718 11.933820
9.464713 11.700565
10.138695 11.785241
6.438215 12.607026
9.680031 12.557085
12.324568 13.290652
6.056351 10.196123
5.259345 9.784955
1.581556 9.461459
7.197441 5.526947
8.303947 5.554030
6.312250 2.050055
6.944352 5.054570
6.038486 5.264901
6.099421 9.339825
4.899100 9.933466
3.543215 9.562256
6.053115 7.316988
6.168357 9.303497
6.790776 11.665251
11.528162 11.209147
4.950965 6.027828
3.797894 9.982017
12.365309 10.855611
12.171765 13.827862
8.304447 10.841743
9.407051 5.280789
8.459948 5.027654
8.101967 5.289174
8.251160 5.386171
9.060018 4.586310
7.273444 3.877799
7.710455 3.610494
9.342400 4.560438
9.184948 4.409292
5.331895 4.150973
6.492774 5.884135
8.196666 11.212510
13.498300 11.542357
13.569251 14.352778
12.656670 9.964828
18.140274 11.787254
16.788460 4.367113
15.063115 3.861799
8.708443 3.855505
8.537260 4.288230
7.936580 4.421319
6.145506 5.892791
5.830042 5.909157
2.031027 5.871390
5.663553 8.645521
12.540045 11.767246
12.246287 9.043397
12.921005 9.038848
12.259187 9.430448
12.730608 9.655656
9.361601 14.368632
7.746617 13.083605
16.397242 8.406135
17.523174 11.275589
17.858002 11.965812
19.889877 11.416793
18.215160 4.186919
15.826683 2.390547
8.236271 1.894997
7.924807 2.636442
9.248529 5.566025
8.348930 2.939679
8.900461 5.569380
8.518602 5.467580
8.923439 4.314003
5.103735 6.319472
1.492487 7.335582
5.624072 8.990521
5.918484 5.668928
8.688703 5.595359
9.384420 3.482010
4.910162 5.909227
7.839600 2.861370
9.534581 4.192290
18.863247 8.105254
16.218678 2.651556
17.956924 6.377581
16.325844 9.992903
13.693935 3.693586
7.825610 4.594905
7.432874 2.468422
10.834480 3.643701
14.630838 3.328494
12.693532 3.537381
11.361558 3.471356
11.558481 3.595950
9.253393 3.482583
9.628104 5.115944
9.832031 4.057724
19.391735 4.316044
14.593547 0.510499
15.578507 4.414141
14.356218 2.643411
6.220134 6.667079
6.258643 6.915573
11.582570 12.230207
13.549967 13.039069
11.918835 3.538829
11.323946 3.419010
8.683753 4.045247
6.263133 5.390870
5.800845 6.881353
4.815597 5.181234
5.073259 6.728753
5.456265 9.833781
7.241158 12.257695
10.443243 11.150081
10.472704 11.629107
9.979660 11.529527
18.600235 8.713655
13.191936 10.836253
9.564775 11.759666
9.735683 11.124362
9.085585 4.040077
8.302885 4.189126
8.823000 3.563751
11.841578 9.458925
6.088305 6.960730
7.066510 1.928438
7.509070 3.283948
6.910296 4.419021
7.962486 3.929325
7.154768 3.176085
9.601646 5.247076
9.089195 5.179498
5.732715 6.526353
5.733551 6.605937
6.900153 2.920904
7.152534 5.641067
8.731544 5.073668
9.305005 5.140082
7.817618 5.068852
8.434212 4.767198
9.433295 4.377436
13.199509 9.067519
10.145105 3.456973
9.757242 3.770447
11.882301 3.457280
15.734432 7.139977
12.522223 10.150286
6.224158 7.078570
5.609794 6.891644
6.392768 6.349759
6.504173 5.119158
7.071604 4.506788
7.407423 5.127575
4.800316 5.253894
6.323202 6.184258
5.935334 6.214837
7.735197 3.581999
9.224009 4.561554
9.102468 5.089535
4.044489 6.098432
5.130430 6.120930
3.808139 7.836856
5.130173 11.224859
4.506636 9.396863
8.374173 11.073767
7.390699 10.790021
10.325944 3.542655
9.513050 3.721177
14.525346 2.795453
11.768115 9.646760
15.545011 14.168267
15.143696 10.124324
11.278320 11.052980
13.699836 11.036654
7.667117 11.961381
10.281614 11.237003
9.828204 11.590437
12.857901 9.138471
4.376183 7.773680
4.371921 6.784345
6.818894 5.602140
6.205670 6.680473
4.550559 7.334698
7.587816 5.188521
8.757240 4.905818
6.749780 4.952270
6.509819 6.822645
6.006012 8.192588
5.212242 11.793029
9.826740 10.821294
6.828531 12.610863
7.611231 13.611293
9.309434 11.696703
8.881268 13.260228
5.581248 10.827231
4.217905 6.893605
6.920847 5.270095
9.650724 5.639729
7.765770 5.453578
9.436577 4.327635
8.324046 4.933022
7.207114 3.708674
12.972303 3.708509
14.973027 2.337324
15.234958 5.017535
13.025149 10.778762
8.378707 11.187893
9.642712 5.501084
13.350235 8.896629
15.351530 8.276097
15.813642 0.014612
14.774478 3.334332
9.675344 5.298077
7.944831 4.223761
8.820500 -0.264788
9.049484 4.443212
6.695137 5.335461
5.786782 6.137712
7.252503 4.554684
8.988596 5.267712
6.291676 4.757888
4.998359 5.800130
3.450283 10.401163
7.663281 12.291002
10.963289 10.826616
6.275030 11.214224
5.179955 10.311707
2.591736 7.945482
2.927745 8.923775
10.355863 12.805079
8.974096 10.710014
9.708239 11.530147
11.342133 11.289779
5.871147 8.175937
4.847063 9.096128
5.277606 5.833611
6.913135 4.934545
9.686552 4.797207
9.312613 5.174046
11.861021 9.232928
8.928905 5.085497
6.738473 1.525086
7.841012 2.265174
7.052271 3.445832
4.950164 7.180367
11.567400 9.273955
11.610472 9.683870
11.635883 11.502047
12.135247 11.063955
14.062682 11.064544
12.769299 12.897294
12.691319 9.102559
9.785622 5.319620
9.584496 4.758023
9.835264 3.881643
6.414460 2.272757
5.700538 2.595837
6.723439 3.758646
11.565445 3.751555
11.556950 3.703151
9.278107 5.384156
8.754211 12.156199
10.714362 11.219035
15.155085 13.440199
9.646026 4.510464
8.210982 4.081756
7.142110 5.054174
8.452450 4.869923
9.395782 5.560144
8.915215 5.255110
7.913253 4.950288
7.990072 4.485824
8.278514 4.910645
6.700953 3.831867
6.047704 3.683880
6.037791 3.652163
8.050223 1.785618
8.115807 1.089024
8.634235 2.641298
14.951320 5.991682
16.917810 8.391174
16.608616 11.699338
14.240349 9.649097
13.603008 11.198592
15.136709 13.248080
13.953318 12.016791
14.585733 11.131676
14.942997 9.268298
19.254801 8.097387
