5.015595 1.558939
7.128540 2.101252
7.347034 0.269603
7.762513 -0.006988
7.840817 0.097210
7.202327 0.285437
6.958631 1.575094
5.746547 2.011239
6.587985 2.092974
3.443719 1.915601
2.483443 1.450655
3.160692 1.188186
3.757397 2.677350
3.109483 1.683048
3.078726 2.261417
2.336197 2.418856
6.552109 1.440948
6.679385 1.282903
5.129260 1.689456
7.329217 3.265860
5.474557 2.002090
4.513515 2.850816
7.271274 0.734671
6.855645 0.469650
7.283792 1.534052
6.306462 1.232986
5.916303 1.796034
4.545713 1.339367
5.187082 2.039564
4.357411 2.352991
4.489569 2.506375
4.944280 2.343575
5.053276 3.761129
6.106817 1.801900
3.752050 2.590939
2.825969 1.947125
1.738320 2.076691
2.682338 1.344658
2.122904 1.074751
1.922769 1.303158
1.752785 1.314619
1.490593 0.244365
0.954825 -0.364807
1.542699 -4.307187
4.224252 -7.206110
4.163157 -4.637755
3.840464 -5.820812
7.065561 -4.551608
8.369203 -8.866677
14.950653 -8.572968
18.924921 -17.361826
