-5.284160 -6.209631
-0.985467 -6.866954
-1.854919 -10.331279
-0.084586 -10.539731
2.087351 -12.435380
2.452228 -12.799850
2.205585 -11.357400
0.176279 -11.939692
1.309795 -11.365071
1.440705 -9.726197
2.502825 -9.995759
2.592702 -11.444204
-1.942879 -9.799606
2.947904 -13.409284
0.941345 -12.272960
1.684534 -7.357467
2.460712 -7.966424
3.523109 -7.272936
4.114696 -7.567615
4.956214 -6.712881
7.280392 -6.586233
10.907053 -7.508488
8.905930 -14.343886
12.356199 -13.406249
7.954592 -6.912474
3.993581 -6.144766
3.127748 -5.416239
2.379951 -9.780706
0.932901 -9.503763
4.177976 -6.786909
4.431029 -7.655723
6.675538 -7.802616
7.799746 -7.367075
8.366432 -7.851206
7.855848 -8.820287
3.567593 -13.933344
0.776699 -11.839260
4.431851 -13.236836
1.621872 -13.242103
0.193253 -10.146857
3.243624 -7.151853
3.012672 -7.871967
2.994484 -7.298952
6.133832 -6.930093
7.645963 -5.846135
5.931755 -8.173935
7.941810 -7.624451
8.124015 -9.125703
8.775091 -9.404500
7.626959 -7.876770
10.755375 -9.404188
10.729237 -12.890665
12.820080 -12.163860
8.411547 -12.256696
9.017214 -12.461969
9.969110 -15.280066
4.459249 -14.185918
7.670119 -5.166003
8.333596 -8.559430
2.114979 -8.732314
6.145523 -15.037774
5.465698 -15.436765
9.036334 -11.128374
10.401880 -10.147285
8.542671 -11.767776
9.442237 -8.194042
8.759634 -9.403516
4.582361 -13.896588
7.876709 -11.144511
10.459841 -6.683403
9.624010 -12.360478
7.470538 -14.142932
4.246463 -13.340016
10.655602 -13.661229
3.932793 -13.739690
2.734058 -14.504460
4.055600 -14.764228
3.667124 -13.248496
3.352386 -13.795182
4.922045 -13.313079
2.771021 -14.254409
1.777311 -12.217395
-1.536676 -12.233914
-0.258916 -10.529094
2.602571 -8.559381
2.455167 -9.662875
2.439988 -11.529016
2.610087 -7.256374
2.105506 -10.294272
2.107936 -13.725569
0.189016 -13.521440
-0.868406 -12.950181
-0.412289 -11.580104
2.295481 -11.724113
2.510877 -9.989910
8.018545 -10.143531
12.782343 -7.271159
9.302690 -10.485929
4.913707 -13.732533
4.112772 -6.810040
2.243207 -8.661572
2.084550 -9.190511
2.126861 -10.414071
1.590266 -10.723649
0.670362 -10.079339
5.752173 -4.749208
5.973326 -6.861809
9.399524 -11.267924
6.676890 -16.826912
10.176953 -15.695533
8.197639 -11.197380
9.167993 -9.013687
8.395254 -11.345683
6.864002 -18.901962
8.635876 -17.511747
9.894564 -10.439593
9.271212 -11.937718
12.097184 -14.123487
6.042110 -14.091958
9.404826 -15.574758
-2.421668 -15.819008
2.667529 -9.589143
-0.403374 -8.036512
2.570658 -11.412480
8.032953 -10.374917
9.303382 -9.996614
7.752216 -13.914356
9.604094 -13.008507
8.641212 -11.572303
8.917555 -12.117306
9.232710 -11.794681
3.107959 -7.305505
1.159660 -8.771577
2.284597 -10.254422
0.868684 -11.658680
1.658527 -8.873828
2.784755 -8.972523
2.740803 -9.234979
1.139492 -9.505759
4.280236 -7.083776
3.210459 -5.575588
2.745915 -6.665447
7.523891 -8.118418
2.517587 -7.030562
0.251841 -10.853606
1.225365 -12.368725
-0.123327 -14.016920
8.827098 -14.790616
8.652789 -8.466846
7.960114 -11.523184
12.092785 -11.686465
8.345354 -9.892856
12.186384 -12.395182
18.218681 -8.474711
11.352863 -10.786558
10.819865 -8.188234
8.181154 -8.986722
11.954270 -15.707179
6.198717 -13.494039
14.344194 -19.109827
18.109613 -17.621101
