19.747829 7.624694
15.449800 5.938765
15.760530 8.997560
12.165946 10.205814
12.683934 9.994063
4.516039 6.422994
5.927318 4.653034
6.702661 4.912292
5.409456 5.104816
5.947863 6.690365
6.178184 8.445120
5.901414 7.260295
5.239264 5.880163
8.563126 5.424477
6.702157 4.875267
7.000861 5.284221
4.915787 5.865304
6.379597 7.108604
4.214135 12.518244
4.542445 12.911622
4.445067 10.187243
5.432901 5.855474
6.392226 10.889545
4.897264 5.336522
10.133858 3.479184
8.830229 2.561647
7.452418 1.318536
7.327271 1.849838
9.848483 4.610632
7.388973 3.543065
7.345037 2.696554
7.881351 3.803556
7.293133 4.369804
8.364389 4.784832
7.198023 5.417495
6.085032 3.307215
6.938710 5.012717
7.968830 4.363739
3.281272 4.157066
5.109237 7.041986
4.843390 4.476684
6.250466 7.084090
5.866463 7.672740
4.998039 5.573349
9.042920 5.345200
7.631487 5.198281
7.376069 5.294600
7.657230 5.295420
14.343721 14.968387
14.628040 13.253042
11.723644 13.538340
10.690580 13.257350
10.380819 11.443733
7.775361 5.286699
7.055530 3.623293
8.793538 4.740390
9.318754 4.767573
4.589195 5.332647
6.535086 8.102228
6.422907 7.122763
4.595424 7.097276
5.624053 8.442885
4.845517 7.791594
5.641645 6.774989
7.649867 5.346447
7.564742 10.691916
10.272547 11.457864
8.401966 11.734163
5.963731 6.042344
5.651841 8.675689
8.229055 5.478221
6.029974 8.098829
6.125163 7.747436
8.143029 11.559403
8.571209 11.518663
11.114525 12.249579
9.351898 11.282524
6.195936 10.932568
4.200506 7.285178
6.183890 6.840837
9.616616 4.366331
9.122828 5.300230
4.770339 7.520931
5.360581 5.977427
8.878245 5.398078
8.708057 5.412879
9.257463 5.332727
10.563417 11.205728
9.089064 11.964674
7.461805 5.438730
4.912214 5.097525
6.097277 4.587879
4.964672 8.564363
7.674587 10.722558
12.821253 9.875796
6.371895 7.448371
6.525585 12.031130
5.423613 9.801419
5.647529 5.857952
6.769088 3.921672
9.221726 3.587352
7.635780 2.665788
4.037681 4.017269
9.600566 4.567171
14.303986 2.768423
7.113993 3.712196
4.642098 2.811398
4.761131 2.604065
4.085978 5.360267
10.739546 3.457156
9.302969 4.403014
8.690036 3.942878
8.989348 2.282997
8.098569 0.941962
9.000557 3.011763
9.246809 4.810856
9.302549 3.933978
9.783966 3.773901
9.180477 3.602915
5.873182 6.035449
5.056446 5.793280
8.655093 5.139742
6.999639 4.091702
5.793958 6.088737
4.496970 4.642734
5.662273 4.259976
6.147113 6.913404
5.280284 7.795122
4.085034 5.389432
3.995894 4.323235
5.041805 3.965476
9.194851 5.364697
5.636050 2.994415
7.812750 2.583764
6.828003 4.853020
5.771927 7.725340
7.714839 5.404891
7.315458 13.082632
7.033322 12.088204
12.584270 14.431651
8.530028 16.254116
5.446127 9.482833
5.730988 12.212074
11.306460 12.597841
9.569569 11.788643
12.164616 11.373857
10.464457 11.012478
11.559664 12.543299
15.297514 10.334126
12.050649 9.083572
9.514004 5.102802
7.888347 4.629837
7.768460 4.955639
9.114405 4.797381
7.012142 2.530818
7.408231 4.647107
5.909832 4.914210
6.331526 6.136628
6.227149 5.352463
9.340376 4.164372
7.589242 5.458476
9.040318 5.224580
8.447643 4.444750
9.926135 3.601359
6.744314 2.929809
9.040730 2.592381
9.602190 -1.744772
10.605544 -3.214157
10.663344 -4.844546
8.954065 -5.329289
10.025645 -5.681815
9.832137 -5.389084
6.711480 -7.070084
9.482693 -4.076888
8.322609 1.780830
8.288497 3.405597
14.274232 2.639078
15.607893 0.107325
17.281502 0.377329
14.500898 -1.039589
10.096014 -2.325715
10.493648 -1.758581
11.674333 -2.154078
11.816563 -3.481728
11.135157 -1.807216
6.948190 -3.571055
7.164256 -3.207329
7.056578 -2.465034
5.224475 -4.241896
4.767759 -5.724191
7.605437 -6.051169
11.028680 -6.154002
12.812295 -6.685991
7.189435 -6.714297
8.725752 -5.166443
11.277152 -1.949357
14.864040 0.178951
14.214010 -0.614050
15.801740 1.536510
18.590548 -2.444517
16.040697 2.792109
15.556278 4.563334
9.206885 3.686487
4.495763 3.759402
3.778913 2.696724
7.260191 -3.330564
8.008905 -7.295081
8.564436 -5.522032
11.391267 -6.287575
11.676914 -3.314219
10.403019 -4.020726
9.551423 -6.195849
8.276960 -9.799882
13.820436 -9.450686
16.850288 -10.385133
5.446442 -4.266541
5.352688 -4.991238
10.159401 -2.863032
11.191598 -3.324343
9.423273 -7.873209
12.608262 -7.978115
15.854931 -9.718907
19.050020 -4.809470
17.790918 -7.585276
10.901128 -9.223824
11.886420 -8.717624
13.348625 -9.610602
9.117469 -6.663058
9.085731 -2.036586
7.931468 -2.931470
8.467785 -3.816010
8.353193 -3.599826
8.312012 -0.501116
6.918960 -0.111869
10.047605 -5.451644
11.510194 -5.303787
10.243708 -2.096774
10.943343 -8.013306
13.865272 -7.235711
10.479757 -2.553191
11.643926 -1.690024
16.645046 3.218948
18.014507 -1.818504
14.479996 2.899136
16.007715 3.493192
16.252625 7.806900
16.057507 8.645919
11.882458 9.800966
11.985113 9.404675
8.255112 11.947450
12.012663 12.889415
12.860268 10.383035
11.148106 13.341184
12.553473 11.032068
8.588699 10.805322
6.662129 11.052199
8.954750 10.936290
10.346233 12.325039
13.541479 14.738500
10.407507 14.500904
5.980027 11.963819
6.490207 9.681213
8.660326 11.846355
10.030296 11.001974
8.271344 4.834768
9.268112 3.534550
8.691589 4.422688
7.006298 4.654711
5.951381 8.135688
5.678242 8.340406
2.695055 8.738321
4.441680 6.597083
5.908899 7.155875
6.016709 7.261105
4.574051 7.265199
7.583207 5.534280
9.151533 4.368275
8.492126 4.142770
12.341255 8.816888
13.200926 11.767882
8.264446 10.757802
6.861906 4.954315
5.620938 7.082611
6.381637 5.681091
5.960085 8.157710
12.385269 3.498504
11.375546 3.702571
9.867545 3.414430
8.250679 5.106933
8.368739 5.233911
8.574326 5.466153
8.466211 3.576935
9.596497 5.117337
9.015223 5.134650
8.146884 4.873902
6.156964 8.417522
5.693546 11.227600
8.620085 15.292634
10.353270 11.329290
12.796373 10.006647
14.260757 10.158578
8.690113 11.908347
6.392058 11.170154
5.283600 7.072992
6.913470 3.804402
7.726386 4.229195
2.070646 5.090581
2.063664 6.047411
4.089171 5.806758
6.050286 3.896630
5.919328 7.840182
5.946214 5.695573
6.485425 8.956693
4.056713 7.921510
5.509039 9.996449
5.876686 5.526278
2.527565 11.028159
9.838284 10.839088
6.343304 12.144576
6.312558 7.138190
6.358019 3.434004
7.510676 5.417157
8.411740 4.849285
9.624775 4.885547
9.270933 4.807818
8.497145 5.354837
8.580051 3.332997
4.185296 3.260465
7.425432 3.637688
8.586085 5.624279
8.591438 5.566715
4.904822 4.086782
3.625203 6.656134
7.757618 4.869799
8.124427 4.142792
9.230520 4.343720
4.264079 5.525634
5.056077 7.190602
4.783355 12.518081
10.605291 12.972831
9.901714 11.394824
10.852757 13.250335
11.328202 11.139285
12.850794 9.489449
13.907928 12.220922
11.802864 11.755390
17.301302 7.376675
14.757282 2.864795
16.662086 3.817826
15.386317 0.466951
15.932173 5.319352
17.863346 6.641214
6.389666 2.157355
7.990736 3.270823
9.490652 4.173046
9.495004 4.685100
8.278484 1.985346
5.913622 6.909012
4.710589 6.408315
4.815577 4.859698
7.922385 4.997297
7.384937 3.909910
8.186277 5.321837
9.004232 4.901876
7.080020 4.202082
7.498395 4.780608
8.301364 3.473509
9.690524 5.267481
5.504245 2.454648
5.320307 3.728549
4.378627 3.141927
9.622108 4.246629
8.673433 3.493534
9.305716 5.301887
8.908614 2.567882
6.570890 1.483493
8.005625 1.869320
8.320677 4.639467
7.270049 3.667764
4.395613 7.489492
5.153110 5.546590
6.375418 7.191404
6.172612 10.121645
7.533437 12.515275
9.806021 11.624466
5.354264 10.504851
5.588171 8.013231
3.916665 6.458149
6.718147 5.275522
6.405656 4.064977
6.453139 8.130365
6.403518 9.018468
6.528033 9.697186
6.433541 4.522161
5.432008 4.226333
5.922778 6.366953
5.608639 6.311114
3.591612 6.643084
2.380670 4.573864
2.833415 5.634483
4.691475 9.009011
7.529722 11.577878
13.212904 11.073298
9.399587 11.551790
8.800068 11.399487
8.628308 11.170557
9.246325 11.348352
8.247091 12.931166
6.640607 11.953098
6.040895 7.055536
5.956216 4.469874
4.264724 6.283236
2.686558 4.703215
8.878199 5.652361
7.911716 4.872149
3.571496 7.557975
5.433374 8.117100
6.486912 7.603557
5.952229 9.381098
3.975813 9.368875
6.359239 7.518003
5.292118 8.066094
5.373283 11.100140
6.655329 12.695899
11.466101 17.390129
9.416784 11.473984
8.809597 10.839404
9.077076 12.101830
10.267084 13.932794
12.877326 9.328877
12.836512 9.110757
11.640091 9.914531
12.677538 9.441249
13.460814 11.460358
8.661966 5.599310
5.816127 7.003088
6.335247 6.803782
12.001865 10.950798
9.129456 12.169958
5.834310 12.512500
6.247285 9.527198
4.644265 6.486330
4.878737 8.033583
5.693322 8.852981
6.325663 6.892563
5.033557 7.484787
4.017250 3.785670
5.244559 3.652152
8.971277 5.575613
9.384787 5.591320
9.505014 5.634627
8.371084 4.784297
6.427016 4.245966
8.844075 1.631643
7.439116 4.000207
8.768359 2.187887
8.302408 1.035301
8.829947 5.178209
6.535685 3.576330
10.788529 3.512799
10.392978 3.719456
8.305336 3.756328
9.772419 3.546793
5.882505 5.658623
6.502138 1.952907
3.440505 4.873134
5.716851 8.532866
6.456423 5.223301
5.957691 3.395631
6.443872 7.325159
5.356960 9.098675
5.464665 11.668794
8.018830 11.591113
9.655695 11.753511
7.833250 12.279767
12.330898 16.137020
11.708092 9.883862
19.295307 17.006374
12.678699 9.921525
11.769333 12.247223
9.948158 10.900340
9.048210 12.136222
9.562721 11.232706
6.599476 12.570768
4.150240 7.631251
4.499517 9.798394
6.338346 8.296942
7.268358 11.144933
9.682407 5.629457
4.668452 9.000868
6.055429 8.723244
6.266020 8.178852
15.417179 6.361722
15.156702 7.896652
8.584779 5.264087
8.154603 4.597906
7.959422 5.318405
4.806068 8.007928
5.694911 10.464703
12.132103 13.918549
15.968761 13.827292
12.028399 10.079005
5.706446 4.749679
4.769259 5.124021
7.364031 3.881583
8.520956 4.233003
9.402407 11.088889
9.659756 11.855605
9.338701 11.003687
4.678496 10.596603
4.877375 9.858224
3.801000 4.509425
6.072950 9.357371
5.407310 9.124304
4.859652 9.319387
6.150636 11.645970
9.256897 10.873353
7.359558 12.407724
6.097792 10.040975
6.388743 7.245189
5.529784 8.206324
5.053730 5.458790
5.107138 4.180803
6.865208 1.826473
9.292651 5.632283
8.324237 4.795699
8.033228 5.515921
7.653967 5.367849
5.182154 5.207407
6.188364 6.925179
6.207721 7.974320
3.892893 7.610735
3.603419 3.644496
4.158728 7.217554
5.436964 14.848955
7.799873 12.327871
9.925460 11.233462
9.356718 13.302406
9.658712 13.134296
11.978265 11.454923
19.181629 8.751479
13.345662 9.231902
13.032482 8.797455
11.565659 10.842514
16.219463 9.761121
15.661688 7.220230
15.567492 5.391945
15.543674 9.444261
13.670815 11.603881
10.361486 10.933908
8.215153 12.226784
5.751184 15.401566
6.444676 10.169147
6.278811 12.778232
7.472720 11.512686
7.395561 12.856532
7.175008 11.799290
13.843617 10.446098
11.885324 9.531991
8.104571 5.045059
7.733105 5.453948
5.992795 4.148468
7.047928 5.324517
6.295971 5.035944
6.979049 4.848533
9.139676 5.161705
3.607348 5.058347
7.426215 4.188476
8.555387 4.916208
9.155429 3.555420
8.667351 5.158921
5.537286 4.693554
6.587437 2.674111
8.572943 5.395528
7.764692 5.449884
8.262760 4.982680
5.867220 5.223756
5.102561 7.375563
3.435894 7.991230
6.100507 8.336199
6.346278 9.800830
7.278335 11.339448
7.802310 13.038107
11.602741 9.946584
13.461214 13.612947
10.327621 11.342057
11.786813 12.015151
11.723515 9.286743
11.729502 10.420879
15.643522 13.888712
10.363657 12.308440
10.046492 13.202790
8.391434 11.627275
8.842268 10.677453
5.562371 10.108858
5.274373 9.457150
6.432439 9.570027
5.688806 7.734522
5.710489 7.383571
5.944164 6.183244
6.882784 4.969673
6.717021 4.744546
5.938167 7.395490
6.244833 9.413904
6.428158 9.034529
6.125268 7.351921
4.113116 5.790306
4.236886 5.882357
4.906378 4.918860
8.129120 5.579510
6.709330 4.360712
8.968061 4.163922
7.317402 4.408166
8.624604 4.247019
8.720181 4.567127
8.486876 2.866072
8.032202 3.086112
7.773895 0.982384
9.106812 4.276731
8.648341 4.063926
6.139204 3.938943
6.214746 8.531419
5.882577 5.471538
8.271938 5.444898
9.483487 4.502923
8.301681 3.527336
9.088292 5.583283
8.319018 3.482409
9.276360 4.843080
4.114686 7.739397
5.578064 7.004035
6.234182 7.451806
5.923863 6.154887
9.314636 4.637088
9.245712 5.653946
8.516668 4.324808
9.269483 5.333947
15.099749 7.325035
15.430502 3.303746
16.889587 5.091530
15.537811 8.619772
14.021421 9.946454
12.270634 9.721916
14.158272 12.230248
11.105631 12.716994
12.303419 12.418772
9.892763 10.898769
8.553007 11.199718
6.364620 9.599362
5.420412 8.097448
6.138734 5.427422
8.534866 5.434037
8.980374 5.413393
9.111254 5.508715
8.163603 4.331534
4.612523 6.157669
5.253645 5.440170
9.664810 4.656929
8.925671 4.317626
8.102018 2.023844
8.400650 1.863686
9.089367 2.448663
7.979744 1.819382
7.786701 5.206034
5.592396 6.607190
5.796953 4.653760
2.979296 9.167348
8.710663 12.321444
7.851373 16.144394
8.351612 14.092200
8.839853 11.830335
10.036085 12.188012
8.341141 11.615579
8.709202 12.189569
9.028812 3.223841
7.530625 4.265703
9.557553 5.615299
8.314497 5.299053
9.731209 5.510390
8.878138 5.392701
7.355076 4.493250
7.904284 3.200612
8.842730 3.214016
6.521341 1.715338
8.859558 5.546372
6.215414 3.987296
6.532878 2.571377
8.981954 -0.567965
8.981552 3.633105
9.783100 4.455651
7.855499 4.228880
4.563933 4.303947
5.505574 7.461118
6.521916 5.070308
7.972836 5.423802
9.471388 3.513018
6.605141 4.806587
5.091249 11.369512
7.719957 11.438305
5.193154 11.657688
5.701755 8.309713
6.217262 5.371773
8.501397 5.265117
7.810032 1.284845
8.232639 2.801517
6.347416 2.964988
10.077582 3.628836
9.323269 3.862192
9.639194 4.286139
6.151268 5.338181
7.803640 4.850040
4.286938 4.850704
4.765456 8.183284
6.221754 8.855325
6.296198 8.430442
4.078297 7.893844
5.927915 6.536743
5.293363 6.155210
6.529219 10.817642
8.245895 11.053203
6.273595 12.490074
5.000773 7.925054
5.851431 3.239653
7.925650 5.118110
8.971098 2.885212
9.036813 -0.626885
9.027470 1.167014
9.036945 -1.291459
8.677393 -1.014008
5.777026 2.277599
6.507474 1.683482
3.956227 1.877745
3.852788 1.205737
4.956554 1.143997
6.970289 -1.812162
10.655135 -2.523974
7.353170 1.573145
8.412147 2.283509
8.374893 2.880007
9.971601 3.415227
10.463223 11.074306
11.540449 14.120542
11.817205 9.491782
15.313878 2.204212
14.759756 2.202898
14.771848 0.685460
14.298342 -1.094033
16.560467 2.827428
16.147905 5.548549
14.506753 0.719584
16.968599 4.350142
15.070233 3.471888
7.131001 4.048052
6.737343 4.618209
11.532009 11.962700
5.022069 9.154918
5.207407 10.203084
6.047761 6.396536
8.364721 5.551290
6.369555 4.584541
7.312388 3.868574
4.173307 4.706255
6.335911 7.496850
3.269263 10.265026
4.182176 5.110944
4.350281 5.903436
7.794006 5.110138
3.362896 6.096567
5.370376 6.474455
5.451469 4.024410
3.979656 1.093438
8.214773 -0.441554
8.347315 -1.657148
7.613631 -0.945883
8.911033 -0.521228
7.176667 -0.048897
7.858469 1.166422
8.438485 -1.599991
7.826862 -1.870178
10.714479 -2.702202
10.326656 -4.160687
10.085252 -3.145736
7.581741 -1.658913
9.022308 0.676894
7.592612 1.771180
8.985993 1.083910
8.198453 4.021643
10.327747 3.538299
9.410664 5.572577
6.331449 8.331719
6.483980 9.156240
4.472040 10.054704
5.697674 10.954183
6.358007 14.794280
7.290051 10.999981
5.898697 6.415606
6.315800 7.364473
5.326868 7.840081
4.525122 7.429229
6.506785 7.531660
9.626766 5.320270
7.002001 3.548567
11.397329 3.663875
14.148927 2.022577
14.303153 3.015388
16.162361 2.675713
8.776534 4.651851
8.820476 3.603375
7.842576 4.115760
6.357406 6.905098
11.824400 9.686591
6.096073 8.507967
5.474708 4.958571
15.564530 7.921759
14.954159 2.649773
16.413418 -0.014577
9.810777 5.575253
10.104328 10.812287
12.164846 14.003329
8.483439 11.948166
7.575703 4.893220
12.813735 3.761571
10.839563 3.611510
9.320033 3.465951
9.482161 4.828216
9.070415 4.773548
5.558635 5.332819
6.505531 6.032159
6.480212 7.390414
4.863775 9.709446
4.068500 8.659876
6.339676 6.397967
6.317884 6.587714
7.450367 5.443466
8.051479 4.806852
9.252415 4.784496
7.234674 5.517887
6.941224 5.322114
8.919388 1.999341
7.564181 4.787205
5.012090 9.030790
5.730885 9.091546
7.665958 11.512640
8.289588 10.675202
9.661639 10.907010
10.427559 11.806705
9.190138 5.372858
11.726904 9.958168
8.828748 5.386838
6.835553 5.096126
8.168984 2.686603
8.354792 2.734751
5.457338 7.814858
4.850390 9.160718
5.749691 9.207518
5.980843 7.292665
5.982141 8.653981
5.339193 7.000071
3.519105 2.229494
8.357731 4.420420
8.983055 5.586703
7.502600 4.704410
7.107869 3.345826
7.224235 5.454276
8.276995 5.392154
5.587248 7.955881
4.885668 6.196867
2.645118 4.966589
3.198529 10.443929
6.174858 11.355887
5.593920 7.431225
5.488282 9.594078
5.615162 6.194644
10.692064 12.285988
8.788837 1.911409
7.540881 2.709218
8.239398 3.742942
9.177450 5.240623
8.366381 5.186811
7.353319 4.039431
4.630332 6.508188
5.685369 7.506297
6.306722 6.119380
6.293659 8.479150
6.452950 6.261326
6.196808 6.687237
6.306519 8.221759
3.995736 4.352395
6.960337 5.178354
9.591434 5.103628
7.186847 3.977063
7.776297 4.043025
6.559702 4.084523
8.618802 2.241211
8.577640 2.421487
7.379240 3.965961
10.184466 3.424274
9.803974 3.413998
8.459488 4.045084
8.302526 2.916082
9.048374 4.919465
8.432289 3.681186
13.308693 3.672108
13.543685 3.789444
15.752887 4.731724
15.281156 6.691744
16.236593 4.926296
16.851692 4.451062
15.180368 7.368683
15.429851 6.989501
15.352908 7.818270
17.581873 12.689851
8.243280 2.710210
7.409584 4.527808
8.247046 1.820054
9.573462 3.849982
8.338905 2.681430
11.342106 3.467524
9.003286 4.470866
6.525035 5.126649
8.401537 5.167031
7.866190 5.555982
14.377015 1.974489
17.467394 4.988604
18.237856 5.693506
8.238089 1.325689
7.059495 1.113120
13.140250 3.564841
17.032764 1.518997
15.113686 -0.589109
14.746922 1.904473
14.601117 3.029991
12.480996 3.577401
14.081447 9.231646
12.972107 10.813012
8.364460 -2.911163
8.176426 -1.164697
8.808489 0.774285
8.858989 -0.862526
8.646089 -1.853551
9.929184 -2.587509
8.966900 -2.353551
8.489679 -0.703903
7.613462 2.870822
9.829792 4.817288
9.807810 4.995903
9.525527 3.482715
9.465532 3.677108
9.961929 3.788565
9.530359 11.856623
10.528011 11.499919
7.633484 -0.382535
9.369206 -5.376627
8.877852 -2.614130
9.395152 -1.837375
8.238597 -3.310541
8.960701 -0.799917
14.431629 1.588659
14.389481 3.684846
9.752340 3.568674
9.173696 4.347280
8.963706 5.454005
8.397179 5.129176
5.092885 5.375450
6.485780 7.489978
4.466130 9.725432
4.233852 10.451772
7.792559 11.842208
2.566864 8.682979
6.355603 7.065717
9.193012 3.594024
8.694305 4.214061
7.622067 4.628954
7.046673 4.385318
4.969545 5.748142
5.731117 6.281187
6.615365 11.114884
8.167098 13.104842
9.050318 11.474928
11.330866 13.967604
8.322157 11.492765
7.524202 11.025319
5.102653 11.535286
4.311191 9.986117
5.291607 6.980163
6.343921 8.084024
6.370448 8.450344
6.141019 7.640465
4.983714 8.058846
3.598064 8.791447
6.018781 7.749803
5.570074 9.154170
6.496914 7.291025
5.801425 8.850203
5.401624 6.351954
6.803202 3.923307
9.822151 5.096696
8.261642 4.880311
8.994640 4.439616
8.574729 4.345339
6.210139 3.753021
8.803150 5.003062
8.739365 3.305617
7.028226 2.136317
7.296055 -0.312535
8.685544 1.649301
9.016546 0.961766
8.880730 5.308276
9.777412 4.757442
7.575467 4.577299
6.147441 4.449014
9.588301 4.914191
8.767181 3.530495
12.212718 3.733245
11.992445 3.430655
9.331066 3.736973
8.996010 5.363333
8.565165 0.734210
6.874144 3.585146
7.033048 3.217873
9.539728 5.276505
8.047757 2.484815
6.797775 3.838428
7.329679 2.428442
9.795132 5.350771
7.495132 5.234478
8.183839 3.578710
8.625168 0.604421
8.432480 1.965001
7.715256 0.229973
8.358467 2.403397
5.055924 2.346659
7.626302 -0.937726
9.943605 -2.519515
9.583111 4.457427
7.484936 2.299108
8.736190 1.980355
7.400532 2.709574
9.263512 3.538687
7.799453 1.173442
8.990662 0.175395
7.507757 1.701188
9.025373 2.618931
9.093780 3.592756
8.377720 2.546282
15.170618 8.157948
14.907784 6.563128
17.312801 7.036204
16.499361 4.603784
18.167603 3.692452
15.071448 8.803128
17.223389 15.173222
16.322853 13.688120
12.135042 12.868180
15.386154 12.259376
11.832941 10.131159
9.881084 15.055604
4.642089 11.038041
4.250122 12.004406
5.643765 11.361695
11.628361 11.137783
9.055743 4.593852
9.346125 3.691242
8.439046 1.543938
8.345327 2.225644
9.424051 4.677601
8.099295 4.733574
9.638145 4.170600
11.467081 -1.821589
10.191841 -4.687485
10.446527 -2.010033
10.709988 3.766705
12.349594 10.174485
12.958343 13.615743
8.858278 10.828128
7.290158 10.925182
5.450027 7.984138
7.098022 10.752876
2.839014 7.381156
4.316687 9.775252
7.483578 12.462414
9.334484 5.632877
6.163506 7.935881
6.512945 4.677205
10.606850 11.005396
7.772135 4.768249
3.584573 2.010859
7.570565 4.532998
8.589540 5.098870
8.347652 5.141940
6.068654 3.811255
7.383494 5.216799
9.535711 5.566551
9.435993 4.339778
6.214355 5.621747
6.020221 6.983124
6.750466 4.877017
8.103667 4.441230
7.409500 1.717345
10.867302 3.597032
6.922950 3.676790
8.336521 2.299656
8.893982 2.510447
7.856832 2.574305
7.878805 3.976810
12.214491 3.518057
9.621288 5.123998
8.001475 0.599443
9.577663 5.602928
6.869805 5.154962
4.688819 3.577689
6.015742 3.100048
7.055310 4.703346
9.491017 4.580244
8.717152 5.340443
8.909428 4.967115
4.156517 10.368942
5.557545 9.002521
7.725152 10.974668
5.931637 7.250536
5.532888 8.404040
6.345587 9.794667
5.194280 7.833264
5.553477 8.432226
6.054979 9.140745
12.867945 11.239647
13.249343 10.913424
6.513844 7.001535
9.250393 4.922921
8.764030 3.956925
9.487715 4.893123
6.233957 4.441900
6.421751 2.785399
8.114944 1.121906
6.360879 5.882990
9.200158 5.256027
7.457054 5.425158
7.159321 4.747037
15.396249 5.176347
6.137643 4.411219
7.312725 5.599320
11.008984 11.777167
8.606091 4.785022
7.249186 5.257404
8.464607 2.971786
9.263448 4.256073
12.701982 10.823257
13.215392 11.049577
12.540970 10.986501
6.410005 7.093047
4.910006 7.961917
10.675817 12.378759
5.534708 12.228791
6.859601 5.412150
10.268446 11.749406
9.701477 5.565935
8.826436 3.451972
7.576096 2.641524
8.926723 2.503956
7.399079 2.982378
9.125850 5.344982
5.738944 6.686910
7.825455 12.493494
9.591166 13.817519
10.015895 12.522012
10.383904 11.178816
9.350318 10.971448
12.184437 9.357071
15.077440 10.604551
14.005953 13.817004
13.745978 11.253163
12.194933 10.139689
11.619415 9.230230
11.985301 11.041629
13.331152 10.563805
15.772146 8.153302
15.642799 6.544091
16.131384 8.524632
12.934261 9.783606
12.960713 9.142964
13.825890 11.765413
12.615044 12.517441
8.727015 10.884865
7.635378 4.878240
7.249264 2.723818
6.236884 5.902419
4.866718 5.371458
6.445548 6.564167
5.804253 5.344043
9.354885 4.596106
6.832696 5.384314
8.250834 3.862340
4.908781 5.827375
6.488033 5.930868
5.133798 5.791352
5.894031 3.793676
6.484519 5.241035
4.915104 4.344717
8.172536 4.054736
7.968024 12.680966
8.328182 5.581452
4.695794 5.141457
6.684241 3.992356
9.416365 4.458035
7.212948 5.148144
9.450245 5.161516
9.342314 3.975458
7.894984 3.298026
8.852525 1.660577
8.334869 2.027173
7.645640 2.101954
7.904060 2.456756
5.978273 3.660810
8.583351 5.179772
9.379837 5.530046
8.729836 2.848546
11.354314 3.762331
3.691820 7.059280
5.399551 9.803117
8.360216 5.291478
8.236571 4.510562
7.262840 4.677864
4.890439 5.252404
4.950232 5.894893
7.804048 3.141571
6.906729 1.228731
7.781540 0.555014
8.331240 2.649278
8.755780 1.970400
8.144466 5.583943
7.808376 2.698724
7.995291 2.526170
7.939235 4.201914
7.442185 5.374418
7.348041 3.073916
6.561122 4.140153
6.022230 7.987456
5.283014 7.687339
7.560088 10.864007
12.541250 12.514853
16.112335 11.037068
14.331945 9.503856
7.382348 2.600699
8.422645 4.038464
11.043095 3.527662
9.698837 4.868323
9.295576 4.777143
8.850637 2.510310
9.883152 -1.687258
9.494380 -1.770379
10.341561 -3.268121
11.714598 -2.740367
9.021373 -1.995137
11.401439 -8.422850
11.348477 -6.264252
9.832371 -3.385722
10.439928 -6.337532
10.899296 -6.815135
12.236078 -9.890328
8.235355 -6.406765
9.376527 -2.936113
9.933329 -2.818717
8.538653 -3.903338
10.280478 -2.502218
9.756438 -6.119990
8.662676 0.124172
8.576788 0.667714
6.814569 2.299640
7.828208 0.701138
8.781202 1.738628
16.470848 3.766479
14.878880 3.425947
9.831987 3.592073
7.990068 2.498230
5.319701 7.026090
6.100537 7.800491
5.970029 8.150400
8.290226 3.869559
6.310030 3.170135
6.531368 5.827608
6.689833 5.491368
8.560649 4.526430
7.495979 5.147331
8.911528 4.474909
7.611122 3.285640
9.271333 3.923034
7.376796 3.810723
11.045496 3.669663
9.917143 3.615300
14.065887 3.770640
14.830316 2.637595
11.572105 -2.961834
10.162091 -1.942897
8.504169 -0.798764
8.648132 2.035806
6.922722 0.035288
14.696659 -1.024589
14.318346 1.664393
14.335720 -0.425469
16.141602 1.394244
6.482141 5.726962
8.950579 1.784979
8.068240 3.545725
6.965248 4.603265
7.942296 4.753733
13.952417 3.512613
14.975988 3.118024
17.649477 0.315516
15.792669 -0.502068
14.591721 -0.725252
14.801228 -1.487270
15.458237 0.160217
18.059393 2.996455
9.682958 5.056509
8.927254 3.423678
8.655142 3.958429
7.599312 2.138880
8.727968 -0.200917
8.867709 -2.342453
9.603489 -2.489368
8.184613 -3.099015
8.371530 1.588039
7.658914 -3.605298
6.052410 -4.366478
10.663552 -3.845694
14.526414 -10.328836
11.663090 -1.689879
9.631550 5.632482
6.536014 8.493594
2.268024 7.437466
8.961132 3.787250
7.467453 0.067426
14.796574 -1.534497
16.346121 1.169543
15.575537 1.898652
16.585514 0.704024
14.602726 2.726735
8.805641 1.615284
8.781382 1.479995
9.431295 -2.924950
9.849039 -1.663079
8.189144 2.166755
8.329109 1.438854
7.658306 -0.732081
7.557261 -2.013912
7.090616 -1.992943
6.962588 -1.849150
7.725607 -1.155200
8.872219 2.239024
8.374123 2.455122
8.858794 2.423239
8.772020 2.651439
7.909884 2.475247
9.301973 4.224855
10.067333 3.484571
12.252010 3.524347
9.203478 -2.894053
8.132242 -1.855675
16.415199 6.623974
15.082732 -0.082430
14.365974 0.106568
17.275623 0.696520
14.131411 -0.190192
8.768515 -0.180865
8.069070 -0.145640
8.380944 -0.189834
8.828463 -0.190736
11.034826 -1.602958
8.130436 -5.616292
6.447652 -6.929908
14.528234 -11.121005
17.890886 -5.828080
18.678423 -5.132876
19.078892 -8.750165
17.874575 -4.245326
15.949425 4.407234
15.202614 13.710535
18.888266 8.364816
12.297448 9.487134
12.656639 11.118256
8.522433 10.854096
13.129417 14.736345
9.235193 13.004367
10.281714 11.535013
12.955175 10.853918
6.520711 4.332120
9.016164 5.627698
8.574267 5.567842
9.464134 5.202208
8.944555 3.953067
8.285460 2.574279
7.647294 2.906146
4.863458 4.321120
5.252359 4.693723
4.924619 8.276591
5.031916 8.207416
6.315338 10.013570
6.029750 9.751387
10.826462 13.904027
7.893673 11.084235
13.567560 13.398922
13.499847 9.276241
11.923213 8.864883
11.230459 10.741940
11.026185 11.638733
9.554942 5.312991
12.184587 11.484951
10.039263 12.857418
5.318443 10.161681
5.768927 8.539338
6.202520 10.176057
5.734956 10.923955
2.664005 10.774615
6.666043 5.215997
8.367168 5.505664
7.325592 5.198342
8.709393 5.308328
8.010942 4.826386
10.515444 11.215439
8.644780 12.689697
5.240896 7.594478
5.548528 7.514749
3.539883 7.185335
3.443272 6.626280
9.304298 4.463428
4.407430 9.801339
5.630767 9.267000
11.688322 8.984181
12.366405 11.622746
9.838731 11.298179
13.639569 10.285771
10.709747 13.015609
7.745595 10.887330
9.404861 11.781732
12.088003 11.105847
12.705518 15.975242
7.688205 12.512902
7.867304 5.433975
8.844572 5.225773
8.795920 5.014744
5.247797 3.839689
8.298237 4.422568
6.426081 3.859206
8.892427 5.464467
7.956280 3.452979
10.098649 3.445972
8.444363 3.888862
7.423963 5.075035
7.729264 4.565856
4.175185 10.302349
8.396404 1.837418
6.008723 3.347136
8.274151 4.101242
10.714979 3.476985
8.402348 3.593687
9.566698 4.569950
9.615556 5.300509
11.755453 8.949149
14.196407 10.832982
12.613555 10.435733
13.517606 11.044042
9.362610 10.660514
7.328557 5.429901
2.686895 6.507032
6.126226 7.718672
7.544166 5.252641
5.299941 3.840147
4.540087 4.223136
4.032151 9.844807
0.878361 9.250412
4.317006 9.923746
5.715769 6.584126
4.508877 8.669669
6.419714 8.414050
5.983523 9.367212
6.436813 12.230191
9.980737 10.963682
9.357677 11.308146
10.094925 10.672883
11.493716 10.914745
10.552887 11.960863
9.250559 4.447470
8.137228 5.203954
9.677567 5.188190
7.884288 5.292673
5.690252 7.100716
3.323792 9.160373
5.389493 10.052749
6.127466 7.932901
5.176929 6.770924
6.364510 9.320177
5.312354 7.158513
9.497825 10.901760
6.373111 8.522201
6.407757 2.293820
9.014626 2.170179
9.095232 4.859876
7.880239 3.726499
6.195194 7.693285
8.776659 11.853044
8.484268 5.142332
8.088891 4.641347
8.620907 3.985632
7.941516 4.886905
5.843640 4.662965
5.058830 5.945069
3.951779 6.845887
8.782729 3.951118
9.182743 10.880162
9.522118 11.474840
4.649664 7.600232
2.348930 8.900272
4.916736 7.785198
4.513921 7.836831
4.994945 7.404135
6.402246 4.186289
9.472763 5.373557
8.619118 3.781901
7.184518 4.460432
7.753303 4.388193
7.922098 4.963060
9.807237 5.617904
15.172369 9.319409
13.677259 15.338866
11.849220 12.135793
12.451363 10.980999
16.552671 13.461793
14.639130 10.237447
13.267698 12.279812
12.187644 9.115186
9.011990 5.063834
6.312642 5.075396
6.875479 4.554401
5.675831 7.749110
3.185261 6.399906
2.929300 4.373990
8.840132 5.190865
8.349559 5.653873
7.663640 5.133020
9.209699 4.640759
9.142763 3.691987
7.799522 3.604377
7.580743 4.838403
9.499359 5.404988
7.289226 3.704489
8.270421 3.225312
7.955255 1.184207
7.624229 -1.045426
7.977185 -4.817884
11.564263 -3.331270
11.181720 -6.740971
11.123468 -3.985250
10.744513 -5.166218
10.696539 -2.713076
10.985269 -2.843493
9.038425 -3.779454
6.998413 -0.126496
8.537306 0.700819
8.874430 3.792517
9.345634 3.544966
6.237957 4.482771
8.674644 2.814450
8.695389 0.427460
8.566117 2.703803
3.777683 6.799332
3.563972 5.877313
3.512574 5.619530
4.942123 3.550735
6.114395 4.347274
5.538495 2.741087
8.097202 0.419674
9.746572 4.500758
6.133835 1.565122
9.769584 3.774297
11.251730 3.528106
7.879710 5.530901
8.545774 2.993977
8.680314 1.627051
8.823123 2.501164
8.933096 2.261339
9.015951 4.237041
9.062870 5.072410
9.094322 3.984985
8.331303 4.135199
8.075834 4.217770
7.163247 3.291227
4.633261 3.125073
5.439570 3.085233
11.302717 3.608929
8.298744 4.423959
7.736828 0.288059
8.152397 2.529086
7.742791 1.216502
8.305866 4.267971
9.523544 3.516923
8.244038 5.109029
9.396816 3.824586
7.331697 1.582174
9.360334 5.251467
9.509191 5.399666
9.536215 4.947465
8.881805 3.729370
7.364138 2.794703
9.702303 5.303542
10.118006 11.524317
9.219655 11.245445
10.964859 11.719521
10.863647 15.139461
14.427237 17.226053
12.221050 9.998302
5.261442 9.688323
4.868021 10.641692
8.588606 10.944225
11.063883 12.942751
12.729557 15.192923
14.207573 10.860028
15.588782 4.671821
18.885078 2.914437
14.037819 3.537755
14.115324 10.381625
8.892797 4.789597
8.124616 4.706738
3.305534 5.691818
8.311913 4.738147
12.468076 9.679621
9.846352 5.595554
8.958509 2.831132
9.555505 4.045729
5.979194 1.318921
6.065530 2.069055
7.666174 2.891532
5.447163 1.273995
6.149365 3.927104
5.040859 7.896330
6.843777 4.333615
8.847775 5.244787
6.870693 5.564249
9.272711 3.986084
7.862988 2.808105
8.954924 2.295184
8.550930 3.899613
9.546743 3.777090
9.170208 4.584553
9.797967 5.038809
8.266933 4.945555
14.542186 2.481133
15.693325 2.313350
6.504542 9.171070
9.486551 10.827890
12.912844 14.562742
12.149980 15.518405
11.144022 11.423983
12.829441 12.465100
14.988130 14.800645
12.483037 11.194520
13.711313 11.349320
15.911481 11.083092
11.888659 10.158377
16.343132 8.773025
15.715530 9.266556
15.605084 5.962877
14.331466 1.133736
17.181776 3.025727
14.554152 0.603832
16.383671 -1.220721
15.901287 -1.494404
11.183634 -5.554811
11.348257 -7.288899
8.382076 -7.924263
7.504216 -5.555414
9.349815 -11.069327
10.601595 -8.669291
13.390265 -9.695502
8.165410 -7.773659
10.734363 -5.467208
11.797775 -8.696603
10.425236 -5.873499
7.360960 -2.239761
7.504886 1.360588
5.531261 1.426575
6.781176 1.087841
8.006849 -0.024126
7.999179 -0.295739
10.640219 -4.195168
10.895877 -4.289093
11.213480 -2.093974
9.577148 -1.698692
8.403973 -0.546175
9.106586 0.665647
8.948900 4.190513
7.938692 5.149138
10.117273 3.707037
7.706514 4.500750
7.044160 2.752564
6.533699 6.783746
5.921694 6.194458
6.429731 6.588214
5.897315 6.408542
8.870121 1.885401
7.621613 0.118122
8.474237 -0.196380
8.180298 1.541192
8.319771 1.783472
7.059124 2.623829
9.066861 3.041912
4.941794 2.132180
4.743737 2.326103
2.864242 2.575993
3.871171 1.684523
6.919302 2.427059
5.594636 3.425420
7.105749 2.102087
9.424061 3.796918
3.337442 1.573044
7.353807 1.805972
8.067780 3.928504
9.033669 5.393424
8.441336 5.021559
9.814642 4.272584
9.542639 5.005542
6.371649 4.881292
4.986680 8.703820
7.097413 4.009652
10.507362 3.593297
10.651050 3.652999
15.066166 3.350696
15.111092 7.289045
15.861151 6.801633
17.731964 7.860765
8.281733 3.610166
10.254761 3.592454
9.280441 3.729737
9.348421 4.106515
8.661316 5.648988
9.823797 5.139753
6.166913 1.694507
9.826494 4.397174
9.505900 4.476223
9.207850 5.576458
8.780163 2.771637
8.076280 4.847162
7.909112 11.104872
7.869115 11.148365
6.318973 8.247837
4.842891 9.075999
5.866593 7.955666
4.713875 11.693605
8.444496 12.668462
9.502680 10.863675
5.988050 12.718545
6.276275 7.685759
5.304051 8.314934
4.409192 8.411723
4.177763 5.961428
6.424804 8.311998
4.810928 6.921126
3.651902 3.922301
7.309280 5.418266
8.634808 5.153518
5.729574 5.571449
7.008523 5.424012
3.669709 4.667556
4.674668 4.088493
5.132915 7.500915
5.185500 7.541316
5.753687 8.805181
3.553582 6.200872
5.654321 6.957419
5.430733 4.328225
7.027461 4.158576
9.301418 10.819170
12.073682 11.830239
13.508809 11.712776
11.593177 12.629013
12.328922 12.808735
11.277521 12.901604
9.685801 10.721352
4.768155 6.816844
5.913854 7.166932
5.219639 6.684530
6.841132 11.106904
8.492599 12.295816
7.201100 11.330935
4.698388 6.340717
6.532283 6.167496
6.195515 7.183579
8.319075 4.635810
7.590468 4.068241
9.808824 4.101728
4.103101 6.090419
5.982130 7.288561
9.451811 10.782606
6.625585 11.268391
2.817653 7.599741
12.120210 9.091558
8.341706 5.654875
8.900091 5.029700
8.759880 5.546773
7.570258 5.287609
6.665417 3.335576
5.709859 11.233547
7.810971 11.228175
7.859931 13.701736
10.158922 14.955527
9.115292 13.296393
8.096722 11.953392
6.841853 11.150587
14.715751 -0.834863
14.152032 -0.726555
9.017845 1.708378
7.499753 0.395564
7.768636 2.554586
8.373448 5.478347
7.438478 3.793139
7.284741 5.358915
8.465960 3.911012
7.342024 4.322919
4.471774 5.616226
8.390066 5.305585
8.476663 5.010771
7.538072 4.159055
8.526801 2.854898
8.805948 4.753139
5.819070 1.675029
8.365156 5.019286
8.332565 4.986723
9.234610 5.610061
13.464759 12.148580
11.818804 10.961413
6.619037 4.698645
7.688138 3.545166
8.518169 3.903566
9.317348 3.483003
7.338402 -0.074861
8.800664 0.456673
9.836899 5.592061
9.671292 4.088539
8.641668 3.823724
9.840568 4.202524
7.998807 5.030742
7.026322 4.256817
6.222260 4.283734
6.122392 5.325766
6.570505 3.515846
6.939975 4.108755
6.816308 5.221836
8.894625 4.519875
6.102975 7.296957
5.920741 6.848956
8.529684 5.521013
6.811356 3.139378
9.203245 5.026571
6.415329 7.601012
5.501868 8.748183
6.137979 10.348463
6.535360 8.718801
9.564753 5.132856
8.129602 4.934218
12.578869 9.768979
13.648224 11.531163
8.439383 11.123816
12.725241 9.192815
11.727787 10.791098
10.903185 11.420280
9.700405 5.190515
7.059422 5.128524
6.663233 3.119926
5.644991 7.906150
6.317026 7.576024
5.535887 7.978258
10.854726 11.529528
10.402342 10.795598
10.505577 12.750730
5.860291 7.620222
4.863909 5.368972
6.346197 5.998456
6.247509 5.432042
8.054773 4.881019
7.669582 5.265023
7.521562 4.297474
4.022662 3.369051
4.723467 2.668021
5.804646 6.573346
6.441622 6.054420
4.779380 9.096342
5.709165 8.786473
6.282279 7.520339
6.453305 7.672080
5.603984 5.374833
7.579423 5.623828
9.423573 5.463641
8.763163 3.410447
9.418968 5.452033
9.390553 4.401498
8.536246 4.856710
10.835321 10.769709
8.154315 11.280556
8.712746 11.097539
9.413159 10.869567
5.298363 8.686553
5.773862 8.623132
6.060350 10.424125
6.439164 11.925678
3.353941 7.253704
6.082031 8.100871
5.794359 5.885028
6.842774 5.402100
8.323221 4.401167
4.930887 6.101342
8.447463 4.719066
9.437070 3.964191
9.693801 4.859878
6.065505 4.223793
6.745553 4.464646
6.353678 5.896572
6.470792 6.575418
6.233274 4.777859
6.523129 10.391231
7.581545 13.847036
5.439779 7.325859
6.474401 7.322483
5.761821 7.483458
14.261746 3.152022
14.438677 3.254903
15.373983 -0.765368
14.067060 3.620053
15.624709 2.539514
15.637297 3.675178
16.302942 8.223914
13.050330 9.546432
14.053664 8.833074
13.137201 12.157493
5.847193 10.790462
9.314626 10.774806
8.480279 11.686380
5.343099 8.430708
4.434690 8.300524
7.663541 2.938264
5.924878 3.860881
6.315579 6.803932
10.417067 3.418037
6.316848 1.903420
8.639978 4.372661
8.737447 10.961691
13.743500 10.558030
9.922943 10.841916
8.716837 10.850989
8.661739 11.010248
9.229490 12.057729
10.952511 12.495138
10.410873 14.037686
4.280946 10.766895
5.036651 7.901519
6.518374 8.615710
9.968517 12.252552
5.343715 8.789631
11.602197 10.506634
5.648992 9.540188
5.171050 8.667768
4.444028 6.810194
8.256166 4.563808
6.950057 5.420476
7.736161 5.149609
6.843485 4.742142
7.631608 4.398530
7.780256 5.528822
8.018813 4.785199
8.373396 5.633036
8.267199 4.354018
6.215313 5.420332
6.308090 8.742043
3.831653 10.120769
7.822670 3.537053
7.894275 5.054961
9.180582 5.644582
7.776336 2.994291
8.609751 0.591531
8.193488 2.346472
6.806322 3.192339
5.297665 2.643511
8.638820 -0.592238
7.591307 4.975872
5.800076 5.861227
6.377118 4.884901
5.878358 3.895968
10.421281 3.620951
7.805125 3.270901
7.891601 5.221433
7.946064 4.936131
6.236069 3.411869
7.178848 3.255019
9.406250 3.904025
9.581696 3.911614
5.634004 4.332144
9.503437 5.320240
7.975273 4.366927
7.175938 4.977947
4.673683 4.066944
6.316536 5.965260
6.800933 3.706375
7.821948 5.020671
4.548933 4.958580
5.906010 6.257961
5.235538 11.942912
9.439961 12.046503
9.912909 14.485028
12.079467 9.213368
11.870438 9.009952
10.441278 -2.867456
10.105810 -7.043941
9.736428 -2.049623
8.020933 -1.855836
9.016058 -0.361242
9.135019 4.088222
7.980608 4.467563
4.769475 5.969604
2.380599 6.327221
5.644089 5.853235
6.801843 4.218135
9.729535 4.783771
6.313339 4.239799
8.924878 5.028891
8.076410 1.249035
6.343752 5.510985
8.830750 4.788933
9.515883 4.619474
13.157953 3.580228
9.003944 4.255089
7.431130 3.647153
5.815714 5.079873
8.781006 4.923130
9.207703 4.630828
12.113143 8.951008
11.782100 12.149254
11.019740 11.599928
12.506000 10.382177
13.612284 9.183870
12.858097 8.795391
12.259775 11.556861
13.196342 10.183327
14.049612 9.242981
11.015467 13.234056
14.977270 8.167105
5.847008 3.392549
8.113152 5.296066
6.086160 2.743789
13.240841 9.112116
9.694136 4.278243
7.597403 4.268519
8.795847 4.492319
8.914787 2.933152
7.446464 2.910318
7.108428 4.675706
5.713983 4.865819
7.120508 3.042014
7.650183 3.487158
8.365920 1.515893
8.133727 3.558544
10.472040 3.620108
6.483044 4.504825
9.797023 5.119495
8.159701 4.679291
5.396871 5.009412
5.122557 5.538503
14.968390 7.873261
15.649837 10.114341
16.374775 2.280694
8.086183 -0.777047
9.824089 -4.985974
8.914470 -1.806414
11.721027 9.897040
12.653744 10.275858
12.032527 9.389096
11.623280 8.917624
6.076904 6.176001
4.853099 5.854097
7.682525 4.561122
10.900025 3.425660
8.458917 3.905987
9.834986 4.373647
9.636953 5.219916
7.427304 2.696010
5.559520 3.713118
6.102415 3.470565
6.276493 5.197220
6.683362 3.549132
10.788851 3.561717
9.341364 3.606297
6.716030 1.863314
8.610713 0.781109
5.731752 6.770909
6.178295 8.020879
6.784102 5.217164
8.409953 3.726240
8.446556 1.447904
9.045500 2.115705
7.940611 5.229624
7.338970 4.247229
7.263646 5.370934
7.463761 5.524402
6.620322 3.323686
15.177311 7.652143
15.947380 5.738322
13.638165 3.514459
16.400801 -1.220327
15.634907 -0.348774
14.220944 1.688868
14.442127 2.283110
14.342752 9.355778
13.045528 9.179613
12.465719 11.566375
12.322241 11.653223
11.546087 11.994673
6.491247 6.394752
5.429742 7.113440
5.225987 3.194882
6.642369 5.412020
9.454431 4.982721
8.585360 5.551018
4.648454 3.568263
4.163971 6.312970
3.551126 6.544269
4.503955 7.051348
7.225764 4.659324
8.219742 1.556167
9.968013 3.532769
10.217156 3.708287
6.386530 4.164973
9.880645 3.424223
7.654538 4.677992
6.144836 4.883086
5.957824 5.549609
7.210932 5.162625
8.480963 4.324150
9.643160 3.978823
9.233889 4.460720
11.830259 3.449141
12.976751 3.697047
9.737497 5.369641
7.653122 2.578736
9.701330 5.091939
11.926035 8.987172
15.758822 11.394289
14.706493 13.862836
5.125906 12.859813
4.229587 7.518516
5.984299 5.064868
4.858385 5.169873
6.123735 1.863915
9.239976 4.113933
8.664485 3.327881
11.435050 3.549328
5.198040 5.797370
5.791124 7.392673
6.402453 8.684319
10.760899 13.377782
12.294525 9.918426
12.904671 10.072090
8.650709 3.787169
9.086522 2.740478
7.798153 2.518302
8.356065 1.415903
7.192098 2.138410
7.462167 4.016222
7.484490 4.284698
8.224380 4.325419
8.867506 11.244831
9.370489 13.902297
12.126888 12.376652
12.609928 9.786174
9.645614 4.991529
8.319763 3.674514
8.286561 5.119777
9.231167 5.635455
8.439142 1.759655
8.657474 2.200418
9.081628 2.459305
9.453453 4.015903
7.204455 -0.011975
9.451237 -3.260962
14.710026 3.346259
16.518604 4.644828
15.141058 6.314841
16.234493 7.880760
13.783916 10.360103
16.452190 7.450630
16.911819 3.375023
9.589966 3.503005
6.629103 4.461519
4.548470 7.738504
6.771299 11.245512
5.159198 6.901311
6.019574 4.902801
12.017607 9.362444
12.529062 8.958027
15.522956 7.351497
19.533978 0.902227
18.792229 3.311332
14.689452 2.925986
15.163414 3.118060
17.739010 2.859275
14.982377 4.321332
9.303596 11.886810
8.695942 10.699037
6.053765 8.917470
5.716566 6.323482
4.796528 6.150079
5.824594 5.869019
6.525753 7.333126
3.278288 6.328710
8.708237 4.236968
5.313016 4.338424
5.480458 8.682406
4.054038 9.334743
4.300852 9.546683
5.824056 9.199302
5.741154 7.648542
4.585455 7.800763
4.121970 8.033574
5.044417 12.399443
8.656675 12.160504
11.216848 11.078841
10.565279 11.411248
10.101866 11.950135
14.687370 12.922163
12.946524 12.425057
12.143200 8.988225
13.845398 8.846313
12.294909 13.123143
6.085663 11.966840
8.393700 12.009749
8.740049 4.854882
8.195385 3.649802
10.819387 3.503543
8.695679 5.576925
8.387024 4.437930
7.294989 4.087681
9.848324 5.551060
9.098013 4.845667
8.796507 2.817594
9.808247 4.840667
9.535300 5.481386
9.237599 3.643313
6.725039 3.333966
3.342063 1.812472
7.739373 0.910800
8.074422 4.008545
9.636357 5.031194
7.560571 5.531510
7.183758 4.698157
8.049898 3.160764
6.668150 3.229380
9.109869 4.763890
8.421258 3.009048
8.306060 4.010511
9.016505 -0.965012
7.805778 -2.463278
7.990561 1.140180
7.042570 1.180203
6.861432 0.753144
7.145557 0.131154
8.124870 0.387182
5.972302 5.086116
4.838121 1.269700
3.289158 1.534072
3.920014 1.297646
3.599004 1.598359
2.899168 1.318030
1.358253 1.303381
0.249200 -1.210936
0.580925 -1.690776
-0.052084 -2.520356
1.127928 -1.899546
1.116233 -0.411475
1.613663 -0.027455
1.484564 -1.220819
1.733967 -3.339194
0.858183 -2.589436
1.322850 -0.384768
1.059405 -0.011990
1.133821 2.106600
5.533020 3.531620
4.223717 2.461334
3.559891 2.516612
6.891998 1.792006
7.174526 0.911705
8.863387 -0.186248
7.377733 0.776606
7.327458 -2.937438
8.093980 -2.838635
7.938745 -2.898215
7.443671 -3.129220
7.413520 -2.649579
6.989408 -3.771796
8.852600 -1.150893
5.585854 -3.948652
4.715519 -6.307471
7.446648 -1.680280
7.435924 -0.924512
7.218601 -1.580081
6.255214 1.297752
8.965236 0.936974
8.306311 0.067684
7.760159 1.449924
3.280903 -3.963352
4.571228 -4.797032
7.494422 -3.945093
4.587468 -6.047810
2.544294 -5.398737
4.176867 -6.466998
1.465109 -2.704945
2.105730 -5.388839
4.035106 -4.275991
5.232856 -4.755653
4.601284 -4.964692
2.360097 -4.090981
3.001864 -5.542762
0.430788 -2.958280
-0.132560 -1.235354
0.206053 0.775513
0.425810 -1.055716
-0.018172 -1.025403
0.959294 -2.118049
1.190240 -2.753955
-0.117062 -1.821702
0.969059 -3.073677
1.028436 -2.877809
-0.817847 -3.929804
1.084295 -5.461740
1.658589 -6.464003
-0.230394 -8.857076
-4.516652 -10.859143
-14.721045 -18.616587
