17.833549 -2.040321
14.790566 0.617694
15.026614 -0.224718
11.536680 -3.048377
10.879679 -5.103631
16.262831 -8.920547
18.461998 -10.393481
17.882412 -10.216784
12.263212 -9.992389
13.609998 -7.841398
14.530889 -12.779433
18.321211 -7.864321
15.749105 -7.845857
17.116909 -10.361993
14.212809 -6.858716
19.262333 -11.638012
19.756184 -5.885598
16.353306 2.077909
14.828487 1.121496
15.275641 8.655159
13.090508 14.848088
9.108891 10.971691
5.746353 7.895010
5.474457 7.013516
6.421504 9.193393
6.368544 6.921788
9.283386 3.904923
9.667624 5.634091
9.752585 4.702966
9.571392 4.942651
8.963722 1.676232
8.005425 -0.569079
7.720286 -1.707030
6.901801 -1.160375
11.649630 -1.945954
8.931617 -0.152846
8.919538 1.595066
8.162646 1.052265
7.766694 3.928835
5.867204 4.484206
4.910433 4.576452
5.718519 4.625620
9.501017 4.947815
8.921727 3.001338
7.250280 4.350603
8.220707 4.652375
5.901452 3.910723
6.012115 4.480234
4.255461 9.400791
5.822836 9.203627
14.392541 2.043157
16.329851 -1.080840
15.253292 13.458105
13.795523 11.620637
12.001758 10.752205
8.777038 11.223607
10.389185 11.400436
9.368947 10.900485
10.015850 11.035571
6.338151 8.071683
6.610939 11.982816
4.528176 8.338237
5.604207 5.680663
6.378916 9.150290
5.451054 8.020411
4.443122 4.967240
8.297883 3.147682
9.037889 3.861254
7.865892 5.278884
8.063732 3.309333
10.939426 3.595340
10.488582 3.560460
14.690371 3.429532
14.847408 2.351133
14.404598 3.406292
13.267778 9.365769
15.756691 6.036430
15.243870 1.853721
17.649479 1.832168
16.120129 4.903485
8.760992 5.598283
16.375814 17.081902
13.059588 13.005413
10.683149 11.276918
3.167079 9.667340
2.605923 6.706358
5.710637 6.080500
3.135451 4.271447
5.781455 7.390410
4.497536 9.615762
6.394832 7.872780
5.724358 7.705953
5.886563 7.447602
5.818424 7.313625
5.957603 10.651339
3.726417 7.471022
5.393870 9.453506
4.796868 8.778366
6.006256 6.683774
17.096333 10.982158
15.630618 7.756371
14.484954 0.520389
16.930071 9.788211
15.414513 10.361314
14.823238 12.101344
14.959751 6.775143
8.429764 4.183584
9.509972 4.086357
8.609240 4.502240
9.706404 4.872897
6.739081 3.002383
7.557824 4.713070
14.779424 2.950426
16.921486 8.563814
16.394386 7.505884
13.783751 8.870410
12.452174 9.841399
6.084199 7.394310
6.155581 8.530869
7.955248 5.582281
6.195347 5.425250
3.719902 6.634335
5.190287 4.521814
5.769613 7.616573
5.933051 5.750003
8.764746 4.930198
9.692731 4.183325
8.253981 4.977057
8.593378 3.460298
8.131252 2.386530
8.942508 4.591377
14.958056 4.856805
18.227743 17.260056
12.510550 10.335059
17.391405 9.145796
16.381948 6.291497
15.247440 12.983564
17.583080 8.550037
13.026142 9.344979
9.366758 3.839873
9.228929 11.299339
7.632851 12.147767
10.052032 12.678524
11.299996 3.636866
15.164623 6.848500
15.171119 1.216020
16.716354 10.897630
14.582135 10.994446
12.354597 11.962604
8.295180 11.578741
11.277914 12.706449
14.560700 9.758723
12.742058 10.454706
11.858897 9.031865
8.909309 4.875229
7.846002 3.577229
9.107640 4.916102
5.389385 5.249300
5.929281 6.268890
6.670941 4.142921
9.712442 5.273345
14.782360 12.457316
11.592719 10.612405
11.995802 10.522606
12.147769 11.579198
9.857740 11.078140
4.574321 9.819315
5.969774 9.524674
5.918007 8.340469
6.444138 9.066666
9.650270 10.724019
9.032165 5.332169
7.969413 3.857691
6.714433 5.232737
5.943374 5.565147
3.812952 9.845821
4.954458 9.700459
4.204152 7.159303
9.016718 11.434304
6.354965 11.062201
9.166723 12.428239
10.616940 11.556844
6.500332 8.673965
5.712714 8.162899
5.316282 9.094890
6.458314 5.111643
8.383989 5.570009
4.766637 9.199907
4.817030 8.262492
11.591523 10.798925
9.259699 10.905716
6.965886 11.137070
7.767354 10.793294
1.104488 10.334326
4.953292 9.601959
5.268036 8.476460
5.632200 8.813837
5.933902 5.252302
6.310852 7.102227
7.770353 11.270851
7.710826 10.812475
10.384163 12.113541
6.615179 11.252874
7.984020 11.135163
8.101806 12.019560
9.753239 13.233048
13.267935 17.357933
9.937088 11.172662
10.286800 11.265323
12.409773 10.298184
11.077419 12.174612
10.650179 10.739341
11.622860 10.252679
11.350978 10.882172
10.935928 13.052950
11.378070 11.060355
11.929327 12.281405
11.675207 12.173960
6.508591 10.505084
6.267972 9.727223
9.124026 5.058308
8.663097 -0.439768
8.461806 1.848135
8.267703 2.518599
8.991585 3.054992
9.193367 3.925850
6.920489 0.336699
8.655857 -1.813925
8.370522 -1.996584
8.040961 4.706426
5.477999 3.669860
11.446573 3.748242
11.953733 3.486913
15.786982 1.180206
9.001640 2.937091
9.145757 3.702202
9.422937 4.067066
9.316067 3.775921
8.855621 5.526934
6.678909 4.578732
7.568508 1.904027
7.890939 1.388427
8.315605 -1.226919
10.648061 -2.318533
10.467669 -1.661988
8.214404 1.095622
8.340212 4.256951
8.390293 1.044731
8.437078 -0.194397
7.475872 0.800523
7.971714 -0.890465
2.814958 1.622326
3.476884 2.995073
5.533660 1.879558
4.633003 3.160044
2.795411 1.333144
4.233265 2.128382
2.986961 1.402957
9.702837 4.128841
9.840919 -3.427188
10.101122 -2.109537
8.790449 1.776397
8.660574 2.682903
8.360416 4.415274
10.074597 3.455262
7.531351 1.589126
7.923632 1.524539
6.712138 3.299682
13.284338 9.012979
8.957851 10.947991
3.516895 7.334091
4.206478 6.350699
8.633213 10.714106
6.528630 9.173826
5.158132 7.118099
4.909922 5.289294
9.019680 3.186981
7.370774 4.116995
6.164206 3.440417
4.807973 3.349818
6.796628 4.000199
8.384937 4.734858
8.507967 4.962076
8.662210 10.793950
8.663340 4.909481
8.172369 2.776819
8.774359 2.480586
9.266556 5.463075
9.597920 5.189952
9.710949 3.534134
10.453659 3.678751
13.249723 3.582151
7.681005 -1.610216
7.139726 0.345506
7.555723 0.352964
6.138636 1.933595
14.896305 6.649849
15.990042 5.559685
16.198570 2.869775
8.851845 -1.018286
7.791357 -2.643229
8.060709 -0.548431
7.628134 0.207509
9.028719 2.235177
8.830153 2.226414
9.090675 3.313423
6.421859 2.713237
10.345995 3.412935
8.087109 4.352363
8.115106 1.070916
9.037892 0.098337
7.907267 -2.638461
8.773618 -2.072384
10.582604 -3.388595
12.052891 -6.933969
9.909258 -5.013941
9.235982 -6.644361
8.820975 0.261206
7.910843 2.016496
9.443022 4.152442
8.529776 3.344250
8.711233 2.890372
7.851341 2.613222
8.447513 2.926681
7.915874 2.069861
9.026693 3.832550
10.335535 3.716060
6.307446 4.201010
5.152320 4.292211
8.138279 3.830284
6.986770 2.910825
4.419593 5.647207
9.152485 5.484364
8.895964 3.763008
8.552507 3.573771
8.620927 5.476184
7.486078 4.968834
7.618395 4.171587
2.959656 10.402955
8.062037 11.014342
8.175146 13.551833
9.086349 11.238894
8.557256 5.351892
15.169205 5.524300
8.422582 2.701302
7.906189 2.184932
9.910634 3.664059
8.375810 4.995193
8.839432 4.343684
7.725344 4.825811
7.583853 5.448614
8.736211 5.173230
12.361240 10.971341
8.781120 11.622872
6.690568 11.630076
10.485183 11.791066
9.704760 11.790424
12.944952 11.025928
12.043260 10.565675
12.476681 10.825344
8.077461 1.219512
8.556561 3.182837
7.832755 3.750508
8.751359 5.092016
5.215371 9.442382
5.733520 9.965899
8.673003 12.082650
4.175508 9.400695
8.647808 11.864643
5.265265 10.051222
5.321689 14.948937
5.433349 13.212372
8.225168 10.877172
9.373883 11.305665
17.328381 11.485572
15.409304 12.911099
14.016107 10.590241
16.544514 6.242725
16.325909 1.675298
15.638800 1.069454
17.982470 2.537155
16.379612 2.260690
15.605444 1.510251
9.580854 4.533535
8.211026 4.376378
7.020998 2.721003
11.150755 3.719300
7.411620 4.036403
7.989284 4.578081
8.353038 2.007753
6.542714 1.677010
7.530257 3.795187
8.837654 3.718427
7.585345 1.473901
6.494678 1.546314
10.221961 -3.139232
8.854649 0.247614
8.161690 3.273489
9.302841 5.007136
8.619428 2.132066
9.510149 3.593091
10.671019 3.764996
7.649058 3.194648
8.185669 1.691069
10.389925 -2.559381
9.216186 -1.758957
10.816072 -1.924023
7.538372 0.418640
8.357223 -1.024584
7.941606 0.738231
8.345467 1.599352
8.983897 3.330453
7.014349 3.259101
10.670226 3.510947
15.566682 3.571540
16.012999 4.453296
18.096794 11.820132
9.292479 13.381688
6.584437 11.503290
5.573406 7.571771
4.687293 6.572271
6.141411 4.554830
5.851538 7.922171
6.220727 8.284890
6.130451 9.024404
7.403086 5.636571
12.691633 10.163306
15.094110 8.488648
9.480652 5.117571
8.784620 4.738660
9.245770 5.346489
9.484689 4.180124
8.947486 5.533951
7.781930 4.757958
3.938639 7.063251
3.803236 7.780824
6.147231 6.985595
5.484523 9.040886
5.784591 8.707960
5.268531 12.248532
6.224565 10.389659
6.361723 7.340534
14.898453 9.825216
13.773246 9.940091
12.978933 9.578527
7.669107 3.816589
9.299371 5.542421
8.692339 4.671303
9.810005 4.585066
15.596786 8.527181
15.387868 6.620775
12.315985 3.643106
8.625529 11.816881
10.897165 13.714248
13.720621 12.934404
9.850539 13.036615
7.158872 12.505982
9.609228 11.245172
10.761706 12.593412
8.579210 10.741990
6.236226 7.132747
6.757038 5.562008
4.866089 7.050594
5.856251 8.463223
5.853637 8.165564
5.089573 6.557188
4.026275 6.628064
7.433623 5.517334
5.047484 6.070771
9.098965 4.923601
9.083842 5.364603
5.397196 5.196272
5.962934 7.149924
5.809595 8.808764
6.318171 11.316627
4.588928 10.889286
4.989296 9.695072
5.541035 5.176999
4.779285 5.670919
9.691084 4.999131
8.510014 5.243786
6.619693 12.053949
5.992041 8.707111
8.993777 5.089016
11.591423 9.054752
5.138058 6.943104
8.614033 3.577171
9.309437 4.998320
7.136063 2.762509
5.772876 2.276945
5.971789 1.195946
6.053577 9.374998
5.746902 8.284163
5.241974 7.832018
2.478950 8.634231
3.588165 8.363697
5.809495 6.054842
5.485161 3.695375
5.618929 2.855368
7.571284 5.066782
7.106847 4.293521
6.821226 3.133136
5.659341 4.794095
6.499799 6.033786
6.277339 6.975144
5.065164 6.244462
5.818633 6.824837
6.188890 5.655264
7.877600 5.001736
7.127080 5.089448
5.435797 6.272264
6.912890 4.646650
7.635758 5.188417
8.314813 4.956861
8.783041 5.141714
8.800472 3.960688
8.399267 4.355674
7.384979 1.649309
6.048334 2.852187
5.761251 7.137095
4.318663 11.616760
6.030130 8.076244
5.895548 9.528203
4.529477 9.893524
6.255214 9.475901
5.074475 6.335618
6.487220 6.995937
5.412199 4.129651
9.110749 5.324661
9.494028 5.605657
6.044477 4.377932
7.706823 3.859548
11.534914 3.776835
7.037753 4.679203
4.714609 3.314184
7.684206 4.936498
5.941364 7.052399
5.917881 4.711972
4.818915 5.000891
9.729153 3.581724
7.785072 2.795085
9.935195 3.566601
7.907017 2.407125
7.756717 0.431046
8.544396 -0.006778
9.067814 1.349714
8.915455 2.828534
7.516231 4.199975
9.841804 3.412342
8.829096 3.045391
6.782555 5.497884
5.894342 6.457556
6.220231 9.404457
6.179818 8.111812
5.617049 7.469062
6.273952 7.611310
8.050723 5.605759
8.200253 4.474010
8.666882 3.527724
8.095373 0.640980
9.549314 5.186649
9.631180 4.526062
14.191305 2.646859
7.630363 3.111887
6.826351 4.801043
10.642105 3.751685
5.708484 5.311397
6.407739 10.091470
3.815038 10.487825
6.413862 8.899540
8.949962 5.580168
7.772036 4.131730
9.833093 5.045273
8.436558 4.099661
8.127419 4.983916
9.507554 4.062223
5.581039 4.987998
3.165574 10.195017
5.083698 7.704121
10.329790 12.911918
8.515677 10.710191
12.152936 11.860958
14.115407 12.045567
11.822470 10.201621
9.025404 10.852436
10.831610 11.310328
10.311796 12.011847
11.583376 11.176741
8.702146 11.295255
12.025961 11.008151
8.574821 13.252028
9.795037 11.144565
12.590761 11.589417
11.660535 11.735833
13.291603 14.053576
16.407797 6.214855
15.141334 8.965424
12.332197 12.516336
7.303680 12.221755
5.810838 9.200749
4.952356 8.479667
5.158210 5.167325
7.071044 3.633586
9.833691 3.739189
8.841559 5.052564
8.169789 3.219240
10.255974 3.686633
8.267193 3.639404
5.022721 5.230510
5.743961 6.768654
3.607667 6.214265
5.365082 6.704337
7.985413 2.102298
7.097507 5.474897
8.815410 2.591507
8.485965 3.469793
9.343737 4.893074
9.777393 4.573936
8.997421 4.223888
6.939721 2.622983
5.918406 1.594132
7.466665 0.823913
7.886693 1.897672
9.618650 4.037150
9.761316 4.947508
8.854559 3.766115
7.671254 3.894722
9.242786 4.613100
9.506397 5.112394
7.751559 5.015844
6.233416 7.110596
6.311257 8.347027
15.307089 5.047377
17.296713 8.155543
13.054469 10.792721
12.383438 9.870877
9.851406 5.626495
8.984808 3.128508
6.961560 4.586549
4.725547 6.791821
6.433857 6.362654
6.236105 4.805218
5.873993 8.548738
8.473376 5.262696
9.728132 5.088940
9.296659 3.799646
11.167714 3.439072
6.323269 3.471173
7.284063 3.152216
8.520787 1.708118
9.416925 4.299098
8.633101 3.134650
9.791593 5.019270
9.835922 3.918562
8.441326 3.068759
7.487269 0.532545
8.773645 -5.971478
6.883566 -3.840393
9.455896 -1.843608
9.180923 -1.770024
8.639045 0.494085
9.234856 4.786582
14.652323 -0.599077
15.937046 5.788730
10.879182 3.753670
6.133367 2.902185
4.447192 1.219123
4.133885 1.123028
6.935816 -4.783582
9.883419 -4.215331
8.321024 -2.040157
7.504949 -2.709013
9.491838 5.060997
7.448110 1.006483
8.608404 2.341816
9.084352 -0.845918
8.821177 1.912121
10.641825 -2.853964
11.301414 -2.668170
10.181593 -4.142588
11.640198 -5.415610
9.594771 -6.840559
8.382393 -6.764862
8.901058 1.010912
9.442652 3.809685
11.119208 3.471065
9.553338 3.564082
10.154963 3.608512
5.372723 5.044546
8.815390 3.132218
8.613123 3.123680
7.338497 3.803463
8.913187 4.272102
7.714802 5.354702
8.335684 4.039499
6.845548 5.461372
5.364753 7.033819
6.309078 6.699773
5.845038 4.609182
8.265034 4.421601
5.734451 6.292235
12.976909 13.071826
12.161043 12.854608
7.183942 11.556062
11.195507 11.671572
10.354983 13.488047
9.004713 10.910748
5.779062 11.124245
9.009430 11.241898
7.644608 12.601222
7.804262 3.842958
8.695624 2.503602
5.939226 4.865248
7.757200 3.012990
8.569321 4.454895
8.579370 3.533001
6.283082 4.610818
6.726167 3.339674
9.036762 5.218534
9.307697 4.163388
8.837568 3.616359
6.426036 4.134606
8.797034 4.532987
8.869377 3.952981
6.722397 4.495578
4.049712 5.533177
5.413309 4.225692
4.657782 7.055762
6.442328 6.661474
6.513626 11.004666
4.883008 8.464337
4.970762 9.700830
9.474219 11.170835
7.995502 12.866282
3.193986 6.613855
5.819648 7.219824
5.430104 6.116712
8.727364 4.709625
9.181370 3.708390
9.616997 4.689277
5.509339 4.614227
6.366709 7.373290
4.803531 9.613550
3.836515 8.331232
6.429291 12.511846
9.039550 10.680026
7.549821 11.850294
3.128414 10.320305
2.856827 7.123011
5.770741 7.839342
8.930528 5.611328
12.194031 10.418769
7.639897 11.540936
5.010277 9.670039
12.178521 10.366431
14.872458 8.305711
16.052275 4.967447
15.667810 8.326580
13.862535 9.826956
6.334685 6.863269
4.415858 8.504327
6.402478 7.648905
8.518867 10.738910
9.563890 5.280623
6.863214 5.562200
7.080276 5.252295
7.521842 5.593583
9.047049 4.779176
9.588831 4.622317
4.942775 5.911031
9.718639 4.236018
8.773945 5.250294
6.147294 6.307978
6.001527 7.000836
6.114641 5.100540
8.995560 5.514898
4.972345 7.491112
6.323005 7.003694
6.400482 4.005596
11.550213 9.864085
11.883801 9.684340
7.329542 4.412927
7.013277 4.747285
7.091056 5.252762
8.909558 5.578057
8.272030 5.383567
6.378495 3.120532
6.309910 6.234409
5.197438 6.107790
5.204414 7.371734
5.795031 6.778245
8.403000 1.539971
8.625788 3.521925
12.684690 3.461639
16.247284 8.854263
6.724381 5.578829
7.393791 5.475919
15.292984 6.138181
14.929268 9.722279
10.988062 3.680352
7.558113 5.021804
7.143743 4.117955
7.175614 3.236259
8.803097 4.656115
7.819632 3.836973
8.670778 4.592571
11.561454 8.993990
9.465334 4.611333
2.855565 4.571248
8.315212 3.318524
6.430161 3.104662
7.224593 5.459427
10.097101 3.585171
9.421021 4.558869
8.228765 1.318522
8.594543 0.536321
7.618777 1.659221
8.007077 2.475938
14.428289 10.962917
12.009897 9.185979
8.526385 4.892858
7.936985 5.291707
11.563745 10.794788
5.628612 11.651981
6.134187 9.268245
7.809034 11.058823
4.217121 11.496817
7.620777 13.553227
8.758701 11.946712
9.384233 4.706035
8.725958 4.457762
9.530206 5.266058
9.553753 4.202435
9.672160 5.023550
7.091025 4.688172
10.337911 3.510474
13.895149 3.474200
11.581215 3.604603
9.364728 3.715385
8.930410 4.584991
16.143259 6.549816
16.066008 8.309690
19.543421 6.008344
17.798042 6.939901
19.318939 3.191218
19.774277 10.229167
11.680002 9.019905
14.702095 10.427203
11.681584 10.206136
12.507762 10.741848
9.443272 11.490643
7.729696 12.974817
7.605923 11.445070
10.026733 11.397132
6.023728 11.051075
5.721657 5.902434
7.272416 3.422328
8.277931 1.262251
3.285284 1.686265
1.576175 1.964565
-1.710379 2.310838
