8.677905 -8.512223
5.303227 -6.246646
2.248248 -6.582362
2.180588 -7.119679
2.515990 -4.151132
3.023400 -4.652836
1.313127 -5.851048
0.872026 -4.209597
1.785441 -1.550606
1.762557 0.327464
1.690931 3.197928
4.616332 1.662471
6.978801 1.120295
4.434084 1.408911
3.046361 1.777829
3.464138 1.587703
3.980651 1.457599
3.563923 1.199496
4.914042 1.700443
2.097360 1.294035
3.111180 1.346062
0.294394 2.515295
1.047374 -0.093878
2.024765 1.419033
5.165393 2.571091
6.622318 2.563491
4.683117 2.001405
7.145643 1.090432
6.971751 1.730330
4.748724 1.612955
3.351151 1.741338
2.255997 1.415612
1.268911 2.107635
1.775801 0.422019
0.917742 0.172734
0.958627 -0.001483
1.665402 -0.861932
0.700827 0.101143
1.742462 -1.532148
1.481111 -0.643110
1.645675 3.759161
0.491760 5.604423
