9.614661 -9.168428
7.847509 -9.348916
8.718660 -8.217221
6.455872 -7.907830
9.939854 -5.718558
4.328809 -6.661657
6.163914 -8.094108
2.837118 -6.977371
1.979127 -9.745016
0.296493 -9.076629
1.850713 -10.602958
2.648976 -15.356324
6.550532 -15.353718
3.959116 -13.202768
-2.442923 -11.438320
-2.238053 -11.919618
1.625929 -9.574605
1.970544 -11.142878
0.621199 -11.348670
1.694219 -8.785907
7.132424 -7.453449
5.810825 -6.163225
5.966051 -6.867439
6.565670 -6.775322
3.067080 -6.299011
5.860916 -6.002126
3.639410 -6.368748
7.662921 -4.770342
3.736611 -7.623269
2.449709 -9.544019
8.974453 -10.735532
11.118672 -14.472441
7.271983 -13.937575
4.546994 -13.338387
6.884372 -13.427003
0.150096 -14.543052
4.441772 -14.599931
7.591572 -15.545149
8.037344 -12.966562
8.488891 -11.170152
7.811808 -7.977372
2.830924 -8.411442
0.875359 -10.888930
2.750425 -12.483722
2.498123 -8.154777
1.327184 -9.722638
3.809535 -7.500566
8.265152 -10.636147
1.034833 -10.918150
-0.004394 -11.886204
-0.524066 -16.993427
1.187155 -14.895959
10.583849 -16.052725
11.567334 -11.916259
8.139166 -10.918636
8.116084 -9.365445
7.448133 -7.049831
5.341039 -5.702342
4.990541 -5.999145
4.902524 -6.940874
3.735736 -6.391191
2.417043 -8.743551
8.933756 -10.065454
11.575315 -11.027148
10.036050 -10.228239
8.299955 -11.583106
7.960198 -14.841905
4.627964 -16.665934
4.560280 -13.432402
-1.131853 -13.199611
0.544659 -12.714760
2.029029 -10.380389
3.721111 -5.209024
7.372801 -7.967121
8.675871 -9.150199
8.724147 -10.227811
8.255369 -11.118448
7.089650 -13.278558
10.631167 -10.991531
11.817302 -10.217353
6.953183 -6.203854
6.269947 -7.418648
6.980786 -5.779715
5.224158 -6.962963
3.288001 -4.943272
3.769962 -7.936074
5.897097 -4.950940
5.557801 -6.761358
5.505875 -4.752238
7.399711 -8.010348
9.311996 -11.390925
7.891943 -9.891829
5.047515 -6.548018
3.511211 -7.277396
2.114156 -9.477450
1.724276 -12.267663
1.344235 -10.438483
1.586786 -10.338887
2.280850 -8.013279
5.934113 -6.592991
7.258156 -5.809921
5.965326 -6.825719
7.544313 -7.034467
3.664873 -7.350955
2.660206 -8.012016
0.490104 -10.988028
2.167082 -11.187270
1.627610 -9.950925
2.200133 -9.626453
0.916014 -11.411628
1.913703 -10.897058
1.572183 -11.725453
-0.492672 -10.173953
2.513313 -12.373665
0.357990 -13.523669
3.810953 -13.314602
-3.451692 -12.627992
-0.521106 -12.098979
1.118614 -10.008826
2.218291 -8.157298
0.813358 -9.155044
-1.884992 -10.263911
-0.497658 -7.950652
