11.359788 -17.242533
8.713630 -10.478920
10.956360 -8.381467
11.329895 -3.437287
8.517615 -1.867363
7.286201 1.236703
8.884654 2.910916
6.449713 4.825652
6.459729 4.642672
6.732967 4.825386
9.107817 3.333336
8.785553 3.088727
8.980860 3.277903
9.060490 5.237226
5.127523 2.474158
6.295447 6.637511
6.485919 9.182091
6.271585 7.264408
6.112061 6.485972
7.265003 3.532314
9.797268 4.045619
8.741131 3.868934
7.945303 2.637690
8.270275 3.199584
9.623863 5.038618
9.745464 5.332699
7.758046 1.682272
8.740635 2.540005
7.631091 4.593851
9.551657 5.434501
7.735592 4.488968
9.469207 4.372126
6.336253 4.745172
6.459961 8.017921
4.165829 6.294686
5.102021 7.417787
6.743981 5.156825
8.478562 11.006248
9.697615 12.632051
6.503217 8.758384
4.982723 10.217456
6.462322 7.043690
5.703253 4.644969
4.405215 2.557958
6.714159 2.220701
9.130034 5.102201
7.607449 5.447071
5.721916 9.423997
5.853728 9.517170
9.241177 12.175402
12.079672 9.620191
15.109191 9.725034
7.128271 12.473820
11.209775 10.724950
7.694007 12.364816
6.163777 5.685123
8.735322 1.975153
9.007744 1.568786
9.575036 3.622273
7.371032 3.453247
10.985245 3.465846
15.167295 4.077888
6.264900 6.833970
8.946448 4.132925
8.029311 5.511504
9.477044 14.090986
8.785847 11.239010
9.570877 11.856916
7.537001 11.440391
12.252090 9.697756
8.468984 10.952652
6.141624 8.965787
6.031069 9.161429
9.524857 4.666232
6.171947 6.665342
14.221472 9.720622
13.292046 10.010163
16.097124 4.803208
8.015252 11.209229
7.868726 11.740631
9.913939 13.431292
10.619086 13.141770
12.144463 10.462263
9.066255 3.505858
8.674547 3.962794
8.418031 4.729086
7.865431 3.459184
8.330983 3.572411
5.159786 6.581488
4.531207 9.672655
10.802298 12.568284
9.896008 11.450312
5.980012 8.934156
5.606050 8.903838
4.003858 5.028321
7.143592 5.029338
10.179626 3.456939
10.596024 3.782627
13.190380 3.769486
12.333229 3.417734
8.053648 5.404989
3.070220 3.996154
5.585857 5.463145
4.109873 10.527761
6.918156 11.870897
12.522863 13.056239
10.029938 11.353072
5.172025 10.451266
5.674103 7.044149
6.511604 6.852277
5.879237 7.790411
4.887440 10.307778
9.256919 10.814122
9.479130 11.433700
9.948627 11.964546
4.891281 6.923878
5.375229 5.715618
6.420714 5.451016
3.883745 3.992965
6.359459 4.071013
7.042313 4.270755
6.973902 5.490293
6.196527 4.705635
8.839965 5.510359
2.989102 2.763485
4.935590 4.264827
8.102905 4.706873
6.243502 7.022374
5.028268 9.010799
6.171664 6.783142
6.049895 10.127168
6.070927 8.114133
5.776662 8.097541
10.323957 11.758801
9.695319 10.888366
11.538143 14.005259
15.235569 14.214800
8.598443 10.957202
10.242621 12.164386
12.602676 10.896251
12.176277 9.483191
5.638893 6.650009
4.966980 6.460171
9.375907 5.004555
9.257500 4.263135
9.824872 4.532887
8.769678 3.474755
7.867990 2.537175
5.870533 1.848833
8.210619 1.623763
7.093117 0.304498
8.792719 1.918296
8.960054 1.472780
8.176358 1.347356
6.756665 1.454629
8.311113 3.739490
2.870906 7.996631
5.512402 7.254954
5.212573 5.735093
6.196576 6.250035
3.810241 6.111567
6.831259 11.149688
8.357632 10.895706
6.530793 5.998383
4.720094 7.553362
5.181398 6.883243
3.922408 7.417874
8.075095 4.938500
11.332406 3.722222
14.389494 3.692184
16.776850 2.382206
17.234749 6.363561
17.882103 4.523049
15.682971 6.558619
8.371385 1.754003
6.845848 3.347444
8.822260 3.197539
9.536904 5.344320
5.218601 4.447219
10.109139 3.585005
9.075506 4.346748
9.206335 4.412750
9.861038 3.559298
14.309408 10.229457
13.663134 10.687121
9.951336 11.051644
8.166979 12.385864
13.299555 10.061381
12.837212 11.481056
8.375968 5.621787
4.933520 11.846410
10.665890 10.669114
8.794003 5.565101
9.300477 4.904944
9.026657 4.073607
2.886873 9.235023
6.001293 10.657120
5.606546 10.538120
6.886663 12.058294
5.056173 10.505860
5.905455 7.101766
8.969719 11.249777
16.126793 13.880984
12.517134 8.889907
12.370509 12.146744
12.617279 9.865144
9.151402 13.508315
11.110104 14.417807
9.348495 11.451329
10.778225 3.686071
7.985656 2.687272
6.924380 -2.739917
11.823044 -2.693995
5.345981 6.477963
4.229829 5.667312
5.501117 8.885020
6.397067 9.274437
4.572322 6.191250
8.557602 2.407789
9.030937 1.899792
7.923792 3.856769
7.176200 4.985711
8.313059 2.429858
7.421667 4.009046
15.710441 3.050320
15.107095 11.657426
16.039368 12.676739
13.378607 9.067985
8.759504 5.650475
9.116184 5.187824
15.450515 5.802716
8.867918 3.142577
8.346373 3.994189
7.539019 3.799354
14.199122 10.209310
10.982540 3.625566
15.283052 7.119056
16.108519 6.975695
9.616225 3.866605
6.599373 2.661344
8.029160 2.719596
7.054019 2.280528
7.087260 1.573669
6.764125 1.195941
9.817904 4.481586
9.433126 5.294349
9.661482 4.954751
7.306723 4.366615
9.687428 3.788391
8.030090 4.313018
8.820478 4.207520
6.906505 5.615304
7.711946 2.687648
18.934984 7.148721
14.446224 2.674711
17.570068 6.340676
15.052994 4.973250
14.866964 6.044529
12.617325 9.943915
8.398573 12.848822
6.672508 1.869506
7.299922 3.362211
5.423218 3.828107
3.952890 6.128862
12.434897 8.979925
8.945134 5.327263
6.016309 7.777245
6.068026 7.860412
4.892859 14.708355
7.745304 13.809870
4.945146 5.063775
5.022292 3.975235
5.351319 8.965837
7.566140 4.412696
6.664417 5.058972
8.371063 5.354136
9.169071 4.437554
7.760737 3.590411
13.350383 3.465581
7.835218 5.504512
9.476839 4.822355
9.009449 4.622309
9.453827 5.149262
11.375237 3.548173
16.660866 2.532838
16.771370 1.250665
15.246335 4.068918
15.487648 9.630621
8.343992 4.347433
7.177156 4.564140
8.511806 2.932734
8.967685 5.465802
9.363821 4.148823
8.731235 2.913688
7.657249 3.207006
11.055496 3.463233
5.718968 8.010826
4.386328 7.811946
14.780907 9.301588
12.489239 9.924456
6.564540 1.149210
9.056329 4.757086
6.551801 5.381903
6.792229 5.506602
8.486176 3.823038
7.522872 5.447090
7.436065 5.622108
6.323606 4.806967
6.247429 10.274426
6.051887 9.827331
5.964000 10.305115
4.788656 10.063864
4.436372 11.783822
7.930001 10.663898
7.664625 10.839217
9.877698 12.381632
12.484304 14.103845
11.990284 9.470879
11.807083 10.296438
13.121578 10.376430
9.955517 11.799025
10.670530 13.848967
12.669075 9.538437
15.978817 11.924727
13.718640 11.640524
13.493534 10.489175
5.019593 6.143165
3.878451 10.314005
6.794451 4.568825
3.343828 3.979664
6.502460 6.224048
5.423667 7.837359
5.906676 5.844815
7.344334 4.831144
6.345840 4.573931
6.202869 8.593431
5.777082 9.779343
5.790018 4.314608
5.527588 5.503716
3.249972 5.685748
4.297441 3.359332
10.883580 10.695772
7.797624 10.780089
7.292065 11.517225
7.890818 12.242311
2.749311 10.354857
6.020724 6.526586
3.565681 2.995739
4.784846 4.955645
4.492612 6.233167
5.881548 6.312418
6.390052 7.270856
6.274538 3.046620
8.084198 3.600793
7.502548 5.035793
7.621688 5.626815
9.674033 5.179398
9.170562 4.161541
10.211833 3.507561
11.013670 3.745910
7.626167 2.184332
8.261755 3.287561
8.112715 4.136786
8.055171 4.997493
8.084270 5.101984
8.722299 5.252283
7.025318 4.782448
3.816315 7.343521
6.102605 10.095384
9.529639 10.744297
8.888112 10.748666
5.257523 11.172901
3.522084 7.726886
5.618371 7.358672
3.010332 8.776211
5.716514 8.386582
5.045238 6.393365
7.343652 5.009424
7.512891 5.591572
8.116547 3.095295
8.727421 5.527820
8.511934 5.247755
5.122161 5.281428
5.735327 8.592805
6.149446 8.692549
10.075593 10.967828
8.683052 11.078815
6.524543 13.202856
4.067989 5.251463
6.303560 12.525082
11.533127 10.788624
13.568666 9.731609
12.037280 9.605106
9.072866 4.790381
5.473603 5.249093
6.575720 4.998528
6.985479 4.229740
8.445055 5.394951
8.218931 4.898623
9.071634 3.488285
8.248576 3.379158
7.451476 2.443987
7.048096 4.898987
1.721869 8.292143
6.105043 7.331254
5.557231 7.282915
5.457861 5.718324
5.968757 5.751400
7.874067 4.796418
8.021894 4.905376
6.550358 4.655736
5.713663 8.693598
6.009052 7.564535
6.068953 5.498273
8.472764 4.942651
8.049873 3.283318
6.935606 2.722753
6.401930 5.439176
6.169820 5.715798
6.262025 6.979567
5.380428 4.080772
5.451419 6.258766
8.601749 10.857667
8.570360 11.587422
8.657419 11.723430
7.760647 13.564199
15.815675 10.847636
15.266989 9.185309
16.236507 9.204728
12.624871 9.124747
13.471134 9.457781
12.946780 10.722085
13.199551 11.300847
14.005310 9.677892
12.765165 11.687766
12.485039 9.071080
15.077434 4.279552
16.839987 5.471440
16.274494 5.596396
17.545551 2.481270
15.365606 6.094052
15.139730 5.281597
12.434935 9.389822
12.606397 15.112693
13.381213 9.766224
11.114444 11.694900
16.205809 8.312078
9.638236 -2.040299
11.079452 -3.361879
8.882055 -0.864812
9.204568 3.796777
9.409832 3.765991
8.050224 4.642691
10.017691 3.551932
9.083301 5.516993
5.841072 12.326738
7.206181 12.602612
12.434575 9.223202
15.444785 11.524132
14.511057 10.664794
13.183824 9.043138
8.874111 3.665348
9.657382 5.653192
9.265596 4.516468
14.643582 3.109935
11.505585 3.503057
12.120682 3.706932
10.991459 3.576760
9.652292 3.673444
6.771940 2.707016
8.111250 1.662686
8.383741 2.212965
14.410669 9.610724
16.832973 13.791116
11.861511 11.483798
14.641787 3.349065
7.916123 5.409582
3.376063 4.628241
7.887887 4.588241
7.055865 4.452576
8.140089 3.931248
8.415701 1.945962
6.571524 3.179108
8.549044 4.494627
9.746273 4.081307
9.303669 3.975776
13.812621 12.300635
12.751314 12.123115
14.099867 11.512176
16.885067 4.858424
16.565441 2.526062
15.921640 8.179720
18.139761 2.268281
16.291521 1.237273
19.886700 3.523266
15.688641 0.613251
5.630796 8.914540
4.801586 9.331407
14.848749 11.378940
10.398056 3.670810
12.430738 3.764425
10.193665 3.527723
7.851985 3.916619
7.524844 1.068784
7.538939 4.995496
8.374693 5.611817
9.040929 5.315166
8.074510 3.533503
9.217913 4.339710
9.017086 3.674969
7.019747 5.483542
3.166252 7.475085
4.102528 9.727014
2.433092 9.567387
5.725311 6.369506
7.517999 3.113543
9.543032 4.846739
9.323139 5.127377
7.791001 4.564458
8.035834 5.409237
7.959284 5.410598
7.903736 4.365991
6.248466 6.696614
10.371159 11.294568
11.025412 14.433076
10.590391 13.410398
12.810940 11.766574
7.394902 12.589814
8.665434 10.830410
7.939140 12.523098
7.967807 10.961558
3.861545 10.243581
5.961868 9.126423
5.573607 8.721961
4.226552 10.753467
-1.886330 9.540914
-2.109071 9.785589
-2.390055 12.244493
-2.905033 11.543836
2.224884 9.719937
5.562700 10.776052
6.108220 11.285474
8.843409 12.206385
9.382921 12.325679
6.264146 13.547824
6.775984 14.058824
4.739576 6.775848
6.324550 7.293679
6.265059 7.492916
5.485816 5.620666
9.397980 5.284248
7.543393 4.531428
9.659286 4.715367
9.258801 5.042341
7.095773 4.164949
7.636551 4.362615
6.588683 3.995563
3.950712 4.116698
3.389814 1.342497
4.869627 1.497277
4.239540 3.654876
7.307114 4.099457
8.610787 10.777143
7.865144 11.208318
4.693778 11.011308
5.028269 8.692756
4.370307 7.979691
-0.012748 7.593405
-0.444756 7.049379
11.364799 10.943547
14.581461 10.429924
14.917313 8.826632
11.920420 11.734492
9.471539 10.935882
8.870143 13.740080
8.273111 12.517135
10.056830 13.410832
5.866746 8.872374
8.534315 4.934931
9.646891 5.475564
5.441222 8.044204
5.295956 7.886698
6.129999 7.103040
6.161619 6.337012
6.067771 8.387074
4.077676 7.972074
3.626845 7.007281
4.542486 7.135218
4.685638 7.382286
6.535110 8.311496
11.190123 11.875827
9.611468 11.307088
9.046518 1.691149
7.413301 4.116579
5.765424 5.607537
5.749149 5.831786
8.211740 4.219646
7.961342 3.441746
13.271467 9.191169
5.720715 9.647593
8.705951 5.616629
6.309790 4.326452
5.342544 4.980773
5.002841 5.387949
7.096836 5.179793
5.287947 5.026383
0.961869 8.153852
6.259445 10.719711
5.302192 15.789870
7.665439 14.145700
8.982593 11.652361
7.097211 10.719592
10.245908 10.962596
11.292524 11.573169
9.163078 11.300403
13.616100 14.125551
7.777496 12.054594
7.479739 12.431708
15.026907 17.405149
11.583572 10.609220
12.410443 9.875740
14.443969 10.053588
8.973100 3.970580
6.904090 5.275617
7.625632 4.181625
7.915604 3.281311
3.090867 4.177787
6.440545 8.043012
4.016028 7.328247
8.217027 4.236112
7.945159 2.308986
9.020519 1.641305
8.923122 4.860928
6.750646 4.233902
4.266745 6.525434
5.187481 7.169856
5.190269 7.025539
12.550636 10.373688
12.591083 17.193165
16.269255 11.893263
13.457684 12.288781
10.349618 12.302257
13.398458 11.246887
16.681807 8.409625
18.866739 9.139800
15.717092 9.606450
12.215573 12.882531
11.666946 9.403314
13.049833 9.505492
11.961842 10.124659
9.776838 10.789920
11.909725 13.539503
10.281157 11.168913
12.206155 10.926946
13.276987 9.670247
8.622068 5.580541
6.496354 3.645244
6.627803 4.670697
8.424950 3.810657
9.845333 4.151223
9.734549 4.603882
9.297573 4.841129
8.890013 3.136266
9.660348 5.301378
7.270056 5.058201
8.718379 4.490521
8.711963 4.984921
8.204088 4.949380
6.182082 6.066622
4.482572 9.164392
3.330038 9.005270
6.002012 6.523723
6.457922 5.897467
4.233581 4.015655
7.717301 4.446596
5.959260 5.184836
5.917208 7.757833
6.497046 5.168149
6.248894 6.789558
6.007160 8.330583
2.665614 6.100931
5.558366 7.015466
6.523546 11.041733
11.120743 10.695302
9.439510 11.037581
12.623881 10.791764
11.711063 10.995809
9.921498 14.846334
10.874098 14.217580
8.972434 10.688410
9.153582 10.731568
9.726872 11.400270
8.577466 11.222530
8.379253 10.709922
8.344358 12.589625
5.906079 10.483735
5.140385 6.168809
6.382221 7.175125
8.513486 5.141861
7.608984 5.575766
7.496269 5.192944
6.689102 4.534029
4.606291 7.536684
2.359669 8.874018
8.666666 12.226537
9.674858 12.441339
9.346708 12.207587
10.058876 13.053133
8.306061 10.712009
9.260845 11.902712
9.711817 19.277796
