-11.144723 9.544138
-7.789383 7.349497
-3.258565 3.161619
-0.113470 0.759453
1.378033 1.532692
1.826710 1.373624
3.614948 2.741944
3.119804 1.218907
5.340875 1.294401
8.773829 1.209148
7.162292 0.315338
8.767965 -0.359643
7.375347 -0.948261
7.783226 -4.274071
7.197351 -6.364932
7.367010 -4.425774
7.407499 -1.887409
6.842613 -1.098424
7.644198 0.042591
7.340697 -0.408722
7.091148 -0.676322
6.818419 -2.125458
4.435261 -5.982449
5.754066 -4.501522
4.605258 1.360929
5.935206 1.197706
4.952208 1.452984
3.089190 1.810225
2.685944 1.247213
2.934577 2.435315
2.316037 1.498537
0.712569 1.887900
1.782955 -0.038367
1.793396 -0.605665
1.603012 1.467562
0.807426 0.938428
1.601806 0.120032
1.347745 0.084938
1.561236 0.154368
6.904182 1.870304
4.534252 1.096903
4.655550 1.068889
3.717790 2.009939
4.363025 1.628413
3.735319 1.694947
5.170198 3.178903
3.605333 2.043853
4.595888 1.605549
3.051809 1.127231
3.659760 1.163684
3.562625 2.570103
1.481197 2.021756
1.703646 1.729021
2.412200 1.881689
2.690252 2.339223
1.569960 2.022856
3.304472 2.042032
4.521608 2.866055
3.544793 2.812057
5.263018 1.756229
7.565750 0.874812
6.863587 -1.532993
7.643397 -3.235762
7.000287 -3.485810
8.368045 -2.261819
9.745053 -4.044820
6.116282 -4.001441
4.753633 -4.559897
4.537399 -5.595511
2.573130 -5.542176
2.132933 -3.990101
0.901941 -4.543507
0.855468 -4.607525
4.567422 -4.046859
7.421879 -5.277552
9.552258 -6.918410
12.568275 -6.741471
18.848927 -12.532356
