18.189323 17.272520
12.580801 13.284919
10.944223 11.826915
8.532185 11.773769
6.174661 12.103648
4.152315 9.818727
2.356942 9.151454
4.774515 6.905398
4.002567 7.470428
3.431636 9.743490
5.940108 8.106380
4.132026 8.847659
6.338555 6.462495
2.475632 6.661895
9.628512 4.571427
8.647371 5.209912
7.668184 4.887676
8.447439 3.897744
7.742268 5.590230
8.190197 4.959387
5.943490 3.243286
8.331610 3.466544
6.845593 1.545700
6.171040 6.296713
5.528664 5.290245
6.329165 8.673738
5.977293 4.978466
5.890640 9.508112
6.522510 9.832421
4.113258 5.690294
6.236368 4.556541
9.092190 4.830364
8.647632 4.266949
7.662754 4.904425
6.531758 4.793734
5.427673 2.293998
8.140253 3.046010
8.818483 2.318863
7.454881 2.089879
6.432940 5.397525
3.679382 4.409791
1.252509 4.687705
