11.634591 16.747934
5.524982 15.814807
5.436613 9.044844
5.907780 9.362339
5.227066 9.983205
-1.051733 7.878430
-2.658844 10.220032
-4.748129 10.858953
-3.130293 11.635985
-1.224400 13.191883
-0.780244 14.342044
5.568120 8.483777
5.706358 7.901263
1.310688 17.496729
6.527373 12.091003
6.032558 9.679929
6.194572 9.522953
6.433722 6.633054
6.467119 3.922496
5.157439 7.959057
6.309274 5.427427
5.141494 8.629241
4.616786 10.274482
-0.242267 11.599907
-0.434711 12.319077
-0.896789 10.245988
-1.311170 6.291424
-1.077341 7.750499
-1.244309 9.817237
-1.094292 8.645493
-0.863200 8.412558
-1.636075 8.024221
-1.560220 6.545548
3.033327 11.240373
0.705039 5.209362
0.800432 4.140965
3.783063 4.116033
5.397537 4.658184
7.490022 2.613644
7.094267 3.637112
8.139505 5.606898
10.114048 2.518531
9.476740 4.852875
8.818074 10.754401
10.145819 10.907650
10.721800 13.109845
6.108598 10.544408
7.578352 11.532816
5.328227 8.526011
5.010359 5.800162
5.557732 5.554607
5.398496 5.171489
5.081858 4.031142
7.024405 5.365233
7.236516 4.499044
5.912150 5.209459
5.439715 4.574379
5.418996 4.145442
6.219080 3.179853
9.605434 1.525686
8.238014 2.689018
10.258662 2.892455
8.112292 3.970728
7.410116 2.648821
7.311450 5.534307
9.832716 4.573571
8.761431 4.146433
9.573021 4.163647
7.150719 4.148685
11.880380 9.666692
10.996265 2.840534
10.623882 3.786039
10.779500 3.712780
9.738497 4.853938
9.061004 5.649868
6.628861 3.135842
6.431397 6.282141
8.971954 4.973744
7.402004 5.543963
8.461576 5.306434
8.233587 11.980094
7.468222 12.604525
8.199354 13.860752
9.290348 12.301650
9.078392 5.016116
9.634225 12.391305
9.023435 12.163239
12.122640 13.728485
10.169776 11.892552
8.899008 11.237103
9.375352 11.888564
12.423285 16.928627
10.282848 13.599192
8.754146 14.696202
4.544209 9.511466
-3.135502 8.739695
-2.249119 9.833911
-0.084454 5.563328
-0.395356 5.658432
0.082881 3.473117
-1.920893 3.840415
-3.476030 5.465199
-1.808567 4.820299
3.151904 4.876159
2.400951 4.783661
1.489745 4.407306
-1.335373 5.686160
-1.970106 8.306287
-0.709343 11.596393
-1.072244 8.408604
-1.050849 5.191100
0.334138 4.696466
1.208089 5.706596
1.555735 5.030302
2.105053 4.542081
3.596145 5.429941
3.192337 3.708642
1.854046 3.438137
3.540637 5.080127
3.564824 5.367257
4.286986 5.132965
5.067746 9.936761
4.515376 6.541704
4.407925 4.729425
1.918431 4.958838
2.549378 4.617705
1.609555 5.307128
4.680432 2.710262
7.666627 5.502261
6.204308 8.107983
5.981204 7.268283
4.610672 4.921137
2.335598 3.124425
2.165108 3.736066
4.727338 8.089321
4.506625 8.291460
4.407102 8.773621
6.917271 12.240858
5.699854 8.887191
5.511136 8.092354
4.969712 10.875588
6.432004 13.734668
7.732879 14.450866
5.212173 14.011792
5.629798 11.208911
6.589092 14.736465
2.734349 19.586555
-1.329212 14.997531
-1.867808 10.165349
-2.550729 10.545600
-0.770953 13.571953
-4.426099 12.881972
-0.584220 14.155746
-3.549547 12.601429
-7.866755 15.784550
-4.264594 13.840116
-3.860372 13.094229
-0.145220 12.186969
-1.064741 12.714387
-0.817601 13.041971
-1.712690 13.678103
-0.057265 11.924251
-0.059685 12.511584
-3.812099 11.415122
-0.854510 9.942989
-1.498428 7.905764
-1.332204 9.207735
-2.369425 7.948421
-0.777269 7.749876
-1.487652 6.144868
-1.746086 5.883658
0.313682 5.826312
1.277993 4.158273
3.066317 5.025054
3.021609 4.959607
2.921128 3.224983
3.950027 5.716566
4.490777 7.953795
5.706916 7.449363
5.883086 7.411811
4.529783 7.072772
4.262243 4.158474
3.789120 3.552874
4.675147 6.893766
6.018047 9.263372
5.661299 10.673676
7.014631 11.583598
4.879181 10.802511
3.523622 11.254134
3.528870 11.254941
6.252165 10.828042
11.315979 10.836662
13.666168 10.876263
14.958235 9.156466
9.539899 5.235576
6.056272 8.168425
6.335353 7.741971
4.784247 6.852911
6.856868 5.507208
8.864072 5.311013
8.229956 4.304120
6.627858 4.432741
6.315116 6.857445
5.600163 8.216376
4.199661 4.808968
5.051010 6.337131
5.293484 2.146547
8.298069 2.812121
8.015001 4.152170
8.490108 3.717787
6.302567 5.614767
11.808397 2.652096
6.614610 5.357659
6.113403 6.797085
5.515377 8.765146
4.734268 7.381458
5.610072 5.229502
6.276145 9.501875
4.622179 9.286563
5.600842 9.314524
5.548802 13.266289
6.064688 14.095710
6.714943 16.231215
1.966013 17.258114
-1.314723 17.729542
