-15.377603 -11.196047
-10.833353 -6.978554
-6.935585 -6.829928
4.136854 -4.988878
5.463874 -2.628250
6.137127 -4.158982
3.932252 -2.613674
6.399242 -1.030550
5.654762 -1.829076
6.061179 -2.615836
5.718689 -1.626603
5.991310 -0.922417
5.698302 -0.455526
6.540118 -2.437348
6.806081 -2.174145
7.298987 -0.197435
4.482161 0.076849
4.674816 -0.531483
6.400373 -1.850123
6.626527 0.415816
5.849872 1.137257
7.046431 1.634062
8.764566 4.140880
11.299756 1.807778
12.392890 3.487324
14.519543 2.017410
14.449382 -5.608529
