13.910316 -3.317095
11.220358 -4.596219
4.939361 -6.392547
5.816853 -6.701338
5.798271 -6.078621
8.656742 -9.300916
6.408009 -8.895162
6.959447 -8.608776
5.728782 -7.609082
5.173884 -4.453803
5.411601 -6.943979
4.942984 -3.368642
6.967126 -1.922771
5.185436 -3.629993
5.944482 -5.085353
5.369621 -9.050154
10.289265 -9.296721
9.594163 -8.682427
8.329564 -9.449816
9.411568 -8.526135
7.546417 -7.950477
6.599963 -8.736707
6.406653 -9.882181
3.152332 -9.449678
6.269900 0.080193
6.201990 1.819503
8.307915 2.909768
10.777477 1.907940
12.061007 3.181499
11.684298 1.395621
14.102598 1.401861
12.644634 -1.806889
12.707436 -0.477815
12.793449 0.789771
12.710367 1.543055
11.283150 2.550957
10.603083 3.196952
9.190475 1.496031
8.799386 4.355784
11.216284 2.507473
10.194496 3.111479
12.052279 3.231533
9.290121 2.081913
8.897610 3.595245
10.475500 1.494705
13.466818 3.038416
13.089746 3.097092
11.096458 2.829132
7.512357 3.921524
4.858743 0.920200
11.439209 2.367712
11.849699 3.208168
7.839912 1.469272
8.684822 2.102975
10.810888 2.206893
9.933470 3.309661
9.068754 3.975915
6.880336 0.207882
7.548768 1.578324
7.221458 -0.532414
5.986744 -2.945412
6.044843 -1.217042
6.847226 -0.326368
6.578259 2.014320
4.956371 2.480412
