12.226155 -7.572328
6.490272 -11.176131
13.315385 -11.372329
9.298870 -7.950398
7.671494 -7.898110
6.622753 -8.045915
9.914719 -8.693522
7.411766 -9.003665
7.524662 -9.423820
7.150682 -11.349370
4.714234 -7.496251
5.857187 -6.449553
5.442495 -2.744333
6.163435 -2.503214
4.565434 -4.714660
6.603828 -9.279671
4.086980 -6.808784
5.070330 -3.062685
4.510683 -3.958182
4.868493 -5.292777
5.036897 -4.565656
4.044743 -4.324843
6.583074 -2.353090
7.418888 -0.549039
4.924721 -1.852896
2.341711 -4.989748
4.504761 -7.744084
11.678627 -8.767187
8.675957 -8.026935
9.444719 -9.575103
9.212008 -10.160142
6.173656 -7.845863
9.772757 -13.322080
7.773459 -9.212499
6.545415 -8.745193
5.245850 -6.752233
6.049813 -3.132195
5.362555 -9.046086
4.091041 -5.070331
-10.889854 -1.900067
-16.485260 -0.723963
