15.522144 -7.627316
11.374554 -5.400104
11.207672 -4.884266
12.674051 -10.595349
8.504490 -10.604952
5.416036 -8.326075
5.598938 -6.992036
4.494889 -8.210033
10.224980 -8.667716
10.300153 -12.207475
10.079159 -8.630147
4.750021 -8.504000
5.195363 -2.340516
5.848915 0.251618
6.579649 0.042579
6.997589 -1.083026
6.303548 0.044607
4.958205 -1.388446
6.142797 0.192364
8.450014 2.011642
9.815119 2.030717
11.091819 2.412821
13.154075 2.096854
12.596929 -1.607205
15.498170 2.544863
14.301583 2.797399
13.522044 1.084157
12.938094 3.573299
12.505468 -3.571522
12.758568 -1.586478
12.552512 -12.105615
9.852304 -10.680266
7.441362 -9.791979
5.674489 -8.857650
5.630467 -3.913893
7.010427 0.479426
7.474387 0.888379
5.827861 2.655942
6.945601 4.672432
6.660295 3.236484
7.111712 0.926559
5.938786 0.482595
5.213546 1.316097
5.008623 -2.383742
5.319531 -7.127083
5.419363 -9.559857
7.570229 -8.295484
5.451515 -12.856284
8.957122 -8.822817
8.292446 -9.896087
8.965792 -8.845987
10.295120 -9.434587
10.000715 -8.398990
9.787169 -8.695025
9.719379 -10.199076
12.479000 -6.109141
16.107353 -3.462070
11.878484 -5.193096
10.843149 -9.167109
10.204086 -8.345866
7.900311 -8.110333
6.257759 -8.138881
4.611658 -9.064092
6.407370 -8.244370
4.421291 -7.385136
6.041974 -5.404383
5.928181 -5.861831
6.111079 -6.217302
5.507808 -5.412397
5.434731 -6.897805
4.044705 -4.947694
5.263718 -5.507622
4.874772 -8.987288
12.028650 -10.431228
9.294033 -9.253140
7.649178 -8.282465
4.147540 -9.101663
4.599849 -7.379440
4.512404 -7.176220
3.629385 -3.662378
-10.999771 -4.417277
-13.606172 -3.869946
-18.479498 -1.067183
