-0.597181 -5.718360
2.367038 -3.640366
3.184637 -2.793863
3.906090 -3.974346
4.987960 -2.533203
5.340461 -3.275856
4.437283 -5.230962
5.757085 -6.395638
5.259376 -8.959584
4.096504 -7.437734
4.423716 -7.136956
3.069669 -5.288421
4.408192 -2.892341
7.466314 -2.663486
5.944580 -2.645589
4.787805 -7.431358
4.485649 -7.987998
9.170735 -8.829448
7.552290 -8.555316
4.981853 -8.508407
4.549014 -6.153710
4.968599 -6.478632
5.269251 -5.486031
5.641941 -5.939772
4.363804 -5.768383
3.358126 -5.227116
5.965699 -3.729015
4.441289 -5.389868
5.308524 -4.121608
7.156803 -0.473215
6.698780 -1.640596
3.386918 -4.243651
4.946114 -7.052801
6.132689 -4.727726
5.336071 -5.326888
4.928308 -3.573515
7.027609 -1.383813
6.946477 -2.538518
6.054729 -0.618289
6.835880 2.282273
9.238338 3.299028
11.974388 3.527165
14.154691 -0.295277
17.046526 -2.156883
