5.986428 9.881972
4.363282 8.146420
7.135598 4.414634
7.402275 3.181512
7.043367 5.435215
5.080726 4.165904
4.468772 5.515648
0.357565 5.642161
2.964573 4.996015
2.147700 3.810641
3.975739 4.696675
4.361628 3.929348
-0.233636 5.370901
-2.714349 6.659902
-1.692006 5.554614
-0.903198 10.403247
-1.136935 9.687612
-1.151380 9.983488
-0.867279 8.578896
-2.113406 7.653996
0.534413 3.572609
1.534708 5.709888
3.710516 4.818813
1.660412 5.699406
2.669128 4.445623
2.893752 4.302664
3.005114 5.150764
1.977895 3.869482
3.220235 4.553028
2.053101 4.858090
0.802127 4.753491
2.577618 3.842238
3.696771 3.411999
4.514817 6.327406
4.215049 5.254439
4.369186 6.223360
5.171694 8.525339
6.352046 9.921986
6.065412 12.342346
5.546641 11.103077
4.501369 7.811297
6.276448 6.145380
5.432253 6.963930
4.398224 10.019711
7.009421 12.082738
6.923715 11.162761
5.826619 9.567728
5.834382 5.582654
5.504520 3.464415
4.534774 6.629430
6.282244 4.260762
7.113869 5.408776
8.076711 1.615828
9.564837 4.789113
9.213972 4.810821
9.628347 4.988817
7.560549 4.380504
8.049151 1.708834
10.243738 2.502352
8.292034 2.591837
10.946196 3.395386
9.155747 2.476792
7.196821 3.592525
8.419024 2.676115
8.690075 4.602419
8.976142 4.382848
5.913607 4.411798
6.291527 3.549482
9.481180 5.234095
8.945685 3.938087
9.561534 2.751179
10.947666 2.665939
10.759563 1.692486
13.036675 2.205145
13.843586 3.012257
15.138063 3.325959
17.335077 -0.321298
15.778547 1.900192
15.992252 12.896867
9.492727 11.093031
10.402327 11.898636
7.536384 11.160875
7.421950 11.900222
11.536507 13.165681
11.652512 9.217853
9.356348 4.934634
9.124827 2.759805
11.878548 3.517353
10.792181 2.001040
10.831305 2.588674
8.666093 3.799525
8.453216 5.019647
8.555003 4.842713
10.194461 2.173356
10.779652 3.751928
11.226684 3.174380
6.473513 4.185750
7.096064 5.528237
7.494371 4.272515
7.897352 4.710480
6.533150 3.789014
5.315969 6.600908
4.829997 10.151394
4.889875 7.352526
6.511609 8.839005
11.995855 9.480857
11.249165 13.420280
8.520470 11.739164
4.922816 10.070971
5.916481 9.373143
6.032078 10.329936
6.064096 6.190087
4.453998 9.397330
4.338554 4.496836
6.079237 6.521465
6.794969 3.451000
6.226478 6.016059
5.603370 7.323536
6.021301 8.083526
6.061328 7.901945
4.606433 4.835388
6.011292 3.369020
7.485526 4.194888
7.927628 4.882074
8.630847 3.617902
6.614556 3.852892
7.891819 3.146814
7.618651 2.180280
9.826750 3.862488
15.133572 6.735130
11.833618 8.874385
16.488094 3.952259
12.627475 2.812126
16.165150 5.194922
15.529578 3.342551
10.538330 2.033069
12.025379 3.786383
8.819732 11.934002
7.956512 10.953643
8.888218 3.678189
9.004587 3.047552
8.769897 3.205320
8.685332 5.388157
10.853831 2.383385
9.321100 3.522929
13.122902 1.294114
8.288352 1.699916
13.165907 1.979809
11.430330 2.279987
8.987681 4.573277
8.926943 4.243992
6.455714 5.007176
5.601857 9.741906
6.535681 7.980871
4.646866 7.332800
5.061558 9.414500
6.151321 9.677714
6.480669 3.969597
2.736536 2.450825
6.253618 6.313670
5.747389 3.909183
7.037809 5.615991
9.728745 5.548726
9.488867 4.474058
5.763740 5.232857
5.558677 3.511062
7.430091 4.440095
8.034530 2.528281
8.349807 4.673454
5.231274 5.639596
8.943853 5.409090
6.797842 2.841017
7.884954 3.186838
8.167076 3.685535
9.947663 2.199696
9.181406 4.658977
14.115025 13.243221
15.102715 9.813857
8.271165 10.946949
9.457365 11.314324
14.671901 10.593781
12.508496 9.624118
16.952198 9.258768
18.279968 5.555453
11.116678 3.613207
9.438701 2.407899
12.566848 3.699330
12.109743 1.281854
10.300658 3.201568
8.058603 5.505303
9.271766 3.788396
8.999504 3.696437
7.723002 3.692203
8.296416 3.975897
6.487953 5.784626
5.873097 9.082929
11.016203 11.834241
5.718667 6.665412
5.901400 5.029092
7.668935 3.012616
11.545107 9.800129
8.378752 1.897348
7.989693 3.460704
7.305574 3.664303
4.696750 3.447167
5.688058 4.829862
4.438715 5.407901
6.139145 5.652730
7.685459 11.366783
9.181715 10.905061
9.443232 11.648900
7.335090 11.194157
11.943127 9.276587
7.876416 4.872816
9.057840 4.584012
9.612194 5.116091
12.242626 9.623694
9.418476 4.847271
9.802464 4.432050
8.246284 3.500790
10.362415 3.354975
10.384184 2.683069
9.396346 4.656702
7.323197 5.063610
8.990652 4.843046
8.402685 5.230886
9.457424 4.867218
8.922268 4.218890
7.776205 5.569382
9.794052 5.101233
3.354896 3.841146
5.844879 7.899823
6.145584 7.779630
6.371902 7.137419
5.514940 6.820659
4.555902 5.235404
7.055944 5.377840
7.626492 5.374282
7.322447 5.168837
7.710076 4.384743
8.110063 4.410199
2.556486 5.938721
3.152111 5.226649
1.921923 4.121640
2.444282 4.898417
0.860450 4.159102
4.625157 6.107772
4.338561 9.211508
4.789312 7.986017
5.029778 9.546571
4.487016 10.292103
8.124874 13.785866
8.268224 10.956874
8.010648 12.066392
12.814013 10.358201
16.257359 8.975207
14.909786 7.763310
14.853524 6.078426
18.150112 6.741518
15.416908 6.892517
14.541783 1.927056
14.029165 1.918702
6.565074 3.938461
6.508467 7.029039
4.483789 7.267703
6.243602 11.494110
4.594984 9.665008
6.130398 9.042428
6.046883 8.886333
6.449140 5.699049
7.214000 4.659245
8.178132 5.038114
6.880979 4.356619
5.597824 6.004068
2.388201 2.580781
4.084565 4.052508
1.908266 3.397665
0.158476 4.951181
0.087146 4.071157
0.951728 5.055445
-0.711957 5.071853
-1.178934 6.562393
-2.067330 9.426123
-0.347925 5.073328
-0.380436 5.452319
-1.354185 5.341953
-2.130262 4.187477
-0.353998 3.691447
-1.965567 4.307771
-1.021434 9.372094
-0.825583 5.821135
-1.149290 8.154817
-1.839533 8.769176
0.336816 3.448540
0.750127 5.312371
1.323803 4.736609
1.474826 5.016823
-0.145109 5.943224
0.407980 4.925867
2.349784 4.206619
-0.694061 5.443635
-1.395020 9.114202
-2.079463 7.181520
-1.693248 5.247775
0.892483 5.629703
-1.665128 5.872796
-1.750981 7.015934
-1.163275 6.915875
-3.712283 7.211501
-0.926381 6.678770
-2.080347 5.583225
0.089992 5.136671
0.638495 5.619234
0.919416 5.808524
-0.489097 4.399424
-1.174701 6.887926
-2.629917 6.210660
-1.654319 6.394355
-1.388775 8.164376
-2.920499 7.069375
-2.201745 9.063606
-0.929798 10.384318
-1.239443 9.378912
-2.608530 6.227445
0.678022 4.316205
2.476017 5.951773
3.703015 4.569945
6.032531 5.771393
3.527714 5.084247
5.149411 6.190614
4.691154 8.553237
6.139584 7.730254
5.609454 7.395570
5.091738 5.355953
3.657690 3.776072
5.105628 2.762141
5.502776 4.094922
4.029690 5.063967
4.760262 6.630676
4.607094 8.108142
4.397396 5.191526
2.439412 5.206369
2.837703 3.842400
0.613346 5.689600
2.069721 4.660403
2.569879 4.812906
4.360723 4.480350
4.725545 8.085067
4.333134 8.204697
4.579290 8.571832
5.014850 4.915760
5.184078 4.889844
2.623841 5.598015
2.664649 4.097682
1.413182 5.363359
0.085187 4.710864
-0.611331 3.597932
-0.797840 8.565201
-0.883839 6.700145
-0.856470 6.552392
-3.494290 7.459569
-1.127976 9.424159
-2.460384 7.063436
-1.606063 6.795638
0.704510 4.987405
2.084643 10.985123
4.639689 10.514650
10.305823 14.034225
8.150713 14.664814
5.110072 7.546093
4.970287 7.770982
4.658500 9.895744
5.170936 10.742419
5.210401 11.900465
5.345908 11.796275
5.942081 11.530198
6.619779 3.797120
7.087008 2.682883
6.684667 5.442273
5.697852 5.405352
6.167978 10.114008
6.204654 11.197646
9.252792 12.153409
6.686079 11.865959
10.960842 11.295877
7.520294 11.422353
9.666273 10.734756
5.138043 6.965373
4.855891 2.092332
5.204909 5.901212
6.058467 9.910748
6.164359 6.549810
6.302453 7.339592
6.835490 5.601780
8.561743 5.490977
8.480030 4.689262
7.705040 2.910427
8.206735 5.049008
7.884202 5.098429
9.524853 5.517975
8.986205 4.699523
7.809434 5.509742
8.174937 5.361528
6.383815 2.717622
4.782514 6.242138
4.845257 6.703613
4.749233 2.374985
2.060436 4.076691
2.313876 3.871750
6.159011 7.213421
4.192505 4.363758
7.258098 3.290146
8.362274 4.637658
7.201973 3.416838
7.553870 5.041101
7.567882 2.880745
9.260966 4.253040
8.063355 1.773784
6.972012 1.826064
8.145866 4.009290
7.844322 3.584667
7.174327 3.805991
5.027074 5.837662
2.706032 4.784624
2.144547 5.576491
6.864104 5.427802
6.167592 5.821368
5.076777 6.719282
7.296597 4.890017
7.917723 4.364488
9.366515 5.153155
10.656120 3.755029
10.534916 2.404645
9.612518 2.091352
8.108699 3.628758
8.901381 11.675570
7.663669 4.638277
8.020530 4.439308
5.938563 7.148134
7.949421 11.304740
11.791224 13.316456
9.144447 10.749498
11.670570 10.219581
11.683098 13.173010
8.765604 10.978773
4.440084 6.417395
5.852098 3.787935
2.908837 4.502187
2.157166 4.384937
4.908081 4.403384
3.083521 5.464515
-1.414596 5.816810
-2.471440 7.371937
-1.278398 10.991872
-2.516970 14.279408
-0.991090 11.377955
-2.151073 10.733775
-0.864370 9.450016
-3.641061 9.121642
-0.559598 11.252446
1.885802 11.270295
7.164588 10.917027
5.480913 12.818585
5.511284 8.180532
6.279134 8.035202
5.655092 11.788630
4.589561 4.653819
3.641003 3.808535
3.150551 4.320527
3.234174 5.187068
3.028813 2.166037
0.239133 4.849627
-0.255621 5.234176
-1.671137 4.999733
3.800207 3.873692
2.909311 3.701406
1.977896 5.250355
3.105566 5.847426
4.333079 6.507897
4.678468 7.324165
5.450175 10.374453
1.873145 4.566945
0.922891 5.612534
-1.941889 7.251816
1.791695 4.442519
-0.777440 5.358956
1.612945 5.015502
-1.254250 9.949009
-2.471049 9.362113
-0.736940 8.152060
-3.609112 10.321849
-2.058692 8.828070
-2.748561 7.518165
-1.066541 6.462002
0.388934 10.958533
3.036380 10.962145
5.746184 11.252469
5.545569 9.808229
6.452804 9.611823
5.577595 5.942135
6.414415 5.713190
4.131306 5.500001
4.059504 5.347697
1.315858 5.387172
2.542041 5.946115
4.907676 3.843015
5.984047 8.500910
5.822829 5.196257
5.452871 8.048792
3.070907 11.108457
-0.871714 11.360749
-0.778547 7.799590
-3.358458 8.093873
0.044243 4.685582
0.699220 2.567686
1.551068 2.920320
8.331867 5.009429
8.461000 5.133078
8.748166 3.684188
8.913958 4.965613
11.953199 11.504529
8.368978 3.057990
6.592910 5.588727
7.555609 3.793047
8.888840 5.644093
15.301290 7.412168
13.184632 11.736215
14.173479 12.503685
7.615472 10.757423
6.320580 10.172182
2.787575 5.835603
7.041189 3.633099
7.871414 2.529584
8.552378 5.259342
8.543123 5.501667
6.993893 4.245422
6.031466 2.930708
9.056528 4.922301
6.292364 7.379286
6.020641 10.359663
4.733129 8.948481
4.483647 7.010561
-1.115574 6.164777
-0.943860 5.802821
2.225648 4.570672
0.935058 4.921960
-0.439399 5.787561
-0.581628 5.884637
0.554521 4.780044
0.567999 5.797268
0.671105 5.799202
-2.371941 7.448606
-2.838979 7.659721
-2.245361 8.166439
-0.684720 8.570391
-2.291529 8.702436
-1.947031 8.717232
-0.901561 7.466221
-3.247038 8.879406
0.062883 14.787025
-4.331062 10.245815
-2.323200 12.818642
-0.040907 14.713199
-0.525123 14.076890
-3.727480 10.732871
-0.696434 7.205013
-1.005187 6.716486
-2.612038 4.781340
-0.533215 4.964679
0.567754 4.721704
2.105517 5.400896
6.081875 5.170331
3.968360 3.710956
1.584373 4.442463
1.938028 4.778043
1.921937 5.577188
3.234051 4.336707
4.757823 6.225750
6.255570 6.598673
5.781890 9.728799
5.033999 8.953323
5.722438 8.682322
4.696966 9.872967
4.588593 3.144790
7.514162 5.564656
7.292078 5.404869
3.872134 4.585351
4.790265 6.568753
6.057734 10.311614
4.665274 8.772194
5.566128 7.926739
4.500080 7.132323
6.239222 4.728032
5.533752 3.962419
3.652038 5.892550
-1.086729 5.882986
-1.093053 4.173870
-2.190090 7.831912
-1.502773 9.699579
3.383089 4.789954
4.723728 6.408614
2.874259 11.138148
-1.127204 6.812289
-0.716879 9.096645
-1.035653 7.484427
4.388162 7.975799
4.386464 7.160079
4.915035 4.911331
5.436585 4.739684
-1.080222 5.626605
-1.104445 6.462748
-0.847096 5.838647
3.019101 4.783119
3.588751 4.598217
0.408247 5.343926
4.195278 5.191806
4.212404 4.853769
6.264288 3.380132
5.489842 10.445427
7.073862 12.382007
4.941910 10.424214
5.356725 11.917831
5.924841 9.084576
4.546227 8.070683
4.360985 8.923048
1.095810 5.551038
1.880151 5.657286
1.417969 4.244807
2.964886 5.897933
4.005543 5.066829
3.220776 5.308637
5.357160 4.584529
5.025026 8.795276
6.042690 6.110292
8.543385 3.618119
6.965829 10.844131
5.000834 7.712582
3.300105 3.455147
3.774630 4.510471
5.892516 8.288032
5.161868 10.539073
6.436611 5.412794
3.365617 5.374605
3.166004 4.139810
5.251308 6.420257
-1.323192 7.994929
-3.038530 8.316972
-1.374759 7.297141
-2.613181 9.303810
-1.456473 9.402662
-0.740885 11.635713
-4.670072 12.194064
0.067351 11.470237
-2.350093 10.647485
-0.993931 9.430629
-0.800528 7.315684
-1.573329 6.697114
-2.166711 4.675031
0.883037 5.217726
0.804233 5.443567
1.328909 4.891164
-1.879920 5.068225
-1.114312 8.789294
-1.475125 8.293284
-1.480282 11.413115
-1.124534 13.480675
-1.619953 6.801044
-1.873045 12.431334
-1.174157 13.799383
-2.077106 11.102526
1.507634 16.409683
5.787724 13.468363
5.201896 10.850850
4.951162 6.258208
2.160806 5.280985
3.662598 4.493163
6.960926 4.775147
4.807333 7.653402
4.491776 7.464490
-0.385841 11.602644
-2.241707 10.462934
-1.438036 9.085706
-1.819771 10.930171
-2.658723 8.461202
-4.002038 8.086696
-2.035770 11.279901
-3.615115 11.148708
-1.768642 9.747742
-3.299912 6.517107
-2.395029 7.976862
-2.866516 8.612906
-1.934100 11.167379
-1.254958 13.676541
-2.295290 13.503301
-0.911898 9.524693
-0.731450 12.460482
-8.881199 17.860270
