-10.615683 18.325396
-2.892540 14.892432
0.180403 14.298321
-1.581727 8.991622
-1.073420 8.515982
-0.830794 8.399592
-0.996426 7.612978
-2.461333 5.183234
-1.743840 5.801961
-0.040993 5.745268
1.349562 3.053596
1.303473 3.423217
2.768492 4.925498
6.173889 4.575061
6.778127 4.981404
7.674636 5.333452
5.100133 4.964466
6.432835 7.596825
6.393810 9.001088
5.031771 9.189352
5.589672 8.807101
5.383025 9.352975
5.061047 7.264377
6.644189 15.340114
9.129652 14.768886
12.435715 17.524137
13.557299 16.196419
