-4.566063 -11.988178
3.320747 -11.883545
6.294832 -8.279643
7.278498 -5.332601
6.740417 -10.238399
8.158656 -8.977376
7.180526 -8.976422
6.358459 -9.856403
7.515164 -10.321183
9.266481 -14.282418
10.500966 -13.029488
7.277075 -13.187070
8.059636 -7.578001
7.303790 -8.803712
6.826266 -7.335948
8.283165 -10.548556
8.805193 -8.898175
5.914576 -12.739666
8.732925 -10.925718
8.708279 -6.522780
10.083115 -7.265309
5.438798 -10.266129
9.651079 -6.319347
9.102211 -8.270500
5.430069 -14.470350
14.004765 -14.599584
15.126202 -10.203092
9.376327 -11.251630
7.469330 -9.755013
5.487043 -6.709012
5.606853 -9.586321
6.563893 -9.127028
6.751069 -7.238096
6.335733 -9.508948
11.099982 -6.115590
13.645036 -6.316244
13.560858 -7.605636
10.480725 -6.611121
11.495562 -5.364582
12.103309 -7.755526
14.892363 -10.643943
7.587616 -12.544478
6.794132 -12.191606
10.315573 -12.890340
12.027713 -16.357311
8.412957 -13.979308
8.241356 -12.608063
9.029023 -9.694727
8.692387 -9.811063
8.357622 -10.401032
8.209741 -4.069547
10.729774 -5.777140
13.282166 -3.972915
15.120628 -6.507424
15.703153 -9.878982
16.548088 -15.173286
17.246943 -16.359056
17.859829 -14.879876
15.539193 -13.499591
15.952378 -12.718787
14.098128 -4.618074
18.494532 -11.872181
