-11.190511 0.072390
-11.146841 -0.506847
-11.230939 0.253922
-13.610079 -0.545562
-9.624304 -2.113608
-10.497670 4.082914
-11.970045 2.518322
-10.735820 -2.514332
-7.590703 -6.213726
-7.773396 -5.567623
-14.227726 -6.126688
-14.618246 -7.165136
-13.098423 -5.539620
-10.374918 -10.117000
-14.510726 -10.088599
-12.360992 -8.438346
-7.814307 -7.622447
-7.490176 -7.331484
-6.516832 -6.174438
-7.159678 -6.922363
-8.959160 -10.435212
-11.456387 -9.240627
-6.415311 -7.840984
-7.242348 -6.369071
-6.081990 -6.281063
-5.411375 -5.540032
-6.340860 -4.680925
-5.237903 -5.986695
-7.894995 -6.617895
-6.709569 -5.108844
-6.677332 -6.171319
-6.448288 -5.023806
-6.952496 -7.374979
-8.175528 -10.368750
-11.596194 -9.838872
-10.689307 -8.818898
-9.999300 -10.339475
-9.405441 -9.649514
-8.999285 -8.184883
-8.000077 -9.026398
-7.283393 -4.411631
-7.747437 -4.367931
-6.645877 -6.421250
-6.682961 -11.615735
