0.299385 -4.300852
-2.367460 -1.324355
-1.777414 9.977066
-2.689363 9.463529
-1.552751 8.326356
-0.868970 7.430724
-1.455998 7.037215
-1.822471 6.481972
-0.546714 4.978328
1.002190 5.519208
1.872977 5.908882
0.783697 5.746165
1.930722 5.677900
2.909972 5.440949
5.423888 5.656382
5.362855 7.973455
5.452038 9.746304
7.227865 8.564688
3.694434 4.619718
2.180391 5.707662
1.976410 4.626532
0.767417 5.072576
0.789066 5.529550
0.769934 5.322081
-0.226468 5.907120
1.986748 5.309011
3.940868 5.542919
5.727930 5.381245
5.218717 5.368847
1.178388 3.648562
2.418250 5.541260
2.406044 5.548885
-2.368450 5.356466
-0.409622 4.761370
-2.010152 7.296734
-1.804855 7.613394
-1.682226 8.024458
-1.082978 6.931717
-2.449271 7.213377
-1.229675 5.041685
-0.134550 5.931074
1.144469 4.841609
0.894807 3.453856
1.768729 4.513087
0.102334 5.489584
-1.672848 6.449040
-1.665025 9.214701
-0.876138 12.508956
0.465118 11.530239
1.118930 12.696554
0.397807 11.732954
