-18.693132 -18.546608
-17.010422 -9.797237
-11.467916 -11.365638
-7.172826 -12.609521
-8.238020 -14.714240
-8.764043 -18.456924
-15.295290 -17.943304
-12.225087 -19.108309
-16.508448 -17.754576
-16.136518 -17.271751
-14.615538 -19.609610
-10.537989 -12.976004
-12.306121 -11.664561
-16.580379 -12.946170
-17.668144 -12.778386
-14.868244 -8.810693
-10.786563 -11.359200
-11.793954 -11.112514
-19.764086 -9.022737
-14.489376 -9.912051
-10.840759 -9.831884
-9.840877 -12.082793
-7.443644 -9.040754
-7.789557 -12.508959
-8.555916 -13.647529
-10.956347 -15.438306
-10.134656 -11.084746
-12.156464 -9.558206
-11.840526 -9.534709
-11.094080 -8.523826
-8.840110 -9.326119
-7.879120 -8.467231
-7.244724 -4.714937
-4.546032 -4.709717
-6.661825 -6.968751
-8.550386 -8.714838
-4.221531 -8.504146
-5.476683 -9.638592
-6.689599 -5.480040
-7.763997 -7.718926
-6.860190 -5.719554
-5.546432 -6.160323
-7.287167 -8.230985
-13.225155 -8.430247
-10.482775 -8.994661
-9.904541 -9.411689
-6.636117 -7.130734
-5.787515 -6.296966
-7.265450 -8.468587
-8.377806 -8.117982
-13.779480 -10.858897
-13.796837 -6.220511
-14.169585 -3.845932
-11.939083 -1.148593
-12.347708 -0.333194
-11.764106 -1.705499
-13.152086 -1.689085
-13.097540 -4.310030
-14.510156 -6.314452
-18.147682 -6.796833
-10.256858 -8.890813
-5.745452 -7.769463
-8.671383 -10.617352
-6.129015 -8.792432
-6.839058 -7.565486
-7.041529 -7.402821
-4.641376 -3.954772
-7.334509 -5.518219
-7.146476 -5.626069
-7.556579 -5.062062
-7.682431 -3.983993
-2.117812 -4.644611
-4.007215 -1.966498
-1.640890 -1.335269
-4.331593 -0.097851
-2.790123 -1.448394
-3.333785 -0.409889
-2.629990 0.055393
-2.251849 0.045379
-4.143877 -3.494016
-3.378423 -1.735137
-3.673540 -0.739094
-2.708703 -3.060210
-2.890445 -4.660057
-9.653845 -9.332520
-9.798914 -8.502048
-10.768462 -9.994922
-4.940411 -6.459721
-5.736001 -7.835548
-7.503939 -6.618453
-7.558619 -7.030554
-4.453871 -4.152911
-5.127842 -4.259583
-1.926346 -3.202728
-3.314563 -1.715004
-3.871061 -1.119839
-4.599238 0.179484
-1.333280 0.184918
-2.301568 1.776956
-0.959258 2.660281
-2.004624 0.981930
-2.577917 0.064371
-4.588216 0.525643
-4.394088 -0.075514
-3.209511 0.664488
-4.024765 -1.082407
-3.002675 -1.781353
-4.579564 -1.560346
-4.106494 -0.995900
-1.717967 -1.805990
-5.297198 -5.784727
-5.587800 -4.289771
-7.603238 -5.658744
-7.212888 -7.172530
-8.671701 -9.591993
-9.862708 -9.302732
-9.972662 -8.213246
-10.210615 -9.143218
-11.687273 -10.100467
-10.856659 -8.286777
-9.924816 -8.669607
-9.912459 -2.743528
-10.495511 2.678583
-10.742359 2.289668
-9.062614 1.920640
-8.804491 2.211106
-4.161747 0.036689
-1.450337 1.879130
0.011889 2.196409
-0.827096 1.683263
-2.490346 1.269814
-3.487493 -0.322938
-0.803413 1.050091
-2.459542 7.617612
-1.939559 5.056118
-4.314280 6.901803
-3.233406 8.382781
-7.119376 9.493148
-7.994916 5.930560
-7.234890 6.554320
-7.763692 5.058921
-7.738288 2.965445
-6.924486 -5.101538
-4.506819 -0.406125
-7.492677 -4.076656
-7.227623 -6.160690
-6.974530 -5.058871
-6.080565 1.141456
-8.659410 1.410034
-9.382342 2.677510
-9.091276 5.266819
-10.131376 2.892351
-10.668108 2.163048
-11.699139 3.385228
-9.538630 2.601271
-9.446232 1.470932
-7.856000 3.905154
-4.740750 7.782344
-3.499181 7.913998
-5.162953 7.943269
-2.135959 5.065548
-1.044958 7.768096
-1.200625 3.504226
-0.960694 2.406569
0.023567 2.244837
-4.135434 1.298383
-2.920147 -0.694835
-4.020046 0.121354
-3.597369 -0.740471
-3.561529 -2.058980
-4.376046 -2.047731
-3.510237 -3.488738
-4.446612 -1.038936
-3.495531 -1.882495
-3.219658 -0.344344
-4.333622 0.588037
-3.614703 -0.738455
-4.478777 -0.945729
-4.110547 0.545500
-10.803647 -1.709584
-9.663917 -2.079580
-9.698456 -0.289316
-10.217236 -2.409822
-9.879448 -0.885490
-9.747837 -1.089245
-9.686353 -0.335082
-11.414198 0.454032
-7.556167 2.848818
-8.956438 2.498564
-11.457832 -2.283203
-10.704559 -2.215451
-9.685605 1.856681
-8.322603 1.606915
-8.540133 3.418538
-9.851559 3.851442
-9.000219 3.631938
-11.209857 2.214060
-8.612192 3.519635
-8.282504 3.113900
-8.031792 6.017700
-5.697376 6.709715
-0.657664 3.290874
-1.293593 3.596575
-4.427457 6.832335
-5.521348 7.147649
-4.470257 7.043000
-4.611207 7.205646
-3.651512 9.297469
-0.742643 4.336566
-2.466482 5.067340
-2.418743 3.737706
-1.744094 6.100142
-4.493272 7.601914
-1.712283 7.359412
-1.009242 3.840681
-1.179738 -0.032642
-3.232204 0.758818
-3.683473 0.717841
-3.099294 0.316159
-1.502267 1.220519
-2.352684 1.548077
-0.540026 2.957444
-0.889971 3.945060
-2.257455 1.185820
-2.050027 4.356373
-2.280999 4.958804
-2.356629 5.174113
-5.633157 8.620913
-6.230475 8.829044
-6.146162 8.638072
-5.411636 8.205328
-6.488779 6.997405
-7.005768 6.751114
-8.230512 4.737885
-9.220032 6.671828
-8.405208 3.772762
-10.487720 4.120234
-7.834121 5.190107
-4.328538 6.711715
-5.851273 7.246373
-1.964255 7.143506
-3.282824 6.408012
-2.360537 5.678830
-1.355907 5.578531
-0.641856 5.477817
-0.963972 4.833799
-1.109918 5.168453
-1.770108 7.062664
-2.422962 4.042039
-2.335163 4.485050
-1.321727 1.636538
-1.725745 3.151428
-1.996138 2.367018
-1.166791 0.716304
-4.558257 0.667197
-4.389978 0.957460
-1.323276 0.462795
-1.909468 -0.633164
-4.935963 -6.396929
-5.913024 -4.203744
-6.394619 -5.752427
-7.591088 -10.071543
-7.467571 -9.697921
-8.599281 -9.676729
-8.863024 -9.240962
-6.393541 -7.560398
-6.496309 -4.370549
-4.570613 -4.752929
-6.355694 -6.609269
-6.065237 -4.580483
-6.770826 -4.944682
-4.012048 -6.909168
-2.750912 -3.025620
-4.589457 -2.434796
-3.086317 -1.082148
-3.619999 -1.498769
-3.995227 -1.339385
-2.681801 -1.499880
-3.719212 -2.502016
-3.330252 -4.147552
-6.301097 -4.205586
-7.540067 -5.075847
-6.315282 -5.153086
-6.536222 -5.315467
-4.586541 -6.139337
-2.026374 1.746583
-1.923590 4.301203
-1.676783 3.777281
-4.625219 6.455895
-3.021482 6.451622
-3.474380 6.986848
-7.512398 2.242866
-9.170400 2.454644
-8.619402 1.607707
-7.719771 1.637094
-8.737787 4.188071
-7.576066 2.162419
-8.039248 2.864013
-9.765484 1.871190
-7.850259 2.483671
-3.519886 0.514060
-4.372198 0.860511
-2.977332 0.631138
-1.145052 2.312151
-1.762993 5.370352
-7.748658 3.956734
-3.678695 0.444595
-5.616449 1.153756
-6.472724 1.148014
-4.156927 -2.035870
-3.083920 -0.304131
-2.388367 -1.521508
-4.009900 0.952400
-4.431313 1.276142
-4.101991 0.053105
-3.713064 -0.096162
-3.472595 -1.270968
-3.719885 -1.387170
-2.301673 -0.929297
-3.659803 -4.059826
-6.511523 -5.004351
-5.006258 -6.200680
-5.062809 -6.273037
-7.540523 -6.452706
-7.664031 -4.435611
-5.715397 -4.421922
-6.274827 -3.949506
-6.074380 -5.107251
-3.442273 -0.958513
-3.720595 -0.082197
-4.508109 -0.992512
-10.941064 -2.658428
-12.623158 -1.111909
-10.853992 1.955766
-9.247751 1.829149
-7.490250 2.376521
-7.651118 4.388116
-9.979178 5.048824
-8.364082 5.020350
-10.027805 -0.925810
-9.748361 1.092118
-10.378153 0.350234
-8.196611 2.896729
-8.051181 4.979478
-8.803848 4.143289
-7.887976 4.959322
-8.124079 2.385727
-3.908051 -2.626176
-4.525810 -0.723552
-3.155943 -2.713569
-4.120909 -3.054479
-3.018153 -3.815213
-7.102779 -4.131073
-2.745592 -1.490910
-3.759360 -0.224568
-3.996027 -2.431822
-4.702848 -5.465673
-4.146698 -3.353930
-9.741961 0.492197
-9.950625 0.305168
-10.479080 -2.622822
-7.155990 -3.907807
-4.524567 -1.575876
-4.499138 -0.926329
-4.056488 -2.232353
-2.891551 -1.817656
-1.372878 0.281183
-3.768268 1.099998
-3.575232 1.034688
-1.578573 3.558043
-2.477960 5.087912
-4.428507 6.936348
-4.915605 7.428180
-1.489721 6.560288
-4.144134 6.473077
-5.502503 7.951742
-3.325814 8.000955
-2.405140 7.169964
-3.856954 6.531379
-3.546958 6.322408
-0.790440 7.493699
-1.862097 4.424795
-1.511296 3.973190
-2.464003 3.157939
-1.668459 5.202183
-1.065749 5.328082
-5.844078 9.057387
-3.482160 6.687535
-3.082913 6.438275
-4.396288 6.998698
-3.088766 7.637064
-6.996555 6.597169
-5.777123 6.936996
-5.080374 6.324170
-4.171360 8.297256
-6.623588 7.397234
-9.686044 8.668130
-7.547530 5.193836
-8.279347 4.786737
-7.883584 2.393604
-10.089584 2.707080
-9.628042 -2.121780
-4.528653 -3.399249
-4.214956 -1.523052
-4.533734 -1.776675
-3.374088 -1.903989
-4.333493 -1.655626
-4.308837 -1.681348
-3.980518 -4.541629
-4.396950 -2.986812
-3.588583 0.455837
-4.469822 -0.174701
-4.283288 0.318817
-2.254121 3.256057
-2.284967 4.124792
-2.235585 5.121515
-1.690530 6.420626
-5.618513 7.962045
-9.761017 7.666757
-9.837971 5.750202
-8.264746 4.195236
-8.527918 2.487225
-9.703979 3.017370
-9.290266 1.918540
-8.660353 4.804801
-7.673513 4.830852
-8.298237 6.168932
-6.752216 8.518512
-5.319098 7.484819
-4.002671 6.725809
-3.150274 6.356246
-2.370010 7.123306
-2.173446 4.671938
-1.677886 4.245316
-1.634556 2.030353
-4.273853 0.882308
-4.147694 -0.281673
-4.465982 -1.308985
-3.380003 -2.103531
-3.382953 -4.089350
-4.304339 -4.077555
-2.047451 -1.756845
-4.041983 -0.165015
-3.534863 -0.480201
-4.487036 0.768857
-0.781450 2.066173
-2.014981 3.363961
-1.882301 1.791921
-1.875339 2.336236
-2.037460 3.648775
-4.214248 7.189804
-5.802315 6.515750
-5.522391 1.243079
-7.749630 1.413666
-8.270369 1.373793
-9.948345 2.530612
-10.023078 0.874043
-9.658566 -0.502356
-10.693118 0.046033
-10.282538 -1.590114
-5.409904 -5.173263
-5.281936 -5.388157
-3.063926 -4.695412
-7.672514 -6.171500
-3.723485 -1.546669
-5.300699 -3.949460
-6.709559 -4.609635
-10.306609 0.779971
-8.822941 2.025783
-8.357718 1.647209
-7.311640 1.153684
-3.539824 0.383151
-4.523552 -0.777636
-3.213257 -0.324985
-2.634459 0.796199
-4.477012 1.090743
-4.035759 -0.058465
-0.664355 0.443546
-0.524894 2.387663
1.675475 3.102795
-0.644807 5.149540
-2.704863 6.557111
-4.235733 6.733415
-3.564794 6.880936
-3.643417 6.691206
-5.102419 7.834459
-4.680142 6.317926
-5.685000 6.949544
-5.135388 7.999128
-7.199931 9.890944
-7.980558 8.227554
-4.544958 9.162472
-3.600434 8.295027
-1.017666 3.590467
-1.364159 3.202234
-2.112810 2.609069
-2.417646 0.018986
-2.726287 -0.491595
-2.997777 1.075547
-3.014367 -0.043396
-1.864758 0.801268
-3.706712 -0.657104
-4.084601 0.580170
-3.843647 0.178682
-4.148664 1.217983
-1.966745 3.425037
-1.723042 1.524910
-0.996246 4.539572
-0.748591 5.104998
-1.343173 4.903564
-1.643573 4.959651
-2.564920 6.536056
-4.147403 9.211306
-4.028575 8.969995
-5.690171 8.282952
-8.866466 6.159325
-9.430093 5.168957
-8.099287 3.133952
-7.487740 3.520925
-8.403754 1.236972
-8.980120 5.468217
-8.876025 1.380147
-11.299407 2.583199
-11.885079 -0.625286
-11.614672 0.231781
-10.113908 0.370878
-10.501534 -1.137275
-10.524214 -1.389006
-9.699016 -0.237591
-12.598419 -2.992797
-10.804414 1.256885
-8.309170 1.150429
-10.683380 1.945323
-9.976984 3.642620
-8.689546 2.464298
-7.667532 1.694687
-8.259304 1.244817
-10.170147 4.351506
-7.983906 4.303138
-10.564415 2.741574
-8.148266 4.259676
-4.404063 6.830086
-7.063278 6.655007
-6.975438 -4.052735
-9.178684 -11.858584
-8.787433 -8.424763
-6.968720 -5.384324
-4.369958 -2.905666
-4.495788 -3.244929
-4.053063 0.926792
-3.312275 -1.156536
-2.297661 -0.625856
-3.333649 -1.208155
-4.142361 -0.962616
-4.406728 -0.528753
-4.195071 -2.192005
-4.506333 -0.315675
-7.852494 2.898805
-7.969481 1.119648
-7.808692 1.335900
-9.334847 3.465640
-8.125235 2.303661
-8.242286 5.407039
-9.710232 4.486808
-8.283924 8.441255
-8.634056 6.576892
-8.538275 6.731884
-7.346636 6.522107
-3.986111 6.393966
-0.953853 6.321709
-1.391906 8.284485
-0.867187 5.724284
-0.853391 4.833206
-1.302003 4.012883
-2.215839 3.083225
-6.373312 7.727470
-4.606209 7.890095
-7.547246 4.287354
-6.427790 6.696620
-2.332106 6.595217
-5.149330 7.866520
-4.631298 8.056238
-2.302154 5.936722
0.564696 4.206890
-1.139067 1.946584
-4.512688 0.413746
-2.774667 0.014480
-4.459490 -2.405521
-4.310384 -3.979943
-4.883255 -3.980360
-3.784866 -4.371757
-3.670623 -2.481421
-4.281738 -0.895843
-4.310067 -2.623093
-3.807484 -0.847769
-3.912276 -4.583695
-6.433244 -4.380856
-7.447162 -4.036775
-7.393793 -4.230676
-6.416942 -5.926104
-6.738808 -6.721756
-6.439697 -6.007664
-7.610922 -7.652457
-9.959032 -8.647221
-10.845010 -9.114757
-10.046546 -9.228726
-12.652719 -8.076235
-12.325945 -2.663955
-16.903152 -2.325471
-9.967496 -1.635780
-12.028941 -1.666605
-7.818274 -8.803996
-6.765353 -11.200361
-8.296142 -9.510028
-6.288583 -7.868780
-10.795239 -2.150155
-6.865470 -5.476601
-6.981273 -4.436704
-13.509288 -5.066737
-14.524384 -2.935138
-12.435155 -1.762680
-9.985209 -0.574253
-9.885767 -2.941979
-10.469831 -2.560512
-13.987314 -5.823447
-9.157228 2.955548
-9.986397 2.730731
-10.623351 -8.547544
-8.748339 -8.984250
-5.471387 -7.668565
-6.726026 -5.928654
-6.796031 -4.700492
-5.956272 -7.818081
-7.482986 -7.782557
-8.062938 -9.613753
-10.116533 -8.188358
-13.522683 -8.969754
-15.427328 -4.404245
-13.034273 -4.340724
-13.298156 -6.849475
-13.031593 -7.250414
-11.477726 -10.461425
-6.492757 -8.163696
-7.226682 -7.978296
-12.445478 -8.315584
-11.742428 -9.505618
-10.943441 -11.062759
-5.167842 -8.876493
-6.449525 -8.822614
-5.184517 -9.542542
-8.526955 -8.269711
-11.032076 -10.255614
-6.674840 -9.802636
-5.015160 -4.343678
-6.298861 -4.043246
-6.714559 -6.748500
-6.484687 -6.587699
-7.016567 -7.106704
-4.024228 -2.441404
-4.362564 -2.220665
-2.090056 -2.956193
-2.667426 -2.003849
-4.561351 -3.486531
-10.641663 -1.474141
-15.354596 0.423058
-10.405510 -0.925268
-11.201270 -1.495077
-9.830000 -0.338143
-13.697248 -0.392539
-9.936943 3.151989
-8.480843 4.929815
-7.173407 7.587909
-4.215384 6.433304
-5.051520 6.978906
-2.193819 5.577556
-0.899068 7.650913
-1.744783 7.593571
-3.005530 6.529543
-1.832500 3.218288
-1.996173 2.879068
-1.498251 2.968103
-1.129113 1.800175
-1.485231 1.598754
-1.333131 1.777871
-2.492433 0.606657
-4.406708 -2.196865
-3.228575 -1.740751
-4.453144 0.423135
-3.044545 -0.595771
-2.902429 0.434640
-3.704356 -0.518626
-3.042857 0.137488
-4.234247 0.914773
-3.735125 0.861611
-4.007003 0.363586
-2.207099 1.815839
-0.717153 1.723018
-1.797886 1.667972
-2.170986 2.633230
-0.782439 5.088241
-0.741590 7.809000
-4.478723 7.282010
-6.418473 6.410198
-7.380480 6.594475
-6.521410 6.966417
-6.394822 6.400893
-6.286745 6.758395
-6.231319 7.208170
-5.969269 7.220239
-5.605778 7.807360
-4.481097 6.679948
-3.845965 7.718129
-5.954878 6.960075
-4.740392 6.413555
-5.850274 8.059988
-7.438491 6.540851
-7.943172 3.136626
-5.485427 1.274832
-5.617234 6.754324
-2.820301 9.564737
-2.015320 6.191290
-6.223549 6.650103
-6.626240 8.351870
-8.554407 5.472976
-7.266647 7.256693
-7.119357 6.853847
-6.164721 6.546483
-3.617045 8.436673
-6.415888 6.402936
-8.026409 5.833022
-7.300761 7.117784
-6.456527 6.323428
-8.490752 6.797242
-5.658554 6.330375
-7.935089 7.816599
-6.174248 6.573035
-4.782589 6.963483
-4.690485 6.763847
-4.093292 6.818041
-2.612333 6.915042
-0.103495 4.174097
-1.092325 0.404558
-4.324880 -0.452246
-3.960722 -0.755229
-4.423677 -1.578485
-3.426452 -0.888851
-4.596690 -1.178197
-3.384163 -1.843104
-4.325098 -0.549645
-4.600174 -1.013988
-3.705001 0.143602
-3.355283 -0.483752
-4.152262 -1.441776
-4.318497 -0.651797
-3.524643 0.703442
-4.974360 1.293930
-6.705766 9.687081
-6.892380 7.638301
-8.033007 5.996283
-6.734970 6.961368
-5.520743 6.450086
-6.615293 6.464825
-8.933363 5.001045
-7.821932 6.100778
-7.588690 4.986912
-8.174327 5.616257
-7.233667 6.598429
-8.074040 5.178628
-8.269931 4.737798
-5.520199 7.194520
-7.584186 6.673840
-6.354948 6.332994
-3.589515 7.066266
-1.720056 6.345346
-2.438391 3.527752
-1.242604 3.817576
-2.449355 8.474656
-4.811198 7.817052
-4.673453 6.471146
-6.046536 6.954369
-8.080827 6.702629
-7.654196 2.703402
-9.445679 2.825315
-9.967734 -0.277438
-10.852037 -2.494888
-12.310103 -2.225530
-12.047001 -1.365444
-11.015581 -0.623465
-11.371157 0.027144
-8.836199 1.977503
-7.754622 3.401745
-11.133368 4.291943
-10.477820 6.910125
-9.279972 1.539433
-8.633159 2.892175
-8.458571 4.862450
-8.194883 5.853858
-9.333937 6.214411
-5.104515 6.763162
-3.085999 6.707545
-3.155978 7.811901
-0.901166 4.416637
0.119307 3.926300
-0.060013 3.822904
-2.239984 0.964192
-5.113429 1.206631
-3.499828 1.205728
-2.646898 1.147324
-1.172379 1.709632
-1.596281 2.838181
-0.702990 2.718214
-2.209790 3.553982
-0.835490 4.836438
-3.069543 6.847250
-3.101606 7.089146
-2.154843 6.589132
-5.640868 6.922915
-4.715936 7.106674
-6.062893 6.325019
-7.752562 7.079270
-6.470439 7.842440
-3.022460 9.248363
1.086193 16.375113
