-4.591271 -7.797431
-5.166599 -4.291829
-3.264769 -4.936682
-1.686336 -1.024646
-1.101297 -0.619870
-3.293780 -0.447711
-3.859914 1.101199
-3.052465 0.667199
-4.375947 0.035338
-3.407032 1.198549
0.081212 2.423212
-1.260744 1.461462
-2.060389 2.528987
-2.352720 3.717702
-2.000834 6.028367
-3.624514 7.192356
-4.161123 7.216927
-5.689840 7.398617
-2.629179 7.719325
-2.633657 6.757342
-3.692680 7.893414
-2.392247 7.226154
2.090302 3.016297
1.071418 4.178944
-1.011439 5.555241
-2.240192 8.244190
-5.099007 7.058946
-2.286244 6.960663
-3.767886 7.576171
-5.334755 7.746500
-4.889036 6.937934
-4.772616 6.337258
-8.035684 6.782653
-7.522385 4.217267
-8.513715 8.023380
-6.119797 6.509958
-2.478170 7.000142
-2.100941 5.990660
-2.178994 4.128068
-2.197994 4.954003
-2.633926 7.331295
-6.480821 8.680963
-4.017951 6.987859
-5.750629 7.319126
-7.686374 7.072604
-7.646458 5.950855
-8.635777 6.529404
-8.668024 6.444011
-8.061644 7.957648
-7.951764 10.559833
-9.397766 17.973757
