-9.347683 16.529079
-7.876733 12.843060
-6.489828 11.100375
-2.400363 8.587119
-1.545861 9.382209
-3.551807 9.412523
-1.056501 7.507988
-2.987803 9.304038
-0.771760 11.742685
-2.456117 13.667617
2.010951 11.142830
2.019987 11.552403
1.354523 14.468441
5.422001 10.088908
6.126253 3.914423
3.819740 5.057759
3.860021 5.622165
0.946450 5.491810
-1.023087 6.014211
-0.229066 5.715924
0.353291 4.568014
0.669376 5.308738
1.319287 5.234564
-1.492018 5.193050
-1.174816 6.926012
-1.445746 7.210445
-2.041135 5.837060
-0.608883 5.870370
0.390488 1.117106
4.398941 0.201786
4.931697 0.596543
7.074295 -0.445408
7.356350 -0.765231
7.452881 -3.945581
8.101490 -6.406558
12.623075 -6.047865
13.948097 -6.869192
10.893003 -5.840292
11.911265 -4.054372
9.862523 -6.386164
5.031548 -7.402157
6.252880 -9.359021
7.587093 -9.142588
6.201199 -8.001375
7.807314 -9.451232
8.887631 -8.510982
6.460584 -9.243057
7.434254 -8.490825
8.926797 -9.116813
8.705623 -10.405238
7.697204 -3.919971
7.351957 -6.807396
8.656012 -8.653626
7.331141 -7.875332
10.691958 -7.768729
7.068626 -7.371612
7.821133 -11.771449
8.356714 -12.042384
4.735219 -9.126222
5.692251 -10.225522
6.764347 -10.171857
4.574103 -10.545941
3.785356 -8.960276
6.797657 -10.947818
8.891652 -10.922177
4.329669 -14.680996
12.105937 -13.106124
5.389990 -10.263795
4.285693 -8.565603
6.098438 -7.874261
6.748349 -8.581061
11.690563 -7.127474
17.504946 -3.161025
15.448462 -8.529263
12.719885 -5.671589
10.509750 -6.148500
10.101850 -7.673480
7.049721 -8.384706
6.694934 -10.773261
7.688917 -11.862060
8.840648 -8.295332
6.847625 -11.081018
8.362785 -8.172097
10.518748 -4.799636
11.179747 -3.747053
6.852718 -3.964310
6.377771 -1.507900
7.483047 -2.731156
7.012146 -3.243831
8.541595 -3.941078
10.502316 -5.233721
11.841990 -3.840426
10.607598 -5.522054
13.208968 -3.415997
15.112740 -9.638257
15.219400 -10.869623
