18.476742 4.966084
11.589266 6.483518
-1.856963 5.122382
1.652279 4.211504
0.559755 3.901195
-0.932608 2.894447
-0.794785 6.701236
-3.640290 8.233800
-2.674860 7.021352
-0.098273 5.633973
-0.959122 4.180121
1.843377 4.911891
3.951205 3.293717
5.112584 6.546065
4.462720 7.978080
5.871176 6.723151
2.876293 4.331433
3.873231 2.633332
3.551351 4.658303
0.254452 2.915902
-0.605185 5.939828
0.503470 4.994231
-2.731449 6.891729
-1.393469 8.675284
-1.468977 9.722848
-0.844505 7.117439
-0.702033 8.179673
-1.067870 7.869163
-3.746347 8.139946
-1.920158 11.015513
-0.591340 11.017021
-4.791606 8.505364
-2.461646 11.518081
-6.223132 10.821460
