1.580294 16.808475
1.682536 12.073141
3.831736 11.329530
-1.677868 11.477554
-1.645971 4.499663
-0.819863 7.140208
-1.626792 6.272604
0.772340 5.100847
0.032406 3.032678
-2.190282 6.692513
-0.811702 6.951278
-1.122668 7.027041
-0.983467 8.580445
-1.080974 6.063752
-4.124190 10.234543
-2.040810 10.016356
-0.867999 7.895159
-0.958332 10.013957
-1.642809 10.533078
2.464804 13.930057
3.866310 13.341803
-3.072727 11.674073
-2.988761 8.283657
-1.665448 6.767319
-1.842608 7.496968
-1.900546 6.276725
-2.954054 11.853820
-3.444069 7.445562
-1.459878 5.179056
0.800500 4.635301
1.118758 4.133903
4.989903 6.185729
5.222692 7.336358
6.596442 -8.662375
9.437075 -13.347651
