-11.454822 0.782949
-12.455511 2.893828
-10.115532 1.495685
-8.993114 2.778042
-9.351001 2.634466
-10.018048 2.189158
-7.888659 3.556226
-10.716751 3.619568
-9.663955 5.558892
-10.282343 4.089649
-8.331074 4.104247
-10.365038 6.019243
-10.543530 9.460976
-7.018728 8.834704
-7.011298 8.690237
-4.201057 7.923142
-4.897501 6.780616
-3.158946 9.864016
-2.234992 5.013113
-1.448944 5.171965
-1.625059 3.305557
-2.285173 4.380851
-0.924074 5.497087
0.186658 5.008632
0.003353 1.126105
-2.451288 1.121529
-4.110456 0.423305
-2.512492 0.704695
-3.282413 -1.428344
-2.776255 -1.984262
-2.580638 -1.422746
-2.591973 -1.320255
-3.373166 -1.788635
-2.827581 -2.631808
3.513886 -5.448558
5.953805 -6.701303
