18.134264 -6.252501
13.415033 1.661283
10.538563 4.389900
10.390139 4.702123
9.299552 4.970574
8.379310 4.064634
5.008458 3.802356
4.482190 11.703609
4.349256 7.291613
5.652878 7.849246
4.772855 10.478172
9.414608 11.055567
8.753839 12.078712
5.952919 6.952435
-0.737042 5.703889
-1.804544 10.009517
-1.032832 6.129185
-2.387043 6.474575
0.651799 5.440743
1.623197 5.272439
2.793897 4.471813
3.061933 5.911406
2.891448 5.192777
4.447186 3.745206
4.803532 7.136376
2.960213 4.159945
3.645804 5.232775
5.321202 6.898571
1.655309 5.838696
2.094628 5.681598
1.522058 2.612380
0.617541 4.924502
5.355768 10.325911
5.185903 8.162169
5.767199 7.390171
6.446783 8.219415
5.710308 6.381481
7.004931 5.244176
8.773085 5.415520
7.789476 5.172567
8.135448 4.513567
8.688139 3.839773
8.686916 4.095489
9.455004 4.461828
7.863101 3.468152
7.895716 5.082682
5.814508 3.666057
9.318412 3.606838
12.687893 4.499214
12.141972 7.214264
11.984770 7.538275
13.476213 12.954598
11.762024 10.849941
11.324005 11.253749
13.389252 9.065504
11.987849 5.253174
9.334787 4.814517
8.819164 4.427129
7.595759 4.926347
6.810586 3.338938
5.505284 8.140353
4.979253 7.569142
5.667553 7.199667
5.492276 7.638643
4.216597 4.824600
4.572977 6.010870
3.719152 5.480645
2.511637 4.712333
1.803713 3.596604
2.872867 5.617666
3.757527 5.913640
3.887856 5.572391
7.837377 3.257847
7.940214 3.295263
8.464994 4.134835
10.556332 3.990394
7.962286 5.325087
6.042316 3.739939
6.376806 8.924653
5.952681 11.850315
5.323403 10.925532
5.621485 8.090370
5.526741 5.632097
8.376467 1.638683
6.592483 4.633306
6.626991 4.672737
7.355188 4.585979
7.720408 4.437332
6.398309 5.097239
7.625447 4.287133
6.875793 3.684659
7.436286 3.818423
4.912753 7.812850
6.400258 3.663304
5.474533 5.686535
8.627895 5.199780
7.140238 5.223704
7.998153 5.117825
8.618093 5.286673
8.773586 3.126714
10.979551 1.991982
11.838025 6.250134
12.138002 6.149436
10.209623 2.782245
7.838984 3.286167
5.999762 3.917118
6.970704 5.555838
7.213412 5.382749
10.590364 4.769449
5.657527 10.270463
7.890317 12.646782
13.146992 10.944543
11.661316 5.706566
13.721289 11.251096
7.063321 11.894101
8.357970 11.129738
5.527613 4.170242
7.202226 5.241520
5.785434 4.574982
4.447560 4.057529
4.929048 4.983705
5.344801 5.845183
4.494823 5.520150
5.985844 7.382270
6.416892 7.439242
6.035670 5.812270
4.529828 5.013949
8.131275 3.453849
9.860356 1.441171
9.946658 2.934511
7.487989 1.113898
9.985424 4.330367
8.716682 2.586995
9.253594 2.628267
10.704872 3.776610
12.738504 8.266555
12.899141 8.934271
17.500334 7.963642
11.035637 10.912026
7.177774 4.688075
8.633089 5.410640
6.006289 9.995470
4.376318 9.065226
7.202713 11.213965
7.466311 10.736897
9.617073 12.962092
7.250175 4.462064
10.238575 3.919042
9.484282 2.882984
10.196225 1.512652
8.698627 1.863160
8.117529 2.197731
8.899210 2.410840
7.813904 4.068398
6.312344 4.185981
6.147763 8.304626
6.433815 8.763355
6.271399 9.651993
5.775539 11.261431
8.417192 12.036744
8.315422 13.988192
11.368652 11.050423
13.583607 9.454867
12.010881 9.020373
13.169414 11.049610
14.428057 8.440276
11.651089 7.485567
13.646403 7.264324
11.553908 8.269821
11.581832 7.106377
12.908175 9.173024
12.235583 6.662642
11.432024 4.669440
9.015656 3.386621
7.066256 2.929198
10.474652 3.105656
10.382360 5.556786
10.089433 5.461709
7.708714 2.867864
8.704910 4.273536
11.029455 5.162008
11.329672 2.519270
9.335835 5.290923
9.173076 4.738730
8.836200 1.710938
7.707232 1.462242
9.744011 3.122524
11.182423 1.828986
10.507625 2.460818
9.962362 4.736206
9.345423 4.516636
8.829770 5.421925
8.395008 4.462945
13.690552 6.233774
12.885435 11.179024
11.804125 8.485601
12.616145 8.628865
13.582901 7.947465
12.839710 8.238248
10.627037 5.437338
9.766773 4.879803
7.077318 4.322745
9.637543 3.296531
10.233904 4.511245
9.834097 3.220448
9.552667 5.442856
10.916727 5.088871
7.743005 5.178885
5.428003 5.492136
6.419328 7.309584
4.980702 6.822996
5.230906 6.273754
6.847088 4.635481
8.111205 5.314502
6.577674 4.751939
5.659185 7.104071
4.671142 6.308902
6.020152 5.180070
5.920153 6.050761
4.970233 6.675014
5.913043 6.629130
7.743286 10.903964
12.244739 11.599774
11.613335 13.171337
10.058299 14.327084
6.118690 11.104847
5.743282 9.124364
5.664892 8.701184
5.810167 7.375736
4.688522 6.402481
4.837653 8.019212
4.883117 6.705125
5.862597 5.294743
4.945513 4.434267
2.079784 5.433956
2.792491 2.972871
3.338479 5.489578
2.962984 4.717921
-0.658772 4.796258
-0.133496 4.817619
5.122732 7.292836
5.192648 6.672331
4.378993 6.623208
5.388247 7.934887
5.261950 7.548295
5.898573 9.839665
7.236818 11.875902
6.353750 8.533015
4.592645 8.053390
6.036654 3.438040
7.844515 5.388474
6.641809 5.246380
4.869133 7.169400
7.627684 12.510513
5.378914 9.613329
7.646845 10.679751
8.928608 10.898615
10.928802 15.473484
12.743950 9.582317
16.387192 13.570253
10.669651 11.236300
8.854422 11.741352
10.117645 12.046027
7.395499 10.903713
9.244580 10.948234
10.768454 10.981342
10.026811 5.589164
12.338930 5.194156
11.776297 5.352027
11.809460 10.136588
13.286229 5.978466
7.660628 4.564218
7.164283 5.475361
6.647751 5.241780
9.967458 4.733690
5.385437 2.933185
6.435018 3.718056
6.835027 4.828118
5.640714 7.583453
4.567217 6.947104
5.445111 6.834470
5.871366 7.049599
6.213020 6.502076
6.238601 5.288749
9.366245 4.935320
10.798231 4.514832
9.449980 4.722776
7.721493 5.496894
6.359238 3.879937
6.076604 7.064429
3.986617 4.526242
7.637741 5.546996
7.814466 4.425863
7.510154 4.455012
10.203716 1.726396
8.370961 5.398064
11.622415 7.666040
8.570616 11.016870
4.326062 10.125686
4.449966 3.414635
6.073261 3.426913
5.983235 4.780890
7.822596 5.611453
5.436210 6.529891
5.404699 5.971787
5.869678 8.726125
7.775859 4.981056
3.886673 5.578681
5.200388 6.893875
7.585222 5.587733
11.571329 9.237498
12.129139 6.299109
12.681349 10.319138
11.757539 11.281219
5.058572 11.942010
2.616895 11.427062
-1.415957 12.046577
0.006334 14.666011
2.080655 11.653612
-1.388234 7.205193
0.659445 5.211751
0.970185 4.359216
2.606798 4.949458
2.642528 5.843830
2.750853 5.761014
4.311506 3.570122
5.864625 3.868718
9.390497 3.916889
9.252680 3.744138
9.960089 5.022082
9.966925 4.741199
10.744579 4.161098
12.129873 6.426875
9.963196 4.092253
11.514861 3.085262
9.081597 3.116875
9.261514 5.206663
5.527949 6.621263
6.529835 6.243528
6.232071 9.758863
6.443282 6.357190
4.624814 10.476672
4.577953 10.696733
5.608310 9.967346
6.257145 10.396255
5.748400 6.654890
6.456030 5.458495
9.453369 3.252453
9.852728 2.312269
11.739387 4.404511
9.664248 4.260949
10.191749 4.720085
7.928211 3.479301
10.592354 2.211380
10.918291 5.387433
7.866442 4.699669
11.200129 4.280030
8.372926 5.568316
9.467436 4.632370
7.866171 4.300560
7.720280 1.993206
6.740508 3.549057
8.447116 3.477913
7.830519 5.063427
8.116291 3.934687
4.455786 7.922700
2.002336 5.551992
5.197505 10.045217
5.820740 12.463349
11.186413 11.901238
11.826296 10.263118
10.621877 14.025510
11.540472 12.913133
17.614035 15.456613
11.889614 8.383226
12.269377 6.348135
12.189933 5.558218
8.759441 3.935706
9.431763 4.554296
10.975821 5.319074
8.759155 5.346446
7.568863 4.706884
10.459904 4.061812
15.137698 8.418485
10.744410 4.766209
6.158151 9.233813
5.944301 11.448697
11.438568 11.573471
12.056812 7.024012
11.703714 8.692921
12.167099 8.514068
12.281034 8.390157
15.658039 6.819922
12.419952 9.830668
11.939014 13.963483
9.871986 14.042565
12.323919 9.199645
15.153112 6.906784
12.196541 5.496488
9.183188 5.442271
9.183428 4.472068
6.664413 5.319527
7.177068 4.939050
8.380859 4.336234
6.743674 4.321657
4.777538 5.774426
6.259171 6.982974
6.304960 7.297993
6.524787 9.499783
4.591465 8.070106
6.683971 3.990679
8.018618 4.099331
5.448873 6.661873
4.721542 8.177385
4.906337 5.958986
9.126729 4.319084
8.809338 5.177234
9.270741 4.449493
9.877237 4.860687
7.194944 5.300446
7.610519 4.071862
5.861499 5.036282
5.429508 6.221833
5.055927 4.703898
8.268250 5.402913
7.632791 5.387653
6.706567 5.619369
4.955328 5.181024
0.263500 4.984241
2.307015 5.555130
2.394645 4.531303
6.107916 7.154902
4.685159 4.938118
10.631742 4.637466
8.998189 3.358944
6.427503 5.342377
4.017815 4.756934
2.158511 5.345378
4.603704 4.397463
4.701140 9.246046
6.936039 10.968519
9.036804 11.979214
10.163658 10.820236
12.211910 11.844913
8.319306 10.939481
9.245729 10.721388
9.871832 11.175331
6.466272 11.860075
6.306312 8.679740
5.989987 11.494888
4.702721 10.274597
5.097575 8.071032
4.483578 7.580719
4.882855 8.417410
6.390744 4.712102
0.737366 5.721341
3.805375 3.957007
2.385960 4.836633
3.648127 5.701692
5.677225 5.880461
5.074201 6.059473
7.270600 4.677608
9.072156 4.353177
10.793888 5.201733
10.299724 5.191297
11.549322 5.320970
11.524137 3.514111
8.915447 0.965912
8.256492 2.627867
9.498720 3.087045
8.929340 4.877389
6.880061 5.187899
4.613068 5.773067
6.387273 8.407497
5.988113 7.189456
6.297770 9.473225
6.094536 8.693898
6.098810 6.731776
7.914739 2.082249
8.113338 3.063223
7.230202 3.346777
6.716470 5.326785
8.454396 5.132791
7.917857 4.108246
7.427254 5.495587
4.946469 2.537282
5.861124 5.862031
4.670264 9.781440
4.937263 8.779379
5.284637 9.968135
6.164253 5.782953
4.413778 6.149166
4.786085 4.440733
5.593647 3.979404
4.891517 3.581645
3.690588 3.902353
0.759367 5.001683
-1.435619 4.381407
1.130736 3.449450
-1.001840 6.231756
-2.142347 6.413582
-2.850703 5.379552
1.980866 5.174821
2.827994 5.183912
3.762445 4.662707
3.589186 5.683917
3.075618 4.011100
2.517178 2.611677
1.935261 3.131785
0.996740 2.958766
0.161462 4.446504
-0.332795 5.331376
-2.995939 8.499794
-0.918738 9.843216
-1.540457 7.992970
-0.362823 5.074190
0.098408 4.699200
1.761823 4.618929
0.707641 5.454263
-0.050689 4.152790
-1.417446 4.859214
-1.467027 5.565650
1.165097 4.361050
0.772842 3.963637
2.756362 5.644053
0.247160 5.691987
0.422687 5.391733
-0.256005 5.896686
-2.998216 6.249923
-2.632037 7.510554
-0.844942 8.740456
-1.053454 10.240377
-0.780651 5.800506
-1.103188 5.850719
-1.832363 6.839319
-2.314270 8.268060
-1.704977 6.372664
-2.060739 7.558156
-3.021832 6.746519
-1.067346 7.020151
-1.635531 7.919038
-1.927651 7.756205
-1.874456 7.213935
-2.099724 5.852507
1.671379 5.075044
4.919838 4.675270
4.434984 8.629631
5.323741 10.866405
3.028124 11.801018
4.597469 12.216304
4.943950 12.781895
4.417048 11.423409
6.308372 7.687138
5.398134 7.639968
4.774137 7.254304
5.047432 7.126869
6.503682 13.069310
8.075663 12.787609
3.774947 12.314299
0.926061 13.757735
7.061227 14.792510
5.600299 12.112120
5.970604 7.634255
3.233605 4.810188
0.966368 5.713249
2.495871 5.734777
2.603124 3.601469
-0.319736 4.278244
-1.635704 7.799347
-2.915877 10.216413
-0.851175 10.321105
-2.175669 10.938921
-1.371118 8.885769
-0.871332 9.282631
-0.716340 6.821957
-1.169486 5.126837
2.146856 3.370723
2.161820 3.449656
1.553278 4.759806
-0.777754 5.532805
-2.200859 6.306653
-2.847295 7.400800
-1.942885 10.978349
1.899380 11.721874
3.361813 10.966264
5.726802 9.331852
4.835911 7.045515
3.121153 2.770824
7.882812 11.158027
5.204294 8.557371
5.348944 6.851258
6.192525 12.234114
9.300727 10.901832
12.000188 12.309056
5.879900 6.711133
5.717327 7.703955
11.565406 7.907851
7.613047 11.975247
7.465797 11.265874
7.373445 11.083165
7.778393 13.014532
9.618763 11.511155
7.690411 10.894503
8.632000 11.351778
4.612606 7.928366
6.105375 5.240905
7.135860 5.362437
9.411077 5.091001
10.222259 4.734060
10.032795 4.863332
10.196503 4.626600
10.832800 2.885938
7.747779 1.399311
8.534449 4.314098
11.703545 7.708004
6.031078 8.931739
4.916697 10.246111
5.950097 7.714443
6.533708 4.447252
6.480472 7.302824
4.809460 6.034861
5.000177 5.595998
7.454974 5.605149
4.970781 7.642120
4.292580 13.046174
4.184094 12.190907
3.967024 11.216023
1.347648 12.022880
0.781512 12.687726
0.527283 11.466308
4.503691 8.021107
4.841896 8.542146
6.128995 7.769911
9.729671 4.512046
7.160241 5.188243
8.841145 3.968584
11.779283 5.078494
9.537167 3.512883
6.230346 3.447306
6.459747 7.865043
5.458606 6.542657
5.832570 8.891416
4.353248 9.539639
4.981966 7.616014
-1.674094 8.098058
-1.323484 8.272973
2.758569 5.207741
-0.193165 4.636290
-2.649499 7.917941
-0.728882 8.727238
-2.563900 7.249682
-0.517906 4.432487
2.702169 12.629478
2.733375 12.004732
-3.485717 12.350909
-1.743191 9.909228
-2.323710 7.288409
0.108217 4.661910
1.070475 5.835544
1.346186 5.901074
3.106025 5.216687
4.396733 4.644714
4.240497 3.085621
2.625533 5.455730
0.985075 5.303821
1.609942 4.674104
3.076742 5.280011
5.566854 3.238390
6.384430 8.168042
5.217409 7.119287
5.610074 10.023660
6.432920 5.225928
4.863411 6.361640
6.313867 8.439445
5.193099 8.542871
5.756186 8.695239
3.898961 10.956809
-0.717752 7.043261
-1.752324 5.717969
-1.519498 6.970287
-2.008778 5.637740
1.486448 4.289332
1.562427 4.555863
1.783907 5.172448
0.034560 5.367822
-0.706820 4.246000
-2.724342 4.755678
-1.780437 4.010606
-0.993096 6.594687
-1.082254 6.913792
-2.236021 10.693487
0.318241 11.994788
0.591789 11.336322
0.150164 10.987241
2.065392 10.990777
3.053958 11.569587
1.042512 13.197155
0.209410 11.241172
2.138039 11.051772
1.007939 12.384842
-4.618124 8.232005
-0.694675 8.967473
-0.889807 7.879924
-0.764682 8.155920
-1.960308 8.290269
-1.657322 7.697463
-1.682545 9.783718
0.053179 4.179137
3.836028 5.283257
3.136187 11.877020
4.602721 10.541864
4.375015 8.350875
4.330149 11.786613
4.525289 5.598774
1.817058 5.455657
-0.141460 3.579831
-0.050685 5.635804
-0.231757 5.685632
0.681813 5.648039
4.139656 3.858573
4.974078 7.206426
4.988486 7.245070
5.122118 9.564817
-3.801705 6.560321
-2.296514 8.829379
0.128436 5.799634
-0.901718 4.606073
-0.582033 5.445155
-1.361502 8.583945
-1.027159 11.397517
-3.688671 9.609668
-3.080871 8.002975
2.753828 4.306294
4.851193 4.969764
4.931006 6.689620
1.367609 5.412602
1.136374 5.325031
0.653125 5.889666
2.398182 4.923425
5.453002 5.855431
8.538261 4.742584
5.837384 6.348994
5.033589 8.345321
11.398802 11.453721
8.776424 12.921690
9.571386 11.158961
8.329496 11.148090
6.081336 11.551616
4.721283 9.505425
4.889612 6.986194
5.507357 5.519609
6.219894 4.396273
5.699946 4.544053
5.191231 8.568742
4.344002 9.365726
5.022540 9.178477
4.499276 7.987963
4.794901 8.677020
4.834343 8.008970
5.924563 7.142601
5.746463 9.582178
6.670723 10.976459
10.796122 11.148390
8.572281 11.032659
4.700545 10.144629
6.275630 8.422099
4.333875 3.936900
5.588280 6.039299
6.763928 3.148968
8.131121 5.630872
10.164202 5.375975
9.047682 5.529731
9.089456 3.692094
9.869573 5.325371
11.540618 3.998245
9.955999 5.421409
8.718000 4.692173
7.502052 5.474316
7.915700 4.663325
10.153563 5.463147
8.155903 2.594761
7.926144 4.291849
7.583510 4.610267
8.739985 4.988767
10.804008 2.362355
6.914622 3.888921
6.136724 7.477291
6.216316 11.270339
8.090951 10.676304
6.238131 3.404524
8.150238 4.188049
13.056725 4.603410
11.588327 10.090504
11.706762 7.702505
13.863665 9.510508
14.220966 5.748364
15.951073 5.601707
12.289685 4.217992
7.025092 4.931907
8.394650 4.082075
6.479208 4.837081
5.860173 5.360872
8.689287 4.092175
9.535549 4.874133
11.999335 2.754871
13.370117 2.716629
12.450427 4.272896
10.551056 5.363511
12.160664 3.468433
10.035297 4.617934
7.275373 4.982696
3.465906 5.062417
7.313548 4.131002
7.259440 5.400274
3.513575 5.488236
7.129784 4.492912
11.128990 5.619023
9.627216 5.358178
6.110586 4.932207
8.070277 3.833867
8.233820 4.100541
10.417809 5.112724
10.832014 4.083361
10.402462 5.160614
8.316343 4.039745
4.598234 5.681417
5.754140 9.884406
4.520385 7.063799
6.092716 5.567923
6.214713 13.763146
11.040885 11.866846
11.657177 12.074939
9.457256 10.714847
5.724185 7.213115
5.613811 6.798215
5.006342 9.640408
4.258600 11.217089
0.211771 12.169263
0.465904 14.018023
-1.913488 10.570971
-1.295395 8.240922
-1.494018 9.689139
4.331923 4.796925
5.942602 4.517165
5.864124 7.698729
5.850674 5.988686
4.926076 5.265814
3.213706 3.145699
1.865759 4.298527
2.848523 3.682659
6.202521 5.971314
6.436933 8.045634
4.894137 5.680651
5.564816 3.025147
9.534889 5.368723
9.429487 4.637258
8.023312 4.858515
10.181660 5.403217
8.221889 3.037338
8.249203 2.695826
8.977855 2.723453
6.188154 3.388105
6.523828 8.923045
6.292348 8.917297
6.186399 6.329436
7.120318 4.156355
7.296178 5.184575
8.341815 5.533251
7.996500 2.902115
7.334882 5.090909
6.238889 5.257665
6.421249 6.698396
5.430788 9.610016
12.711182 8.127271
13.368195 3.787673
10.065107 5.503558
8.842488 10.937008
11.002733 12.009798
5.183681 4.745661
8.100589 3.317717
11.163275 4.163742
7.419384 5.427557
7.233907 3.103959
7.015932 3.691061
5.623552 7.570289
5.126367 7.773527
5.004585 3.707585
7.662484 5.536186
7.513488 5.416358
7.890433 3.256447
6.550658 4.944812
11.848450 9.103063
7.870294 5.047262
10.754610 4.703166
8.872082 5.117361
10.598183 2.699072
13.063003 7.281518
6.487614 8.221568
9.108074 10.756991
10.031096 11.478975
8.133327 11.688120
11.182529 11.528306
11.192180 11.579762
17.732500 8.482368
13.407660 13.759169
12.117058 8.665710
12.693276 9.065632
11.452908 4.454975
10.530657 5.632060
9.943826 4.426968
8.747698 5.077140
6.558249 5.351940
7.952328 5.448954
12.507348 5.595890
10.431324 4.668748
10.698586 2.864390
8.927877 2.509662
8.407660 3.948552
6.379512 9.539464
10.788107 10.711270
10.664383 12.813884
11.348118 14.673741
11.261189 10.947823
9.112308 11.866756
2.297796 12.798910
3.050209 13.224409
5.462821 9.495289
4.531563 9.668778
4.686437 8.960542
4.522554 8.277166
5.655727 9.331308
6.167131 9.406856
4.514098 7.935627
5.873447 8.184331
5.547387 8.814879
5.404961 10.554860
5.073404 14.239249
2.021790 11.149888
-4.799346 16.137680
