18.777372 -13.777344
14.630542 -7.354879
12.296065 -1.979314
12.969581 -3.246470
9.472575 -2.257939
9.579481 -2.478426
8.078604 -2.600305
5.882379 -9.199634
8.502634 -10.767916
5.416804 -5.139731
5.327666 -8.496810
5.127291 -7.083849
8.506860 -9.833507
3.052332 -6.631547
5.664021 -8.441425
8.613087 -8.420025
6.446474 -14.651609
7.764555 -12.905953
7.657523 -9.499745
5.834171 -8.737477
7.980041 -9.272563
14.289396 -7.523910
12.855083 -6.873822
12.547804 -6.621600
11.423751 -6.866920
12.389313 -7.627551
14.984251 -11.514766
12.378031 -6.788814
13.862165 -4.301300
11.659086 -6.151025
9.322962 -8.110089
6.037645 -8.266809
9.319653 -8.775556
8.227070 -9.464410
9.104630 -8.674814
9.024112 -1.668169
10.971457 -0.868609
11.121818 -1.684735
7.174402 -2.527576
11.265054 -4.962974
11.579416 -5.418070
5.357374 -5.630038
4.827029 -6.990113
3.613633 -7.487363
11.065243 -2.633499
10.803211 -0.631101
10.620579 3.255687
9.185018 4.065643
10.236546 2.593749
8.374534 1.249304
7.466284 0.281830
8.523140 0.182682
7.566555 -1.710480
3.832596 -10.159512
7.292338 -8.164187
8.504373 -8.041444
9.123322 -10.698732
8.493595 -7.929096
10.414890 -1.161653
10.376205 -1.485990
9.012565 -2.474167
5.431666 -7.898993
9.024107 -9.060420
11.951639 -5.164567
13.091067 -6.492692
12.402127 -2.951667
10.357480 -1.751634
8.932950 -2.396704
5.526071 -3.978755
5.997244 -9.155116
11.777137 -6.674996
5.506143 -9.930091
9.192360 -10.563222
7.017316 -10.878362
9.025672 -10.365403
7.436052 -8.931624
8.253550 -7.983258
6.090207 -10.950694
5.681670 -7.145612
5.227029 -8.868979
7.256608 -8.670058
4.604863 -10.330680
5.759733 -9.214068
7.766895 -8.762757
7.690284 -8.399298
6.169093 -8.368697
5.566212 -7.460540
7.955412 -9.256161
8.066527 -11.614141
9.380663 -13.469434
12.236876 -13.116618
5.252319 -16.166620
5.682302 -4.475552
5.791509 -4.929765
2.282832 -8.198309
1.950328 -9.788234
7.460605 -9.970899
8.393312 -10.984405
6.969856 -7.978022
8.213443 -8.975846
9.209776 -12.953738
7.376047 -8.946017
4.921405 -7.665348
5.788035 -11.063838
7.171430 -10.422123
6.199447 -9.348126
5.883867 -7.328061
2.157353 -7.679067
8.175059 -8.707623
9.271265 -9.571897
6.941407 -9.230086
7.794858 -8.419622
6.696972 -7.818315
6.681405 -10.982704
8.654243 -9.368675
6.190582 -8.870418
8.823158 -10.451251
8.392170 -9.143828
4.886336 -9.554910
5.361856 -9.660100
8.617906 -8.507113
8.459375 -8.853187
5.080992 -10.115423
5.371278 -9.746242
3.764679 -9.803052
6.736468 -8.446973
6.774025 -8.350093
4.843097 -6.660196
5.207622 -5.167362
6.057777 -7.561133
4.626423 -6.239929
3.341864 -4.037600
1.734042 -3.449481
1.751401 -0.809044
1.028036 0.469044
1.396280 -0.380735
0.770609 -1.351833
1.797365 -1.878258
9.488320 -2.064604
8.336145 -1.626411
10.459622 -1.294685
11.263884 -3.012612
11.191179 -3.628696
11.261057 -3.190933
11.391037 -1.707678
10.072041 -1.529898
8.364399 -2.691220
7.545795 -1.225355
8.115251 -2.812195
8.304911 -2.367352
8.282529 -2.493760
6.970808 -1.113959
4.013099 1.746740
1.764890 1.513306
1.158296 -0.147318
1.479095 -3.001919
1.523783 -0.669649
0.918648 -1.089636
1.372668 -0.365743
0.466903 1.816357
1.262354 -0.865788
3.438182 1.491979
5.354478 1.080773
4.258961 1.077053
2.278013 2.001450
1.704498 1.905587
1.632054 -1.345285
1.161762 -1.747377
0.974714 -2.398431
2.004788 -4.520542
3.633361 -4.189868
0.565038 -4.604244
0.190403 -4.547412
1.338301 -1.892009
1.679870 -1.751982
0.695277 -4.804894
1.652680 -3.105056
1.274673 -3.105666
0.576789 -3.490831
-0.772235 -4.778207
3.001041 -4.254603
3.811221 -4.282452
5.788077 -4.172187
5.576644 -5.549911
4.769320 -4.913835
3.412606 -6.005228
2.745692 -4.263437
5.391629 -5.982080
6.577259 -9.419730
7.700818 -10.652774
6.936162 -9.241500
4.405759 -10.827270
4.583773 -4.512802
4.133894 -8.520658
8.767452 -9.032750
4.206824 -8.640100
4.226749 -7.387987
3.633063 -9.734281
7.213573 -8.018543
5.443450 -7.923377
9.168394 -8.241268
8.544451 -8.660005
11.323236 -7.148080
12.157346 -3.656167
13.260507 -2.939997
17.004372 -8.765582
16.047489 -5.179269
9.340826 -2.767724
8.113289 -0.902183
8.564558 -2.658862
7.177676 -1.594895
7.555399 -1.410625
7.055706 -0.555496
8.080277 -1.382592
8.287331 -2.114833
10.377775 -1.319512
9.889519 -2.417708
8.825996 0.434325
7.603568 2.536399
4.128565 1.468657
5.317814 2.536466
4.283844 1.657265
8.129042 1.457229
7.230070 2.454238
4.087799 3.159307
4.152718 1.932759
2.196379 1.316845
-0.254547 1.286838
1.211397 -0.306515
1.750451 -1.221271
1.502480 -0.808892
1.418241 -0.908490
0.921161 -1.238226
1.294445 0.672768
1.747159 2.380568
2.564037 1.281491
3.592246 1.180661
2.226114 2.416369
3.443171 1.298951
4.479443 2.853177
5.060776 1.090901
1.607614 -2.354519
4.346900 1.392810
3.836429 1.216940
3.745089 1.162880
3.084159 2.650739
0.997415 2.215430
2.047057 1.234811
6.231064 1.174759
3.054554 -3.968429
5.708567 -5.827812
5.863640 -4.003252
4.923372 -6.825000
6.416686 -8.345174
5.490701 -9.797105
5.481814 -9.035903
7.932324 -8.116150
6.684779 -8.792321
4.950099 -11.796142
6.884352 -11.667281
8.741594 -9.211397
8.616918 -12.322953
5.513293 -10.890029
6.176612 -10.997907
6.745065 -9.257169
9.369276 -12.114497
9.453358 -2.126002
13.045097 -3.173830
11.556118 -3.108484
13.123436 -7.425331
11.242484 -7.108906
8.994202 -12.768743
13.867537 -15.403181
7.776737 -12.997329
6.171936 -10.305729
6.121198 -10.260101
3.949453 -8.760539
5.739819 -8.754127
8.713154 -11.898976
4.806211 -9.538114
7.933933 -12.586509
6.810572 -11.546734
14.947807 -18.337671
14.605515 -9.509213
5.718531 -12.574462
13.375145 -16.141886
10.644700 -15.030107
8.633620 -14.388828
10.367872 -15.325647
14.263171 -13.490918
12.051395 -14.914184
12.481152 -12.914052
15.833200 -13.778151
11.764392 -16.671482
8.628131 -7.962508
9.252022 -9.897742
7.416868 -11.837455
7.425853 -7.819745
11.782784 -7.451289
11.185460 -6.132351
11.316930 -7.100842
6.526008 -8.319644
6.313778 -9.771725
7.524975 -9.369040
7.796182 -10.246503
7.875606 -8.821721
9.094184 -9.865818
8.740512 -14.475982
10.410095 -14.264842
13.092770 -14.627733
15.978779 -14.047635
15.282242 -10.597495
14.606377 -10.456738
19.847124 -11.354922
16.345610 -9.940900
19.617529 -18.069075
19.327232 -19.222338
15.621430 -14.055341
9.234644 -8.919757
8.615971 -8.356080
3.018286 -10.857847
7.984504 -11.659760
17.164791 -15.505157
16.141195 -15.924891
14.456671 -10.773546
6.235812 -10.493039
4.713130 -6.061873
11.868147 -7.240448
12.111967 -3.900090
8.413060 0.016360
8.835386 -2.256284
7.593852 -2.282861
5.729652 -5.993320
4.695049 -7.485455
4.419717 -10.769760
6.726456 -9.005939
8.248302 -11.722692
8.117620 -9.260416
3.739648 -9.978881
5.179171 -5.832491
5.251600 -6.053287
5.873072 -7.967973
5.816766 -7.668536
6.353367 -8.934752
8.118316 -9.630739
10.384853 -2.267430
12.249861 -3.138709
9.184502 -7.972625
9.376848 -8.336102
8.719788 -2.561273
11.557851 -7.276381
11.370889 -7.561511
5.890057 -7.744499
5.257645 -6.410249
3.428604 -6.957626
5.099557 -10.037351
6.066816 -6.612550
11.882589 -6.084469
7.341869 -8.041887
9.252938 -10.074109
8.590096 -9.319201
6.518734 -7.854099
5.066576 -6.189764
3.334137 -6.234812
4.504825 -6.955962
2.124254 -7.179479
4.432109 -7.636001
2.497896 -8.622274
4.706475 -7.174515
5.507827 -7.239199
4.947356 -11.115335
6.881289 -8.606466
8.619711 -9.221656
9.039550 -11.171791
8.112271 -11.707789
6.795062 -11.099288
7.414387 -8.604350
9.332143 -8.078189
7.891791 -9.340293
8.191100 -9.381865
7.743983 -8.372985
8.404588 -8.925324
9.264130 -10.284979
8.795706 -11.209208
7.096973 -10.891391
8.771801 -10.683286
7.945391 -7.860741
5.278900 -8.711906
7.346487 -9.755029
5.565114 -7.711332
7.252491 -8.932665
9.021504 -7.900710
9.258819 -8.115469
5.851480 -8.499827
7.570580 -9.027392
9.049087 -8.516050
12.486002 -7.478549
13.407304 -3.869029
13.868923 -7.353712
13.423328 -6.494946
16.143980 -5.373481
16.549978 -10.937772
14.432236 -6.166630
11.660044 -13.469468
9.082911 -14.896773
8.087905 -10.546487
4.967431 -8.549870
7.647492 -9.140366
4.913303 -6.981978
4.384509 -6.255710
5.272859 -7.387587
4.250891 -7.696249
4.096364 -5.842371
2.874536 -4.943436
5.997231 -4.338456
9.279242 -9.446203
7.325484 -11.224675
8.440987 -10.460906
8.030730 -10.047517
8.943113 -11.208407
6.768230 -9.238628
12.105418 -5.585859
7.172038 -10.350331
5.265707 -14.616708
5.721654 -9.563126
14.542355 -8.171181
7.017927 -8.282668
7.018847 -8.073460
8.080453 -10.303619
7.598645 -9.586157
8.599569 -8.457868
3.112967 -9.092772
4.961297 -8.658494
8.183805 -2.525518
8.503949 -0.918335
7.600413 -1.507312
8.267799 -1.882425
9.530251 -1.351852
16.110500 -5.178589
12.019911 -5.062296
12.631150 -1.468455
8.791603 -2.737742
9.227354 -1.118088
10.315739 -2.071498
12.073336 -3.110394
8.297712 1.047775
6.205236 1.131911
6.625376 1.112497
5.773475 1.903680
3.816635 1.674368
1.690963 2.263300
5.133450 1.346642
4.704711 1.218971
6.160209 1.685584
7.875302 0.682683
7.174748 0.221597
7.553712 -0.411904
8.941267 0.328418
5.969950 1.742998
6.023143 1.560804
1.887335 1.330818
1.315498 -0.275370
1.387226 1.305549
1.495433 -0.076655
1.709173 0.272518
1.975088 3.573095
2.736575 1.800592
3.778480 1.856777
2.850267 1.424553
4.163170 1.806973
0.960271 2.366036
2.649433 1.745666
1.251401 2.488920
0.975725 -0.075752
1.141890 -0.602033
1.481661 -1.541409
0.884253 -3.485270
2.187781 -5.103166
1.478383 -3.886474
4.300600 -4.477283
4.917162 -6.467360
8.578110 -12.483096
7.951665 -8.917609
5.666303 -8.257450
4.935060 -6.102773
3.995195 -6.986534
4.584779 -6.399228
6.112682 -4.512177
3.741833 -5.455915
1.518171 -2.696162
7.404926 -0.140234
2.675092 1.132074
3.834055 1.621292
-0.114118 -2.959841
1.085727 -2.873821
1.726042 -3.398140
4.466337 -3.946717
4.302417 1.075045
4.495455 1.810498
6.014041 1.570487
4.800339 1.064384
4.476982 1.803990
2.999490 2.164963
4.824477 1.612208
2.600724 1.273360
3.138697 1.387445
1.703982 1.528914
3.701860 2.416825
5.528459 1.723897
8.594484 0.553916
7.830245 0.081657
7.901133 -2.260279
7.905429 -1.471457
7.684421 -1.314521
7.454955 -2.650335
9.416782 -0.616564
5.850730 2.657919
5.961465 1.295330
3.755445 1.480227
1.419704 0.992928
1.610010 0.234756
1.163333 -3.923305
1.107390 -3.469587
2.180555 -5.296148
2.715010 -3.979162
3.251235 -4.522267
4.214170 -10.666176
2.485816 -8.240919
4.403576 -11.408070
9.117140 -10.369407
8.648276 -9.184826
7.019067 -8.145764
7.131793 -10.253972
8.694568 -12.137823
8.512550 -11.042367
8.438418 -14.682597
5.800005 -10.404860
7.779122 -10.656676
8.358859 -7.923378
5.580161 -11.933822
7.421556 -11.305932
6.163543 -10.379292
8.233085 -9.756251
7.335653 -12.278634
8.427897 -8.687885
6.713133 -9.024523
6.675191 -13.217264
10.072227 -13.695464
18.843014 -9.400105
15.765265 -8.395225
17.975510 -9.872238
13.444320 -1.984108
11.190296 -5.664944
12.825562 -6.425654
18.310413 -11.255740
