-19.236032 11.809076
-14.516384 15.579267
8.173809 10.863195
9.367188 10.681170
10.199913 12.704860
12.898708 19.334307
4.838994 9.218812
5.789176 9.394152
3.926759 12.106459
5.559174 7.999025
4.658566 6.750366
5.124648 8.136683
6.055925 11.160989
2.285308 12.589479
-1.125773 12.856955
2.174660 11.376493
-1.509689 13.075350
-2.157853 8.148620
-3.788128 6.525272
-1.039216 7.019912
-1.499906 8.887957
-0.797821 6.524413
-0.820336 5.515980
-1.320048 7.081509
-0.881085 8.920890
-1.550357 7.733203
-1.052217 6.447706
0.818534 5.925381
1.962848 3.694666
0.498548 4.633711
1.567943 5.565296
1.631896 5.937207
1.954481 5.948330
1.117109 5.839743
0.862914 4.929660
2.408074 4.407388
4.271317 4.590531
5.166443 4.086143
7.950571 1.738872
8.704004 2.477034
8.666855 2.528299
7.975334 3.600564
10.234711 5.499094
10.331785 4.013513
8.835932 4.999648
6.709579 3.827558
7.015394 4.965987
4.822742 7.689519
5.703135 4.726530
4.553926 10.212720
5.666323 12.199773
7.019045 10.780262
7.412058 11.183846
11.194319 11.257228
9.437599 12.977978
11.820787 12.536633
12.075853 8.984435
11.879560 9.022857
12.642297 9.683699
13.023447 10.634182
12.832833 9.269581
