11.275536 12.081420
14.271658 9.512582
11.828232 7.321309
11.849283 4.779914
12.906572 6.611632
12.874260 8.925612
7.555906 4.927388
4.845252 4.301555
6.829267 4.083247
8.490108 4.814644
7.282133 4.594859
5.932312 3.997707
4.454753 4.989925
4.041936 5.168875
8.483066 5.500503
2.404336 5.050613
5.749616 6.814910
5.986116 9.631180
5.063039 9.393157
5.084139 9.613009
7.623334 11.766143
4.599477 9.154269
5.823774 10.241771
4.659995 9.200651
5.679425 8.239549
4.199586 5.749579
4.884971 5.282429
6.640318 11.627575
8.400493 10.989717
12.602100 10.821967
10.536870 12.245314
12.019386 12.103124
9.032335 10.869246
10.205075 5.373622
7.534061 5.506671
5.500598 5.790188
6.500473 5.530581
4.954918 7.288853
6.233876 6.392577
6.483188 5.480921
9.896551 4.496880
12.686109 3.637887
9.818018 4.682424
9.647287 5.644761
9.079191 5.120200
9.813704 3.486429
8.862785 3.790091
8.005170 5.460149
7.112169 5.129044
8.691135 4.419620
9.384037 5.446825
10.481932 5.161973
7.860802 4.438212
9.922130 4.991521
11.494182 5.087831
11.011265 5.627786
9.973461 4.160349
9.930477 3.721807
6.851982 5.580525
7.362066 5.652888
6.194773 2.334632
9.406159 4.489690
13.295236 2.667155
11.571859 6.289430
14.475389 10.417437
10.270613 11.504528
10.013603 12.546167
7.986907 13.516052
10.258593 4.983086
7.495235 5.293657
8.134274 4.883945
4.859293 3.741283
6.404302 6.174225
6.246111 9.452050
5.330002 3.505347
11.616776 5.475380
11.722445 4.383191
10.275091 5.136174
12.203135 3.286396
12.316614 3.542614
12.109516 5.649664
12.062508 8.595550
11.901638 6.150829
11.788041 4.892714
8.482145 5.207139
8.738973 4.135350
9.593365 3.237399
10.425441 5.259706
10.863033 5.301106
8.410447 5.630081
10.881951 4.581293
10.665951 2.993651
12.409544 8.080083
14.066044 11.609041
16.678774 10.184711
14.123018 10.793342
11.758810 7.332738
12.445607 8.353125
12.952586 6.735876
10.756447 4.981974
9.375380 5.545751
7.623310 2.982882
11.719922 5.532245
10.892139 5.083895
7.412194 4.816784
7.077580 4.727300
10.376749 4.582186
11.577192 6.738032
11.652898 2.642856
10.855011 5.377592
9.598514 5.442456
7.959392 5.395343
8.765862 10.944601
9.119315 11.549770
11.326019 15.338129
5.839587 10.301433
5.774361 8.524613
5.798137 6.362408
5.871114 5.282369
8.495848 4.350494
9.532221 5.607525
13.042652 7.119216
6.687849 4.220698
4.612174 7.264878
11.916046 8.043414
12.147622 3.778351
11.007229 4.476055
9.206975 4.354366
10.672325 5.412593
10.823633 4.645424
9.713508 5.615591
12.203471 8.352828
13.803971 9.106502
9.531644 11.004256
9.990400 11.220726
8.902351 10.982269
11.051390 11.228476
11.993292 10.599486
11.768056 9.335462
11.486071 4.656091
6.821300 5.121373
5.767081 4.374624
8.017353 4.361908
7.741155 3.473733
5.122479 5.417849
6.464480 6.223391
5.152764 5.673821
6.298373 5.446414
6.089501 10.146873
4.727611 8.288056
5.425050 9.047727
4.642051 6.947639
9.849971 3.817337
8.331615 3.647531
8.666526 12.828477
7.920623 12.398579
10.324592 11.861526
9.035875 10.739892
6.760610 11.825962
9.697853 12.355758
11.347140 12.062778
12.725887 4.764145
7.544699 5.038259
8.591473 5.609101
11.244752 5.656575
9.112353 2.915086
8.110812 4.769385
7.976159 4.137013
6.926604 3.639228
10.132734 5.091923
10.283812 5.610711
10.601403 4.200772
14.743717 6.513135
11.740315 11.062338
11.599571 10.546659
12.265213 11.075764
10.191530 13.331349
10.131531 15.058253
9.491058 12.230491
9.047863 12.225112
5.136436 11.154346
6.354842 9.464368
6.312606 9.000843
5.993759 8.197190
6.403471 6.519028
6.123580 8.467557
6.728608 12.032775
6.329351 11.105009
5.618918 9.326830
5.372378 7.673802
6.076757 6.418246
-1.500239 3.333405
-0.836859 4.252220
0.104100 5.675736
2.089850 4.405527
3.273786 3.018870
5.207488 6.338842
6.169917 5.893739
6.308059 5.822804
8.183847 3.223175
9.912556 4.184310
9.896442 2.287825
12.719825 6.859100
13.093714 8.271405
12.534547 4.823690
11.206733 5.518561
7.297892 4.990949
5.771886 3.699145
5.639446 5.638335
5.369018 6.426573
4.527763 5.913147
6.284300 8.196638
4.894518 9.746495
4.989806 7.212798
7.115750 4.966529
7.199208 5.535254
9.235286 4.900231
7.886486 5.237529
5.505732 5.946795
4.030272 5.473381
5.051307 5.448927
5.450490 9.500024
5.035028 7.242140
5.699039 8.029466
3.562715 4.640194
2.194062 4.631267
0.713194 4.299527
2.841024 2.446028
-1.820668 6.031760
-1.556513 7.301861
-6.617558 8.264688
-13.335811 10.322164
