-10.023350 8.827388
-7.187261 9.247394
-2.998149 8.990463
-0.689113 8.110208
-0.950778 9.201161
-1.210541 9.159308
-2.826210 10.137943
-0.951445 8.741634
-0.955887 9.111576
-3.637016 9.143512
1.660518 12.451077
3.098914 12.245734
4.900558 13.727281
6.890926 10.746376
8.378399 12.285778
7.654416 10.872540
3.025122 11.643471
-0.708341 8.811572
-0.973872 8.180263
2.896368 4.829659
0.618538 4.806978
2.122805 4.353712
2.587505 5.570673
-0.372035 5.561345
-4.059369 7.337583
-2.429645 8.390528
-1.461129 10.414857
-2.203629 9.735562
-1.233487 8.049322
-1.527614 5.117534
0.501836 4.687041
0.732761 5.245527
3.160070 4.448842
3.271760 4.771914
5.129097 4.518361
2.507609 2.676110
5.846220 3.971438
6.227553 5.596971
5.532822 6.767583
6.410200 7.737224
5.846909 6.961516
1.611415 3.949110
-1.806889 4.792542
-0.333359 3.905737
-1.615284 7.356931
-0.946593 8.087254
-0.932222 8.373530
-1.101114 8.676758
-1.337031 4.497405
0.848427 3.276550
2.941854 2.640507
3.070188 2.997844
5.988245 5.959472
5.444125 9.829720
4.485509 9.134395
5.081346 6.287372
3.063238 4.809474
3.780850 4.255609
3.573550 5.069406
8.081951 5.337247
5.443583 5.730439
6.053336 11.734610
11.387634 14.413255
12.773850 9.448640
11.400578 12.189370
13.114040 8.603001
11.768657 7.418531
12.242386 4.985305
9.234320 3.891563
6.485364 3.642395
5.047714 4.962820
6.934886 3.692005
6.951673 4.138344
5.960067 7.185556
6.260638 10.172255
4.602130 7.178998
6.107478 7.594296
7.475482 12.063006
7.182212 11.430448
7.256632 11.038223
7.264985 11.444602
10.374767 11.038491
10.069750 11.381632
10.550058 11.663398
8.037239 11.522693
8.779510 12.625944
8.475864 11.829632
9.198235 10.709830
4.854348 9.148598
5.922230 5.558832
5.879538 4.932846
6.210994 6.201951
6.194729 4.746791
4.512253 6.758930
5.686633 7.367203
5.688629 7.695912
5.614306 8.100329
5.884381 5.454216
5.770707 5.822332
9.587188 5.593431
7.641305 4.870188
10.596136 4.467857
12.677284 7.415443
11.556341 7.982831
14.286307 7.785215
11.655851 5.472785
9.535902 5.113914
7.625325 4.481874
9.364695 4.299290
6.569125 5.169170
6.185902 8.574791
6.338855 5.243894
9.448177 5.332454
13.814225 16.454140
12.174178 9.470938
11.916088 11.029717
11.790831 8.114405
6.778385 4.303737
2.414482 4.658791
2.291405 4.109268
3.153785 4.820813
2.512925 3.449446
0.779811 4.045116
1.380778 3.827241
4.373837 6.069588
7.920113 3.873283
6.196051 5.907995
6.815411 3.745304
9.140722 5.535606
9.084955 5.189472
9.541184 4.955074
10.438345 5.141658
8.687477 2.231218
12.649137 6.629169
14.592405 8.685076
10.713150 11.413757
10.050834 4.575131
7.256580 1.667211
6.937962 1.985717
7.235650 4.840921
6.370012 6.618688
4.695826 8.526103
5.632957 4.449662
7.975748 4.062148
6.852034 3.424845
7.437767 3.802297
5.647940 6.247987
4.531103 10.085639
5.010984 7.905577
1.895723 4.051561
2.464802 4.093020
4.217988 3.778160
3.052604 5.490584
2.436153 5.300553
2.071149 4.461056
1.478285 4.942981
2.908612 5.944559
1.259715 4.981916
0.240560 4.758770
0.378887 4.370317
1.535845 5.902810
1.114425 4.875405
1.042533 5.952852
0.399219 4.878643
-1.442735 4.797863
-0.731749 8.135634
-2.776268 9.508814
-2.547719 6.146139
4.328132 8.280237
6.040252 7.942106
6.126191 8.440253
4.341520 9.827551
6.136702 10.198893
3.494843 11.341897
2.336896 11.600595
1.838459 5.266407
0.640612 5.918108
1.875172 5.827082
0.025964 5.670408
0.780506 4.961517
-1.144455 7.094608
-2.134215 8.846169
-1.427963 4.941761
1.677013 4.700201
3.228582 2.462124
2.761541 5.096373
4.685232 5.739233
4.563866 9.984240
5.392564 10.291965
5.467892 9.436849
4.679214 10.580329
6.309059 10.616380
4.447328 10.355165
4.458515 8.705441
0.776964 5.626721
2.148945 5.283147
2.367834 3.602845
2.346873 4.196492
2.154021 4.784956
1.716481 3.513006
3.095509 4.485278
2.270014 4.557616
3.504628 3.351446
4.497905 6.847792
4.375921 7.483823
2.881009 10.967514
0.291113 11.511924
2.400440 12.980659
0.867415 11.813682
-3.994828 10.205241
-1.054126 9.414548
-1.909092 11.644787
-1.004309 10.968576
3.934826 13.641218
2.714384 15.621490
5.319421 9.817232
6.150731 11.626945
2.838334 13.434344
0.573223 12.400500
4.871060 14.803713
1.283223 12.620804
1.300837 11.123051
3.407841 12.437475
-1.328329 12.061481
-1.188029 8.548863
-1.769743 6.622145
-1.285452 7.579849
-1.156499 8.431200
-0.931832 3.596621
0.194458 4.823554
0.310675 4.670892
2.596903 4.371822
4.781106 5.446004
1.950263 3.778877
2.736264 5.784765
3.888196 4.621371
6.356677 8.730484
4.702750 9.152031
5.240976 10.821856
5.479791 10.822103
5.599913 10.506696
1.409182 12.195285
0.926319 13.176053
1.421399 11.257442
-2.029328 9.267900
1.010681 11.647475
0.875935 15.306955
1.648627 5.715222
1.093372 4.728924
-0.355347 4.984965
-2.715008 6.199896
-0.981923 8.342414
-1.620094 9.235304
-2.214135 9.550945
-4.093656 8.812059
1.422340 5.355860
1.772156 5.385403
1.473344 5.722593
0.786522 4.215025
2.690636 4.963761
5.052821 3.561019
3.631520 5.735523
5.643604 8.385463
6.423825 4.485635
4.008759 5.812625
5.169202 5.262399
6.180400 5.863967
6.505606 10.047044
4.685998 6.606970
3.321155 5.476440
2.984214 4.230125
1.695294 3.711761
2.502527 4.275713
4.411634 3.771003
3.290102 4.848795
3.675333 5.119283
4.874709 6.373092
6.286320 9.279177
4.361023 7.840843
5.273018 7.587417
4.501776 6.367661
5.302242 7.617745
5.261950 8.204535
4.674953 7.580608
4.255663 13.136529
4.933154 9.342446
4.795753 9.638313
4.925608 8.467069
6.322811 7.860779
6.068832 10.157229
6.128459 10.307109
4.848254 8.718216
5.503490 7.810036
6.639266 4.946457
4.269667 2.871067
5.812716 2.784124
10.537352 2.810047
13.083430 7.464341
11.400029 4.707043
11.989847 1.918782
10.996605 1.586318
9.182164 5.644013
7.396724 4.005296
6.800581 5.479429
2.833680 5.329223
2.448772 5.501852
7.248820 4.603713
7.230950 3.592902
5.374843 7.700810
6.344405 9.660055
5.932431 9.706583
5.597034 10.872226
14.108418 14.225131
15.022836 14.543497
