2.779545 15.515942
0.049947 13.682107
-1.133052 9.836918
-0.776841 6.645259
-0.950659 6.552789
-1.354411 6.567921
-1.238827 7.179192
-0.691354 7.605838
-0.792956 7.479492
1.062901 5.369657
0.890118 4.583278
0.944296 5.706653
2.026691 5.522905
0.850508 5.627365
-0.868799 5.013413
-1.497411 5.972889
1.802544 5.712985
2.622828 5.586920
0.216051 5.604691
2.035552 2.916028
1.159373 2.764994
0.148214 4.469531
-2.881341 8.381284
-1.016148 8.555580
-3.626418 7.956646
-1.759961 6.106822
0.262711 5.443822
1.176188 5.830658
4.319623 4.686574
5.823923 6.530734
5.826372 5.528255
4.419771 5.790686
0.250950 5.315515
2.048881 5.754207
0.264504 5.195917
1.195360 -5.155076
1.874514 -8.881355
3.623729 -15.112695
