13.305586 8.787737
16.755299 1.487991
13.718503 -3.327793
11.357602 -7.685741
15.834451 -3.463016
14.732517 -9.974695
15.793879 -12.223068
17.876961 -17.865215
14.803659 -8.603066
14.840939 -9.868890
17.968718 -14.312758
16.189217 -9.845643
16.740747 -4.810619
12.086676 -5.866147
5.713933 -8.243008
9.243072 -9.388160
7.551867 -9.035115
5.965737 -12.050057
5.462781 -9.915307
7.590072 -11.108982
7.703907 -11.669233
8.203389 -12.496440
8.614300 -9.416240
6.169481 -11.264135
7.861622 -10.085191
8.309673 -10.094456
7.797746 -8.695757
7.500186 -11.263176
7.286385 -11.005448
6.401040 -9.760794
7.781694 -10.995126
8.221235 -10.044745
5.638862 -11.055963
6.070789 -7.349537
5.514140 -10.207534
5.503060 -11.594631
7.252430 -8.249614
5.479169 -10.067390
6.048218 -10.024070
5.463480 -5.447362
3.607439 -4.326683
6.087422 -5.925452
4.239706 -7.374082
6.673594 -8.037876
5.263337 -8.320600
6.397538 -9.956162
7.356057 -9.637897
7.270712 -9.056676
8.443037 -7.876495
1.316825 0.221913
1.379250 1.657513
2.547576 1.068326
8.450056 -1.601754
8.041862 -2.089094
9.019547 0.409220
13.433619 -5.715519
12.130283 -6.848571
13.801302 -6.592812
11.210189 -6.815141
12.196499 -4.382303
12.015312 -2.383724
10.454858 -2.044427
8.158632 -8.982718
6.999813 -11.126893
6.601130 -11.435945
8.977787 -11.199931
7.272678 -9.004266
6.922944 -9.577008
9.369168 -8.599532
8.617300 -8.153339
5.094122 -5.810484
2.729771 -6.362376
5.424702 -6.509231
8.836581 -2.814370
7.024697 -1.242439
6.052357 1.196527
6.845225 2.320184
3.841577 3.108330
4.427552 1.855622
3.079651 1.291915
5.661033 2.722673
9.054166 0.548727
7.435545 0.549292
6.386812 1.673970
6.208846 1.543320
4.780666 1.062371
1.461741 -2.675339
0.627058 -4.164216
2.419862 -4.449588
3.115214 -4.247774
3.775561 -5.166287
3.070773 -8.295912
4.743648 -5.780550
3.341386 -4.180284
1.572619 -2.518426
1.682810 -2.179968
0.900217 -1.002273
0.520416 -2.052524
1.188263 0.850576
1.803504 1.529392
3.348954 1.060609
4.530187 2.073762
6.410918 1.786574
7.748452 0.612864
9.228453 -2.753675
13.682809 0.013716
11.772577 -3.453996
10.090960 -14.727657
7.959657 -9.607362
6.037902 -6.360305
5.613015 -6.625514
4.219801 -8.322739
6.467004 -8.189909
11.404360 -6.234496
10.512289 1.143438
7.629263 -2.671513
9.452641 -0.587534
7.795881 -2.564677
9.848849 -2.615987
12.368301 -7.339242
13.968868 -4.413874
13.491627 -3.963501
12.243977 -5.066908
4.609718 -8.594505
7.723951 -8.823773
5.358497 -8.550542
4.803119 -9.525018
8.214946 -12.096111
8.182941 -12.409619
6.899922 -10.359075
7.413808 -12.301497
10.605850 -15.374728
11.037985 -12.999920
13.917629 -13.947302
15.763177 -12.981372
8.104039 -12.946121
7.495063 -8.832225
6.802107 -10.269776
8.360545 -9.048136
5.479272 -9.341055
5.067199 -4.834108
5.531622 -5.980383
6.306937 -9.110528
8.302373 -9.292807
8.121085 -8.529210
8.137321 -11.929090
5.390690 -11.972510
14.429987 -15.161279
13.682603 -13.332565
