-13.324026 14.178862
-8.956249 2.539029
-8.461188 3.308078
-8.663034 1.881051
-9.797010 3.656893
-9.406525 2.378726
-8.309347 2.834503
-10.562794 1.985310
-8.406883 4.164279
-8.433989 4.114466
-8.827614 5.132957
-8.702828 3.810844
-9.250154 3.744269
-8.961285 4.004294
-8.816154 4.550098
-10.658123 5.816466
-8.907629 2.630247
-9.002028 1.579147
-9.752680 0.730118
-5.772974 -4.598758
-4.685526 -3.949142
-8.054817 -5.907583
-8.454069 1.373439
-3.435234 0.838409
-4.130270 0.287930
-2.118570 3.936962
-1.548046 1.524308
-2.374704 0.477603
-3.050070 0.381177
-3.619393 0.188691
-3.196872 -0.245556
-3.991032 -1.927490
-5.326740 -4.611858
-6.048182 -5.260246
-9.840382 -3.231540
-9.611935 -5.043193
-10.272369 -2.591702
-2.603078 -3.251720
-5.645547 -5.713478
-2.896597 -2.494482
-4.640038 -4.393049
-5.418817 -4.990616
-3.666294 -4.854418
-5.737902 -5.518116
-5.370124 -6.084809
-4.559576 -6.199458
-4.494300 -2.944219
-4.153931 -2.234409
-3.829644 -1.954850
-4.551509 -2.027633
-3.905430 -1.036023
-3.873124 -3.344588
-10.368161 -0.154646
-10.674095 -1.887867
-8.340924 1.765257
-9.805806 -0.122337
-10.679235 -1.864064
-9.918709 -5.673325
-6.554462 -5.002728
-6.513628 -4.092341
-7.222203 -5.860807
-6.834037 -5.856073
-7.568217 -5.795408
-4.399386 0.019104
-4.159203 -1.023292
-10.787354 0.338680
-9.801971 2.379012
-11.604805 -3.789140
-6.125865 -6.769984
-7.675206 -6.550004
-4.547365 -4.608608
-3.131000 1.521739
-3.089274 1.462844
-2.936749 0.910596
-4.430544 -0.049721
-4.159146 -1.254699
-2.266617 -1.054627
-1.853409 -0.314764
-3.096596 -2.443678
-4.426692 -1.642183
-3.874359 0.173071
-3.463146 0.755252
-0.946755 1.757555
-3.129662 1.261869
-2.666129 2.603363
-2.191598 2.736103
-2.480860 1.868308
-1.528522 1.672920
-1.726165 1.216068
-3.432226 0.868499
-3.878103 0.126655
-4.391054 0.372620
-4.143959 0.783883
-1.413722 0.993006
-2.915588 1.449481
-3.639275 -0.689983
-2.657506 1.604743
-2.099530 -1.255748
-4.577657 -0.330816
-3.900279 0.107807
-3.415546 0.375871
-2.508503 -1.895387
-4.902672 -4.602370
-5.166018 -5.517363
-6.124424 -3.961203
-4.671086 -4.451709
-4.979993 -5.908130
-4.044576 -7.034423
-4.132279 -13.093713
