-19.458374 -7.586670
-10.289267 -7.807800
-6.894973 -6.533306
-0.347513 -5.825135
-0.436457 -5.256794
2.121012 -5.040892
5.109502 -4.248088
5.118717 -8.856174
4.799650 -7.665823
6.116776 -6.090534
5.377345 -6.639600
5.480386 -6.662531
3.405993 -4.313973
3.107378 -5.499214
1.246220 -3.584216
1.677574 -2.814213
1.624948 2.097783
3.999084 3.351080
3.246429 1.336005
3.404654 1.943211
0.904890 1.304653
3.880582 1.519329
4.267427 3.311285
6.441372 1.187469
2.189951 1.291544
2.344594 1.168329
0.287527 1.435142
1.578024 0.669993
1.213699 0.477359
1.363170 1.747665
2.076816 1.118505
3.896663 2.101609
3.019005 1.726748
2.869673 1.450138
4.132625 1.196424
4.978363 1.539155
4.421762 1.999410
3.944207 1.153461
7.538424 1.474865
9.593231 0.586668
8.877592 -1.020842
8.266948 -0.002006
6.988657 0.672831
7.101562 1.195756
7.567487 -0.448496
10.027506 -0.163632
9.780874 -0.863239
10.776693 0.955617
14.425113 2.276028
19.703688 1.315576
17.208944 5.581045
