-10.820373 14.353594
-4.277436 9.455091
-3.100153 8.237557
-3.139242 6.204491
2.901213 2.750655
4.044865 3.867857
2.366621 4.280430
-0.094172 5.789957
-0.237123 5.929553
0.468319 3.893511
-1.735327 6.499172
-0.972587 9.173770
-1.587307 8.039335
-2.858315 6.544336
-2.136999 4.017487
-0.870216 6.000014
-1.220966 10.744056
-0.811683 6.665859
-2.669829 9.501743
-4.043891 9.429890
-0.801923 10.898027
-3.960059 10.060914
1.130548 11.703219
2.252330 11.146178
4.816235 13.287452
2.750683 12.441536
0.993377 11.740264
2.130654 11.536695
5.658689 10.669830
-1.326228 9.533319
-4.030992 7.190806
-3.596172 6.184805
-1.620202 7.590846
-2.738051 5.233163
-2.885784 5.062321
-2.220543 6.876453
-3.388808 7.790138
-2.044911 9.826049
-1.817018 7.555221
-1.056998 7.589782
-0.880623 8.091608
-1.169251 9.642310
-1.458792 12.901685
-1.258855 10.734536
0.221667 11.249476
0.113481 11.394009
0.293065 11.206397
3.177421 11.721039
-0.243167 10.981352
2.910300 11.575417
-1.616217 8.881103
-1.292941 7.849130
0.131785 5.420048
0.551730 4.197886
0.402509 5.100567
1.515264 4.942930
2.785341 5.864991
1.990737 4.967348
-1.523697 6.684377
-0.875611 6.474773
-1.041501 7.644936
-0.706089 6.399202
-1.842877 7.006734
-1.097299 5.618420
0.340052 5.602242
1.441045 4.387468
5.418714 4.558797
4.736889 7.705873
4.392727 7.147307
4.811410 10.596372
5.961043 10.368551
5.903807 9.157943
4.588180 7.533793
5.427424 7.640327
4.663101 7.866060
6.030720 8.453667
6.144698 7.380560
6.311699 1.916842
9.134379 2.908640
8.822353 2.415559
9.138136 3.506072
9.389919 2.717278
13.869161 6.770537
12.338781 3.291090
10.695502 3.701269
10.687098 4.041952
11.234459 0.519415
13.678028 12.587597
8.425766 11.403666
8.573291 12.867719
15.475129 10.298309
13.044142 8.506016
11.617070 4.836524
9.245904 5.535622
8.586424 4.611287
6.247714 4.905906
9.607014 5.620888
9.278471 5.477285
7.624547 4.497025
7.496374 4.545664
8.424781 4.080635
7.845145 2.138155
5.139609 4.548944
3.674726 4.632617
5.370206 5.224690
3.434449 4.584118
5.403753 5.699626
5.042775 8.097682
6.454103 8.238336
5.591697 5.265050
4.355162 3.659076
5.376382 8.277967
6.258408 10.429461
6.891073 13.901463
9.039869 11.827139
9.029038 14.639097
17.213530 19.196558
18.921658 18.353884
14.684719 13.706519
15.405437 17.435846
7.696588 10.683687
10.422423 15.742693
11.769533 16.078009
13.386971 10.476896
