15.603851 14.157594
12.264997 12.210380
5.453596 10.924798
5.830688 7.504448
4.688004 8.745147
6.115718 5.116432
6.089744 5.162060
5.989661 7.561022
5.700506 4.695613
3.271685 3.426223
0.634815 5.253841
0.676528 4.715017
-0.104510 4.632676
-0.149375 4.016304
-0.739766 6.138108
-1.529831 7.760423
-2.364574 6.306246
-1.332242 5.466568
1.414471 5.927283
0.017741 5.629026
1.766447 3.865892
0.879115 4.848718
1.576744 4.241447
0.205685 4.634879
-1.739639 7.115653
-0.869237 6.918294
-1.736267 7.690961
-1.251815 7.043297
-0.807474 7.986454
-1.014987 7.947394
-2.642663 7.819012
-2.396271 6.191214
-3.136444 6.760793
-7.458498 7.377238
-11.690211 7.543489
