-12.170999 7.082929
-10.268807 2.552536
-8.662327 1.535607
-8.732542 2.154874
-8.943995 2.012307
-9.040834 4.106847
-8.585201 1.390780
-9.170627 2.546324
-10.163925 1.900984
-9.042582 1.193083
-8.472403 1.995889
-8.643041 1.592521
-11.281790 1.360736
-10.466616 -0.800006
-4.581185 -0.721341
-4.250417 -2.685488
-4.383197 0.292914
-4.528259 -1.586611
-1.588298 -0.792666
-2.141795 0.805472
-2.098993 0.667650
-2.441725 2.095278
-1.263805 2.901537
-1.413597 1.809278
-2.792911 1.507208
-2.966156 1.681215
-2.420132 1.290497
-1.538037 0.396513
-3.391085 0.382173
-1.916822 0.221849
-2.716775 0.563777
-1.832175 -0.489648
-2.414652 1.677814
-2.436489 2.552985
-1.942153 -0.135915
-4.461576 0.419233
-4.445608 -1.281978
-2.689808 0.326161
-3.841059 -0.113430
-4.415729 -1.332438
-3.139781 0.101638
-2.869491 1.927426
0.265922 2.175745
-1.428121 4.764931
-1.914691 3.395402
-0.623574 3.251835
-3.702345 6.494146
-5.105072 7.458871
-6.264770 6.443379
-7.278992 6.065813
-8.629964 7.120484
-10.289400 3.102467
-9.650773 5.022742
-8.722657 4.650345
-11.168940 3.684285
-12.241579 4.443346
