-15.407095 9.299146
-10.069409 8.958435
-5.757139 9.092946
-2.411999 8.803988
-1.101704 9.789035
-1.586358 12.440224
-3.771173 9.263322
-0.043125 11.857032
0.560826 11.029161
-2.746248 12.773318
-3.040138 9.627152
-1.716711 10.242457
-1.290783 11.331071
-0.852419 9.032546
-0.950825 8.824803
-4.211836 9.891151
-0.957089 7.133809
3.148266 5.805925
3.493166 4.808838
1.942582 4.195723
2.115784 5.923753
6.117218 8.316967
4.873900 9.146065
6.441319 8.987309
4.589897 6.035749
3.008606 3.970646
1.074938 5.155349
-0.373888 5.673604
0.165054 5.302415
-0.132513 5.341058
-2.217399 7.212270
-1.976788 6.134725
0.958211 5.517002
0.390066 4.906365
-2.799983 6.079188
-1.698644 8.185181
-3.653180 7.008802
0.596723 5.298709
1.277111 5.371889
3.494277 4.450741
5.436282 7.327728
3.267849 3.432154
0.587191 4.462173
-0.924213 4.877221
-0.712258 8.318787
-0.981070 7.444626
-0.877506 8.617204
-2.743927 10.983108
3.057007 11.896200
4.565084 10.773904
5.824481 7.361326
3.193902 5.907340
0.389252 5.010870
2.477852 4.786526
0.677796 4.864872
-1.416668 7.145082
-0.788075 6.159718
-1.770346 8.961309
-1.229571 8.923721
-3.437699 10.134518
-3.083987 12.761548
-3.189915 11.151927
-1.017396 6.526999
-1.266753 10.198827
-1.287244 10.686955
-0.563898 4.411359
0.641942 5.775490
0.756648 5.361239
0.454318 5.607144
0.024334 5.165949
1.314298 3.489485
0.527658 4.274443
-0.261564 4.365386
1.137408 5.575302
1.217047 2.886266
1.461272 3.708336
2.853972 3.908195
3.820090 4.016702
4.560836 6.171792
4.709853 8.710620
4.549109 7.777946
4.920039 8.667249
6.278553 12.047331
9.439453 13.039073
10.776098 12.021801
