8.107937 2.986876
7.641656 -1.576791
7.243798 -0.535728
6.861829 -1.304543
7.691355 0.117172
7.128300 -1.462499
8.296118 1.412205
8.230951 1.580517
9.176131 1.131201
8.828062 1.347167
7.085984 0.173769
7.274337 1.678622
3.664143 2.409618
2.648566 1.463361
3.336611 1.158100
3.812802 1.300610
2.163058 1.873763
2.748064 1.249875
0.816872 0.931022
1.033336 0.643569
1.621965 1.781371
2.423651 1.244768
1.717941 1.809664
1.602501 -0.057195
1.207447 -0.768710
0.647819 -0.371039
1.614534 -1.889577
1.253268 -0.461894
0.728754 -0.368684
1.589685 -0.440732
1.503883 -1.321376
0.176357 0.745354
1.809769 -3.726686
1.073115 -2.767793
1.829813 1.256823
2.466377 1.590745
3.100158 1.733337
2.609407 1.952504
2.871278 1.682671
2.737114 1.995477
2.725270 1.257040
3.602070 1.494518
1.523742 1.259251
1.321089 -0.460367
1.082339 -4.731899
1.036121 -4.126329
3.222423 -5.676647
3.292194 -4.619421
3.600662 -4.058526
6.068313 -4.685718
4.146411 -6.144058
5.613173 -6.073028
5.904101 -8.894734
8.835258 -8.044486
8.730881 -7.841074
7.535716 -7.992568
6.647206 -9.035985
5.686194 -6.854356
1.835116 -4.701248
0.944267 1.561422
1.412946 0.726803
3.812350 3.127695
5.652436 2.597480
5.928584 1.968244
4.986135 2.053308
5.432338 2.312197
8.631110 -0.211944
7.057682 0.683350
6.834249 0.658498
6.849044 -0.635900
8.279844 0.767696
6.708122 2.796143
5.504333 1.961028
5.212599 2.336610
3.783599 2.593925
0.868375 0.416216
1.952993 1.420253
3.395319 2.570888
2.606314 1.321762
2.212137 1.448415
2.126678 3.910883
1.762454 0.877241
0.851355 0.438240
1.024330 1.350752
2.015942 1.082404
3.101680 1.133907
4.192218 1.133746
3.131318 1.742453
1.391675 0.875943
2.515834 1.404241
3.280379 1.532093
3.266458 1.669506
2.302675 1.124557
1.307149 0.659977
1.324178 0.419435
1.648138 0.666157
1.314477 -0.872219
1.290221 -1.242943
1.815060 -4.336522
2.807447 -4.267485
3.599495 -5.462124
5.739439 -5.319758
3.229822 -6.565902
6.143587 -8.064573
7.239754 -8.049296
7.294999 -7.840586
8.481520 -8.548159
9.369051 -7.928946
7.464299 -9.497191
7.782415 -8.489150
8.367575 -8.614227
9.072680 -12.266362
9.365925 -10.735789
6.542498 -8.370632
6.414894 -9.410874
12.012288 -5.563679
11.790005 -6.854651
13.446375 -4.296938
13.110566 -2.206119
17.178894 -14.363277
14.092211 -13.404934
8.609062 -13.127196
9.244843 -11.985248
11.846628 -5.204805
12.373560 -5.910791
10.142706 -13.025330
7.354001 -11.181890
6.460472 -10.781589
9.765924 -13.493482
7.652852 -10.511573
8.620286 -9.510930
16.221703 -8.729939
15.132389 -9.125487
12.681628 -3.726346
12.608219 -6.985937
8.706789 -7.881901
8.984186 -9.284187
11.331400 -5.851947
11.406505 -5.567201
11.356819 1.205003
8.943542 -2.503719
9.405556 -1.555920
8.640560 -2.031553
10.229654 -2.772739
9.170706 -2.798403
11.472825 0.416113
13.456627 -1.302503
14.275178 -6.849452
13.927737 -7.615613
14.995445 -8.070005
15.815710 -6.402108
13.219555 -5.508287
13.148849 -0.893017
8.750149 -1.259583
9.690919 -2.047639
8.395031 -2.600276
6.790026 -8.884208
7.300176 -10.377815
8.517136 -9.202209
6.163074 -7.868164
12.324137 -6.928405
9.571627 -12.922318
8.199274 -7.924489
6.192682 -9.596265
5.947008 -5.330799
5.346274 -4.631303
3.477013 -5.187110
2.870469 -4.723609
1.644920 -3.273829
1.305719 -3.350481
1.860354 -4.333828
1.504034 -2.959190
0.950649 -1.111218
0.745209 -0.999817
0.945049 0.467227
1.090286 0.836683
0.916953 -0.243392
1.305139 -0.871738
0.981502 0.008934
2.053473 1.061585
0.864164 1.736958
0.339803 1.445172
3.388993 1.636417
3.716638 1.182004
4.671063 1.904160
3.230940 1.061750
0.106952 0.062678
1.518128 0.587783
1.381251 0.757683
1.125166 1.365552
2.384776 1.342915
1.798175 -0.120447
1.195810 -1.920571
6.227869 1.414644
4.985925 1.297215
1.420591 -1.315272
2.224127 -4.068300
5.883044 -5.785316
4.979677 -7.060182
5.333045 -9.411983
6.441556 -9.819355
8.387201 -8.459477
8.914376 -10.035588
8.343897 -8.390290
5.662195 -8.802171
8.812534 -9.217055
8.419554 -10.652698
5.878288 -9.564872
9.694592 -13.429019
11.551639 -13.352831
13.771793 -13.151249
13.958368 -14.617762
11.605762 -16.312357
7.813264 -11.096215
6.341106 -8.300654
6.392035 -9.549726
5.842433 -9.139234
8.964004 -8.246140
12.490122 -1.953511
10.644033 -12.942367
9.923775 -13.968381
11.498932 -4.962474
8.589849 -2.434640
11.484436 -7.614536
12.691875 -7.201241
14.859768 -5.004904
16.183018 -14.165690
11.050842 -15.638213
10.804487 -13.363679
5.065742 -11.163676
9.113759 -10.301371
3.660093 -9.068547
9.307410 -12.565818
8.874299 -11.029030
8.414238 -11.282989
8.756538 -8.491107
8.187997 -9.617017
4.594626 -7.380774
5.415520 -7.581932
7.582059 -9.208560
8.448038 -8.079618
4.959642 -7.846919
5.903521 -6.857116
5.921612 -7.442655
6.043943 -10.111037
9.057266 -9.343913
7.400309 -10.005011
8.603775 -8.504586
9.084572 -11.280854
9.246917 -12.926311
13.938862 -16.996622
11.990545 -7.512038
12.075339 -7.196357
10.971294 -16.751074
7.869891 -12.127835
11.683845 -13.265540
7.849330 -8.880147
6.163335 -8.278454
7.034946 -10.306790
15.194651 -14.726867
14.360622 -14.220901
12.716011 -13.358339
6.466652 -10.518988
7.818656 -11.321897
7.818745 -8.308768
8.027255 -14.078267
5.256193 -5.830824
3.508680 -6.228239
4.349594 -8.069537
8.998123 -8.520690
7.244443 -8.519794
7.827535 -9.483291
3.463913 -5.863219
5.812502 -4.967147
3.479151 -5.684981
3.928440 -6.247619
5.250017 -7.170684
3.423404 -8.198535
6.256473 -7.844098
6.572370 -7.864996
8.230834 -8.099427
4.584236 -9.613950
4.656754 -6.297795
4.862320 -5.659656
4.450015 -4.361794
5.998966 -4.310135
4.812778 -6.647678
6.163945 -9.416233
