-17.602379 0.019247
-12.517703 0.514392
-11.104559 1.994322
-10.576978 2.173779
-8.544981 1.464610
-8.693812 2.844030
-10.584549 5.354738
-7.843203 6.402414
-5.968254 5.983089
-7.125842 6.147835
-6.185896 7.170078
-6.821750 6.273771
-4.158960 5.961358
-8.461378 3.576564
-8.613235 8.027584
-6.106274 9.403640
-5.116660 8.858455
-4.831108 8.046147
-4.766222 6.455043
-1.115025 6.404539
-0.430490 4.028435
-2.103032 3.325867
-1.847905 1.795329
-2.773646 -0.672724
-3.181000 2.320947
-2.446397 2.702674
-0.351428 3.879103
-1.584684 3.749393
-2.158848 3.157823
-2.635480 1.746192
-2.072841 -0.113335
-3.293423 0.787024
-2.761099 0.745302
-2.323041 0.766817
-1.930257 1.854043
-2.731445 1.972671
-3.027368 1.491866
-1.474505 1.600081
-1.275046 0.541585
-2.287219 0.299212
-3.843333 0.491293
-3.872739 -0.518223
0.152362 -0.934586
1.010301 -0.898799
-0.065449 -1.781159
1.694989 -2.866286
1.037216 -4.730565
3.023580 -4.082416
3.111392 -4.470174
1.923905 -4.468778
1.125797 -1.702499
1.124160 -2.247990
1.752542 3.502573
3.320188 1.730785
5.517906 2.688891
6.436003 1.208745
8.630967 1.530819
9.416965 -0.679854
8.326163 0.196912
7.042174 -0.760524
7.844991 0.946453
3.904356 1.749334
4.103089 2.272290
3.836840 2.630322
4.317882 1.093911
4.410585 2.185338
3.351705 1.188725
1.635590 1.972044
4.755123 1.373052
2.982006 1.488437
0.144419 2.860721
1.317217 0.423899
1.313798 -0.833594
1.584648 -2.919673
0.827476 -3.699255
2.558096 -6.256583
3.599480 -4.419875
0.933576 -3.211115
1.075073 -2.819715
1.347719 -2.936133
1.562421 -4.783862
1.229868 -3.274622
1.098575 -0.318803
1.016305 1.170956
2.421025 2.483010
2.125541 1.614858
2.630503 1.404923
0.674474 0.772233
1.653995 0.307840
0.083559 1.075164
3.740958 1.154144
4.615643 1.513681
6.785476 1.647348
7.961964 2.003245
8.633059 -1.088674
10.148766 0.110157
7.560300 -1.524463
7.564060 1.682564
7.463854 -0.556031
10.827328 -1.701552
11.350163 -2.153419
11.990779 -5.829284
11.952349 -7.461789
12.013933 -5.719997
5.557533 -7.035032
5.970062 -7.697758
4.170294 -8.474625
6.734903 -11.899425
11.911455 -7.715352
12.549170 -6.277210
11.937420 -5.290270
11.915590 -1.691855
5.109406 -4.020998
3.413773 -3.955775
2.146892 -4.299918
1.368232 -2.791056
1.449652 -2.190765
1.433414 0.004421
1.854026 1.488371
3.340627 3.133476
4.397674 1.837187
3.800155 1.924345
5.434047 1.080431
5.644739 1.161917
6.019736 1.078391
3.348183 1.185454
4.494860 1.801479
5.615098 1.153462
1.225154 -1.118324
-0.589051 -0.509744
-0.253297 -1.027644
0.361713 -0.103262
1.360265 -0.893377
1.044980 -1.054049
-0.372322 -0.077998
0.725948 -0.775686
1.315484 -1.296380
1.212230 -1.427264
0.976830 -2.490427
1.082698 -1.109756
1.319870 -1.952609
0.485959 -1.474488
1.109951 -2.161862
1.673313 -1.186860
1.627715 -0.875397
0.749046 -2.484189
0.570408 -3.839718
1.588862 -2.392447
0.476509 -3.067839
0.745628 -4.512852
2.034557 -4.917058
4.145447 -5.426630
4.929364 -5.462450
4.252532 -5.369289
5.411295 -6.559700
5.348889 -5.264287
5.571108 -5.495194
4.619410 -5.370999
3.325998 -3.961669
5.432906 -5.267705
7.714652 -1.352453
7.823214 0.903509
9.600275 -0.585089
7.620167 -0.778719
6.863487 1.002973
7.272569 0.178623
6.828786 -0.098205
8.214784 -0.094277
7.965978 -2.691522
5.866164 -7.047060
3.454337 -8.602976
3.782370 -10.301860
8.336450 -12.602178
10.020878 -15.397261
7.573105 -11.519654
9.376129 -10.477866
6.867700 -12.548965
5.152246 -7.867924
3.969805 -6.189624
4.986650 -4.186342
3.090068 -5.336335
2.921243 -6.794867
3.110054 -7.666779
3.274900 -6.052531
4.500958 -5.754324
2.390104 -4.481897
12.652786 -5.171736
8.489591 -8.495345
7.210462 -10.096394
15.597534 -15.059520
7.658993 -8.519481
6.144559 -9.148388
9.392213 -12.949895
7.239152 -8.585130
8.142374 -8.187381
4.308724 -10.470763
5.538437 -8.476951
4.882097 -7.276330
5.067047 -4.111565
4.796691 -5.793841
5.204063 -6.986821
0.709578 1.369407
1.192227 0.761423
6.883177 -2.707000
0.802935 -0.740065
1.448485 0.090483
0.756757 -2.499723
1.265509 -1.039996
0.750354 0.936836
0.008193 1.681624
1.248485 0.191788
3.343969 1.264301
3.821363 1.443071
2.807330 1.714122
4.152973 1.848261
5.942026 2.240108
4.508831 2.707587
6.745089 1.213509
5.894416 2.049151
3.578557 1.903368
2.788033 2.326841
6.820601 -2.750801
4.469037 -4.251715
5.397413 -4.416223
2.630057 2.208288
4.651663 1.431843
3.559169 1.432552
4.056193 1.191548
6.649956 1.079433
5.789640 1.311330
7.741750 2.256987
4.566807 1.907877
7.244955 -0.199805
5.529022 1.061631
6.988193 2.338831
6.856447 1.746931
2.812851 1.763253
1.174643 1.217370
4.174279 -4.259502
4.443841 -4.226523
4.810137 -6.888113
6.123531 -4.463146
5.083539 -4.062839
3.508968 -4.687863
4.382348 -6.950738
4.594876 -8.296421
9.206376 -8.443114
8.660279 -10.266551
6.312902 -9.069003
8.011769 -10.256541
5.794575 -9.034520
5.504827 -4.320687
5.168189 -7.991834
8.864977 -9.241473
11.213552 -7.649342
14.633158 -7.693105
17.178196 -9.353234
15.721471 -16.599251
17.950996 -17.358820
11.354966 -13.352752
12.495027 -12.937972
9.387251 -15.215518
6.710608 -9.482297
5.743024 -9.130197
8.596521 -14.117314
4.951361 -6.484072
5.350885 -7.521054
6.239771 -9.352317
6.790496 -10.771688
6.067482 -13.945725
4.941524 -9.001116
5.490933 -7.624530
14.339829 -13.335248
15.453424 -13.796382
15.447076 -15.018716
17.218628 -11.234239
15.644740 -8.770588
18.332853 -9.900205
14.610076 -7.497948
15.231474 -10.572958
16.058264 -9.548646
7.042871 -8.640307
7.438673 -8.603033
11.663082 -7.742474
6.928118 -15.134550
14.321330 -12.935227
15.124050 -12.032204
14.739126 -11.577428
8.513407 -13.393846
10.998742 -13.688678
14.628065 -13.180169
14.524503 -9.237990
14.044927 -7.129736
12.253883 -7.731548
7.346642 -8.471334
8.434930 -8.855431
7.700160 -8.474444
6.751629 -8.192279
6.869767 -9.340313
4.823678 -9.056773
5.628277 -5.142192
5.948638 -6.005810
4.783699 1.964922
4.993398 2.089087
3.343192 1.411631
7.154505 -1.534687
8.658364 -2.301353
7.242578 -1.212374
6.724145 2.029238
5.376939 1.269552
7.207986 1.486153
7.636616 0.450127
6.482552 2.279100
4.384109 2.602084
4.297384 2.944827
5.842972 2.257668
4.746861 1.691325
4.151687 1.693747
4.540543 1.592743
3.398701 1.199256
1.791745 0.482896
1.215387 -1.642392
0.912976 -1.042660
0.971071 2.167835
2.655537 1.531660
5.416391 1.813671
5.126265 1.914100
5.611224 1.416107
4.963762 1.906008
7.728082 0.172115
7.524202 3.305622
5.070937 2.731611
4.805485 1.384104
8.153172 1.622442
8.160786 -1.738969
8.774744 -1.325756
6.925786 -0.892014
7.802135 -1.925411
8.057136 0.164836
7.575922 1.782868
7.500499 1.567836
5.868035 1.488639
5.515867 1.452432
3.873697 1.246922
2.825806 2.021129
4.851716 1.802392
4.911073 2.076722
5.079265 1.860715
5.237382 2.002967
4.736452 1.270756
4.961061 1.508339
2.951284 1.446848
2.941999 1.931016
1.482117 2.676333
5.053662 1.532298
5.013602 2.355114
5.038861 1.473447
4.941270 1.125604
0.950635 -2.556005
1.468921 -1.701681
1.757531 -1.399693
1.599852 0.506377
2.172780 2.236843
2.932492 1.604455
3.869351 1.378406
3.322277 1.252409
4.726883 1.314898
3.826643 3.664823
6.926577 1.765921
7.030283 0.760905
7.592795 0.362763
7.053241 0.356780
8.273254 0.980167
7.458288 0.558045
6.908787 0.167756
3.758569 1.627065
4.221494 1.237046
5.041839 1.557182
4.084187 1.721337
3.985958 2.295854
4.104014 1.950404
5.044749 2.813083
4.956148 1.140731
4.145504 1.693165
3.159200 1.704506
1.672939 -0.088787
1.770043 -1.036827
1.799429 1.580653
2.417346 1.797661
2.069036 1.285491
0.027841 2.709431
1.288181 -0.379434
1.579892 -1.402248
1.383261 -1.912510
0.308221 -2.463234
1.554861 -0.584436
1.465382 -0.213069
-0.476166 -1.367830
0.727411 -0.722213
0.840798 -1.348167
0.834215 -3.314232
0.743896 -4.069102
4.327799 -4.168228
3.351936 1.257883
2.366227 1.104522
4.385073 1.390771
4.714695 1.695030
4.464167 3.597114
4.138971 2.702156
4.863057 1.150780
5.067427 1.216022
7.543883 1.172899
7.277022 -1.555430
6.956837 0.737597
8.299746 1.343335
5.208146 1.742469
4.933640 1.123330
3.886395 1.061481
8.341974 1.960037
3.955932 2.003628
5.690683 1.910325
7.813993 1.342897
10.885548 3.042417
9.721527 4.870353
9.508678 3.561041
9.118292 2.542049
6.056774 2.678589
4.174196 1.161892
6.438139 1.401297
7.392858 0.567031
9.428957 1.842848
5.840684 1.863231
3.383076 1.208045
4.658767 1.071061
4.782396 1.716927
5.339359 2.038418
2.502670 1.573215
2.036387 2.992693
1.089921 -1.858707
0.158261 -1.645009
1.319809 -2.773243
1.996898 -4.808754
2.541465 -8.647517
3.171298 -8.051353
4.585348 -4.258066
4.441120 -4.588496
2.191464 -4.040456
2.933588 -5.400321
4.562192 -5.230030
5.474333 -5.133898
3.431174 -8.937497
7.779457 -10.292828
8.350074 -9.624923
8.132334 -8.334125
6.482420 -8.612432
8.201611 -12.619820
8.428460 -15.375573
12.965868 -15.120288
16.783575 -10.926958
