-4.536074 -12.508802
-5.866779 -9.656495
-2.087535 -9.436084
-0.456308 -7.057636
1.745515 -3.341192
1.690560 -1.477197
1.343007 -0.598564
0.764643 0.888674
1.391227 1.875377
1.584074 1.779310
2.218308 1.734214
5.548214 1.570821
4.633626 1.167788
2.101185 1.811265
2.404060 1.861958
3.096654 2.934129
-0.006485 0.435332
1.665485 0.125393
1.403604 1.131558
4.207393 1.084057
4.227974 1.870949
4.632160 1.512734
3.484344 1.385796
5.384395 1.998518
4.440335 1.945096
4.369363 1.892805
5.682998 1.737115
8.223881 1.678853
7.156457 -0.679515
7.654778 1.878590
5.316857 1.336068
6.100030 2.775966
4.692951 1.724716
7.793400 1.904844
6.984416 0.815914
7.377832 0.058900
7.120831 -2.048307
7.618950 -1.476203
7.580383 -0.122646
7.888830 0.537768
8.695858 0.161316
12.263125 1.020848
13.716844 1.986527
18.541471 0.626267
