18.023611 -10.763937
15.855186 -6.249046
16.538059 -12.979276
11.972671 -14.489839
9.127789 -14.030576
8.467009 -11.964913
8.877422 -11.137158
8.594971 -9.227054
8.843955 -10.081849
7.904696 -8.299086
5.422293 -9.736645
6.048350 -7.292523
6.015074 -7.821846
4.522901 -8.956464
4.677066 -5.371286
5.561526 -9.722541
6.576454 -9.735869
6.341803 -10.426363
4.386887 -11.259835
10.636955 -13.623903
15.391485 -14.438898
15.151951 -12.825264
11.104594 -17.852049
3.914815 -7.345935
4.747658 -7.727240
4.546575 -9.564514
8.423870 -8.261346
7.777204 -9.528927
6.222471 -11.277639
6.000702 -6.003873
