13.885700 10.000673
14.850976 6.198213
14.929914 4.466347
11.188225 5.618163
7.929484 3.158853
8.961222 1.722592
8.212679 -0.948949
8.392620 -2.561389
8.320427 -1.966005
9.448621 -0.919000
9.605433 -1.271010
7.837298 1.068119
5.024528 2.961902
3.971570 2.061125
5.070137 3.454627
6.209767 1.956411
3.470485 1.702338
2.881682 1.873122
6.480675 1.733682
6.151046 1.233000
1.955752 2.312607
1.426961 0.808474
1.044869 -1.261418
0.393573 -0.434870
1.561836 -3.063242
0.523107 -3.638889
2.214087 -4.569521
5.563751 -8.038023
8.949105 -9.893868
7.002540 -8.149758
5.625982 -8.545354
4.317028 -9.036183
4.209053 -10.152287
3.551618 -9.378347
8.423807 -10.283051
8.392274 -9.058789
6.182057 -8.587708
5.969429 -7.552779
0.768780 -10.052096
-2.445773 -18.017824
