18.485910 9.201423
13.724234 7.156622
12.060697 3.613953
10.082685 4.964621
7.856745 3.760323
10.105369 4.457720
8.697592 4.539876
6.347074 5.169003
6.354220 4.695118
6.949170 5.116032
8.390200 4.112978
7.940384 3.438320
5.483547 2.475526
6.262908 6.559104
6.332881 6.031852
3.899790 5.386145
4.007556 5.715977
3.941093 5.372846
8.943457 5.365296
9.114793 4.495830
7.694530 5.123265
5.540421 2.801681
6.286198 7.989275
5.203721 7.580893
4.607425 5.661807
3.872693 4.143858
4.436398 5.439484
6.173054 5.430390
1.850968 5.131237
-2.873385 6.137776
-1.706226 6.429450
-0.793370 6.619571
-1.411241 10.031207
-2.682006 8.496424
-1.628128 6.193948
-1.617206 10.099207
-2.201385 8.660446
-1.681277 9.460874
-1.818966 8.691538
-1.665259 8.939006
-1.193374 8.005736
-0.699416 10.370413
-0.899236 11.486006
1.381884 11.450974
1.450948 11.252857
3.532824 12.694637
