11.042457 -14.146957
10.088604 -10.497522
9.374804 -7.769558
4.178610 -7.093208
4.645925 -7.333014
2.630645 -7.614146
2.746130 -6.750762
2.762628 -9.997384
2.577833 -9.738738
0.068276 -7.488900
3.371255 -6.132549
5.294995 -7.135005
2.562453 -6.212237
2.300245 -9.571780
2.592535 -8.571434
2.190901 -10.159397
1.968896 -9.963563
1.164423 -8.528670
3.414962 -7.687295
5.503591 -5.596246
5.553785 -6.970806
9.574122 -7.422649
8.032797 -9.923341
8.149946 -11.430968
9.119830 -13.334043
7.999719 -13.109107
-2.489401 -13.267473
3.303611 -15.497136
1.373724 -11.989881
1.568602 -11.497987
1.839380 -13.266585
2.577297 -13.434418
2.331770 -11.330681
1.956453 -9.032825
3.234989 -7.486378
3.662005 -7.384268
5.567889 -7.102603
2.074890 -8.287749
1.436058 -13.507165
8.467278 -14.706132
9.019840 -13.174579
7.003098 -7.446571
5.182562 -8.189479
3.579264 -4.311501
2.701898 -8.225404
1.388129 -7.977099
0.864432 -8.819892
2.661522 -9.728106
2.146590 -7.420697
2.673716 -8.204500
3.675861 -8.184363
2.688316 -7.806611
0.582343 -9.480709
-0.862299 -10.762441
-2.523338 -9.335658
-0.428441 -9.429817
1.226678 -9.519649
2.331024 -9.333784
2.763799 -10.164371
2.024258 -8.059524
6.847092 -7.599431
5.774192 -13.483174
9.057512 -13.154038
12.842007 -13.680699
6.388675 -13.409244
5.382089 -17.349131
5.097458 -15.468959
4.652877 -14.084733
8.370766 -11.580689
10.001431 -13.550174
9.023044 -10.417839
8.890656 -11.219629
8.935076 -11.082056
8.981503 -10.324609
8.257086 -11.448616
8.533979 -8.943654
7.864977 -11.125789
10.868899 -7.442062
11.461041 -13.154968
8.797841 -11.520104
11.080145 -10.534488
9.843119 -12.697287
7.983294 -10.451652
8.183668 -9.912212
5.763046 -13.399970
2.250840 -9.341680
3.228723 -7.353753
6.127461 -4.743300
8.970181 -13.241723
1.663675 -8.129179
3.119174 -7.045770
4.445232 -6.389267
2.370257 -7.236304
1.277237 -8.764850
2.201128 -6.478510
3.570810 -13.489138
4.594337 -13.606092
5.016694 -13.548954
6.406698 -14.630396
-0.519750 -15.459496
0.530450 -11.468751
2.872824 -8.143096
4.284509 -6.541055
9.568720 -8.188330
5.823040 -6.441376
0.994940 -9.018554
3.312533 -6.597262
3.990592 -2.032423
0.573267 -7.778770
0.651339 -11.261718
1.800599 -12.204204
-1.210357 -13.719477
11.132870 -17.477467
11.324919 -11.233290
7.658137 -13.801059
11.525990 -14.663157
8.092911 -9.904408
8.660580 -10.116679
10.737286 -9.233785
11.794993 -7.573069
8.472176 -7.959606
6.854728 -7.657253
5.103391 -4.582722
5.856603 -3.322604
6.328396 -2.097684
5.784372 -1.797853
6.117003 -2.685219
4.892715 -6.210011
7.178041 -8.016308
7.491547 -7.487757
10.303645 -8.799022
8.831800 -9.709682
11.560595 -10.864232
10.830021 -12.299055
4.833133 -14.137093
10.091500 -7.081251
13.348976 -12.131952
10.422002 -15.388772
0.878736 -9.892756
2.370358 -9.693450
2.523892 -9.324127
0.864144 -12.476284
0.783750 -10.797654
-0.137347 -11.794946
-1.612078 -13.956170
1.175892 -10.410873
3.517855 -14.457611
1.789655 -14.569201
4.105011 -6.899715
3.084464 -7.103702
1.722063 -9.215582
2.244615 -11.154489
6.827237 -13.562594
1.398227 -14.186645
2.210252 -9.545714
2.483989 -7.321391
2.393243 -8.517720
3.317552 -7.128552
5.181229 -8.108540
3.806169 -8.165048
3.796129 -7.026477
1.256552 -9.145213
2.097550 -12.954893
-1.348269 -11.267801
0.106891 -7.950603
6.216862 -6.709628
4.141449 -6.593357
4.549724 -7.395756
2.991760 -6.379280
0.582945 -9.731669
0.598729 -11.087861
-0.358886 -12.014153
1.952656 -9.656876
1.306999 -11.226512
1.927851 -11.280665
-0.778859 -9.274271
-0.339733 -10.486410
-0.188330 -10.411313
2.135813 -9.462664
1.517065 -9.150440
3.887785 -7.109802
4.293532 -6.428439
5.871716 -3.905490
6.308037 -5.362896
5.130455 7.861417
1.213616 10.927510
-1.591823 11.044742
-3.930421 8.901691
-2.759423 14.591209
-4.624578 17.556866
