-5.052200 17.949297
-4.358336 8.460588
-6.310839 6.727021
-8.086403 9.179683
-8.648904 5.278918
-8.358191 4.258729
-10.863678 6.354907
-8.920963 1.349647
-10.652736 1.368845
-8.667878 5.869859
-10.506891 6.635472
-8.343901 7.523040
-6.408370 8.868660
-5.150439 8.261610
-7.230817 6.687314
-2.882371 6.998560
-2.460450 6.374675
-3.446838 7.507928
-3.406583 7.264854
-10.853797 6.484782
-6.361494 7.911954
-5.849008 7.287243
-4.179304 6.380595
-0.674663 0.954902
-1.026709 2.097670
-2.036497 4.240344
-2.376639 4.378984
-1.448247 3.474758
-2.015328 4.036673
-2.451736 4.006198
-0.996985 3.221800
-1.340917 3.260530
-0.751432 3.633160
-4.804638 6.505682
-3.242179 6.663693
-4.913229 7.602299
-2.219470 2.840013
-2.101830 4.477753
-2.079070 0.414911
-2.312442 0.925751
-2.151224 1.265471
-4.010600 -0.302368
-5.082098 -0.455271
-6.208759 0.294550
-10.144888 0.483778
-5.770962 -0.048996
-6.921998 0.397720
-7.851971 0.177054
-6.088434 0.726183
-6.279338 -0.144266
-7.882614 0.099555
-5.451986 -0.286186
-8.986486 1.198742
-10.271830 0.313797
-12.008313 -2.742996
-12.741849 -8.664414
