-0.293122 -0.262023
-0.872572 -0.252549
-1.590637 -2.078004
-4.770074 -3.045594
-4.439017 -2.928669
-5.294322 -2.570388
-4.491638 -1.412893
-3.976718 -1.054220
-6.688396 -0.324573
-7.277359 -0.180318
-7.831188 -1.095263
-8.376402 1.422214
-11.519656 1.463379
-6.789650 -0.705619
-9.336673 0.899517
-6.136219 0.187019
-7.547686 -0.166440
-6.283942 -0.250289
-4.812916 -0.487633
-5.887312 0.041271
-4.004841 0.036978
-2.727655 -0.075342
-1.768213 2.074296
-2.355023 0.222745
-2.012486 3.145573
-2.385372 2.157812
-1.047556 7.527764
0.108540 6.373527
-4.885572 6.598594
-6.577578 7.988482
-5.999091 8.684159
-8.568569 5.640912
-9.120413 2.894420
-8.683347 2.582540
-8.338718 1.735890
-9.082943 -0.797458
-7.466260 0.192741
-4.754964 0.213519
-3.072645 0.075961
-1.266930 0.311752
-3.290031 0.078063
-1.141938 0.887388
-1.791312 2.631203
-2.184597 1.847569
-2.314007 -0.010630
-3.162687 1.186109
-1.614612 -0.677511
-3.663632 -1.132207
-4.809241 -1.690363
-4.772488 0.734034
-6.163818 0.191731
-2.761820 0.590372
-1.796112 1.609432
-0.850085 2.301210
-0.770395 3.713099
-0.690704 2.985092
0.236551 1.563406
-2.712422 1.189806
-6.759830 -1.665113
-9.749933 -0.600998
-3.563782 -2.744690
-4.779549 -1.642492
-6.339213 -1.499259
-8.088524 -0.440942
-10.343352 4.730681
-9.432606 6.934363
-5.010717 6.719938
-3.629449 6.355968
-2.091492 6.433213
-6.933230 7.808383
-8.861013 2.762092
-9.170282 4.992858
-8.214991 6.030016
-6.924989 8.910007
-2.879038 7.309189
-1.911214 5.348575
-2.218404 4.065298
-0.695641 3.927531
-0.378067 3.723979
-1.552363 5.017118
-1.811137 6.336514
-5.113175 6.805604
-3.519092 7.992310
-4.366415 8.471342
-1.296685 6.726452
-2.372186 5.001349
-1.730942 4.192377
-2.007648 7.327256
-5.364163 8.769553
-4.497015 8.573313
-2.398704 4.455506
-2.435247 2.615789
-0.634481 0.151764
-1.116317 0.902580
-4.910504 0.836937
-4.694309 0.655910
-5.536354 0.868767
-7.483031 -0.012045
-8.663698 1.505231
-9.422647 2.397040
-8.458066 4.855439
-11.390238 6.053074
-6.864078 6.487561
-8.190086 6.779824
-6.450788 7.506759
-9.942996 5.822565
-8.397371 2.927266
-5.590906 0.130679
-8.520503 0.442371
-7.591372 -1.710039
-8.481021 1.179187
-9.187288 3.966003
-8.781833 4.899301
-9.081915 2.629614
-8.489665 2.433864
-11.765736 2.579698
