13.293033 -4.117431
11.915777 -5.082706
11.671303 -5.340958
12.914755 -4.876499
13.596550 -10.596524
7.571821 -6.668700
5.561481 -7.296992
1.804261 -7.985646
2.618239 -9.520690
2.725801 -9.484611
2.843127 -7.002784
2.956606 -8.132865
2.331661 -7.276564
4.828394 -7.821542
6.144925 -4.895048
6.267963 -2.215848
5.185525 -1.167326
8.920998 2.880726
9.868422 1.561825
12.496526 2.340319
8.851103 1.652156
9.593116 5.260763
10.450563 4.589614
7.470329 5.288057
9.455342 5.355293
6.187990 5.283145
7.198968 2.573314
7.245887 3.488839
5.690600 6.543781
5.358232 6.706911
3.606458 8.656947
4.488516 6.837610
5.366982 7.987355
6.181387 6.542800
6.023208 7.561516
4.846065 11.152177
6.850245 12.446338
9.729476 11.800097
13.114549 16.085852
