4.710576 1.645709
6.458021 2.853712
6.468706 4.670444
6.339573 6.337990
6.456724 7.538476
6.446580 8.152059
6.322926 6.745843
6.028075 5.324583
9.006041 5.371712
8.618765 4.173819
9.632624 5.088063
5.282216 4.595004
7.495955 3.141107
6.521091 9.374125
12.601977 8.382262
11.607144 5.278402
11.175800 4.820028
13.918874 11.785002
15.895848 11.659700
15.059521 11.135917
12.428209 4.315357
5.299648 4.513593
6.322654 7.943842
5.790748 10.742616
9.282581 13.225462
9.200952 11.379730
15.575994 12.415479
12.316545 10.831512
12.591808 6.657331
16.128990 8.428099
12.764837 4.866386
9.993333 4.693985
7.698317 2.232741
7.058670 1.180429
9.974275 3.717650
10.252994 4.722533
8.709050 4.114117
8.065495 4.805722
8.588796 5.312518
9.391272 5.222952
10.006944 5.024622
10.193911 4.512516
9.831768 5.484638
11.814610 5.159115
12.761162 7.766956
12.436100 8.659434
10.420107 10.891605
8.777569 11.433061
9.555136 11.227535
12.945751 13.786202
11.771606 7.563695
11.927495 7.113921
12.181543 9.304930
12.974548 6.822119
10.820721 4.946914
8.529907 4.029529
8.834175 5.057062
8.935191 3.439344
8.542044 4.615433
11.253141 3.915174
11.381393 3.205859
10.311531 3.941506
9.148173 4.724774
5.946305 4.597432
6.345494 8.739666
6.091658 8.361768
6.122751 6.327986
4.108363 5.762455
7.890465 5.143733
6.135637 1.449451
8.571672 2.236000
7.036053 2.495808
7.073538 2.490786
10.054640 4.945228
11.300966 4.796213
12.009316 6.523232
11.143564 4.580933
7.612403 2.625535
6.889471 4.457102
8.566548 5.575048
6.619830 3.691760
8.530182 3.710016
8.458840 3.887083
7.354083 5.352862
6.980585 5.041589
6.334245 4.116721
6.364455 5.567871
6.451251 7.016387
6.415744 6.616319
5.623039 7.200425
5.055810 6.862037
6.416335 9.218525
11.311850 3.414434
11.697903 4.561388
11.613060 3.272366
8.404243 4.892206
9.307158 4.640977
8.182939 4.102154
7.906439 3.808045
8.084685 5.578955
7.225363 4.315163
4.615101 4.332114
6.360712 7.099728
9.940498 5.393602
6.463912 5.280167
10.315087 4.488801
10.006634 12.027791
4.776750 10.147098
9.209330 12.469486
5.167712 9.926897
6.393734 8.983226
5.325174 8.422982
7.512099 13.453263
9.988039 10.670004
10.431574 2.584741
10.898400 1.609202
11.688478 4.793564
11.815459 5.496514
12.382055 7.547003
12.919790 4.545422
12.583331 3.308840
11.624436 5.181724
11.976818 8.367854
12.233783 12.829459
11.859034 11.474099
11.821523 6.829596
14.871792 7.543514
11.602411 9.694194
12.341461 14.403750
5.653545 11.310689
4.456666 7.889408
5.445200 9.533725
6.323107 8.694949
5.592655 8.800003
4.203540 6.678614
5.379113 6.961545
7.712333 11.072170
8.382429 12.962605
7.624895 11.289982
3.551499 5.366628
2.599895 2.914856
5.892032 3.441532
5.971146 5.152471
5.950009 7.404272
5.340509 9.412750
8.816456 4.274498
8.374125 4.286356
8.037889 5.007142
10.943132 5.644845
8.048267 5.231234
12.475163 5.748339
9.492036 3.018698
9.589031 3.936085
6.075587 4.998399
5.500208 6.873010
4.807671 7.393403
6.371430 7.145551
5.863528 9.231647
6.072637 8.784058
4.933430 8.791438
3.671747 8.468584
6.431160 8.882449
6.333125 8.701118
5.536669 6.716354
8.687620 2.182342
7.033380 4.529347
5.448988 4.828513
5.787797 7.523796
5.661026 8.542327
4.845035 7.426881
6.773969 3.006109
10.429933 3.957892
9.819761 3.989065
8.841016 3.941431
9.567272 4.186104
7.648294 4.699054
10.261940 5.628213
10.352677 1.737897
12.462105 6.185074
12.229250 10.021091
11.575058 9.517041
11.741924 7.288965
11.544542 9.131311
11.946877 5.887471
14.579475 5.816237
8.997268 5.119011
7.388983 4.715772
4.380229 6.465855
1.271238 6.213995
1.918912 7.758409
3.403901 5.799993
3.618095 4.221071
3.189804 4.726697
2.259026 6.372586
2.937456 6.166803
3.795877 5.616482
5.705379 5.473692
11.035499 5.307943
6.974376 5.357406
8.272799 4.906808
8.523588 5.295693
9.481646 5.448010
10.179899 5.515338
9.605522 4.668790
6.946578 2.336092
6.723549 3.015223
5.821963 5.017653
6.221068 10.315719
4.751963 9.614042
5.831949 9.206988
6.763379 15.688633
5.204973 17.039566
6.209880 14.190144
9.084160 16.484598
12.020644 11.665937
11.704617 8.522724
12.409237 8.836617
11.537228 9.523688
11.968367 9.885068
11.909086 15.441270
14.836451 14.366842
11.888000 9.288251
11.867231 10.300056
11.046297 11.694223
12.686673 8.494349
11.637155 8.349311
10.700041 3.535287
11.659195 3.571869
8.997232 3.897090
7.855790 1.421492
10.491159 3.306917
11.458458 5.468967
12.390508 6.088886
12.088547 10.861716
11.900686 9.754080
13.809682 6.640179
12.940449 7.967665
11.257659 12.413425
6.605899 13.173555
5.687001 11.089723
6.695518 4.579235
9.244610 4.987992
8.302751 5.477233
8.650565 5.267963
12.112110 5.091137
13.125896 9.586144
12.134218 13.566352
9.756676 10.758068
11.000157 11.075451
10.259279 11.039703
15.939126 11.596337
12.321867 9.312604
12.580580 11.991767
10.429913 11.412699
