14.436276 16.987486
13.567327 13.625922
7.459761 12.315820
9.689026 12.580855
6.474929 12.879798
4.166874 11.415666
5.515343 11.087366
5.925269 11.510705
3.887204 7.804442
4.953576 8.405932
5.291163 5.816728
7.047805 3.949210
9.854269 5.408050
8.762813 5.453600
9.299957 4.476220
6.691607 4.176264
9.362322 4.758512
12.202184 5.581273
11.788371 6.141632
11.706491 4.307314
8.560978 5.622339
9.249533 5.616827
8.655345 3.652809
2.880495 -1.031014
1.858563 -5.039978
-0.700075 -7.965627
-4.547032 -13.626557
