9.173431 16.879105
8.204657 11.240682
4.493764 12.254344
5.755786 7.853521
5.772469 6.083923
2.401802 7.281873
5.996530 7.764021
5.065691 6.117958
5.412786 8.614648
6.436042 6.603517
4.335233 5.767861
8.200363 4.897358
6.514379 4.601329
7.325542 3.985044
7.230260 4.989224
5.639842 4.507563
8.539992 4.698306
10.606123 5.215996
8.047650 3.004066
4.261793 9.117567
5.417915 9.555632
4.895814 8.068189
6.928910 3.768257
10.673998 5.568078
10.272718 4.074459
9.692017 4.291131
9.310953 5.398506
9.849591 3.434834
8.947669 2.497251
10.195027 3.731498
11.699239 4.642199
11.524582 5.532114
8.459366 4.056811
7.876550 3.448802
7.925402 4.043776
7.551291 5.317462
5.919005 5.817024
5.762282 6.555535
5.477797 6.384986
4.713022 7.876185
3.205016 5.585577
6.243362 4.917305
7.462053 4.904741
10.557280 5.462313
6.514220 4.818275
5.199027 6.991832
6.010361 3.764908
3.925781 2.935771
6.568089 4.031411
6.932548 2.102134
9.272661 1.739286
9.300540 2.823787
8.792032 2.391333
10.378109 3.428297
9.818380 3.970199
10.708210 4.776765
11.160643 1.922663
12.127003 6.809028
12.119215 6.744295
11.601328 10.196558
12.672481 11.426038
12.923420 8.374726
12.599463 10.263550
12.508826 8.743277
12.301891 6.955885
13.144373 3.769061
10.941274 3.054515
8.138941 4.363650
7.599044 5.291828
8.084738 5.430800
6.464835 5.067751
6.314755 5.462993
6.777763 2.942170
5.468846 8.756161
5.849056 2.272498
8.235118 4.364096
8.941887 3.796033
10.719883 4.970598
10.734509 3.149928
10.147558 4.501896
6.350893 3.702037
10.140156 5.490326
9.789841 5.474974
5.468547 4.047513
7.869699 5.555280
4.739987 4.706843
6.443769 7.263047
7.999735 5.355432
9.148795 5.214472
11.164602 11.939564
11.251668 11.161834
10.373087 11.141752
10.565664 12.279589
11.746948 11.070616
13.711813 6.837575
12.176919 11.241738
12.133301 11.090681
8.275179 10.949506
5.941044 8.649435
5.995261 9.785296
6.521541 7.856874
4.734002 6.473680
2.978580 4.962067
7.680341 4.710149
8.433496 5.186078
8.782739 5.618587
5.985460 3.338079
6.351928 6.857593
6.493437 9.594278
5.928024 9.054848
9.085188 10.796194
8.757177 11.529771
6.209058 10.945448
9.923860 12.270363
6.879957 11.657364
4.714782 8.966988
7.020269 10.991282
6.528485 7.430961
2.927085 8.519767
4.686627 8.920761
6.751757 3.650953
9.227596 4.007467
9.796135 3.661855
11.781880 2.420447
8.414192 4.153046
10.256334 4.700271
12.452163 6.138672
11.628242 6.546972
11.720479 8.836311
13.743058 12.609957
16.164440 8.326230
10.463243 4.962438
8.241511 5.513264
11.277012 5.000680
9.802624 5.170264
8.159277 4.406490
5.984846 5.181839
8.305846 4.526548
9.296759 4.885414
6.016146 4.593089
6.171541 5.925154
5.429381 8.297995
6.317129 9.301135
4.071855 9.312060
6.356713 7.792193
6.409433 6.383915
6.008459 7.536578
6.235134 6.150935
6.153480 4.937536
6.858535 4.988381
8.523960 5.421522
4.532953 4.956632
9.069426 5.509113
8.569407 4.932930
7.791187 4.897874
10.074387 5.087736
7.514298 5.611991
7.137496 5.082396
8.475183 3.586251
6.138866 5.656929
7.465966 4.720798
7.121846 3.617213
6.471368 5.106831
8.134670 4.914296
7.180427 10.828720
7.683498 11.026248
5.345696 6.007754
6.121893 5.067456
3.905807 7.684537
6.240148 7.056056
5.775022 5.985777
6.977279 4.566106
8.405169 4.164340
8.053889 4.601356
7.418531 5.541185
6.553601 4.884156
5.590765 6.585187
5.060050 6.308899
5.306638 8.822592
4.096220 8.551473
6.807925 11.004879
5.615892 11.393157
10.688517 11.197633
7.001870 10.895253
2.883790 9.281199
5.755623 3.916528
8.289893 4.214244
6.310120 5.272064
9.545002 4.056924
12.982849 3.709939
15.189842 6.761021
14.554356 7.411617
13.557108 8.867701
10.138956 4.878741
8.666949 3.654278
10.681366 3.794451
10.385218 4.187502
10.185407 3.634476
8.844233 3.694842
9.302210 1.768686
12.543417 8.974998
12.371416 6.648269
8.919212 3.392538
8.865993 4.644356
10.546370 4.975997
7.779169 4.682968
8.923614 4.831412
9.833869 5.409192
8.426783 5.521360
9.802938 5.416006
10.269677 4.736961
10.733154 1.565152
9.429445 5.021670
8.588421 5.643227
6.225862 3.173559
7.227240 3.648571
6.339667 5.187218
8.767026 4.351293
9.887944 4.847086
10.691435 4.660889
9.750055 4.333870
7.508539 4.885447
-13.464514 -19.135071
