-0.832158 10.764335
-3.341718 9.055025
-3.769492 6.951560
-8.129919 6.512423
-7.559914 6.797855
-9.585050 10.130672
-8.556357 5.747824
-7.529458 4.577221
-10.359799 8.674988
-5.933306 7.664285
-5.327754 6.520895
-7.375610 7.511907
-5.846272 7.218498
-6.667450 8.198772
-6.133294 7.195779
-5.987832 7.149413
-6.557816 6.505311
-7.303090 7.396118
-5.490233 6.440729
-4.839841 6.579474
-6.710019 6.822485
-9.685063 8.586008
-7.684380 4.775696
-1.642178 1.969477
-1.121038 2.494886
-2.204203 2.459731
-1.980261 4.337804
-1.486102 3.719651
-6.778060 6.778878
-5.427369 6.833179
-8.532149 6.783694
-5.360286 7.533043
-4.986081 7.243773
-3.017072 6.896544
-4.181866 6.756138
-3.603847 6.518613
-4.646137 6.375143
-0.750440 6.709923
-2.099382 3.226628
-1.277927 0.923431
-1.221273 1.012572
-1.498730 1.316316
-1.974456 3.386178
-1.232875 2.160740
-1.448070 1.244404
-2.428670 0.002188
-2.920126 0.995536
-0.732042 -0.277514
-2.176819 2.539684
-1.922933 2.700981
-1.942451 4.169570
-1.162566 2.648019
-2.856105 -0.376739
-3.477837 0.788829
-6.322418 0.574040
-1.799859 1.252460
-0.489361 2.267405
-1.177680 1.448064
-2.141489 1.589201
-3.300037 0.065740
-3.108346 1.273359
-3.269606 0.529233
-3.560356 0.631983
-1.562756 0.018524
-0.164931 3.115375
-1.746554 3.157851
-1.569064 2.230810
-2.081065 4.176172
-1.209066 5.237947
-2.457190 5.329605
-0.723128 5.716905
-2.772843 7.886702
-4.878590 6.968238
-4.739676 6.729895
-4.530916 6.544356
-8.058908 8.219886
-8.005053 6.833760
-7.566958 3.675876
-10.028538 3.026359
-8.150496 1.486170
-10.278278 1.239713
-6.776019 0.731382
-4.940691 1.233768
-4.747723 0.764406
-4.568205 0.320237
-4.874324 0.804648
-2.536662 0.984398
-5.128257 0.359262
-3.067311 -0.362579
-2.722678 -0.109113
-3.034046 -0.468512
-2.952209 0.372402
-2.627176 0.962878
-2.206717 0.002393
-2.448734 2.451282
-1.504731 3.897160
-2.889584 7.873549
-4.189798 8.667786
-5.087931 7.955370
-4.707112 8.085736
-7.596086 6.540113
-8.094782 7.960243
-6.651158 6.612144
-1.788470 4.504089
1.675054 2.480974
-0.248466 2.062254
-1.208772 1.955319
-0.924200 1.850008
-2.269458 1.864489
-2.361720 0.338317
-4.118958 1.013675
-4.176324 -0.008555
-1.844535 1.761829
-2.242053 2.409485
-1.694653 2.220515
-2.251602 3.073098
-1.186789 3.531079
-2.282895 2.386698
-2.377810 3.190243
-1.738408 1.285488
-2.737583 0.976352
