-4.071591 13.045460
-6.380093 7.337463
-6.606915 6.537207
-4.292931 7.894528
-5.860246 7.954458
-4.513785 6.983933
-4.912872 6.968029
-7.671452 6.690866
-7.290687 6.332151
-7.146067 9.034721
-8.293796 7.471689
-6.951235 6.595965
-7.203696 9.085420
-8.119133 5.490849
-7.970405 2.963756
-10.044309 4.817367
-8.162863 5.450875
-8.109094 4.211091
-8.773993 3.909984
-6.252293 8.728646
-9.305773 7.335165
-8.388492 -0.011912
-8.026281 0.604584
-10.889864 -2.142899
-10.376605 -9.222564
-8.474330 -8.117270
-6.412774 -9.644673
-6.809963 -7.356781
-7.509921 -7.659980
-7.474043 -6.187999
-5.671895 -6.810232
-4.357315 -4.734975
-6.992723 -6.702635
-7.775658 -6.418936
-6.554787 -7.648467
-7.765796 -6.543991
-6.756229 -3.753785
-8.047174 -9.585534
-11.966358 -10.982497
-11.471524 -8.394914
-11.929043 -8.951218
-15.169312 -6.509935
-12.927565 -6.935430
-14.104217 -5.612448
-14.499423 -8.231037
-10.119339 -8.410070
-7.252746 -8.531496
-6.873892 -5.766538
-7.373055 -6.395388
-6.810464 -9.450451
-9.859847 -9.542960
-11.965252 -8.711833
-6.923792 -8.452447
-7.138622 -6.458219
-6.377384 -6.897918
-6.643257 -7.475488
-7.768545 -9.176986
-6.270808 -7.246403
-7.392951 -6.354828
-7.939502 -9.023604
-9.988874 -8.194898
-6.385141 -8.245585
-6.965112 -4.443514
-6.551612 -3.822825
-6.970091 -3.479569
-7.116779 -3.342271
-5.978211 -4.696254
-6.609570 -6.076270
-7.681460 -2.660918
-6.402583 -2.870218
-6.127503 -6.546878
-8.786506 -9.239278
-10.688231 -8.519526
-9.574484 -11.383098
-8.902802 -10.345002
-8.899265 -10.369554
-9.917743 -8.284527
-8.106564 -9.563397
-6.169588 -6.898133
-7.783643 -6.422678
-7.781736 -3.697240
-13.588409 -5.491099
-18.602100 -6.279203
-14.970334 -3.667958
-14.664303 -7.541351
-9.799101 -10.318138
-10.023203 -10.439216
-10.610937 -9.077729
-8.877667 -8.216481
-4.187636 -6.577145
-4.144643 -1.635057
-6.257498 -4.461248
-7.344859 -3.964072
-5.083591 -6.405294
-4.001065 -2.102440
-8.846300 -1.986279
-10.266127 -2.943704
-12.142674 -2.199566
-10.204762 -2.201161
-10.530414 -1.324129
-8.917987 -2.689562
-10.299867 -2.858896
-10.401722 -2.777312
-5.739388 -1.064342
-6.818923 -0.061418
-7.218589 -4.233305
-7.306651 -8.343870
-11.643801 -8.789804
-8.580830 -8.368491
-10.920023 -8.151809
-8.877094 -8.776662
-9.999968 -11.067576
-9.626831 -9.853556
-13.202412 -6.428286
-9.819926 -9.099498
-8.044676 -8.781545
-5.460027 -5.798235
-5.293502 -7.373604
-9.212500 -8.696977
-14.664813 -3.995667
-12.447426 -2.762846
-13.273121 -6.166418
-11.570514 -2.802062
-13.741497 -6.203671
-15.454453 -6.434572
-15.657671 -9.720923
-13.654605 -6.030832
-9.736298 -10.042121
-7.606167 -6.162173
-6.469475 -7.512129
-6.726790 -5.190790
-5.123631 -2.931655
-7.344411 -6.212579
-8.567947 -8.056090
-8.470202 -8.738309
-7.342285 -9.973297
-6.212921 -10.354358
-7.587721 -9.382925
-7.922180 -8.045877
-4.956950 -8.245132
-7.710510 -5.004891
-7.778982 -7.641123
-7.776452 -7.186019
-5.437455 -1.057360
-7.055994 -3.144850
-5.695192 -5.148612
-6.934163 -5.079670
-6.035181 -2.515823
-6.763561 -6.205320
-8.694639 -9.809524
-10.597860 -9.522908
-7.825830 -10.662857
-9.340840 -9.907368
-8.375796 -10.715299
-12.969994 -10.967813
-12.918653 -8.863046
-13.018382 -5.012466
-13.367311 -4.044171
-13.794264 -5.185734
-13.440756 -5.195050
-14.866936 -5.309695
-16.953781 -4.614121
-15.936761 -11.159873
