18.143574 -6.869629
16.292419 -6.882412
13.142458 -7.223485
12.968994 -9.950212
19.974991 -7.342762
18.766542 -0.178562
11.354537 -1.579968
9.146215 -9.110093
6.484320 -5.500194
9.790064 -6.046862
12.424570 0.217322
9.384130 -0.659649
11.285648 -1.149026
12.848741 -1.012933
9.668619 0.035759
7.692770 1.001440
5.344317 2.231502
3.620752 4.764339
2.483311 5.878844
2.727942 5.692967
-1.547663 5.845370
-4.268090 7.559998
-7.125416 6.510152
-3.977811 6.989047
-1.643927 8.677754
-2.578628 7.962262
-3.608457 8.458169
-3.735463 7.605984
-4.604317 7.077168
-3.487529 8.016623
-2.818873 9.316978
-4.509932 10.708681
-7.140416 18.466125
