9.569648 12.747779
8.587443 11.842476
4.529201 11.909541
6.285625 12.428340
4.942872 8.640580
4.562856 4.158304
3.348499 5.267153
1.703286 5.803467
1.125204 5.442923
1.839169 5.691719
1.484024 4.541404
0.674888 5.761273
-0.117963 5.317196
-2.876235 7.266378
-3.242897 9.254710
-1.258298 10.259266
-1.154373 12.643188
-1.980701 15.134169
-1.109886 8.608196
-1.018087 7.393013
-2.764638 8.816727
-1.235780 10.672560
-1.521842 9.004942
-4.033317 8.710716
-2.291691 8.744219
-1.090925 6.569679
-2.098801 6.497275
-0.582075 4.436380
1.644302 5.872625
3.476214 5.378680
7.751616 5.026179
8.018792 4.474517
5.159430 6.473195
4.927898 5.491004
6.389600 6.425289
6.381866 6.488750
4.704455 8.438285
5.671398 12.196561
5.943623 12.317345
5.721907 9.592019
4.168030 11.281206
5.575428 8.556859
6.275582 9.408172
6.021546 6.827984
4.479404 9.831822
7.026453 11.093758
6.845932 10.675571
8.664289 13.722930
3.350837 16.893404
1.369794 16.364550
-2.651134 17.824446
-3.705790 15.029938
-1.577202 9.399982
-0.745610 7.979548
-1.680572 9.864970
-3.004695 8.236233
-1.604195 9.140183
-1.710776 9.563590
-2.682702 10.457609
-1.464337 7.961401
-1.085847 8.042363
-1.854109 7.729718
-1.652839 8.861323
-2.548788 7.743641
-1.242592 6.864405
-1.073028 6.978524
-0.339978 4.750848
-0.420009 5.823182
1.110544 4.464440
2.783721 3.797735
2.901991 5.529893
5.383842 5.574080
6.162842 6.800987
5.184766 9.969270
5.178374 12.559406
4.412560 14.823169
5.807224 9.039452
4.385673 7.290132
5.812852 7.477163
4.356651 5.784777
2.620857 5.305326
2.879499 4.294641
2.875875 5.590132
1.972058 4.915810
0.142230 4.139825
-0.090957 2.923002
-0.095687 5.433047
1.738910 5.380439
1.565150 5.484915
-1.037764 5.912819
-1.585660 8.093124
-2.898386 8.778753
-2.871047 8.505094
-4.303054 6.846458
-4.489921 8.216194
-2.701768 9.234252
-1.744980 8.824070
-1.475114 10.845603
-2.023360 13.460686
-1.410117 15.789269
-7.780210 15.147222
-13.128225 11.805619
