-1.400827 5.783732
-2.455315 4.587989
-1.977240 4.479953
-1.763700 5.073521
-1.706147 3.497207
-1.474854 4.040823
-1.900874 4.310806
-1.329103 3.125285
-0.381932 1.892861
-1.818293 8.020870
-3.130450 6.933240
-3.733707 6.397819
-3.168393 6.562788
-7.627746 7.872847
-7.733455 6.774249
-8.517559 5.761341
-6.705029 7.396457
-5.895542 6.889110
-7.125845 7.273262
-9.076642 2.387440
-7.485368 4.863459
-8.545210 6.667377
-10.081506 6.893971
-8.206005 5.784762
-7.926895 5.411618
-7.758381 5.484647
-7.533914 8.685148
-6.428652 6.462439
-5.109847 6.691450
-4.505396 7.633395
-3.631898 7.867995
-1.748416 8.918915
-1.319179 3.621916
-2.224609 0.483312
-2.554170 1.140740
-2.792447 1.308909
-3.214005 1.063725
-2.172763 -1.252497
-1.673780 -1.961587
-3.477108 -2.040356
-2.244421 -1.349689
-2.554363 0.065934
-5.536417 0.280711
-4.050282 1.042883
-1.610120 2.851241
-1.118116 0.543149
-8.095768 3.055959
-7.734923 1.394347
-8.430544 2.416118
-6.178399 -0.697794
-7.067815 0.090184
-5.031953 -0.584808
-5.308866 0.962294
-9.833501 5.783152
-7.808200 4.012263
-8.173348 2.311653
-8.521494 3.637661
-7.722105 3.518541
-10.070944 3.066925
-8.023518 3.574357
-9.581423 1.945435
-8.659023 0.761313
-5.017825 0.771986
-4.669032 0.534713
-2.974123 8.690873
-5.107525 7.892276
-6.101398 6.779494
-7.654816 7.522304
-2.330709 3.714069
-0.131646 2.757207
-1.898219 2.393265
-2.372434 3.331670
-1.990472 3.321343
-5.923934 0.315794
-7.000616 1.184049
-9.163003 4.339676
-7.895043 0.996068
-7.660099 6.715450
-3.672507 7.479486
-4.419372 6.939526
-4.510711 6.840219
-4.649525 7.155344
-4.655319 6.481065
-3.499769 6.447752
-2.400352 5.414080
-0.367336 2.537042
-1.542736 4.821067
-1.021702 4.257006
-1.327432 3.886920
-2.085897 5.179904
-1.844326 4.441110
-1.802187 6.365289
-7.237490 6.818401
-8.631399 6.600234
-5.526867 6.369339
-3.317569 9.854692
-1.974861 6.766479
-2.103533 5.420914
-1.814128 5.144456
-1.746901 3.645023
-2.390787 0.798192
-0.750186 1.544492
-3.554309 0.364611
-4.523061 -1.687000
-6.386738 -0.003135
-6.311857 -1.599860
-4.250161 0.695136
-3.439569 0.845653
-3.613590 0.212437
-7.984876 1.214404
-10.838234 3.045179
-7.796693 2.304501
-8.704373 1.812522
-6.664966 -1.258431
