-16.578382 13.424190
-10.658623 6.814576
-1.866483 10.711518
-2.416145 10.103783
-3.523371 15.129136
-0.919198 10.174767
-1.264495 11.378985
-1.410534 8.710472
-1.599918 8.939427
-2.352000 10.132635
-3.331990 9.059081
-3.702380 10.709346
-4.064121 18.545784
-1.886325 14.417470
-1.057751 7.634459
-3.025250 7.839684
-1.425648 8.152592
-0.801954 6.470102
-0.527510 4.198919
0.394998 3.754817
2.095045 3.394097
0.790522 4.652946
0.898950 5.714072
3.547896 4.759056
4.612267 5.713502
2.860733 3.388716
5.624885 5.133775
5.382120 8.284411
4.933429 9.891740
4.326068 9.958573
6.630354 12.356958
5.861546 17.426086
1.371704 16.214008
