-13.583655 12.088355
-13.658888 5.467920
-12.476370 6.528614
-14.726459 2.671177
-9.086597 4.766341
-9.143200 5.789693
-7.292244 7.065566
-5.102104 6.330603
-5.190237 7.082045
-7.845177 7.861161
-6.888301 6.811439
-7.906669 6.770574
-5.759705 8.823433
-5.611829 6.872846
-7.759061 9.228874
-3.798177 8.186198
0.335390 5.075574
-2.340453 4.465760
-1.807816 2.784976
-2.027306 3.067594
-2.193682 0.919074
-4.303555 1.220345
-1.160804 -0.228605
-2.369767 2.423451
-1.157207 0.954523
-3.205194 0.629086
10.099796 -6.122434
11.401459 -7.837477
15.301170 -10.712096
17.644426 -6.799687
