-13.157542 7.774857
-13.686819 -0.839455
-13.264248 2.786478
-14.556961 3.081180
-13.674362 4.643570
-12.980437 8.796816
-13.655468 7.143296
-11.936483 10.554946
-9.403008 8.584570
-10.997091 9.747844
-12.695263 10.942317
-4.091612 7.449445
-5.609016 6.763206
-7.865587 6.891726
-6.763309 7.323536
-6.671962 6.837965
-6.498928 7.560777
-6.873382 7.610135
-2.622478 7.102200
-3.049158 7.412206
-6.831560 7.300823
-6.111341 8.023065
-5.574633 7.335400
-6.112367 7.539033
-6.479566 7.714715
-5.226213 6.605333
-2.777092 7.923312
-1.920936 6.954612
-2.016445 5.359603
-1.082401 3.331121
-1.847325 1.333721
-3.284354 0.791348
-1.593900 0.682264
-4.941106 0.513021
-7.575479 -0.815342
-7.121115 0.848552
-9.169657 0.521981
-10.714848 3.106158
-8.883656 2.844514
-6.719268 9.152905
-8.436589 8.783504
-6.330643 8.291463
-6.427668 6.864136
-6.031395 8.873878
-5.255458 6.974614
-5.977009 6.821443
-9.252016 9.734081
-9.552641 9.440707
-13.386477 10.460576
-8.848951 9.182609
-5.250343 8.452184
-0.555522 5.351029
-1.530333 7.072128
-1.960028 6.934925
-4.241160 6.414719
-2.922844 7.670366
0.112323 4.154616
-2.309728 4.251983
-4.641784 7.108455
-3.794014 7.959894
-1.175603 4.752507
-7.512434 6.094258
-1.638574 3.112251
-0.154108 4.792365
-0.004287 6.256506
-3.382692 6.432176
-1.828727 2.640369
-1.271764 0.988473
-2.480410 0.469138
-3.869853 -1.034061
-7.122471 0.439703
-11.304543 2.358498
-12.982882 1.755342
-10.855291 9.432261
-11.076296 8.523335
-6.980971 7.934376
-7.474187 6.431438
-6.835988 8.846839
-9.614952 9.788654
-10.220099 9.597307
-13.002579 3.816198
-14.257378 4.313609
-14.058559 2.952347
-10.098653 2.406681
-13.223486 7.988264
-13.520483 10.561891
-9.489579 8.900795
-9.007300 9.119786
-10.736634 8.662957
-10.845767 8.987777
-11.284763 11.013396
-12.488289 11.013888
-8.220608 8.974137
-8.105683 9.167583
-5.130566 8.236623
-8.289438 3.347890
-4.597926 0.656364
-3.862482 0.256635
-4.117124 -0.239794
-6.905056 -1.695943
-4.178094 -0.949935
-2.931253 -0.612507
-1.897572 1.927434
-2.022821 2.469933
-0.520934 1.901702
-1.500223 5.935397
-4.838848 7.669283
-6.483234 8.015401
-5.375234 6.983455
-7.193828 7.104368
-7.722017 6.192172
-7.294581 7.734415
-6.218951 7.115609
-7.300161 8.148999
-3.651385 6.390190
-3.430892 7.287505
-1.789057 6.374215
-2.151166 4.566791
-6.800531 0.668975
-10.193141 0.760021
-9.038718 2.298683
-8.241864 1.880105
-10.503447 2.809841
-8.284444 2.944037
-1.802701 -0.877223
-1.477064 -1.234925
-2.216662 0.544808
-3.177363 -0.258960
-1.972815 2.093107
-1.117118 4.804847
-1.562146 4.804962
-2.218011 6.440961
-4.902552 6.355442
-3.716935 9.345056
-3.989850 7.252363
-4.581411 7.437998
-5.541953 7.046710
-3.397036 6.993936
-5.782746 6.896303
-5.527449 6.739432
-4.875577 6.381223
-2.953238 6.645329
-3.256139 8.231925
-4.807186 6.478837
-2.435439 3.973930
-2.236496 2.609253
-1.979272 5.570858
-1.760821 5.553658
-2.601686 6.545761
-3.871233 6.445683
-5.254601 0.602302
-4.938619 -1.289287
-5.654393 -0.454319
-7.898941 0.655104
-10.226910 2.549981
-16.207237 7.480736
-13.946605 9.021079
-13.377892 8.524975
-14.516325 9.328204
-10.926345 9.959323
-12.257258 8.664496
-7.155667 8.654778
-4.853867 7.551746
-4.936455 6.425118
-7.371988 6.335639
-7.082000 7.637395
-4.605877 6.626185
-5.927886 7.093435
-7.624890 8.489216
-9.214432 9.227765
-12.955154 9.069619
-13.233747 9.552531
-8.262016 1.694641
-11.231203 2.860604
-8.481979 3.270869
-8.858592 -0.424679
-10.720747 0.635362
-11.496002 0.551845
-13.936757 5.303029
-13.012753 5.782924
-14.831223 1.645817
-9.388206 1.493516
-10.184469 2.124629
-9.153359 -0.392536
-10.020031 -3.910928
-12.114314 -14.689749
