4.228601 3.414330
7.033388 1.819829
7.134238 1.810311
7.530165 3.916555
10.762053 3.425206
9.074814 4.493005
7.363514 8.378493
12.122414 6.207588
9.014614 4.825994
14.970248 3.916333
15.204371 -0.720706
14.294830 -4.192581
11.975285 -2.310978
6.322099 -9.911169
6.313225 -8.241477
6.064865 -6.644489
6.126412 -12.504562
7.357582 -9.485812
7.440938 -9.891119
8.569707 -9.686543
8.443709 -7.914903
3.820475 -7.753856
4.510998 -10.196060
4.267708 -5.482646
5.163317 -4.553406
4.199938 -5.143702
3.043011 -5.587755
5.443254 -4.434936
5.214695 -2.028513
6.213032 -2.766260
8.811810 0.098961
8.685936 3.269625
8.644550 3.587185
7.523932 0.956727
7.995777 -1.506346
8.476463 -1.611881
7.148922 0.141243
6.040651 -1.068171
5.920193 -1.085454
8.483124 2.376392
7.798693 2.035538
7.080449 0.840333
7.516908 -0.630841
6.986707 1.580885
9.037958 3.293822
8.706329 4.324304
11.050713 5.983936
10.241859 3.615958
10.497575 4.340760
12.252405 8.511649
11.266735 3.646295
13.119067 4.475679
14.564819 3.729561
15.329302 0.311188
15.891413 1.511387
14.825576 0.565254
14.074707 5.693014
10.938797 4.233460
10.411293 3.549381
12.877338 5.202681
9.066177 3.478620
11.386347 4.679369
10.032746 6.025187
5.277061 4.038985
4.846213 3.116485
5.811110 0.678623
6.744502 1.126490
8.773441 4.898398
8.492206 1.368978
6.164089 3.317466
11.744915 6.537012
16.010509 1.292248
18.250278 -5.253100
15.342104 2.082940
15.684120 0.531728
14.982915 2.024692
16.149340 2.041083
19.229568 1.008077
