-14.332402 -2.379373
-11.110472 -0.865925
7.527529 1.019685
9.017649 -0.188521
6.635194 0.041453
6.583138 -0.896443
5.865108 -1.310920
8.552172 -0.893794
8.752386 -1.523877
7.191628 -1.259083
5.947674 -0.029669
6.199951 -2.342358
5.593836 -5.206354
6.314519 -8.820102
5.354321 -8.161770
7.648682 -9.274510
8.990607 -10.353670
8.875668 -9.509896
7.647673 -8.166123
8.863227 -11.004621
8.955012 -11.831954
7.188890 -10.286887
3.556573 -5.761589
4.442949 -9.261545
8.939857 -9.466584
9.368970 -9.354058
6.285992 -9.873357
7.548270 -8.480748
7.466799 -9.273147
13.009899 -6.159746
12.086569 -6.417227
12.999022 -5.392087
11.694560 -6.470094
14.291606 -6.364480
11.718546 -6.753199
5.914662 -9.427399
7.578462 -8.758499
5.046075 -8.155648
5.770335 -5.851700
5.375531 -7.730773
7.291780 -9.680385
5.072595 -7.617232
4.264100 -9.120113
5.320521 -6.275287
4.036338 -7.568580
9.165268 -8.476771
8.416790 -8.639376
7.647249 -8.711381
9.127925 -10.555221
7.381748 -9.125768
6.922812 -9.616055
8.346498 -8.495647
6.395413 -8.773580
2.310795 -8.072184
4.097597 -7.080474
5.995719 -6.254118
5.853042 -8.778863
8.084860 -9.832567
4.323227 -8.929168
6.020083 -5.911061
4.450103 -9.202504
8.148180 -11.751369
6.935544 -12.871305
11.879805 -12.854986
14.021070 -14.508642
11.843578 -14.833800
6.287026 -13.338317
7.519867 -9.682811
4.993466 -13.247004
6.017270 -10.060676
8.462784 -14.694364
15.462524 -13.616359
15.597077 -9.576172
14.486121 -10.370932
14.363312 -5.289292
15.078333 -5.771229
12.137506 -6.904604
13.193634 -1.597733
13.939350 -2.692230
13.570560 -2.643199
8.013557 0.865522
8.402544 0.744370
7.528666 0.854122
7.222474 0.973547
10.367645 3.671565
14.657925 4.056081
12.807354 3.796932
9.001780 3.792542
10.390392 3.609274
8.777235 3.477399
8.383862 1.844050
6.498293 1.115538
7.829467 3.938665
7.445773 2.356553
8.045784 2.960984
11.271065 4.518632
13.513101 3.436239
13.612428 5.487154
14.770969 1.273525
18.762346 -0.825611
13.464495 -3.625911
13.498230 -2.200080
11.705133 -3.220009
13.697572 -3.546333
