-5.017072 -17.340775
-0.598179 -13.704148
2.003291 -9.127483
7.044489 -12.884625
8.864882 -9.589892
7.614739 -9.451689
9.142299 -9.036025
7.857397 -8.968622
4.498418 -14.044347
7.569983 -13.504285
11.272883 -14.211040
11.169867 -13.116355
10.296481 -13.570018
12.060571 -13.910308
8.959057 -12.821730
9.479679 -15.409215
8.054164 -10.009744
7.096584 -8.213382
4.489098 -11.803774
11.394333 -13.734210
14.599302 -15.046943
11.843838 -19.973543
7.577953 -11.295515
8.756429 -8.135695
8.728664 -10.351424
8.892046 -7.920848
7.415090 -7.839258
4.525882 -8.678120
4.513830 -6.168469
4.079226 -8.096349
4.155217 -5.814058
5.386679 -7.861081
8.061683 -14.576797
13.615896 -13.018925
9.191478 -15.408470
9.768803 -14.196018
10.393907 -13.043565
17.392210 -13.759593
17.580050 -8.537971
17.059135 -8.322857
19.044971 -8.116094
15.448172 -11.409194
15.971891 -15.997157
8.969588 -12.751959
8.498428 -11.394021
7.668087 -8.624795
4.096758 -7.885681
6.342520 -9.952434
8.428093 -16.198849
11.757720 -13.743198
10.994228 -14.766870
7.256359 -13.882562
8.746450 -9.510045
6.220590 -10.344340
6.552442 -9.373335
5.212517 -5.798409
5.840879 -3.504225
8.794091 -0.610476
9.639974 5.760563
10.980543 5.653653
12.200756 -3.307705
11.441355 -4.383281
6.762535 -8.961022
5.514783 -9.074512
7.960709 -0.631642
7.717984 0.265991
7.622387 0.640945
8.881519 -1.018717
8.844265 1.579326
7.100289 -0.581098
5.244481 -1.565639
7.051886 -1.360999
7.224717 -1.626006
4.018899 -0.943407
5.451378 -1.677185
6.003214 -2.920458
5.365217 -2.311120
7.059542 -0.591618
8.000339 -0.612694
5.948832 -1.510043
8.987813 -1.293345
8.454468 -1.010732
6.788972 -1.365652
5.871664 -2.056159
5.412451 -3.211909
5.861279 -6.884598
4.952484 -2.173153
7.387093 -1.473527
12.386093 -4.888581
11.570545 -4.025615
9.956364 4.115811
9.125686 3.480595
8.931421 2.143294
8.072627 1.316160
6.787801 -0.787941
7.731139 -1.121296
12.765611 -4.590672
12.781960 -4.821700
12.777842 -3.249222
11.693923 -1.769829
13.387390 -6.863108
13.397373 -5.204468
13.221317 -7.018160
17.468475 -16.953552
13.399106 -15.554816
13.242390 -13.087497
13.149860 -17.134758
9.523942 -14.415928
9.056605 -14.462211
8.976774 -9.347242
8.031171 -8.265214
8.791316 -8.769920
8.406387 -9.764779
7.496664 -9.051828
7.889265 -8.744873
3.470700 -8.427535
2.247009 -8.748087
7.217415 -10.168003
5.834413 -6.457172
7.838286 -1.054239
7.488177 -1.467793
13.777948 -6.418327
7.643828 -8.730873
7.138347 -10.730525
8.753681 -9.585547
7.577044 -9.586902
6.888663 -10.488597
5.569469 -5.881370
5.956384 -3.255448
6.121809 -4.192182
4.985032 -7.278220
3.689345 -9.367227
7.754900 -8.205135
9.164220 -12.118184
9.263467 -9.077931
8.520617 -8.331434
7.053525 -7.832922
9.193985 -10.163516
3.621669 -7.796981
5.864910 -6.435697
6.194954 -8.318231
8.957301 -9.271310
8.743380 -8.930295
8.185566 -8.589957
7.827380 -8.155856
5.346405 -5.436253
4.236299 -4.775423
2.997220 -6.676205
3.825706 -7.977197
3.204460 -6.452955
4.998143 -1.768112
8.227797 -9.163312
8.260999 -9.870957
6.372451 -13.443543
17.729774 -14.057707
16.139065 -11.714757
14.736697 -8.310704
8.176950 -7.952917
7.099767 -7.841096
6.911521 -8.329082
8.548858 -7.845330
12.990601 -6.368794
11.829285 -2.900587
14.150373 -7.400001
5.788462 -7.359674
6.086180 -8.244186
2.504526 -10.738598
8.490510 -10.499366
8.379156 -8.349689
12.677422 -7.238820
12.648169 -3.241511
11.611319 -5.150568
12.309120 -7.225692
3.531632 -8.916039
3.536957 -8.244784
5.618184 -5.270290
5.771134 -5.093340
5.917087 -5.238936
11.687862 -6.522539
11.595472 -7.101825
11.341908 -7.042816
8.862715 0.853409
8.157902 -0.838881
6.708732 -0.009358
7.905453 -0.842818
8.188114 -1.111210
6.269540 -1.414004
7.078022 -0.239369
5.471948 0.629793
9.466738 -7.819144
5.782236 -5.132780
4.669723 -0.871430
8.174534 -8.333275
4.848168 -8.829011
4.892187 -5.013488
5.783928 -4.519131
5.302686 -6.849896
5.901630 -11.150428
8.934464 -7.933222
5.839202 -9.051156
5.778815 -9.470174
8.776560 -10.168277
6.529003 -10.966014
9.595254 -15.732862
11.117109 -13.194499
14.212481 -13.489921
15.394469 -11.018616
15.044985 -5.866556
7.414818 -8.945680
5.955380 -6.277816
4.874961 -6.265087
8.286996 -10.841117
8.282284 -11.673851
5.161764 -9.606468
8.188722 -10.147813
8.862259 -9.222558
8.442959 -11.227305
4.344941 -7.967509
3.165711 -5.581821
4.289097 -4.002881
5.265130 -7.091968
15.110765 -13.167696
11.631330 -13.337555
9.897112 -13.186435
13.014470 -12.967084
8.745778 -11.095299
9.324987 -10.304332
7.357152 -8.829975
8.730433 -8.205216
8.397532 -9.166062
6.491553 -10.263261
7.687154 -8.978885
8.922685 -9.181088
15.231882 -5.607524
13.524259 -6.616888
15.056047 -1.831510
17.601749 -11.862265
16.388275 -11.761598
19.769592 -10.214493
15.974813 -12.569071
11.767014 -13.839009
4.269979 -11.564431
6.877408 -10.008910
6.536518 -8.097296
5.797613 -8.474116
5.507598 -9.962758
5.005390 -12.273261
6.107587 -10.211677
4.972695 -10.591050
7.047271 -10.947112
4.404371 -8.522027
5.453043 -10.867715
5.993290 -9.103572
6.100741 -8.707836
5.525996 -6.683292
5.968006 -6.371044
5.741155 -10.836484
7.070562 -10.593450
7.134955 -9.512609
7.137685 -8.106248
7.217188 -9.315363
7.946359 -9.001510
4.268555 -6.985984
5.108974 -7.116629
5.272587 -3.817204
5.778505 -4.336478
6.212311 -2.444252
4.849631 -0.174792
8.300674 0.468446
8.188862 -0.613127
7.414854 0.418941
7.954124 -1.170999
6.559305 -0.259035
4.576724 -2.997736
5.216740 -5.071436
5.251303 -2.772662
5.040690 -3.058928
3.797460 -1.897210
6.611163 -0.645695
4.179840 -1.574519
8.589991 -1.462907
14.175798 1.666869
14.759048 3.232740
11.542857 -3.615698
12.188402 -2.755210
3.629485 -10.957392
7.656015 -13.584099
8.641051 -11.942019
9.067517 -8.380604
7.470372 -9.944232
5.687726 -8.968945
4.380694 -4.642303
2.993392 -6.407958
1.597918 -7.747310
2.498230 -8.115712
5.722620 -7.761461
4.980975 -4.671266
2.628068 -7.563001
2.056657 -5.657395
5.275338 -3.531777
3.317679 -5.600420
4.103608 -6.162407
2.619526 -7.847207
7.319807 -7.979003
8.210391 -9.375340
8.632497 -8.243709
6.564875 -8.332309
6.928144 -10.525466
11.068552 -14.882559
3.992111 -7.667695
5.840604 -4.524276
5.748465 -2.410169
8.613749 2.768015
7.102657 3.079474
8.981853 3.256821
6.272656 1.610402
7.405817 1.055164
8.614283 1.059617
9.532800 5.199835
9.883217 6.027833
11.271423 3.439401
9.345073 3.727376
7.818197 2.812254
8.927025 2.857491
8.483837 2.091792
8.095078 1.465838
7.668093 -0.423592
6.427734 -1.332238
8.453476 -0.239738
7.833657 -0.440043
7.482294 3.298048
11.060412 4.468300
10.475622 3.773677
8.598644 4.840161
8.944522 1.959769
7.735404 2.376101
8.945606 2.406176
6.629609 3.035079
14.114298 6.022336
13.128712 6.027463
11.174404 5.283673
5.173407 5.112570
7.381460 1.193896
7.926802 1.144372
7.646282 -0.512382
9.024590 2.131009
8.428679 -0.443470
8.385739 1.686590
8.621199 -1.106072
8.301910 1.575687
6.050304 -1.464603
6.198344 -2.468680
3.904771 -0.544381
7.739635 0.048496
7.912107 -1.190137
6.564398 -1.352072
5.675445 -0.723798
6.439031 1.744448
10.018722 -1.617763
6.121725 -5.096743
7.633448 -1.580646
8.933716 0.437272
7.869728 1.011337
5.363972 -5.285783
5.149834 -6.495999
4.087588 -5.810047
5.046166 -5.780281
5.090128 -2.679873
6.213111 -0.203012
5.738675 -0.117167
8.429703 0.471065
7.234791 -1.509857
7.644099 -0.916434
6.641584 -0.421556
4.914051 -7.348736
5.232307 -7.367562
5.470258 -9.053951
9.346497 -8.505591
6.013332 -10.203660
3.896203 -9.190871
8.978495 -8.936098
8.671454 -9.688803
8.647520 -10.699828
8.818037 -8.349635
6.588777 -7.852253
5.919706 -8.765557
6.726964 -8.558921
8.619030 -9.066630
6.177876 -10.908906
8.930908 -11.015986
6.037063 -7.752407
5.814284 -6.390112
5.466949 -5.273251
6.097502 -4.381018
3.832585 -0.929502
6.450899 -1.240848
8.689198 0.094305
8.542359 1.057590
7.779429 0.699858
8.145605 4.299166
7.998607 -0.480118
6.911755 0.112554
4.484016 -4.366692
5.139719 -4.541507
4.792491 -2.466565
4.795347 -8.166741
5.311701 -9.217003
8.729055 -8.338369
6.355868 -13.178125
9.025737 -12.551478
9.139297 -8.250833
8.581000 -10.401744
5.498498 -7.462496
5.938852 -7.271524
4.387425 -5.473694
5.967893 -4.967971
3.320129 -7.785819
5.026936 -8.591945
9.052372 -10.402650
5.729338 -9.556994
3.521900 -8.260968
6.746760 -8.000326
6.109706 -9.889388
5.923931 -5.666514
11.533476 -4.746514
12.030449 -2.268885
13.081137 -6.813786
15.989672 -6.976878
14.346270 -6.448695
