19.361412 -9.955615
15.175798 -8.237093
17.147150 -6.695178
16.442509 -5.844410
14.245062 -5.929625
16.064911 -5.905941
12.175488 -4.237520
5.845049 -6.615316
4.847126 -7.395685
5.550264 -3.725415
5.991895 -5.966389
5.648231 -4.799640
5.812902 -3.486685
4.264919 -0.035316
7.629488 1.104390
5.895310 -0.413801
2.845056 -1.812910
8.468885 -1.096024
6.929896 0.025819
8.648676 1.517561
5.426084 -0.589374
7.834713 -1.635890
6.282666 -0.364142
6.237712 1.781213
6.210988 0.394798
8.044551 2.776277
10.247122 3.802976
12.143986 4.581677
9.943624 4.644321
8.557380 3.927556
7.736074 2.785124
8.076642 0.829712
6.267156 1.115425
8.902425 -1.014033
8.378271 -0.522040
5.421008 0.404207
7.836569 -0.954014
6.493290 0.286331
8.779833 0.239272
6.764280 0.784513
7.141675 -1.539239
10.358922 -1.610618
7.910350 -1.144673
6.522372 -1.201463
5.534050 -1.213775
4.863018 -4.895872
5.231640 -8.194603
7.075282 -9.803361
8.985350 -9.646281
8.292007 -10.077174
6.420790 -9.336472
4.619943 -8.654998
5.656050 -8.199050
7.446774 -9.124303
8.285153 -8.676343
6.359285 -8.609681
7.376379 -7.980889
5.458981 -9.248462
5.867763 -3.687919
5.941172 0.196419
9.000714 0.453634
8.919245 0.234118
8.673992 0.599441
8.150932 0.310740
9.302547 4.693569
12.918941 4.243333
11.327810 6.524327
10.747112 5.070367
11.034376 6.344603
10.438604 5.755493
7.903032 5.184683
8.536116 2.356238
7.325664 0.086712
6.765944 -0.666277
6.351783 -1.410853
7.306193 -1.635239
8.116931 0.381062
7.991046 -0.951475
5.808918 -0.168573
5.789165 -2.443478
4.913226 -7.516243
9.135403 -9.183206
8.796503 -8.303437
8.227137 -8.267831
5.147262 -9.023311
7.694917 -9.024692
7.306649 -8.728915
8.736217 -10.803412
5.165722 -8.356627
5.458577 -4.896315
5.832207 -8.564875
6.468035 -9.149917
5.516428 -9.751150
5.214205 -9.407885
5.350383 -4.253154
6.387513 -1.967412
6.243301 -1.199951
7.305814 -0.860624
7.969738 1.406732
8.193937 1.111408
9.082397 0.788015
7.712250 -0.647921
4.401958 -0.543570
5.298496 -3.721888
7.652001 1.225026
7.946204 -0.741416
6.532434 -0.868627
6.385110 -1.971358
3.804444 -5.511288
5.250776 -8.753451
8.161963 -8.822459
9.049647 -10.171910
8.592878 -9.506585
3.691397 -7.922492
8.961882 -9.446588
8.224441 -11.736126
4.716607 -7.632815
7.937128 -8.566352
6.751269 -9.936248
6.296297 -10.693312
8.567611 -8.138650
9.091451 -9.633115
6.806611 -8.499965
4.326619 -7.462427
2.445455 -6.279935
1.545690 -7.324252
