9.527444 10.741125
10.184944 6.630311
11.392689 5.535182
10.391668 3.583237
8.367657 3.727602
8.426226 -1.481434
9.013042 -0.853035
8.769290 -0.298585
7.613518 -1.383384
4.841605 -6.488929
5.047528 -4.095534
4.599108 -3.754788
4.725141 -5.566622
4.517693 -7.162440
5.733207 -6.584338
3.662199 -9.162812
7.072957 -7.953982
2.767204 -7.872054
4.531295 -7.231872
6.714610 -8.989198
9.160022 -8.236182
7.076066 -9.303498
7.272955 -9.873640
6.428340 -9.574409
7.097515 -10.378968
8.308014 -8.126825
6.385642 -9.439597
6.839684 -9.695692
4.817846 -9.374873
12.418661 -7.599627
11.653382 -4.151603
11.450141 -7.070835
12.522442 -5.129309
12.034085 -5.639238
9.116776 -8.621786
7.449391 -7.917066
5.785014 -7.684140
5.972846 -8.330361
15.275444 -9.055381
11.934371 -7.121638
12.127993 -3.131662
11.642375 -4.361049
15.948041 -7.943594
15.748683 -11.901482
8.205275 -8.916251
2.667736 -7.051006
2.950341 -5.536430
7.606007 -9.035838
7.813647 -13.937817
5.777470 -15.587193
3.137444 -17.891186
8.125700 -8.383252
5.717123 -10.180373
4.954517 -8.521442
4.427063 -9.060311
6.070364 -8.471608
8.755114 -8.454365
5.382835 -8.086924
8.197539 -9.890985
9.291225 -9.943693
8.351801 -10.256198
12.139236 -4.828537
7.342303 -8.697240
9.276525 -9.552987
8.358910 -8.659883
6.073392 -3.993710
6.180220 -1.961078
7.394169 -1.436010
8.768512 0.109800
6.430042 -1.209551
7.227478 -0.933086
6.038392 0.511485
5.776268 -5.637906
6.103743 -7.883904
8.705264 -9.255361
9.355315 -12.634854
6.024211 -8.041369
9.215626 -9.355330
9.012279 -1.442000
8.234832 1.190571
8.316679 0.232846
12.802996 -1.640148
13.490450 -7.684953
7.632159 -9.498751
7.096520 -8.463378
8.074988 -8.752075
3.110141 -6.975905
7.985567 -8.839025
6.781247 -8.657481
6.095582 -7.777815
5.867517 -9.226766
8.888793 -9.601701
8.366384 -8.389935
6.707600 -8.719407
9.134724 -8.879906
8.985863 -12.976976
5.024745 -9.447390
4.956320 -7.334080
4.696825 -7.738581
8.676991 -8.191344
9.373825 -8.545037
5.105992 -9.044240
4.880341 -7.725400
4.039456 -6.394795
3.026167 -3.389737
5.322806 -7.561738
5.720496 -5.058451
6.070762 -3.975052
6.926309 0.612144
9.007443 2.685705
9.104664 0.604656
11.451675 -3.720308
13.959547 -3.729244
11.555999 -7.570215
11.845715 -7.621736
12.299849 -6.128577
12.581182 -14.023742
8.086841 -11.687942
9.232515 -9.016631
5.434385 -5.932474
4.934618 -6.315296
4.930209 -6.675052
5.002460 -2.537698
5.537776 -0.977072
6.333389 -1.304057
8.557062 0.195216
8.020105 -1.150574
5.946756 -1.024930
6.395225 -2.567496
5.010200 -3.975927
5.742112 -2.013602
5.313144 -1.509934
4.975432 -2.755937
4.021675 -3.361239
5.796758 -2.081668
4.660375 -3.507280
4.853796 -6.264217
6.696282 -8.915175
8.040491 -8.000363
7.724542 -9.596458
7.214995 -8.421107
5.400558 -9.534253
5.390149 -8.029433
3.911693 -6.356728
5.442820 -9.048522
8.682382 -8.632678
7.722294 -9.159904
13.933802 -13.934885
7.003850 -9.881700
8.577024 -13.499422
12.352544 -13.655278
12.690270 -6.176603
13.401739 -6.387580
17.865107 -9.944343
13.262918 -14.567056
12.955406 -16.028353
9.438536 -13.683204
9.273019 -11.614058
3.854080 -10.629773
5.300012 -6.506036
6.125517 -6.151958
5.698265 -6.529649
5.353857 -6.546434
4.228508 -7.735023
7.063484 -9.225944
7.071356 -8.962733
7.271820 -10.826858
10.411310 -14.578252
15.893598 -12.383317
15.902294 -12.690843
12.647032 -13.001534
12.234074 -16.432858
17.447824 -15.524137
15.923229 -15.400747
14.509459 -15.447846
8.361918 -14.937454
8.594100 -11.537429
8.467851 -15.068310
8.741700 -8.934381
6.830886 -11.006948
8.543119 -7.882310
8.707486 -9.231150
9.009786 -9.794627
7.613790 -8.658154
4.152336 -11.552165
6.171083 -10.678626
8.505655 -8.117176
2.107049 -9.219754
10.562572 -16.215616
11.874407 -3.815305
12.357056 -2.136333
15.806013 -4.249553
14.871506 -7.782606
11.365203 -6.650052
14.918579 -15.483351
5.750174 -11.540748
4.827036 -10.704537
7.969447 -10.171615
7.815757 -11.293012
9.369871 -9.942822
9.035949 -9.421880
6.140653 -8.260492
5.607894 -6.250570
5.736902 -8.157829
8.599362 -12.264608
8.342254 -11.678628
9.017564 -10.744224
8.294061 -9.152776
6.029427 -10.357439
5.466886 -10.914124
7.098126 -9.572865
5.506290 -7.159334
5.332210 -6.581929
4.802735 -1.296881
6.486805 -1.096700
3.452767 -5.717532
14.739283 -10.545872
18.855848 -12.962427
10.509180 -14.313791
12.416685 -14.041489
12.362995 -13.980158
14.071831 -12.916299
11.179482 -14.951404
9.015109 -13.706803
7.251037 -9.996108
6.777396 -8.195487
8.416742 -10.240516
8.784118 -10.450992
5.641578 -10.332968
7.148158 -9.389363
4.595745 -9.319855
5.716061 -8.450984
12.251232 -6.688520
11.437059 -7.675148
16.417603 -4.983988
16.092968 -9.065345
3.977081 -8.368672
8.736157 -11.713350
11.811714 -14.291848
17.980343 -17.834055
16.556532 -6.126786
12.637054 -14.750220
13.307548 -14.850209
8.661139 -8.468406
7.495058 -8.398577
8.538020 -8.701406
8.508577 -10.550143
7.362842 -8.004376
7.285095 -10.310332
6.347549 -8.637174
3.338013 -6.779597
6.041096 -5.097939
4.706607 -4.455318
4.947183 -1.577747
7.453689 -1.579352
8.165773 -0.607797
7.630059 -0.928024
7.859269 -0.874360
7.090220 0.288232
6.062177 -2.630388
4.861282 -3.271541
5.135951 -2.392259
5.502332 -1.467903
8.964848 -1.607099
8.912477 -0.152056
7.906476 0.005862
5.924515 -2.155667
4.941473 -1.729169
6.138895 -1.020446
7.747789 0.371507
7.862035 -1.161567
8.078191 2.673839
8.862973 3.145379
9.158561 6.241404
11.277336 4.757201
8.250137 3.609676
7.794358 -1.383127
7.467222 -1.388834
7.468574 0.372048
6.967635 -0.498880
5.353848 -5.372331
4.351996 -5.606308
11.896423 -4.769896
9.865993 3.866194
7.238844 3.228305
6.500896 1.081074
8.456566 1.131347
8.753839 0.228247
7.026296 2.061348
6.348981 0.950392
7.415877 -0.625753
6.087263 0.433775
10.080993 4.839390
6.633122 1.494372
8.828323 1.595451
7.842838 -0.069665
6.462636 0.833620
5.787638 0.134325
7.697522 2.029613
8.113062 3.824327
14.923197 2.948959
15.907071 1.123301
15.979614 -0.832335
16.728497 5.281094
12.032524 7.491655
11.760151 7.595528
6.314984 3.835812
11.584529 -1.856676
11.460550 -1.847190
12.997296 -3.321998
12.399039 -3.470691
9.094374 0.418289
7.572142 1.981443
7.790031 0.645925
7.174004 2.060251
5.076308 2.862397
9.028399 -0.038741
8.795052 -1.088292
5.030581 -1.501268
6.949181 -0.365383
8.547523 -0.234576
7.544325 -0.929139
5.750732 -1.743615
4.658674 -4.251666
2.903091 -4.326714
5.673722 -4.643244
4.563182 -8.097109
5.880085 -6.936905
4.706215 -7.652748
9.316440 -9.375220
4.520916 -8.658246
3.779434 -4.578643
3.794480 -2.822243
5.172219 -2.371526
7.109699 -0.816297
8.098884 -1.399979
7.714820 -0.492673
8.172971 2.576899
7.936913 0.644750
7.225085 -1.268054
8.410014 -0.291834
6.027509 0.138135
5.649488 1.478650
4.395384 -3.987257
5.334251 -4.093946
4.201443 -3.293846
6.249035 -2.258017
6.369609 0.410233
8.765945 3.070669
6.390698 1.692273
6.617244 0.429143
6.133183 -1.914460
4.389745 -8.865243
5.482740 -8.811118
7.405467 -7.974212
9.204504 -8.712193
7.345794 -9.908842
7.570219 -8.674255
6.590617 -8.500146
2.773460 -7.548446
3.936931 -6.271513
5.406163 -8.796607
6.259051 -9.608171
4.747720 -9.352592
5.389593 -5.659583
7.433586 -9.603940
5.013201 -17.900394
6.508896 -13.658284
11.492299 -5.787263
13.970479 -5.709620
13.768344 -6.086883
15.580597 -4.536280
12.662880 -4.042783
13.065236 -5.596426
12.777156 -4.668863
11.481047 -4.269860
8.371827 0.511714
8.507770 -0.665446
13.112577 5.529117
10.473588 5.092233
9.069843 3.893295
8.773161 2.387106
6.838719 -0.355167
5.193604 -2.041240
7.545484 0.306018
8.940310 4.263479
11.264374 6.665797
9.806296 4.674526
6.915798 -0.563250
6.051155 -1.959152
4.938233 -4.857010
5.531693 -3.719470
3.583652 -6.113600
5.235707 -8.401653
8.855973 -8.613703
4.124713 -7.600671
3.747517 -4.201103
4.914916 -4.608724
6.019133 -4.257204
4.466717 -6.266188
5.742858 -4.389174
6.128724 -5.140292
5.751711 -4.232776
5.572585 -7.967147
7.782468 -8.813491
7.407571 -7.977731
7.115952 -9.806853
6.097443 -7.779291
5.067616 -8.349529
6.041339 -6.461069
5.323738 -8.043589
6.744056 -8.499322
4.385643 -6.967083
7.392565 -9.229440
8.626518 -11.908021
6.866558 -10.258466
6.531210 -10.141068
6.789635 -8.024697
4.201486 -14.826292
10.887662 -16.180494
12.860786 -13.111831
9.052146 -14.470006
15.080062 -16.344313
15.001724 -11.634658
18.122038 -14.288013
