19.054295 -10.078434
17.724882 -13.297034
11.633957 -13.604690
6.243304 -12.415641
8.818237 -12.328618
6.608450 -11.143173
9.252584 -9.105989
6.088306 -10.146092
8.767839 -10.627349
8.288171 -11.737578
8.489084 -13.490153
10.150096 -12.875646
11.670180 -12.883786
9.167110 -13.603351
8.090798 -8.652852
8.515703 -10.269301
7.602789 -11.238815
8.497360 -15.919753
7.317706 -11.101033
7.729630 -10.121468
5.657235 -11.358313
2.773917 -9.698849
6.583970 -1.335321
6.070694 -1.256013
3.138719 -2.150535
4.627216 -2.157858
5.572507 -2.869685
5.630467 -5.690908
2.479788 -3.160872
5.929786 -7.087504
7.128665 -11.314121
9.298506 -8.788157
9.276469 -9.976027
8.790718 -9.232128
8.584240 -11.891866
10.714740 -15.625744
13.712411 -15.106296
8.606299 -12.437144
8.975298 -13.235209
8.602860 -9.780565
9.345883 -8.284265
8.524263 -7.829929
6.410937 -1.331658
6.005881 -4.892231
4.189646 -4.784915
6.666426 -0.759256
8.749832 0.629869
8.932409 0.145621
11.484557 -6.800781
7.991165 -9.824295
8.069816 -9.199035
6.534581 -14.867158
12.049438 -6.175397
14.626162 -8.316460
7.988468 -9.926273
6.355392 -8.847947
11.880740 -6.322902
13.743851 -5.076135
16.230350 -11.214571
19.724045 -9.896684
15.061458 -10.028388
13.581133 -5.131480
15.524869 -10.811638
15.538857 -7.958776
12.902547 -6.783845
13.104485 -6.890121
11.508238 -7.553466
5.479576 -5.848786
4.614080 -5.962116
6.026204 -5.955526
6.025188 -6.430049
5.816975 -9.077458
7.464673 -9.257284
8.819674 -8.556520
7.223821 -12.513137
5.501792 -10.701822
6.110528 -6.004891
6.105819 -3.261743
5.574075 -2.577396
5.179459 -3.312605
5.789018 -2.386208
7.152942 -0.466969
7.266736 -1.372056
8.649919 -1.080463
6.394611 -1.267551
5.431238 -3.512821
5.301433 -3.593086
4.922426 -3.812070
4.133502 -5.132902
7.037246 -9.769822
7.613492 -8.726452
8.506535 -10.188527
8.543980 -8.622975
4.736756 -8.307223
8.400962 -10.053741
7.036824 -8.706733
8.299054 -8.645184
7.625803 -8.752147
4.393736 -11.470902
8.263648 -12.631429
7.970216 -10.104121
8.013120 -8.937494
4.549754 -8.827748
9.131317 -10.252159
8.483038 -8.616824
6.021876 -8.007932
5.589069 -5.386693
5.985487 -7.975250
5.570380 -6.357078
5.810637 -7.743772
6.162080 -8.105477
5.752587 -8.915763
7.033529 -8.826608
4.204968 -10.180951
5.500624 -5.642048
4.781917 -1.925430
3.312673 -2.416556
1.942163 -1.043947
