5.389347 -14.922754
7.097647 -11.169141
8.651160 -10.907411
8.585917 -11.645503
7.331654 -11.190452
6.592848 -9.632525
8.975191 -8.262601
8.467140 -8.408053
3.209411 -13.338946
5.549288 -5.805758
5.441652 -3.688676
3.804101 -2.459868
7.597929 0.515615
8.768105 -0.439954
6.048354 0.232126
6.518650 0.870920
8.769483 -0.341700
6.772213 0.283463
5.763100 -2.976540
5.805228 -6.962330
5.294050 -7.485170
0.377165 -7.736805
3.825536 -4.080989
3.093749 -3.784056
3.538702 -3.309258
5.762721 -2.239677
6.419188 -1.712056
6.356393 1.358676
7.790763 0.458429
8.582363 0.802732
6.906330 -0.906531
5.986288 -1.759853
6.200079 -2.206628
4.110667 -2.930608
6.142418 -3.790027
6.450461 -7.825937
8.748013 -10.667040
6.277482 -7.945123
8.210131 -9.966788
9.026846 -9.094958
8.439041 -8.628504
8.610745 -8.780173
3.651641 -10.287696
5.742212 -11.650907
6.447686 -8.169629
7.224748 -8.998130
7.104347 -11.423609
5.240933 -10.062436
4.990911 -9.195361
11.482753 -7.139698
6.068263 -7.939126
4.192111 -7.824321
7.319000 -8.218425
6.833481 -10.095742
8.121645 -11.093160
8.070972 -7.956540
8.320009 -8.708387
5.573220 -9.380275
5.365819 -6.644118
4.681337 -6.294126
4.268845 -4.601630
4.144036 -3.801028
3.617727 -7.785602
3.563473 -8.270821
6.023341 -3.054069
5.246372 -2.892775
3.471449 0.660717
7.084932 -1.514504
7.747114 -1.642070
6.183448 -1.538323
5.724752 0.787421
7.816703 0.447241
8.838693 -0.666113
6.141633 -1.164012
5.570892 -1.886987
5.229812 -1.211803
6.084612 -2.538481
11.978859 -5.507551
13.188800 -5.886789
14.028124 -6.153679
13.782688 -5.344520
