13.222543 -3.975348
14.689663 -0.997737
14.548334 -0.107767
14.718035 0.827518
17.633686 -1.043689
12.682841 -2.259828
12.952327 -3.257173
11.995245 -1.650046
11.987038 -3.789668
12.101634 -3.121318
13.828730 -5.323540
11.716959 -2.478794
12.446691 -2.317939
16.049303 -4.087274
12.469810 -3.841743
13.217225 -2.946167
15.387913 -1.145772
13.860737 -6.312801
9.087829 -9.229387
7.854146 -9.066710
8.907119 -0.366452
8.359054 -1.085915
8.534094 2.082788
8.616843 2.611284
7.609149 0.427347
4.745101 -2.245839
7.397743 -0.354814
7.985505 1.684520
10.214478 5.236629
14.374769 6.102346
9.877087 3.755393
13.198064 4.174177
9.852927 5.343297
11.708220 4.659807
12.537786 5.104896
15.630512 3.956198
14.130144 2.364865
14.701662 -3.655392
12.853219 -3.097430
12.399428 -3.422968
14.438557 -3.710576
13.164409 -6.807635
14.640754 0.761171
14.247384 0.418626
14.670515 1.780186
14.305895 -2.550649
11.633921 -7.384983
13.429203 -6.799902
14.382318 -0.571197
15.629597 -0.323178
13.562714 -2.208779
9.007327 2.230734
7.791188 2.941061
14.093035 4.662460
13.414394 4.430971
10.055168 4.653472
17.522514 5.113015
11.814134 5.287286
12.763857 4.577966
6.950893 7.838056
8.601644 0.495894
7.559869 -0.721648
7.385611 0.465643
8.518934 1.423399
5.918807 1.730226
7.992085 1.641540
8.031564 1.653310
8.575840 1.651486
8.543938 0.150327
8.638476 -0.690454
8.576477 -0.328554
8.566031 1.384129
12.870377 -2.701856
11.784014 -5.483712
7.574975 -10.044090
6.825087 -9.846831
1.967682 -10.657000
6.476427 -9.262216
7.288229 -9.001244
6.617322 -8.975898
6.093626 -4.727752
12.246181 -3.005683
12.643444 -2.576132
11.444954 -1.592650
7.578187 0.506775
6.135228 1.002438
5.602589 -1.570405
9.841005 -1.609838
8.905391 -0.840463
7.871856 -0.434828
6.307901 -1.287982
6.020790 -3.990039
4.265812 -6.900753
8.953560 -9.421915
8.954622 -11.699633
8.856171 -8.483109
8.505043 -1.032952
6.816078 -0.636199
2.804879 -1.637642
9.083141 -0.739663
8.444680 -0.131630
9.204403 4.241789
15.332452 5.374990
12.872715 3.946283
9.035554 4.788710
7.603135 1.346592
7.760487 0.759917
8.514523 5.261150
8.683789 4.877760
11.288994 4.329000
10.660845 4.299692
10.835013 3.996157
12.465007 3.463416
11.116297 5.880589
11.788412 5.369178
14.692555 3.953134
10.741768 4.353440
11.008482 6.096389
11.968293 3.965995
13.487528 8.893412
15.494636 2.252823
13.689731 4.194981
9.468129 4.914708
8.661743 2.842787
8.653057 0.619552
8.839791 -0.584059
9.022929 1.576378
6.481306 -0.677462
7.838124 -1.561785
8.335974 1.690974
8.069585 0.782366
5.765591 -1.578138
5.979776 -2.344290
5.324565 -1.748868
5.335027 -7.374466
5.962701 -5.447345
6.073496 -6.502831
3.968617 -7.529853
6.398616 -9.590199
6.666770 -8.448335
4.866051 -10.436830
3.957745 -9.124570
4.937276 -1.572642
8.918359 -0.648145
8.088388 -0.398857
8.624706 0.324634
7.903585 -0.256632
8.929209 -0.408515
12.516888 -2.443418
12.740691 -5.965995
14.077072 -5.562713
3.398227 -11.242286
6.131361 -4.469834
12.392447 3.938608
14.491758 6.009823
6.921191 -0.250865
7.947794 -0.163696
7.502237 -1.262329
5.167315 -1.960232
4.762046 -1.954815
4.589711 -6.344628
6.592868 -8.302313
7.684661 -12.213446
8.770806 -9.450610
7.769391 -8.843551
8.593096 -10.167335
5.956483 -9.316884
6.588467 -9.371032
7.393589 -9.256539
12.103868 -13.850183
8.697276 -12.685329
13.640602 -12.862005
11.773451 -5.227510
12.184164 -2.474963
17.828793 -2.849585
10.448737 4.387250
8.495344 4.141698
6.913304 4.972281
7.407588 0.793277
9.998411 4.992416
10.319650 5.476657
10.329073 4.144594
9.559182 4.561067
7.911051 3.388772
8.401142 1.586583
7.543396 -1.394296
6.048396 -2.322497
4.558534 -3.030582
5.467103 -3.997397
6.424552 -1.700928
5.937821 -1.986396
7.953629 0.106864
8.904201 5.071073
10.220530 4.422638
10.294415 4.753704
12.255028 3.769158
14.860913 -0.582294
16.829441 0.468220
7.891832 -1.304004
7.690209 0.408706
7.101532 -0.898487
7.617274 -0.976684
6.361112 -1.723314
7.100147 -1.619558
6.839070 -0.925250
6.125779 -3.736081
5.653583 -6.782344
11.761652 -2.904377
14.223385 3.702320
8.816271 -0.092408
8.371845 1.319803
8.191912 -0.017631
14.591575 2.465660
11.760415 -1.732881
8.757631 1.115370
9.100713 -1.538924
8.447622 0.137679
7.392364 -0.617573
7.474144 -1.035939
3.434203 -6.049393
4.916338 -4.595332
5.761021 -2.863602
5.979485 -3.202160
4.734547 -7.798826
7.197546 -10.374627
8.670607 -11.195651
8.738146 -8.543845
4.224081 -9.028327
4.288215 -4.835014
4.670887 -3.561197
6.558559 -1.173747
9.201570 -1.623938
6.151611 -0.443013
7.667486 2.341060
6.984610 3.579460
11.176220 3.775258
12.231075 6.906707
10.034028 3.661703
9.348708 4.085852
8.800467 2.566040
8.647963 0.433868
7.503947 -1.456964
6.830064 -0.360584
8.488529 0.945895
8.512345 0.769043
7.207434 0.750356
11.565645 4.498416
11.677212 6.880577
15.603423 2.797952
16.676403 5.991633
14.209820 0.571158
15.223619 -0.161141
8.204193 0.477290
6.387195 1.201978
9.766171 5.684555
9.632435 5.339459
8.236715 1.585147
7.823853 5.793014
7.775290 2.499245
12.349390 4.109243
14.968246 5.474895
8.828018 1.561828
12.161796 -3.149019
12.374061 -3.222451
11.751877 -1.842876
11.623308 -4.606240
11.472460 -6.713005
7.837667 -9.055514
4.823637 -7.614704
10.099363 -13.314054
8.650820 -12.256976
9.033928 -11.051741
5.335214 -9.503194
8.230473 -10.067016
8.643199 -10.333834
9.032096 -9.750946
4.311058 -7.004468
4.217232 -6.914381
6.437164 -8.357365
11.657878 -13.354240
15.273108 -15.674470
11.175665 -7.355452
13.236164 -2.900623
11.497921 -1.720382
15.320515 0.770370
16.751144 1.047119
14.364676 0.103180
11.892425 -3.873264
13.142652 -2.288436
15.066154 -6.281824
11.424885 4.647399
8.758973 2.394622
8.684107 1.322954
4.872691 -1.449759
5.073658 -8.470395
5.212945 -8.275901
5.869557 -7.368911
3.484508 -7.224284
4.829720 -10.100596
5.849846 -5.393912
5.434544 -2.130066
5.306375 -0.595622
5.526424 -2.682955
2.601188 -0.767038
7.943850 -1.346713
8.958736 -0.260901
9.078585 -1.195824
6.979816 0.503025
7.526981 -1.564512
8.264534 -0.526991
6.004202 0.434798
6.620871 4.377367
10.606967 6.571836
12.777891 5.072694
11.579580 4.273668
10.862122 3.827945
11.649307 4.002623
17.150421 3.444145
17.811619 0.063045
18.511303 -3.537602
19.303516 -3.858754
14.323725 -4.482594
15.807231 -6.092494
12.110191 -7.038125
11.840467 -4.449811
6.064006 -0.074332
3.714975 -1.817861
4.715987 -2.725437
4.542195 -3.538369
5.788184 -5.979692
4.816397 -3.921179
4.220623 -1.065101
8.381885 0.780499
7.035051 -0.847532
6.699980 0.274536
8.061888 0.430081
7.950016 2.349217
8.729396 0.571152
8.866529 -0.455787
8.092939 3.078156
10.428703 5.066749
8.463238 3.045155
8.084273 1.464543
5.847699 2.004142
8.754480 -0.818968
8.243857 -0.523714
9.011012 -0.368798
8.390880 4.750056
8.837523 0.459291
7.894300 1.608843
8.921537 2.738713
8.036708 1.748377
8.795776 1.534683
8.589518 5.685538
12.166212 5.678745
13.078440 4.474030
11.785408 5.564070
12.132227 5.200237
10.721120 3.714343
11.226853 3.632383
11.328135 6.090761
12.670163 4.143987
12.988934 4.131881
16.922279 5.909539
14.171195 0.763526
14.208932 0.309895
14.624585 -1.703821
15.636946 -0.893013
13.074862 -2.860034
10.719048 3.823206
14.184997 9.648438
14.399696 7.730314
12.036554 5.969906
13.369654 5.803293
10.512329 3.700538
11.597607 3.493085
14.792967 6.173428
11.097339 3.607256
8.611484 3.984998
7.568290 2.836314
8.605286 -0.181230
6.857932 -0.850730
8.385628 -0.052988
6.933091 -1.099275
8.256542 0.302655
8.760058 1.736009
8.521535 0.658869
7.806801 1.964004
7.513703 2.928624
5.670518 2.374496
9.066443 1.493315
8.552834 -0.369654
8.001431 1.208678
7.192093 0.646916
9.415926 3.550702
8.949440 6.346584
10.423033 3.886004
11.804680 4.028990
12.977176 -2.013590
15.815979 -1.732755
15.216950 -4.090948
15.231425 -4.844545
14.422092 3.931839
13.341450 4.724727
10.681822 5.893032
10.840948 4.428475
9.034051 0.839644
11.786037 4.548863
12.798536 4.515761
8.555669 0.212651
8.995876 1.735315
7.993422 -0.245593
7.323707 -0.624162
5.480363 -2.115464
5.061918 -3.792553
6.259258 -8.269584
7.664868 -9.406230
7.507336 -11.427841
6.050414 -12.777022
14.017669 -14.326222
6.093040 -12.865816
7.713128 -9.234218
8.270619 -13.583869
9.230157 -9.501189
15.965479 -7.423125
17.915096 -7.872022
14.305225 -6.033876
8.758997 -11.055334
8.310726 -9.896619
8.244960 -9.815169
7.894816 -8.590714
4.790420 -8.640680
8.045286 -8.890112
8.448545 -8.272165
3.831785 -8.894180
4.029985 -9.974240
7.919477 -7.937748
3.072823 -6.144771
6.805071 -0.650175
6.437735 1.080229
8.785334 -0.891472
6.985578 -1.588124
6.819822 -0.141921
8.082956 -1.416236
6.156437 -1.768568
4.569500 -6.585609
5.950405 -2.412501
6.452958 -1.521214
5.383058 -1.628607
7.590553 -1.398085
9.064899 -0.169715
4.721347 -3.803634
5.125135 -3.793931
4.809358 -2.587078
5.597034 -5.824885
14.421501 -9.238778
11.772376 -5.794717
11.862058 -6.288555
15.445292 -8.301414
12.299165 -6.002368
13.766646 -3.036674
13.277595 -2.997557
14.282674 -2.092844
14.826082 0.899668
15.185455 4.487411
13.101154 4.083251
10.660208 3.878715
10.602612 3.663331
12.518177 5.261917
11.156778 4.014726
13.328071 8.364040
7.204154 4.751409
8.733608 2.349445
8.498896 1.970497
8.141033 3.184975
7.701412 4.638718
7.150834 0.563047
8.644714 -0.393626
8.950767 0.170377
8.611275 -0.842298
9.011322 0.601475
7.739591 1.769869
10.948997 5.737724
11.089052 5.556005
14.822687 1.159801
11.643389 4.184240
9.556958 3.538660
7.893137 4.224649
7.773930 2.396515
13.141255 -3.029817
13.223645 -2.020884
13.712153 -2.834810
14.568305 -3.108318
12.998674 -5.432683
12.288299 -6.278426
11.481489 -2.372943
5.573629 -3.373966
6.054012 -3.441608
4.148941 -5.094895
4.178291 -6.675262
6.837321 -8.886199
4.561689 -9.894107
5.099877 -7.983620
9.316576 -8.168988
8.615665 -10.252559
7.315362 -8.438085
11.581049 -5.626644
13.700181 -7.694635
11.684176 -12.983188
8.374512 -13.646485
6.096453 -6.547246
7.606187 -8.087234
11.936769 -4.134143
11.556549 -6.724772
11.588394 -1.743201
8.590889 -0.157227
6.772469 0.102301
8.637592 -1.154677
8.401568 -0.589620
9.006250 5.074037
10.365166 5.216037
11.502205 4.751646
12.020276 -2.733085
11.762090 -3.926918
11.789963 -3.817719
15.198757 -2.615058
7.802559 0.250175
6.869773 -0.723011
5.890870 0.867317
4.827321 -0.093328
5.937072 2.445391
8.105423 2.100770
8.785284 3.099181
9.011192 2.176324
11.302271 3.471578
14.638769 -1.235707
14.489610 -2.021341
12.199880 -2.390159
8.951592 1.002885
5.809959 0.604946
7.576155 -1.312851
8.800472 3.021792
9.674894 3.933348
12.356508 4.499704
12.650834 3.434659
11.127204 3.650227
9.979432 3.868249
8.542191 3.239954
8.262046 1.034548
8.582632 1.012068
8.395668 -0.406861
9.040694 2.743401
11.782431 -2.288967
12.399416 -2.395601
14.701052 -4.951192
12.294515 -2.003139
9.100298 -0.508741
8.312786 -0.840375
8.305897 -1.222242
7.183428 2.487953
7.544897 2.210387
8.115436 -0.602709
8.727835 -0.430569
7.993897 2.569892
8.560994 -1.200347
7.739520 0.481502
6.562873 -0.901977
5.903525 0.623932
8.704417 -0.535662
8.868929 1.503858
7.581500 2.105158
8.816556 3.868159
10.735828 4.007610
7.680430 3.097162
6.464925 2.121925
7.994880 -0.522586
6.717386 -1.404888
8.060168 1.085035
5.647404 -0.875412
3.691293 -4.039406
8.104122 0.400404
8.838734 1.229144
8.795292 0.966779
8.127354 -1.171561
7.903565 3.131164
9.084465 0.079228
8.959737 0.907624
8.352806 0.525614
5.761369 -1.700166
8.105912 -0.056601
8.117145 1.289764
7.903406 3.378467
7.465609 -0.324775
4.380683 -1.670127
6.962404 0.404514
8.865713 -0.943313
7.412160 -0.041644
6.928341 -0.798786
9.000996 -0.779448
6.946180 -0.036032
4.912161 0.243914
7.526723 -0.599160
5.269608 -2.584881
2.932595 -5.342472
5.978950 -10.923373
8.356186 -10.296382
9.049436 -9.387603
9.067174 -8.051976
8.161081 -8.429194
8.176721 -8.035428
7.224572 -8.657282
6.285680 -8.240272
8.631425 -8.334278
6.452000 -8.158897
4.540190 -10.241824
6.701662 -8.096407
8.800039 -10.205451
4.406774 -7.150901
5.121318 -3.921753
5.324158 -4.605284
5.508816 -4.680084
4.872302 -6.475805
6.028913 -5.852937
6.265825 -10.375022
7.007697 -8.952366
7.388995 -9.665633
9.233477 -9.390752
8.543046 -7.830548
6.261638 -10.121898
8.103121 -7.982724
12.380564 -4.892985
15.552801 -4.917056
14.058087 -2.463602
13.942776 -2.097801
12.102424 -2.699587
14.876053 3.158992
12.874014 5.397413
12.374343 5.952041
8.633873 5.542215
7.630522 0.325048
8.188821 -1.388296
7.803976 -0.498883
6.812532 -0.995280
7.166202 0.462867
7.004776 2.480636
8.908005 2.881107
11.998597 3.881871
13.968703 6.705343
8.381230 2.947308
4.161929 1.322526
4.833168 0.046968
14.539897 -3.178843
15.934062 -4.022967
12.054096 -2.061921
11.660002 -1.596665
8.974504 1.255378
11.015877 7.376962
13.846104 6.025594
11.839637 5.496228
10.263268 4.357577
8.757631 5.660132
8.409853 2.174571
7.406722 -0.606563
8.106246 -0.373611
6.263478 -0.439870
8.638371 2.212425
9.446578 5.152603
7.166150 -0.586056
8.034164 1.953501
8.256389 2.519564
5.946416 2.513028
6.819658 3.451711
7.447483 5.348881
17.549486 4.844254
15.563089 0.215850
14.470861 1.218602
15.293595 1.119248
14.667860 5.701125
9.105781 3.831322
13.155674 5.373164
11.978057 6.793628
12.200150 6.717690
13.270428 4.760452
11.347813 4.135617
10.488145 5.902429
13.478513 4.437089
11.354104 5.014086
11.673441 3.515312
10.028117 3.967858
11.813132 5.552916
9.557388 3.963366
7.740892 1.851968
5.212771 3.462556
8.026925 1.751792
7.314168 -0.423108
5.134408 -1.349447
7.253780 -0.093801
8.703337 0.839677
6.691702 3.939440
9.387627 3.629818
9.245915 3.645169
7.797298 4.720324
10.915508 4.359230
11.840192 3.842371
10.680965 4.042063
9.895037 3.666500
12.221202 3.843740
13.414480 7.739413
14.546619 0.942687
17.643036 1.584483
13.509425 -2.269898
18.466381 1.026886
14.651729 1.699411
14.228326 5.443705
10.711731 5.324914
9.489658 6.214687
11.681924 8.266467
12.962276 4.689816
13.595003 5.081646
15.098277 3.250869
12.443692 4.247450
15.946264 5.570789
13.567802 5.693652
16.096842 5.025275
12.005375 5.858808
11.021535 4.819190
8.829095 2.288696
8.596352 2.876081
9.455285 4.180999
8.142548 4.134127
7.645797 3.845702
12.197880 5.221321
12.712646 5.491726
7.237790 2.963713
7.815618 2.244937
8.866538 2.869090
9.069853 -0.707757
8.979772 -1.469270
6.919871 -0.338002
8.534238 -0.408657
7.710494 -1.158372
7.786432 3.837759
11.021020 9.068994
12.214283 3.786926
14.790531 4.784581
12.046458 4.719676
15.952563 4.331945
14.440742 1.258914
14.305217 -1.136363
16.656010 -0.888168
14.434794 -0.414761
15.431026 0.218657
14.346181 3.833136
10.272109 5.089508
9.649940 3.830996
10.726360 4.781750
10.557501 4.292892
10.464138 4.266244
12.049599 -1.927880
13.423154 -3.583759
11.445454 -3.202156
12.082462 -2.672484
11.928440 -4.149770
12.412109 -1.766914
12.069144 -1.588473
11.473568 -1.596370
8.473158 -0.373752
8.407854 2.395538
8.844009 -0.589811
8.287613 0.620821
7.712885 0.348065
8.738369 3.672038
8.111052 2.889710
14.155935 6.825705
17.180857 0.539461
15.688762 2.729253
14.966089 1.764055
16.271528 -0.681445
14.327948 2.835073
13.205056 6.319130
10.444277 6.917180
8.818920 2.745510
8.769401 0.376890
7.428431 -0.793836
8.090896 1.117480
7.060615 -0.102021
8.970360 0.593663
6.671904 0.480990
7.905071 -0.604143
8.455000 1.437078
8.107260 0.755423
8.865995 1.583578
8.643623 0.782344
8.441545 3.710254
9.091927 5.673218
9.991389 5.487968
11.251342 3.454841
9.992695 5.227290
6.805056 0.372773
8.664163 -0.613339
7.837542 1.509802
9.429424 4.492160
8.417809 2.162872
8.679080 3.554432
11.714589 4.182801
11.849513 4.161147
11.818233 4.186230
19.199585 5.764596
14.124919 1.526447
16.038357 0.398210
12.326279 -4.992347
14.481384 -5.376123
12.724943 -6.672280
15.197742 -6.449615
13.204753 -3.644502
3.612648 -5.987250
5.511658 -6.016556
8.908481 -8.019233
6.321826 -10.853606
5.692235 -8.766530
9.295312 -8.798971
10.327621 -13.682281
12.294144 -14.100145
11.304637 -15.060403
7.514124 -11.854102
5.773511 -8.330822
8.397984 -7.973723
9.016336 -9.014687
8.978850 -8.758504
5.622211 -8.481679
5.929883 -9.156981
7.454371 -9.786085
4.598566 -8.466721
4.930865 -8.614851
4.824843 -10.015800
7.007795 -10.716788
8.591083 -8.209175
5.754507 -8.340981
6.832922 -8.762450
9.280145 -8.764461
3.452900 -10.712222
5.371801 -7.216586
3.770890 -6.343861
4.137487 -6.589709
6.061587 -3.625852
6.139526 -4.464556
4.510892 -0.004014
7.822838 0.421214
8.786784 1.969215
8.122076 1.951432
9.456754 4.313131
9.351393 6.837725
9.629288 5.615567
8.440639 1.059701
7.686685 1.385084
9.569508 5.224508
11.304842 3.425491
8.881161 6.968472
7.843978 8.440404
