13.291712 -4.868005
11.535438 -2.422412
8.659334 2.080590
9.080250 -0.180835
8.630183 1.078717
8.159101 2.400291
8.592142 -0.324385
6.945327 0.573491
6.072399 0.331006
3.510463 -0.542250
7.380570 0.633339
8.266466 1.454089
7.870889 1.160835
8.731911 2.936516
5.879032 3.651497
10.044189 4.276885
10.721062 4.046147
11.454803 5.850397
11.388500 6.509344
9.568401 3.791523
9.354527 5.132769
12.743612 4.392598
11.335129 3.849545
11.077435 3.596238
10.835592 4.132218
8.976609 4.063794
9.026587 2.902996
7.094622 1.233101
8.036616 2.601466
8.843011 4.031528
7.794375 1.804981
9.046808 1.735638
7.613747 0.787195
7.905201 0.481332
9.488522 4.538061
11.887096 3.453334
11.798048 4.346835
8.893948 5.037138
5.732194 2.139153
5.603109 0.658023
5.361541 -0.520183
8.141010 -1.388311
8.757757 1.724464
8.994536 3.134996
7.055266 5.888490
9.584240 4.415931
11.594776 4.194350
9.269279 3.816405
11.196086 3.502462
12.293378 4.849313
7.339995 3.565065
7.944346 2.037223
9.277395 5.029711
19.294044 3.967762
14.473192 2.690378
15.896027 0.480410
14.774051 3.070875
16.037420 7.292437
16.471931 0.641437
19.242651 2.523808
15.958693 5.197088
7.386508 3.772804
7.995975 1.204407
8.256483 1.901680
8.196923 1.076197
8.730267 0.742148
8.508546 1.291849
5.651846 -1.588518
6.033508 -2.386088
4.820413 -3.988306
5.789474 -4.359414
5.398483 -4.300186
4.209833 -3.358260
4.350987 -2.539608
-3.288116 9.093531
-6.343596 8.397752
-9.233392 18.776489
