14.251340 -5.954110
12.880112 -1.611588
14.436738 1.050126
14.191565 1.188995
6.980076 1.404334
8.664083 2.569336
7.148324 1.439312
8.780399 1.841060
12.194741 4.357103
10.985087 5.408296
9.691082 4.515407
7.994976 0.300314
8.807526 2.565739
7.729011 0.317430
7.794310 0.769428
7.574158 1.552618
8.290218 2.974081
9.722368 3.830869
10.445786 5.389484
10.879104 4.823923
10.729544 4.843381
13.596645 4.940981
13.930539 4.135317
10.696354 4.617688
7.770542 2.970892
5.900916 0.662903
4.067128 1.152175
8.122255 0.839352
8.705043 1.254002
7.636939 1.278710
9.865791 4.882347
8.593922 3.416139
7.651317 5.779423
8.929987 6.927974
8.586355 4.886897
9.459661 6.035535
10.289243 4.986234
12.185309 5.409195
14.654811 2.999146
12.861920 6.096037
12.758190 6.718291
8.257433 3.980732
8.321280 2.170668
8.400282 0.186646
6.543396 0.585532
5.845282 -2.482691
4.682733 -3.933101
4.101944 -5.920033
-8.547417 -11.022276
-19.114601 -18.833895
