-10.614923 -16.671213
-5.420241 -12.094075
-0.423576 -8.454230
1.883492 -3.824245
3.234308 -1.904039
5.926476 -1.561744
5.905931 -7.004003
5.840976 -7.702526
7.208755 -8.662361
7.798220 -8.942292
8.719275 -9.348269
7.657353 -8.480686
8.875843 -8.393417
9.328997 -8.023076
8.287024 -9.885579
6.536148 -8.767724
4.639599 -6.368167
6.274785 -2.060568
5.808467 -3.100920
5.161057 -6.661533
3.714257 -4.437744
6.545620 -1.313831
3.639033 -1.890663
3.439472 -2.077893
6.324703 -2.705533
2.868849 -3.937415
5.999557 -5.964535
4.749690 -6.254922
5.809299 -3.806098
4.309565 -4.834187
2.900898 -5.045943
2.485077 -7.406641
7.175371 -9.785524
6.762957 -12.967076
7.735751 -12.697867
8.175961 -11.343216
7.755326 -7.941258
7.245590 -9.833953
4.399775 -9.321088
5.668552 -3.631737
4.852771 -2.763217
5.613523 -7.280926
8.021821 -12.375437
7.481750 -9.036325
7.951912 -8.688370
8.336027 -7.832603
9.039080 -9.073505
9.346074 -12.915808
6.938266 -13.006012
8.962457 -10.005954
9.289172 -11.552688
9.388858 -13.356503
13.313953 -16.257612
16.348396 -15.957464
13.810740 -15.470039
15.173416 -17.047487
9.108768 -11.687692
6.641661 -12.414741
4.134386 -8.075391
5.315287 -4.409241
11.295977 -6.875060
5.506087 -10.035192
5.750542 -6.438932
6.340580 -0.918606
5.944671 -2.675576
4.378189 -7.424075
5.916841 -5.431087
4.399087 -5.721054
5.679344 -7.889928
5.160724 -6.398719
4.949521 -7.586786
5.602515 -8.647987
7.842661 -8.764419
7.975995 -10.077664
5.294510 -7.047077
5.723295 -5.023758
5.136618 -6.803085
5.342394 -6.107083
5.148757 -7.551015
8.845619 -9.098227
7.585814 -9.248269
9.261126 -8.003284
5.848799 -12.085536
7.799052 -12.152362
8.830203 -8.212436
8.342320 -10.536603
5.211203 -9.507165
5.609429 -7.388366
2.779259 -7.008741
5.357392 -6.926179
3.130288 -7.288483
5.833559 -5.056943
4.659377 -4.309326
4.832478 -4.625390
4.271470 -3.455707
3.960351 -2.290296
11.252399 5.322291
12.720118 2.592932
13.748434 -0.509408
18.333214 2.571409
