-8.729684 9.944264
-7.146317 8.178956
-6.985552 5.150059
-5.570810 2.264271
-5.751744 2.446609
-4.625342 1.205337
-3.884126 -1.436265
-3.670677 -1.973807
-4.275318 1.172471
-4.068238 0.275047
-4.688119 3.842242
-6.726979 3.652591
-8.753117 3.556870
-7.298351 1.957688
-5.804311 3.701295
-3.931361 1.701666
-6.124075 1.754973
-6.288671 2.541605
-6.120108 3.003484
-1.887180 0.419050
-2.822507 -3.113936
-5.383790 -5.173859
-5.004742 -5.140822
-5.240119 -4.393333
-5.114612 -4.166726
-3.246345 -3.045986
-3.559359 0.515961
-3.373989 -0.683969
-4.307003 0.528547
-7.597518 1.485316
-6.168039 2.951181
-4.242157 2.002473
-6.770991 2.317072
-5.337728 2.841954
-5.873325 1.954882
-7.067826 1.304688
-2.632678 1.345163
-0.740467 -0.131188
-3.693497 -1.274689
-3.194704 -3.461274
-2.943390 -2.340970
-3.198181 -0.977444
-4.239430 -1.045222
-4.536986 -2.623054
-4.589419 -3.729684
-3.844876 -2.266575
-2.948107 -1.952737
-2.468107 -0.472187
-3.123026 -0.672603
-1.676216 -3.601154
-1.865139 -3.251233
-4.590659 1.351376
-4.092366 -1.937939
-3.388660 -1.661165
-3.582231 -2.935246
-3.442489 -5.325092
-6.312472 -5.038907
-6.371561 -4.497202
-6.466615 -3.950648
-7.990539 2.723938
-8.240238 3.296609
-8.012514 1.107074
-8.460297 2.367185
-8.061487 1.565117
-7.963014 2.228683
-5.753704 2.633224
-4.577373 -1.650927
-3.718953 0.269304
-4.328893 -2.942320
-3.909852 -4.704517
-5.003608 -4.488275
-6.637805 -4.512709
-3.946669 -4.696666
-4.624224 -4.768240
-5.233141 1.543304
-5.677609 2.373592
-9.718182 -2.101740
-9.980679 0.990914
-11.424330 0.908635
-11.804915 -0.585204
-13.031372 -0.482456
-13.253583 -0.491250
-11.965579 2.920508
-7.760082 1.593688
-8.718786 2.443288
-7.311665 3.683504
-8.193384 3.077844
-10.296111 0.374641
-10.008646 0.977611
-8.797546 2.306428
-9.138898 1.235115
-8.822336 1.812058
-11.947758 -0.838978
-9.818743 -1.730752
-9.654084 -1.746148
