12.806077 -7.742688
12.601917 -7.174744
14.211493 -6.451305
15.433070 -9.394771
18.289188 -5.515975
5.792212 -6.788353
5.848781 -6.186190
5.900690 -5.895533
6.868990 -10.562703
7.462989 -9.619155
6.751019 -8.391709
7.155792 -9.704229
6.848227 -10.341537
5.920158 -10.989604
7.182888 -10.044895
8.349395 -9.896163
12.334072 -6.152880
5.545753 -10.332223
8.250450 -11.473658
8.652456 -12.132304
9.144949 -11.258513
8.042070 -8.893786
6.030392 -8.151473
3.075824 -2.259327
3.095769 -5.132995
4.682496 -4.639915
4.040100 -1.229495
5.693433 -3.116440
2.654874 -3.530254
6.709483 -0.946013
5.177998 0.195289
9.609098 3.772868
5.487193 3.185009
6.936426 0.438600
7.434795 -0.876270
3.980379 0.984814
5.993235 -7.741943
7.603601 -11.922393
7.847445 -8.105863
9.335553 -9.862209
7.049525 -8.635716
7.330342 -8.509360
4.479329 -11.571630
8.289946 -12.765708
8.323565 -9.639602
17.032543 -7.144534
14.330578 -7.239083
14.137714 -7.149666
15.770809 -6.159718
14.392833 -8.850936
16.741039 -12.382820
15.492954 -9.890929
16.333889 -4.974344
13.076752 -6.749359
18.475796 -3.657548
17.460209 -12.492341
9.166536 -14.331423
12.457502 -13.387734
10.433025 -16.615179
4.995497 -9.635340
7.495324 -9.006249
6.239848 -9.529216
8.390603 -10.203042
8.882343 -13.188262
11.418095 -13.712873
12.574336 -12.923552
8.581429 -9.845452
5.638947 -5.982281
4.548743 -4.357131
5.191530 -4.379067
5.713643 -4.466916
15.344810 -7.445682
16.853088 -9.777390
8.087327 -8.503261
6.059877 -7.837286
5.261781 -7.370230
4.422466 -4.730785
5.793139 -4.964489
4.241167 -8.619779
6.418448 -8.819423
6.828110 -8.885328
7.876553 -8.948504
9.044396 -9.971578
9.266377 -10.229993
7.577017 -8.141190
7.723056 -7.941261
6.552945 -9.433531
3.373101 -6.324041
3.732963 -5.676880
5.866901 -6.346412
5.700224 -8.691955
7.923947 -11.952332
11.814758 -5.411463
18.494186 -8.259417
15.345484 -12.433218
17.645142 -13.557055
10.681288 -12.848813
7.780302 -11.793797
4.157441 -10.189830
7.856657 -7.832885
6.046468 -7.225559
3.323482 -11.184466
6.062559 -10.019980
16.415800 -10.586161
15.700245 -9.489223
18.368982 -19.445194
14.220386 -15.389415
18.523045 -14.195440
19.397772 -9.387561
11.447931 -6.906349
12.235743 -5.786231
3.549628 -11.378402
4.102067 -7.192541
4.825220 -5.699685
7.283099 -11.313617
7.741991 -8.418807
6.885115 -10.047215
13.462282 -7.779860
13.904032 -7.276221
12.188190 -5.259424
17.464687 -8.712254
13.854950 -13.971425
12.860581 -16.000223
6.476346 -11.207583
6.643547 -13.761281
8.906881 -10.352921
9.372670 -10.847352
5.068450 -10.322879
4.210124 -7.388258
11.862369 -7.706846
11.617838 -7.729754
12.391460 -3.887777
12.239339 -5.653852
9.059905 -8.064170
6.407854 -9.309546
6.501007 -8.186934
7.177709 -7.839827
8.817137 -9.425847
8.897096 -10.287860
7.994118 -8.777389
8.145925 -8.788340
9.485740 -14.128738
10.971619 -15.231273
14.937856 -15.889476
14.756948 -11.381449
5.338045 -8.116742
7.271132 -9.588864
9.058314 -7.966988
6.860821 -8.866271
8.229758 -10.337647
11.778982 -5.729059
8.444618 -8.499106
5.499341 -7.730505
6.320320 -8.295244
9.240745 -8.359433
7.071263 -7.941025
9.121826 -9.015772
8.833421 -10.537830
4.134154 -9.120881
4.728240 -4.459760
2.665503 -6.819376
4.503881 -6.992496
4.579570 -7.657104
6.131434 -2.945996
8.635022 -9.781223
4.885945 -11.742269
8.185036 -11.843089
7.352252 -9.348504
8.625872 -8.001961
12.807621 -3.388387
4.385533 0.353025
7.836909 1.831398
8.886528 1.454568
9.510685 1.286466
12.247308 -6.723887
11.493773 -5.715652
13.699293 -7.656900
12.071821 -7.259848
12.869689 -6.202393
5.686979 -9.198701
6.327921 -7.822120
7.879660 -8.539273
7.124240 -8.879383
8.231737 -12.034984
7.600950 -10.183622
5.431354 -9.301386
4.895393 -8.256389
7.184685 -10.874957
4.820486 -9.997174
6.129359 -9.663627
9.040298 -10.478145
9.240337 -10.623311
7.322548 -12.068633
17.882637 -16.111925
12.574121 -13.436109
12.616915 -16.097456
14.818219 -14.701135
14.527978 -8.636518
14.922970 -9.764984
8.780056 -12.356006
8.238520 -13.410518
7.366248 -9.361810
7.684228 -13.560214
10.852743 -13.715220
12.238695 -7.066761
9.197163 -10.723023
13.166043 -15.393117
12.075178 -16.777014
8.644102 -7.945717
6.552068 -7.876974
7.911399 -7.876130
8.409664 -9.604084
5.364002 -8.741927
8.343073 -7.950393
5.860129 -5.977415
5.181406 -5.257694
4.593447 -4.029193
4.255462 -4.253798
5.254549 -5.194758
4.032098 -3.306065
2.966955 -1.999339
3.365498 -5.990241
4.759279 -9.769598
7.200246 -8.449531
7.415080 -9.473576
12.185386 -7.799687
7.606863 -12.757569
13.660816 -13.222594
14.605131 -14.885415
8.919410 -13.202079
11.271847 -15.518103
1.394483 -14.014820
8.802943 -11.940969
9.100709 -8.682100
9.115204 -10.656518
5.745813 -9.545607
8.672605 -8.935680
7.568162 -11.871675
6.839087 -9.531884
5.664925 -10.569563
9.096567 -11.873118
7.828020 -10.975448
6.685640 -10.662335
7.036941 -10.600982
7.228118 -8.849397
4.987558 -9.617347
-4.462039 -8.854138
-6.088874 -8.481415
