17.405148 -10.314608
12.111213 -4.605995
19.729300 -10.192883
13.005558 -0.015581
13.112047 1.322334
13.301094 -1.281368
11.500125 4.815870
8.126003 3.141349
9.120873 1.675627
6.060023 1.257570
7.349738 0.710957
5.594265 -0.006237
5.989686 -1.100521
6.184685 1.912900
10.568894 1.615435
12.328426 4.464938
10.150544 2.358345
10.049942 4.117912
11.363596 4.066498
13.415218 -0.064787
12.369656 2.488446
10.938039 1.369011
10.807784 1.417052
10.980427 2.156827
8.204144 4.994516
9.157860 2.573289
12.397038 5.357355
14.967449 -3.676701
11.709712 -3.788423
7.055587 -1.599655
6.583168 -1.534976
11.547737 -3.899096
5.730396 0.047071
4.542708 -1.738180
3.624404 -3.847414
6.397243 -2.156867
9.620071 1.495219
12.553993 1.493457
7.690979 2.835059
8.811636 1.671654
10.006233 2.313804
11.623367 3.031239
12.242924 1.264949
10.310796 4.451569
5.299748 0.862826
6.367935 1.163912
4.641972 1.191075
7.102717 0.404489
7.303261 0.800283
6.318810 0.626590
6.687691 -0.628940
7.306825 0.805737
8.479328 4.028069
9.676344 2.631082
8.671722 3.855364
8.794527 5.129170
7.487014 1.491886
10.823848 3.381669
9.016894 1.468151
13.136913 -2.310009
12.557111 3.272196
10.989118 1.881361
9.337477 2.792753
8.986184 1.814084
8.381199 2.016765
9.129168 1.433661
12.312925 1.806942
13.762712 1.700059
13.078404 1.093042
13.939905 1.315502
15.471066 -4.401541
13.041535 -1.693280
12.768380 1.779878
9.020546 1.611326
5.756108 2.068842
6.129710 2.001874
6.421999 1.001799
10.832551 2.416938
7.019232 2.569468
7.421956 3.354698
11.715026 1.387455
10.919456 1.900374
10.385151 3.059547
7.112873 1.079775
7.058717 -0.093520
7.099761 -0.414196
6.741063 -0.892161
6.901202 0.714142
7.518609 3.178716
5.534225 5.083641
5.225706 10.349250
