19.368818 -14.840513
14.864835 -6.184823
12.405502 -6.025749
12.257182 -7.114902
11.893764 -6.884838
11.855171 -5.860268
16.777840 -2.034655
12.553772 -1.920564
13.156425 0.493247
14.731979 -3.467077
11.154583 -6.933846
5.388275 -8.231864
7.882339 -9.072996
4.516705 -9.117061
6.805885 -9.037930
5.698812 -7.980556
6.878110 -9.744689
7.252951 -9.890628
8.015889 -10.184100
9.034948 -10.166938
9.209331 -10.867148
8.351967 -8.192134
8.591113 -9.875504
8.238405 -10.492428
8.008092 -13.057836
13.602601 -13.027724
16.513992 -17.505135
8.639594 -13.210068
12.648493 -6.859954
15.646739 -7.818377
15.060147 -11.807186
13.469802 -14.888787
15.132241 -12.046445
16.299126 -13.230388
16.747101 -13.239604
9.896160 -13.723512
5.285723 -12.249587
8.691983 -10.832780
6.060539 -10.205034
8.075905 -9.811142
10.345426 -14.647788
11.541588 -16.867163
11.447516 -14.188371
10.652069 -16.018332
5.440681 -15.020225
5.392777 -10.952837
15.169903 -18.641531
14.913059 -12.966014
15.662576 -10.738795
14.296073 -14.301351
1.791764 -13.324859
8.579959 -11.128103
7.200022 -10.198173
1.793211 -8.325480
4.523618 -1.439009
1.517200 0.608202
0.162968 2.264873
-0.133354 2.676316
-2.454810 12.015723
