-6.977853 -13.064976
-9.517774 -8.978253
-9.847808 -8.924525
-8.664766 -9.008951
-7.740686 -8.641749
-7.241254 -5.126732
-5.019936 -5.680941
-6.724784 -4.312599
-4.056806 -4.442792
-2.736310 -2.841961
-4.068133 -0.049537
-4.148895 -3.463327
-4.348438 -1.351579
-4.238245 1.729413
-7.773855 2.698571
-5.591284 1.669833
-5.369019 1.729563
-3.130120 0.883356
-3.498380 0.868916
-4.554895 0.554358
-3.921861 -0.593625
-3.759474 -2.788769
-5.735651 -5.826178
-3.732228 -2.780582
-3.940458 -2.681152
-4.761587 -4.753744
-5.720193 -4.019062
-7.395254 -5.353181
-6.732806 -3.963878
-5.962258 -4.328498
-5.144434 -4.218940
-4.358041 -5.711897
-4.459303 -3.153524
-3.640776 -3.383469
-2.756583 -5.046469
-3.908770 -3.367345
-4.689260 -4.055437
-5.106669 -3.987799
-5.903718 -4.150120
-6.021986 -6.077504
-6.507302 -5.304682
-6.116745 -7.526270
-6.663608 -8.114456
-11.644608 -8.377355
-8.258787 -8.664594
-10.934031 -8.172514
-9.955459 -8.087956
-7.606622 -9.107620
-6.802687 -4.747378
-6.525487 -3.903567
-6.541819 -3.951520
-6.173955 -4.304009
-7.718626 -5.867342
-6.718481 -5.544431
-6.457307 -4.378894
-6.735956 -6.859373
-3.513792 -5.119821
-4.164808 -2.449116
-4.279020 -2.738978
-3.509342 -3.476285
-7.326072 -5.599647
-5.493336 -4.115796
-6.094376 -4.279588
-7.619972 -4.683460
-5.205657 -4.151090
-3.953171 -4.797816
-3.021729 -4.653573
-2.799845 -1.938985
-2.617934 0.479767
-2.735163 0.404053
-4.468643 -1.674655
-3.900245 0.330287
-3.398177 0.796957
-7.179328 2.381005
-7.814499 1.280045
-9.759809 2.807884
-10.986660 0.908079
-7.725586 1.655334
-8.625349 1.933874
-7.644627 1.944276
-8.387990 3.735522
-7.376840 3.748940
-9.312701 2.169034
-6.863467 1.465120
-7.013165 1.133259
-9.082592 2.026227
-8.399166 2.513071
-8.530770 3.186532
-6.080001 1.668929
-5.327754 2.184032
-5.795597 2.485654
-4.246839 0.721330
-3.710768 0.259942
-3.702257 -1.654244
-2.715844 -2.447073
-6.562715 -6.729955
-6.167722 -3.916047
-7.473215 -4.801196
-5.219785 -5.490227
-6.458046 -6.256310
-5.777542 -5.038223
-6.609147 -3.948482
-5.585047 -5.205838
-6.168369 -6.853654
-9.642350 -9.239304
-9.897205 -8.511666
-5.603532 -8.862320
-11.241539 -8.708840
-13.527868 -9.844688
-6.760630 -4.740191
-6.405457 -6.437611
-7.441377 -6.084524
-7.577365 -3.930848
-7.888868 -5.267426
-7.798481 -5.996496
-7.541121 -6.294712
-6.751147 -8.010900
-12.206903 -8.460282
-10.183486 -8.423699
-13.353751 -10.032676
-6.813845 -11.493647
-6.843824 -7.265211
-7.634871 -6.262695
-5.327285 -6.868634
-4.567982 -5.338170
-6.469538 -7.165699
-8.179254 -8.805967
-8.494736 -8.348271
-10.190175 -9.807023
-5.608823 -11.304461
-7.885657 -6.823486
-5.951991 -6.565271
-5.980376 -7.322642
-5.685618 -7.745230
-5.260788 -7.211872
-7.414068 -6.170980
-8.521199 2.219303
-6.710504 2.569331
-3.707474 -2.356793
-4.320358 -1.525512
-4.371485 0.745546
-4.066756 -1.370035
-6.721789 1.542483
-10.478603 3.103399
-10.483044 0.021642
-11.475828 -0.080355
-10.046118 -2.680079
-12.702451 -1.625819
-9.705795 -1.028182
-11.943756 -0.295017
-13.805815 1.582545
-12.576778 -0.328613
-14.828481 -4.525684
