18.334902 -18.346914 8.132152
12.916531 -17.843077 6.436086
11.641434 -18.316082 8.456069
9.937159 -13.439332 6.105204
8.893965 -10.678587 6.184275
3.270167 -6.329536 2.693064
2.660007 -2.960857 0.450687
3.072351 -5.386434 2.899979
3.384825 -5.467803 1.697577
1.790551 -5.701550 0.550280
2.659468 -5.750885 2.209810
2.920108 -5.423833 1.354745
2.049944 -6.205398 0.730342
0.617796 -6.314664 -0.547564
4.398660 -6.028157 -4.960123
2.504079 -7.928638 -7.021391
6.509146 -9.589766 -3.160545
9.653267 -7.395916 1.630671
11.444874 -9.053825 4.624352
4.936817 -4.434117 10.468173
3.710605 -6.046557 7.390049
8.660078 -5.172288 7.683478
6.322867 -4.871801 7.122612
6.345342 -8.665741 7.944617
10.462694 -12.556429 6.555557
0.411561 -4.935147 8.290800
-0.115559 -2.475064 8.364385
2.769387 -2.965181 7.944397
2.030938 -3.526275 5.578866
1.082647 -4.319594 1.724428
1.558722 -5.947990 0.901612
2.831868 -4.947221 -0.870503
1.395807 -5.624261 1.714138
3.218189 -7.909210 2.978491
6.090250 -7.176099 8.751502
6.971223 -7.677769 7.824260
10.762817 -9.122675 8.140983
8.828537 -6.902358 8.061801
9.479701 -7.328782 6.637256
10.838071 -6.047135 -4.106184
8.674273 -5.345528 -0.631163
11.288453 -8.688722 7.581302
17.874359 -13.772329 8.954463
16.237778 -17.302223 11.086441
15.726582 -16.888468 16.891268
12.819137 -17.292953 12.516918
5.954099 -13.415574 9.584170
6.831033 -5.926552 9.956388
12.118004 -6.482391 2.707286
10.342914 -5.442445 1.490610
9.519163 -2.844728 1.434792
8.978281 -8.605877 -1.754468
9.352445 -8.002836 -3.150039
6.049736 -3.468947 -4.004107
6.109172 -7.540273 -3.335975
2.906673 -5.394333 -3.102401
0.411828 -5.972464 0.295658
1.761143 -6.671025 -1.099968
2.214927 -3.677361 6.517305
3.490439 -5.051793 4.794379
2.251834 -4.655721 5.876900
3.539504 -6.316719 2.507327
2.400809 -3.583962 1.617846
2.595864 -3.749561 -0.161862
2.231220 -4.719584 0.570626
2.525513 -4.617721 2.185943
1.864298 1.503531 6.866383
4.000502 0.329637 9.644732
4.446537 -5.312632 -3.615820
3.197349 -5.173750 -1.843514
3.363634 -4.317127 -1.056485
3.492721 -4.661109 -0.800418
3.099874 -5.527157 -1.116444
-0.403031 -9.161700 -1.606291
5.752060 -11.906290 0.317739
6.468146 -13.181032 2.580394
8.139974 -13.601341 -3.016862
5.055466 -17.219259 2.793622
1.676957 -11.351748 2.219362
1.339074 -10.077871 1.570568
0.895534 -9.648233 3.767066
3.883437 -12.507599 5.166419
7.314369 -11.575111 2.996941
9.032171 -5.810351 -0.613385
10.388135 -6.175580 -0.363955
14.456432 -6.746091 0.527628
13.497913 -8.554930 -1.566080
16.081364 -8.477835 -0.767903
15.916318 -9.204453 5.375533
9.033968 -6.016554 0.515497
9.088894 -7.141275 2.475668
3.363187 -5.337973 5.649893
2.712401 -5.849335 5.329000
-2.425164 -10.820967 5.121801
-0.920697 -7.297244 6.232204
-0.874548 -6.442547 3.986790
-3.864573 -5.304036 2.193785
-1.462352 -8.721349 1.271323
-0.521447 -7.708555 4.051192
0.841135 -7.062503 1.566774
1.233830 -5.147739 1.787786
2.828837 -7.705815 2.316981
2.263686 -6.358239 -0.416113
3.510761 -5.785975 -0.353648
3.093952 -4.265764 1.562349
2.769761 -7.860878 2.264929
3.395369 -9.431623 4.345736
4.047377 -6.488243 -3.201000
3.062757 -5.302778 -3.230585
2.049372 -4.184902 -1.504563
2.237575 -2.651104 -1.891003
1.422703 -3.538082 -2.816126
1.554548 -5.796249 -3.594674
2.970534 -8.446038 -3.696379
3.636907 -4.853735 -5.635907
5.099978 -7.131750 -4.523792
2.520056 -5.993199 6.858923
2.866152 -2.923132 7.810706
2.821265 -4.294908 7.942395
2.215827 -3.298878 5.864804
5.623947 -10.947614 1.482870
2.752187 -12.448121 3.921381
3.580946 -7.816952 2.649995
6.561921 -5.964718 -4.093957
4.346218 -5.662690 -3.853032
5.211133 -8.295046 -3.663522
5.717785 -7.411640 -4.781227
1.413869 -6.431250 -4.255292
2.678857 -6.517348 -1.019163
2.342909 -5.648306 -2.927997
-0.329943 -6.550683 -1.983878
-1.245225 -7.674002 1.742064
-0.302926 -7.613585 1.732033
3.239274 -7.483674 2.628146
2.675714 -5.923171 1.565605
2.326035 -5.668173 5.028391
3.319824 -3.615980 4.252048
3.013746 -5.598495 0.146256
8.682089 -9.335421 2.465530
6.164072 -14.558816 -1.617779
2.436093 -13.000324 0.834233
4.492755 -13.049345 3.040963
2.907761 -11.976849 1.470289
2.758768 -12.136599 2.148855
8.982862 -4.563597 1.210576
9.080705 -7.415214 2.538415
11.077276 -4.070805 8.669719
10.410069 -8.260537 2.042654
8.973038 -2.807268 1.638323
8.691300 -4.780888 0.348394
8.048305 -11.002398 -4.325195
5.802283 -9.724339 -5.066672
8.622374 -6.968976 -3.523750
5.245967 -11.211820 -0.762184
2.592201 -7.398143 3.025495
-1.583320 -7.417744 1.591758
-0.599555 -6.483507 -2.675205
2.529117 -4.408319 0.759981
3.157479 -10.831327 -5.454946
-0.507593 -4.672279 -3.730515
2.050724 -7.014186 -4.288042
2.040230 -7.891142 -4.225607
2.882138 -11.711885 -3.268838
5.862432 -11.783611 -3.883983
4.461617 -7.287212 -3.755106
3.562037 -8.867074 -4.714797
6.297767 -7.380536 -5.085127
7.532031 -7.887199 -4.457979
7.946350 -9.160011 -3.147385
6.033266 -11.768320 2.445734
5.306153 -11.881680 3.409014
8.015352 -12.364059 -0.980115
10.687675 -3.897144 2.547725
9.876597 -2.630945 2.636335
8.748898 -3.631575 2.145238
9.407673 1.107687 -0.060973
9.175483 -1.114235 3.783245
9.658960 -5.892972 1.597046
9.125813 -5.029695 0.255981
10.410982 -4.663631 0.304561
9.366155 -4.052639 1.473300
9.764383 -5.732556 -2.456407
10.226606 -7.799037 -5.460518
6.769183 -9.344281 -10.727200
2.553326 -1.304884 -4.547853
3.710964 -5.192156 -5.430758
4.813556 -4.296723 -5.155372
2.025227 -0.087836 -2.987056
4.662886 -0.505893 -2.447231
3.134942 -0.965598 -8.538913
4.165974 -1.212453 -8.945768
4.938961 -2.888597 -10.189830
6.036316 -2.711807 -9.544000
7.434364 -1.027056 -9.541369
4.245341 -0.632571 -9.244355
3.633823 -1.692403 -9.306467
7.526040 -0.238641 -10.200120
4.879375 -0.775960 -7.411887
4.762234 -3.577382 -4.420156
6.971069 -3.272761 -4.047658
5.983707 -13.212410 -4.360693
0.538128 -9.678289 -5.508987
-2.363386 -7.295650 3.211042
-2.141552 -5.478205 2.425567
2.671030 -6.109205 -0.995862
2.902771 -4.278020 -1.483408
2.396671 -6.499176 -0.079955
3.528137 -4.147875 1.494643
3.875055 -8.693491 -4.183677
10.250814 -7.504596 -2.978511
7.316484 -7.753787 -3.326725
9.424457 -5.608213 -3.170778
5.947332 -1.813732 -3.213760
6.227960 -4.782993 -3.576766
3.649843 -4.802401 -3.875855
2.603294 -5.086569 -3.948055
4.316291 -6.692214 -6.661004
6.691978 -6.478788 -5.149267
5.230442 -7.035268 -4.330639
4.486141 -5.345599 -3.311753
2.437819 -2.281444 -4.896463
6.295602 -3.803341 -3.453093
5.263810 -1.676019 -3.651414
5.953808 -2.463140 -3.279399
7.204806 0.168058 -2.210789
6.598377 -0.273508 -0.600847
5.372381 0.267782 -1.935290
6.011230 -0.601566 -0.890023
7.108090 1.278292 -1.473839
7.648112 0.069588 -2.451457
6.164256 0.363510 -4.402774
6.516406 -1.509021 -3.156870
4.188481 -1.777040 -3.902281
4.442490 -3.726655 -4.725790
3.165721 -2.597043 -2.180697
3.139880 -3.539331 -1.820676
1.100051 -5.111331 -3.204284
4.022747 -5.617101 -3.141073
3.830879 -6.859475 -5.427087
8.759792 -8.170155 -5.952816
9.418760 -4.800615 -1.293383
3.600252 -5.014522 -2.343052
9.398858 -3.183228 -3.036186
9.021617 -2.941028 -1.129227
4.350110 -8.328000 -3.949788
6.308753 -9.025041 -4.913477
6.305821 -9.354310 -3.363100
6.044289 -0.342870 -2.111368
7.554222 0.534047 -2.604588
8.775517 0.301726 -1.896119
8.479303 1.908461 3.051617
7.919178 2.204407 4.541348
8.636820 0.749798 2.610727
9.957584 1.157365 0.062140
8.374515 0.360925 2.746494
7.169709 0.924201 2.402645
2.303129 -4.461766 3.791163
1.938779 -5.399559 5.151052
2.632268 -4.293149 2.915494
2.434329 -6.218646 4.031802
2.216887 -6.654823 1.333548
3.020580 -5.888028 2.021081
2.940220 -6.277891 1.476839
3.132609 -5.330015 -0.663602
2.620382 -5.340049 -1.004537
3.731139 -4.963421 -3.782355
6.273870 -3.306977 -3.885394
8.176205 -0.394813 -1.184165
8.049784 0.244283 -0.763133
10.380679 0.997376 -1.899276
9.268768 -2.934065 -3.673357
10.603479 -1.173542 -2.831017
10.865059 -7.221698 -2.036416
8.705990 -6.643111 -1.540684
9.161389 -6.619929 -0.009848
9.455649 -9.073335 1.545883
10.368511 -6.595159 -1.871314
9.771656 -9.068025 -1.813213
8.181483 -9.364909 -3.891288
7.981508 -5.623213 -4.152089
7.011688 -3.807212 -3.164559
5.960738 -8.298539 -5.278173
4.768199 -5.513439 -4.904980
8.823260 -8.896824 -2.168439
11.719880 -5.598286 -3.165208
9.363951 -4.258673 2.685194
8.667354 -3.858706 0.499041
9.274423 -6.532917 0.446822
9.803988 -5.969606 0.764580
9.725492 -6.317365 -0.300851
9.061216 -5.436223 -0.656870
9.404627 -5.110643 5.087230
9.582970 -7.619025 7.771977
6.707648 -9.976775 7.304533
5.128783 -9.264728 8.223752
3.362360 -4.484686 2.276317
3.516353 -10.974672 5.282631
5.867534 -11.970471 7.171994
8.927216 -9.721840 7.443062
7.005076 -11.338484 6.331529
4.436415 -5.229887 7.493310
5.997800 -3.872392 8.900202
8.280938 -7.093965 -3.489871
9.129773 -6.544226 -3.118777
8.568810 -6.010421 -3.158079
11.052572 -6.406338 0.077292
10.143966 -2.982511 3.232212
9.274813 0.036687 1.575690
8.927453 -6.154438 3.101664
10.244385 -7.195696 3.112987
7.477846 -11.306458 -0.443724
5.406727 -10.711121 1.774037
6.544718 -11.218912 0.700539
5.689033 -6.271704 -3.676603
8.807858 -5.483270 1.166390
2.680751 -1.938024 -1.829976
2.578950 -1.851873 2.420016
2.252793 -4.733767 3.206215
8.676374 -7.888565 1.379692
8.851904 -4.125906 6.581905
9.237062 -7.420025 0.718275
8.827578 -5.109422 0.350897
9.275253 -8.069031 0.164828
6.341182 -13.068334 -6.678117
5.371480 -8.809905 -3.834288
6.263425 -11.464279 0.055844
6.948402 -12.583694 -3.519324
3.597107 -4.867914 5.254449
3.071336 -6.791376 3.977648
8.643205 -8.492455 -1.190115
9.761039 -6.933969 7.600275
9.853284 -6.388826 5.586911
4.440433 -5.995763 -3.142070
3.463859 -5.210995 -1.145096
5.103194 -7.512948 -4.298396
9.148702 -8.776266 -3.464628
10.543561 -10.741149 -6.742995
10.048119 -7.119095 -6.365996
9.293353 -8.979474 -4.353148
2.490016 -8.129083 2.200913
0.829703 -10.062532 3.172749
7.292991 -14.142661 7.111559
6.563821 -11.500154 -0.398480
7.390032 -13.588255 -0.862578
5.672563 -11.091188 -1.243548
7.249845 -12.861423 4.053088
6.277729 -11.374514 1.950312
3.436745 -6.781312 3.811026
1.148416 -3.826984 3.023584
3.272615 -5.275526 3.038036
2.765548 -4.191651 5.451022
4.445560 -5.971668 7.589627
0.127177 -4.813231 8.566128
-1.455805 -5.835504 9.584760
1.586132 -5.758593 7.296000
9.404613 -7.841547 3.906428
9.038428 -6.586516 2.943586
9.290092 -9.214475 1.321052
6.459305 -7.055358 -3.892062
7.580021 -11.039022 -5.998820
7.893143 -12.597064 -4.648253
6.211631 -15.083314 -6.077145
16.297218 -16.336464 -4.362394
13.453498 -13.698134 -4.469486
6.489743 -14.660612 -5.591142
10.469255 -12.480565 -8.707211
7.330959 -14.976175 -5.652125
8.096348 -18.395803 -0.089781
7.739406 -16.779781 3.173756
8.039876 -10.878978 -4.072690
8.019113 -11.876825 -6.709621
6.494998 -18.407299 -2.787967
5.209136 -16.791803 -2.972652
7.140656 -12.255228 -1.192415
7.704486 -10.747365 -1.510553
6.669633 -14.435067 -3.174490
4.523580 -6.758278 -4.553798
9.889980 -5.800687 -3.638262
9.990184 -4.978397 -0.640475
9.793428 -7.712818 0.581226
4.662313 -12.363081 0.321988
6.112292 -13.382423 -2.340948
10.898952 -17.829903 -8.480622
11.584455 -14.987991 -4.469165
5.015107 -12.323066 -4.932003
3.211240 -13.375093 -1.291252
10.199280 -13.965121 -9.029186
7.392451 -7.278688 -3.274868
10.447263 -11.006985 -5.719871
12.063210 -8.077053 -4.025257
11.549134 -8.202425 0.310533
10.723324 -7.859444 -1.320606
12.124090 -9.190420 -2.106947
11.486200 -9.168324 2.768104
9.848488 -9.195615 1.428563
11.623477 -7.891279 5.292082
12.869026 -6.692832 4.828001
9.634832 -8.069047 3.565746
9.508452 -7.188228 1.121721
8.643449 -7.844457 1.679630
8.699257 -9.145226 0.895196
9.955868 -6.430315 10.016039
13.355478 -7.477803 14.522135
9.492701 -8.587353 7.883346
10.952843 -2.378459 7.150636
8.122427 -4.141238 10.216352
8.561701 -5.880594 10.724583
10.451391 -10.622955 7.018715
11.192526 -14.331828 6.705453
7.646484 -9.585350 -4.484623
6.814156 -8.985440 -3.558118
5.809513 -7.876426 -3.639203
6.026778 -6.369935 -4.366438
12.395774 -15.730805 -4.497129
14.862062 -18.608822 -5.680087
9.343553 -18.493038 -5.959907
8.120299 -14.304338 -8.465548
9.639441 -6.312015 -8.398546
7.427454 -6.345423 -3.194196
7.289721 -11.555590 -0.410077
6.879848 -10.899568 0.924870
9.113739 -9.316703 0.955605
9.936215 -8.201292 2.971550
9.165051 -7.267532 2.081461
8.935057 -7.953958 6.887722
7.384561 -10.039826 7.980235
4.894410 -5.992426 8.407040
2.782925 -5.022705 7.829158
2.976125 -4.363072 7.135704
8.954070 -6.690382 2.106252
9.941732 -6.480130 3.135312
9.580786 -5.206980 1.627251
12.128791 -8.635468 4.075976
10.760548 -7.554901 4.057214
8.657291 -6.621473 4.245831
9.085571 -5.830880 3.192478
8.808556 -7.221926 1.900075
9.294516 -12.313898 -4.671543
6.867030 -7.293966 -5.730076
2.379684 -5.828220 -4.074205
6.036025 -10.940401 -4.676621
5.704281 -8.541481 -5.020888
3.636791 -5.733695 -3.243920
8.044384 -4.260230 -4.285992
9.084898 -6.090391 -4.016238
8.984409 -2.562327 -2.041524
8.869258 -5.209550 -0.617637
9.560858 -4.692166 -3.418847
13.020576 -2.817466 0.821036
9.403544 -3.878490 0.797621
9.156101 -2.152389 1.667386
6.775717 -1.996871 -3.167531
9.194807 -3.466525 -3.873461
6.014661 -0.292727 -1.068044
5.210233 0.634678 -0.513885
3.363429 0.982279 0.373678
3.473170 -2.193272 3.901392
2.170882 -2.211056 2.761687
2.627224 -2.148229 1.742124
3.753129 0.055318 6.556742
4.364469 -0.414148 5.626769
6.783087 0.906879 2.110596
7.342653 0.211551 0.197525
11.904908 -2.591901 0.654102
9.696987 -2.438479 -0.457191
8.869087 -4.595026 0.778084
9.486521 -7.678573 -2.777685
9.562983 -8.714516 -4.017508
9.647426 -4.041485 -1.899246
10.717883 -6.254590 -0.151237
12.030715 -9.788824 -9.635010
13.955108 -14.903862 -7.532310
11.762962 -11.029398 -4.622036
11.700721 -7.349572 -4.084324
10.346972 -4.529615 -1.212274
10.589895 -9.213956 -0.548880
9.521770 -8.801330 -2.325073
11.614515 -8.998707 0.247227
10.266809 -7.925489 0.129369
11.607204 -7.570348 -7.857463
10.217093 -13.573518 -6.273790
8.688978 -10.162364 -9.245697
10.823517 -11.156398 -4.725100
11.550475 -11.192174 -4.300416
14.335471 -10.956450 -9.275047
9.916638 -7.653301 -2.919523
9.205967 -7.876033 -3.781631
6.537329 -11.240866 -7.179212
9.637527 -14.113297 -4.603984
10.020161 -6.293693 -4.876010
11.281381 -8.276015 -3.432798
14.331666 -7.897241 -2.131499
9.642684 -5.244005 -2.670360
8.951744 -5.728465 -0.094240
11.178232 -8.978743 2.399004
13.171106 -6.662716 3.446600
19.594936 -12.553364 10.546594
19.860191 -11.243584 1.627870
19.807751 -15.208526 -1.823527
9.549387 -4.387880 5.927664
14.614388 -7.991052 4.855793
12.832258 -11.163157 5.783743
10.569640 -8.603030 6.823249
5.497553 -7.457448 8.141990
-0.911422 -8.348533 4.865391
0.975575 -5.852559 4.934810
0.236235 -6.263638 3.774938
3.311296 -5.692351 1.948634
9.590209 -5.410700 3.421662
8.873735 -5.209022 3.237440
3.881251 -2.530486 -6.522765
3.818116 -1.534647 -6.612243
4.518885 -1.697090 -5.994208
6.224134 -3.760577 -3.763946
4.185948 -6.045813 -4.380148
13.745750 -11.133299 6.014677
14.549476 -9.521257 6.328076
10.754504 -9.282949 1.527780
11.342438 -5.119333 3.274524
10.936272 -7.229877 3.335584
3.387539 -10.431795 4.115911
3.462306 -9.866713 5.047948
7.911842 -5.068976 7.806725
8.400610 -4.389172 7.055128
9.761206 -7.381189 2.333277
7.941851 -11.843340 0.497467
2.809870 -7.895070 4.812241
3.271955 -8.916765 8.184278
1.746535 -7.045007 3.114536
2.419502 -6.190781 1.065167
2.673195 -6.051765 0.760078
2.511404 -4.516812 2.206019
-2.212679 -7.488692 -1.912685
-1.995762 -8.973642 -2.630822
1.956630 -11.814180 0.906671
4.094972 -13.688189 -3.151594
5.775497 -12.864378 -4.124758
2.794610 -11.677792 -6.032422
7.258974 -11.767274 1.981364
1.041348 -7.946492 7.336532
3.375778 -7.035763 3.529666
4.951543 -10.041403 7.747990
3.402058 -6.107773 5.443042
3.887813 -3.416039 9.745380
3.106369 -3.710099 8.246804
6.978536 -4.304120 8.867216
2.977168 -4.571588 3.595569
2.789470 -3.290506 2.377673
3.039376 -4.938374 3.872969
8.689126 -4.767200 4.978328
5.447060 -3.005304 10.296782
6.164228 -4.580397 9.936032
2.699935 -2.202916 2.068940
3.062881 -4.686014 3.695585
3.408220 -6.267530 2.787927
1.846503 -6.251026 6.385503
1.897109 -3.367629 7.725181
4.972029 -0.958272 7.001657
7.392652 0.796074 3.536287
7.718205 0.364247 4.825532
4.090414 -0.425897 7.209138
4.563215 -5.363777 7.074820
6.374263 -8.436343 7.697742
7.910849 -7.731394 8.079515
8.667783 -7.673594 1.290868
8.763701 -6.829864 0.073613
8.685970 -7.231497 1.319948
2.362900 -3.861842 7.154891
1.950083 -3.455475 5.782132
2.069569 -1.467284 9.063288
0.236310 -2.271912 9.296933
2.044898 -2.962316 8.052057
3.038412 -1.304173 4.960185
3.404312 -3.438029 1.193836
2.336681 -4.065244 8.744121
3.170419 -3.065759 11.554424
4.474685 -6.961179 7.615673
4.530286 -5.686886 9.865437
2.998372 -4.309837 5.615722
7.014945 -10.677937 3.985991
12.100978 -8.105000 5.478939
7.915167 -8.507761 7.438869
4.776810 -8.780321 7.660588
4.465616 -12.530307 6.823426
6.424469 -11.007328 2.222372
6.367044 -12.647713 4.450943
6.010134 -13.150055 11.715439
6.215921 -11.696700 11.602762
5.007710 -11.602579 8.391250
4.514352 -14.837870 6.412258
6.363225 -11.429095 8.733185
4.214401 -8.602813 7.206512
2.983121 -8.021112 3.968172
3.769073 -13.616099 6.174749
7.195765 -10.764473 4.051597
7.443867 -13.917035 -2.282405
7.429010 -10.212817 -5.716408
14.590550 -13.324409 -5.279083
14.701269 -14.750724 -7.140331
9.713289 -9.067085 0.932698
9.056671 -5.140343 -2.043143
9.883186 -6.810526 -3.380191
9.893421 -4.787937 2.161308
10.953292 -5.510771 1.001179
9.860467 -6.812057 2.765500
9.468183 -4.886333 1.846787
8.032187 -13.224911 7.193483
5.347028 -12.521145 7.258100
8.331144 -10.779792 8.057422
8.596974 -11.019365 6.008804
5.405304 -12.053046 5.641240
2.640258 -11.927457 4.713688
7.410253 -11.268296 1.714955
6.518118 -10.897303 -2.901542
5.945244 -12.058787 -3.715868
10.588895 -8.900962 -3.390266
10.662014 -8.348835 7.957397
10.726486 -9.253758 3.570980
10.167314 -4.288408 6.503842
8.772470 -6.224615 5.189785
9.814898 -5.425522 5.098203
11.023340 -6.794951 7.105937
3.976355 -11.425558 7.849679
6.898849 -16.906265 9.467943
5.442984 -14.808704 8.425908
7.528222 -11.187101 13.332129
2.729972 -12.759847 14.795938
6.301247 -11.498660 9.879265
7.310847 -6.961421 7.866008
7.227478 -6.953417 -9.256155
5.414163 -6.284433 -4.680915
9.516432 -5.053854 1.304737
9.186180 -6.553598 1.270603
5.967202 -4.444623 -3.420209
4.796892 -3.836699 -4.645244
2.460677 -3.817350 -4.335561
3.840064 -4.953289 -7.338058
7.318499 -7.063546 -7.191186
4.799780 -3.465423 -8.609258
4.820445 -1.528456 -10.024014
10.082269 -3.892338 -6.958770
10.305637 2.253344 -1.456711
7.635774 1.117080 -2.030781
9.421464 -5.271875 -0.670221
9.266964 -11.125970 -4.347181
12.366751 -8.236174 -4.486484
7.087335 -7.798026 -5.382873
6.553816 -4.711502 -3.178674
7.874117 -3.409980 -3.571480
5.388088 -3.274195 -3.431643
2.526315 -6.203437 0.128211
3.013036 -6.480240 3.816640
1.629082 -6.243222 3.564268
4.482737 -11.512980 1.769496
7.889722 -11.889544 -1.344268
7.453435 -11.089330 0.448270
8.149659 -12.298203 6.830086
5.635677 -7.750318 8.016509
4.625969 -6.068444 7.012777
3.204410 -5.606115 7.523212
3.681592 -3.420758 7.206857
2.153072 -5.773702 1.705662
3.234295 -6.464459 4.518267
2.637020 -6.880238 5.714622
9.475110 -6.171505 4.501501
9.593443 -7.296255 3.427099
9.961269 -8.401689 -0.184306
9.350859 -6.842819 2.406929
9.924928 -7.988153 7.081238
8.778104 -8.267621 3.452365
9.104222 -7.199180 3.020048
7.429682 -7.071399 7.647555
6.699943 -13.320664 5.632658
9.734940 -2.600715 2.197187
9.112861 -4.126361 3.419853
9.720460 -5.389302 1.255901
3.953647 -10.037569 7.462893
3.274807 -9.546755 2.899973
2.023839 -5.552783 -2.136376
3.458786 -4.114828 0.187036
3.745761 -5.479944 -3.290791
3.408358 -8.030413 -4.752640
2.732514 -8.174990 -3.637208
7.391367 -11.024860 -1.362468
8.082567 -10.732203 -3.421599
6.458678 -16.100239 -0.082461
7.595050 -12.277624 5.030322
9.669956 -12.531905 -5.311287
10.805248 -12.166762 -6.727993
10.220812 -14.680340 -7.305176
6.049223 -11.054301 -1.500252
6.455632 -12.142220 -1.408225
1.783472 -4.558167 -1.227876
2.334722 -4.279708 -0.156783
1.306827 -6.156585 -0.294326
1.430653 -6.460431 1.181362
2.677857 -3.120955 0.331635
2.958916 -4.969743 0.164772
1.906737 -4.787159 1.393902
2.075983 -7.338569 1.533068
-1.499714 -6.898995 2.052608
2.896867 -6.113549 0.755347
1.665336 -6.958670 3.947003
2.591970 -7.141590 3.324407
2.460511 -6.369798 1.981447
3.180782 -10.270767 3.428435
-0.058261 -8.026051 3.069944
4.083782 -10.951496 1.656369
2.820893 -5.916740 -0.462782
2.296431 -4.047471 1.203842
3.244099 -3.054464 1.960754
2.118959 -8.314755 1.702625
2.062448 -7.795042 4.192894
1.100017 -6.179758 4.014606
0.583236 -4.998507 2.890005
2.235066 -4.243126 2.492246
3.102031 -4.539861 5.956743
2.961080 -3.766325 4.882478
1.789678 -5.378188 3.272745
2.291054 -10.671894 2.713902
3.247029 -13.602108 4.235374
-2.835410 -10.226726 -0.737898
-0.224806 -9.514469 -1.934772
-1.276205 -8.389543 -4.512863
0.200055 -9.742911 -5.938208
2.818687 -9.858254 -4.015629
8.873383 -6.882583 -5.084851
6.498821 -6.779239 -5.877617
8.652962 -8.189104 -0.008129
10.182995 -7.966094 1.544632
7.124314 -16.078217 5.189959
7.037270 -11.636109 3.971077
4.761493 -13.079606 5.267839
8.061772 -11.889475 5.631187
11.580516 -6.943270 5.589705
12.821554 -9.196995 0.587509
12.954532 -7.719880 -1.768389
13.029776 -7.975583 -0.913284
7.317347 -10.684135 4.076591
9.095059 -6.405930 -1.901532
7.307382 -7.444851 -3.654767
6.226818 -7.645249 -4.104365
3.375667 -4.152347 0.559369
6.715807 -10.689991 2.823605
3.533994 -16.658342 -1.676273
3.820889 -11.816423 -0.329601
4.136911 -14.381642 5.765623
4.275737 -12.759956 2.688581
3.579908 -6.222155 2.579453
2.265139 -5.569074 -1.017602
0.147719 -5.357223 0.605019
0.947112 -6.860655 3.306956
0.775162 -5.101354 0.758937
1.880746 -3.869035 1.224684
3.159303 -3.608586 1.237670
2.530963 -3.907960 -0.502790
2.229309 -6.508580 0.427441
2.736334 -5.872658 0.145480
4.716942 -8.907844 -4.756833
7.589109 -10.115366 -7.711520
8.403653 -10.312117 -5.282158
7.908986 -10.228148 -3.958507
6.542034 -3.836410 -3.090970
6.552363 -3.336186 -3.362271
5.606432 -7.563047 -3.545339
9.584380 -7.605699 3.177163
9.022768 -2.277669 5.627083
11.115799 -6.504130 3.528144
9.953615 -6.798973 1.526848
8.839634 -7.916229 0.518179
3.809751 -11.456891 3.137320
2.840728 -12.151569 0.698267
6.809514 -11.610834 2.064373
9.811270 -8.490819 2.165448
8.881933 -4.998446 2.284364
8.839175 -1.565569 3.299037
9.326564 -6.955846 0.009914
2.984808 -7.570316 3.502809
3.488307 -4.690950 3.578005
1.030733 -4.540936 2.554626
3.060133 -3.389205 4.510791
3.814038 -1.796543 7.965039
0.385281 -0.836346 8.625440
1.932961 -4.566543 8.746948
3.742834 -3.559394 8.911741
4.568933 -4.447593 7.109370
3.853220 -2.463520 7.721785
2.386159 -1.729277 7.030225
2.097708 -1.714197 7.449095
5.125339 -0.754353 8.691300
5.305500 -4.167556 9.270088
2.117359 -0.645450 7.487851
4.692664 -0.348552 6.729712
9.496521 -1.286811 10.345083
12.397128 -2.455313 6.017017
9.767764 -0.628547 2.216004
9.240021 -5.104143 3.882011
10.445808 -4.548823 4.730489
8.984797 -4.129228 1.288088
9.190323 -4.460681 0.738257
10.011911 -7.977283 -0.845123
8.907639 -5.395422 -1.829848
8.165948 -9.346854 -7.944875
4.898576 -11.868637 -3.052478
6.728082 -13.569655 -1.089942
5.446244 -11.466267 1.337301
5.359954 -10.864733 -0.385692
5.750533 -13.091162 0.453461
6.924701 -10.931919 -0.657594
8.704528 -4.605552 1.819514
3.029259 -3.927924 2.216906
2.406482 -3.464640 2.590083
-0.616770 -3.547406 1.466597
0.109414 -6.083493 4.563181
-0.048905 -5.561443 2.930709
2.834950 -5.051663 2.192416
0.788981 -5.084402 2.086153
-1.551929 -5.011227 3.193454
2.280252 -4.459311 6.243014
7.438287 -3.642943 -3.159122
9.224392 -3.963794 -0.421152
13.129995 -1.652471 0.904607
11.944582 -8.392465 2.709601
9.398823 -8.475942 -0.014202
9.124516 -3.673366 -3.752119
8.643984 -6.999981 -7.815485
7.592785 0.645243 -6.132133
7.477992 -0.872338 -4.404049
4.853620 -2.429150 -3.573481
3.274668 -4.651396 -7.881961
3.668899 -1.685563 -9.747335
4.332096 -1.542786 -7.042187
4.151301 -2.392501 -5.341302
2.033420 -4.508543 -8.161469
1.800160 -4.228595 -6.750689
2.141032 -5.450624 -7.181520
2.283060 -4.396139 1.059374
3.552266 -4.716523 -0.621583
6.562315 -3.195843 -4.195359
7.622838 -1.927294 -4.154189
7.250553 -0.330571 -4.755673
8.368517 -1.129765 -4.822890
7.974603 0.424315 -2.242657
8.904980 -1.754519 -0.841887
4.102976 -0.160057 -3.600355
2.799152 0.414199 -4.879217
6.123190 1.080880 -5.658667
3.495688 0.365385 -3.270071
7.533018 1.860515 -2.905813
6.203453 -0.209145 2.644119
2.435628 -1.557760 -0.228020
2.917026 -1.980451 -0.855944
2.160161 -1.149007 -0.162077
0.729850 -0.374265 2.681684
1.168522 -0.820032 2.460197
4.038159 1.561598 4.519246
4.168287 1.744634 4.968763
2.092798 -0.189611 4.720423
3.516472 -1.580255 0.163335
3.602125 -0.594157 2.970695
4.649894 0.812823 1.876249
7.071893 -0.396147 1.141168
6.428390 -0.284341 7.336052
3.687346 -0.851264 8.022738
0.947778 -0.860867 10.767789
9.395750 -5.328125 -1.550510
9.929137 -1.801887 0.357781
10.367135 -0.562057 1.025254
9.613474 -1.625624 0.233722
8.790581 -0.528240 -3.231387
5.522395 -2.121175 -3.174850
3.988061 -2.041673 -5.047570
1.436741 -4.021569 -5.903721
3.821054 -5.908652 -4.384465
6.303005 -7.132896 -4.422071
7.205601 -6.610013 -6.277094
4.930873 -6.523266 -6.877081
2.917860 -4.263023 -5.312437
3.446044 -5.861230 -5.852617
4.105669 -5.016161 -5.364177
1.398606 -7.355412 -7.821068
6.720622 -6.618901 -4.693705
7.535181 -6.483569 -4.755606
4.485260 -4.611482 -7.150288
3.530148 -9.983460 -10.689047
2.610145 -8.419940 -8.534227
4.556083 -3.205315 -3.785880
6.956327 -2.616795 -4.286984
3.437967 -1.574962 -2.787221
3.595839 0.527738 -1.780092
4.919548 0.906553 -0.684310
4.205319 1.063398 -1.604613
7.504867 -0.404621 -4.012174
10.362360 -3.292535 -5.697585
10.598788 -7.062935 -5.915134
9.710070 -7.068265 -5.673058
6.472769 -8.161880 -3.293693
1.648472 -6.428766 -3.981645
3.626723 -4.437074 -1.758749
3.542467 -4.954423 5.438826
2.746444 -8.198959 3.553737
1.311044 -10.015013 5.283966
2.059636 -8.017528 8.397111
7.229953 -9.615120 8.958154
7.255139 -7.276735 7.767910
8.062062 -4.017452 8.184901
11.526519 -5.364076 8.794701
9.350489 -7.180352 5.351066
9.384731 -6.412451 1.801477
10.667194 -4.371557 8.539835
9.358069 -3.138144 5.501819
8.036322 -4.701531 12.254151
7.297583 -2.913352 9.471054
7.728918 -1.806640 7.475202
8.719623 -6.650122 4.201276
8.859261 -5.856085 4.455648
3.628465 -3.231531 4.256717
2.845826 -3.655879 2.862052
-2.780352 -6.188713 3.045923
-3.531715 -5.420349 2.126147
-0.532910 -5.988829 4.962394
0.947304 -6.336222 4.409633
2.495703 -5.750661 4.622227
3.104658 -5.767112 2.482250
1.913013 -4.037810 3.030270
3.003618 -8.784665 7.685583
3.270957 -8.839494 3.809631
3.161208 0.438498 4.277438
6.716034 0.471148 7.025848
8.881832 -3.340443 4.927911
9.038126 -4.569530 3.543594
9.726921 -5.283472 0.875979
10.021077 -6.359609 -0.198365
11.136390 -7.472047 -2.210679
11.530646 -8.444038 0.846751
12.297368 -9.092497 -0.629531
9.259394 -6.300761 0.987517
8.769840 -6.521054 -0.499281
9.562655 -5.743146 -0.503620
10.491887 -7.378149 -1.192705
7.070129 -6.626609 -9.761963
6.353635 -6.624618 -9.966066
4.141393 -2.048364 -6.253836
2.996164 -3.927648 -6.858947
2.286132 -3.252069 -6.239275
4.609303 -3.176342 -4.567562
8.207372 -5.580530 -3.198933
4.039563 -3.006579 -3.185540
3.005829 -4.981816 1.853733
0.852051 -5.857606 3.494971
1.617321 -6.202747 4.326607
2.080997 -8.905610 3.454508
1.678993 -7.473637 4.866019
2.004839 -6.556952 5.343877
3.201651 -4.792269 4.040328
1.558262 -4.396274 2.798693
3.205976 -3.449371 5.807977
2.414200 -1.149237 7.523539
4.989636 -3.500483 9.256968
4.814234 -1.146912 7.241840
5.773321 -3.879111 8.161903
3.891437 -0.043605 6.957113
2.411099 -0.640189 5.081653
2.237952 -0.614426 5.585689
0.526065 -0.783613 3.207062
3.318033 -3.098849 4.235620
3.236530 -1.826486 5.646905
3.146109 -3.614754 6.836027
2.633565 -4.540550 8.420532
2.843299 -2.996314 7.045800
2.170981 -4.403891 6.006927
9.202021 -3.617005 8.121519
11.314207 -6.152475 3.611424
11.123389 -8.935049 2.831870
9.189056 -6.305594 0.643894
8.933092 -4.309942 6.353467
9.142527 -2.779681 2.233027
8.991726 -4.115590 2.195195
8.725134 -6.650236 0.982190
9.758510 -3.674067 3.074797
8.297295 0.684968 2.671143
7.186284 0.462924 0.465126
2.807475 0.978830 -1.214525
1.326976 1.299002 -1.252805
3.542227 1.109583 -1.339401
8.719394 -2.641500 -1.471607
11.610049 0.205719 -0.682236
10.657855 -6.648171 -1.684001
7.652680 -7.655081 -6.195520
6.607985 -11.421338 -3.584072
2.262405 -11.245785 -7.728420
8.202466 -10.364623 -6.343616
9.961700 -6.891008 -2.359075
9.784672 -9.123137 -1.041320
9.252661 -8.639299 -0.427286
10.361742 -8.313221 0.184357
9.308828 -9.238933 0.256995
10.813069 -8.238909 -2.852222
10.796953 -5.076158 0.347015
9.889382 -5.036301 -3.479522
9.687267 -17.502903 -6.155487
11.487514 -13.777941 -4.567969
8.805610 -8.933031 1.171829
9.826098 -8.133490 2.088966
7.975043 -12.576729 4.032845
9.178034 -9.254426 -0.251858
11.187527 -7.223703 1.814066
10.824156 -6.123602 0.216784
8.918927 -5.549557 -0.848821
10.530287 -6.692562 2.492386
10.326915 -8.769253 -0.388208
9.931386 -7.607522 -1.899806
9.003768 -8.843450 -3.149075
6.715427 -8.434451 -4.184059
8.210340 -16.383780 -2.541845
4.154174 -12.488937 -3.892701
9.398540 -14.325608 -5.736899
5.840873 -16.035961 -3.062284
6.524718 -11.867217 1.526353
7.438859 -12.815159 2.801441
7.123322 -13.182174 1.928368
7.114264 -12.539265 3.357398
6.486873 -14.612764 6.921052
4.933417 -10.911152 3.917341
4.656710 -10.692022 2.015815
9.561786 -8.749066 -0.093976
8.638844 -5.981014 1.389527
10.295313 -7.476554 0.546936
8.788460 -9.058884 1.925074
12.065782 -6.621185 1.173687
8.719694 -4.828790 1.524737
14.642899 -8.830689 0.589450
13.030061 -6.200741 0.513393
13.544886 -8.013831 2.600257
10.840320 -6.842402 3.583645
8.751390 -7.730608 3.108622
9.168567 -4.843069 5.945976
7.285200 -9.972975 8.324790
6.915381 -9.786726 7.675892
3.143951 -6.289185 2.631573
3.198814 -4.814277 4.176276
3.574242 -6.117294 2.993504
5.408629 -6.183479 8.519733
7.370695 -6.626785 9.243779
6.270285 -5.091499 7.175016
9.377796 -7.513027 -0.280687
8.161202 -8.677768 -3.148535
6.021855 -8.645038 -5.571504
9.966022 -10.547012 5.986938
12.442832 -6.204232 6.925863
10.253425 -4.152052 13.241992
9.399441 -2.760984 10.802846
4.456242 -6.964901 8.656239
6.580775 -8.353217 9.043905
8.309241 -8.067154 8.207629
16.546862 -11.570122 13.341627
14.377532 -15.975085 16.089378
14.374008 -18.891985 11.603011
15.364627 -8.146020 4.841017
13.888072 -7.344002 4.530234
15.621356 -12.023218 13.297158
18.986629 -7.181168 14.360064
10.496930 -8.235430 2.509111
9.753129 -7.601702 -2.212099
7.617411 -11.744661 -1.996950
7.134952 -12.665836 -4.539003
9.856330 -7.045583 2.745998
1.421270 -6.917717 1.649654
0.823141 -6.482718 2.619338
1.563075 -6.366491 -0.409555
7.787662 -8.315514 -3.187497
8.108408 -11.073675 2.148555
9.623279 -14.173306 7.822580
12.416227 -11.841209 7.734297
15.374020 -16.089561 6.072917
17.513500 -16.476671 7.115288
17.662737 -14.251692 8.588482
10.898865 -6.553888 5.269385
10.911476 -2.592721 5.322032
12.775578 -7.605769 7.173289
11.849157 -3.215229 4.397051
14.380046 -9.144926 6.759479
9.808504 -5.000734 9.343096
11.595448 -4.020415 11.109001
12.400847 -19.794653 13.423809
11.083274 -17.565727 11.655702
8.773894 -6.508892 8.052238
8.696449 -9.515556 7.155940
10.150079 -6.436074 8.384878
15.197855 -12.691535 7.587022
9.871481 -3.939987 10.215076
11.617447 -0.232785 6.560649
15.003184 -0.505901 14.537907
11.641035 -0.814310 13.010240
19.376629 -9.045559 14.396170
15.479057 -10.236827 14.906831
4.091099 -11.108601 1.662969
7.540393 -11.663056 4.805894
3.516099 -14.433102 3.482941
5.304196 -16.935312 3.784847
7.731784 -12.192060 0.361339
10.605403 -5.412786 4.418645
10.275059 -6.990141 3.653636
12.296924 -4.205578 1.087366
12.151217 -6.634033 4.078384
18.987156 -15.201993 3.217684
19.682827 -19.783176 0.464081
16.839380 -19.624146 -3.298293
10.776846 -9.001070 -0.597030
11.241768 -8.946513 -2.032391
14.277158 -16.724697 -6.267582
5.392819 -10.879197 4.013571
4.003396 -6.424801 7.111510
6.166563 -6.599017 7.713213
9.076553 -8.403219 6.753316
11.785280 -8.388606 6.139451
13.042402 -11.036999 7.430312
11.213632 -6.555576 5.543149
7.249887 -4.970542 9.300915
9.120623 -14.621161 14.493089
15.389314 -18.110062 9.630951
12.163900 -16.011116 6.744262
5.179177 -9.800600 -5.070598
4.025444 -6.511899 -4.938832
9.030269 -10.289794 -4.730369
12.732008 -8.590988 1.624807
10.958590 -7.137458 -3.416791
13.420640 -8.914462 -1.217069
12.134763 -8.853997 0.017211
4.364048 -9.365725 -4.169945
8.124353 -13.732614 -4.876127
6.098437 -16.285637 -7.651567
7.384183 -18.855238 -1.186311
3.848958 -12.318026 -4.867144
8.021931 -12.805290 -3.862010
2.776502 -14.440834 -2.076714
6.174526 -16.524614 -7.630162
6.499791 -12.993587 -5.528107
2.770314 -4.981222 0.509865
9.910238 -5.530102 5.234079
9.800942 -5.555241 7.493433
5.785390 -4.315282 7.767483
3.371116 -5.452509 0.191118
-1.152461 -5.090271 2.045948
-0.109625 -5.953271 1.505076
0.912617 -3.192670 2.694534
3.159025 -4.886677 0.993126
2.995635 -4.239058 -2.040735
7.221076 -6.036546 -3.482284
9.655180 -5.813241 -2.822865
9.398190 -5.224138 -2.184511
9.409248 -2.090119 3.063649
9.512895 -1.470320 -3.172349
9.331715 -5.510885 0.156003
8.892595 -5.379213 0.401919
4.507598 -3.190310 -3.154826
3.324879 -2.063437 -5.119838
6.227624 0.309818 -5.152236
7.185022 -1.150789 -4.031830
5.429041 -1.442560 -3.096712
6.082534 -3.475650 -3.107932
4.964091 -7.718978 -3.564500
6.395664 -10.951660 -5.398287
6.512868 -13.531696 -1.931427
5.817823 -12.469908 -2.494605
8.707935 -7.295823 0.906385
9.560331 -8.287215 -0.599210
9.765616 -5.420516 0.013238
10.465878 -4.003654 -1.569228
10.382467 -2.159832 0.610888
9.749467 -5.247358 5.561671
2.694661 -4.406116 2.003292
2.960486 -5.335851 4.742073
1.911920 -3.249847 2.468984
3.582674 -4.759039 3.242772
1.666476 -4.181749 2.788899
1.728904 -5.890233 3.468668
0.797101 -7.477004 6.312024
4.253044 -11.374774 4.524272
-0.464844 -6.503761 3.807013
2.933683 -6.926704 2.172172
3.298458 -5.095813 4.895369
3.144994 -5.454676 1.863747
1.230106 -5.722394 3.650249
2.644141 -2.016861 0.492224
2.559983 -3.316365 0.757840
7.333539 -6.644507 7.537365
5.774715 -5.763097 7.571168
3.835170 -5.468316 8.007910
1.258367 -5.678839 2.409392
2.789592 -6.314435 3.709987
-0.388324 -6.640121 4.493905
4.616852 -7.269310 8.574539
5.288880 -9.475912 12.876907
3.065338 -7.967041 5.579868
4.327808 -4.522952 8.236912
7.141648 -5.537690 8.353241
7.630621 -4.530802 8.014107
8.681215 -4.426431 8.168324
7.972381 -5.986400 10.274325
2.156612 -7.159067 11.280642
4.049407 -6.937952 9.237123
4.192635 -11.115055 6.127758
1.165034 -9.196846 5.493322
1.336061 -8.535488 8.653593
7.529676 -4.494018 7.723613
8.618087 -4.399286 7.861028
11.572614 -3.363417 7.510434
10.430808 -1.840374 3.919759
9.275168 -3.727930 4.684968
5.495791 -2.429058 7.580595
4.255133 -2.034335 8.859382
5.717568 -2.735835 7.566084
6.176094 -2.078388 7.183163
5.188987 -5.117468 7.946257
7.740583 -6.764717 7.156192
5.925856 -8.478916 8.309974
5.600042 -3.828239 9.847955
6.696414 -4.127913 7.590462
3.495813 -3.881704 7.635106
7.631573 -6.617071 8.215292
3.191077 -4.503183 2.473495
8.762990 -5.648757 3.923625
2.726987 -4.507827 4.920866
3.431637 -5.540041 5.443612
3.525501 -1.984388 4.754616
2.688438 -3.018365 4.237605
3.304877 -1.111831 4.108415
7.923334 -5.004759 7.099174
8.991557 -2.201895 6.461024
10.018024 -4.931450 5.262155
8.352005 -2.179965 8.170528
9.086181 1.100168 9.733068
8.647960 -2.398939 6.683718
7.660468 -5.722224 7.468040
8.687621 -6.383109 6.520388
10.708837 -4.535023 4.884376
10.571945 -0.148928 3.651828
12.199412 -3.953487 1.142033
9.558260 -3.949178 1.957576
9.230775 -7.759836 0.337928
8.014437 -6.468551 -8.558287
7.316484 -6.579628 -8.948406
3.959037 -8.471495 -5.042980
6.707981 -7.548325 -5.389748
14.397035 -12.782713 -7.094810
14.081055 -6.000395 -3.928642
12.200164 -9.084476 0.788233
15.197933 -5.792679 -2.945640
9.271967 -5.938832 3.068045
9.048845 -8.601333 7.233130
2.478726 -5.985152 7.513661
4.680119 -4.672431 9.536519
9.646965 -5.600870 6.629831
9.715199 -11.225471 6.593180
18.166311 -14.065437 6.435043
12.173895 -8.291126 5.673121
9.764175 -8.033968 5.429790
8.921520 -2.829927 3.339512
10.031072 -3.566963 5.215927
8.943139 -4.782135 4.129736
9.865423 -3.088763 0.989652
9.310106 -4.856043 1.358200
9.014564 -6.501775 1.278939
8.936703 -6.596866 3.609120
9.554549 -4.106881 3.909382
9.660084 -3.367619 3.486421
10.740937 -6.381017 6.618605
12.767940 -5.344648 7.770759
8.651262 -5.470178 6.216944
2.635385 -4.547165 2.084270
2.160843 -5.440030 6.290498
3.319079 -6.354787 9.389179
3.133350 -2.908074 7.724404
3.173753 -3.581953 5.132990
3.532399 -5.310608 5.478903
1.378348 -5.861241 7.178797
-0.604621 -6.133263 2.891597
1.238229 -4.807917 2.753986
1.973991 -5.855217 6.473152
-3.223231 -6.290011 7.214469
-0.509760 -5.418270 5.243006
-2.743460 -6.387162 9.923553
-5.871688 -4.966542 11.842318
-5.487901 -3.900900 5.597225
-5.732735 -1.417278 7.227100
-3.276744 -2.213883 6.758266
-4.131972 -2.357836 7.166441
2.062365 -4.849841 5.794573
2.707030 -6.086023 5.130459
2.368366 -4.677716 3.841667
2.742875 -6.864015 5.763039
4.207387 -6.107285 7.066910
4.601986 -3.845555 7.048005
5.894535 -5.441615 7.081380
7.202588 -4.882090 7.467444
6.105146 -3.246162 7.587535
9.890378 -3.134619 7.979507
7.711012 -0.515046 7.383599
7.582821 -6.275688 7.271100
8.564840 -6.833940 7.595006
9.572078 -6.950591 3.572587
10.172483 -6.726004 0.375508
11.411705 -4.641424 -4.162949
11.913807 -6.793929 -1.169069
16.320683 -7.333215 2.416052
10.188480 -6.957370 4.227162
8.706024 -8.040186 2.915754
9.389255 -4.239389 -0.017456
9.354202 -4.816012 4.965804
7.345026 -5.270979 8.412478
9.185205 -5.702006 9.357531
5.162437 -11.231494 4.284687
7.972024 -13.561113 3.387394
7.817047 -11.997069 0.009854
1.983915 -5.319710 3.321676
3.244708 -2.359139 8.255268
3.227432 -5.268567 5.895183
5.869248 -11.020455 1.238377
17.827459 -12.589139 7.005778
11.699286 -9.076344 6.608315
12.059576 -6.371687 0.826698
10.450917 -8.929738 1.876303
18.745049 -11.752365 3.598900
18.762676 -15.673737 5.242948
17.977055 -11.720066 7.337337
15.123945 -13.728125 7.805274
9.458062 -9.153838 6.144156
9.605159 -7.263751 7.104424
3.606230 -5.668525 8.033891
3.063742 -2.463161 4.744683
3.244896 -4.147120 5.008314
2.250273 -6.956925 7.785691
5.506120 -4.749644 8.528122
4.644701 -6.187629 10.649958
4.941967 -7.986340 11.398918
9.745835 -4.784445 7.559078
9.848255 -9.274253 3.402777
11.484350 -6.939962 3.303916
8.930588 -5.450855 6.710349
13.608789 -8.099660 3.096549
12.592642 -8.711134 0.435142
13.932138 -9.089157 4.285320
10.288431 -6.188927 1.453860
9.131844 -5.959076 2.758546
9.944193 -5.251679 5.765065
11.726836 -7.061135 8.201052
9.042290 -5.091994 5.030366
10.369917 -9.418289 1.240924
10.243579 -8.889731 0.943438
9.126783 -8.592535 -4.159751
10.292074 -14.206277 -6.168247
11.940141 -15.714708 -10.478077
18.054173 -18.381407 -9.170770
10.438402 -6.595764 -7.133934
18.462128 -17.885738 -10.931373
10.812576 -16.080778 -12.020307
7.692629 -15.271523 -7.965802
5.676957 -19.772373 -12.764902
15.663577 -18.925589 -7.392536
9.290696 -18.390678 -4.466932
2.364159 -12.447329 -4.899652
7.986997 -9.890672 -3.239568
6.716528 -11.711666 -3.709940
10.146894 -13.291387 -6.317559
16.023142 -13.408375 -5.368491
9.898013 -9.766673 -6.250010
10.145007 -8.652628 -2.875890
10.528955 -7.028664 1.656354
11.058465 -9.121110 1.713691
9.453508 -8.443062 2.387814
14.809752 -8.960722 8.163429
18.308035 -13.157454 5.754480
17.101175 -15.208082 8.143103
10.886193 -8.657776 7.900819
10.040226 -7.658506 4.908413
7.067933 -5.499526 9.440833
2.824571 -3.187867 7.781635
6.699005 -3.006665 7.214952
2.485463 -6.853490 3.179840
1.784808 -5.221498 2.237863
3.410074 -9.156796 6.263063
-0.022669 -8.446732 5.015892
7.087199 -10.818820 9.493635
6.579552 -9.521764 10.651709
6.935280 -8.381210 8.769341
5.757380 -8.092804 8.989129
6.686118 -4.820972 8.603416
5.215095 -3.568564 7.056102
6.892307 -7.293705 11.025389
5.623522 -8.683420 10.321270
7.013355 -11.189440 6.250340
7.315693 -11.449252 3.030912
2.962179 -3.481444 6.239318
2.114095 -2.683683 7.646257
4.110479 -4.093597 7.728456
3.244431 -6.261403 8.205822
2.583656 -4.432007 6.824523
6.118721 -10.330126 9.242234
3.345014 -7.261806 6.602221
2.931575 -1.520332 4.095972
2.948990 -2.593306 3.910694
2.321975 -3.930392 5.629010
3.057360 -3.441730 4.923537
3.367719 -2.009572 5.567048
3.706055 0.207325 5.464899
2.472611 -1.563436 6.794727
2.540285 -2.547560 5.199023
2.136556 -4.842193 3.916697
2.312610 -4.986325 1.888373
3.115829 -4.980843 2.389601
2.872634 -3.940463 4.037831
-0.576791 -4.665208 0.871878
-1.122071 -2.242239 2.407368
-0.780659 -4.336267 2.192370
-0.217524 -1.726936 0.395060
-1.067209 -4.567783 1.424851
0.137066 0.212621 9.490484
-0.356427 -0.359287 8.413147
2.133164 -1.311643 6.938689
2.833656 -5.346479 6.258800
5.122410 -4.348914 7.202675
5.481233 -1.153788 7.816196
6.236835 -2.985324 7.478791
8.347261 -3.144758 7.367564
4.749876 -1.863413 7.345167
5.598572 -0.739142 8.158922
5.133053 -4.604311 8.067090
6.949830 -5.813778 8.020469
1.750321 -3.797593 10.038595
3.817134 -2.116554 8.505573
2.134013 -3.796985 6.669498
1.129334 -6.182823 6.055139
1.878395 -5.327459 5.514717
2.673520 -4.229014 5.821585
2.793727 -2.482586 6.443544
2.916399 -3.048267 3.076314
2.156077 -4.366613 2.983328
-0.230065 -6.494993 3.298720
-0.426178 -6.416612 6.653374
1.475453 -5.217775 2.442169
3.542327 -2.883809 0.996845
1.418168 -5.398648 0.283068
1.755885 -5.576963 -1.862662
4.211467 -4.710168 -5.446166
3.645444 -6.773652 -6.815234
3.272552 -8.349774 -6.908367
8.343813 0.722098 -3.786409
9.385628 1.820258 -4.825830
9.720691 -2.365322 -4.412122
10.960106 -5.278657 -2.424154
9.797310 -6.717769 0.524351
12.703300 -5.715008 3.584394
9.025296 -5.131359 5.362221
8.382971 -10.604513 7.492338
4.703159 -8.159425 8.330097
7.189904 -7.628711 9.780239
6.153630 -6.820797 10.046548
6.416652 -9.428286 11.951141
11.163579 -7.802052 3.328298
9.984177 -4.316631 4.171294
8.317052 -10.507984 7.211709
5.457251 -12.115070 3.618892
6.614729 -11.353792 2.511656
10.114532 -1.991104 -4.620643
7.425409 -3.635638 -3.886933
4.367630 0.543504 0.575259
8.031477 -0.430966 2.531116
8.754339 -0.808308 1.827759
9.340125 -1.311140 -0.727165
6.826244 -1.659474 -4.468008
6.662435 -2.848821 -4.360057
6.981175 -5.463633 -3.479596
14.256981 -7.173431 2.230711
11.989135 -7.298573 6.326385
9.589644 -7.689745 3.529577
11.205732 -8.257878 1.453314
10.220574 -8.764562 0.434368
9.947309 -5.916877 6.288275
6.591630 -8.389161 9.310579
5.237904 -9.351570 8.410469
11.314474 -8.379071 13.340163
11.053555 -6.489999 8.427641
9.796394 -3.879036 9.347492
6.726909 -6.530296 8.275288
8.686586 -5.421794 7.306881
7.899447 -4.498494 8.207875
9.566722 -7.557855 6.029117
8.702957 -6.069720 4.129511
9.287848 -2.721560 6.954884
5.033394 -4.523362 7.972521
4.379168 -3.133306 8.192250
6.491595 -2.785034 10.948663
2.696325 0.143531 8.462463
1.482428 -5.533242 2.866868
3.371604 -5.358402 6.691973
-0.301282 -3.708429 8.271019
1.983006 -2.780204 4.975034
3.875286 -5.562611 7.457357
6.319234 -3.617553 7.858684
8.040936 -5.724407 8.856628
7.885258 -4.351132 7.520522
6.110638 -2.039827 9.249233
4.301283 2.602685 4.870956
9.583816 -1.011596 8.680883
8.266438 0.908808 6.551641
8.978129 -0.027646 5.312474
8.449324 -0.430688 7.380959
8.827554 -4.129000 6.941381
6.551856 -5.777161 8.450488
6.872790 -7.339731 8.366833
6.276702 -10.976690 7.132659
5.951963 -11.531355 6.828310
3.514047 -14.758829 4.457651
3.330685 -9.863180 6.855214
1.272521 -9.556798 5.670100
3.545285 -8.891374 2.832599
2.606668 -8.478778 1.829996
2.816261 -19.749212 -12.711058
7.457141 -13.405539 -6.670583
9.610689 -16.202318 -7.597503
7.852809 -12.648106 -2.910421
9.030287 -9.864919 -5.416641
7.722434 -6.309542 -3.114415
6.980393 -5.545259 -3.522421
6.368239 -6.032207 -3.051263
9.076031 -1.767452 -0.541732
11.162648 -0.461868 -3.420992
6.455544 -0.001839 -5.168066
4.885538 0.447647 -0.185349
9.080740 -4.302424 -1.417295
1.768661 -5.465638 1.594705
0.679654 -5.458800 -3.975093
4.291711 -4.873906 -4.087624
3.363964 -3.564295 -1.157022
7.254775 -5.409770 -3.463557
1.749852 -9.976036 -4.111839
0.028373 -5.455067 -5.463275
1.463135 -9.912588 -4.126521
2.558556 -17.668556 -3.275021
7.538503 -13.492315 -0.403159
4.894150 -12.638876 -3.080376
4.856238 -8.245992 -3.278745
4.142570 -7.067713 -4.713306
2.021905 -3.404695 -1.128780
3.650022 -6.420404 -3.227279
3.564310 -6.613944 -6.865734
4.888783 -7.766569 -4.579630
4.091148 -10.055773 -3.826534
5.242532 -9.739946 -4.728796
3.843527 -5.109041 -4.564307
3.853846 -6.511261 -3.062233
8.635135 -8.869688 -0.990449
8.824664 -6.802058 2.100898
11.477221 -5.913017 2.661090
9.628381 -7.891146 1.377909
12.377835 -6.872022 -2.439636
17.134651 -4.088387 -2.144020
14.062921 -6.249771 0.900878
9.104432 -5.442516 6.161666
9.049093 -4.186433 4.191020
10.670431 -8.582467 1.500262
9.736702 -7.724660 -1.193780
5.626937 0.521680 2.490866
7.296957 0.511256 2.904029
5.884383 -6.641584 -3.086730
4.424048 -7.366271 -4.221148
7.428194 -11.259762 -0.791668
14.131647 -5.319743 -7.827888
14.336242 -7.959199 -10.148816
8.983983 -4.067754 -1.536735
8.794948 -9.094145 1.924339
8.642258 -7.944572 1.360526
10.049156 -9.366886 2.901108
9.986156 -8.024638 4.203278
9.363703 -5.740187 3.296582
9.674085 -9.773228 5.811835
9.115743 -4.198808 5.224039
10.460045 -4.917880 4.825083
8.910261 -1.002971 1.676076
6.461177 -0.600395 3.066751
8.275510 0.536393 4.921169
8.734490 -0.923064 4.486938
7.598861 0.845635 3.050766
8.298013 0.094485 2.083817
8.639680 -1.949372 3.246405
8.964663 -1.738320 6.253773
10.107496 -3.419427 4.579789
9.038581 -5.068844 4.505694
10.565334 -9.520176 6.343536
5.637114 -9.058737 7.820907
3.383275 -5.747203 0.038649
2.206712 -4.500967 0.917495
5.894208 -5.615415 7.968581
1.628404 -2.925916 8.247974
-2.607323 -6.924966 9.309635
1.857014 -5.674086 6.532074
3.122672 -4.302788 5.749139
5.991852 -10.899691 5.625426
6.301048 -10.792903 5.272732
7.592643 -5.934035 7.501836
6.173505 -4.308630 7.196626
2.840186 -4.531503 4.811628
7.112042 -9.245891 8.207393
3.845278 -12.135365 7.455616
7.804820 -11.530602 4.663772
8.047626 -12.148137 3.119995
5.787428 -10.790547 1.343373
5.450112 -13.468248 0.258066
9.471452 -9.113184 -4.510818
9.002661 1.803016 -1.445103
9.692927 -0.708945 -2.045512
5.393026 -0.228271 -2.275871
3.456460 -0.511228 -2.344731
3.956500 -3.742950 -5.489943
3.261278 -3.496329 -5.068099
2.837359 -4.357209 -4.925624
7.620922 -5.563901 -3.053975
6.396976 -7.229598 -4.569337
7.655842 -10.013356 -3.020064
6.396478 -4.136186 8.434516
9.083899 -4.626971 7.758099
8.983588 -1.935010 1.948935
2.464481 -6.058515 4.789011
9.745565 -8.529827 -0.236691
9.681931 -7.543278 -2.223341
8.940855 -7.291831 0.866938
9.126297 -8.307152 0.886783
-0.551138 -10.340422 -0.628148
-1.763229 -7.031887 -1.752052
-2.440265 -7.262576 -0.257719
-3.031582 -5.731400 0.276476
3.622908 -12.894943 -4.564504
7.321740 -10.899195 -2.450919
7.487717 -12.392826 -3.909473
6.790328 -9.192225 -4.311378
10.098563 -13.683626 -6.948907
5.656710 -7.377653 -4.057354
4.761073 -6.610771 -4.234876
4.512692 -8.615692 -7.341714
3.158873 -9.000498 -5.260382
3.376565 -5.970803 -1.846386
3.261927 -5.724005 -1.443165
1.576681 -5.241805 -3.967334
4.924108 -3.208890 -5.122614
4.911501 -2.799082 -3.500283
6.725306 0.059859 -2.038662
8.338787 0.878191 1.319440
7.727577 -0.036606 2.661161
9.212590 3.518764 5.460911
8.437515 -0.719160 7.050075
6.361866 1.150539 8.822319
8.377087 -2.478068 8.675977
8.662163 -2.112225 10.335400
5.225041 -3.693594 8.565254
5.507203 -4.976480 7.050342
9.852617 -0.624377 4.870751
8.693655 -4.100620 5.319657
9.168037 -5.404886 5.781540
9.690955 -7.537012 4.457116
11.498958 -8.736416 2.837938
10.653075 -6.079134 4.097959
10.595486 -7.699069 1.697656
4.340181 -3.752822 7.400098
4.334326 -5.150822 7.353464
6.648109 -4.106719 7.269413
5.317394 -9.225731 7.216930
13.430412 -13.450972 7.278318
10.062098 -10.583342 7.087199
3.240488 -2.840636 6.762238
3.252065 -0.933677 -2.339038
2.673259 -2.897674 -3.061345
-0.192355 -3.084588 2.338549
1.904720 -6.103003 4.915514
2.547539 -6.773638 3.495990
7.280500 -11.190947 3.285943
8.767851 -1.341302 -0.696273
11.349323 -2.813773 -0.766139
9.609410 -3.864733 -0.550178
9.383713 -3.254323 -1.579452
3.236386 -3.743178 -4.311223
4.789643 -4.013783 -3.120795
9.258052 -5.654547 -3.364409
6.211476 -4.282585 -3.190484
9.198256 -5.144280 2.435122
8.010394 -10.086485 7.810626
10.792274 -2.302057 10.432321
11.558197 -5.315457 9.160923
8.251606 -3.452330 9.270123
5.089659 -5.874045 8.006245
5.941882 -8.414324 10.744056
5.362474 -7.520654 7.998756
10.061871 -9.034565 2.121998
9.035297 -8.987220 3.192314
9.808641 -1.419374 0.797272
8.810441 -0.608329 -0.561580
6.797734 -0.250040 0.768965
10.435439 -5.396428 4.917160
8.776897 -6.711655 3.735435
10.645554 -4.799494 6.125105
9.430322 -4.877935 3.846314
9.481416 -4.142715 5.327039
9.987705 -2.720224 1.404044
10.007013 -8.268286 1.756267
9.655006 -8.475346 0.663382
8.822140 -3.483850 4.429276
8.838114 -5.085944 0.457482
9.402159 -5.872747 1.750847
10.985576 -8.000171 0.903597
10.370199 -9.179291 3.424066
8.684046 -7.035556 -0.475607
8.638305 -9.134840 1.149308
2.431119 -3.501563 5.189326
4.419952 -4.006214 8.424100
1.976965 -7.352081 8.668297
1.957361 -4.034767 6.670338
3.375506 -2.870221 4.891695
3.031695 -6.336224 2.259115
0.123200 -9.728300 7.280128
1.318590 -7.598847 5.119314
3.033425 -8.514181 1.884095
3.042994 -12.591036 1.092603
3.711723 -12.958608 5.505922
6.203224 -10.203362 9.091554
7.038756 -8.718788 11.030126
9.915201 -2.944069 7.622843
7.902165 -3.804049 7.296957
10.373057 -5.010378 7.835176
8.106228 -12.025603 0.720097
4.655044 -12.102499 1.031186
1.915972 -5.266168 1.257358
0.631796 -5.133309 1.750317
1.753763 -5.040377 2.499018
2.809023 -3.839235 2.985316
3.038307 -4.734552 5.645894
4.877193 -4.768712 8.714371
2.406227 -7.338868 8.332986
8.726399 -8.414904 3.232489
9.160912 -5.732716 2.922412
9.028350 -5.800082 7.029119
5.554502 -5.713351 7.430415
5.713992 -4.938559 10.750136
2.334292 -3.131454 6.793909
3.553122 -4.085751 7.917845
1.546672 -6.832265 11.312315
3.532962 -6.446189 6.188786
2.840183 -4.424486 7.826225
2.572550 -2.289550 5.049266
2.420566 -0.253741 4.821835
7.358428 -7.449282 11.342182
4.135704 -5.428623 10.031466
8.851395 -8.488131 1.910936
11.177155 -7.728742 0.444547
9.610957 -8.783073 2.572191
9.685041 -6.361846 6.660608
9.288536 -7.141259 1.345444
9.922772 -5.825245 -0.218772
12.809572 -6.766123 2.008976
11.545319 -7.923320 3.056987
9.879838 -7.350835 1.076191
8.775987 -6.608348 1.248812
9.466618 -7.737327 -0.393748
13.865146 -7.569450 -1.311716
7.882156 -8.887558 -5.758204
10.637981 -6.377218 0.187084
10.072916 -9.395272 -2.166185
10.815788 -7.976861 2.664895
13.299551 -7.577706 1.817508
13.323717 -6.755951 -0.158713
11.461305 -7.658117 0.647413
8.920688 -4.930007 3.606706
12.008211 -7.892645 5.843596
9.475413 -12.901897 6.032507
15.931458 -18.243477 6.035060
17.844107 -13.739382 5.973201
10.638560 -3.903771 6.358857
10.037924 -5.922060 1.875212
9.373009 -6.905506 3.623903
10.107605 -7.465095 3.790193
10.340902 -5.297377 7.637153
7.305660 -4.934163 8.052542
7.135446 -3.944749 7.277827
9.004041 -5.464294 5.030842
9.091338 -4.171452 6.753035
3.670243 -5.125367 9.999471
2.622077 -1.195591 3.515316
10.208937 -3.481380 3.886489
9.282795 -1.108720 3.485450
9.127216 -4.109110 1.751759
12.682261 -0.473893 -1.098396
11.490058 1.329403 1.386067
8.651141 -4.725291 3.677744
1.773634 -5.517115 -0.142764
2.050641 -6.300163 -0.940149
3.017384 -9.066657 1.935355
2.341311 -3.789509 1.510546
-0.136950 -2.527297 -0.749474
1.937663 -4.433097 0.808425
-0.005797 -6.574347 5.352171
2.787627 -8.275887 3.755635
8.701138 -4.868892 3.950915
6.718581 -5.087604 9.656179
3.503048 -5.171674 7.432551
1.912441 -2.397569 5.312858
2.390414 -4.905552 3.902555
3.006768 -4.217243 4.811024
8.631432 -6.383137 7.073659
2.800726 -2.616375 2.875561
1.402345 -5.667944 2.366488
2.395747 -9.580032 7.247004
2.524154 -5.966437 4.515823
4.086670 -5.343199 9.523864
6.209548 -3.444072 7.025852
8.013905 -5.343071 8.119629
11.715815 -6.333104 4.618962
14.926094 -8.367336 1.918380
6.812990 -9.200001 -4.557204
6.338696 -8.937841 -6.513971
13.908741 -9.544962 -7.195580
17.163437 -11.618967 -6.136495
16.493702 -6.124515 -2.832170
15.287066 -7.470572 -0.915096
17.132017 -7.344784 -0.800329
16.514128 -7.997708 2.261560
13.339678 -8.371728 1.358641
17.239710 -8.314956 -2.762646
11.345939 -4.303477 5.982483
8.869393 -13.856377 5.855424
9.388526 -12.702193 7.834338
3.967843 -13.526995 8.449874
4.369052 -12.677782 5.024439
8.076985 -13.537985 0.597026
8.011357 -13.156651 -0.109073
9.858915 -5.412293 -0.776040
9.971910 -8.632670 0.674942
10.339674 -7.380549 -0.035768
11.202598 -5.488934 2.606167
9.706103 -7.238562 -0.233350
9.063295 -5.907960 2.281529
11.055699 -6.778049 1.672682
11.906370 -5.033910 0.788048
8.702107 -4.263128 -0.002286
12.221536 -7.006838 -0.861616
8.967275 -3.182185 -2.518113
18.598495 -13.079336 -1.511284
18.609838 -10.647335 -2.242960
19.310757 -15.145054 3.398281
18.509447 -10.277260 7.259058
10.987171 -8.617364 6.632245
14.545607 -9.141210 4.830375
10.043031 -8.918383 0.689769
10.524980 -7.264348 -1.202560
8.967880 -9.563204 -5.232061
12.270102 -8.990276 -1.627111
9.338367 -9.040859 -0.475522
9.323548 -7.617491 2.041818
8.734678 -9.024352 -1.473726
10.912829 -6.405859 2.468569
9.963152 -7.344485 4.034878
7.336182 -11.162938 -2.494201
3.889950 -8.855301 -3.812752
8.216385 -7.222102 -3.044483
5.531137 -8.784039 -3.911634
6.159964 -6.147102 -4.421610
4.457888 -9.561234 -3.973945
4.031621 -8.949074 -5.006197
3.925288 -8.282699 -4.174301
7.032347 -9.409779 -3.874608
6.590014 -8.126298 -3.267600
4.413788 -8.099328 -4.354033
5.547047 -12.398009 -4.482617
0.098818 -12.658195 -2.433841
6.980979 -13.696364 -2.902534
6.336451 -11.414881 -4.915309
2.379670 -8.392147 -4.846563
-1.750346 -4.339822 -2.278690
-1.548533 -10.762156 2.704014
-2.853393 -9.180259 2.130806
-1.891285 -9.687237 -0.313325
-0.515653 -7.014567 -2.155944
-5.075657 -8.141767 -0.596802
1.521886 -6.155956 0.722482
3.213046 -5.734699 0.813590
2.868520 -6.706099 1.722452
2.036975 -9.399596 1.937268
1.083568 -5.734047 1.375513
-1.972570 -6.841977 4.010044
-1.065202 -13.837285 9.622849
7.519167 -11.343626 2.859143
9.071731 -4.525581 10.305983
11.497585 -4.890385 12.573213
7.885666 -5.819092 7.869943
8.743885 -6.061501 8.491431
9.904632 -3.298060 3.114666
9.714100 -5.018038 -0.041943
9.159325 -7.022650 2.518708
9.308884 -8.181824 2.267856
9.788145 -7.995259 5.282220
8.961271 -4.790097 4.035016
9.155368 -4.356621 6.129140
8.916024 -4.953582 4.276575
7.537448 -3.492183 7.206476
1.903173 -3.797847 2.652330
8.107050 -11.233089 6.378866
1.707263 -6.263409 -0.462345
2.024439 -3.887858 -2.153015
5.191921 -4.310637 -3.033862
4.783447 -3.951863 -4.896014
4.409645 -2.793362 -4.828813
4.601894 -4.925187 -6.487684
8.081644 -7.796698 -5.691659
4.653062 -6.137920 -6.552067
8.799270 -7.178010 -0.253967
3.491915 -0.802949 1.471479
2.429070 0.042146 1.085732
3.093636 -6.893878 3.942176
2.494640 -6.970931 2.888375
1.521651 -5.497167 1.785201
2.292969 -5.311318 1.004662
2.426764 -7.103609 2.168681
2.707648 -9.019745 2.205061
-0.952208 -11.281187 3.423709
-2.481345 -11.768431 -1.722310
0.633855 -8.670868 -5.657634
-1.725160 -10.859152 -3.221586
-1.694366 -7.288156 -4.642549
1.209019 -6.235098 -2.731313
1.327893 -3.859863 -1.130057
0.356135 -2.424986 1.980722
2.056506 -3.546275 3.072512
3.216065 -1.418484 6.260067
2.348403 -6.184408 7.639794
4.549859 -3.966539 11.037221
6.270578 -0.274237 9.039875
5.072051 0.097711 7.248981
12.063099 -3.303930 2.015672
9.546205 -4.829956 6.936381
7.434273 -4.334868 8.567583
9.641663 -2.234513 5.969932
11.812778 -3.506992 3.238530
9.583380 -5.482745 2.367618
6.769216 -4.737911 -3.427761
7.818577 -6.498747 -4.631557
6.691208 -4.014724 -4.306033
4.781909 -3.970258 -3.441908
6.700637 -4.466618 -4.206145
7.061634 -4.726964 -3.597827
2.777446 -3.338529 -5.188570
4.364274 -5.749191 -4.379885
4.627195 -4.324061 -4.747586
4.718562 -2.736042 -4.703716
4.481391 -0.746901 -3.559878
5.467397 -0.995817 -5.452889
3.682580 0.035847 -6.337004
6.109914 0.790154 -6.147923
10.288763 1.140584 -10.826424
7.854690 1.955150 -8.647654
6.178957 -6.724081 -5.379043
4.810671 -6.171645 -7.701361
7.679946 -6.859658 -7.737360
7.677925 -6.431252 -6.771242
9.045446 -5.946396 -0.081652
8.192897 -3.212001 -3.109445
7.715764 -0.853291 -4.149633
5.328736 0.936184 -4.708519
3.597553 -0.667219 -2.168562
3.230036 -1.358415 -2.505796
6.713503 0.138687 -5.433862
4.779834 -0.255249 -2.204173
4.798621 0.348504 -3.274953
4.109516 1.166337 -3.707789
7.350422 -3.912010 -4.125000
7.419140 -1.026540 -4.179921
5.781760 -2.795138 -3.286026
7.358315 -2.047707 -3.755494
7.664839 -4.153992 -3.220149
4.574980 0.328122 -3.282175
8.283309 2.131758 1.233707
8.212550 2.054835 4.466080
7.514443 2.625051 0.633349
11.220140 -1.120938 -2.132101
9.650333 -3.977556 -2.292269
8.284480 -2.825887 -3.614393
6.873441 -4.690926 -3.215491
4.730384 -1.709932 -4.764604
4.911229 -0.075994 -5.991182
3.064358 -4.359755 -6.857787
4.808183 -1.710778 -6.646685
5.943487 -7.078548 -9.222324
7.123195 -7.199106 -8.313666
6.652657 -7.245203 -7.573995
4.053748 -7.901845 -8.170862
10.151926 -5.770234 -1.429938
8.535235 -5.389629 -4.118978
7.358026 -8.295300 -3.892439
3.361389 -7.091797 -4.028381
6.573458 -9.597322 -6.043396
5.998599 -10.265670 -4.868877
3.913602 -2.479158 -4.286762
5.644767 -3.849385 -3.092456
4.653471 -4.502941 -3.150820
4.830770 -3.247843 -3.219269
1.504703 -3.864215 -4.562002
6.270916 -2.335548 -3.404358
4.059902 0.239398 -0.763220
7.236710 -1.008218 -4.308741
6.133782 -1.419227 -3.291835
9.966404 -7.415072 -0.309810
9.359656 -3.759292 -0.280811
9.582655 -6.863622 5.257822
9.491398 -8.518024 0.969983
10.497026 -9.101703 -2.089815
6.849119 -8.172853 -4.197838
4.470741 -8.847312 -3.771224
9.650361 -11.342025 -5.568891
14.994403 -15.884672 -7.107500
5.745584 -9.591292 -3.192896
2.228199 -8.096799 2.490652
3.684115 -7.462148 8.427077
3.582259 -4.175270 7.834176
1.900024 -6.691881 3.223437
0.485808 -5.613849 1.764702
1.895964 -5.924821 0.386609
1.909555 -4.105671 0.694083
5.955678 -10.847027 -0.285514
4.779205 -11.462315 4.431705
-0.466009 -13.349674 7.761064
6.336458 -11.566261 2.326900
6.125274 -11.002010 1.145784
4.445023 -10.905867 2.989323
0.987790 -11.185674 6.006507
6.259116 -15.801880 4.283209
7.052499 -13.485315 6.775790
7.917900 -6.558133 7.449556
10.967168 -8.859354 6.262694
8.676210 -11.684685 6.323345
9.395198 -6.549636 6.483153
10.054446 -8.519186 3.701465
8.679268 -8.145316 3.946142
9.295069 -8.875693 2.400835
11.047171 -7.366235 3.112251
13.520718 -8.095057 6.629437
13.010529 -7.831574 7.018769
9.233936 -6.549873 3.041548
9.433540 -8.790921 3.647655
9.656590 -3.537174 5.987829
9.886254 -5.376398 8.579522
10.490538 -7.543610 0.247823
11.446886 -4.645682 3.468924
5.549461 -14.995501 5.085555
7.868082 -14.763002 6.539118
7.390726 -11.333939 7.005889
7.210913 -12.339846 6.618871
6.831730 -7.545974 -5.403305
10.684552 -5.902081 -3.356607
9.192878 -2.410774 -2.801815
8.262397 -4.500090 -3.692392
8.651096 -7.303389 1.055455
10.765274 -9.059297 2.519372
10.849313 -6.243572 -0.587031
9.135516 -8.912518 2.643635
9.302026 -7.874307 2.652265
9.035061 -8.275717 2.680259
6.523055 -11.385293 -1.229624
6.418758 -11.792871 -0.544688
6.449446 -12.995158 3.057140
1.769892 -13.904741 0.967505
3.603748 -7.738646 2.767764
6.257919 -17.424763 3.734213
6.442381 -11.053392 0.587415
7.299047 -11.380940 2.430388
6.713582 -11.411612 -0.387738
5.454414 -11.378446 5.275043
4.956050 -15.327557 1.778128
6.669302 -12.407102 3.181182
-0.103988 -7.239172 4.001165
2.834274 -6.913362 2.247262
2.145161 -3.530397 5.171843
3.522697 -3.305209 3.014668
1.691899 -6.068137 3.419683
9.519988 -8.697565 8.224103
10.473583 -6.821685 16.551018
4.620300 -4.810191 7.070637
10.255007 -9.876827 7.932615
10.241043 -6.150164 9.593637
7.114257 -3.422172 7.048106
9.094278 -9.870445 6.729118
10.607289 -9.062938 6.025536
5.811745 -3.343380 8.914193
5.064622 -5.761959 7.352921
6.516991 -4.897002 7.965839
7.646468 -5.086946 8.232382
10.063248 -1.163327 9.242621
9.230602 -5.903605 5.428051
8.704814 -2.447655 6.395171
9.225776 -7.188980 5.558756
9.757801 -7.243624 7.061363
4.044868 -13.808913 8.287428
2.072426 -11.047363 2.438930
2.263383 -13.090494 4.026031
6.679216 -13.354741 -0.633658
7.080774 -11.284693 3.457618
3.014764 -11.391988 4.451225
2.149788 -7.838532 4.674941
2.945051 -5.214034 1.975970
3.083768 -6.687424 3.564100
9.939052 -6.393006 2.686321
10.300116 -6.536317 2.923722
10.093518 -3.546109 0.969220
9.933167 -5.784420 -0.052419
9.403802 -8.603113 -0.155385
10.671702 -8.667891 6.641437
11.725654 -4.319416 5.925079
3.447427 -2.931868 5.451122
8.682568 -4.422836 7.292824
6.805332 -5.357454 10.443706
4.108003 -2.303245 8.372783
4.705816 -5.221396 8.331480
7.384694 -9.341824 10.810257
6.883305 -10.975509 7.284178
4.405230 -10.269195 7.880723
6.069374 -4.415896 10.702803
8.858544 -3.461806 9.117554
7.416945 -3.134315 7.351156
6.121428 -2.308114 9.615082
10.789246 -6.569620 5.653074
9.438498 -6.066973 3.011143
11.964083 -8.473779 5.010566
9.022555 -8.831038 8.096189
7.582226 -11.442732 7.449411
7.287007 -12.189202 8.146414
7.822072 -10.946424 2.578019
9.518188 -7.688055 -0.005391
12.056933 -6.582231 -0.179352
10.849674 -8.125475 2.248562
8.290718 -5.809160 7.105020
2.425629 -5.566933 1.713344
1.902415 -3.851533 2.439857
2.413696 -5.839803 0.417860
2.150359 -8.912939 6.339111
2.032041 -5.453012 5.688622
4.857819 -4.690084 8.295990
6.401061 -5.527032 8.627508
8.483725 -4.429145 8.551425
9.220811 -3.155990 7.516995
8.809720 -4.193389 2.449072
9.668376 -5.054488 3.709801
10.243144 -8.937932 0.534029
9.906116 -7.524884 -2.513569
10.746408 -6.776164 2.387375
9.555660 -8.635359 3.227032
8.934733 -7.066470 2.429997
9.158731 -4.106933 1.983167
9.342756 -4.452984 2.733244
8.813533 -7.356303 2.554014
8.711290 -6.760378 -0.511006
11.579779 -5.013524 0.396750
10.373435 -4.189779 1.705261
14.533943 -5.226410 0.763354
12.238883 -5.551280 2.868001
9.132677 -7.416893 -0.472750
9.710104 -7.444313 1.460743
9.167171 -4.443691 -0.172095
9.828404 -8.247648 -1.193354
8.693205 -5.502877 0.544384
12.295879 -4.004262 -3.777097
10.305070 -8.780157 -4.158444
3.839736 -12.265006 -10.628695
7.346992 -15.287506 -2.219025
6.248302 -16.105762 -9.059418
12.456877 -14.561489 -5.734962
