12.925226 4.576741 -6.957064
8.048429 5.534079 -2.012251
7.188222 5.998700 1.174308
7.412848 2.577173 3.862985
8.088225 5.782893 -0.752747
7.466749 6.465500 -2.272992
6.537080 10.398678 1.194187
6.052687 7.037087 2.181929
5.897165 6.635365 2.703707
3.433522 7.715802 5.011423
5.780581 3.106774 5.243917
4.707458 1.697481 6.147069
2.713320 7.984998 8.935431
1.153839 5.767292 5.717380
2.315859 5.853150 4.648409
4.006531 5.702577 4.573226
6.396408 4.035153 4.673598
6.426786 2.330646 6.613602
3.486254 0.574983 5.966448
2.152749 0.399458 7.868518
2.515682 0.500744 7.062571
4.877090 -1.763896 10.685363
1.015298 -0.282645 8.901493
-0.585176 0.521468 9.312027
-0.794720 0.214675 10.215939
0.266842 -2.766621 9.883389
-3.785127 0.423817 9.199014
-4.090281 2.119148 9.661860
-6.535398 2.350164 10.823734
