0.821999 16.242592 -9.949025
-0.798724 13.293991 -8.135663
1.956881 6.579791 -6.885707
-0.383971 1.193488 -3.302841
1.622563 2.638371 -4.435874
1.946683 -0.142280 -5.002790
4.430986 -0.484071 -3.866518
6.131137 0.393516 -3.197978
7.192525 -0.145421 -3.981878
9.862921 -6.385069 -2.560298
10.048451 -3.820623 -0.059298
9.449342 -8.416454 4.744640
9.024974 -6.013791 4.993571
10.343322 -8.013996 3.169591
8.705105 -5.898157 0.995458
10.054122 -8.684980 5.372547
9.661929 -7.006014 5.842371
10.318003 -8.128527 2.161384
2.300792 -7.382655 3.576772
3.211187 -6.529549 2.728580
2.872286 -3.890268 2.168367
2.143746 -9.129475 4.481183
1.980379 -6.145754 2.699967
8.650892 -10.676506 5.920286
7.736169 -11.779542 4.618359
6.507377 -10.691488 7.637413
7.369959 -12.780451 6.711383
6.971433 -11.994400 9.803128
6.986985 -7.660768 15.125565
12.559296 -8.381631 18.583824
8.039105 -13.323956 14.074811
11.456508 -7.891213 16.787817
12.933458 -10.456587 16.976372
9.693232 -7.996914 14.115367
11.675875 -5.059569 10.614103
10.295956 1.387168 7.067292
5.844576 -0.566922 4.548923
8.357697 0.497715 6.474896
9.765114 -1.573972 9.727744
8.654345 -2.284830 4.583863
8.713223 -7.152867 0.662093
9.249462 -3.340741 1.508994
10.055025 -7.304276 3.797856
3.306239 -0.075493 4.829163
1.826712 -3.046885 5.698972
2.911186 -2.248888 2.082599
3.401525 -7.287229 5.870028
1.552999 -8.027651 5.906419
2.522624 -8.479609 4.880566
5.013747 -8.346166 7.484554
3.280456 -3.407263 7.358786
3.987250 -6.989228 7.006636
5.947047 -6.509688 7.171861
7.960885 -4.174978 9.895039
5.804129 -6.134234 7.924268
4.547453 -8.849236 11.337255
1.986634 -7.136937 5.570533
2.716653 -6.427382 4.858466
10.838809 -8.159683 5.138643
9.607905 -4.673919 5.586145
7.245275 -8.206823 7.023049
11.954082 -8.808044 7.096155
10.315052 -7.068116 5.195292
8.961580 -8.948931 4.081728
3.442245 -3.851045 3.150969
3.381012 -5.098434 4.652776
4.242986 -5.045188 7.069811
6.287467 -10.748329 7.468889
6.441942 -9.996478 9.333606
3.984581 -11.162524 6.007025
7.495504 -10.650839 8.263616
12.798456 -10.054221 6.708201
12.043868 -8.394784 6.026021
8.436980 -3.238573 7.696464
6.674299 -6.652972 8.997396
1.101087 -5.453957 11.465777
3.552155 -9.731430 6.893859
3.600538 -3.257753 3.597504
2.421602 -2.849047 9.115686
2.966964 -3.903515 5.349801
2.644842 -3.082902 5.059381
4.726181 -6.250047 9.354559
4.314672 -6.718061 8.052875
2.908189 -9.572102 7.970779
4.854827 -3.588244 8.468820
5.326910 -3.486373 9.362896
6.930911 -0.901646 7.237170
7.130715 -0.509156 7.102733
6.859115 -1.713481 9.293375
9.020212 -0.713140 7.322789
8.708433 -1.143890 5.015333
8.940681 -5.283933 4.848194
8.861687 -4.087924 3.753260
10.220964 -2.293837 7.701926
6.325214 -5.208881 10.220408
6.819653 -7.927547 10.478059
5.614715 -7.540772 9.653275
7.038126 -10.267005 9.647799
6.444666 -8.204502 7.195012
9.354657 -6.795197 5.856942
8.837890 -8.240583 5.797748
10.248985 -8.546125 4.826255
7.131536 -13.995668 8.410878
6.005795 -11.149025 8.031292
8.976920 -4.727805 4.423745
11.422238 -4.543701 0.916279
10.790901 -4.211410 7.186133
8.718828 -1.854923 6.589245
8.680467 -1.270757 5.453001
9.461625 -10.004331 6.923788
9.945048 -5.565478 6.971246
10.497266 -11.763798 7.898703
9.001852 -9.861942 6.121183
8.875763 -1.554044 5.380064
9.409668 0.091637 4.397274
8.081177 1.305947 3.361214
11.369123 -5.245519 4.684544
10.103101 -2.174567 1.619218
9.218763 -7.847739 3.607610
8.935042 -7.108272 5.333540
10.249339 -7.363312 6.390234
9.173470 -7.940695 0.390994
8.843485 -2.956747 -3.170632
5.796552 -2.668993 -4.145673
7.942215 -3.476722 -3.913356
2.660253 -4.444715 -2.964835
2.218712 -5.997391 1.774447
2.765322 -5.372401 0.652059
2.690877 -4.420548 2.977391
3.509753 -7.193926 5.309286
2.750009 -13.192818 4.258628
6.195537 -13.444359 9.130410
8.912720 -18.167364 6.899280
13.127499 -9.156684 7.793220
10.592145 0.662072 6.721357
9.187600 -5.870699 10.838446
5.518574 -6.022586 7.966891
2.707758 -1.884927 3.309170
3.355728 -4.815382 3.537748
4.693063 -4.720496 9.142951
5.559190 -5.084451 8.699955
3.424354 -3.145923 5.818572
4.864626 -2.957492 7.022865
8.635930 -8.928446 8.067001
8.723252 -4.982820 3.236725
2.702215 -8.814081 -3.685870
5.760769 -8.347075 -4.002460
7.980664 -12.092611 1.858308
6.916823 -10.733151 0.550796
3.041759 -6.080930 -0.384454
7.574818 -13.356084 -3.519351
7.435324 -15.383966 1.634700
3.603601 -11.727942 -2.851405
5.664731 -13.409794 1.657242
9.239500 -18.031122 6.989174
9.012449 -10.111563 5.913958
10.384548 -7.965872 7.635214
8.213169 -12.043056 7.075129
11.080139 -11.095402 7.513023
9.059697 -9.044930 13.325712
11.285233 -8.042489 15.333395
2.689195 -7.457630 14.835810
6.137219 -6.487981 10.354876
4.383115 -9.299153 10.543083
6.085996 -5.675619 11.573926
5.663822 -10.583099 10.047853
5.265461 -11.252221 11.319649
3.521277 -9.329124 6.591100
16.140509 -9.532476 7.270049
15.856563 -11.866499 6.992943
9.365738 -7.836263 6.062119
10.348720 -6.119651 3.945286
17.390276 -14.586654 7.241123
12.426094 -14.182348 5.985754
4.475853 -9.613975 9.250526
16.982178 -13.371448 15.932031
5.601679 -6.009811 8.010204
9.478300 -7.038076 4.256450
8.878049 -8.298096 2.781351
9.414159 -8.352002 -0.454873
3.253323 -4.916831 0.858606
7.803290 -11.471600 2.312743
4.850287 -11.256712 5.871039
7.893618 -11.744348 3.928525
3.562876 -9.219864 6.914349
2.395209 -8.409763 8.183271
6.153724 -12.012245 4.799822
9.832923 -14.064564 6.290095
11.849319 -17.140409 9.652972
18.433382 -17.848070 8.358623
