-0.648259 -9.096136 5.724941
-1.556694 -6.518550 6.211055
4.565874 -7.777943 8.092093
2.980716 -5.754223 6.695202
3.400290 -4.006528 5.299340
1.903868 -4.237116 4.302192
3.276380 -9.844705 8.308724
1.391643 -8.053655 7.844055
2.114800 -7.210627 4.061133
-0.736310 -4.838156 2.444833
-3.216229 -4.877166 1.070670
-3.593685 -4.400445 1.904579
-2.602625 -3.530886 3.071231
-2.610834 -4.566143 2.863268
-7.144192 -3.903308 3.742077
-3.626292 -2.637188 7.185995
-3.699495 -4.678208 5.046720
-4.491210 -3.558314 5.151020
-2.724251 -8.139029 5.614711
-1.682590 -5.790867 5.985858
1.456160 -6.966231 8.871174
1.981414 -7.044745 6.199085
-0.567305 -5.872542 8.107899
2.025740 -5.498871 8.083290
2.316763 -4.353912 6.343483
2.474829 -4.893367 8.291288
2.838991 -4.821285 5.186780
0.014588 -7.132043 6.071866
-1.531876 -5.960927 6.168056
0.283360 -5.463474 5.075300
3.354392 -3.852130 5.386355
2.156061 -5.555520 6.205852
2.969332 -3.797520 5.964168
2.726036 -0.482070 4.207344
-0.533025 -0.486045 2.480593
-0.821208 -0.285040 2.134567
-1.630899 -2.702914 2.032242
-4.213533 -2.587908 1.698237
-3.230498 1.898384 4.752674
-3.697553 1.197267 6.265344
-4.467403 5.261531 7.303571
-3.288949 -0.033457 7.010009
1.358044 2.109956 8.993144
1.336281 -1.611837 10.166731
0.409530 -6.153192 8.070358
4.370715 -5.394760 7.301020
3.201766 -3.687973 4.046071
2.788773 -2.487744 4.878322
2.085857 -3.033288 8.963262
2.651232 -4.221936 10.843997
2.995214 -2.567553 7.902868
4.112351 -3.586367 7.132498
4.029445 -2.733093 7.008901
2.987164 -1.203992 4.550869
2.246710 -1.050139 7.031552
2.246301 -1.051393 7.813436
1.066612 -2.007748 9.349999
-0.249681 -1.544088 8.497211
-0.380333 -3.838322 9.603378
-0.144591 -3.830587 10.448616
-2.049090 -4.524441 9.068182
1.625446 -4.149284 9.706924
-0.863731 -2.020406 8.467310
-0.041854 -2.557825 8.895516
-1.981671 -2.552408 8.229692
-2.122179 -3.187000 9.248010
-1.151709 -3.108453 8.228893
-1.942060 -3.697445 9.700335
1.564113 -4.158620 11.832941
-0.463306 -4.950231 10.742875
-6.233510 -4.561728 10.756691
-3.381892 -3.621149 7.477908
-6.658094 -2.209435 6.628530
-4.674298 -1.966568 6.399345
-3.486175 -2.586608 5.658081
-3.521343 -4.601931 2.218529
-2.431713 -4.102830 2.194140
-4.146816 -3.375960 4.109333
-4.769492 -1.961612 3.941491
-3.512025 -1.791475 4.682828
-3.732255 -1.372151 4.273835
-4.551285 -0.901402 3.290564
-4.499292 -4.457928 6.629751
-6.997762 -1.352787 1.311543
-6.240716 -3.106120 0.569825
-6.751409 -2.993737 -0.460760
-4.126369 -4.236670 2.968136
-3.964906 -2.262237 3.445761
-4.442454 -3.073476 6.202279
-3.761327 -0.654070 6.810914
-4.840611 0.051051 4.318877
-3.335298 -1.362937 3.090419
-0.394323 -6.701817 8.820654
0.472350 -7.417245 9.261432
1.288306 -4.558742 8.338315
1.281847 -2.627916 8.605486
3.461863 -0.348115 7.076192
3.857462 -1.311780 7.305492
3.383374 -1.692429 5.930129
2.166552 0.119101 4.887310
4.327171 -0.217159 7.077442
2.288636 0.041482 4.513846
2.405836 -3.054187 6.675608
1.873532 -1.855172 7.944789
1.649811 -5.401445 11.417737
0.241056 -7.407197 11.576923
-0.948914 -4.851227 8.556237
0.023806 -5.315074 8.893651
1.733631 -4.659171 8.550827
2.065298 -6.038129 8.535737
1.661047 -5.402252 6.118821
0.442633 -7.225544 8.772154
3.633274 -4.025206 5.131331
1.935178 -5.291786 4.638603
2.382428 -4.599495 6.642221
3.592064 -2.784402 6.642239
1.969594 -1.234280 5.812108
2.856817 -2.168341 6.111220
1.887035 -2.810622 3.933700
2.416953 -5.911260 5.729337
3.616217 -4.639111 4.172471
1.714586 -4.145167 3.059246
3.518767 -2.197737 3.522259
2.757905 -1.263507 2.282831
3.659286 1.092660 -0.205426
4.541360 -0.777268 -3.982430
4.570608 1.106027 -4.614310
3.770492 1.616569 -7.851057
4.531071 2.438112 -6.501815
4.592819 4.862048 -7.260511
2.795390 3.318767 -7.310648
4.978278 6.697941 -5.896479
2.615503 8.529125 -4.107278
3.945073 6.733282 -3.505359
5.787724 8.759000 -3.332890
8.187458 8.882219 -1.043136
7.681416 4.596429 -1.932136
8.538805 3.817785 -5.279968
8.361756 4.312230 -4.588864
7.196444 6.176721 -2.263552
11.126603 10.769620 -1.886430
9.695228 9.423064 -0.609279
4.948534 7.830950 -1.709279
5.585973 7.731463 -1.704781
5.629331 8.049892 -3.576707
5.287815 8.384624 -3.431704
8.198567 5.798995 -2.577181
8.071777 7.670964 -5.078394
6.612513 6.686312 -3.694875
7.483031 8.572990 -0.333747
8.011330 6.210800 -4.464474
7.811145 7.646261 -4.535359
8.224155 7.205910 -5.399165
10.456659 7.934989 -7.284270
10.952827 12.216007 -8.385851
10.852258 11.309710 -10.325315
