-8.771840 10.917011 -1.122981
-9.042879 6.477061 -2.784873
-6.632381 -0.863249 6.412547
-6.419683 1.949940 5.766222
-3.753759 -0.690253 6.349840
-3.070961 -1.112674 9.703157
-3.415366 -3.338552 10.878284
-4.287695 -3.680415 4.023530
-4.936885 -1.255717 6.557162
-3.910969 -0.165348 6.741538
-4.704709 0.650899 2.163072
-2.135474 -2.190067 2.761823
-3.281789 -3.334775 2.217021
-1.640379 -2.898807 1.666463
-1.896260 0.869166 2.383467
-4.250566 0.664908 1.687622
-4.821052 1.050748 1.367522
-3.941860 2.878125 4.237705
-5.201838 5.960824 4.895033
-2.078972 5.009031 3.167816
-1.169643 4.725788 3.550613
-3.610041 6.048966 2.696050
-3.344760 2.960066 2.889101
0.205693 1.545329 2.687038
-1.362595 2.157061 1.527640
0.392634 3.107367 2.522418
-1.252269 0.817682 3.075604
-2.480436 4.330861 2.727056
-3.397901 6.390471 4.583344
-3.629146 4.146008 7.991733
-1.268064 1.620248 10.721605
-1.855034 0.501640 8.359290
-2.301934 2.121279 9.740720
-2.669065 -0.436239 9.607078
-1.829167 -0.319333 10.698318
-0.560458 0.121718 11.098644
-0.493764 -1.679724 9.167724
-2.879300 1.436136 8.666796
-0.525193 -3.109732 8.563828
