-6.736776 2.158156 11.273220
-3.402191 0.774798 8.332808
-3.765562 -0.527442 10.436240
-2.018219 -3.360095 13.349007
-3.878331 -2.433808 8.777994
-4.899629 -3.467654 6.636183
-5.172009 0.406277 7.607306
-6.824073 -2.186460 7.405565
-4.402804 -1.890061 5.776644
-6.313625 -0.309923 4.222858
-7.000048 -0.272516 1.941107
-6.236837 -3.781125 5.192180
-4.287359 -1.264761 7.083932
-1.779724 -0.316046 10.677227
-3.788004 -2.828593 8.879841
-1.919406 -2.670000 8.556238
-3.031694 -2.843549 9.123612
-4.464812 -5.413662 9.877934
-6.269615 -2.836953 5.317978
-7.862128 -5.807091 9.726021
-5.187735 -4.473671 9.103840
-7.150886 -4.997286 14.745405
-4.735193 -5.317134 10.992480
-4.240208 -9.260127 4.747472
-4.431528 -9.600018 6.538490
-1.561867 -10.291562 3.861982
5.446321 -15.263508 4.195753
