6.080945 -9.079895 -16.534090
5.229349 -6.547536 -6.873188
0.985303 -3.991257 -3.920391
1.961244 -2.383716 1.175305
2.441625 -1.758018 -0.569362
3.548086 -2.376468 1.995728
3.412216 -2.104843 5.622191
3.063896 -3.346738 6.507053
3.014397 -1.690943 5.296193
1.258924 -2.261646 2.084191
3.380441 -0.685371 2.724523
3.375214 -2.690881 7.746168
4.423141 -3.817850 8.215358
1.102480 -3.002781 8.491496
4.962569 -0.629423 7.299466
7.003274 -3.286904 8.986083
5.010295 -3.961050 7.061707
4.992242 -5.238544 7.887033
0.174056 -6.178992 5.520702
2.016939 -5.604048 2.509780
1.885361 -7.151947 4.371969
0.096364 -5.833871 4.558146
-1.611987 -5.288440 2.581534
-0.652082 -4.285600 2.678257
1.643523 -4.044429 1.938473
0.692327 -4.696212 1.314448
1.299142 -1.879277 1.948999
3.276777 -3.247817 5.971253
3.457807 -2.871346 1.159331
1.928178 -4.039456 3.430116
1.915985 0.376838 7.307222
2.642316 -1.734124 8.804401
1.388474 -1.512282 8.579494
2.259045 -3.047938 8.873754
0.390482 -9.627235 11.807863
0.234613 -6.385171 7.066168
-0.496326 -5.910928 7.890654
-2.476045 -4.695837 11.431414
-4.099530 -1.126945 5.683964
-3.069117 -0.617291 2.387577
-1.549138 -1.024714 2.028138
-1.850228 -2.695291 2.209941
-4.622059 -1.968051 2.751771
-4.030812 -1.509038 1.784845
-3.415725 -0.308982 4.523894
-4.971930 -1.007157 3.459281
-2.764841 -2.162094 2.473232
-3.650523 -0.599175 3.604742
-4.989142 0.462190 4.835135
-4.803750 0.359912 4.598275
-5.516823 -3.116192 1.692999
-4.849671 -4.033582 4.401089
-0.959982 -2.050264 3.104405
0.188102 -3.177876 2.570667
1.584855 -3.574495 8.308910
3.475427 -7.073281 9.084363
1.326832 -5.094444 3.020809
3.438475 -5.223406 3.623040
3.277489 -3.606621 5.739874
2.905498 -3.906922 4.402980
2.108443 -4.768561 4.260266
2.907389 -5.120072 2.368668
0.262918 -2.878761 2.090544
2.448327 -2.180410 2.475908
3.535397 -3.243405 5.268935
3.392466 -2.401767 3.898207
3.374313 -3.092256 5.003007
3.757348 -4.974814 8.828565
7.057177 -4.234988 9.224846
7.867220 -5.894759 10.663874
6.430753 -4.193105 8.306335
1.901063 -3.786111 6.851914
3.585518 -2.387135 6.772726
3.124394 -6.348091 6.261369
2.752463 -6.365405 3.820307
2.652242 -4.917475 4.939289
2.049226 -0.373995 5.404603
4.617824 -0.611664 5.004997
2.834117 0.291686 4.048876
2.262206 -2.354379 7.374785
2.882283 -3.775578 7.258554
1.117635 -3.805314 9.244162
5.705658 -2.081975 8.231068
2.332848 -0.734076 9.239348
3.760195 0.092605 5.590656
5.777684 -0.712851 7.912383
5.736975 -1.425233 7.293116
5.440767 -1.735739 13.414087
1.834435 -3.790744 16.884743
