6.181528 -14.950488 19.097343
1.838389 -8.731709 14.898907
0.620260 -6.570329 9.329867
-3.458128 -2.472129 11.896465
0.060995 -0.572781 11.425516
-1.330678 -1.131490 9.488583
-1.372387 -0.378818 8.611341
0.343287 -0.101264 8.609932
-3.465468 0.182674 8.792052
-4.125518 -3.176864 4.646875
-4.843269 -4.347278 6.656685
-6.081798 -4.888303 13.049355
-5.882501 -5.231752 11.403813
-2.066808 -2.491364 8.620520
-3.115957 -0.242611 9.606390
-3.500519 0.755696 4.872479
-3.532812 -3.354007 3.226006
-3.942814 -2.581346 5.819706
-6.504842 0.038196 6.947763
-9.686950 2.216723 6.758661
-16.252846 5.038086 2.718842
