-12.933963 5.464303 0.309429
-6.342816 7.128005 1.961748
0.422290 3.173764 0.452490
1.204729 5.260877 3.078154
2.315552 4.321112 7.028557
3.079579 4.141924 9.461739
6.044119 4.462606 4.900782
6.324214 2.627630 5.590549
6.846364 -0.134704 3.202070
6.140668 1.214328 6.012516
4.475580 4.930850 4.939005
7.624855 3.620138 4.528359
7.560781 2.293478 2.399808
7.927883 4.779732 2.750338
8.770145 4.913658 1.749346
12.907179 4.190599 1.213747
10.687626 7.777877 1.023638
9.219598 6.555605 0.239587
7.782834 7.717960 0.967255
7.724448 5.399811 4.175624
9.802619 6.466402 2.399048
7.828142 3.321409 1.262575
7.247779 4.252711 -1.363529
7.213225 2.088986 -0.179633
8.452675 3.175673 -0.478902
8.541987 4.671728 -1.111021
7.964272 5.384050 2.128352
10.876127 2.927532 2.332301
7.522780 3.729460 3.426280
7.183541 4.919315 2.331369
8.189023 1.598315 0.160192
6.593318 -0.287153 0.339480
8.149651 0.507194 2.164840
5.780229 1.172443 -0.539959
