-18.707407 4.782385 14.045671
-19.881733 11.682238 15.736051
-14.952366 12.956373 9.798059
-17.712921 10.209274 14.487895
-12.211763 11.070621 18.484589
-13.550486 12.798450 18.182007
-9.485015 12.722077 16.236294
-17.570074 10.379591 14.760088
-15.452368 10.208527 16.532413
-16.287811 14.990710 17.737904
-16.792068 8.831560 18.950638
-9.299349 4.073410 7.560629
-6.970921 -1.267053 7.105417
-13.746553 -3.766906 13.643016
-5.952948 8.073469 9.491406
-6.286885 1.561324 6.640880
-7.845726 3.521086 7.671967
-7.312712 2.056317 8.899973
-6.359162 6.824210 7.148051
-8.714993 5.777233 3.719182
-12.840904 3.311635 6.660095
-7.861813 5.859947 3.546618
-9.155399 1.432991 6.568366
-19.224171 8.323506 14.405246
-10.894571 15.445869 18.794220
-8.911879 11.126266 16.483631
-5.420571 8.253860 9.807272
-4.998531 8.491213 11.637641
-5.791290 4.485271 12.738601
-7.995406 6.993789 4.332941
-12.268978 5.456787 8.012793
-8.194377 1.200071 5.497163
-10.225619 3.373127 6.951740
-7.188679 -0.564877 4.070028
-10.696431 2.755868 8.260151
-5.411201 2.703016 6.924139
-3.386395 -2.815501 6.943151
-5.352642 0.579317 6.435342
-7.918073 4.416935 8.418621
-8.359038 -1.417109 6.543162
-8.530467 -1.254668 2.984297
-7.367494 -0.812584 4.826758
-7.437047 -1.482006 6.449284
-6.321330 -1.719883 2.797346
-9.445681 -2.583774 7.498203
-4.602365 -6.256104 11.357689
-10.310608 -5.722342 12.863947
-9.009598 -4.554011 11.353208
-7.599838 -3.630660 8.220099
-10.092469 -5.079028 4.759083
-11.647893 -1.537938 3.354753
-10.583408 0.271338 7.249474
-5.099235 -0.317606 7.341316
-13.303469 5.921067 8.031329
-11.908484 4.422498 5.153117
-11.847402 3.753122 4.224387
-9.932568 2.661130 4.383875
-13.210935 0.411459 1.467204
-15.768370 -0.102562 12.122250
-15.522929 -0.148951 13.681502
-14.473104 -0.005751 19.702824
-10.516276 0.630543 19.223743
-18.955950 4.083367 19.421825
-19.146296 8.043094 15.651863
-18.538460 7.483139 11.721941
-19.884407 12.823545 8.275246
-9.332928 11.532664 10.536393
-7.102736 11.703872 10.593012
-8.184836 12.417395 9.083458
-9.913944 9.727501 8.501353
-12.356067 5.550456 2.927477
-13.540472 6.317346 4.159117
-14.487501 0.882972 7.302089
-15.833790 3.722019 7.635953
-14.089818 0.726939 1.649967
-12.961670 4.152455 6.763224
-12.264480 11.961884 7.483718
-10.528366 16.059744 15.741274
-13.942398 10.295466 12.697803
-9.723371 11.354590 8.017596
-9.670722 7.745209 6.865758
-13.297735 3.182463 5.394217
-12.989297 5.012287 -0.135686
