-19.540089 18.213287
-10.647011 8.572789
-7.107551 8.785512
-13.080923 9.156811
-13.274193 6.275884
-17.090103 10.881812
-11.562176 11.353265
-11.606115 8.768812
-7.707278 9.448153
-7.674889 5.276151
-7.175768 6.342409
-6.706036 8.990771
-9.491788 8.937283
-13.440907 9.670149
-14.448257 10.511950
-14.354443 10.568403
-7.136132 8.447678
-5.611636 7.368876
-7.649796 7.448349
-7.196645 5.761403
-4.136877 6.198565
-7.698267 8.871667
-6.572154 4.947183
-6.740117 3.662117
-5.141456 3.490694
-5.831977 7.235381
-7.945248 8.070819
-5.981603 7.253649
-7.784851 7.685714
-5.595317 9.363384
-10.391960 9.357608
-9.671980 8.821292
-7.956564 8.683784
-5.558502 6.577088
-6.531411 6.618287
-5.623164 7.344019
-7.624568 8.762815
-7.879002 7.465323
-7.526228 1.884172
-9.503669 3.494338
-7.668091 3.004059
-3.667993 3.239070
-7.188619 6.499669
-6.117745 6.014059
-6.522556 6.214833
-6.055083 7.613113
-5.180882 6.498097
7.682584 -5.493392
15.066744 -4.649137
