5.631717 17.325306
4.893148 17.343678
3.824315 17.596045
9.582289 15.149909
5.756466 12.389428
5.862384 9.079916
4.494891 10.357006
4.449737 7.903588
1.432575 4.441323
2.435695 5.450210
0.634611 4.842299
1.262425 5.562122
3.063282 3.993241
0.386895 5.682427
0.154716 5.658047
-1.564126 6.458125
-3.793762 7.672445
-3.512061 8.341279
-2.012735 9.033121
-1.817992 9.344656
-1.431686 10.407760
-1.927806 8.787273
-2.290514 8.774281
-1.854571 6.518773
-1.651105 7.257099
-0.494315 5.457629
-1.952413 6.954959
-0.582837 5.477777
0.658004 5.638768
1.014207 4.115159
-1.667244 6.225860
-1.049633 9.547215
-3.291463 9.145626
-0.817212 10.392854
-0.981560 7.180779
-0.922085 3.718426
0.741909 5.406066
0.348509 4.546341
3.289278 4.096513
2.941437 5.859799
2.887978 4.880348
0.926744 5.480905
1.797041 5.131140
0.126416 5.930946
-0.053401 4.037901
-1.964825 7.742290
-0.778264 6.266145
-1.045026 4.972970
-1.220872 6.738684
-3.712276 6.213775
-2.505049 7.011718
-0.745839 7.395525
-1.538454 8.404921
-3.256964 9.808567
-1.882988 10.136756
-1.724374 7.694314
-0.617596 5.820871
-3.539299 7.604318
-1.008607 11.030739
1.948940 10.986814
1.821065 11.031454
-2.008639 4.289527
-3.329122 6.687974
-2.675541 6.887915
-1.259671 9.135881
-1.790534 8.053691
-1.446316 5.597838
-3.369373 5.252928
2.871110 5.367705
3.666603 2.716552
3.297936 2.664298
3.657341 4.231341
2.382381 4.176093
2.187446 5.301681
0.975588 5.442736
2.631017 5.118443
3.733477 5.306392
4.558167 3.379907
4.468720 4.285165
4.631954 10.474711
5.097878 10.662068
6.770462 9.874930
5.189195 11.638185
6.914944 8.116429
4.179926 5.659741
1.811329 5.719079
2.213920 5.519818
3.428277 3.872501
4.562655 5.180334
4.225525 5.428122
2.461759 5.621823
2.986886 3.955693
3.625856 3.292369
2.293380 4.788270
1.753557 4.024694
0.546969 3.390791
-1.043594 6.860607
-1.807656 7.518805
-2.617246 9.561814
-3.766878 10.594990
-2.783610 12.179072
0.332367 5.324242
-1.275180 5.807319
-0.688548 8.164949
-0.749872 7.551576
1.564355 10.988460
5.445912 6.984454
6.027636 9.773722
4.799817 6.529812
5.352232 8.167717
6.163613 4.505005
2.580485 5.032497
2.265770 3.891728
0.872278 4.182794
-1.687801 10.436679
-3.764946 9.347492
-1.644304 8.425106
-0.895927 9.695832
-1.252966 7.731889
-0.701652 9.915129
-1.769174 9.047583
-3.515193 10.601239
-1.369320 9.321503
-1.354921 8.127501
-1.333263 6.352802
-0.378216 5.357840
0.979152 5.495655
3.094717 5.351147
6.344836 6.291103
4.679766 6.637507
4.969821 9.804914
5.217033 7.860784
4.552754 5.375940
2.276696 4.503257
-0.445960 5.850032
-3.731139 5.277716
-1.508079 6.340333
-1.826233 7.111495
-1.638820 11.800151
-1.712997 9.538617
-5.245053 7.553818
-2.856208 5.772436
1.600532 5.285019
3.869703 5.256195
7.392199 8.119985
5.924090 8.590536
11.214889 17.881258
