-16.157797 -19.624945
-19.681829 -14.504614
-12.726050 -8.201498
-9.266167 -9.608354
-12.117265 -11.320199
-12.275205 -8.896373
-16.251055 -5.573482
-13.826185 -8.708838
-10.371786 -10.110173
-12.471632 -11.018331
-10.637165 -11.063138
-14.712312 -10.812770
-17.206030 -10.527974
-8.375250 -10.081514
-9.880955 -12.834633
-11.439436 -12.653494
-9.240344 -11.909316
-13.992745 -10.135222
-15.772646 -8.158751
-15.104149 -9.074086
-16.269283 -8.645074
-17.285275 -14.472350
-18.736032 -14.703525
-19.784740 -9.998473
-14.298634 -10.533147
-11.424574 -9.364074
-4.969913 -7.977708
-7.434088 -8.326905
-4.280019 -5.580669
-3.663379 -3.171154
-3.894832 0.332972
-5.243287 1.827759
-5.308403 1.747901
-4.231533 1.144725
-3.874396 2.220677
