4.424827 9.680181
4.325750 7.188966
2.421411 5.905100
2.156578 5.642128
-2.574662 6.083832
-1.035438 6.494575
1.053970 4.872442
1.547201 4.718760
1.057730 5.206428
2.121569 5.597226
0.496757 5.152545
2.004343 4.322095
2.914606 5.114039
3.099902 4.731673
3.529346 4.432594
2.140233 4.921870
0.411233 4.295318
0.808998 5.899355
1.081355 4.244227
-1.305321 6.340249
-1.850306 7.281801
-0.930373 7.668671
-0.808814 7.154459
-2.619886 9.003832
-2.218586 8.544909
-1.345939 7.053785
-2.209952 8.923162
-1.898771 11.149337
-1.557870 11.373151
-2.221617 13.088861
-1.922292 15.330700
-9.138702 17.274345
