1.624456 -8.447420
-2.565358 -8.485101
-5.868931 -8.478286
-3.805678 -7.681350
-6.632083 -7.916285
-7.251504 -4.927746
-5.586366 -8.471855
-7.934021 -8.331665
-5.576356 -6.890745
-6.592964 -5.932188
-7.489543 -7.055248
-7.397423 -5.889413
-6.610141 -4.782043
-6.626143 -5.032228
-7.826299 -5.177200
-5.651281 -6.347717
-4.530544 -3.799197
-4.478203 -4.821378
-4.309855 -3.671468
-3.324295 -2.011952
-4.779505 1.938746
-4.908041 1.453864
-8.874823 2.082638
-11.173096 0.164429
-11.075474 -1.297441
-12.714781 -1.612552
-11.138425 -1.876445
-10.098488 -1.410208
-9.646946 1.428322
-8.866892 2.549595
-7.574468 1.424738
-10.148320 1.454701
-10.796978 -0.762659
-10.385057 0.127609
-11.793921 1.740708
