0.961062 -15.029960
-6.360244 -13.709220
-9.610879 -9.267960
-9.459694 -8.859351
-7.511785 -11.028546
-8.830063 -8.393480
-9.399084 -10.112307
-9.643772 -11.380340
-5.768276 -10.954195
-8.498863 -14.185733
-8.421005 -14.732580
-8.542407 -15.200113
-8.609644 -13.504667
-9.837791 -11.289009
-10.177170 -10.865209
-7.091121 -10.045951
-9.753084 -11.039362
-8.078317 -11.539420
-7.520806 -12.687320
-5.962569 -12.042585
-12.947243 -9.408185
-14.549561 -9.705125
-16.370226 -8.567512
-17.483711 -13.010350
-17.368713 -16.682468
-14.512745 -18.981283
-9.674049 -18.981560
-9.783548 -18.122957
-7.432697 -12.659739
-4.613836 -10.357366
-6.657504 -15.556539
-11.576221 -11.864686
-17.078819 -6.497872
-18.804399 -17.224968
