16.519802 7.444853
12.916563 6.960363
11.218925 4.076583
8.577463 4.655375
6.490590 4.406765
5.699407 7.210111
5.000952 8.949888
4.234162 5.325593
3.455061 4.903519
-1.211024 5.976900
1.065889 4.427059
-1.377341 6.243140
-1.928670 5.909887
-0.825032 4.420931
-3.855968 7.970256
-1.117356 7.949854
-1.795492 7.782418
-2.641677 7.188002
-2.302391 11.200946
-2.644372 9.286096
-1.102977 7.143868
-2.530965 7.691474
-1.456121 11.115684
-3.537341 8.981995
-0.868676 8.593721
-1.521731 9.010477
-2.342303 8.647580
-0.756399 8.605633
-2.513452 8.298232
-1.721394 7.328835
-1.189871 6.981118
0.543700 3.130543
0.158304 5.324255
0.440293 5.945119
-0.384556 5.571826
3.202041 3.888252
1.382538 5.077237
2.947885 5.116155
3.981313 5.555192
5.153542 5.776683
5.570881 7.077964
6.046147 10.820172
4.254704 5.181161
4.366451 4.912486
4.261515 5.851537
1.760757 5.015459
1.398458 5.387567
-2.660363 5.724068
-1.548350 9.095508
-2.215176 7.243341
-1.517846 17.237949
-1.968790 18.260656
1.038783 18.774973
1.409915 16.800003
2.896201 16.381247
-1.358016 18.286997
-2.824223 9.481281
-1.491102 10.788495
-1.247288 11.134239
-3.499264 10.925082
-2.963904 14.138330
-4.647886 10.892705
-0.962801 15.175736
-1.306503 13.539627
-3.146453 11.140530
-1.888979 8.841030
-4.789187 8.734787
-2.880537 7.469365
-1.027795 4.272928
2.399168 5.188991
3.901968 4.123499
0.492827 5.557812
0.549087 4.559391
-0.001748 5.607601
-3.429685 6.950510
-1.925708 7.600726
-0.921016 7.359136
-0.927596 7.966512
-2.434060 8.049049
-1.048851 9.607480
-1.237433 9.209399
-1.296027 7.337076
-1.781689 8.966862
-1.323533 10.912221
1.153118 5.454267
1.564106 5.036741
-1.048304 5.943838
-1.217110 7.450989
-2.004799 6.952791
-2.841823 8.573142
-1.669297 10.304609
2.491395 11.014009
3.172408 5.464267
2.289100 4.128101
1.646716 4.853706
5.919145 4.274129
4.743233 6.780008
4.321742 6.255666
3.780956 4.975589
4.047510 3.138262
2.980074 5.696210
1.585900 4.207485
-1.359181 5.475028
-0.886409 5.982358
-1.843432 7.032238
-0.342547 5.227671
-0.154897 5.226841
4.830929 5.341680
7.161428 5.269215
7.131658 9.534874
5.265756 10.095585
4.401189 7.894091
5.321781 7.939459
6.638531 13.275291
6.602591 11.807094
7.677337 9.574098
7.826232 9.225526
6.320219 5.013718
1.509389 5.426991
2.422915 5.150767
1.334703 5.427536
1.109534 5.883275
-0.756103 5.912858
-1.741876 7.280576
-3.408008 7.254972
-1.657599 5.149751
-1.139158 10.355987
-1.244559 9.302384
-2.531610 8.619550
-2.836814 10.392801
-1.646633 8.340186
-2.165018 7.929375
-1.703525 6.859639
0.215493 4.747668
-0.037232 5.884804
0.625847 3.242698
0.619514 4.349342
3.626686 3.753806
7.590972 11.009444
6.062236 10.735571
5.254253 15.304510
9.273060 10.979911
4.076577 19.838133
2.053674 19.225574
