-15.940817 -11.045881
-14.865831 -8.985088
-16.364473 -5.404021
-11.362102 1.709172
-10.887970 0.602738
-10.555492 -2.171229
-11.319315 -2.710803
-13.329340 -2.095666
-12.239344 -0.577724
-7.844222 -7.766937
-8.204645 -8.769645
-7.327325 -9.243882
-11.128239 -8.349091
-7.552686 -6.935994
-6.039636 -8.154128
-6.731776 -7.763824
-7.804563 -7.358561
-6.831202 -9.111071
-8.867813 -8.761904
-6.520197 -7.917104
-7.720253 -7.452132
-7.642826 -7.103721
-6.919936 -10.465203
-9.777952 -9.643626
-5.896805 -10.595939
-12.398773 -8.446815
-14.787029 -6.464193
-13.014526 -9.449899
-12.288311 -8.108685
-9.715516 -8.519789
-8.359089 -8.367653
-6.393500 -7.122079
-7.260143 -5.327795
-7.266613 -4.980228
-7.154056 -4.348300
-6.323533 -6.187048
-6.499876 -5.685276
-7.315015 -8.452611
-7.312349 -9.173755
-4.590029 -7.451670
-7.432031 -6.027407
-7.364665 -6.907341
-6.207025 -7.423029
-7.444515 -7.062342
-5.323399 -7.497817
-4.732930 -7.948400
-6.224574 -7.432802
-6.878410 -7.280537
-7.632315 -4.639835
-7.575656 -6.342047
-6.344430 -7.897616
-7.514129 -6.942448
-7.863102 -7.788604
-7.333120 -7.186191
-7.238703 -8.189798
-6.321372 -8.078219
-8.597232 -8.901657
-8.953512 -9.326950
-5.539280 -5.471825
-7.837744 -6.608404
-13.314688 -7.499618
-12.772369 -8.220286
-11.813475 -8.759271
-7.855417 -9.255051
-6.359087 -9.076371
-7.164736 -8.129036
-7.442960 -4.374134
-6.132984 -7.212317
-4.643699 -7.311089
-7.085973 -5.323907
-13.239185 -7.837903
-14.345481 -3.917129
-12.654524 -1.632419
-10.352118 -0.329505
-10.814314 -2.278936
-10.909402 -2.049679
-18.486240 -4.862900
-13.188700 -4.253437
-13.150061 -4.331195
-16.174038 -9.358592
-16.316477 -6.022357
-11.630167 -9.206779
-9.284669 -9.843565
-8.938129 -8.829215
-7.026277 -7.799024
-4.529691 -8.819089
-6.717733 -5.949587
-6.121539 -4.454020
-5.700226 -7.012201
-6.153973 -8.408404
-11.311287 -10.759455
-11.799572 -10.381404
-8.893129 -12.616189
-7.142506 -6.930814
-5.110758 -10.784067
-9.288046 -8.238180
-6.588510 -8.013344
-7.150278 -4.230567
-7.714638 -7.721905
-6.207016 -11.019594
-8.076065 -8.809430
-7.552022 -8.710357
-7.703341 -7.131367
-5.128127 -8.165372
-8.705095 -8.554311
-12.454926 -8.448264
-12.812637 -8.222412
-15.929628 -8.250672
-10.565422 -8.365439
-6.524917 -8.082283
-7.864272 -7.663399
-6.594928 -6.780742
-6.207114 -6.900567
-7.114511 -7.289372
-6.798886 -6.335387
-6.856903 -4.044789
-5.745258 -4.080197
-7.609468 1.403579
-2.607063 0.301803
-5.107768 1.368683
-7.113070 2.022851
-9.745447 1.858664
-11.088421 -0.379221
-11.592478 -0.284287
-9.629523 1.068532
-10.213762 2.127707
-8.091307 1.942520
-8.690980 2.701221
-10.627237 -0.377208
-4.271535 -1.118233
-3.759624 0.579170
-3.055110 0.827333
-4.214113 0.288559
-6.686545 -4.515013
-7.615569 1.279210
-4.931266 1.326953
-5.263847 2.261014
-5.598355 2.039380
-6.364979 2.653273
-6.301349 2.349818
-7.620613 2.583843
-5.983066 2.064832
-4.167234 0.865540
-3.018975 -2.124092
-3.517814 -1.285416
-2.565181 -2.262976
-2.695768 -3.459846
-5.501096 -4.484386
-4.626957 -5.114823
-5.061231 -5.131399
-6.474410 -7.223605
-6.944993 -5.630865
-7.485090 -6.779397
-5.584624 -4.625658
-6.210316 -4.820603
-12.446250 -8.103114
-13.583475 -9.058977
-13.303494 -6.917188
-13.431870 -3.449102
-13.012813 -6.032590
-16.419376 -7.376999
-16.267340 -2.511296
-14.341953 -4.010985
-15.558941 -6.101774
-15.951124 -4.872703
-11.026107 2.691063
-6.284177 2.637210
-8.526838 1.727853
-7.020656 1.747384
-10.191087 1.845285
-11.382207 -2.373495
-6.848019 1.361153
-5.784833 2.411206
-3.889403 0.928370
-4.061161 -5.015650
-4.641178 -3.933910
-4.983294 -4.872549
-4.342110 -2.687233
-4.545315 -0.397966
-3.863658 -1.547070
-4.002908 -1.379673
-5.031858 -6.148613
-7.964023 -8.996861
-7.459730 -4.088704
-6.343160 3.981136
-5.873566 4.301813
-7.358839 -4.232339
-10.163501 -1.572044
-8.411617 -8.471693
-5.608106 -6.073252
-7.167625 -4.768786
-7.657230 -6.853510
-10.589163 -9.364648
-10.822298 -10.056810
-14.768302 -7.312532
-14.672226 -8.540143
-14.113686 -3.826673
-14.177861 -0.183818
-11.525379 -2.572357
-12.565997 -2.656426
-9.929058 -2.908472
-7.540017 -8.142617
-11.698109 -8.817719
-6.234233 -6.004057
-7.462687 -4.435814
-5.360559 -4.576060
-6.842209 -4.379260
-7.862613 -4.815451
-6.619095 -5.937512
-4.475194 -3.477400
-4.303894 -2.965212
-2.553932 -4.355653
-4.661051 -6.540610
-6.784469 -5.888353
-10.410501 -1.711272
-12.976942 -5.594106
-6.395464 -5.502373
-6.861037 -8.339707
-14.933704 -11.509734
-8.105628 -8.750808
-8.676323 -8.361407
-8.776587 -8.456449
-10.661867 -10.535861
-8.240912 -8.989665
-8.132086 -10.551291
-12.647816 -0.646767
-11.006079 2.051277
-14.276423 -2.249435
-13.207436 -5.566368
-13.563299 -8.996728
-9.105588 -8.188719
-9.819212 -8.607213
-10.158955 -8.460073
-11.497784 -9.667279
-14.285723 -7.516181
-9.923988 -2.747326
-5.135994 -9.171189
-7.191392 -8.972864
-6.771176 -8.027493
-5.877315 -6.331506
-6.173864 -7.317332
-7.496490 -6.491995
-7.849671 -8.286505
-8.890668 -9.243585
-8.411311 -8.617131
-9.161716 -8.672578
-9.440288 -9.097482
-12.927433 -9.156352
-9.458608 -8.840957
-6.597230 -9.094890
-6.268186 -7.756450
-6.550239 -7.151718
-7.245489 -6.053645
-5.539872 -4.087632
-5.886014 -5.320993
-6.222019 -4.838239
-7.754499 -5.994581
-7.018010 -8.921969
-11.225350 -8.597438
-8.426089 -8.453093
-7.601750 -8.352153
-6.888613 -7.486236
-6.060444 -8.319035
-6.917758 -6.916919
-4.811223 -7.596401
-3.272205 -8.754920
-6.135793 -10.127748
-9.396762 -8.147607
-7.391941 -9.278475
-7.304386 -5.245366
-6.689393 -10.462823
-7.119678 -6.805734
-5.969549 -6.714129
-6.488336 -6.026460
-5.209980 -5.778355
-3.048944 -1.364246
-4.487357 -0.547962
-4.214775 0.295098
-6.212679 6.111886
-5.706145 7.502484
-3.644202 6.249238
-3.423345 9.353927
-2.527767 18.355034
