-17.568321 13.258750
-6.215172 7.770022
-4.060726 6.834852
-0.268883 6.269457
-0.593058 2.947803
-1.988201 2.714585
-1.061650 4.058873
1.432778 -0.734699
1.763037 -1.569942
1.457747 -0.651461
1.691461 -0.633691
1.609414 -1.022441
1.366799 -4.483196
1.962422 -4.394032
2.276259 -6.616355
2.036374 -4.263225
1.412784 -5.148858
1.641298 -2.464548
1.265684 -2.789927
0.179447 -3.633908
2.434395 -4.299200
3.227069 -5.283010
5.495087 -4.426756
2.318831 -6.475177
1.804388 -4.479649
1.001101 -3.130944
1.686458 0.851332
0.494882 0.893706
2.262070 1.429147
3.270437 1.364820
3.679750 1.183640
5.665139 1.921606
6.407726 2.103218
6.072510 2.090083
8.173429 1.381306
6.823038 0.510929
7.026334 1.223912
6.448308 1.247898
6.177439 1.562676
8.090551 3.889043
7.070995 1.115321
2.473140 1.739402
5.400242 1.073782
3.056184 1.263469
2.040618 1.785046
0.722679 0.335748
1.544879 -2.113111
1.116373 -3.986716
2.265720 -4.057092
0.255473 -3.882728
5.972905 -4.987677
8.905104 -5.034839
14.945708 -9.518457
