-17.251741 4.911607
-12.589891 0.146904
-10.730563 0.928769
-10.534088 3.792906
-9.364900 5.669666
-6.488348 7.183280
-4.911549 6.692951
-1.875434 6.395321
-1.832612 6.265726
-1.645182 7.665554
-2.125663 6.096007
-0.215429 6.144793
-1.218581 5.256807
-1.680672 5.006688
-2.177437 4.280250
-2.416300 1.536153
-0.994137 2.115556
-0.223447 1.121667
-0.295549 1.958412
-2.031641 1.164177
-1.738914 0.374823
-1.428820 0.788042
-5.352115 0.868861
-4.781833 -0.290994
-8.333569 -0.896250
-8.856740 1.663276
-9.783281 1.670683
-8.650133 2.706307
-11.336961 3.457349
-7.797205 0.352533
-6.029044 0.378012
-6.410898 0.476294
-7.187813 -0.082903
-1.939438 1.099273
-1.421672 1.998082
1.563989 2.436045
1.947313 1.998949
5.671987 4.251110
