-13.901914 14.388080
-9.970757 8.442473
-6.099281 6.338393
-5.918982 7.629769
-3.917897 7.090309
-4.460779 6.932703
-8.491129 6.511114
-8.172476 8.397103
-8.293520 6.277206
-8.546902 5.298223
-7.316169 8.272939
-7.661262 6.256843
-8.553314 6.291396
-6.686727 6.402887
-6.098853 8.649537
-6.549976 6.776623
-4.258482 9.410336
-4.177629 6.804810
-3.736205 7.101492
-5.557435 7.459202
-5.431065 7.010097
-3.710086 7.359715
-0.886244 7.672606
-0.737460 7.414999
-2.343964 4.673271
-2.460394 4.669793
-2.377212 3.031732
-1.935330 2.863477
-2.210889 2.311615
-2.429674 1.081559
-2.560905 1.180871
-1.588644 -0.297215
-1.120189 -2.810314
0.976453 -4.493437
6.310248 -6.387453
7.431209 -6.455134
11.180493 -6.745038
