6.157955 3.804905
4.701598 1.712736
3.094203 2.088917
2.992376 1.711401
2.425447 1.583674
4.054685 1.465184
3.394758 1.700452
1.206963 0.882840
1.749628 -0.207500
1.220808 -1.427776
1.680126 -0.651788
0.068809 -2.223743
0.492273 -3.241481
-0.277461 -1.613981
1.521848 0.474764
1.430210 -0.531330
0.228901 -0.174023
2.451949 1.458709
4.046257 1.182659
4.999054 4.197261
5.049381 3.215831
2.896287 2.265433
3.696416 1.079714
0.215385 -2.694282
1.457723 -0.579148
1.239965 -0.904786
1.166700 -0.008817
1.109794 0.282674
1.631966 1.235887
1.121490 -0.180345
4.260253 3.148383
1.596170 1.038451
2.787457 1.300298
4.791005 1.175678
1.558032 1.731991
3.110003 1.258958
8.414606 -0.506228
8.309614 -0.207113
8.557151 -0.134176
7.528247 0.144241
6.886063 -2.846356
7.666153 -1.168617
8.591007 0.669950
6.999288 0.518880
7.498970 -1.134841
7.175428 1.852355
5.388279 1.669457
5.491848 1.968639
5.830841 1.403457
6.684468 1.797836
4.611238 1.098575
5.863172 1.954064
5.442854 2.035826
3.341918 1.467809
7.508413 1.756583
9.761959 0.405698
6.903690 4.294268
6.164120 2.065890
3.481238 2.678923
5.013359 1.084980
4.496543 1.345971
5.237484 1.127862
4.311598 1.620917
6.849659 2.054584
8.056314 -0.330112
7.005577 1.868703
5.017266 1.146385
4.090838 1.581172
1.527476 1.495862
0.770302 0.464575
1.493250 -1.545053
1.078993 0.144926
0.402779 -1.046133
-1.002324 -2.910182
-0.483591 -1.547226
-0.220361 -3.215827
0.751915 -3.362292
0.614304 -3.132327
0.906999 -1.702397
1.664135 -0.538968
1.420528 -1.469453
1.319466 -4.113767
3.391719 -6.014258
2.866135 -4.795125
3.294796 -4.315457
4.568005 -4.917862
5.246324 3.026467
5.214088 1.636410
3.036983 1.351110
2.235821 1.435047
2.074370 1.223632
7.871565 1.742762
7.987546 0.170783
6.985327 0.238531
8.621592 -0.923332
5.123652 3.236116
3.822572 4.009599
4.491431 1.875557
4.187779 1.406716
2.635163 2.402190
4.729363 1.960986
4.734425 1.399249
3.562337 1.284106
4.549115 1.411443
7.238990 2.205764
8.067441 0.709946
7.797840 -0.403849
7.414296 -0.470458
7.028752 1.402983
6.035219 1.129386
7.693666 1.781326
4.746071 1.501183
5.334253 1.416981
4.496935 1.928396
3.907174 1.479573
3.298119 1.605827
2.303039 1.833550
1.548740 2.788951
4.095222 1.875408
1.328630 2.588144
1.726510 -1.734495
1.519421 -4.595358
2.563410 -4.067039
4.683875 -4.241102
3.291114 -5.436732
3.423702 -4.312730
2.212977 -4.736206
3.267645 -5.271319
6.043456 -4.814841
4.609136 -4.023423
3.699925 -4.095665
3.793200 -5.042633
4.744155 -4.434376
3.576046 -4.761239
2.493602 -5.764000
2.087176 -6.838368
0.899386 -7.015016
