1.192836 -2.928464
-0.966247 -0.604583
-4.338747 -0.781393
-4.361322 -2.305756
-4.442205 -1.927784
-4.231079 -0.362864
-4.120336 -0.881464
-3.524143 2.196765
-6.223295 1.855395
-9.102834 2.581152
-7.361151 2.618307
-6.614958 2.010508
-8.133933 2.477566
-6.164866 1.908279
-4.412512 1.469815
-4.474424 0.189941
-3.216726 -3.830882
-3.910086 -1.602504
-4.396702 -4.800377
-4.424236 -3.817838
-6.968089 -5.816414
-7.407765 -4.190561
-10.244871 -5.138708
-9.776571 -3.279366
-15.154821 -2.292333
-9.696737 -0.541181
-10.780715 -3.161499
-10.499066 -4.365493
-8.219337 -4.289375
-14.416002 -3.980044
