-2.928436 3.472748
0.059090 3.309342
2.985267 3.614580
1.080575 3.782571
-1.416099 6.425555
0.453929 4.827384
2.968521 5.070637
2.709909 4.774632
2.220189 4.785276
1.931576 4.978148
4.511734 3.923277
2.468580 5.061945
2.854163 5.224417
2.900719 5.049533
5.131784 5.204841
2.978438 5.618437
1.201292 5.085148
2.143975 4.597559
4.752789 4.694348
5.954697 7.860772
5.379276 8.077289
5.001247 9.798944
4.741767 9.049016
5.182908 8.723973
5.137007 6.120584
5.652346 8.094779
5.911654 5.747812
8.515303 5.179796
11.182058 4.826803
9.521516 5.504629
4.331829 4.257480
5.510779 4.404112
3.286274 5.333220
6.860788 3.565157
6.452781 3.289927
6.593582 5.286597
7.473922 4.903044
7.565827 5.567683
4.933742 4.517835
7.146411 5.470353
6.946199 5.503432
4.264983 3.983565
7.777925 5.590480
9.898989 5.036536
11.733852 3.911678
11.730772 6.739926
12.170099 4.265727
12.147471 5.464344
10.293319 2.537304
11.281540 3.949704
12.282871 8.827644
12.424108 8.052579
13.196001 5.843645
12.077162 7.441538
12.443581 2.791744
10.105024 4.933084
9.033657 5.516319
11.986150 4.723967
11.931686 7.777384
12.248216 6.281738
12.708635 3.774703
10.845845 5.206052
10.029867 1.505523
10.365165 5.398798
10.221981 5.602784
10.237305 2.679967
11.088822 3.683481
6.227117 3.299468
5.756086 6.810295
6.198775 9.968000
5.852573 8.647524
5.161777 5.791599
9.008755 4.679071
6.440548 5.731139
14.009392 2.371950
9.595551 3.954075
9.085223 12.313209
12.214077 9.631793
13.864153 7.573172
12.257292 7.518023
17.054850 9.843529
10.978893 11.029494
14.056885 10.760802
11.932855 9.076448
12.493698 7.895434
14.060649 7.194582
13.858232 5.807978
9.958662 5.138468
8.656470 5.266901
5.391603 4.995664
8.547656 4.804448
10.509144 4.968247
8.529323 4.238567
10.303896 4.508782
12.617426 4.019163
12.708022 7.780036
13.293411 11.506556
10.452370 14.020366
8.777464 12.052424
10.349516 11.102516
15.155003 12.478649
10.450258 11.241116
12.495625 14.293130
