-17.257748 4.440827
-9.952717 10.581067
-6.519665 11.004284
-4.685900 11.409286
-3.632071 9.529909
-1.954385 9.266699
-3.474083 9.842114
-1.480465 7.807903
-1.068924 4.736825
0.560141 5.219610
0.307004 5.879918
1.228197 5.493783
1.359120 5.358191
3.231570 3.793715
1.467994 5.659133
1.830290 5.587828
2.063486 4.113797
2.116848 3.758055
8.963679 3.751462
9.247774 4.533705
8.976254 4.393170
8.014449 4.780243
6.209351 5.079246
6.193822 7.936276
4.890894 10.114534
8.227976 16.824844
15.906281 19.873495
