-2.190614 12.692345
-1.330361 10.020597
-1.042867 8.847681
-1.068130 4.146191
0.167568 4.407329
-0.264538 3.442214
0.959844 5.498074
-0.319557 4.509447
4.004106 5.886555
5.832618 5.098311
5.667360 6.956093
5.784900 8.526931
5.353512 10.513482
4.365746 5.879359
4.521167 9.079063
6.776218 4.487688
2.400062 3.008442
2.116233 3.885691
2.435425 2.050510
-0.474612 3.465412
-1.061525 7.475487
-3.528668 7.477839
-1.424353 8.614643
-1.108806 4.528972
-1.241111 7.425599
-0.901405 7.436917
-1.569242 8.252126
-2.533007 10.582452
-1.609359 11.061666
-1.383525 11.315456
-2.124236 8.870573
-0.945843 9.210034
-3.394948 8.467803
-1.382319 7.636950
-0.352951 4.117032
0.559176 4.629165
3.203061 4.651691
1.196947 5.694338
0.401936 5.032204
-0.943354 5.251882
0.497498 5.727773
2.649856 4.349730
2.035396 3.746300
1.552678 4.232392
0.655453 4.207647
2.537261 5.883100
4.093318 5.463969
2.806058 4.625351
3.416271 4.082103
2.932290 5.507855
0.303830 5.798670
0.519573 4.952888
-2.100092 7.105755
-1.492607 8.961286
-3.539456 10.080673
-0.301371 11.355813
-2.284808 7.169603
-1.707106 8.830016
-0.854144 6.997699
0.990168 3.194977
3.691052 3.786780
6.387765 8.593056
5.155648 9.092677
5.402454 7.483698
4.389405 4.473114
2.991014 5.067121
2.384676 5.834822
2.590469 5.618995
7.099472 4.638139
4.747380 7.101403
6.070407 8.411407
4.371401 6.944825
4.997424 8.066461
4.545892 4.204940
3.583348 4.764125
3.435578 5.588304
1.147545 5.511908
1.900973 2.823843
-0.071170 4.857938
-2.020338 10.398843
-3.602658 8.791420
1.044895 5.888145
-0.827547 6.676516
-1.354620 5.309638
-2.106001 8.152169
1.957036 11.213449
0.979544 4.787962
2.432811 4.068000
3.069061 5.571773
5.804178 4.614316
4.753103 6.495404
6.358200 11.511346
5.517170 8.408277
5.258669 9.467158
6.243040 10.840496
5.995379 9.538918
8.317726 5.403915
10.168092 4.947284
10.195950 5.035913
9.763686 5.477808
10.462545 2.900040
12.584011 4.531603
14.040864 7.698514
13.180284 5.991951
11.763491 7.683481
11.746086 7.559075
12.173277 9.233247
12.258026 6.338792
10.221619 3.472178
10.945571 3.774409
8.918152 4.129022
8.686769 1.802417
8.101779 3.283754
8.722551 3.223711
6.441315 3.854781
5.865158 4.805100
9.888866 3.894464
8.047705 5.497036
4.580502 3.599258
5.642370 6.898558
5.364500 10.772243
5.128694 5.761823
4.601065 8.200458
5.742100 8.654719
5.888626 7.948443
4.647464 8.824218
4.529756 7.071053
5.738617 11.392972
6.677332 11.970986
5.424506 11.458488
6.304809 11.089132
8.088756 12.569275
10.036707 12.637351
9.897769 15.205571
13.459801 14.438954
9.100627 16.401482
6.947052 12.817750
5.786581 10.643126
7.079508 14.029910
15.852642 16.040659
9.396089 14.873112
8.806601 12.969793
8.632610 19.547367
2.079670 16.529367
1.109053 19.170675
1.395650 18.998180
-1.721396 13.997680
-1.021275 10.055757
-0.084221 15.330297
-0.999901 18.391850
3.493010 16.836243
0.722122 17.660683
6.340297 18.167860
4.894201 7.875855
4.252954 5.173715
3.732359 5.370696
-0.994247 12.554700
0.062415 13.286084
-2.015630 9.788907
-2.852479 10.047212
-1.726634 11.266942
-0.165996 11.068675
-1.285104 7.886379
-1.756550 8.795746
-2.300204 8.123593
-0.801727 7.784290
-2.059561 6.077908
0.687039 4.644495
2.226112 3.218375
2.749674 4.925033
5.854183 5.062958
4.374136 7.651817
4.928169 8.649259
5.923967 9.392841
5.570791 7.942969
4.831182 5.573127
3.623403 5.721629
1.091581 5.213112
3.721019 5.601832
6.367029 6.949315
6.015104 6.935922
3.240722 5.004804
2.192849 5.005454
-1.770540 7.353705
-2.102237 7.969944
-3.410254 9.334949
-2.404668 5.423813
-0.856096 6.455527
-2.307728 6.554225
-2.475738 7.676919
-2.129853 8.012161
-0.022117 11.146283
-3.454291 11.169697
-3.232502 9.302745
-1.247626 9.981246
-4.857180 10.318694
-1.902211 9.686649
-0.951838 7.948452
-1.013488 7.811070
-1.286491 8.456515
-0.927135 8.662807
-4.082321 6.118929
-1.073880 6.177195
1.894612 4.860705
2.237763 2.796923
3.525475 4.970269
3.728564 5.830851
4.941668 6.364593
5.215798 9.256645
4.999436 7.923013
3.961188 3.741140
2.965343 5.426239
2.657550 5.646852
2.002392 4.548132
0.105826 5.355046
-0.404736 5.687047
2.654675 5.269487
4.139054 5.721010
4.190120 4.777574
5.813770 10.872302
10.490897 11.663288
12.081509 15.410591
9.994316 11.197113
8.099505 10.729383
8.431438 4.025594
8.515654 4.242641
7.035697 3.220726
6.976413 3.659094
7.780417 4.827872
9.472504 5.102366
8.679415 4.740747
9.178507 4.918153
11.388747 5.077436
6.077299 7.032351
5.650214 6.356405
7.429908 4.185212
4.607884 4.233499
5.800493 6.686190
5.728838 6.971849
5.144153 4.788577
6.205577 4.147108
6.023062 4.617990
4.221180 2.953354
5.705058 4.727573
5.987379 6.486860
5.589626 7.288838
4.979662 4.838041
3.007230 5.872689
4.543504 5.069340
6.305695 8.248080
5.543639 6.538484
4.624202 9.277534
5.773980 6.513724
6.235736 7.025805
6.705471 4.135243
5.408413 3.924729
9.813681 5.029946
9.213884 3.284776
10.893373 4.169676
11.696013 6.412226
11.572466 7.676355
11.609003 8.052072
11.649370 6.842195
15.364642 7.148201
12.522882 1.186666
9.204472 5.148183
9.747935 5.121191
10.147166 4.794224
4.113291 4.235471
6.341506 7.639307
6.358255 4.690969
5.879254 5.158954
10.514538 3.918270
13.005846 7.458538
13.188971 4.121889
11.536579 5.452561
9.309421 2.925353
4.896779 3.492793
3.521558 5.916567
6.287901 3.378313
5.672664 6.888168
5.307865 9.603794
4.457643 9.535532
9.339172 13.127073
8.249722 11.669422
7.080882 10.835448
10.503867 11.992969
7.643616 12.173398
7.660141 11.638859
9.713545 13.030749
6.378514 11.819866
6.613440 13.670106
6.128883 13.800484
4.392575 6.259672
1.189417 3.544086
1.895292 2.719563
3.228197 3.648521
3.569264 3.375572
3.697856 4.751683
0.068329 4.009310
2.858342 4.309339
2.016252 3.552270
0.531234 4.969895
0.610523 5.027714
-3.235912 6.285591
-1.074217 8.447462
-1.454716 7.153668
-1.261787 9.703759
-1.189639 9.465940
-1.943482 8.960503
-1.170565 3.961321
0.684197 4.197615
0.837817 5.655395
1.980388 4.165389
0.406276 3.186894
0.684267 5.630941
-0.858206 8.016630
1.797439 5.472200
3.463838 4.254606
-1.623502 9.242698
-0.841291 7.811514
5.877240 8.928929
6.535559 8.105345
4.400379 10.197730
2.572003 11.249555
3.334719 11.241905
5.145053 7.981304
6.067845 3.314104
5.737324 6.567611
5.327803 7.255918
4.805415 7.343813
4.454303 9.371340
5.578747 11.179722
5.376941 5.633258
7.186603 4.291027
11.467292 3.825893
10.048061 5.129035
7.324186 5.057148
7.126866 4.894350
4.105301 5.438938
4.890757 5.311451
3.686467 5.369788
4.789469 5.731945
6.019008 9.788455
5.662477 8.795001
5.489422 12.171637
6.139143 9.242175
6.503768 8.211876
5.395505 8.904639
5.684541 9.156451
5.952942 8.288562
5.791073 8.136232
4.705443 6.221883
5.714230 7.655389
5.846637 11.016635
6.300909 3.390114
5.926747 3.692027
3.682577 4.050411
4.432557 5.217294
4.384320 4.918962
12.753174 8.929425
12.098248 8.097217
11.816256 5.896991
13.975819 9.816285
14.845856 8.044964
14.381613 6.849189
11.609430 9.673096
12.838285 5.862107
9.275874 4.792395
6.665550 3.883979
9.069207 5.448162
4.200357 3.744627
4.398093 6.822465
4.994948 7.366060
6.097401 7.431288
5.232275 4.251218
6.820294 5.335691
7.107718 3.857965
4.340004 2.113323
7.686781 5.080637
12.173674 8.514705
14.170033 6.687126
11.431698 11.132828
14.784197 13.278296
8.727495 11.084620
10.067171 10.936421
13.112316 12.830777
11.319165 3.527163
9.868064 3.841075
9.815342 5.569206
10.893227 4.730295
7.878068 3.510940
6.500381 4.248782
3.766340 2.892467
4.037694 2.631117
8.609699 11.151338
8.425974 12.125612
7.060258 10.740579
7.931414 3.674053
10.750618 4.058438
10.280634 5.281259
7.556298 3.521162
5.879882 4.893760
5.971508 8.593100
7.835119 11.381562
9.873905 2.126223
10.518917 2.036071
8.775236 4.372883
12.847908 10.176816
12.884403 5.731068
10.415081 3.884432
8.283392 3.680864
9.591822 4.333950
10.894775 4.229343
9.888672 4.278503
8.346062 5.248880
8.648935 3.682296
9.112220 3.552856
9.868835 5.188621
14.562815 3.686870
12.398968 7.773508
11.599868 6.579258
6.679921 1.831771
7.563535 2.766766
6.535413 4.333216
4.315207 3.688878
7.404882 5.276661
9.898722 5.295440
7.367342 5.481619
9.722614 3.394263
5.053359 1.803797
4.928849 2.432105
5.908745 6.158268
6.282411 7.537001
5.219179 6.041902
8.640913 4.864659
6.038932 4.869284
5.384275 3.468765
6.905324 4.911060
6.380603 3.792393
7.686730 4.895693
10.700617 3.652632
10.045452 3.981529
12.355407 5.458458
11.669866 1.374749
10.166168 1.934722
10.670067 4.392404
9.396732 3.359943
7.130626 10.811902
8.254166 10.780039
6.887835 10.782619
7.473829 11.015783
10.860355 11.164330
11.593616 10.058474
10.376030 5.127289
8.373918 4.197780
6.785858 5.055338
6.441852 9.587552
6.396559 9.935456
6.367381 8.468007
5.717502 7.346507
5.639853 5.690391
8.753746 4.095080
8.733719 4.180223
8.250793 4.139118
9.050446 2.843411
8.652310 4.526311
10.306419 3.551458
7.580129 4.813696
4.799729 6.779953
5.594833 10.194042
6.423808 3.977408
3.570702 5.579628
-0.429524 5.047207
2.453204 4.323280
1.105631 4.862175
-0.853889 5.504973
-1.717718 8.747110
-2.571569 7.118294
-1.944295 7.834732
-0.962022 9.449586
-0.757673 8.743437
-1.354152 9.358815
-0.889630 8.779035
2.261194 11.150716
1.762864 3.116536
5.585042 3.801759
3.518802 3.285663
3.196373 5.569471
4.191904 5.646750
1.535919 5.920218
3.454530 4.979411
5.313539 6.828922
5.202080 6.981013
6.158600 8.747650
5.643103 12.010894
9.440488 16.019339
7.361421 12.926172
5.687603 12.072217
9.036705 11.699113
3.362038 11.125167
4.559663 11.031989
6.131471 10.889365
2.105340 11.256339
-1.607642 10.402321
-1.938807 9.107677
-0.902895 8.606921
-2.191922 8.405976
-1.514109 9.012213
-1.460825 7.588261
4.987799 9.854920
2.896427 16.420324
-0.383796 17.036142
-2.421481 18.601780
-0.309133 11.190874
-0.413253 12.028735
-2.045532 12.081290
-4.435324 16.946602
-2.403764 12.982300
-4.187488 8.400958
-3.169786 12.203397
-2.779028 12.433495
-1.514617 12.144631
-0.966292 10.586836
-0.040335 12.591680
-0.358838 12.302013
7.030409 12.623386
-0.291317 13.399802
-0.793200 12.066097
-0.868405 12.312385
2.018465 16.502951
3.858831 17.696272
2.434153 17.939535
2.929076 11.045582
4.345251 11.190653
4.840821 6.125122
5.017292 4.509681
-2.186292 9.873499
-2.701948 10.874722
-1.216612 11.096241
6.753323 11.065857
5.955051 11.429699
10.413589 11.764151
10.631020 11.943621
7.702578 11.452762
3.756452 11.236833
-0.393137 5.830544
-1.643037 6.204622
-0.696707 6.491299
-1.821665 5.859431
-1.063630 9.553400
-1.968094 9.416734
4.906043 7.331242
4.339644 10.174642
5.309261 7.788081
6.057817 11.905999
4.945141 9.010383
7.163994 12.444092
7.597039 13.464999
5.115508 9.434067
4.731003 5.130766
6.123961 4.903011
4.837265 8.176389
2.631399 3.518932
1.919294 3.598820
1.607416 4.262538
2.950641 3.200140
1.391084 3.882435
2.145164 4.333786
4.494234 5.183811
3.251690 5.661501
4.713409 5.053864
2.938422 4.948978
0.927228 3.666607
2.189772 4.611638
1.789799 5.432735
1.838287 4.221627
5.560347 4.253225
4.412665 8.264087
5.317245 8.210811
4.337344 8.282171
6.064685 9.194862
5.269497 12.608167
8.281834 13.075833
5.624402 9.698151
5.501156 7.876658
4.751658 7.731486
5.095388 7.812294
5.620642 5.049223
7.672971 4.996482
7.253161 4.670012
8.374027 4.827311
6.017381 5.492126
6.829955 5.494289
7.007811 3.488055
6.000484 6.450016
6.426508 7.353948
4.438525 8.573366
8.003293 12.887798
5.403657 13.945256
5.900895 11.456227
3.428479 5.462505
2.905980 5.198528
-1.932615 8.205008
-1.286114 7.486066
-2.203123 11.594645
0.041521 12.884412
-2.798781 13.675004
-0.333033 15.483218
-1.695361 11.544094
-0.731165 9.963035
-1.667702 8.990129
-0.674208 4.233915
-2.917078 5.926789
2.488323 11.192483
1.737317 5.718265
-0.611109 4.006927
-1.476461 9.208651
-4.130839 9.121951
-0.988699 10.137635
5.431732 12.186900
6.544286 15.526097
6.029010 13.735762
7.467341 11.788049
6.575813 11.227045
6.372221 8.918983
6.031195 12.155534
0.462272 4.633031
-1.239753 6.099686
0.113260 5.268090
1.308105 3.629993
-0.768346 4.381023
-1.101494 8.300294
-1.676980 8.185982
-1.378426 9.995872
-1.892356 8.039333
-2.470185 9.640669
-4.858399 9.724160
-2.353795 9.193582
-2.261848 11.934791
-1.067363 11.696582
-0.276567 14.926821
-0.486585 15.884652
-2.363702 8.350101
-0.821767 7.571332
-1.816152 4.716788
0.076725 3.542125
1.879145 5.456946
-0.006293 5.871013
1.066051 5.371796
-2.294584 6.074853
-1.878781 7.062403
-1.267476 8.331516
-1.211829 8.115738
-1.817917 8.372430
-1.367103 6.520070
-1.082267 5.825163
1.213968 5.027981
2.821640 5.634008
2.575169 4.404489
6.293302 5.001700
5.000501 8.633389
5.754263 8.849756
5.799437 8.617848
6.744163 4.664245
3.677474 5.913220
0.323451 5.314190
0.332249 4.933851
1.833680 5.761341
2.220316 2.756348
5.018253 6.642543
4.723875 8.262647
6.022026 7.570142
5.700078 3.910737
5.904452 4.767432
4.896264 4.342223
4.953219 4.606948
6.271220 7.064214
5.591996 3.094108
6.776181 5.235125
9.122981 4.441308
9.047537 5.503393
9.682926 11.616383
9.793158 11.467007
6.772959 11.033237
9.667499 17.184698
5.128525 18.688272
5.766304 13.319814
4.688629 6.213105
6.046103 5.913171
6.583018 5.334728
8.926568 3.786249
8.723286 5.095446
8.529955 5.166808
11.553989 3.847654
12.069754 7.662062
12.053465 5.881582
14.314072 11.512967
9.496445 16.151175
8.852393 12.298581
7.974701 12.054774
9.182661 14.237088
10.802648 10.660573
7.626905 12.089583
4.871271 8.880627
5.874635 2.189760
10.492815 1.456936
9.493853 4.344157
11.438668 5.584086
12.469517 6.143643
10.852827 4.585602
5.295522 4.351127
5.595579 8.532369
4.935409 5.808122
2.766501 5.190359
5.117288 4.919210
3.386925 5.722703
-0.117428 4.743600
-2.893981 7.014782
-3.308605 7.005572
-2.250207 8.766301
-0.979921 6.148218
-1.730438 7.889623
-1.145682 8.903213
-1.849375 9.965243
-4.344172 8.087441
-3.713629 9.907206
-2.032799 9.728746
7.368108 14.054809
6.495263 10.593225
4.875591 9.071137
5.992331 10.717702
3.202499 11.164100
3.500811 11.042733
2.893609 11.298873
4.790647 11.053582
6.915828 11.945621
5.068110 7.070495
6.518768 9.732525
6.320067 8.027980
5.485191 8.023559
4.979811 3.999151
3.955220 5.686113
8.253967 5.133090
8.975513 5.611002
10.786812 3.934196
13.748686 8.532306
15.410647 12.519362
8.613710 12.142657
14.463994 9.567242
