-6.254681 7.215482
-3.476492 6.042288
-4.322337 6.453592
-2.885595 7.955147
-3.058282 5.770341
-1.482577 6.304850
-1.928315 7.542925
-2.426962 5.475204
2.366766 4.987010
2.671363 3.415562
5.558404 5.480284
4.957066 4.097654
5.362518 4.667776
5.999986 8.976770
5.244724 8.403118
4.768897 5.837354
6.442250 8.161730
5.353235 7.027700
4.496462 5.864347
5.429830 3.935983
6.390987 7.492631
5.300097 5.468308
7.172720 2.233738
6.869820 5.081634
7.287135 5.297339
9.201727 4.845284
6.315850 1.838214
5.720282 0.514932
5.681579 0.268162
5.204617 0.788389
5.222274 -1.286080
4.825887 -4.294303
4.863191 0.696603
7.493241 0.799567
7.953652 -8.442931
9.137467 -6.719228
9.622286 -5.648993
13.343656 -5.649658
12.312485 3.862499
10.175790 1.401122
8.408079 1.610323
5.970504 1.750094
5.845792 0.177989
9.660076 4.094679
6.065475 5.760781
5.006569 8.799569
6.172011 11.031693
6.902747 10.829638
8.089393 10.906685
8.728134 12.405337
7.628616 12.018637
5.944419 10.042130
4.457669 4.806883
3.728862 5.608950
1.291661 5.193246
1.613535 4.817186
-1.109411 5.754261
-2.475778 5.378699
0.173025 2.765456
-4.489977 8.938193
-3.071972 11.184399
-0.850269 7.718778
-0.781112 6.548546
-1.385203 8.525574
-0.704611 8.102889
0.351396 5.183207
1.392726 5.089751
1.531260 3.908352
1.313223 3.272271
-0.490611 5.747481
-0.519218 5.744075
2.054747 5.371378
1.761471 5.747338
-0.175652 4.887354
1.863323 4.635501
0.827201 4.902578
-0.679470 3.274914
1.654779 3.175236
5.958337 2.757549
4.531699 3.163277
3.889415 4.442605
6.917609 12.668382
5.532623 9.186833
5.466882 9.618549
5.686432 9.437369
5.856023 10.293511
4.520877 6.920893
5.923480 7.989103
6.193102 6.357875
6.177944 6.674106
6.609493 2.278588
7.732312 2.901415
7.651737 3.628765
6.556201 10.919495
6.516252 12.271576
5.645385 6.781561
4.201529 5.952796
5.849592 9.584170
6.240417 5.693051
9.610313 12.333336
8.474106 12.147110
9.413661 5.461658
4.188674 5.401599
6.088872 4.598167
8.614808 5.518795
10.384903 4.366271
9.350241 5.630389
9.549170 5.565403
8.980730 4.855523
8.651411 4.651319
8.152965 1.550535
9.922398 2.103362
10.650551 3.470690
8.562302 4.965607
7.079887 2.896135
6.208254 6.181027
5.632085 5.899201
5.826583 8.260600
5.148993 8.008145
5.456788 9.002974
4.516665 8.399750
5.248433 8.221545
11.926476 10.376145
10.442246 12.036603
12.752813 12.167353
14.332331 7.022951
11.799440 5.801940
14.048550 9.756109
11.715214 6.153716
9.381760 3.435131
9.556479 2.832993
9.425035 3.711346
9.116426 4.639100
7.950550 3.779523
6.705392 5.161713
5.857684 6.517712
6.458206 7.102282
4.851045 7.597948
5.271903 7.996726
5.943542 6.664978
12.979736 8.247199
10.836301 3.042180
11.266549 3.961569
9.402035 5.565491
11.991526 5.910205
11.592918 5.088560
11.065119 3.373179
10.364635 4.190235
8.219539 4.560119
7.695541 4.478393
7.120317 5.415064
9.222396 5.440390
9.515116 5.493704
6.259684 4.165148
4.929010 5.207411
5.091216 6.142107
6.093310 7.351007
6.058187 7.339272
5.620447 5.836910
8.411577 5.243917
4.391883 3.781375
7.155836 4.919528
7.488684 4.145720
9.188494 2.138765
9.724764 3.920563
8.188025 4.774651
8.900116 5.205328
10.609480 5.338395
12.466515 5.668786
12.149572 9.768489
12.306628 8.800812
11.695936 7.322631
13.927021 6.003355
7.540951 3.904139
7.245724 5.415864
6.544307 5.510696
4.634547 4.985047
4.903633 3.375811
6.482713 7.426249
4.291220 4.747450
4.897973 6.712115
5.983411 5.803405
5.270653 3.567111
5.355655 7.421733
6.439999 5.200204
5.949353 7.244483
5.259255 10.364793
4.824563 10.949152
5.139284 11.076471
9.302782 13.057536
5.337114 13.273320
5.307114 10.121373
4.734248 8.536139
6.212104 7.969295
12.334956 10.625735
11.616831 12.277595
3.616770 5.373154
0.483822 4.303137
0.313398 3.523543
0.393750 3.254898
-0.409690 4.732747
-1.551045 8.124027
2.018709 11.071517
-0.940674 7.516257
-1.009524 8.626546
-1.884931 3.095646
0.191950 5.367611
0.103481 5.058637
2.370725 5.315692
6.301702 8.456028
5.551990 12.727608
7.187962 11.276780
5.608611 13.393627
8.251829 11.916274
6.087110 10.351348
6.111674 9.734640
6.030419 5.283527
9.463139 5.252306
8.780529 4.422771
10.389517 5.572022
8.595466 5.482091
7.974333 5.600254
8.066709 3.793339
7.440634 4.569368
6.838422 3.817739
8.431393 3.746793
9.200974 3.082042
9.802975 5.306177
10.667360 3.468659
9.495317 4.316062
12.124647 4.996970
9.097151 5.003841
7.940873 5.517340
8.879336 4.341538
5.818487 5.926818
11.222849 10.686312
8.114015 14.689653
10.426740 13.868256
15.234748 5.458859
16.018869 8.878480
11.914194 6.757445
12.197135 2.010791
11.505304 4.307776
12.075809 2.656049
9.724337 4.799160
12.238024 5.709681
13.682827 7.671473
11.160810 5.277196
11.670177 3.940776
13.856152 5.692100
11.739323 6.017972
11.988112 7.342537
12.659399 7.541974
11.943956 7.537424
15.155233 11.289319
7.877197 11.508173
8.773891 12.515733
8.425138 11.927552
8.383671 13.221747
10.525397 12.419757
