-10.007118 9.680197
-8.435943 4.019118
-7.619681 4.045890
-9.211663 2.219683
-4.523153 2.541669
-3.994408 -0.386657
-2.734126 -1.649435
-3.705546 -1.469638
-4.272414 -1.488948
-3.806779 2.022750
-5.235174 2.029757
-3.836577 3.681764
-3.601351 -0.994397
-3.225216 2.065399
-5.181324 1.185709
-5.051208 1.358433
-6.101804 2.540536
-8.390881 2.817853
-5.548997 2.405113
-7.081268 1.607371
-7.844736 2.468151
-10.084003 2.288937
-10.950085 0.893737
-10.761463 0.643939
-10.836433 -2.025327
-9.481116 3.551444
-5.395711 2.965952
-7.267578 1.435723
-10.612575 2.168180
-7.794559 1.691305
-7.081977 1.187701
-6.276597 1.656770
-5.248348 3.265621
-3.466832 0.759732
-4.400077 -1.153200
-3.546079 1.290662
-3.887646 0.073380
-4.381611 -1.487509
-2.742304 -1.749613
-2.944211 -2.366385
-4.177537 -0.208870
-4.311609 -0.941103
-3.983891 -3.886701
-5.935135 -3.995057
-9.589903 -6.681777
-9.967976 -3.544004
-11.614201 -2.018679
-9.756247 -0.886725
-10.205976 -0.458791
-11.029590 2.857331
-8.987127 1.263565
-5.093343 1.405663
-6.605263 1.839622
-5.953060 1.667310
-7.249420 3.114215
-10.383862 0.611372
-10.634298 -3.696159
-10.738689 -4.713048
-9.722250 -3.463749
-11.536015 0.268831
-12.695774 0.560641
-12.148125 0.768000
-11.890570 -0.024665
-7.784504 3.884183
-6.236628 1.847709
-7.338152 1.606118
-6.400331 1.266643
-8.764173 1.829633
-5.947540 2.091714
-3.411746 0.458133
-3.660697 0.186828
-3.608029 -0.478137
-4.199227 -2.830462
-3.561561 -0.940025
-2.962388 -2.888814
-1.774763 -2.864096
-1.567792 -3.459251
1.297743 -7.788616
4.286990 -10.612439
