-9.254655 -4.042298
-6.360213 -4.147415
-3.741640 -4.361886
-4.270560 -1.529742
-4.582563 -2.523612
-3.774787 -1.419788
-4.099184 -0.757518
-3.113238 -4.009299
-3.438885 -2.829283
-3.721707 -2.049937
-2.450163 0.359746
-8.425408 2.640203
-9.667141 1.310691
-10.099545 -3.201260
-9.410696 -5.523243
-8.086322 -4.924670
-8.385088 -4.570004
-6.447016 -5.252774
-5.455352 -6.616736
-6.722396 -5.347455
-7.006581 -4.447829
-6.569504 -4.749330
-5.456246 -5.140267
-10.087048 -3.977615
-10.146436 -2.831052
-11.518747 -1.892824
-9.830015 -3.502522
-9.092899 -5.833361
-3.438169 -5.827166
-3.125415 -3.235995
-4.521338 -4.088433
-4.360178 -1.861899
-3.882259 -0.821124
-4.132192 -1.278082
-3.491706 -1.980781
-3.917615 -2.883142
-3.100517 -1.785606
-2.156096 -1.792630
-0.613639 -1.721250
-1.509945 -0.749547
-3.370798 -4.029928
-3.129246 -2.804161
-4.577100 -1.648238
-3.911323 -3.875069
-4.340939 -1.920327
-4.550402 1.124410
-7.111378 1.533306
-6.621062 1.418163
-7.370241 1.381313
-5.888856 1.305553
-6.987043 2.711889
-8.201171 1.565806
-6.472158 1.532774
-8.565936 1.277166
-4.986525 1.831280
-7.325951 1.190161
-7.447673 1.263313
-7.227310 2.832453
-7.389771 2.844903
-8.677940 -5.016458
-9.906667 -4.141953
-6.841730 -4.888964
-5.210850 -5.100025
-4.845151 -3.979463
-3.936712 -2.763289
-4.100847 -1.439465
-2.308930 -1.374033
-2.941038 -2.889102
-6.427057 -5.430178
-5.530349 -4.594689
-13.839464 -2.750154
-11.381725 -2.871266
-9.799658 -2.785727
-8.365873 2.573966
-8.128249 1.829694
-8.038990 1.162719
-7.956787 4.711700
-8.667825 5.081181
-10.921850 0.692637
-9.781780 0.256507
-9.754148 4.047070
-10.769281 -2.611039
-11.207939 -4.723944
-11.157740 -5.499752
-5.556172 -4.978076
-5.749226 1.378608
-8.404951 1.907062
-7.901985 1.849634
-9.364920 4.604403
-7.921441 -4.237905
-8.370361 -5.739027
-8.323230 -7.201576
-9.483328 -5.496478
-11.197607 -4.335087
-11.296787 -3.677413
-11.478712 -3.970330
-10.895859 -3.039919
-9.962540 -3.884084
-8.756956 -5.244595
-8.784414 -5.277209
-5.600932 -4.919415
-6.660351 -5.030243
-4.309453 -3.949914
-3.942114 -2.992836
-3.380261 -2.968352
-4.275513 -0.467414
-3.075371 -2.536413
-4.166303 -0.542907
-3.534568 -4.716286
-2.662622 -0.998037
-4.684071 2.326941
-6.135658 1.203103
-2.414237 1.865221
-5.398289 1.441261
-5.636756 1.292411
-7.282768 2.430661
-8.706297 1.524454
-13.176629 2.833668
-10.767475 2.595194
-10.041429 2.157403
-9.829557 0.825830
-10.960596 1.466361
-10.073962 9.181572
