18.449717 -19.211872
15.673466 -7.455567
18.260460 -4.181931
14.343190 3.932140
12.836843 -1.915048
16.863363 -6.436158
6.094596 -8.138852
6.987803 -8.086905
10.839643 -5.328434
9.077801 -6.838226
4.889602 -7.193304
6.536815 -6.175319
4.988985 -7.675403
5.277862 -0.528445
4.982992 -0.867557
3.176522 0.026719
6.021149 -0.202948
6.094968 0.371126
6.074840 -0.033406
4.041179 -0.043402
8.543810 2.304504
10.386355 4.511749
7.233268 1.541034
6.979503 0.642167
6.911644 3.490686
7.742942 1.306631
6.570306 1.475161
6.386225 0.949835
6.694073 0.345642
6.065853 0.376812
3.547825 -1.550594
5.277208 -0.864676
4.122460 0.325596
8.360625 2.120614
8.245365 1.842509
7.351463 2.591470
6.579084 0.196505
7.764597 2.270348
10.613966 1.324251
9.649644 1.852637
6.676773 1.618937
7.049931 -0.192750
6.443490 1.271164
9.034386 1.303294
7.645143 1.363817
5.492612 0.575893
4.886961 -0.711155
5.239228 0.261901
6.695812 0.489862
6.925345 1.456351
5.120997 1.153017
5.375260 -0.823127
3.949534 0.879904
6.765362 1.012208
5.836052 0.899048
7.347071 0.247072
7.328364 0.197815
7.453828 3.212029
9.160745 1.329237
9.186240 2.048082
8.455267 1.907453
10.394142 2.404738
9.108694 1.708784
15.162194 1.076076
10.753052 2.160390
8.030141 2.527612
10.362175 3.892505
7.565209 2.232472
10.095966 1.945144
9.856487 4.130953
