17.509804 -11.967912
14.791860 -9.507838
14.706266 -10.313679
15.915659 -10.948011
18.437550 -15.062029
19.769251 -11.049226
9.163630 -12.893748
8.432734 -15.571409
12.983011 -13.143617
7.156560 -12.813191
7.482936 -9.833661
8.307124 -10.475539
9.213319 -10.771756
11.307316 -14.426946
11.413822 -14.778540
11.460115 -6.909644
9.149189 -9.348291
9.306053 -10.378142
6.441329 -11.319274
10.198266 -13.622420
9.633178 -13.513389
8.257687 -10.452779
8.027152 -9.695472
9.097092 -9.249743
8.968660 -9.383758
8.219449 -11.922477
3.691563 -5.562905
3.307698 -8.482484
7.348788 -10.371872
6.147554 -10.941169
5.310686 -8.705189
6.205775 -8.604098
6.497825 -8.179301
9.261218 -10.324609
7.194531 -11.301406
3.576961 -10.097738
7.810907 -10.073806
6.641956 -8.861770
6.073951 -8.518336
6.925683 -7.839329
6.573776 -7.889323
5.689504 -9.237729
4.510683 -7.239035
4.317863 -9.818311
8.684647 -8.283177
10.654921 -2.362792
11.140868 -1.621694
8.065479 4.034377
9.310265 3.936193
6.449528 -1.271017
6.497170 0.155444
8.803094 -1.947791
7.779620 -9.805769
12.202949 -7.784225
13.045855 -6.831737
8.523754 -0.284393
14.457728 -8.425345
17.609291 -7.817902
17.513939 -8.810353
16.049860 -7.009058
15.457060 -10.494466
17.865646 -18.145231
8.167238 -11.039987
6.872367 -11.213488
6.978800 -11.920416
8.285699 -11.901076
6.433002 -8.844082
9.915474 -16.833063
8.811419 -10.617497
7.727062 -11.898023
8.332400 -12.277511
6.360291 -9.138032
8.141975 -11.160058
6.704637 -10.695270
9.725954 -13.349051
11.948981 -15.231037
12.457487 -13.352145
8.702332 -11.415352
9.339148 -11.684293
12.316022 -17.784790
8.786615 -9.668195
8.825499 -7.901266
8.826905 -9.591258
5.963883 -10.356507
8.652178 -8.546612
15.419478 -9.014749
12.511920 -6.940062
14.799746 -12.493489
13.522985 -13.088618
12.100384 -14.421379
8.009326 -13.232884
11.615912 -12.844106
15.083920 -9.737174
11.926575 -4.959936
11.252704 -7.629328
13.092372 -7.634163
14.783892 -7.159670
12.440113 -7.123129
7.005444 -9.151717
5.467686 -6.642227
8.138507 0.798981
6.981596 -2.646832
11.378759 -2.852038
7.942067 -0.563631
8.471304 0.357238
16.998384 -4.044632
19.537689 -1.203610
14.382442 -1.508710
10.904194 -2.142326
5.616508 -9.029697
4.464191 -6.614826
5.955415 -3.604878
8.440417 -2.630814
8.112147 2.906396
5.382150 -1.861646
4.624092 -0.812696
4.792196 -1.871974
3.850944 -2.765171
5.112430 -4.160894
3.945617 -5.558223
4.407485 -6.459660
5.425509 -11.780189
7.173309 -9.829915
8.843843 -13.840938
9.165166 -13.114556
9.268355 -10.021043
6.879156 -8.483243
5.586172 -7.415637
3.239331 -7.789335
8.505697 -8.037259
12.696589 -6.756873
11.810663 -4.518199
8.539751 -8.480809
6.732750 -8.434745
7.621819 -8.202998
8.262767 -9.075961
6.655582 -9.529956
9.092050 -9.036348
6.221327 -8.100497
5.984107 -13.507913
7.953775 -8.390480
5.987597 -7.935230
8.009890 -9.357403
8.165176 -9.695249
8.663915 -10.783673
5.356102 -11.350125
7.955955 -9.765536
8.294371 -7.867467
9.044159 -8.110792
3.490692 -9.460209
4.797728 -5.357402
4.544910 -7.414393
5.706289 -4.875832
3.498685 -6.013747
3.969038 -5.655810
5.955020 -2.512921
5.512125 -7.621378
7.365972 -8.913110
7.661355 -8.959939
7.533218 -10.148181
6.515394 -9.015819
5.142426 -5.578801
5.818120 -8.297355
6.546608 -9.664752
7.657670 -8.449144
12.730676 -7.371551
12.889750 -7.674978
12.079664 -6.943993
7.352805 -10.213780
5.936098 -8.438847
6.768149 -8.810097
3.649582 -8.265302
3.795594 -7.305254
7.051917 -11.312161
8.830681 -11.211197
9.292475 -12.837955
11.522817 -13.487209
13.625610 -12.870364
8.917181 -13.597686
8.763108 -10.309811
4.960592 -10.858940
8.788626 -9.664099
5.065161 -8.529750
5.685066 -9.151364
7.418869 -8.273084
6.707964 -9.522331
5.614878 -6.503010
7.947216 -8.361245
5.651386 -7.238447
5.548847 -9.542696
7.468279 -7.925333
8.199419 -8.008800
12.656817 -7.590554
8.952132 -8.457683
8.468184 -10.585032
4.804591 -6.960070
4.689548 -6.329551
6.041932 -2.749184
5.626957 -3.681621
5.376964 -6.510252
5.926981 -8.483729
7.040365 -11.133971
8.790696 -11.194939
7.530602 -10.718452
8.767784 -7.870622
5.900198 -4.900285
4.838275 -8.127499
6.586465 -10.594103
7.419916 -9.440293
11.252491 -2.717888
11.590666 -5.311272
5.835833 -10.659154
6.362692 -9.707555
7.852045 -9.169650
4.930588 -6.983475
4.332742 -5.160412
5.713479 -6.206570
5.275595 -5.174037
4.068100 -5.143999
6.199029 -10.081292
6.004327 -6.918511
5.824034 -7.979749
9.373877 -10.123254
4.305494 -6.580847
8.401901 -9.718210
8.585533 -8.675082
6.587657 -9.448379
8.752521 -9.814965
6.525389 -11.539556
12.320240 -15.191505
18.870064 -16.713636
15.366461 -11.270761
16.372936 -11.442380
15.932543 -6.920362
13.666504 -6.915767
11.596470 -7.416397
8.940348 -12.594623
7.132759 -11.183391
8.836266 -11.394965
8.572273 -9.526977
7.395473 -8.682078
9.091535 -9.904685
2.575198 -8.214932
8.628380 -8.386806
8.616154 -9.202535
4.510069 -9.522136
7.867698 -10.534808
6.481384 -10.187943
5.906420 -7.350571
6.169185 -8.361295
9.020177 -10.512271
14.381907 -17.548752
14.787382 -17.130777
14.426080 -10.932099
8.698737 -8.822763
7.671521 -10.932982
5.115365 -8.312365
8.730015 -10.942471
9.112575 -9.273154
8.473543 -12.706855
8.877319 -16.546453
8.233536 -10.080649
4.988690 -10.989252
4.847268 -8.127490
5.948673 -6.972232
1.888572 -8.163040
4.898100 -4.792243
5.463617 -4.221398
6.030065 -5.040148
3.049104 -2.662368
1.085166 -1.347257
-1.668700 1.360338
-2.210260 3.578854
-1.710356 4.045653
-3.107375 4.738957
-1.182472 6.132305
-7.981994 7.255192
-8.967556 7.423983
-10.521366 9.262782
-12.549051 16.343113
