18.464094 7.205069
15.716978 7.708277
14.835690 13.442502
12.867683 10.744065
14.314218 10.803567
11.376463 12.271342
6.741698 4.844120
9.463050 3.530764
8.752459 4.601174
8.295475 2.723323
9.104550 2.522935
9.001382 5.317340
9.343742 9.453885
10.414625 9.125877
7.567265 7.709781
9.498535 8.144393
7.293076 5.192384
8.807835 7.573350
9.762180 5.080207
9.692705 5.451473
8.732406 2.243395
7.878187 2.912992
5.332332 2.050658
1.678741 6.675822
2.642012 10.601704
5.686487 7.534648
7.537248 14.634095
5.844697 13.885939
5.483125 14.337651
5.495365 14.197416
6.428198 10.158166
3.110263 9.088103
2.395525 8.114615
3.399486 7.755822
0.579539 10.459922
-0.747495 13.314303
-3.154027 9.201019
-0.348347 16.440327
