6.138422 13.071492
5.767335 15.142189
6.339960 13.800639
8.346882 9.745866
3.305407 9.625113
1.722010 10.465356
0.262365 10.702089
-1.636018 6.448685
-1.024039 9.493300
1.417485 9.241309
4.808196 8.043714
1.920191 10.302569
-0.373739 9.231462
-0.586258 8.356490
-0.734081 8.601249
-1.231888 8.037048
-0.000827 8.829611
-4.132544 7.147755
-1.411888 4.380670
-2.572820 4.017070
-3.119093 5.005866
-0.361358 5.111402
-3.943926 6.456394
-4.818491 6.298409
-6.346805 5.936470
-6.944085 6.371400
-5.466054 7.596710
-2.725831 7.782563
-2.635108 3.644115
-2.416220 4.838141
-3.059840 4.521281
-3.167186 7.025786
-5.593321 6.837788
-8.023943 6.796279
-6.868017 5.944642
-4.185063 6.178319
-6.351153 6.065221
-6.139482 6.554836
-6.032758 6.984249
-6.068609 7.488948
-2.349270 5.461932
-2.660994 2.094871
-2.708977 3.285266
-2.076262 1.984163
-2.834856 1.752345
-3.011451 -1.056676
-4.000849 0.719285
-3.104152 4.539228
-0.424896 2.040071
-2.675127 4.636699
-1.741531 5.257075
-3.172068 4.299168
-2.825123 1.078652
-3.708180 0.036234
-3.548783 0.227233
-4.012402 -0.624591
-5.897415 0.648430
-4.979534 -0.583998
-4.536317 0.152975
-3.974098 -0.915151
-2.951797 -0.640416
-7.399980 -0.576341
-8.910099 1.652876
-10.040732 3.348545
-8.856601 1.305453
-5.900573 -0.617348
-4.583438 -0.137651
-2.779170 0.787149
-7.566647 0.341847
-8.731806 -1.362970
-9.152698 1.080839
-8.807737 3.244254
-8.835924 1.689463
-9.162182 4.621950
-10.547799 4.154843
-11.902522 3.539358
-9.841487 3.760386
-10.603312 4.902028
-9.089342 6.148460
-10.440195 2.926756
-8.594463 5.196572
-1.949816 0.836144
-2.228565 0.447175
-3.008046 1.034285
-2.276136 2.640691
-2.517610 1.479173
-1.301003 4.470922
-5.114769 7.532810
-6.180266 8.056014
-6.009966 6.498593
-6.414422 6.588195
-8.590666 2.793565
-11.248360 3.040154
-8.315226 4.602515
-7.269872 6.388209
-6.881608 6.950180
-7.326503 6.430903
-10.951242 4.932314
-8.472935 4.056740
-5.915730 0.664178
-7.505394 0.680810
-7.747937 0.798646
-6.427071 0.599213
-6.419612 -1.267451
-5.049213 0.690285
-5.726432 -1.016128
-3.807225 -0.052892
-7.711072 0.774915
-9.531677 0.304838
-9.519390 3.256884
-8.535563 2.218570
-10.153809 5.577007
-8.651118 5.605277
-8.576912 4.898547
-9.965123 3.130549
-8.732538 5.538255
-8.324122 5.309998
-3.160675 1.161995
-2.871784 3.289588
-2.338784 1.278431
-6.466476 6.026626
-6.901867 8.121201
-10.843834 6.894804
-8.507187 5.093748
-9.409592 4.472639
-8.361674 5.738827
-9.394544 2.950660
