0.133244 0.651519
2.470294 1.853487
0.733707 2.318326
-2.491291 4.590243
-2.699525 4.323740
-2.479901 4.796921
-2.194881 6.213230
-3.886090 6.107022
-3.305485 8.401542
-2.536546 5.281794
-3.069998 5.040857
-1.027519 3.957325
-2.266514 5.874633
-3.165385 4.327334
-2.366511 4.635065
-0.759943 4.981408
-1.768898 4.651493
-1.748731 5.574297
-1.928730 7.581662
-3.983123 6.939793
-3.846453 6.030198
-2.186815 6.942585
-2.728230 2.091609
-2.303082 1.668769
-4.017185 0.231034
-4.531722 0.270373
-7.578919 0.353869
-5.953754 -0.484468
-7.834293 0.843951
-7.840615 -0.240433
-12.785563 -2.959016
-8.627454 3.366805
-9.045496 2.599008
-2.965503 6.185467
-5.872643 6.554085
-5.689034 7.418646
-5.542628 7.139690
-4.672909 6.048108
-2.557519 5.766139
-2.122039 6.132794
-2.278935 4.367085
-2.668460 4.716472
-2.168324 2.203738
-3.178380 3.178187
-3.122597 3.912481
-4.353551 0.250249
-5.964478 -0.537942
-8.591601 3.215564
-8.225929 0.388680
-9.175158 2.542720
-8.392654 2.264326
-8.541548 2.130320
-9.703844 0.340867
-8.613169 3.842489
-8.322964 5.449861
-8.832473 5.467266
-8.763572 3.873448
-10.516671 6.300808
-7.080282 6.230860
-6.899583 6.825408
-5.275455 6.207759
-6.834572 6.577105
-5.326225 7.722528
-7.078436 7.382886
-9.522385 9.025912
-11.138060 10.363688
-17.118526 15.522530
