9.607415 10.114678
5.782651 9.356002
7.841663 7.537928
9.371553 7.614952
7.604574 6.550488
8.489642 4.621966
9.489485 3.910143
9.434499 4.050515
4.714117 3.170131
11.207539 3.709216
12.627651 3.446420
13.294256 3.612293
8.302191 3.867937
5.642224 0.080806
8.840672 2.924481
8.544270 0.432496
8.287297 -1.857241
5.090525 -5.864401
5.796293 -6.479803
2.351398 -8.338035
5.626836 -10.312416
5.926003 -8.020926
8.031543 -8.306088
7.783750 -10.298089
6.250784 -8.523183
5.541298 -9.454913
2.890721 -8.065269
3.365436 -6.719809
5.295540 -7.612338
5.514407 -9.827828
8.979767 -8.081607
8.307128 -9.352105
6.050036 -9.151687
8.764331 -9.789750
7.337862 -9.719790
4.392699 -7.282968
5.660506 -4.326756
9.575371 -2.290262
4.468711 -2.997911
5.235766 -4.492954
6.097824 -6.151666
4.941852 -9.734511
5.707296 -7.160943
10.060713 -16.533979
8.330023 -10.420241
7.855379 -8.690908
7.120025 -9.331511
8.785358 -8.168235
8.898577 -9.512761
8.019809 -8.883968
6.707560 -8.955561
8.723748 -10.043017
9.278218 -9.823105
8.158993 -9.482146
7.362193 -9.903685
7.948291 -8.321468
8.496155 -7.842355
6.997228 -9.455812
5.834949 -13.620582
11.320345 -15.093514
12.846670 -14.040572
11.222248 -7.529328
11.858640 -5.081698
14.687236 -12.291707
14.634966 -8.114737
14.974043 -16.573233
18.599037 -14.894378
19.088312 -14.689179
13.655859 -14.534652
15.362958 -8.775441
17.182087 -8.138186
13.518931 -6.705071
19.106800 -4.598562
17.257322 -7.379079
13.051689 -7.486626
14.836993 -14.934745
13.463047 -17.483381
12.000576 -16.319157
7.434130 -8.323831
6.257041 -11.720651
4.304825 -7.934505
7.537409 -9.018311
4.796988 -6.920712
3.681589 -8.064816
10.558832 -13.544021
9.961348 -13.669559
12.047508 -12.874362
8.238805 -15.617444
13.310577 -14.982254
5.380000 -8.099006
7.445424 -9.974312
11.576363 -7.711239
11.362783 -6.055918
8.312026 -9.701953
9.303704 -11.274421
14.312709 -13.106483
15.127730 -13.887565
8.975727 -9.312386
7.343478 -9.611993
13.399427 -7.378700
6.634323 -7.933956
5.415929 -9.221437
6.023391 -5.866454
5.054772 -5.218779
5.215281 -7.546748
6.030068 -10.539592
7.746421 -7.841523
9.179871 -7.886755
8.763834 -7.935360
4.506910 -8.762897
4.901226 -7.645373
3.802302 -4.536522
6.624023 -1.676269
5.894889 -2.992838
6.859315 -1.136942
10.332861 -2.684908
9.504998 -2.616540
5.554627 -7.506754
5.218509 -8.094512
8.090602 -8.083452
8.326411 -8.521797
5.878577 -9.641096
6.363993 -10.260526
5.723231 -7.829434
3.323836 -6.515685
5.104091 -6.961164
5.597929 -8.378077
5.001828 -9.773454
7.370651 -8.758159
11.814312 -7.493787
11.311019 -4.293170
11.672652 -2.418147
11.686415 -1.816335
5.893844 -4.855070
2.770136 -7.671746
4.029038 -10.150121
4.573396 -13.259048
3.533243 -14.548152
8.154672 -11.836261
7.925661 -11.742261
15.054483 -15.767161
8.835597 -13.509776
11.463276 -6.169972
11.546236 -3.344664
9.800855 -2.583657
16.880022 1.944901
16.315132 1.001640
8.855255 4.489697
7.574627 5.877868
6.661354 3.072654
16.697906 2.839179
16.663193 5.404284
15.573997 0.559255
14.347775 0.944684
16.738609 2.824271
16.101788 7.311071
10.617753 10.372782
9.448162 5.235635
9.057442 3.881586
7.038556 2.281950
8.379170 2.200044
11.744925 3.584084
9.162987 4.757985
9.771919 5.272397
7.600662 6.034087
9.292876 4.639815
6.804545 4.865118
7.004127 2.058153
7.448137 3.895032
7.418816 2.285226
7.068106 -0.351395
8.640535 3.405382
8.601081 2.691618
8.094980 0.000063
8.800663 -1.612970
7.391139 1.654667
8.320616 1.489439
8.166519 0.014792
8.250463 1.593033
8.256159 -1.483712
6.931436 -0.537789
8.963558 1.912295
9.041245 -0.699875
7.862407 0.460100
7.826112 0.044693
8.667223 -0.489423
6.215493 -2.166812
4.644772 -7.762097
3.759092 -5.799543
5.955998 -2.685256
4.769692 -3.807869
6.001794 -8.495205
7.135447 -9.457854
7.181146 -9.838632
8.839308 -8.417153
9.165173 -8.191798
4.641931 -8.846246
3.940123 -5.450172
2.877886 -5.475615
6.762177 -9.250470
4.934688 -7.141069
7.480713 -9.085810
6.300085 -9.956084
6.706860 -8.139674
5.369987 -1.537041
5.999017 -1.845862
5.579301 -2.338744
5.211951 -2.639578
7.126738 -2.622516
5.425624 -3.218369
5.510702 -6.290617
3.698395 -6.193047
6.348157 -8.163438
7.551655 -9.085160
8.163585 -10.791112
9.341889 -10.514008
6.947330 -10.397875
7.189871 -10.177602
6.091630 -9.695457
15.487160 -7.121474
10.597699 -2.259523
14.049294 -7.076046
15.987080 -11.350513
16.676823 -17.217604
6.034173 -10.905997
9.199879 -12.798545
11.596310 -4.663778
15.182770 -8.676409
18.133850 -11.350713
16.763039 -9.518229
11.326885 -1.920649
10.273056 -1.999812
7.570147 -2.371606
9.013264 2.012104
8.146997 2.076746
8.289070 0.092415
7.767228 1.421768
18.848873 4.434733
16.410645 3.475071
10.087158 3.509576
14.131651 -0.815984
14.456280 -0.725526
7.747743 2.270671
6.015668 3.247176
8.143547 3.231863
8.060525 0.658153
9.064631 -0.223212
9.021439 -1.129193
8.228204 -8.809730
8.487199 -7.912378
9.040903 -8.015706
9.934933 -2.016086
5.703432 -8.891974
3.770568 -7.648603
4.681004 -11.011545
6.089668 -8.887792
9.274933 -9.101203
9.162402 -8.533138
3.858960 -7.200452
4.906659 -7.086415
8.140338 -2.121001
11.092524 -1.625614
11.916729 -3.239945
11.199066 -2.475792
10.453636 -1.981090
9.709308 -1.799228
11.462491 -2.624201
11.191395 -7.771447
7.594126 -8.737872
5.786710 -7.712766
5.404982 -7.269864
10.646571 -1.863565
11.328197 -3.037183
7.853103 -1.687335
5.197476 -3.010798
4.086751 -4.248253
3.630073 -5.764264
9.825493 -1.938634
9.885206 -2.717973
14.387579 -11.978770
15.436866 -8.266147
16.501217 -10.228538
15.186046 -7.013937
17.240364 -9.174026
18.766228 -15.496119
14.615294 -10.253317
14.599307 -10.736873
15.307952 -8.436443
5.935913 -8.409756
7.452839 -9.933915
9.384174 -8.615997
7.284320 -12.148689
13.624015 -14.626188
9.279530 -12.357942
9.255177 -12.431497
6.170000 -9.365613
9.152566 -8.110871
4.576975 -9.837342
4.572645 -7.165541
7.580364 -11.180797
9.026393 -11.279604
14.539320 -14.078749
11.165071 -13.299115
9.754282 -17.449156
14.502402 -17.107389
10.464086 -14.706682
11.406392 -5.690678
11.402555 -3.875300
11.433732 -2.256825
9.962098 -1.801719
9.703573 7.170965
15.118809 8.250523
12.619040 8.846545
11.229403 13.335964
10.552474 10.528009
11.072029 9.069730
6.992238 8.314240
8.254337 5.563657
8.861616 8.717028
9.424606 8.388234
10.975315 9.195390
11.981294 8.944606
15.129911 6.434853
8.558790 1.114561
8.239554 2.267040
8.896382 2.828300
9.767767 5.642941
9.214516 4.326955
9.796225 5.428398
7.282490 2.084601
8.906584 0.521889
7.801027 2.188362
7.656528 -1.009042
9.178572 -1.791778
6.700904 -0.066036
9.585001 -2.713870
4.949446 -6.840124
4.755246 -5.558684
4.629137 -7.611808
11.248130 -3.196790
18.252472 -5.843580
16.720045 -9.786491
14.394079 -9.634177
15.539533 -14.585640
14.608751 -8.116367
7.627289 -8.623292
7.816186 -12.294984
7.023931 -12.294030
6.861515 -11.611523
9.191694 -8.366330
5.603075 -6.467537
5.287939 -6.359567
4.577824 -3.419294
5.504402 -4.529744
9.599329 -2.646807
9.054791 -2.235257
6.483517 -8.004165
5.504471 -7.813898
4.354243 -6.542146
8.400461 -8.451287
13.110747 -6.895607
13.212440 -6.847410
11.759524 -7.163210
11.740151 -4.643652
7.146060 -8.180956
8.167976 -10.034051
9.129210 -9.449878
7.385436 -8.932315
5.863731 -9.515615
5.096186 -6.821813
4.346020 -5.930446
2.167162 -12.501544
9.300285 -7.922819
7.900931 -9.079046
6.337503 -9.046454
4.524400 -8.467175
6.137609 -6.472066
6.109961 -6.265582
5.668535 -3.107484
5.442441 -2.340682
7.156961 -2.753963
6.760940 -2.372891
6.422859 1.641679
7.402456 5.304828
9.080893 0.627117
7.859117 1.468025
7.601603 -1.909516
7.050758 -1.560938
4.197158 -4.968187
6.115836 -4.185613
6.111843 -4.887440
2.095489 -6.962941
7.467077 -8.670859
6.174849 -11.830922
8.485077 -9.338954
9.290157 -11.385091
4.682202 -9.074592
7.357387 -8.318391
6.837068 -7.877697
4.297485 -8.924136
11.383846 -7.364916
8.305852 -7.940674
6.466381 -10.153961
8.563421 -9.569642
5.842361 -6.053212
7.535619 -2.745890
11.102751 -1.701345
10.005247 -2.420970
10.227750 -1.786030
11.901613 -3.655936
8.294003 1.369936
9.037748 1.760094
9.381470 -2.529682
10.149244 -2.746681
6.476984 -1.700615
6.450421 -0.254110
5.576894 1.334954
8.354750 2.293761
7.231344 2.048715
7.554942 3.240813
8.235790 5.002801
6.701382 2.825021
6.718986 1.723031
7.522025 3.084776
9.242639 6.230015
9.004525 0.974300
8.758449 1.858516
9.572676 -1.835750
5.921874 -0.231544
16.133358 3.445026
15.873112 8.509829
10.611404 3.546636
14.303440 3.714355
7.939609 3.581391
7.428087 2.171498
6.769673 1.256129
8.020051 2.250394
8.680656 3.111305
9.514145 4.708986
9.185331 -1.592549
9.173551 -2.653809
7.567878 -8.750544
4.522005 -9.403670
2.999583 -8.451509
5.706757 -10.043643
8.959817 -8.831352
9.115154 -9.833842
8.666759 -9.159818
5.270252 -10.322489
6.535743 -9.122251
6.233338 -8.691753
11.686028 -7.526922
4.577312 -9.602658
4.304864 -13.750619
8.271743 -12.573431
11.486617 -1.891659
14.165602 2.423909
15.169915 5.038148
8.821359 -0.097697
10.811272 3.566509
8.729914 2.061783
8.695183 1.104538
11.166275 -2.091409
8.122122 -1.087942
8.026498 2.731575
7.821069 6.167208
7.257568 4.007734
8.192038 3.407492
8.370431 3.022064
9.411869 4.101699
7.012560 1.027572
9.024185 3.011967
8.281549 3.283837
8.677832 4.424543
9.404537 5.912835
9.474927 6.816206
8.063067 7.462457
8.528806 4.965751
7.603176 3.189230
6.432186 2.944464
8.413301 3.192766
8.482744 2.881347
11.210032 3.530428
7.702280 0.925499
7.759539 1.486707
9.077999 2.199635
7.879703 3.457932
15.004994 1.257852
8.549330 0.147564
8.388723 4.341250
15.038011 5.660909
19.300051 5.436901
15.361954 0.288732
12.818039 -1.602723
9.092380 -9.368421
9.384009 -12.335188
8.394164 -8.639615
11.694317 -7.649947
8.123019 -10.823234
7.773213 -7.872828
7.977307 -9.773070
9.050154 -9.211170
6.864915 -8.277930
9.045320 -8.998006
6.951944 -9.294285
10.015164 -2.106613
8.312475 1.392756
7.771113 2.499770
6.955932 2.579208
9.473985 4.047499
9.143246 3.467262
8.884462 1.098100
8.528280 -2.670795
7.890834 -1.203614
8.908821 0.388973
9.001890 2.819525
8.849655 -1.108292
14.333572 0.033845
7.192417 -0.714190
6.583167 -1.775212
5.097593 -5.313305
7.198591 0.665469
7.306699 -0.635146
7.631862 -0.106107
7.285636 -1.945865
10.252129 -2.381825
5.638860 -4.210155
5.568841 -4.971792
5.891253 -1.428699
4.359950 -4.168869
6.384784 -9.296861
8.622426 -8.412295
12.455814 -7.147264
5.957572 -4.132195
5.673253 -2.336608
4.846941 1.304098
8.087056 0.979653
8.892136 0.360019
9.064992 1.668775
6.508758 1.259341
8.750935 -1.608535
10.029684 -1.867523
10.134939 -1.714070
8.924587 -2.556257
8.246357 -0.022741
7.980350 -0.228846
5.907406 0.230829
7.321581 3.830056
10.407919 3.647104
7.436608 3.510142
8.606386 3.181402
9.843290 4.732357
9.793847 3.646286
5.676907 2.296625
7.608311 -0.239231
7.187041 0.850811
7.222199 -2.163836
3.635303 -1.840782
5.520144 -8.940986
8.269325 -10.128997
5.337278 -9.524542
5.732729 -3.875515
5.212510 -6.743418
4.492352 -8.944405
7.606711 -9.008009
9.229725 -9.027587
6.096398 -8.178080
8.843376 -11.283972
8.668562 -9.698516
7.639590 -9.776449
5.922426 -10.521778
7.485733 -8.036988
8.743751 -8.243351
6.700022 -10.867630
7.481571 -10.204498
6.683513 -9.921152
7.853343 -8.653941
5.982796 -9.710571
4.301131 -6.407592
8.553132 -0.378948
8.058496 0.762207
5.483191 -3.596328
5.908786 -3.767343
8.330616 2.947947
11.388550 -2.106584
7.376129 -1.498489
9.109420 3.954167
8.271146 2.855210
9.366099 5.593524
8.548541 5.920852
9.378991 4.352561
9.659763 3.674472
9.377543 5.732305
8.103113 1.516141
7.726855 2.919512
9.085634 0.799690
8.813465 -0.211215
8.178249 -1.313546
9.305318 4.960132
9.147136 3.608091
8.752546 2.400483
8.940740 3.472411
9.551339 3.502776
9.586584 3.424103
9.084082 3.833961
9.304784 4.107325
8.506874 1.370120
8.784401 3.220219
9.458277 5.411237
3.483333 2.395231
9.528719 -1.954268
8.322670 -1.437953
8.529521 0.794909
8.637928 2.171280
6.854294 0.102270
8.536739 -0.190979
6.356404 2.437066
7.204916 4.508159
5.962864 2.481912
7.201448 8.724097
11.298380 8.970975
13.333900 11.881338
9.059058 10.545815
8.635307 6.975848
8.181204 6.200021
9.715654 4.627286
8.299695 4.097192
9.346001 6.421028
9.379394 6.810338
12.062811 9.733231
9.836285 8.960805
10.868662 8.841686
11.955866 9.914975
12.175491 12.207485
12.758549 11.114902
13.879161 9.180022
11.451920 9.026334
14.759814 10.652652
15.653627 7.635099
16.099312 5.884326
15.509118 6.462708
16.159407 5.569406
17.410522 8.096908
13.276691 11.204432
16.223274 11.916345
15.013206 4.000218
15.647230 8.755964
15.097023 6.787125
12.282171 9.417877
8.917936 1.460213
6.047170 1.997619
8.827124 3.289086
7.885503 4.104441
9.764581 3.987456
9.358372 5.912868
9.721004 8.304358
9.847035 5.833319
9.527296 8.081495
8.857214 6.107055
8.651609 10.262776
8.960423 6.083855
9.540182 5.499406
9.459505 8.594456
10.578224 10.560334
12.454409 11.130715
11.844956 9.326003
8.560832 -0.020507
8.426314 3.128044
13.268596 13.575953
12.769907 9.301761
9.261691 6.770528
8.186275 4.390182
7.318488 4.204738
8.680073 3.126400
9.260161 3.509359
10.336353 3.533666
9.034950 2.061395
8.162942 5.841198
7.052434 5.656689
4.240262 7.667039
9.639805 7.517056
8.621927 3.436253
9.742064 6.521628
8.021846 2.415658
9.610348 7.500742
8.337811 2.085828
8.207973 2.764834
8.987738 5.387383
8.147484 5.420803
10.762301 14.452119
11.901590 9.342978
8.392851 8.679564
9.697972 4.886237
8.808410 3.809180
7.717607 4.384094
7.690695 3.506434
9.403044 4.112620
9.690498 4.257056
9.678894 5.990853
9.387318 5.052351
8.877303 4.685809
14.429540 0.566588
14.496097 2.021732
14.753321 3.180289
10.826702 3.693966
15.515865 6.708703
12.105380 10.405622
9.666002 9.305064
9.128803 9.063196
8.959800 4.857307
8.652627 2.435491
10.125223 9.355052
9.201386 6.056603
7.579066 3.324475
8.737649 3.732413
14.221560 3.362019
14.921807 1.715859
13.583212 -14.445266
5.469308 -11.526433
11.850018 -7.576007
11.165272 -2.540739
11.908345 -6.852172
13.376031 -13.929242
10.379223 -16.998518
5.777501 -11.023250
8.421568 -10.274619
7.133615 -8.814601
7.693113 -10.421088
2.908680 -9.379915
4.627354 -8.913504
5.658856 -6.741000
6.803081 -1.460746
10.149900 -2.141177
11.713831 -1.916913
14.936373 1.329226
15.269690 2.900970
15.657235 0.313735
8.862308 -1.029989
8.638845 -0.159624
8.680298 -0.584003
6.126579 -5.470041
5.718590 -6.545231
8.115969 -12.130193
6.009250 -9.837182
11.906415 -2.467908
8.732774 -0.925073
7.854836 1.487732
7.604888 -0.173039
8.298336 1.480078
8.962063 -0.142028
8.044338 3.272270
8.684313 1.226238
7.891836 2.518881
9.836881 4.062472
8.646530 2.546814
7.681452 2.007128
9.399517 3.812225
12.071745 3.446075
14.829641 3.638622
9.579622 3.444290
8.357165 4.017025
7.436030 4.816071
8.223396 5.837816
8.550577 2.272768
7.529850 2.205087
8.375593 3.405479
8.122244 2.420255
5.210141 3.227033
7.902489 0.845518
7.912786 1.673931
8.279509 1.222013
9.096791 0.388959
9.013912 -0.926393
8.514484 3.485765
8.618125 -0.607562
7.804799 0.592869
5.367532 -0.534486
9.507010 -2.499888
10.403785 -1.948857
8.523962 -1.310066
8.889538 1.158403
7.980280 -0.190790
8.408925 0.385988
9.091640 -0.025434
6.630905 -2.003179
7.954126 -0.988659
8.702677 0.242682
14.566805 -0.288231
9.178958 3.551784
9.573608 6.083721
8.764755 0.638112
8.932528 0.904582
9.043060 1.285677
8.601251 -2.103443
6.120457 -1.917186
4.489385 -1.484870
4.137359 -2.752246
4.524000 -9.119215
6.405540 -7.977521
4.203679 -9.826309
5.834953 -8.515589
4.398945 -9.469655
6.831040 -8.728051
7.133690 -8.145089
8.101246 -9.573697
3.383803 -8.336864
6.021201 -8.378398
11.162121 -2.129674
8.935109 -1.624330
8.883977 -1.509724
7.631341 0.069912
8.602952 2.027345
11.657033 -5.032435
7.956202 -2.216358
7.431602 -1.363368
4.281278 -1.934313
5.822692 -3.573706
5.261488 -3.422315
3.730566 -3.506385
7.580538 -8.162848
7.633896 -9.131525
4.186045 -8.136643
4.574955 -7.284485
4.509404 -8.775258
3.988159 -8.911853
7.437521 -9.843549
13.080786 -7.517162
14.722773 -9.996569
14.477011 -8.205570
8.913016 -11.246905
12.303102 -12.935624
12.609825 -15.560615
15.134693 -13.911069
8.882583 -9.599204
16.661266 -7.815505
6.875025 -10.734639
8.856955 -10.543084
6.614546 -13.282690
8.542249 -9.460387
6.102172 -10.946916
8.817766 -11.723210
5.377211 -8.556018
7.387669 -10.489462
8.893950 -11.767227
6.289762 -9.659806
6.130420 -11.018725
4.573992 -9.513353
5.989486 -6.054127
5.516839 -10.024501
6.657329 -8.583253
7.538520 -8.528001
7.474059 -9.138480
6.703419 -12.746804
11.322948 -7.431673
6.008610 -11.879566
8.545414 -9.613048
10.471234 -13.101890
12.914599 -14.169281
12.212885 -13.798240
10.207973 -14.179896
8.069511 -12.556125
8.055202 -8.507087
14.998970 -1.539698
15.352448 -0.776472
10.038142 -2.442325
6.688827 -0.310473
9.012320 0.485528
9.499734 -1.896144
7.489475 2.545514
8.252132 3.640151
10.626883 3.421051
15.519489 1.954387
14.695617 -0.700129
14.470546 -1.530675
17.532663 -3.801425
16.988853 -13.042361
18.276424 -10.449126
3.663056 -5.269238
3.816654 -5.317902
11.161556 -3.426174
11.742095 -4.398869
7.947588 -9.632131
8.429617 -10.233592
6.776184 -8.333165
8.912506 -10.914201
8.027674 -8.257264
8.105457 -9.720948
8.490112 -8.743255
5.272959 -8.341617
6.473268 -9.255064
4.591022 -9.859468
8.347983 -12.253193
6.426720 -9.403567
8.638049 -11.869987
5.126312 -10.645913
5.693943 -2.990327
8.161172 -2.063696
9.992064 -1.706409
7.072341 1.129065
8.541810 0.445375
6.981193 4.849816
12.366098 9.383941
9.403368 7.984621
9.790836 3.598656
8.798981 3.844811
7.590256 1.031946
6.484625 3.000093
8.652266 2.196454
8.255417 -0.856403
8.938227 -2.291143
7.376684 -0.438416
4.205533 -1.495604
6.346726 -9.363866
9.013164 -10.099099
4.554289 -7.112781
6.205637 -8.803161
8.659587 -9.255477
8.975940 -9.508130
7.948383 -13.151631
8.486675 -8.178911
5.673892 -10.859457
7.206340 -10.854272
7.166619 -10.058631
14.922668 -14.135228
15.289433 -16.828901
16.649000 -12.559585
12.570909 -16.647738
11.567808 -16.341761
14.873912 -13.757390
13.856823 -15.407368
7.703954 -14.192721
9.880330 -7.820148
16.134264 -16.667717
12.789747 -16.826483
8.438992 -11.037758
8.136521 -8.965186
6.806397 -9.933164
16.039818 -16.986223
12.753789 -12.989931
15.708713 -8.993199
14.023531 -14.894257
12.656991 -13.279077
12.908167 -7.222138
18.987812 -7.100831
16.167227 -8.921399
13.825186 -17.400681
1.134194 -8.278296
2.242285 -9.134187
5.292846 -10.856811
6.363318 -9.187031
4.461549 -7.849201
5.694900 -7.915386
5.376629 -3.797495
5.756773 -3.070987
8.298077 -1.242462
8.203194 -1.887416
12.344076 -6.653018
4.099325 -2.805923
2.396950 -2.765624
3.368173 -1.841885
4.668668 -5.516396
5.725078 -7.380479
5.846574 -7.905332
6.160651 -9.190755
9.134535 -9.826004
5.508924 -8.814500
6.010941 -8.437387
1.490611 -8.973001
9.138670 -10.460973
9.115524 -12.571863
7.872466 -9.245643
8.978291 -8.697064
4.146612 -8.693606
4.640618 -7.425810
6.273280 -8.764234
5.212233 -7.612124
5.716810 -7.334233
4.955144 -9.328596
7.737281 -9.088517
9.242193 -8.446849
8.004754 -11.234727
9.882843 -1.910206
7.997744 -1.278447
5.992431 -5.922442
4.842994 -6.642852
11.225035 -6.470428
6.566647 -8.219008
6.572432 -7.877190
6.616605 -8.191485
7.649785 -10.571712
8.053179 -10.089011
11.164063 -12.985789
13.291864 -13.302224
13.635065 -13.670667
9.306645 -10.898368
4.981893 -15.547910
12.399388 -6.718464
12.911834 -7.292637
15.928782 -8.114471
16.545992 -7.194561
16.384830 -7.760842
14.779179 -8.242401
8.227510 -11.000607
12.079792 -17.444986
4.184201 -14.122382
8.676146 -9.444687
7.522352 -8.386235
8.174678 -11.116417
14.750375 -12.316535
15.894966 -6.687923
12.750282 -7.627899
15.543640 -12.257455
17.167812 -13.036854
12.574929 -12.915195
9.075351 -10.888194
7.166034 -9.194530
6.499496 -10.377385
8.137484 -8.107504
9.013975 -8.399670
9.112743 -10.927324
8.615054 -11.357947
8.192823 -8.012304
9.271996 -9.303273
9.210299 -11.747567
7.212876 -13.240013
13.816990 -16.895781
19.020378 -16.112795
14.821177 -8.522092
16.864647 -6.853967
12.778401 -6.988456
15.600325 -15.133180
13.465319 -15.455500
13.005339 -14.233299
7.518280 -13.835555
7.908430 -11.018567
4.636703 -9.316596
8.182535 -10.857943
5.289620 -11.410066
5.960462 -6.300085
6.867999 -8.501549
7.374867 -10.002051
6.912773 -10.078433
8.938652 -8.649443
4.977858 -9.708218
9.362041 -11.205751
13.388343 -13.549158
9.856415 -13.555554
9.611038 -14.732160
12.511130 -7.105704
14.580237 -10.995818
15.411398 -9.533074
12.984141 -15.232212
11.582565 -13.387422
5.524969 -11.930216
7.713085 -10.340012
5.447209 -10.055484
15.636337 -9.092263
16.968843 -13.021917
16.566391 -15.283178
13.855036 -7.790011
11.450366 -7.052320
15.521993 -12.914384
10.260786 -15.257126
8.084242 -11.051393
6.606822 -10.114074
8.782531 -9.083537
2.918142 -6.269233
3.063335 -8.943727
7.318049 -8.170249
4.479599 -8.136595
4.723435 -4.933233
5.443374 -2.774772
5.374870 -2.583637
5.932192 -1.779248
5.690218 -1.741740
8.335100 1.220582
9.628563 5.593258
8.872790 4.292812
8.952040 0.813224
8.337994 2.602319
6.802733 0.678772
7.660766 0.735583
6.187917 2.325397
6.074726 3.626996
10.263530 3.679507
7.746567 3.540554
9.204931 4.972151
8.033152 4.402962
8.169967 1.722987
8.091931 0.962086
6.275020 1.916509
9.055652 0.432494
9.980249 -2.377364
9.739016 -1.696432
7.497326 3.788357
5.688235 -0.396381
8.104250 -1.078769
8.708977 -1.306942
7.480566 1.179312
8.540461 -1.689055
15.218891 6.694685
9.632277 7.769338
9.002935 5.166796
13.854187 3.569046
15.733737 -0.979379
17.764603 5.075879
14.435699 3.367986
14.127010 3.258161
8.758917 3.114722
7.763618 11.529505
9.221363 6.597998
8.599181 3.790143
7.734088 5.405570
8.349131 2.776602
7.836605 -1.486425
8.819096 0.768183
8.210221 4.823127
9.203735 5.733221
7.599347 0.236155
9.042367 3.417436
11.669996 3.683004
11.792190 3.539329
11.653616 3.605199
13.269374 3.658361
8.381264 3.508981
6.649808 3.865410
9.711173 4.199924
9.147975 7.116523
8.514805 6.098856
7.787879 5.947493
8.575802 7.581218
9.302570 4.713817
8.502700 5.289100
7.428712 6.691588
9.016195 6.830180
9.181931 5.262370
9.532150 3.985848
7.892970 3.943135
10.549152 3.487151
12.328691 3.596997
10.013003 3.536829
8.067190 3.303850
8.553305 3.315187
9.205898 4.728737
9.803808 5.097649
9.162355 5.694103
8.873412 7.789107
8.636339 7.123062
5.547101 5.165298
5.154028 4.343710
9.136543 6.025246
8.185350 7.410658
15.020860 13.322219
18.115189 3.493147
16.279440 5.694094
17.859608 6.378017
15.121358 6.065398
8.968216 10.348800
12.370337 9.762530
13.675611 10.143579
10.570732 9.465408
16.133533 9.580561
14.888268 7.929723
17.605978 -0.917045
18.103453 3.797116
14.212790 -0.492179
14.593613 1.673196
9.154785 5.365936
8.864489 5.053879
7.703647 4.844931
8.138926 10.833304
5.013021 8.514783
8.130104 6.979264
8.541498 6.485204
9.920621 3.486010
13.744267 3.491488
7.858530 3.592313
10.488155 3.506222
9.814640 3.987188
9.083694 3.023198
8.253922 5.558527
7.196978 4.714685
10.001434 3.788710
8.805901 6.113406
9.801071 7.753682
9.287568 9.451619
9.312343 4.666291
7.396794 3.492908
9.065860 1.686859
5.928082 2.579082
6.140618 2.490469
6.446853 2.914039
5.611094 -3.398988
4.170591 -5.052593
3.121457 -2.889622
8.722028 -2.063695
7.765786 0.513230
7.270541 0.338578
7.694833 1.789316
8.808811 4.742970
9.485236 4.281899
9.488420 6.100335
9.759390 7.034634
7.427249 8.177411
11.891645 11.592446
10.139054 10.295867
17.409134 4.943388
16.533886 5.804628
15.670016 7.846272
14.857446 3.683268
15.194280 2.691070
9.702087 4.446933
9.329331 3.569844
9.403765 6.176079
9.625633 3.755749
11.252211 -2.294254
11.180883 -5.466136
5.886131 -7.321673
5.424057 -9.017079
8.496246 -8.313579
10.499231 -1.918680
8.907696 -1.157088
8.774765 0.929414
8.778307 1.780917
8.790663 0.222960
8.955026 3.811637
7.781134 3.841208
8.757443 1.711988
8.444540 -0.190754
6.882946 1.071554
8.789295 -2.507751
11.050867 -2.479475
8.180492 -1.459090
6.563276 -0.088133
6.252985 -1.418399
6.519005 1.639804
8.619743 -0.077797
5.948266 0.448102
8.487642 -1.566617
7.881894 -1.692131
4.814436 -0.039036
4.108745 -6.629709
7.997334 -10.427986
7.133231 -11.165093
7.109829 -10.398239
8.507063 -11.003758
8.992098 -9.207321
6.974365 -11.836580
11.221493 -4.311985
11.246673 -6.664299
11.161640 -7.044960
5.453324 -4.250279
5.998731 -8.306979
6.113558 -6.515299
6.980292 -8.435747
2.271098 -9.364655
5.190449 -4.932165
6.094391 -5.540276
5.837021 -7.811991
5.577773 -7.088588
2.314179 -5.803314
2.090556 -10.895202
8.651335 -9.940429
8.456260 -8.032506
7.147338 -8.897918
6.145896 -8.587186
4.500984 -4.308926
3.931099 -4.980921
6.052919 -4.862307
6.116768 -1.637905
4.020800 -1.755865
5.332922 -2.485327
5.572593 -6.035326
5.786814 -4.482020
4.314119 -9.690382
6.618130 -9.885245
7.502390 -10.034274
5.290111 -8.433673
4.341803 -7.228036
7.748666 -9.130807
7.808967 -9.812685
5.924966 -7.891354
2.959258 -9.083681
9.078977 -9.809701
5.211736 -9.990001
10.249105 -13.947795
11.553256 -14.846802
18.034166 -10.934606
13.822577 -6.984523
11.927940 -6.957933
13.549743 -7.611871
8.962749 -8.871884
5.915270 -10.274039
5.900782 -7.558801
6.662922 -8.494430
8.214356 -7.972586
8.261023 -10.683408
7.811655 -7.947368
7.391880 -9.233098
2.854813 -9.781100
5.518706 -5.852296
5.137827 -5.336786
5.499382 -6.306359
6.348263 -8.312134
6.289592 -8.050503
7.285000 -9.843627
5.171397 -10.099139
5.474780 -8.278728
7.043030 -11.119439
7.370464 -9.661993
8.680067 -10.409736
6.951067 -9.112657
4.196380 -6.859286
3.741627 -7.041041
3.406178 -3.114779
5.384625 -6.031655
5.778137 -4.825783
4.734338 -7.385481
7.756534 -9.859838
4.788057 -6.679661
3.135793 -1.702193
7.746966 -0.501792
8.216651 -0.688963
8.814922 0.524246
5.763868 0.513550
8.148378 1.347182
8.179029 0.945562
7.919756 0.005966
6.452082 -1.839501
11.257534 -2.794099
10.197992 -2.277893
8.601318 -1.399250
8.419155 -2.724072
4.823720 -2.230826
4.651677 -6.359141
4.925586 -8.088340
8.096604 -10.034034
6.262844 -8.122483
7.421229 -9.993308
7.928163 -8.194397
3.055697 -9.058278
1.633300 -6.743764
4.493315 -3.647627
3.374795 -3.855831
6.059277 -2.249429
5.915282 -9.442117
8.629361 -8.227031
7.548392 -7.824609
5.797687 -8.323668
8.857471 -15.417113
11.723804 -16.498730
7.730898 -12.490852
7.051887 -9.554645
11.781115 -16.411249
11.829987 -12.838689
7.102675 -12.873569
8.420189 -12.476901
7.830999 -10.569997
14.468596 -17.593220
10.823183 -16.218845
14.406412 -10.540321
8.570566 -9.018700
8.904613 -14.304034
7.917926 -14.025901
8.708240 -9.555776
8.328627 -8.230369
8.526744 -8.491628
16.934042 -16.411488
15.317002 -11.763912
15.191376 -10.657721
14.793665 -8.224174
16.480328 -7.711423
12.002787 -7.421367
12.673806 -7.253989
6.587564 -8.879299
3.060756 -5.940732
6.374881 -7.852694
8.670445 -9.205908
14.530830 -10.761106
15.663851 -10.698317
15.774862 -11.025457
15.506197 -14.793483
14.017262 -7.485244
19.640959 -12.872230
17.927866 -11.943233
14.613457 -8.048751
17.027634 -9.039907
15.205181 -10.906966
11.448580 -7.334862
9.127156 -10.264518
9.038209 -8.554099
5.930267 -14.684153
9.290939 -10.086423
6.216373 -9.059088
4.360759 -9.730389
8.404315 -12.906091
6.907464 -12.329682
9.066718 -8.465596
8.249795 -9.852442
10.049943 -17.788912
10.969441 -19.576906
9.357990 -17.361820
11.951896 -14.816035
13.409328 -18.070644
14.939629 -10.632377
