18.806271 -17.804077
11.256872 -14.794260
11.455305 -17.695173
7.461847 -9.602645
8.949961 -10.871322
6.976243 -8.970130
5.038776 -7.451204
6.702601 -9.035714
6.962033 -7.891964
6.924170 -8.634656
5.162702 -9.507285
6.926528 -9.974329
7.319989 -10.131038
8.608009 -11.446347
9.827300 -14.125836
9.926250 -13.681574
14.297540 -13.497152
14.435515 -14.947558
14.585947 -13.548544
16.802294 -9.462435
17.071241 -12.404293
8.944849 -10.750073
5.768694 -10.812499
12.127911 -6.871274
7.474561 -11.588424
8.722030 -9.821292
9.215941 -8.018363
7.551136 -10.686065
6.134846 -10.125591
7.428061 -11.260015
7.105695 -8.653365
11.774858 -3.953806
7.571900 -8.769675
7.251767 -9.553157
4.535907 -10.438519
7.428609 -9.560825
8.471724 -10.902421
9.204385 -9.015285
8.247685 -11.723191
13.351485 -7.692020
14.542487 -7.936123
15.539150 -8.823457
14.671410 -7.676122
7.431662 -9.060842
5.623361 -11.184463
7.286968 -8.349625
8.691224 -8.017484
6.247751 -10.501348
7.548067 -11.126012
6.333391 -8.775887
5.804610 -9.910234
9.183676 -9.320025
14.403478 -14.461696
6.703968 -8.063031
12.546629 -7.815360
14.694165 -13.714759
6.789524 -12.406840
7.435239 -8.959401
9.372854 -12.469100
8.119211 -10.124696
9.121283 -8.620982
11.332184 -4.581744
9.253327 -2.603304
8.759017 -0.666307
7.988483 3.662350
7.733180 2.276323
8.670282 3.830638
11.015895 -2.257319
8.977904 -2.001184
7.138158 -8.244622
6.660321 -9.096857
11.511544 -4.533867
6.407671 -11.201694
6.748649 -7.835422
7.360456 -9.283063
9.321306 -14.033675
11.131006 -14.454290
17.390554 -11.674729
11.395621 -13.811314
11.838331 -15.628130
13.720517 -13.724210
13.625669 -13.432866
9.630132 -16.679815
6.368900 -11.804747
7.553196 -10.595569
14.649078 -8.933908
19.027828 -13.663483
16.248890 -19.129641
16.640394 -16.040476
15.203316 -10.062038
16.854212 -8.963607
17.386780 -13.001538
11.331163 -15.030787
15.446583 -12.197424
7.780793 -9.981133
9.309128 -11.718353
11.745100 -6.747904
11.262860 -7.092380
11.400082 -7.233407
6.382748 -9.315026
6.226285 -9.954677
7.763105 -10.111784
8.631259 -10.020506
8.790395 -7.919380
8.311561 -8.548265
7.688128 -8.230830
8.822006 -11.389571
9.336492 -9.980053
9.342598 -15.183345
14.411040 -14.616558
9.031672 -14.181300
5.167517 -9.502442
2.952512 -11.221320
8.506257 -10.513751
9.079082 -12.595378
4.302970 -9.953345
6.853133 -18.245165
15.280750 -13.285376
16.750566 -8.547906
15.831264 -12.980588
13.465832 -15.455586
17.119074 -11.532229
15.358125 -9.055978
18.088943 -12.172549
18.646004 -11.059985
18.271212 -11.774250
14.868749 -11.605071
18.224131 -17.681940
10.098939 -13.973340
12.281556 -16.090513
4.908317 -9.421746
4.613124 -13.205823
9.028950 -11.020960
9.335014 -11.214581
7.992800 -15.088943
10.160371 -13.013227
8.308967 -12.474665
6.336062 -13.656129
7.832846 -12.112789
15.207439 -17.767241
12.621101 -13.603662
17.938400 -2.898211
16.601028 -6.671842
7.457766 -9.040462
4.969598 -8.413312
4.538786 -6.905687
11.337006 -4.426713
9.128954 -12.363712
8.820882 -15.240644
9.257906 -10.244660
8.600911 -9.825969
12.516244 -7.520864
18.566727 -8.799116
16.467873 -12.407286
7.435434 -9.514279
5.717266 -9.869637
14.752770 -10.000928
14.951565 -7.280708
11.376578 -6.409979
11.550166 -4.352692
6.928241 -8.441953
6.473989 -10.704600
8.636905 -11.053711
5.630158 -5.425047
6.271815 -8.971231
3.372403 -9.413786
5.471494 -10.770751
2.142913 -9.411214
3.496189 -9.592526
7.511047 -9.038221
7.599717 -8.433312
7.240129 -8.426038
9.383818 -10.217988
6.647246 -10.971368
5.800935 -7.330185
6.095968 -6.759704
4.939916 -6.055553
5.212166 -5.130599
4.983492 -8.929745
6.585524 -8.002578
4.254798 -7.027876
4.109061 -9.220778
3.113157 -7.098210
5.642720 -6.665050
4.578603 -10.811969
8.583834 -10.503779
8.908901 -8.795914
6.222747 -10.601586
8.565542 -9.637301
9.082069 -10.224803
8.440495 -8.421880
5.485095 -10.579634
4.857775 -10.130754
12.086434 -13.364465
14.640468 -15.061848
8.928039 -13.000147
5.924973 -9.976918
5.393756 -8.630132
9.126079 -7.890284
11.600011 -6.516520
16.646278 -12.160802
17.496422 -9.587956
7.075385 -2.758646
4.062343 -4.819198
6.141528 -7.091839
4.342767 -9.284987
3.108676 -5.065673
5.420227 -4.212091
4.633149 -5.995702
5.649410 -6.559171
4.357113 -7.744172
7.228869 -9.235717
8.475066 -9.418513
7.568398 -8.928542
8.835765 -9.162111
8.045086 -8.369294
8.968214 -9.547599
6.604132 -7.914467
5.819101 -9.975268
5.252416 -8.342216
5.215008 -9.518605
9.321571 -9.862136
8.426361 -9.877785
3.502468 -10.172456
5.963519 -11.878061
7.015498 -10.789816
9.040565 -15.012247
18.360550 -11.265101
14.655372 -9.429570
8.425943 -11.613568
7.506935 -9.522117
9.025180 -9.714967
4.779483 -10.371655
3.975523 -9.498813
8.151371 -9.525284
7.063368 -11.079818
14.405151 -10.365753
15.370189 -13.180077
15.504162 -10.233385
14.603728 -13.678087
12.898556 -7.760246
6.603244 -14.422343
8.728069 -15.129402
10.086026 -15.392884
8.365847 -13.187451
8.317795 -9.933570
9.108195 -11.403608
7.146668 -12.002862
7.540557 -9.578377
6.117676 -12.650462
8.435245 -14.306212
2.730457 -11.594073
7.010771 -9.056803
7.057525 -11.038192
5.436797 -10.188192
3.749744 -3.401400
2.988743 -2.823238
10.068348 -2.340158
4.605604 -10.306069
8.796746 -10.514115
8.110604 -8.673229
9.194238 -12.815030
4.204897 -12.379529
8.346668 -8.513882
9.383477 -8.340112
6.056397 -10.030948
6.496818 -7.860738
9.260679 -10.848027
5.799148 -11.249946
8.673702 -13.299858
9.294189 -10.677203
7.764491 -11.938420
8.330730 -10.994672
8.427961 -8.234771
11.958344 -7.252984
11.627415 -6.048216
11.078444 -1.717856
8.892350 -2.154418
6.183583 -0.669462
4.320596 -4.534950
3.988640 -8.227689
7.016873 -9.049928
6.683119 -9.965988
8.884104 -10.233731
8.961418 -11.435369
7.995444 -10.821284
8.389334 -9.541345
8.513815 -11.790610
9.233805 -8.130849
9.312572 -11.554139
7.535562 -14.351150
10.525534 -14.752555
13.325838 -15.835233
15.964296 -12.654067
12.262961 -13.570096
8.309726 -8.970223
4.829008 -7.342631
6.706551 -8.650187
9.018650 -10.701470
5.053635 -9.125329
6.137264 -13.865057
5.413457 -8.687753
4.540277 -6.558908
6.232602 -9.578035
7.564392 -8.191328
7.610288 -9.657914
7.497669 -7.862927
7.230113 -9.216486
6.484385 -8.626931
10.947549 -15.338016
14.807525 -15.355187
19.965313 -14.382925
16.997734 -6.765313
16.393948 -15.261332
12.430393 -7.559729
11.373808 -7.211450
12.614637 -7.627795
7.206458 -9.981052
4.772429 -10.105315
2.909866 -7.686086
6.743417 -8.847836
9.105667 -8.109742
6.397784 -9.100428
14.212436 0.106446
14.817796 0.446955
18.387728 -1.923454
14.840998 -13.485230
11.657084 -16.071701
7.103702 -11.876393
12.760877 -7.123076
11.595186 -7.742282
7.697804 -9.183929
9.158535 -10.929210
10.503165 -13.903771
14.924347 -15.949709
14.748968 -14.860064
15.871954 -9.701987
16.054422 -11.501777
18.305376 -8.680209
14.792117 -10.282102
15.238006 -8.130246
15.065423 -9.372803
13.187210 -16.139532
14.012228 -13.629819
6.475628 -8.588935
8.592957 -10.449876
15.217148 -12.042457
11.855935 -6.058690
6.979053 -8.723380
7.230047 -9.664999
7.635594 -8.677493
5.871499 -10.303448
7.111125 -10.726886
7.663635 -8.740314
12.756913 -14.201564
17.791368 -19.529421
12.358018 -17.964844
19.650551 -17.752354
14.324437 -7.661529
15.527424 -9.899325
4.919868 -4.677340
5.320193 -5.975976
5.962715 -5.137954
4.044454 -8.112405
6.944993 -9.628605
8.004670 -8.699605
9.035996 -8.206399
4.768303 -9.973165
9.681036 -14.366082
10.101984 -13.572940
8.247639 -9.241202
8.114944 -9.750800
7.711853 -9.063507
5.204642 -9.784664
4.218910 -10.236703
1.529468 -8.980553
3.030918 -8.428900
4.402307 -12.120108
9.212017 -9.653434
15.134409 -8.773514
7.832849 -9.890538
6.763043 -10.189296
8.594438 -12.168858
13.570142 -18.531902
12.756680 -15.095483
15.068102 -12.460845
9.741660 -12.849636
8.227789 -11.891745
6.982955 -12.575704
7.951423 -11.152591
11.515516 -13.976462
7.859029 -8.480224
7.549696 -9.834011
5.274222 -10.145896
5.617180 -8.925508
4.688053 -8.660609
7.267213 -8.240157
8.049393 -8.832548
7.394279 -11.708789
7.670141 -10.410525
9.195028 -14.902361
7.999356 -10.146294
5.166632 -7.583393
4.546563 -4.477847
7.715508 -1.972767
9.429828 -2.499828
11.381626 -5.524141
5.889315 -7.297969
3.914311 -10.331279
6.958795 -9.026370
7.577999 -8.655625
8.048539 -11.616559
7.264743 -8.468109
4.213313 -9.145787
5.157177 -10.184722
6.938670 -8.847480
8.675662 -9.256362
9.101229 -8.429450
7.805858 -7.996274
7.736613 -9.836541
4.835580 -8.671185
6.819058 -8.810537
6.557640 -8.600047
5.943190 -11.480231
8.128798 -8.685726
8.990675 -8.647994
9.181547 -13.014745
7.368401 -7.877057
7.649643 -8.874753
9.227415 -8.587973
8.693310 -9.983722
4.685044 -10.128288
4.355022 -10.155801
8.214196 -13.286412
8.066149 -11.204088
5.320494 -8.208876
4.103593 -8.817591
7.756427 -10.239583
11.222300 -7.633072
12.592894 -7.490439
6.330091 -8.145037
6.467410 -9.600698
7.727776 -9.537543
3.689913 -7.491766
2.648287 -8.136163
2.898563 -13.055389
8.006793 -11.612136
8.716377 -10.969058
7.428623 -9.145022
6.598946 -11.046483
5.049047 -15.479502
12.970491 -16.567728
15.016890 -12.445848
16.237711 -8.421358
12.040859 -7.036415
17.228222 -8.365960
14.393131 -7.416147
14.221716 -6.873339
17.237923 -8.228932
17.053148 -9.222754
9.075812 -8.796279
7.950353 -11.554538
9.286577 -12.337826
9.043205 -13.247428
10.628725 -14.549312
5.745955 -9.950147
6.044826 -6.921776
5.456013 -8.478816
7.177392 -10.292562
4.572736 -8.613755
7.390806 -7.846670
6.334069 -8.619251
7.884362 -10.458872
7.175858 -8.084617
7.920579 -11.173217
7.202065 -9.194758
11.952954 -13.060925
12.875753 -13.304349
11.066450 -14.424283
8.432098 -10.477107
8.042779 -8.062732
6.442912 -9.137972
6.992864 -8.324776
6.229078 -10.051826
5.557608 -8.444007
5.082499 -6.330307
6.775643 -9.698803
7.258045 -8.803445
8.379424 -7.837697
6.770201 -8.744815
7.388990 -9.502470
7.984891 -8.592326
6.528541 -8.812197
6.732624 -9.494788
7.779731 -12.334100
8.936171 -10.058049
6.768791 -9.777900
7.184823 -9.406214
8.784737 -8.200153
5.234398 -12.184937
11.807553 -14.788449
6.495896 -12.762532
5.074249 -11.777385
6.119781 -6.547304
2.804078 -3.004583
8.106112 -0.498922
8.438801 -2.499054
7.193325 -0.845799
5.289690 -1.801125
7.080564 1.051303
