-12.998927 6.057893
-11.159881 8.410789
-5.100420 10.791851
-4.552478 10.413793
-4.008873 12.195914
-2.125976 12.719035
-1.509212 11.701117
-4.712774 14.708587
-3.276932 9.985119
3.540908 11.297606
2.924523 11.218475
3.809806 11.289625
5.145729 10.990886
5.799751 4.686741
5.281467 13.391535
5.275261 11.546932
7.528214 12.159347
4.053995 9.904140
2.488538 10.819575
0.299548 10.902712
0.451021 8.489165
-1.589241 10.078319
-0.205811 13.561126
0.182587 14.865979
-2.964239 18.799122
1.664226 19.868465
3.459273 17.771935
6.900484 17.098219
9.095448 12.893171
7.581535 13.229767
5.375546 14.907710
7.488388 13.819884
9.789944 13.813745
4.246228 19.607304
8.838993 11.878882
9.722974 10.986500
1.113274 9.171280
-1.109543 8.952206
-2.671597 9.986958
-2.229624 12.845206
-0.640494 13.844024
-1.688461 9.764178
1.479578 8.320783
2.162118 9.734000
6.751783 10.171187
6.782644 13.840555
4.812356 9.390485
4.472199 9.968910
1.878037 8.477906
4.670103 11.307630
4.424958 9.933295
4.126742 9.072728
2.831775 11.018203
4.385351 10.086843
6.591229 11.038392
5.505383 13.862090
6.714701 12.598762
7.209760 10.387329
5.648668 13.948607
10.258601 14.438420
9.697287 12.475651
4.157856 10.830934
-0.128259 8.624539
1.513874 7.317483
1.915539 9.137418
5.915492 13.796328
2.102250 9.869213
7.061649 11.148104
1.170980 8.576938
-0.773552 11.015589
-2.103432 12.461542
-3.802217 15.217530
-3.446293 15.345403
2.367824 17.287144
2.140298 17.815117
2.028033 16.883091
8.049341 16.426821
