12.202039 -6.679291
18.054502 -12.594457
17.443348 -12.781386
15.486155 -0.342633
8.716589 2.672449
6.982492 3.489411
7.211420 4.329076
8.837553 4.160923
9.259466 5.670438
11.558434 3.757987
8.779424 3.738102
8.832909 2.139543
9.479282 5.103348
8.976995 6.737597
9.913034 3.449846
12.370711 3.685514
14.244787 1.681189
7.315341 1.185825
4.719291 -5.491151
3.790849 -6.437445
11.893753 -2.623227
11.699883 -4.839483
11.794995 -5.656994
8.564125 -9.368070
8.631928 -8.255327
6.907137 -8.964698
9.589136 -2.109710
8.924385 -2.646527
7.988761 1.123863
5.970601 -2.632752
8.545922 -2.455195
7.998685 0.511027
7.331245 -0.407957
5.997985 -1.130311
8.673279 -1.871163
11.371973 -14.070664
10.738472 -13.761239
8.994543 -8.076953
8.876634 -8.389477
7.542281 -8.535716
7.592217 -9.931415
4.551783 -8.146941
4.599606 -8.162233
7.239570 -9.322617
5.353570 -7.125114
5.776196 -8.231201
5.057086 -5.449022
4.786621 -7.263381
8.874273 -10.109561
6.370420 -9.291088
8.563405 -8.605800
9.227778 -9.949941
5.284293 -8.831928
5.947732 -4.400007
2.717496 -8.160334
6.115462 -5.731329
4.015025 -6.083363
3.570638 -7.953281
7.856183 -11.227251
8.112119 -7.927516
8.310511 -8.523108
7.387110 -10.321955
7.731644 -8.995718
8.585413 -9.261626
7.812757 -8.279157
9.170969 -12.150756
7.903222 -8.134191
6.890251 -8.851402
6.917939 -10.224773
5.553263 -7.994309
6.635327 -8.400696
4.068725 -8.077765
5.235510 -4.434501
3.882434 -2.778116
