15.925408 7.541447
12.940350 11.404801
7.703802 9.628005
7.825052 9.069947
8.861412 8.930054
9.298389 4.079620
9.063385 6.944572
8.400852 4.773531
10.279396 3.714343
5.979979 4.147079
6.408551 1.733191
8.426715 2.706239
7.653425 2.691354
8.382419 0.894562
7.157355 2.851622
7.627446 3.429734
8.995760 5.300205
11.576653 10.844460
9.741637 7.269763
8.353777 9.257732
8.727715 6.312986
11.935005 3.661410
11.432528 3.466868
9.312485 4.993333
9.062586 4.134539
9.769484 7.870250
5.956282 11.595167
10.996642 11.793672
17.979332 10.406719
15.011536 7.226645
9.798268 6.956851
9.765568 8.407676
9.123307 6.625333
8.259214 9.827321
8.997273 10.888913
9.468136 6.536163
11.079803 8.987956
11.394611 9.866115
7.543226 8.692282
8.071836 7.297606
9.438046 7.505683
7.873847 4.926580
9.819893 6.218399
6.615535 5.139824
14.882163 6.640084
15.453244 5.413824
9.843096 5.087781
7.599400 5.676568
11.407164 10.987982
11.713863 10.034704
7.246147 7.228473
7.740422 8.125907
10.793558 10.270497
11.792261 3.639370
7.778203 5.113454
8.781055 5.611764
8.840388 4.350511
6.878253 4.123188
9.547004 6.563601
9.794909 4.716325
8.498976 5.260442
9.946502 3.440048
7.450931 5.237918
8.435529 2.916866
9.596059 4.158632
9.003765 4.024446
9.492328 7.265624
9.478823 7.555022
8.207895 4.586266
8.904448 4.374261
9.836543 5.021318
14.121569 2.881874
11.818421 -1.626367
9.586020 4.377123
7.304391 -0.017556
9.055679 1.784801
9.699173 3.909445
8.982707 7.394096
10.406711 9.183449
9.275010 10.483895
16.317312 6.718534
16.363226 3.707781
16.225609 6.306968
14.994690 7.691481
7.984088 8.934859
7.160716 10.344571
7.636676 8.268665
8.344900 11.788596
7.904612 10.777665
11.576777 12.892715
11.240336 8.831263
9.672649 10.922011
9.811008 6.985708
9.642231 5.418832
8.890553 4.418769
6.826669 3.821813
9.138222 4.989150
9.351297 4.746058
9.745581 6.614119
8.591416 6.625746
7.712693 6.083011
11.343432 10.796430
11.923378 9.555813
10.721375 9.238585
7.378600 8.987905
14.366202 9.491107
14.078034 9.003133
12.793139 12.071555
12.775402 8.894285
7.646680 6.464935
7.354609 3.441933
8.465117 4.304276
8.323236 3.130875
6.114198 2.201117
8.275488 6.416600
7.635062 7.733693
7.996139 6.307796
6.669815 6.764456
9.177319 7.729693
8.656299 8.177587
9.053606 6.189180
9.529885 7.625926
9.376268 11.491412
9.948635 10.384716
9.638026 6.237671
9.073631 6.316825
8.855650 5.906940
8.650087 5.960816
9.215178 3.836275
6.609762 5.863887
9.696144 4.066943
8.303251 4.692799
7.985470 1.883603
8.700092 0.063557
7.020534 1.743018
9.432519 5.095349
9.210422 11.496405
13.365971 10.314055
12.035824 11.530938
12.783997 10.501925
13.991222 14.730938
13.588699 10.314342
8.142483 10.598190
8.193816 3.629298
10.301714 3.761247
12.520319 3.567875
7.275941 3.669971
9.110138 3.788583
8.840221 5.168353
7.870670 4.936304
9.124748 4.326807
8.293674 4.219324
9.566493 5.269919
9.263969 7.480356
9.595693 8.151413
7.211854 9.960648
10.958172 9.462163
7.443408 10.901513
9.296021 7.681548
8.215246 6.686817
9.460546 7.079873
9.574360 10.186367
11.899742 9.060011
8.059489 9.224496
11.192374 9.310026
11.057152 9.616484
11.524062 10.586566
14.967470 8.739362
15.920467 6.394617
14.927762 3.059383
14.028695 3.562971
11.830709 3.438212
8.786539 4.614485
8.156537 3.288526
8.903178 5.738505
8.909427 1.096418
8.889444 2.367112
8.107361 1.215519
8.806126 1.630972
9.050319 1.693371
8.510441 3.514125
8.785984 1.187438
7.809658 -1.538254
7.053375 -1.581673
7.684153 -1.689695
8.299131 -1.161700
7.982602 -1.686001
10.556161 -2.176363
18.641264 -5.981414
11.550768 -4.231181
8.205136 -8.167321
5.047376 -7.869548
6.116070 -6.364975
15.609145 1.079880
15.500105 -0.019324
18.850754 -2.808398
11.250760 -7.080479
7.986472 -13.579154
7.883246 -12.657544
10.874165 -17.693468
3.218684 -19.667896
2.049304 -19.298803
-0.045593 -11.244464
0.098638 -8.998067
7.411826 3.665402
15.464851 3.120014
14.577413 0.967261
14.111485 -0.798784
7.273654 6.789879
5.703233 8.090762
5.678273 3.396777
8.628230 2.587563
7.876639 3.630383
8.566231 7.076367
7.926295 4.063168
7.984865 4.155741
8.274742 0.256586
7.915697 0.581264
8.830654 2.218615
11.494431 -3.126700
10.673174 -2.102534
11.275123 -2.762166
11.616697 -5.482416
8.262806 -10.335624
10.619694 -13.642551
13.047523 -12.967782
11.459990 -3.257809
13.715319 -6.819274
11.935183 -4.393466
14.026959 -13.880954
9.424300 -14.160245
8.731977 -1.271545
7.441562 -9.937316
7.420443 -10.334929
12.303546 -14.017575
10.835542 -14.428370
7.602387 -10.010459
7.633961 -10.644008
8.813783 -12.032662
9.190612 -13.576083
8.738450 -10.430663
15.471983 -12.063157
4.867806 -8.913644
9.367251 -8.920877
9.361932 -9.103714
9.021434 -8.678948
6.641305 -8.167000
9.263619 -11.326478
4.914150 -9.142470
3.096591 -11.345908
7.028349 -9.001771
13.748866 -7.677578
6.203142 -9.377362
7.110616 -10.429526
11.352383 -6.034336
9.175056 -10.484046
5.278338 -8.306678
8.464417 -8.160666
4.221603 -8.578773
6.296782 -8.687373
8.261942 -8.006579
7.516886 -8.731254
4.220532 -7.526298
5.971844 -4.295017
10.377449 -2.433372
9.148453 -2.381948
11.452983 -2.744403
11.478690 -4.932604
8.646978 -8.354985
7.030565 -8.807764
8.865804 -8.047534
8.766190 -9.198367
15.168787 -11.890332
12.540667 -14.148896
6.252112 -11.995873
6.821786 -9.211424
6.350711 -8.457047
5.447666 -6.276854
6.054727 -4.179814
4.783550 -4.526735
5.942668 -5.720535
4.308447 -0.490528
8.516540 -2.067317
8.373728 -0.287351
8.555662 -1.993815
8.549848 1.740082
5.843797 -7.619737
2.538637 -8.136943
4.458178 -6.037297
6.852911 -10.278053
8.182412 -8.739211
9.273099 -8.587174
7.975150 -9.900764
9.578097 -13.156047
7.841174 -10.230466
15.747655 1.424140
15.325658 -0.595482
18.945099 9.098147
18.695442 11.141492
17.425793 6.664655
17.038036 7.731043
15.665709 3.728767
14.391176 1.706588
15.272652 3.546791
6.668164 5.811052
7.259944 9.258569
9.657247 5.759007
9.136036 5.220987
8.561861 6.642540
8.284153 6.214221
8.897685 5.100648
5.935160 7.136598
6.128290 5.119503
5.583816 2.905090
9.765873 6.269450
9.324697 3.699305
7.918841 4.265460
7.447901 1.164748
6.396594 2.414363
6.684742 4.458414
6.898600 5.891772
6.414443 3.541488
8.758111 4.138079
7.622552 6.098374
8.938825 3.659142
9.420867 4.868385
8.314618 6.567534
9.182019 6.025188
7.742706 4.694303
9.357430 8.328961
9.726762 3.677569
9.656272 3.669051
9.844156 5.065265
12.414200 9.710320
15.085486 11.428813
15.657019 8.524226
16.023317 11.907878
17.057808 8.339629
15.966208 6.681235
15.354400 13.990825
16.145247 12.975235
