18.017431 -0.462844
14.080034 3.543644
15.621164 3.172807
15.202387 -0.652756
14.795502 -0.220941
14.432828 1.895881
8.111503 5.109493
8.681158 0.805289
5.974119 1.976237
8.642590 1.229201
8.988384 1.396163
7.563995 7.225178
8.651144 6.494338
6.929068 6.439448
11.559831 3.755824
10.061460 3.613237
6.670474 7.905150
9.782490 5.350665
8.121475 2.085707
8.937500 0.817173
8.469937 -1.852582
7.320043 0.211121
9.239973 3.956073
6.434373 1.810570
8.793219 -0.391806
8.220702 -1.631926
9.449348 -1.767904
8.492717 -0.367903
8.809484 -0.812201
9.668231 -2.608579
6.689084 -10.093102
8.858761 -10.427880
11.699487 -6.137691
6.870982 -2.438537
4.914221 -4.354209
6.139130 -10.361117
7.294141 -8.105544
7.994575 -8.414973
8.355481 -11.409017
5.942836 -6.136634
5.189884 -5.460062
4.954643 -7.175792
6.765867 -8.865005
11.584341 -4.791921
14.690084 -10.095140
15.153710 -8.774582
18.038050 -9.878631
16.183531 -14.239040
13.888549 -15.431544
10.806181 -15.740017
11.946375 -16.660128
8.112156 -11.997190
6.226939 -8.163544
8.496399 -10.353827
7.107987 -12.568237
11.206266 -17.845217
8.309378 -13.747840
14.549998 -16.235571
14.650194 -11.291464
14.423435 -9.392977
16.321844 -9.459498
17.083803 -16.476706
16.985565 -3.301321
17.848978 -1.198977
14.777534 2.952051
15.462870 0.506326
15.047120 3.500829
16.874168 -0.675312
17.635933 9.706806
8.745969 5.696149
9.471047 4.341991
9.633068 3.944077
11.010572 3.524139
9.564962 4.472968
9.181266 5.378289
7.055590 2.382312
7.006223 4.370444
7.308486 4.155599
11.476768 3.474762
7.427447 3.829911
7.999228 2.796373
7.171168 0.007490
7.862391 -0.778164
7.702633 -0.507226
7.540583 4.291837
9.643236 3.786241
13.179560 3.505817
9.725819 3.725216
7.944283 7.766492
8.500856 6.015519
9.291735 7.879030
8.756157 7.230934
5.164794 4.210454
3.389328 2.007020
9.346723 5.141958
8.290597 4.801347
9.493563 3.838233
9.054116 5.784329
9.612291 7.870813
8.490842 8.502936
11.222557 9.405975
12.125885 8.906015
15.840287 10.045136
15.240229 7.059503
17.620771 6.277915
14.977856 7.035533
15.985283 10.688540
11.356477 12.347459
9.002891 11.185930
