15.158945 6.385983
15.124770 1.089592
14.504723 -1.376184
11.053212 3.439891
8.338162 4.107101
7.916803 4.755267
7.063313 3.307806
7.112511 4.661030
9.397099 6.552032
7.182423 2.643251
9.834070 4.148457
5.645864 1.140966
4.787116 1.095718
6.928731 1.568821
5.563616 0.164372
9.058799 3.149593
7.329350 2.881243
8.366618 -0.460209
7.356971 -0.359128
8.297338 6.956819
8.018382 4.713660
9.062387 1.662945
7.313895 3.748346
9.624731 4.629518
9.334805 3.840495
7.929708 2.395491
5.147004 1.580527
2.621386 1.769567
4.637034 -0.504869
8.739185 2.678547
5.938121 1.301605
7.314742 0.118835
7.958698 0.664636
7.959346 -0.044404
7.126397 -1.077064
7.710352 -1.643957
10.692258 -2.809662
11.747946 -2.337376
3.785698 -2.175051
1.481669 -3.080835
5.197375 -4.022621
5.045370 -4.081419
3.107614 -5.786678
