-12.925390 -13.935720
-4.496737 -9.995349
5.507569 -7.707134
8.498432 -8.632836
5.254532 -8.215447
3.551331 -5.634896
3.065900 -6.897626
6.119983 -7.523420
4.397259 -7.220318
5.130371 -8.235900
7.727142 -8.307591
7.780238 -11.093505
6.863038 -10.424476
7.112030 -10.786356
8.175647 -9.690411
8.015532 -10.377355
3.866764 -9.763108
5.890326 -3.202578
6.076985 -3.009080
4.529492 -6.537714
4.483693 -8.512141
4.552809 -5.323454
4.576792 -3.633567
7.978526 -1.684526
9.696821 -2.345263
8.908012 -1.572989
5.995532 0.024210
7.589923 -1.103889
9.106207 3.789303
11.168648 3.726437
11.866788 3.705512
17.902004 3.765986
19.857445 2.319536
17.436581 0.861727
15.603378 0.148775
17.860245 1.875291
17.032040 6.552040
17.646477 1.995407
15.255135 4.890630
14.883952 7.936525
17.647627 6.834090
7.902584 7.753477
9.680664 6.246976
9.372221 6.882794
13.089520 8.897171
10.582626 9.195211
12.109904 9.148479
9.393041 6.096635
9.636787 6.986029
8.211484 9.472099
12.608171 9.482442
10.514804 10.656662
7.384459 12.542327
8.988604 5.939992
7.605085 5.777489
7.048844 4.208234
6.618690 7.940042
9.144287 6.832747
8.801632 3.704047
8.232939 5.697262
9.404718 4.610278
8.348053 6.905659
9.191927 9.078103
12.618029 10.264651
14.014970 10.217213
12.120176 10.154177
11.877999 9.649488
9.229579 9.636144
9.366136 7.761753
8.908606 8.321067
9.382755 3.481008
8.344444 3.579948
6.542978 -0.211972
7.928581 0.065776
8.025149 0.629375
7.680007 0.109342
8.886454 0.966559
7.285107 0.693017
9.005535 1.922089
8.538044 0.677973
7.414236 2.232626
7.961408 3.748132
11.470026 3.544474
8.958587 2.525506
7.507641 0.970226
8.179121 3.231959
9.780363 3.871569
11.055405 3.576149
8.597904 0.306603
8.873693 2.939871
9.712841 3.743088
6.542953 5.396241
7.192874 5.452987
9.712370 3.509255
7.082738 -0.947736
7.759511 -0.547117
5.121033 -2.268765
3.453408 0.765166
6.356689 -0.274186
8.646768 0.409030
7.975499 2.713578
11.897779 -2.500150
8.835316 0.483932
8.636345 -0.111699
9.247676 4.459478
9.590821 6.480361
7.639520 6.901365
9.392146 6.915709
8.693996 3.803636
8.627720 4.085059
8.350040 4.968980
7.570994 3.212714
9.290242 4.015265
10.235025 3.556932
7.455102 3.380760
8.407743 6.354791
6.776821 3.983023
7.710003 5.840467
7.365754 2.266820
8.041284 2.206948
8.868681 4.157704
8.021684 4.076756
15.383116 2.141833
17.414551 1.027631
14.347754 2.878670
15.769688 0.941640
16.807440 5.289037
8.900932 5.834052
9.390571 3.873173
8.356165 3.820101
8.263620 1.978058
7.566999 4.139954
7.718012 1.805585
8.618486 2.512050
9.756400 -1.673319
8.321182 0.872439
8.116079 0.510083
5.519567 0.887296
5.220661 1.295354
6.760803 -0.761939
7.939854 2.056521
8.651062 3.388651
9.599658 3.934288
8.855280 2.266305
7.393001 -0.310300
6.346699 2.589661
4.890664 1.803612
9.957198 -1.989218
9.591920 -2.434968
9.892618 -1.883477
7.642433 -9.753111
7.272377 -9.810691
13.292785 -7.214911
11.627048 -5.095335
11.121997 -1.714787
10.985266 -1.932074
10.402714 -2.321591
11.539276 -2.898996
10.200701 -2.142704
13.499073 14.443421
16.920063 9.500178
15.519341 8.563123
13.396263 9.290301
5.813080 -3.755536
5.009977 -7.976364
7.533546 -9.092428
8.001623 -9.030813
8.456202 -8.724728
8.969818 -11.479638
8.654428 -9.456110
7.273894 -9.779771
4.547429 -8.558736
11.464049 -7.191188
11.757940 -4.259485
11.464653 -2.198678
11.600718 -5.333994
9.327406 -8.034490
4.673961 -10.780398
4.628923 -8.593762
7.131977 -2.769465
9.813887 -2.538735
2.979577 -5.084131
3.874641 -9.390728
5.641631 -10.309672
6.701285 -9.282511
6.197825 -10.372494
11.742588 -7.803920
16.408554 -11.266672
15.513227 -13.827413
15.678391 -7.069305
17.463154 -9.970973
19.398729 -1.901731
14.113297 -0.027119
14.990257 0.114081
10.526381 -2.798929
6.191464 -2.255304
8.642763 -0.830180
8.197824 -1.453801
10.281160 -1.888266
10.181055 -2.194866
9.961784 -2.424635
7.017701 -13.861728
10.652332 -15.383388
8.034339 -9.689643
4.960341 -8.406878
5.288197 -6.406432
13.542214 -15.315667
8.387398 -12.792272
11.909998 -6.172999
12.133082 -7.397046
9.341946 -2.059709
5.196408 -2.408587
5.305179 -8.773716
4.752785 -4.673467
7.460780 -8.762344
8.620960 -10.218765
9.335117 -9.220260
9.140556 -11.092737
8.076963 -13.995749
7.620795 -9.203732
10.089973 -13.281947
13.539597 -16.066492
14.390215 -6.829610
18.423140 -3.416860
18.750916 1.406084
16.961555 -1.502679
11.378483 -4.095452
5.902623 -4.845705
3.736477 -3.099098
5.353151 -2.614604
14.166313 -7.123601
14.820890 -7.479957
6.993710 -10.303109
9.336244 -8.887717
8.141964 -8.143001
11.418396 -5.017903
6.698201 -9.567430
5.266714 -13.174712
8.384747 -9.429530
3.248880 -10.552196
6.456773 -8.482511
5.338861 -8.281867
5.215577 -11.217904
4.383101 -5.351897
5.195774 -5.772278
5.862179 -10.391587
9.348484 -9.952958
5.036895 -7.210185
4.880332 -7.693424
6.896295 -8.221866
7.948570 -9.449994
5.850899 -10.748694
6.121924 -5.384136
11.550959 -2.715914
11.476301 -4.558366
11.903061 -4.782397
10.659207 -2.569450
8.424549 -8.964747
8.253922 -9.417505
8.161794 -7.835211
9.061975 -7.859676
7.597177 -9.691852
9.277180 -8.749562
7.540317 -10.791684
7.853215 -12.293086
8.541265 -10.673268
7.433803 -7.993144
8.972414 -9.306175
3.450780 -9.718062
7.012792 -11.835563
7.432209 -11.213078
9.424162 -14.578080
10.006495 -13.158999
10.713362 -16.750528
7.982699 -10.092141
9.056532 -10.211514
6.223318 -10.425376
5.775371 -2.582844
8.586128 -1.896183
8.046290 -1.739977
6.687969 -1.472855
6.099024 -1.847759
5.530611 -4.496622
5.757497 -5.503985
5.505698 -6.897270
6.052725 -5.776978
4.237691 -7.071642
3.793803 -6.033250
4.700585 -6.042211
4.007116 -6.334824
7.985662 -9.610997
4.074917 -8.478784
7.324786 -8.559279
7.787470 -10.357510
7.174417 -12.251598
7.233346 -7.895769
8.268174 -11.403497
13.859102 -19.516672
9.964797 -13.995862
11.668268 -15.249681
5.630421 -11.412047
5.749305 -9.257327
5.561416 -7.885901
7.247163 -11.080487
6.642446 -9.764211
9.365791 -10.162484
3.315640 -5.950513
5.358587 -8.943673
5.752974 -11.511077
6.668291 -9.696752
8.260345 -11.752101
6.784037 -8.216865
11.207718 -5.448202
11.843391 -6.574121
11.678004 -2.367990
11.441599 -3.741522
11.174183 -6.112813
9.373883 -8.916200
7.492072 -10.061483
7.660987 -10.646899
8.718634 -8.066738
11.607440 -7.235584
12.941887 -7.674615
12.003402 -7.278775
9.671393 -2.165373
7.515988 -1.252808
8.804426 0.154772
8.492542 3.917771
10.878886 3.531948
9.309561 3.486785
11.355618 3.552910
10.056733 8.916770
6.394313 7.337115
6.168563 5.024568
8.734066 5.910508
8.019048 7.035318
9.346389 4.500124
8.041604 3.691989
8.267661 3.136776
6.813963 1.638891
9.545818 5.073867
9.268742 3.619854
7.541880 2.333656
8.070112 2.283267
8.946613 -0.747916
10.152280 -2.222615
15.344024 -0.095264
7.635828 3.278172
8.237193 4.635968
7.817307 6.141695
7.905159 3.845798
7.765895 2.516915
5.880439 0.906414
9.531387 3.495949
8.483862 -1.260623
8.129225 2.454801
8.229080 1.046989
8.952564 -1.105714
14.719631 -0.425096
14.357063 0.218271
14.198904 0.873820
14.968573 -0.098464
14.882915 0.063659
8.050820 0.400561
9.096574 0.771260
9.025708 -1.443099
9.061462 1.362889
8.912814 2.021804
8.041624 1.247622
8.179181 1.937540
8.872347 1.073337
8.894252 -2.276501
8.376099 0.847487
8.222006 -0.469096
9.032278 -2.019097
8.843898 -2.142746
9.087933 0.206318
8.517015 -2.780093
10.106678 -2.804160
8.063485 -1.923670
7.827525 -2.641908
