-13.827549 -10.635687
-8.530340 -12.284774
-2.143714 -13.660219
2.821543 -4.632699
3.691656 -7.155411
9.375295 -8.838202
6.016728 -7.903193
7.269974 -8.401650
8.891046 -8.978942
6.531649 -10.696128
11.403141 -19.242296
11.644955 -12.987933
5.007607 -13.847743
8.434588 -7.934344
6.974955 -9.622191
5.798824 -10.891404
6.353692 -7.818888
7.989352 -7.983562
8.151289 -9.530337
5.311112 -13.591670
7.369796 -8.201730
7.359944 -11.683518
9.349467 -11.776813
5.157030 -10.714467
10.522551 -14.235068
12.112197 -15.092416
11.041963 -16.950397
11.634983 -13.880919
16.205221 -12.439154
14.436010 -9.099174
16.718609 -8.605474
12.774606 -6.923607
14.989693 -10.744163
13.704803 -7.609664
13.507111 -7.513263
14.523714 -8.285844
11.816445 -5.155567
13.617973 -14.116556
9.167487 -10.404323
7.145065 -8.941723
8.499876 -11.817252
7.037822 -10.801036
7.698779 -10.134267
5.937386 -10.958450
9.331635 -10.662717
7.049710 -9.750835
8.277743 -9.481004
4.404688 -8.621600
6.604947 -8.968419
9.363168 -8.712114
6.329112 -9.038908
3.676998 -9.654424
5.805243 -4.246131
6.026398 -5.535329
4.540897 -3.708988
6.467978 -0.694170
8.702703 0.036564
5.526537 0.526273
7.258296 -0.599538
7.104142 -1.851420
6.231331 -0.949044
7.254426 -2.389558
10.760134 -1.640917
9.835100 -1.755335
8.667227 -1.963814
8.727497 2.120050
8.571487 1.845926
8.924901 3.139562
8.432841 -0.461685
8.253623 -0.718558
8.293797 -1.771823
5.697426 -2.298196
5.519036 -5.376410
5.167576 -3.844213
3.320406 -4.362983
7.499509 -1.486937
7.627863 -1.680600
7.539663 0.288319
8.116271 -0.384043
6.461352 -1.329541
4.803158 -3.094321
5.333432 -0.733461
8.334546 0.244327
6.937591 -2.708716
13.423388 -15.901158
10.004374 -13.389434
8.811015 -9.524955
8.676341 -9.742558
8.394184 -14.705113
8.603133 -8.814851
8.724471 -10.345313
6.872613 -9.174024
8.847263 -9.764176
9.039188 -8.756026
14.536626 -14.165523
12.380932 -13.385894
9.167430 -14.249248
6.933414 -8.010713
7.494141 -8.567987
7.921340 -11.575578
7.684165 -10.107253
7.990980 -8.657116
8.918557 -10.343307
2.930846 -11.215270
5.867313 -6.947851
4.346353 -1.709111
6.545839 -1.517329
5.133413 -5.392976
4.174016 -8.456338
7.101805 -9.459109
8.927598 -8.719216
7.731792 -8.316499
6.358826 -9.753206
6.576556 -10.414168
8.766119 -13.029557
5.387717 -10.390165
5.851558 -8.075849
5.961755 -3.533835
5.389556 -1.028341
9.885918 -2.803031
9.154701 -8.933405
11.821054 -4.571965
8.997602 -9.033433
11.277566 -6.713816
6.968828 -10.850451
7.328132 -8.004313
9.189518 -8.264441
14.615533 -7.802613
11.885151 -6.559126
11.743974 -6.386956
