-12.523572 4.250225
-9.220612 4.132995
-9.122017 4.981101
-8.871838 5.123517
-9.155836 7.788273
-6.845999 6.240360
-5.011049 7.021046
8.501692 4.877690
9.739355 7.779905
9.054461 5.920914
8.138894 6.699086
5.435922 6.688181
7.916328 8.740681
11.124407 9.644650
13.297561 9.488334
11.806130 10.955268
12.866520 9.279590
7.841262 8.822406
9.064627 6.212946
9.012171 2.907284
5.739089 4.023053
10.486766 3.684573
9.850767 3.528681
8.376073 5.773592
7.558789 5.634010
9.455257 5.301783
6.559132 4.289611
9.008018 2.493081
9.130837 5.713682
9.464878 5.506557
8.233526 6.805490
9.489221 3.579647
10.469479 3.778745
10.540362 3.721742
9.694794 5.772495
9.444929 7.241363
5.763567 2.181017
9.344065 4.934761
9.925830 9.425929
10.433048 9.139231
10.580896 11.683876
14.977123 10.153146
13.828030 13.987940
13.021069 10.112942
15.559393 9.071806
14.875038 8.766278
16.041712 9.964683
11.645665 8.961780
12.022769 9.847301
12.481586 9.962176
12.727327 10.580392
12.105492 3.753271
8.110560 2.855089
8.842587 3.885699
9.105906 8.205072
8.628145 8.268134
12.164501 8.988052
10.778517 8.864489
9.371984 5.934130
8.307419 5.808855
8.802502 6.855444
9.839083 7.720259
9.312388 4.067248
8.272626 5.940320
8.525005 5.469442
6.611214 5.771827
8.018390 2.378339
7.649526 1.747957
8.646498 1.793275
9.071447 3.609685
10.269292 3.587416
10.548216 3.555085
8.375893 4.137414
8.734343 1.185427
8.745195 -0.414334
8.931385 2.539270
7.449718 4.059447
6.596006 2.475682
9.303027 3.622357
8.773992 2.917250
8.479361 0.875758
7.547635 -0.053761
8.783534 -0.202877
7.607368 2.396910
9.117384 4.289922
16.564669 0.306502
14.217890 1.038286
12.080251 -1.590660
9.924887 -1.933712
14.165062 0.049743
18.217491 -0.930552
14.627861 -1.055678
8.700557 0.934879
7.869931 1.911187
9.327150 4.984451
8.254795 1.718054
8.736183 2.585567
8.671076 3.505815
7.401592 5.388246
9.243637 4.330661
8.818382 1.703377
9.581031 3.447186
7.727288 4.111265
9.809067 4.400032
6.809028 4.177008
8.581166 4.351861
11.938692 3.514156
10.930534 3.629526
8.233223 6.156616
4.686286 4.727984
9.210612 5.884477
8.497622 1.304002
7.442511 1.305332
5.743351 2.420190
5.170036 2.412735
6.751770 3.240087
9.073893 1.736241
6.254625 1.544432
7.178462 2.602972
9.837060 4.487074
8.491287 5.386096
8.569373 -2.796468
10.683231 -14.207164
7.501236 -12.280448
7.760687 -10.784536
7.635210 -8.165379
8.347990 -9.249551
7.083568 -8.016862
7.669008 -10.055647
6.722751 -8.339342
8.221917 -8.581546
5.127631 -3.149892
3.807575 -0.412003
2.633634 -2.922853
7.257657 -2.431990
7.879406 -2.331980
6.033069 -2.311202
5.010132 -2.445469
8.334988 -1.375846
6.419336 -2.230450
6.950269 0.101903
9.496248 4.894712
8.856995 6.675487
10.009872 3.651246
9.980045 3.752129
9.297146 3.874131
8.644526 3.126404
8.389475 1.981457
7.672806 -1.901683
9.870565 -1.713873
10.876467 -2.071817
9.679144 -1.968697
10.030493 -2.756935
6.089016 -2.106482
5.473591 -7.402709
5.248941 -7.713541
5.385947 -6.779541
7.340852 -10.372920
6.013986 -9.037179
7.052115 -8.097239
6.357249 -9.702359
8.766644 -10.025569
3.709585 -10.409886
7.574543 -8.472520
8.479193 -11.486812
5.704299 -7.577874
7.006571 -9.875665
2.835802 -12.854503
4.798419 -8.755647
9.239322 -8.050985
7.932177 -9.930892
8.015129 -12.275995
8.960668 -13.281150
16.510942 -12.855102
13.942293 -7.009054
9.050403 -9.356820
5.458415 -7.757725
9.141737 -10.620801
7.733834 -16.127068
12.923935 -14.133218
11.608318 -13.474180
7.192605 -14.645034
7.638314 -10.517065
8.740479 -8.167141
9.099401 -10.888368
8.467492 -11.082974
9.102806 -11.893502
6.681710 -9.350983
8.090627 -10.941452
11.285418 -14.367057
14.764923 -13.937713
16.190086 -9.206248
15.111059 -14.123548
15.095238 -8.805931
15.451426 -9.784148
14.465619 -6.821255
15.609011 -11.223956
17.834259 -9.296345
14.872810 -11.365731
9.384260 -12.862601
8.857450 -13.064094
6.874681 -9.367314
8.986177 -8.117496
8.121726 -12.548549
6.102165 -7.780221
6.107005 -8.837490
7.307198 -7.849251
9.055953 -8.393767
6.845587 -9.231295
7.671440 -8.737806
7.505178 -11.111327
9.348808 -11.280686
7.400492 -10.698697
10.001898 -13.659970
12.478909 -7.213956
11.250166 -6.840818
8.717163 -9.469908
5.153841 -7.736765
7.526266 -8.783624
5.243126 -5.988887
4.707083 -6.889120
5.440516 -3.598203
4.710979 -5.468079
6.323040 -1.684504
7.455240 -1.115149
7.459174 -2.584664
7.760344 -1.058316
7.150343 3.463698
7.784023 4.184340
7.866712 4.551233
7.630786 12.101927
14.145556 12.171565
15.908569 7.572651
15.425700 8.019612
