19.503864 -2.681637
17.276993 -4.347028
17.369333 -4.822914
17.194077 -10.420732
14.697161 -7.972812
17.940796 -7.139168
12.024088 -7.605956
7.938363 -11.463077
3.686816 -8.619744
10.178950 -13.022487
9.262418 -13.925502
5.461673 -10.958392
3.208868 -11.609975
8.641471 -9.884280
10.976660 -15.592917
10.472717 -14.113589
11.717221 -16.333576
14.482396 -17.813196
14.688512 -12.386285
16.758965 -10.920712
8.450109 -9.268376
9.229428 -8.052595
6.109315 -7.051698
5.254090 -5.520898
5.722035 -7.784179
10.430222 -14.997191
10.134689 -14.400224
6.921856 -9.762386
6.405334 -9.692283
8.791993 -9.685567
5.415725 -11.525262
9.192862 -7.889297
8.764018 -11.158923
7.080821 -8.968080
6.747857 -8.433910
8.068395 -8.397959
6.766402 -15.460378
6.156676 -14.074988
8.846714 -11.740462
9.053509 -8.892855
7.033977 -12.949523
7.480556 -8.096042
8.687122 -1.744963
8.390571 -10.465430
6.842741 -8.666524
14.486565 -13.267185
12.705168 -13.432253
17.236572 -13.807743
19.143600 -12.028545
12.293007 -7.138278
13.303457 -6.644601
11.656011 -7.361199
8.654617 -10.524440
7.763707 -12.553758
7.135019 -9.791730
9.228359 -12.987298
7.857615 -7.832659
8.985169 -10.458157
7.628701 -9.810468
6.460048 -12.933398
16.686525 -17.198086
10.803961 -14.557237
7.599261 -11.322328
7.834179 -10.857282
8.073827 -15.730844
14.753262 -14.449899
11.540036 -13.595588
11.539808 -16.538286
7.254583 -10.913381
8.717841 -13.808089
3.614647 -8.460997
8.084951 -9.962853
7.886935 -8.574374
6.651065 -11.253370
5.676056 -10.457770
6.046371 -10.181515
7.147360 -10.479810
8.024025 -9.561233
8.621683 -10.296787
8.518023 -9.948065
9.165291 -10.431575
7.646437 -11.048894
7.917802 -12.791694
8.908121 -11.782268
10.123609 -15.697239
11.890476 -12.961026
12.384300 -15.020722
9.849214 -13.119123
13.123929 -13.127994
3.945844 -12.844276
7.860428 -11.583711
6.989652 -13.362691
5.431972 -11.944579
8.896608 -12.832589
19.657854 -15.905046
14.823825 -12.098927
15.979021 -8.676037
15.497578 -9.560374
15.477061 -8.870203
11.711077 -4.889719
6.962835 -10.174459
6.027851 -9.859372
8.350612 -9.215627
8.588385 -9.956475
7.995771 -8.999141
7.678537 -9.616677
7.758901 -10.539369
6.089502 -7.749377
4.562196 -8.179007
6.975121 -8.589881
8.808514 -8.819952
8.181170 -10.935546
7.840126 -8.604348
7.990538 -10.840513
4.738618 -15.322747
10.694668 -13.006517
12.507978 -17.252127
10.781653 -13.621346
9.702854 -13.810292
6.604624 -10.058542
9.215382 -8.144884
8.715642 -8.632276
9.124668 -11.680072
8.101272 -10.827655
7.555024 -11.537112
7.318964 -10.489329
8.339138 -10.883544
9.197024 -9.053655
8.398840 -9.712107
8.290571 -12.858933
12.058685 -14.988961
15.498414 -12.246157
18.097294 -8.729516
11.196463 -6.989703
11.208990 -5.710730
6.681412 -12.067192
7.361175 -11.452487
15.894515 -8.699552
19.129908 -9.681465
15.123872 -14.126636
12.379073 -13.613379
16.838644 -14.593851
15.536245 -12.113343
12.309892 -16.188017
10.728862 -15.291305
12.349991 -13.210912
14.200769 -16.836538
6.728443 -13.352377
8.406623 -8.391561
8.184012 -8.506568
8.630237 -7.935141
8.010319 -9.670643
6.559037 -9.587371
7.701547 -11.318879
7.166933 -9.550768
9.329013 -11.712455
7.960564 -11.923797
9.748822 -15.196159
7.414780 -9.945366
11.340199 -15.809840
13.674753 -12.956341
12.293658 -14.038498
12.061854 -14.349773
15.427244 -15.257483
14.388677 -8.038868
18.338352 -15.350517
15.029894 -15.479127
14.693121 -14.388307
14.595725 -14.285204
7.896717 -13.391082
13.503826 -12.879484
2.679716 -14.771991
5.600230 -12.017744
8.164342 -9.628917
4.680023 -12.738286
11.402910 -15.419374
7.876316 -11.897630
6.979308 -11.316801
9.024293 -13.013854
8.796898 -13.305132
14.395641 -10.821811
9.373450 -12.383604
7.308612 -10.527051
9.246000 -11.981635
6.448837 -9.153083
6.769564 -10.926543
8.176851 -9.881328
8.621955 -14.964486
10.417952 -18.306177
6.216343 -14.164407
9.222364 -8.216102
9.314724 -11.294902
8.718679 -11.533509
7.824465 -13.194503
5.605551 -12.998149
5.048192 -10.511283
8.609990 -9.362803
5.209572 -12.703752
9.873573 -14.555838
5.122958 -13.287606
8.186295 -13.651399
16.514004 -13.181641
14.843596 -12.729699
15.389074 -17.120464
13.629098 -14.585583
13.187649 -13.937818
7.938358 -12.555678
9.548325 -13.835267
8.414590 -10.590245
7.041209 -8.532326
6.780760 -9.789486
8.065247 -11.960270
9.367126 -11.173924
9.292716 -10.071123
10.802595 -13.679356
11.757038 -4.461402
11.496731 -7.128446
9.120066 -8.747680
10.580755 -13.015903
10.705540 -13.560628
11.038883 -14.308459
7.621331 -9.408973
8.321404 -9.401191
16.284769 -9.881376
11.716907 -12.944995
8.108335 -13.445405
7.841812 -11.687709
11.842084 -14.876148
16.090601 -14.635688
14.418650 -11.677627
9.179755 -11.709899
16.402216 -8.085341
11.515902 -6.495496
8.748176 -11.658226
4.579062 -6.104736
3.691383 -7.580194
7.457572 -8.429534
7.223082 -8.417556
5.898389 -10.022675
6.824352 -11.045726
5.072592 -4.489629
4.345028 -4.264223
3.405687 -3.753026
3.099246 -4.356210
4.097064 -6.479898
6.007306 -4.462838
4.394975 -2.844025
5.967885 -5.496790
5.363897 -1.961467
5.569830 -5.996990
7.323830 -10.192603
7.847484 -10.392438
11.226089 -14.504443
15.618134 -15.793057
13.785143 -16.122311
13.947407 -13.915098
13.089312 -14.434979
9.136751 -12.723666
4.557651 -11.703383
12.111901 -7.239246
11.171934 -6.300802
11.758390 -6.599842
11.726741 -1.668912
12.049879 -7.069508
11.251141 -6.362430
7.267663 -9.325166
5.878704 -8.221745
6.912333 -8.775321
8.063777 -8.246766
8.819135 -10.703096
9.239837 -9.725755
7.246092 -12.543815
7.385536 -11.832178
8.100917 -14.933804
16.492537 -13.894126
15.706926 -10.921655
17.441574 -19.240999
9.154566 -14.281407
8.742579 -12.901391
15.091468 -12.906042
5.673072 -12.270753
1.638531 -8.415326
9.336456 -8.745435
9.100481 -9.791558
8.659060 -8.324221
12.316018 -7.393559
7.993531 -11.525484
7.534282 -10.606091
11.670385 -5.354254
17.171696 -17.171110
15.071020 -19.487467
10.026517 -13.140471
6.904379 -8.047370
9.151061 -8.522010
8.039355 -10.788475
9.407320 -12.989978
7.539418 -10.610772
9.485351 -14.477392
7.571613 -7.970788
6.935580 -8.799016
8.555820 -12.870200
11.605507 -15.654562
16.300713 -7.183270
14.858976 -10.274904
18.476213 -13.025502
18.051279 -12.607081
13.430109 -13.031964
8.540805 -16.611012
9.144744 -11.743091
6.284780 -12.139750
9.600728 -15.621743
8.148163 -10.975284
9.246871 -8.205595
7.172580 -9.705607
4.213616 -11.823728
7.354385 -10.521928
3.700245 -15.362431
10.833100 -14.203324
4.255802 -12.472039
6.399379 -14.439914
-0.248259 -12.095296
-1.761414 -15.425095
