2.608704 -6.269328
5.358066 -3.765138
6.164294 -1.555454
7.224029 -2.655120
8.856125 1.158596
5.821867 5.415257
4.956368 2.980953
8.883013 5.621138
7.414782 4.667458
9.113143 4.375995
8.604568 5.279716
9.500717 5.300667
9.344895 3.795759
7.887429 8.513568
13.513906 10.945663
13.708563 8.887443
12.424242 8.974707
10.534992 10.452271
10.165000 9.658971
7.018184 5.093601
8.858205 5.661951
9.476007 6.527167
9.632374 6.564389
6.973722 2.760855
7.245955 2.963256
9.460243 3.744637
13.816456 3.709516
16.051191 2.678633
16.062880 6.332049
17.771536 0.785368
16.177250 4.487019
14.897457 2.281442
15.268160 6.674131
14.854324 2.726612
12.309860 3.627659
10.731054 3.416467
9.081714 3.175619
7.798994 0.352725
8.032541 2.062022
7.868907 2.669800
9.739806 5.586324
9.041569 2.049158
8.404969 0.846189
6.370814 0.107179
7.513383 -0.433656
8.496518 -0.761469
8.355284 5.670227
9.716192 6.367304
7.953975 2.275038
6.851153 0.990032
8.831402 2.605996
8.898506 3.900554
10.200800 3.584314
8.540427 3.487133
10.048811 3.706902
10.839582 3.636774
8.501287 1.917824
8.791394 1.985012
8.432478 1.208944
4.745897 0.825697
8.832319 4.196884
8.664559 4.455569
7.101799 7.036500
9.408479 5.670559
9.475607 4.798501
8.904980 4.247141
9.199497 6.442913
9.075848 5.564631
9.780229 3.894702
9.818526 4.034800
8.478767 4.050583
7.718981 4.096449
9.307181 4.355495
8.617350 6.506585
8.994436 4.728916
7.096194 5.317269
9.456802 5.143975
9.815875 7.118342
8.093497 5.761591
7.408015 4.238330
8.605768 5.107003
9.811501 5.705940
8.207865 4.815820
7.409885 3.701403
13.817872 3.457517
8.669865 3.390821
9.482280 5.214357
9.286381 8.060463
8.730433 9.425654
8.985871 4.205690
8.986252 1.514814
8.447090 3.115532
7.594372 2.379411
7.461074 1.362149
8.129000 1.936000
9.967478 3.759170
8.863732 5.058245
8.395903 3.773937
8.202498 4.882751
8.479017 7.163616
7.619248 5.267083
9.100912 3.395143
9.228765 5.863454
7.936259 6.485687
7.857767 5.539233
9.426999 3.529117
10.442330 3.484600
8.665751 4.008725
9.037677 3.076395
8.196461 4.148076
6.285287 3.541592
7.653726 1.689759
9.036519 1.666499
8.757802 2.728412
14.858025 0.518203
7.872189 0.271642
7.920745 1.142848
8.548555 0.058218
15.902099 3.667642
17.548717 3.290074
14.922585 3.447465
13.683845 3.692215
12.521538 3.551448
14.502328 1.034606
12.611978 3.598872
10.186193 3.725273
7.850152 2.636864
5.603312 1.612548
6.660207 2.669036
14.635337 1.119580
8.838935 7.455061
8.396410 6.382774
8.893818 3.834102
8.758486 1.384552
8.724446 -0.408147
8.508444 1.467723
8.162253 1.127270
8.237579 0.555449
6.949962 2.037595
8.568510 1.545840
6.775755 -1.511544
7.835510 1.648365
8.786436 -1.331658
8.303147 -1.748243
7.141259 -0.175784
8.941599 -0.065862
10.406090 3.549515
9.029671 5.890095
8.948096 1.516814
7.650786 5.173350
5.837355 5.720845
7.821080 3.267546
9.620930 -2.711430
11.836384 -3.545851
11.937495 -2.070771
11.507154 -3.483927
11.202255 -5.567828
11.190847 -2.072647
9.793835 -2.656526
9.505892 -2.268821
6.729941 -1.816684
5.867494 -2.705127
3.957793 -8.991452
3.107998 -8.577640
6.828356 -7.863238
11.309132 -6.326311
9.337475 -7.930377
7.946429 -10.740401
5.367204 -6.243148
5.514053 -6.205133
18.229412 -10.907650
17.557972 -9.120688
8.717234 -8.787022
7.125915 -12.703715
8.542423 -11.928461
6.941657 -8.517215
2.250561 -10.302680
5.478531 -5.909612
8.786360 -9.246366
7.890940 -9.053851
8.294828 -8.758587
7.954873 -2.407115
9.021789 -2.247012
7.626028 2.188107
7.419528 1.983812
8.287709 1.213626
8.725585 1.796705
8.468695 5.770504
8.055384 4.178624
8.936361 4.834018
9.430314 8.027667
9.489213 7.308737
9.502897 4.964947
9.745226 6.870044
7.680790 7.518358
6.206237 3.562702
10.836485 3.759038
9.323004 5.294449
8.396066 2.657947
7.766054 1.419769
9.023461 1.033184
8.919733 1.470888
8.997175 5.615628
8.845780 5.267711
9.417154 5.970743
10.057247 11.681722
10.764988 9.140267
9.627668 8.928697
9.847212 8.311342
9.024466 14.982642
12.448412 13.120090
10.830099 8.977358
9.277927 10.335499
11.882106 11.698842
16.569328 11.741776
15.166124 8.185181
16.546812 14.845881
14.193193 13.188298
10.231771 10.410284
11.870523 10.631127
7.222605 8.012308
6.391614 3.751462
8.723343 4.339849
9.815750 7.377461
8.275918 3.084589
5.783135 1.934801
7.068499 1.590433
8.985583 2.942318
8.554280 3.768082
8.118332 3.218164
7.132068 2.640703
8.559990 10.424643
8.965117 8.417699
9.841176 3.443550
12.689781 3.668715
11.862807 3.542903
12.211269 3.468769
8.593459 3.520509
9.772017 4.120602
6.295314 4.552894
7.276363 5.786383
8.706026 5.279029
8.258732 4.383454
5.364954 1.259608
8.587013 3.153126
7.472174 3.660405
9.412107 5.934114
8.693451 4.800039
7.744156 1.117381
8.719608 3.361808
9.250369 6.879795
8.256865 6.134095
9.198641 5.464307
8.865822 5.516417
9.283372 4.002992
7.418468 1.457649
7.370193 0.761046
6.894897 0.673759
8.849871 0.366125
7.724365 -2.764931
9.021851 -2.354325
5.056623 -6.198865
2.789421 -7.753499
7.574736 -7.886786
8.745555 -8.586744
5.909279 -8.391099
4.642936 -11.744885
5.964840 -9.064087
6.109846 -8.096589
5.068065 -7.396615
7.158682 -10.019027
7.993760 -9.882270
10.395439 -15.087149
13.490341 -14.699543
12.635614 -13.493320
12.649612 -12.987660
8.082608 -14.874454
6.738321 -12.271752
5.658676 -10.680102
8.614265 -9.079320
6.690306 -9.898253
5.248611 -8.035832
5.006782 -8.051593
4.605337 -12.744123
8.889107 -15.802730
13.192010 -12.866771
13.781387 -14.346088
19.534163 -14.693778
14.508208 -8.314012
19.287876 -9.411157
15.478086 -9.534773
16.404560 -10.365096
18.699709 -8.651631
14.476991 -9.319497
14.728315 -9.473953
11.184921 -5.776376
7.274892 -9.588906
7.997315 -10.900945
5.983245 -11.035604
5.588277 -7.574224
7.504189 -10.081521
5.947603 -9.634274
4.980710 -7.763674
2.946571 -8.283481
4.354620 -9.511723
7.895492 -8.886305
8.916913 -9.509588
8.491858 -9.609159
4.863718 -7.997923
4.803075 -6.558610
3.181658 -5.374664
2.163446 -7.580898
5.443514 -12.254743
12.824512 -15.220116
12.786151 -13.004875
12.955942 -18.184729
16.823702 -17.910917
14.994188 -8.784017
7.683015 -12.917568
4.546096 -10.578400
5.510866 -10.796191
11.544432 -7.144503
11.296526 -5.387015
11.491493 -4.855094
8.971869 -2.603154
8.135439 -8.295054
5.722343 -6.921572
7.691441 -10.948821
9.152823 -9.186552
8.452724 -9.566243
7.096684 -8.090446
6.500811 -8.087903
8.835440 -9.896820
9.240212 -8.013813
3.539037 -8.359843
3.053902 -6.750940
3.896124 -4.103534
3.225744 -2.071785
8.175055 -0.117837
8.216619 -2.465005
7.921279 -2.327443
8.946190 -1.416191
10.362827 -2.095349
6.554178 -2.256687
6.883772 1.269716
6.964439 1.672263
9.697865 4.841665
9.478333 9.730265
9.346372 8.048083
15.917582 8.885854
12.614515 9.235724
9.539865 -1.636485
8.569128 -2.602818
9.404799 -1.769480
9.324955 -2.807202
7.825496 2.148355
8.783301 -1.315959
5.610544 -4.222213
5.119042 -4.761856
5.061579 -6.863953
6.704330 -8.355757
8.189975 -2.281188
9.781700 -2.135151
10.388445 -2.113631
11.810553 -3.597444
11.884537 -2.469416
9.230991 -2.361635
7.920756 -1.572903
8.409378 -0.432549
4.608567 -0.846954
5.525678 -2.503383
8.400062 -2.425726
8.897296 -10.841353
15.745028 -14.838541
14.769081 -12.945260
14.750577 -10.415122
15.158072 -6.855100
14.749063 -7.652399
7.314328 -12.184306
9.149834 -11.994662
7.742807 -10.801362
6.967247 -9.083654
6.541512 -8.250514
7.497758 -9.806150
5.637578 -9.474299
5.429334 -10.351001
5.235371 -8.587625
3.573246 -9.008944
5.201361 -9.837919
11.379117 -6.195489
8.469328 -8.398104
6.482024 -10.432700
4.278587 -8.589762
5.508137 -7.206192
5.052544 -5.284449
6.989079 -10.410289
2.758866 -8.443776
8.050056 -12.062344
12.041845 -14.762369
6.303102 -12.750474
9.278358 -11.329325
8.813029 -9.426433
7.720197 -8.372668
6.173162 -9.766524
8.029037 -9.668180
7.536500 -8.165019
4.829782 -7.929157
5.781075 -6.871185
5.701664 -8.687186
6.943277 -12.032220
10.702131 -13.247140
14.004744 -7.525294
7.770637 -8.437238
8.514171 -9.483937
7.809748 -9.650974
11.453336 -5.973907
14.113162 -6.853420
13.194724 -7.380011
14.942589 -9.589924
15.696968 -9.141878
11.960379 -13.724023
13.118662 -13.382326
8.947008 -10.237208
8.170620 -13.667570
8.101678 -11.213199
9.078049 -10.173913
7.770969 -11.703019
8.077877 -12.084282
6.189366 -10.662450
7.683938 -9.792136
8.348144 -7.862923
11.461044 -2.822400
11.302500 -7.044628
11.372120 -7.202908
14.136564 -7.146645
12.047310 -7.200757
11.376844 -5.005398
12.182449 -7.138264
7.364670 -10.688296
5.715745 -7.959599
7.203042 -8.587396
15.014210 -9.741656
14.011658 -15.071173
14.475941 -9.918500
8.750267 -9.811629
7.334099 -8.028102
4.228094 -7.527970
6.671961 -9.253604
8.677660 -12.470092
9.688677 -15.106207
9.977800 -13.082159
15.187058 -15.422376
5.536199 -10.217546
9.153663 -12.888410
9.217767 -9.372960
8.313328 -9.251421
6.360301 -8.271315
3.782367 -7.519709
11.887145 -7.308185
8.033566 -8.045266
7.423988 -12.142934
10.008794 -13.717048
12.704851 -16.496626
13.865588 -13.696649
6.921697 -13.059525
8.128292 -12.186595
8.629479 -10.787276
6.518152 -9.287627
8.586325 -9.249765
7.279169 -9.718364
8.129253 -8.125630
5.758017 -9.826513
8.185206 -10.036683
5.481570 -8.481978
5.606308 -4.205161
5.397796 -6.360606
3.677393 -6.303717
3.205603 -4.236952
5.232925 -2.748778
8.493170 -2.276974
10.668459 -1.612096
10.059068 -1.887014
5.283645 -2.518527
6.996602 -0.853620
7.625129 1.271384
7.980614 0.650703
8.983080 0.962335
4.138654 1.213134
8.586386 2.256094
8.581376 2.771691
8.324897 0.437344
7.566099 0.641534
8.374170 3.182913
9.805824 3.726366
9.402613 4.127850
8.804236 5.042687
9.024973 2.927851
7.671940 5.287538
8.470221 5.283336
7.501453 6.385216
10.662873 10.006377
13.226274 9.152621
13.474230 10.413260
13.939279 10.838013
17.290886 3.897515
15.407672 3.955333
14.936722 5.099220
7.463538 -0.744277
8.552858 -0.669064
9.592366 7.592387
9.448056 6.259644
8.216666 0.705349
8.412320 2.020442
9.329218 6.095737
8.663472 5.783717
7.900456 6.287240
13.264813 8.895247
11.413535 9.007543
5.974163 7.220039
5.256353 7.945056
7.532330 7.615860
9.525848 8.477543
9.312207 6.227726
8.690468 1.080117
8.615370 0.313095
8.032370 -1.193638
5.479721 -1.464011
8.055996 -1.856225
10.179081 -2.322153
9.542498 -2.440578
4.900512 -7.203862
8.611947 -14.738681
8.055599 -12.551299
11.438671 3.772353
8.426883 3.571826
7.272865 4.261498
8.725660 5.692390
9.449460 8.793984
6.265140 4.715794
7.710747 6.911814
8.658888 2.113927
8.547445 1.828722
9.621041 6.186327
9.117961 8.231487
9.941067 11.020490
12.771805 9.840224
18.034008 13.551011
15.307860 6.804226
16.662624 7.010890
16.233316 7.498173
15.952106 6.940667
8.039250 4.900929
9.246124 6.378326
7.677203 4.302229
9.692342 3.550938
8.648355 3.988442
9.105209 2.607843
8.641949 4.021616
9.286838 6.082121
8.810204 5.557265
8.946878 2.186102
7.954235 2.131069
7.202828 7.871539
15.792227 9.849120
15.536785 10.641538
14.846657 1.664138
15.969770 2.152052
14.446871 3.486909
8.302082 3.542164
7.860899 5.093630
5.330361 5.137433
9.213176 5.427671
10.123205 10.846564
9.509679 12.488208
12.150812 10.554510
15.750896 10.797776
15.394684 5.530278
17.919212 -0.156462
7.674954 -0.881672
7.551955 4.207205
8.397788 5.289796
8.469583 6.814393
7.990458 5.504932
8.938029 8.370249
8.015101 6.537878
15.251830 5.409344
15.461868 4.250630
8.667570 2.776830
9.727324 4.995319
11.153257 3.670403
13.199637 10.845982
12.746265 13.703321
14.092668 9.862279
10.727279 3.712903
14.572279 1.923382
15.371403 2.465900
11.729534 3.620996
10.909607 3.633420
14.991045 3.919888
15.236471 9.591889
12.460792 12.494073
17.349895 5.777817
16.489201 6.313728
15.037436 6.430464
8.586977 3.593297
9.549347 6.170652
7.175679 5.883857
8.183856 3.027399
8.811110 1.893030
8.316700 2.918077
9.277044 7.868966
9.282347 4.928586
8.824124 5.932196
14.961040 5.926284
8.945971 5.615100
8.819378 5.201869
10.597757 3.691279
9.826190 5.020473
10.948637 3.455469
13.432772 3.600454
7.477838 4.527436
5.454417 3.653829
9.533135 3.619497
9.372499 4.280106
7.170397 5.268843
9.116477 5.657286
8.361987 4.386335
9.806965 4.050722
8.439027 3.453298
7.275820 2.986870
6.693817 4.577851
6.178707 -0.691694
7.583658 2.268301
9.586335 7.068576
8.259102 3.754575
6.341673 0.844934
8.332400 3.202943
9.782190 4.607790
8.247598 4.898588
15.004077 6.476680
16.557560 4.528240
15.461004 5.124218
15.707033 5.392441
9.128395 4.530062
9.038673 2.901196
12.225901 3.787324
11.095377 -2.562279
9.035089 -1.585575
7.118264 1.010488
11.679969 -2.844872
11.624058 -1.634612
11.657144 -2.490974
7.515260 -0.293302
8.207479 2.787212
8.627003 7.418198
8.900837 3.259705
8.384523 1.658185
8.754270 0.913249
8.049053 1.415691
8.698156 1.637791
8.879251 0.981713
8.404386 0.817946
7.753805 0.224748
7.129832 2.405647
7.511679 4.716959
9.374855 3.519865
9.704288 3.712282
9.535706 5.036417
7.232502 3.142762
6.660650 2.733230
8.192565 6.101846
10.325901 10.308997
10.473997 11.329004
13.275500 8.965643
10.343775 9.224002
7.833883 10.912741
8.499079 4.153181
9.778381 4.714285
14.837939 3.263974
8.335958 4.672857
8.003281 2.189234
9.749933 5.090686
11.564240 3.600738
7.626858 7.009368
8.207287 4.934821
9.762693 4.668757
7.723329 6.493955
6.474352 4.932214
6.917319 7.486507
11.982196 10.079253
11.392368 10.648022
12.477844 9.584132
9.657315 7.742109
11.671350 9.566556
16.154707 9.237946
16.168264 6.415668
15.697523 6.414053
17.575905 7.263594
15.839025 6.850560
19.662327 5.261241
17.490013 1.395908
15.045040 1.268034
14.986182 3.916656
10.355803 3.784552
6.805763 3.635504
9.991426 3.594886
8.290688 4.272658
9.279951 -2.152528
10.180767 -2.738854
2.418372 -2.694970
3.094888 -3.921449
6.856365 -1.623552
6.073656 -2.587440
4.904012 -6.854478
6.332479 -10.787967
8.595086 -9.178454
9.176984 -9.273637
6.617528 -9.533977
8.752079 -8.714277
7.792892 -10.840590
13.308080 -7.414182
11.717630 -6.568472
11.432458 -3.053612
9.928734 -1.762080
11.000706 -2.263002
8.710154 -1.938089
8.720608 -1.617995
5.931708 -3.572559
5.950254 -5.006730
5.694933 -7.705511
5.707878 -5.964590
7.675185 -8.500580
8.450321 -9.645999
7.100348 -9.999315
9.172617 -9.129672
8.393402 -8.922437
8.202900 -9.410842
15.663149 -13.288720
14.548069 -12.578462
2.840954 -6.656082
3.272557 -4.179838
6.936623 -8.289676
9.056537 -8.890075
9.264484 -9.119830
12.910111 -14.013316
10.524419 -14.441548
7.692089 -10.960598
4.766266 -10.272180
8.772716 -8.977718
6.809990 -10.084470
7.813471 -9.187955
8.398933 -11.203085
7.582628 -9.069188
5.591825 -10.743430
4.387492 -12.597621
7.219582 -8.433404
9.355751 -7.877844
8.073427 -8.122123
7.697191 -2.182339
8.590965 -2.520236
8.555847 -0.386749
8.086663 -1.825089
8.715239 -1.438341
9.006457 -1.098121
9.095236 1.884349
6.545723 -0.034720
7.829286 2.281140
8.982033 2.182264
8.882662 2.158665
6.017338 4.149681
8.013111 5.413451
11.603303 3.572225
8.794220 5.116046
7.835827 5.525682
8.850424 7.524263
7.896389 8.733930
8.007335 7.508856
8.879344 7.883890
11.814120 9.065370
5.622406 6.710022
9.306935 7.552755
12.352282 3.437338
10.023196 8.981986
6.861962 7.528406
9.721015 6.607591
8.929501 9.093184
10.119690 10.830516
11.971333 9.317428
13.905444 8.877240
17.357874 2.984121
14.822189 1.731513
18.297596 4.341607
15.251352 7.043483
11.141556 3.642534
9.087429 6.245807
8.490852 7.533979
7.530956 8.776599
12.241949 10.078585
14.893353 5.913140
14.917217 2.735221
14.969057 0.949548
11.617376 3.537848
15.345169 9.462413
17.537720 6.115183
8.851030 5.850544
8.357101 3.368084
12.659678 10.289688
9.728032 11.384523
12.123109 8.941552
8.333023 4.410226
8.909339 5.564668
8.471971 5.497885
8.165232 9.915842
8.732529 5.842757
9.725641 5.698440
8.897850 5.500762
8.940907 4.508682
7.936150 3.676257
11.604671 3.695308
7.814646 3.302520
7.571632 5.690527
9.427347 4.923000
9.654460 5.100675
9.721630 7.484623
9.167631 5.887675
8.593656 8.569599
9.288870 6.497280
9.719040 7.377257
9.592429 8.160933
7.524182 4.714858
8.242161 6.786853
8.098703 3.834891
9.586805 6.515762
9.486133 3.593650
13.603076 3.619329
13.483252 3.529181
7.068539 5.231941
6.222150 1.787762
9.770370 3.868779
8.342134 3.769373
8.923471 2.616205
8.701604 0.388573
8.413553 0.641105
7.966440 3.506156
7.883445 4.054493
8.296979 1.423257
13.938706 3.496749
11.043438 3.535978
11.889670 3.607211
6.336143 3.813273
8.871062 2.859493
7.863376 4.585760
7.067607 3.029688
5.457833 1.911397
6.748816 -0.401559
8.406140 1.955550
13.162443 3.451966
8.975978 -8.733144
4.965257 -7.544255
3.689472 -6.484432
3.668465 -5.680381
11.494307 -3.923447
5.901117 -5.498121
8.405400 -1.467977
9.766190 -2.518525
11.380064 -1.762481
16.073505 1.909462
14.760094 1.442026
18.245504 -0.659073
15.133125 2.422943
15.486784 2.671836
8.675486 1.231568
7.396166 1.126263
9.696680 4.616179
9.366323 5.845747
8.769376 5.972278
8.425633 2.034476
9.680552 5.825088
9.625620 3.765843
9.722202 6.072216
8.356073 6.158562
8.516721 7.049770
9.657511 8.294690
8.381718 6.841461
9.811768 7.725473
9.424620 8.240837
9.686165 8.075265
9.341140 5.258105
7.697640 6.260911
6.930518 7.511155
6.753949 6.358262
8.348547 4.153059
8.599953 0.581961
9.419352 5.897398
7.523921 6.010371
7.451798 9.340943
10.401155 8.851052
8.268309 3.517532
8.489414 5.783142
7.261518 2.455159
16.441547 2.862003
17.155689 4.122976
14.922180 8.312205
16.947353 6.128989
15.942320 4.794185
14.430241 0.813815
10.973832 -1.720196
4.761414 -5.536485
6.896256 -10.920057
8.582710 -0.086092
8.636067 -1.427540
7.294634 -1.392057
9.642835 -2.112149
5.966659 0.421854
7.542380 2.153693
8.045486 2.063798
5.519200 2.021616
9.077068 2.290132
8.745851 0.386052
8.261219 2.377253
8.687511 0.394693
7.457932 5.770917
8.653847 4.321180
9.105455 2.201560
8.166188 1.364875
8.358702 2.130843
8.600749 4.864216
9.821688 4.686453
8.327423 5.491090
8.356579 -0.412599
7.767210 0.540102
8.578011 1.727547
4.906592 3.676427
6.665500 7.188822
9.318069 6.612413
7.688374 5.026822
9.410830 4.628751
9.352379 6.192353
8.899572 4.912570
8.872930 2.521667
9.109305 4.298993
7.780113 7.585263
9.240282 7.061097
9.838027 5.629540
8.438435 8.600245
10.484035 9.206755
12.290631 9.045889
16.876278 9.525258
15.822132 5.829276
15.842974 6.121118
18.452097 5.358119
15.829803 5.544459
15.533575 12.831136
14.056787 8.792409
8.702119 0.411076
6.277798 2.664670
9.659084 3.727066
9.081589 2.228312
9.770470 5.663879
8.248093 3.969517
7.282465 2.193699
8.503071 -0.279520
8.210291 0.891927
8.279580 1.760954
14.944991 8.568499
13.721231 3.522261
7.172294 4.292866
8.975626 3.931028
8.478753 2.782465
8.315639 3.569611
10.760575 3.668503
8.166079 2.067060
8.869231 4.755644
9.750458 4.393552
9.503509 4.477181
7.595812 7.057943
9.774430 9.261354
9.368928 3.809351
9.901734 3.778708
14.272200 3.607759
18.351452 0.142052
15.904303 1.929924
14.960596 7.472369
17.849236 7.718981
16.084328 8.605531
16.223856 10.986279
10.703798 8.942922
9.000828 9.630476
8.540432 7.004326
8.761265 6.098155
9.208825 4.650958
8.858769 3.205616
8.479497 2.287311
7.107970 6.914310
7.161042 1.477064
8.333279 1.937037
9.167027 8.587830
10.340540 9.012959
12.268995 11.918745
7.390644 9.202000
9.248818 7.938235
5.825355 4.540682
9.100647 4.647804
9.071676 5.082874
7.782387 2.030223
7.942227 3.165931
12.755847 3.518711
12.498896 3.512129
12.219352 3.716000
8.973494 4.034862
7.349422 4.556669
7.807405 2.927589
17.504673 4.138905
16.297548 4.837338
16.499083 2.812786
10.900537 3.665619
5.093489 -0.067258
5.089846 -4.053422
8.886816 -2.525388
8.080375 2.325671
8.088336 2.819320
9.327054 3.484992
11.085618 3.545507
8.325023 2.610802
9.500771 4.185788
7.089605 3.458448
5.916488 2.496612
9.033552 -0.430702
8.989646 1.831104
6.988514 0.077237
9.232229 7.038481
8.106959 1.414803
5.824134 3.163221
15.351042 2.324893
16.173923 5.304923
6.865080 5.625889
6.533089 3.663608
7.675527 3.250622
10.211184 3.679611
5.486923 3.417947
7.643658 1.343362
7.836388 0.697415
7.914343 -1.649130
8.026596 -0.651191
3.174314 -2.855301
5.772107 -4.242583
8.580195 -10.124491
8.119642 -8.168113
8.154760 -12.500938
10.935539 -15.473563
5.762697 -8.883918
5.326498 -5.296641
5.874089 -11.880677
5.532283 -10.434918
8.477036 -8.098405
8.040716 -7.887649
7.854017 -7.953574
7.580791 -9.628621
7.590405 -12.230677
8.814417 -9.492654
4.532746 -8.930425
4.860044 -6.495640
11.775352 -2.552156
9.735335 -2.540261
10.187533 -2.044307
9.591312 4.350203
8.257584 2.681708
8.387716 0.457749
8.330819 -0.333225
8.218126 -0.340233
7.891896 1.569860
8.028179 -1.846405
8.888727 0.231575
8.421839 1.844417
7.656652 -1.159890
7.863966 0.170703
8.351501 2.349482
8.683482 0.983398
9.028127 1.778360
8.866299 2.949911
8.258178 2.341316
10.584871 -1.751087
8.824196 1.496336
8.573519 -1.080305
8.901801 -12.651372
9.799807 -13.825857
13.304964 -16.776884
14.163994 -13.702949
14.190701 -7.193287
10.278898 -1.770883
11.412754 -6.394217
14.138000 -15.377541
7.483921 -12.069011
9.105543 -8.438106
6.076136 -7.935747
14.465566 -9.580588
15.643685 -12.878976
8.430212 -10.481256
9.219432 -12.564404
6.241560 -9.393495
7.231672 -8.220458
9.201250 -8.539893
3.643850 -9.600356
6.455781 -11.707391
4.503297 -4.899423
5.891671 -3.748283
4.058857 -3.479093
1.223484 -3.596870
1.304333 -5.259718
4.498394 -7.556407
5.791702 -3.359220
7.519924 -2.108960
10.153810 -1.845419
11.804833 -2.402466
11.127253 -2.064087
8.166435 2.855786
9.277522 6.056720
9.641653 6.580373
11.223755 3.670538
9.069490 6.490962
8.903774 3.155487
7.823262 2.867098
8.745642 6.940367
10.243689 11.856359
8.736865 8.140113
11.870214 3.711418
8.481474 1.376671
8.715233 0.458055
9.033747 -2.564968
9.017959 0.386501
8.750810 3.481772
8.185106 5.519695
7.609015 7.284237
6.782254 7.820936
7.212765 8.701670
16.026573 10.043411
17.643593 4.998992
16.514614 -0.996016
16.610088 2.033080
16.156168 -0.882190
11.442081 -4.209665
5.915290 2.866921
8.437585 -0.888196
8.525613 -1.198358
9.654772 -2.289036
7.798270 -2.295027
11.463424 -6.264262
11.210020 -7.455684
7.848682 -11.995507
8.332028 -10.902033
4.943534 -11.164633
8.273590 -12.435179
11.742416 -13.924788
12.596594 -13.042440
16.924295 -15.444758
11.265440 -13.091346
8.057826 -13.240058
6.059668 -14.402940
6.726060 -12.201697
9.377528 -10.774864
8.744434 -9.373996
7.507434 -8.900855
11.370537 -3.818702
11.332674 -3.160297
4.801227 -2.883298
9.025778 -2.647994
10.009798 -2.307588
8.366808 -1.198718
8.831936 -0.505970
8.959378 -2.316200
4.249645 -7.339147
5.481585 -8.008394
4.717272 -6.722619
5.963182 -8.737829
6.986486 -9.670169
10.681458 -15.725593
18.543346 -13.491533
10.746842 -2.397504
7.634853 -1.336454
9.031001 -1.672533
8.601116 -0.457719
8.241282 0.349195
7.782869 2.581988
8.960079 2.090560
8.277096 3.350991
8.099581 5.889574
6.847467 4.813960
7.438343 5.785424
5.692612 6.574944
9.142838 7.239684
12.035091 3.631270
16.204762 3.446241
14.529593 2.055714
14.948481 3.537583
15.323052 1.838933
15.462345 0.917596
15.690606 5.881799
15.701239 5.137156
16.523878 1.213654
16.061867 1.128287
15.765903 4.197289
18.492729 5.554966
19.640963 5.213148
15.374834 0.564053
16.216576 4.580214
17.014713 4.085654
19.239269 1.849805
16.771530 10.524123
16.316792 5.559028
15.623891 0.979502
17.257278 1.923405
18.188587 4.471858
14.686154 10.000747
15.498343 9.179633
7.768891 -1.669649
6.159386 -1.223821
8.100289 0.636841
8.087886 2.810475
8.211402 3.761425
8.026718 5.233653
7.506926 6.701867
5.894778 5.047286
8.006666 6.989291
9.301412 4.523173
10.262877 3.659485
11.710379 3.542202
9.483864 4.562432
9.684721 7.743488
8.943162 9.390166
8.876007 1.719962
10.749285 3.476409
8.513402 3.207220
8.639720 6.307874
7.283570 4.705101
8.825741 4.796416
11.108346 11.824431
16.042744 9.498830
13.275547 9.425482
9.750389 3.967846
9.362048 8.499208
9.617733 8.730170
9.727367 8.658333
9.463938 8.229334
11.897075 12.239960
10.983311 9.189146
10.333513 9.589400
7.548543 6.220349
8.750001 5.789375
9.544733 4.815333
7.738938 3.169720
5.874847 -0.470912
7.407661 -0.239944
8.258253 1.791771
8.904688 1.462533
9.007883 -0.153735
8.979684 0.116997
9.108307 -1.069278
8.413602 0.296163
7.605562 -2.666885
6.854959 -2.481813
5.783324 -3.262440
4.863218 -3.670735
5.832392 -7.965648
8.660069 -9.152802
8.700705 -9.980131
5.329600 -9.348186
5.356318 -6.350250
5.757321 -9.280774
7.796775 -9.908095
8.509281 -8.918284
7.747117 -10.472825
7.869409 -7.871387
2.734786 -8.476859
4.243121 -2.397280
5.853196 -3.094244
5.378396 -4.491231
4.809218 -3.722631
4.457889 -3.746719
6.796658 -2.353729
7.752982 -2.042794
7.624254 -1.050279
7.072230 -2.627007
6.373192 -2.615007
9.335052 -1.643939
8.053077 -2.326138
8.657855 -1.678159
11.928173 -1.688599
17.128452 -3.008817
15.982302 -9.882109
15.761778 -14.684320
7.691993 -12.976295
12.086629 -7.070134
14.808112 -0.700472
14.159475 0.120298
12.568584 3.536989
8.896774 1.090650
8.547935 1.784809
7.501485 2.655809
7.016793 1.099257
8.082340 2.681379
6.828323 1.519987
11.374008 3.749813
8.576319 -1.858805
4.212245 -1.221202
5.319509 -2.158476
5.710067 -7.582211
7.159239 -8.710332
3.273577 -10.578313
4.622757 -9.200419
2.162953 -8.188718
4.609054 -6.636200
5.469380 -6.590051
16.630438 -1.099753
16.672871 0.205811
16.339491 -1.300118
14.383877 -0.615009
14.643862 -0.528812
6.884157 -8.841558
7.069362 -11.236516
8.795317 -10.162441
4.505317 -11.506197
10.507405 -12.964036
11.841924 -4.586333
12.761271 -6.959445
9.136970 -9.416444
4.773639 -9.414746
4.259591 -6.936859
2.889443 -11.393388
8.646093 -8.094235
6.169416 -7.868660
6.894549 -9.117862
11.209565 -13.194655
13.131764 -17.441847
16.676155 -11.138760
17.260208 -5.432781
17.642879 -8.177322
17.394882 -9.469301
6.034305 -5.156905
6.085532 -3.086909
5.128340 -4.110941
5.523648 -6.476364
5.731091 -9.496162
8.811687 -8.920872
9.008930 -8.485755
5.775006 -10.280021
9.806635 -14.599021
11.718155 -7.079721
13.040192 -7.415802
17.067528 -6.799798
7.910898 -8.215277
6.150401 -12.534345
3.622061 -7.705407
11.430841 -4.785276
10.807951 -2.451874
7.598927 -9.964530
7.649746 -10.324479
6.834397 -11.727018
13.902397 -7.073246
8.079689 -7.918592
6.362878 -9.837149
8.706979 -9.524227
8.505816 -8.350277
8.984520 -11.066879
7.246700 -9.450177
16.019991 -11.067725
16.163300 -6.876363
11.854664 -7.653282
11.874274 -6.892259
8.035926 -11.203176
5.222792 -7.551810
3.750208 -8.611955
4.822795 -8.125432
7.747038 -8.691436
8.983309 -8.819345
8.209461 -8.291827
8.133451 -8.089352
6.244363 -8.367044
5.506096 -7.461120
3.435992 -4.805806
5.629166 -2.544935
8.533031 -2.080289
8.967491 -2.079688
7.836726 -2.557032
4.335964 -2.709737
3.705362 -5.519763
5.659247 -5.086694
2.561426 -8.294852
8.624086 -8.746760
8.759315 -10.019267
9.233507 -8.747497
6.575230 -12.030391
7.726948 -9.547217
9.076220 -11.299997
5.679509 -7.517479
3.957745 -10.124941
12.171595 -12.835504
8.998922 -15.279332
6.672307 -8.995067
9.160005 -11.607858
4.380970 -12.983825
5.685881 -11.550230
8.282219 -13.321851
3.345770 -8.731345
11.751909 -4.354075
11.311121 -2.236668
10.652613 -1.613131
6.493359 -1.853570
8.170692 -1.803865
11.282311 -2.842958
9.909761 -1.712184
8.163988 0.775844
7.493134 0.404135
6.739189 0.447013
8.404927 -1.438081
8.762064 0.616745
7.991129 2.509927
9.778275 6.114923
7.527383 4.410240
9.089258 1.912281
8.339036 1.244367
9.330822 5.913182
8.607414 4.126722
9.720839 6.196384
8.611267 3.199094
11.515244 3.561358
6.909244 1.555341
9.799040 8.625768
9.596676 7.663952
15.549817 3.974572
14.999680 2.021848
17.176979 3.437119
9.994598 3.512735
7.461613 3.299875
8.676023 -0.892828
7.915024 -1.795121
10.671919 -2.593427
8.245185 -1.032333
8.619444 0.583921
8.008339 0.363452
7.423722 -0.949940
6.474696 0.362455
7.855862 1.138136
7.311205 -0.380372
7.090300 0.564935
8.298109 -0.997814
8.869866 2.841492
7.673413 -0.271168
6.341469 0.908635
8.176672 -0.461336
8.770229 1.406515
8.919617 0.421338
6.846965 1.011797
5.246265 0.266443
6.132275 3.932945
5.801376 3.130647
7.760468 2.771093
8.432581 2.741132
8.656147 3.322895
7.967381 0.514715
8.386147 -1.773829
8.138313 0.444326
8.817974 0.653127
7.200187 2.050875
9.007422 4.919992
8.138041 7.698827
8.369923 9.761697
7.617135 8.233530
7.123682 5.855994
9.179998 6.632845
9.820982 4.675682
8.414911 2.621950
8.244872 2.998816
6.614544 6.094449
9.880944 3.597988
15.095848 4.297843
17.892063 5.028626
15.396648 4.118554
14.690599 2.798005
15.983171 4.323815
15.636288 12.085957
15.740051 7.760272
11.364298 11.666320
8.122543 3.267044
8.113934 5.266825
12.062431 3.729555
15.886889 4.539197
14.877116 1.138028
8.369726 0.068901
8.629828 -0.773359
7.840076 -1.942164
11.425440 -2.815549
8.604227 -0.970973
5.920278 0.259992
7.940496 2.234307
7.333686 3.842957
9.344640 3.633635
6.319613 1.894987
9.106386 0.353474
8.980062 2.299190
9.089240 2.937948
8.652629 0.646917
8.737492 -1.180503
8.093452 -2.307988
3.712077 0.037031
9.801659 3.935025
7.489471 3.401660
8.709574 2.039837
8.697099 4.556348
8.686343 4.862654
9.486640 4.229426
8.508905 3.996258
6.813528 2.723938
7.995875 3.461207
7.357390 2.500261
6.318581 -0.941859
7.629859 -0.561322
9.658987 -2.813498
9.330408 -1.933995
11.510855 -2.712512
9.842199 -2.216390
9.866278 -2.328475
8.809574 -1.935674
7.366310 -0.934743
8.619054 -1.383966
5.788146 3.656849
8.339343 4.714822
9.563748 6.576269
9.553164 5.283941
7.920864 2.376224
8.598372 2.480755
8.395920 2.096842
7.170603 2.857513
8.335483 2.773250
8.283076 6.183255
9.675858 5.730958
7.211904 6.930683
7.121501 7.279170
10.739624 3.697887
10.882708 3.588128
8.974271 3.435506
9.392901 3.623795
7.147085 3.651973
7.428558 2.041789
7.627584 3.089267
8.630610 4.379882
8.494809 3.914066
7.513310 2.909004
7.561152 1.356857
7.665742 1.873617
7.570789 2.854003
8.016866 5.121658
8.099698 3.441435
9.246147 3.752027
5.869471 3.302286
14.426144 0.414339
15.141511 4.380935
15.164726 -1.096491
15.050805 -1.358349
15.679932 5.364845
17.951124 -5.846746
19.166958 -10.780770
12.603983 3.729322
12.210427 3.479593
7.513013 3.706133
9.584928 6.411759
12.641365 3.748956
8.502542 5.227306
8.083543 4.732083
8.574407 1.722857
9.353516 6.093235
11.440992 3.684646
11.770060 3.786140
9.491781 3.447407
8.789863 5.077568
6.506987 2.165492
8.490851 2.245487
8.702447 1.212152
8.445770 4.242753
8.731024 1.403354
9.084191 -0.659768
6.604507 -0.834122
8.225248 1.572537
9.039745 -0.974324
3.670383 -4.061123
5.761927 -6.511859
5.595252 -6.267416
4.227987 -4.663566
4.928310 -3.321585
3.195657 -1.156962
7.104029 -2.611849
7.089588 -2.288811
9.694582 -2.365121
10.912550 -2.643332
13.093687 -7.347325
9.293267 -12.062850
8.648003 -11.696593
12.347633 -13.753655
6.017431 -9.741319
7.928048 -9.104216
8.836061 -1.734870
11.320324 -6.176889
5.857266 -6.367806
5.789551 -6.160793
5.276356 -11.599931
5.026381 -9.421191
9.073111 -8.014804
14.670963 -11.471182
11.909090 -7.056027
6.116678 -11.225612
8.188414 -10.155903
9.128765 -8.333831
9.316497 -10.426944
6.810502 -9.450738
7.223421 -9.785527
7.961577 -9.221273
8.132661 -10.421260
5.425222 -7.705223
6.043309 -2.920736
4.546548 -9.250131
3.640191 -7.581361
6.948562 -7.906301
9.377773 -10.176774
4.731997 -5.893325
11.162795 -7.712626
5.807289 -8.054023
7.973373 -11.654953
6.174034 -9.839784
9.078995 -1.539590
8.234193 -2.041025
11.367826 -2.548054
8.296879 -9.478215
6.746153 -11.622401
9.099899 -9.302335
5.403761 -10.112170
9.302786 -15.148309
9.278820 -10.102542
8.786419 -9.755952
8.649374 -9.257663
8.668497 -7.895024
6.557420 -8.490488
7.104846 -7.876798
6.354845 -9.128432
3.991351 -5.901560
5.655478 -8.764980
4.035876 -8.682443
8.414674 -9.194758
8.239418 -7.950087
8.266810 -9.583509
6.730469 -8.952515
4.267646 -9.976650
8.287493 -11.410729
15.022520 -9.446983
9.732186 -2.146792
9.703978 -1.734690
8.232908 3.551709
5.473228 2.528854
6.308760 -0.298287
8.045791 5.669843
6.737943 3.944655
9.496563 6.605162
8.350426 7.028853
6.187927 5.585796
9.273529 4.571938
8.766066 2.510102
7.412801 1.022009
8.436985 2.923357
8.569121 2.254986
14.864536 3.130543
15.995493 3.027403
16.280998 6.031917
11.040356 3.456646
9.642035 4.679472
8.507584 3.439829
14.229956 3.172371
7.572268 6.179309
8.579706 7.087642
8.452253 5.513715
9.661123 6.083350
6.447057 1.774784
8.934340 5.261123
9.425053 3.524582
7.123615 3.583529
11.098126 3.467430
9.962290 3.543339
7.518288 3.593016
7.972356 1.968741
7.716972 3.300241
8.122352 1.603969
5.584457 -0.570237
8.514778 -0.539928
6.910878 0.619317
7.140706 -2.378677
6.811079 -2.775257
6.793262 -2.390056
2.861360 -6.459599
5.504808 -5.943770
5.145464 -5.157973
4.045599 -7.233760
5.350298 -5.418369
3.749656 -8.422883
6.000966 -5.659476
7.871747 -10.443234
7.639939 -7.930789
8.318966 -7.952399
8.114803 -7.897063
7.441626 -9.459596
8.121790 -0.457890
5.888805 -2.218149
10.028202 -1.901688
6.940827 -2.532191
5.117764 -6.977692
4.357227 -8.480739
5.779292 -6.921477
5.004635 -5.320158
2.220167 -5.834448
4.164688 -11.078567
5.703409 -2.950610
5.665291 -6.709984
6.550071 -11.282041
9.235312 -9.664334
7.575517 -7.869605
8.602844 -9.888298
8.946240 -8.729445
9.110605 -11.022245
8.367966 -8.646306
8.386486 -11.989214
14.367110 -14.695913
13.758522 -13.252042
11.878458 -14.234226
4.774440 -11.845387
9.015244 -11.197205
8.024692 -9.458076
7.560590 -8.811765
1.782956 -7.231156
4.025529 -4.555567
4.904662 -4.761474
8.421092 -8.803756
7.558762 -9.160208
8.712228 -8.209439
5.034717 -9.070918
8.689005 -11.760056
18.103790 -10.591388
18.551167 -10.215996
16.377171 1.450366
16.759037 -1.471763
15.397368 0.917105
14.567751 -1.343243
8.548821 -2.463552
8.392278 -1.888577
8.480482 -0.494681
8.874268 -1.722729
11.697662 -1.665354
10.920973 -2.727707
9.094618 -1.994156
7.100415 1.821590
8.080982 0.855204
8.456761 -0.157687
7.605004 -1.032710
8.055758 1.748668
6.205388 -2.077294
6.148278 -0.161067
6.028945 2.699306
5.533716 2.878273
8.402781 3.716620
7.269423 3.317819
8.823658 2.784745
8.917458 4.806148
8.572924 7.024884
8.886946 5.970719
9.106169 1.982247
7.816522 -0.398474
8.472798 0.257516
8.847820 -0.090778
7.614135 -0.931164
6.834795 0.090144
7.566746 1.564120
9.164429 3.549661
8.056723 4.150235
15.812836 3.996304
8.016768 8.645755
9.528916 7.483248
8.799297 8.287646
8.561333 7.551759
9.627424 6.818740
10.413889 10.536812
8.516078 5.432183
8.840033 5.166017
7.582500 3.348310
15.727201 0.134145
16.530359 1.082603
18.115837 0.025558
