8.041105 -6.793581
8.718649 -7.282731
5.969364 -7.875046
3.478033 -5.916969
3.713439 -7.879787
8.257863 -7.970262
7.859954 -8.371779
3.990952 -3.953767
5.887374 -5.124500
6.843817 -6.679430
4.204249 -7.821292
2.682014 -4.886347
7.229366 -7.408319
10.204089 -10.978580
7.984437 -8.655665
6.474246 -7.466303
5.145401 -5.058719
6.216753 -7.812728
4.010335 -5.351002
1.650739 -9.060289
1.280798 -9.137996
-0.293319 -5.582436
5.127073 -7.709492
4.442667 -7.859334
5.168989 -7.961376
8.595185 -7.620502
10.083259 -12.283354
8.553877 -12.024204
11.227865 -11.411270
2.125114 -9.526814
1.628413 -9.202982
4.483197 -7.223799
10.583811 -7.824849
7.937878 -10.885730
1.578701 -12.967832
2.896700 -14.172043
2.138952 -12.884320
2.608422 -9.955939
0.651742 -15.032912
-2.296978 -14.426999
0.565023 -9.283175
0.843497 -5.699906
4.636202 -7.405139
7.929666 -7.031345
3.970840 -7.733284
6.073320 -5.592550
5.618098 -6.088483
2.989069 -8.176641
2.825600 -5.017581
2.053654 -12.403973
0.228783 -8.433875
2.656543 -9.344222
2.589282 -8.684869
2.218567 -9.570446
4.030532 -3.763123
5.987408 -7.842166
4.397770 -5.848739
4.927451 -8.181363
4.352371 -5.512160
6.391191 -6.039388
6.360994 -5.514867
6.172061 -6.423214
8.287547 -8.642159
9.608255 -9.537244
8.243294 -8.215840
7.829999 -6.980361
5.993587 -7.160116
3.440972 -3.616980
5.513881 -1.703319
5.980894 -6.047997
5.267376 -4.545002
5.604040 -6.335505
4.227954 -2.889166
5.114859 -1.467922
8.413699 -1.357487
8.975374 0.129658
8.236354 -0.915270
10.129364 0.444225
10.463194 0.422955
6.413997 -0.683916
3.751814 -3.984750
4.637419 -2.503682
5.515258 -8.145712
7.333455 -7.121492
7.150894 -7.900593
5.644264 -7.890471
4.674391 0.564969
5.733924 -0.875408
5.029699 -2.078594
5.417535 -3.225850
3.547604 -1.585527
6.290104 0.500982
7.524725 -1.626501
9.208902 0.402351
9.942493 -0.717201
6.675913 -7.009469
5.862371 -8.023531
5.715167 -4.035464
5.343170 -13.971330
3.916145 -19.114454
9.079183 -9.502325
9.672558 -9.594260
10.005241 -9.020480
9.710073 -8.377754
9.794825 -7.676325
12.091022 -6.807106
13.062967 -3.441828
11.758259 -4.995674
14.192942 -3.894293
16.127956 -1.565737
8.694982 -0.664627
10.100269 0.195070
9.572498 1.074906
6.533051 -0.815328
3.988523 -1.323451
6.038070 -5.770858
1.721261 -7.954821
6.222803 -7.140420
8.400860 -7.912897
9.859447 -10.650584
9.554873 -9.186454
8.146767 -9.267477
13.320807 -8.558915
12.155213 -6.639607
11.396858 -9.655222
11.491087 -5.841850
11.536469 -6.649475
8.010704 -7.723488
4.946107 -5.825773
5.907964 -1.573264
4.404708 -2.084312
4.975386 -3.795868
6.034652 -4.968529
5.951494 -5.606479
3.790020 -6.496219
3.956167 -5.102675
6.353457 -6.213078
6.275202 -5.078793
6.088326 -6.554440
1.590076 -7.146409
2.708259 -8.471745
2.464551 -2.348700
5.462501 -5.309501
4.343427 -5.816254
2.075970 -4.352943
-0.816641 -1.909234
-1.269649 -1.586948
-4.337002 -1.170166
-4.443144 -0.880087
-3.861714 -2.720075
-2.706415 -1.601646
-2.797528 -2.852405
-3.012225 -3.462874
-6.706140 -6.625748
-5.168971 -5.316579
-6.080838 -5.605379
-6.849076 -6.173927
-5.679500 -4.335524
-5.752829 -4.950578
-5.404930 -6.575429
-3.383510 -3.784341
-3.383348 -5.454053
-4.006027 -1.640328
-4.561691 -1.720609
-4.592428 -0.473115
-1.879719 -0.932765
-2.778481 -0.120627
-1.282306 4.818046
-1.280051 1.918507
-1.949447 0.789865
-5.458852 1.260993
-5.292330 1.220683
-4.058002 6.696564
-4.300085 8.234110
-5.331697 8.814039
-4.958043 8.029805
-5.166023 7.433149
-6.039533 7.626159
-6.484045 7.363863
-6.678617 7.391391
-7.278117 7.539644
-7.750267 7.329672
-7.922227 6.890066
-3.723691 6.586429
-4.991922 6.585686
-4.589303 6.992268
-5.304793 6.490345
-6.030826 7.732725
-5.058439 7.710616
-7.296717 8.015841
-6.008374 7.804138
-6.841494 8.771028
-7.617787 7.256770
-7.777700 5.929946
-7.849751 1.500179
-8.116905 2.818758
-10.254913 11.681302
-8.161270 8.626210
-14.169279 9.150344
-12.884955 9.507507
-11.434958 9.219849
-13.084622 8.644210
-8.993014 8.519558
-7.414715 8.546602
-6.183782 9.032578
-4.771705 6.948160
-5.393861 7.965014
-6.566438 6.996117
-5.885418 8.341182
-4.984086 7.679356
-4.221368 7.243196
-3.717652 8.873946
-4.743088 7.745111
-6.748460 8.066487
-6.943858 7.253262
-7.926671 5.585424
-7.597886 3.999662
-8.003445 9.149006
-5.791774 8.963159
-6.305665 7.971211
-7.548258 7.296685
-6.761955 6.890763
-3.928076 7.162972
-2.847754 8.593712
-4.225920 7.285719
-4.740100 9.031213
-3.491825 9.937030
-1.904421 8.328237
-2.478799 5.383309
-2.038651 5.038282
0.315463 1.829072
-2.555232 0.725725
-1.987829 1.091818
-3.820837 0.103230
-3.756413 -1.458641
-3.928277 -2.636525
-3.127751 -2.332023
-1.844573 -1.472647
-3.733561 -0.521737
-3.276842 -5.769665
-5.552689 -4.194468
-2.936132 -4.095259
-8.229873 -8.432447
-11.001837 -11.716792
-7.465700 -9.297339
-7.466271 -8.112834
-7.180418 -7.399756
-7.312216 -9.839480
-8.023987 -10.717536
-10.368565 -8.727554
-12.088579 -8.961845
-9.624319 -9.203256
-10.245665 -8.785185
-7.806634 -9.735179
-7.481312 -7.413151
-5.852999 -9.539329
-10.849561 -9.015157
-12.626522 -13.027946
-14.991146 -5.240043
-14.340401 -8.935396
-7.132544 -8.036698
-10.199678 -8.360038
-9.872040 -8.361770
-9.426542 -8.305398
-8.283244 -10.155181
-14.501507 -9.887474
-13.975746 -7.447097
-12.524199 -2.685228
-11.446107 1.403680
-10.090765 -0.222903
-10.886622 1.035167
-9.715058 -1.504782
-10.046690 0.319331
-10.088770 0.817470
-11.613171 -1.859664
-10.507985 -0.424520
-11.263051 -1.071982
-9.453610 2.334057
-10.741364 -0.399050
-10.195136 -1.258399
-13.991777 -2.626114
-10.620721 2.529469
-9.492632 1.533595
-9.216156 3.080288
-12.810005 1.403585
-16.131186 10.775612
