-0.043507 5.031451
-1.292304 4.327303
0.333242 4.686573
-4.614570 9.475199
-7.453088 9.769385
-6.739676 7.336932
-7.054070 6.314137
-4.397520 7.131844
-6.471264 8.006424
-7.288238 6.497447
-6.747156 7.870902
-6.926867 6.867374
-6.897781 7.477283
-4.955235 7.038921
-5.357594 6.596857
-4.022260 6.569542
-3.812639 7.379541
-2.662343 7.865946
-5.371190 6.331160
-6.453619 8.232684
-7.771394 6.116717
-7.940084 5.247100
-7.632513 5.544827
-7.699155 8.507471
-10.303866 10.614907
-9.016370 10.182042
-13.329390 10.673335
-9.639237 9.012275
-8.419703 10.098929
-6.718880 7.248863
-6.383210 7.470068
-7.487829 6.914520
-7.876876 6.322554
-6.350943 6.969042
-7.852884 6.322365
-7.139188 7.388743
-7.858777 6.275919
-7.516269 7.607712
-7.009235 8.402528
-8.702582 9.161035
-7.229189 11.586970
-9.271389 8.853207
-6.075235 9.506920
-6.484703 7.127268
-3.421416 7.650615
-5.366327 7.718278
-15.881945 11.411755
-16.806862 8.740546
-16.557726 3.747348
-11.364149 3.328982
-8.452599 2.449569
-7.619338 2.820148
-7.978539 1.537415
-7.511122 3.053834
-7.569180 6.178213
-6.293569 8.568845
-4.968565 7.097059
-5.720975 7.292794
-5.792325 6.375422
-3.981593 6.367927
-1.629408 6.397391
-1.511443 4.514063
-3.052309 7.496618
-3.995422 7.076077
-4.617286 7.061825
-7.861484 6.791885
-6.836964 7.504494
-6.092298 7.047635
-5.904639 8.694437
-8.717978 1.890772
-9.930313 3.040703
-8.028764 2.712365
-9.499661 2.469889
-11.407568 0.872603
-14.573625 1.448922
