-18.576468 -10.883365
-14.864170 -0.930531
-10.716098 0.419702
-10.295044 2.165756
-7.737051 1.538902
-8.578341 1.627524
-7.731414 3.792269
-7.638887 8.177108
-5.721468 7.964851
-6.185129 7.482652
-5.526236 6.854269
-4.977473 6.489078
-7.149311 7.534756
-8.559179 9.244717
-12.715271 11.258253
-13.393848 5.057755
-9.498890 8.983548
-8.440635 10.806708
-5.858465 7.565248
-8.706564 11.264792
-7.753366 9.457952
-7.746411 6.453788
-7.485744 5.276970
-11.931618 8.673904
-11.145620 9.415829
-13.965907 8.112990
-7.502738 3.620176
-6.638037 7.403682
-4.619902 8.192151
-8.084963 3.101032
-7.713083 3.259041
-7.139220 6.310971
-6.403758 6.433967
-5.686547 7.097867
-5.004567 7.821754
-4.375846 7.618585
-3.454560 8.775054
-7.157707 7.857037
-6.285653 7.323480
-4.377647 8.642437
-5.663614 10.962246
-8.726400 11.555549
-8.141551 9.510929
-6.871898 6.925314
-6.468440 7.412426
-8.903876 9.214030
-9.405814 8.515109
-15.281740 9.394460
-10.603081 9.561942
-5.679399 8.657252
-7.572835 8.720344
-6.839690 7.439398
-7.736708 8.078090
-11.420643 9.609910
-10.180678 9.835544
-11.592173 11.561633
-9.498969 9.926948
-12.740660 9.104109
-13.156918 7.933105
-6.399122 7.674077
-7.206171 6.819824
-6.124657 7.902756
-6.867226 9.856786
-6.753309 7.713490
-7.552909 8.018426
-7.429341 7.671119
-4.892017 7.873176
-3.523191 6.632869
-7.143781 7.198286
-7.467406 6.829056
-7.720042 6.672196
-6.084136 10.714813
-9.376108 9.310397
-10.208157 8.756496
-5.710837 8.896165
-7.409449 8.804566
-4.275699 6.653126
-5.661773 9.760756
-4.703125 7.899769
-5.491630 8.120197
-6.084845 7.380595
-7.566145 6.909173
-5.057033 6.457032
-5.845435 12.120440
-7.653917 6.862958
-7.484740 5.426167
-9.951834 9.457646
-11.580540 10.010228
-8.078816 9.309845
-8.738854 8.828110
-9.345805 8.549370
-13.125116 8.545911
-11.615562 9.124543
-13.523861 8.488875
-7.757185 6.718241
-7.502283 7.632304
-6.593189 8.760707
-8.359190 8.620694
-9.371203 8.530400
-6.873597 6.328445
-6.732081 7.427804
-5.979992 7.561776
-10.011494 9.361821
-8.277172 9.454210
-7.581119 5.650207
-8.232599 3.304706
-12.448771 2.992571
-14.645760 5.040952
-7.137890 8.476659
-11.785458 10.258733
-7.291973 8.220830
-2.238720 6.672680
-2.322875 5.169209
-2.019282 1.976147
-1.966293 6.016078
-4.274260 7.687257
-4.565052 6.843485
-7.290820 6.520996
-6.947924 6.666538
-7.937943 5.005022
-7.612090 9.023655
-5.221909 6.630787
-7.360682 6.645516
-6.921997 6.713290
-7.856989 6.524979
-6.356012 6.991751
-9.347340 2.782933
-8.239882 2.656471
-6.420273 1.170854
-3.475448 -1.939417
-3.938338 -2.407977
-2.072475 0.275986
-1.975739 0.756689
-2.495318 -0.214659
-8.713081 1.595301
-8.611980 2.418820
-6.713248 8.080934
-5.566097 10.474917
-8.428273 10.132499
-12.181601 9.634305
-6.264983 8.124317
-4.294700 7.867762
-4.980102 8.371732
-7.723928 5.108593
-6.434216 7.358217
-7.938462 6.860241
-1.150503 5.746775
-2.120905 5.119577
-6.275734 7.004180
-11.438368 8.643151
-10.406219 10.231813
-8.897479 8.508280
-8.506975 9.492553
-8.677509 11.939466
-11.013739 8.786186
-14.798302 12.366153
-16.458117 13.373660
-8.754392 3.486385
-8.729351 3.071569
-0.992585 4.165864
-1.183205 3.203379
-1.674214 4.416318
-3.613379 6.483612
-5.598624 8.837079
-3.935435 8.598023
-1.356014 8.989095
-5.143606 6.739648
-6.060744 7.524041
-7.899215 6.132267
-5.777394 7.285616
-7.414530 6.870910
-5.835963 8.467420
-9.755963 10.120862
-7.367752 9.025084
-6.870974 6.718466
-7.865902 6.707944
-7.595059 4.154346
-7.408693 9.082325
-7.002486 6.551598
-6.886276 7.408943
-5.254910 6.995076
-4.275928 8.361025
-3.159613 6.742486
-4.306048 7.845856
-3.775043 7.659406
-5.059521 8.499917
-6.504542 6.510305
-4.627499 7.430902
-4.103185 6.623026
-3.306941 7.128720
-3.876633 6.445016
-3.509096 6.863076
-3.013663 6.633844
-0.575229 3.721139
-2.099457 4.005941
-1.709807 5.229795
-1.658130 8.555643
-2.438769 5.569016
-4.586216 8.595683
-4.528768 7.361667
-2.988584 9.985168
-4.931815 6.779302
-4.499833 6.590703
-1.073873 6.122836
-1.082589 6.646890
-0.032125 5.299047
-1.685291 3.404421
-1.725283 5.924911
-0.421887 3.861831
-1.906430 3.959994
-2.378385 3.904092
-1.891809 3.886148
-5.250656 7.025963
-7.526251 8.676000
-5.910559 9.491937
-3.376371 1.287485
-4.253991 0.190705
-4.487326 1.067411
-3.987644 0.301083
-4.009154 0.391124
-3.678654 0.010135
-4.078091 -0.171634
-0.269044 -0.171231
-1.835513 3.051139
-1.417274 4.194491
-0.661221 5.915855
-4.331285 7.908283
-4.743479 6.644750
-0.637209 9.727535
-3.409790 11.923642
0.445697 18.781128
