-4.190691 -2.424199
-3.613119 -0.633066
-1.920416 -0.254241
-0.547997 -1.467536
-3.240559 -0.225623
-3.626870 -4.034233
-5.509698 -4.238295
-5.918835 -4.274688
-4.706523 -4.394864
-4.311358 -3.372366
-4.379541 -1.275814
-2.531005 -1.362841
-3.679987 -2.224035
-4.003460 -0.628415
-3.952042 -0.137454
-4.303099 -0.396583
-1.867974 0.603219
-1.435928 1.735831
0.381440 3.047815
-0.149964 7.837960
-6.119755 6.936493
-4.796147 8.024311
-4.938974 7.085656
-6.811460 8.657290
-4.682383 6.911215
-5.195197 6.945372
-6.964853 7.279964
-6.591480 7.922742
-6.327308 8.348098
-5.201763 7.048496
-5.844011 6.554990
-4.114527 8.865942
-1.692325 8.445511
-3.007984 8.147414
-1.819921 6.961341
-2.303887 4.747653
-2.019065 1.099908
-2.082025 0.293869
-4.467934 0.971959
-3.348000 -0.401304
-4.126229 1.014477
-4.110005 0.804080
-4.469955 0.699121
-3.432347 0.274872
-4.100852 -0.301418
-5.585061 10.611880
-4.825297 6.634562
-7.616287 2.499677
-7.571491 4.234169
-7.750062 4.109301
-6.435322 1.247357
-7.148984 1.128195
-12.002092 2.986186
-10.124415 2.298494
-9.402352 2.328529
-8.631399 3.035983
-9.982088 2.337563
-10.584738 2.295359
-6.943865 1.113260
-8.372671 1.437958
-9.374837 1.272521
-12.548723 -0.640914
-9.695797 -1.479434
-10.226936 -1.032681
-11.612266 -1.752269
-7.114748 -5.694611
-5.548407 -4.881464
-5.009659 -4.019965
-7.096069 -5.396491
-6.769653 -8.185442
-10.968345 -8.818074
-9.251369 -9.862033
-12.421230 -8.963365
-15.166804 -8.135420
-12.674965 -9.846799
-7.114829 -6.948211
-7.524406 -4.091010
-7.179517 -6.117762
-7.876802 -7.930403
-7.271087 -5.737679
-6.159477 -4.039291
-5.907767 -5.196863
-4.376398 -5.387931
-2.724764 -2.330560
-3.728086 -1.714217
-2.809574 -1.657818
-0.153332 -1.248970
-2.280927 -1.582613
-1.862941 0.170192
-1.794200 0.582085
-3.142998 -0.663040
-3.391987 0.492018
-1.044264 -0.511362
-2.433035 1.171249
-2.002664 0.611673
-1.716501 1.202891
-1.614621 0.656683
-3.655221 1.164487
-2.845513 0.279630
-3.928508 -0.428715
-4.554177 -1.733058
-4.545450 -3.787061
-5.143896 -5.995842
-6.522695 -4.100656
-6.074122 -4.366395
-5.672280 -4.710197
-6.994812 -7.184796
-5.041433 -6.012999
-5.152348 -4.366930
-5.341695 -6.354079
-6.074938 -4.401885
-6.194814 -4.627680
-6.642955 -6.275287
-4.173216 -6.134832
-3.747916 -2.558450
-3.989873 -0.507611
-4.127140 -1.152701
-3.060263 -2.578940
-3.133126 0.041987
-4.161101 -0.458431
-4.496049 0.433352
-3.055317 1.162109
-1.080333 0.661944
-0.484891 3.354707
-1.999871 1.857995
-1.048858 3.910439
-0.129649 2.708946
-0.929031 4.114896
-2.766262 7.021805
-3.231838 6.352446
-4.324569 6.573519
-4.246701 7.600251
-6.959956 7.368163
-6.017138 11.162869
-5.598573 9.775455
-7.279389 8.429700
-8.286089 1.190712
-8.120491 1.119487
-6.645177 1.137323
-6.683422 1.163750
-7.465578 6.516815
-6.072124 7.390448
-7.738628 5.699894
-7.634985 5.172705
-7.761405 8.071887
-4.433086 9.097932
-5.775329 8.555223
-6.016401 9.150143
-5.947382 7.662914
-7.324916 6.872207
-5.505551 7.105559
-6.997689 6.557351
-6.862568 7.521765
-7.946349 6.440521
-7.858832 3.266860
-7.911951 2.097659
-8.208944 1.275972
-7.971113 2.463620
-7.532991 2.403365
-9.070300 1.164876
-8.455074 3.438770
-7.412645 1.117755
-8.042851 2.189548
-8.152265 1.237156
-9.799238 3.146463
-8.687729 1.142590
-12.503130 3.197964
-8.923198 1.875170
-13.868175 3.533570
-13.193833 4.149398
-5.337637 7.214795
-3.896858 8.111796
-5.100231 7.174762
-4.653477 8.076673
-2.704900 7.466656
-6.148788 8.862798
-7.179774 8.106814
-7.229394 6.813398
-7.399820 8.720582
-13.086503 8.996647
-8.755677 10.046487
-7.401794 6.597608
-6.565976 9.655247
-6.549421 10.422284
-7.226795 9.073560
-9.583155 8.822517
-10.754223 3.077792
-9.595793 2.618545
-9.756581 2.109571
-8.486012 3.150156
-6.191948 1.256436
-9.775854 2.960662
-7.594732 3.361541
-4.604005 7.535351
-3.393300 6.845399
-6.162065 6.660292
-6.253850 6.796314
-7.810662 6.347149
-5.863643 7.969535
-5.197580 6.416333
-7.193368 6.473149
-5.110826 6.812392
-4.847903 8.569615
-4.004889 8.527390
-6.939509 8.361121
-5.629490 8.262379
-3.907506 6.794392
-2.591620 6.754157
-1.433864 3.615035
-2.783311 -0.301722
-4.183072 -2.163592
-3.045856 -4.954041
-6.791718 -6.792905
-7.377364 -5.910597
-6.487934 -5.352633
-7.348966 -5.742751
-7.882907 -6.764951
-7.849660 -5.932786
-6.087858 -5.574467
-6.371576 -5.040205
-6.663410 -6.199429
-7.127377 -6.159592
-2.992980 -2.659263
-3.816704 -2.294816
-3.105661 -1.334182
-3.008735 0.218155
-3.135733 -1.104115
-2.330281 -2.410765
-2.717235 -3.861616
-3.881178 -4.278894
-4.495106 -3.484465
-4.138779 -2.554326
-2.149605 -3.455741
-5.400640 -4.486731
-4.584758 -3.941552
-6.117422 -6.469584
-5.636077 -6.069670
-5.654607 -8.613926
-4.043265 -2.521195
-4.778640 -7.884271
-3.469604 -5.086106
-5.227598 -6.298340
-5.140850 -4.683392
-5.175323 -4.427841
-6.210081 -5.024110
-9.672136 -8.463046
-11.476852 -8.625546
-9.725603 -2.005863
-10.306564 -2.435767
-9.846149 -2.999660
-11.283183 -8.285894
-14.324454 -9.125235
-11.643650 -9.452960
-12.011292 -9.481341
-13.726609 -10.429369
-13.877549 -6.046924
-13.569521 -3.897705
-13.109126 -6.968155
-15.160787 -4.673510
-13.457413 -5.634420
-15.449228 -4.995819
-17.735119 -0.223773
-9.993252 -2.512322
-10.012445 -0.155614
-10.065347 -0.287144
-12.767202 0.238982
-10.710982 -1.383824
-9.928745 1.586253
-9.372948 3.054974
-8.408058 1.801036
-11.567434 3.169606
-8.536981 1.232653
-9.413460 3.495499
-7.745582 3.047880
-8.968377 1.296890
-7.728623 1.777742
-5.634915 7.274793
-5.032243 7.184226
-5.715117 8.760221
-5.421067 7.256545
-6.973379 7.604121
-7.842187 7.956971
-3.222569 7.206546
-4.208790 6.824475
-2.333189 6.768562
-4.708300 7.025859
-7.601586 3.150794
-3.954718 6.823982
-1.966111 5.858087
-2.986813 7.799326
-7.524763 8.412971
-6.553988 1.177690
-8.327612 1.325119
-11.170550 -2.926616
-10.367029 -1.345644
-7.665307 -4.616987
-5.799252 -7.919506
-6.956474 -3.949665
-6.909199 -5.055177
-10.533394 -8.630302
-6.759781 -7.386165
-6.690685 -6.928020
-9.891760 -9.152265
-10.635084 -9.422762
-6.916383 -7.185955
-7.362041 -4.417116
-11.056421 -2.489111
-7.537228 -7.164344
-4.597054 -4.659116
-5.024487 -4.189329
-4.826249 -4.264522
-3.512256 -1.793246
-4.521791 0.805641
-4.432023 -1.406224
-4.171208 -2.640402
-2.720009 -1.877200
-3.005613 -2.411517
-4.530319 -1.186020
-4.497117 -0.725368
-4.154356 1.228029
-4.554189 0.272777
-4.345168 -1.676031
-4.414560 -2.349900
-9.765069 -0.116891
-11.329819 0.382979
-8.890794 2.766470
-9.297441 2.893753
-9.110175 1.794589
-8.159332 1.255530
-10.357612 -2.542951
-10.061445 -2.346470
-10.164106 -2.721848
-14.383371 -0.897932
-13.314751 0.045137
-10.861981 0.418211
-9.827939 -1.255660
-6.956254 -4.766922
-5.499628 -6.545838
-7.717207 -6.215908
-6.397017 -5.245285
-3.799024 -5.244917
-3.086835 -6.360195
-3.896334 -4.999663
-4.965841 -6.511657
-6.958908 -7.147039
-7.572456 -4.145793
-7.637608 -7.733455
-9.570556 -8.080474
-14.410923 -4.827288
-8.458038 -9.297292
-5.775500 -10.224816
-9.897353 -2.833465
-10.733479 -2.744376
-10.028204 -2.601013
-15.915680 -1.474886
-13.956823 -3.868147
-10.838589 0.981508
-12.569359 2.468305
-15.095268 6.511604
-13.875678 -0.381147
-5.291260 7.631211
-5.005094 7.498224
-1.805503 6.252322
-5.784885 7.859776
-5.130647 6.880918
-13.993834 7.872417
-7.476219 8.899447
-6.797994 7.837028
-9.707438 0.763916
-10.014676 1.097873
-10.994548 -1.902766
-6.368435 -5.161689
-6.538260 -5.549167
-4.967014 -5.274439
-12.183535 -9.441017
-7.839367 -5.296286
-6.881265 -6.314018
-5.108303 -7.498421
-4.948245 -8.615044
-7.456232 -8.293391
-6.874839 -7.785915
-7.428071 -7.203368
-6.499924 -7.775866
-6.162473 -5.898386
-6.408286 -5.534637
-6.437862 -6.574706
-6.756207 -6.604966
-10.445847 -2.139666
-11.109998 -2.455324
-10.835470 -1.698115
-11.715265 2.534309
-8.878270 1.830990
-8.486998 2.487070
-8.005897 8.722446
-11.040430 9.962701
-9.615452 10.118320
-5.391616 9.392533
-6.310031 7.450095
-7.284956 8.903815
-6.143412 8.628982
-7.852147 5.315699
-9.303855 1.650006
-10.004754 -8.667935
-8.658665 -8.158910
-12.912591 -6.670222
-12.046597 -9.897237
-8.027224 -8.920287
-6.106078 -8.109469
-9.540493 -9.809216
-13.285701 -8.470432
-13.298066 -7.144029
-12.133822 -10.749168
-12.736275 -9.805581
-3.812025 -10.346036
-2.865395 -2.530910
-7.015497 -4.276490
-6.303035 -4.992074
-5.608277 -5.971229
-4.660772 -7.669862
-4.470767 -2.151979
-3.118232 -3.186628
-5.213241 -4.436011
-5.705626 -4.870252
-4.961021 -4.417386
-5.598193 -4.095231
-7.352971 -4.571007
-5.509712 -4.789422
-5.232832 -3.928041
-6.299601 -5.166702
-7.068856 -5.005603
-6.939929 -5.579522
-5.779140 -4.389754
-6.831551 -5.081423
-5.814334 -4.548340
-7.075344 -6.751095
-3.811626 -4.709787
-6.221810 -5.018036
-6.581931 -5.544834
-6.510717 -9.052695
-8.640698 -8.036502
-6.435996 -8.998257
-7.228487 -8.351491
-5.057359 -4.365257
-3.421217 -4.287023
-4.567975 -4.281885
-3.928733 0.831886
-2.360666 0.665208
-3.012711 1.004050
-3.676147 -0.711399
-1.509483 2.233315
-2.379278 2.604805
-0.454096 6.053093
-2.149922 7.660758
-2.680020 6.419705
-3.767550 7.367841
-5.905547 6.639046
-6.884977 7.819509
-7.358320 9.280693
-7.807057 4.876891
-7.620324 9.054444
-9.376904 10.189213
-9.688202 8.539992
-4.759254 7.598536
-7.371114 7.521377
-7.482338 5.773918
-7.488695 6.872298
-7.929014 5.738657
-8.464335 2.706844
-10.833554 0.588456
-10.703060 2.364884
-8.915908 1.692869
-7.687796 3.902143
-8.143052 2.635572
-7.482593 2.497376
-8.599609 1.702112
-8.173154 2.388907
-12.391268 0.447217
-11.790475 0.384468
-13.824528 -4.243653
-13.311131 -2.692693
-13.238848 -6.420397
-15.334163 -6.262851
-14.561853 -5.516547
-15.245478 -5.836102
-14.026230 2.557114
-10.096137 -1.052510
-12.121031 -8.878177
-16.372232 -4.186236
-12.702009 -8.674900
-11.347672 -8.412066
-11.311375 -8.094731
-8.816583 -8.891385
-10.457666 -12.170298
-7.997040 -9.740157
-6.921986 -4.883432
-6.934797 -5.652005
-6.185013 -5.526938
-6.629069 -4.114866
-5.069270 -5.368592
-7.210972 -6.464505
-6.316905 -7.383605
-6.666268 -8.168806
-6.720693 -6.968247
-6.382038 -8.029111
-8.698198 -8.070206
-11.263617 -9.560175
-11.077368 -8.259643
-10.302925 -9.692866
-9.572470 -8.031543
-11.574423 -8.841801
-6.622930 -8.745767
-6.566632 -8.977847
-7.796350 -5.220359
-6.749931 -5.645126
-5.457993 -5.719828
-2.702455 -1.268648
-2.761118 -3.455376
-6.760925 -4.862156
-6.180252 -4.902262
-7.286821 -6.987559
-7.925824 -11.362889
-11.326950 -8.043735
-18.077862 -10.815320
