-19.567192 -16.341494
-13.530763 -9.682951
-13.428333 -3.870300
-11.662593 2.502931
-10.150283 1.006377
-8.650258 3.443682
-8.992548 2.618639
-10.802498 1.348489
-11.075591 2.045256
-8.432728 1.884701
-8.306955 3.063708
-7.512621 5.305859
-7.855958 8.604255
-8.095801 9.226921
-5.432450 9.058854
-5.859867 9.210176
-6.416785 8.560015
-7.611564 7.683905
-9.003535 1.534747
-7.964407 3.234613
-5.214509 7.537407
-6.156134 7.635581
-7.781213 4.552219
-7.450400 7.373431
-7.552559 7.685027
-7.825044 6.743866
-4.925104 8.339264
-6.511621 6.913070
-6.876872 7.842719
-6.344241 7.757182
-7.770508 8.706117
-7.002825 6.567614
-4.520513 6.694153
-7.007966 6.346363
-7.271319 6.593999
-1.908826 7.893085
-0.681910 7.782460
3.401553 9.954537
7.685378 8.740423
6.316061 9.351071
9.649607 9.067769
14.365025 14.065428
