10.106362 -12.010347
7.493637 -7.452549
3.676226 -6.947530
1.814070 -9.402015
2.068164 -8.856522
2.457355 -10.212745
2.311992 -9.546057
-1.641749 -10.650301
-1.300931 -11.704232
1.788458 -12.118363
0.626372 -12.972652
-1.002967 -13.508683
-1.858737 -8.654290
-6.681389 -7.238418
-7.587837 -5.646200
-6.048616 -8.740270
-8.313672 -9.548089
-8.109606 -8.551816
-10.816948 -8.324573
-8.928514 -8.359741
-9.554706 -8.749588
-12.424584 -9.187215
-11.271602 -8.385652
-8.849099 -8.705785
-12.291111 -8.196126
-9.354336 -8.627428
-7.113503 -8.861629
-7.897551 -7.490885
-5.448744 -9.100051
-7.157680 -8.125794
-7.636616 -4.360916
-7.858330 -5.755316
-7.677072 -6.901431
-6.065197 -6.367927
-6.477509 -5.683395
-6.500733 -7.828157
-6.601233 -7.382495
-7.893271 -5.905227
-7.247575 -6.068264
-6.491559 -5.792878
-6.901584 -5.628700
-6.538905 -7.815539
-1.067186 -0.270489
-3.461202 0.314480
-3.517508 -3.684937
-7.840926 -6.009918
-7.483767 -7.682921
-8.732319 -8.697589
-12.907248 -8.519767
-6.862167 -9.600437
-10.004541 -10.410870
-8.575071 -8.959580
-5.921655 -7.657180
-6.962229 -6.078943
-7.670487 -4.936339
-5.044659 -3.982423
-2.571599 -3.127411
-4.447594 -1.259883
-4.202593 0.134857
-3.294498 -2.574559
-4.542993 -1.080497
-3.145413 0.908390
-1.206416 -0.091551
-1.175344 3.364963
-1.458573 1.663050
-0.872022 0.633747
-1.427276 -0.728992
-2.549010 0.375138
-1.733873 0.010290
-4.227197 0.315246
-7.682810 -4.170240
-6.536209 -7.176528
-9.001246 1.402374
-8.049757 1.900263
-8.554552 1.435051
-9.345160 2.023116
-7.898153 3.322540
-7.802974 2.507064
-9.431740 2.411571
-12.286123 2.586354
-14.112345 -2.423688
-15.781055 -1.580123
-15.618818 -3.520994
-13.245672 -4.420399
-13.421505 -1.237223
-10.207373 -1.646366
-10.029615 -0.097718
-9.877009 0.523140
-12.142210 -2.231299
-13.338085 -1.127246
-13.440469 -8.433515
-12.182519 -10.455111
-7.330761 -8.119596
-7.780381 -6.216356
-7.720463 -5.693777
-7.261147 -7.970220
-6.942865 -5.269711
-6.148231 -7.670229
-10.111074 -9.316627
-8.904779 -8.826676
-2.786011 -6.935750
-5.574314 -5.695886
-3.727989 -6.779177
-4.627296 -6.253787
-4.861040 -4.472286
-6.939948 -4.043097
-10.549570 -8.369475
-7.391240 -5.513360
-7.583241 -7.237563
-12.298899 -2.032434
-11.107580 -2.147008
-7.894520 7.953830
-6.568739 6.692845
-7.661803 2.591210
-7.950562 4.343407
-9.864450 9.325568
-11.867679 11.758165
-10.401696 13.759231
-7.939323 6.846188
-8.541654 2.187570
-8.165020 2.071068
-5.828632 1.256727
-3.699853 -1.116338
-4.185942 0.452342
-4.023255 -1.764991
-4.542343 -1.259512
-4.504725 -0.867596
-3.579180 -1.297712
-6.395139 -3.921990
-4.976850 -4.781663
-10.819241 -1.584283
-11.630611 -2.677874
-11.208345 -1.960059
-13.599884 -1.518826
-7.371459 -7.287509
-5.833980 -6.130177
-4.775988 -4.460211
-6.792407 -6.504090
-5.761330 -7.030037
-7.521840 -6.226927
-4.756614 -5.060249
-4.625898 -5.151511
-6.979824 -6.765882
-5.559079 -4.817703
-3.491006 -6.220525
-4.365634 -4.627242
-5.997845 -4.027505
-4.179696 -0.386376
-7.392897 8.969926
-4.907391 8.604226
-4.681026 7.820055
-7.941893 5.599108
-7.604096 2.171833
-10.040744 -1.121583
-12.599951 -1.690283
-11.877008 -0.617617
-16.220760 0.231470
-12.964741 -3.382283
-13.661874 -1.009162
-10.856968 -1.823761
-11.293811 -0.588983
-14.165506 -3.748712
-14.556971 -10.292980
-7.409471 -5.151540
-4.727576 -6.485332
-9.161570 -8.840913
-7.648063 -9.209949
-7.554107 -5.864471
-11.217460 -2.706815
-10.377238 -1.206526
-14.480392 -7.494717
-10.432899 -8.144212
-15.043159 -12.472510
-16.905918 -7.312100
-13.851980 -6.481358
-13.443085 -3.520665
-11.667189 -1.779967
-12.639276 -1.788877
-9.945180 0.551785
-10.784367 -1.083779
-10.734859 1.037910
-9.983757 -2.076471
-9.660502 0.063698
-11.675763 -2.950646
-9.800953 1.786246
-8.282370 1.190281
-12.640340 1.008399
-18.064878 -4.274207
-19.005596 -5.519261
-15.551442 -1.509252
-11.342795 1.579330
-11.458059 -2.875997
-9.881765 -1.382410
-13.081784 2.515470
-7.929399 2.762743
-8.492388 2.876100
-7.350265 7.918146
-6.872868 6.324916
-7.053396 8.486883
-3.644757 6.340429
-7.691808 6.285311
-7.237996 7.703067
-7.827486 7.100949
-7.495879 5.503183
-2.676128 6.748406
-5.195038 7.338181
-3.455056 6.696345
-6.777841 6.615770
-6.430124 6.928113
-4.756750 8.490906
-0.992097 8.740098
-2.204983 5.661840
-2.054462 3.684574
-2.183546 4.263243
-6.340289 7.522814
-4.967523 6.455259
-3.723838 6.927587
-4.225317 7.744906
-4.538939 6.420380
-3.192860 6.664649
-6.043723 6.839558
-5.069178 6.312429
-5.243397 6.399200
-5.562990 7.676290
-0.163835 7.396114
-0.813085 3.222857
-2.240225 5.961227
-2.063010 3.740847
-1.765335 2.233196
-1.724170 3.646043
-2.440250 0.395170
-3.618151 0.222687
-3.507303 0.751254
0.261715 2.387274
-0.475486 2.597425
-1.818786 2.593906
-1.940263 2.909081
-0.668761 3.241789
-0.641162 6.266790
-4.481503 6.995565
-4.502637 6.533821
-6.275062 8.013420
-6.877097 10.590201
-8.486052 8.528510
-9.017645 8.857471
-11.353765 9.624780
-11.892215 9.728632
-6.720209 8.941352
-6.573156 6.390776
-6.953609 7.044606
-8.311445 11.004599
-5.833147 6.354770
-7.305249 6.704351
-5.091644 6.531855
-7.683648 6.576210
-7.554342 6.249524
-6.650295 8.193209
-6.235957 6.963221
-6.508647 7.283926
-5.594462 9.312531
-9.878685 10.093550
-9.607576 9.161566
-6.826684 6.422307
-6.810874 6.968717
-8.109478 3.200310
-7.599924 3.920866
-7.904445 5.646181
-7.739557 5.107503
-7.418756 6.798792
-7.870504 6.463753
-7.680907 4.680033
-8.004790 8.771209
-7.698141 8.395287
-6.814743 8.016534
-7.935039 2.006588
-8.286724 2.135761
-10.269321 8.740319
-7.233432 9.479060
-9.232411 8.987411
-3.373343 7.420337
-2.377176 6.992115
-3.091189 7.362263
-1.069584 7.086311
-1.096929 4.728106
-0.915072 3.945834
-1.043406 4.241782
-2.265418 5.672981
-1.842525 6.095514
-4.584618 7.883537
-3.677216 7.364696
-4.228271 8.333009
-3.774418 6.458900
-1.902068 6.246491
-1.494823 4.343474
-0.604094 3.357959
1.535217 1.869051
-2.498370 0.101838
-3.993472 0.227909
-3.768468 -3.818923
-5.945431 -4.265005
-5.863188 -5.895000
-6.750019 -6.965757
-4.811636 -9.483417
-9.612522 -8.413770
-9.679579 -9.751708
-9.643822 -8.823113
-5.735996 -7.728206
-5.482096 -4.969697
-7.251869 -5.675683
-6.715409 -4.325905
-7.771690 -6.069803
-6.934362 -7.512413
-7.898928 -7.884143
-6.269930 -4.288095
-5.877647 -6.404905
-5.093653 -5.114841
-4.498209 -1.642391
-3.938695 -1.254462
-3.820620 -4.076658
-4.439419 -5.822863
-9.992704 -2.846071
-9.714702 -1.876797
-9.996114 -1.549987
-10.719282 0.802090
-10.152370 0.367395
-10.173431 2.521177
-8.983315 3.067090
-10.127129 1.766603
-8.644860 1.405254
-9.518995 2.506121
-8.344028 2.287036
-7.923800 3.577216
-15.785616 7.927431
-12.356774 9.439407
-8.267453 10.426398
-11.366658 8.912713
-5.949096 10.461530
-7.515804 6.920306
-8.103984 9.111598
-14.251455 10.028814
-10.263736 11.653109
-6.122446 6.521612
-4.663735 9.666606
-8.477451 8.599681
-5.872783 11.528445
-7.608136 8.522382
-6.545715 9.075103
-8.810877 10.449744
-13.779917 10.272951
-13.367825 4.211079
-12.966748 4.921318
-14.441188 5.304165
-17.273350 5.568339
-16.452879 8.436690
-10.205620 9.303422
-11.265562 8.936479
-10.645020 10.431235
-10.159284 9.944837
-10.106533 8.881474
-11.017442 9.268547
-8.336081 2.493378
-8.616594 2.032041
-9.562547 2.722421
-9.178946 3.369237
-9.909189 1.215713
-10.092091 -2.763939
-9.703604 -1.756952
-9.959340 0.246539
-9.773919 2.579906
-7.975405 2.168892
-9.996660 2.087104
-9.813982 2.489424
-10.912313 3.165192
-13.468443 2.592426
-8.513311 1.959967
-9.354781 2.303850
-3.362480 7.018794
-2.128903 7.837943
-7.886176 5.830181
-7.902411 6.417892
-7.904446 7.148086
-8.391741 9.138040
-10.111197 10.886219
-9.892053 8.533802
-9.518653 9.067285
-10.129236 10.324395
-8.646412 12.022236
-8.811195 10.411494
-6.744583 6.676871
-7.684546 8.236493
-6.695334 7.290067
-7.455304 7.689186
-8.481575 10.536904
-10.632086 8.942529
-5.202828 10.411645
-6.705139 7.309794
-5.667050 6.537058
-7.805083 7.495956
-7.626544 6.448721
-5.226011 7.846269
-6.806543 7.573165
-6.680034 7.929895
-4.429354 8.559134
-4.303474 8.820007
-4.878481 8.580722
-5.895504 6.840569
-4.807837 6.662553
-6.120759 7.601474
-3.775011 8.189110
-7.530629 6.974119
-6.267064 6.511872
-8.550452 9.651666
-13.417326 9.176868
-6.015664 1.110440
-8.064486 1.287083
-6.776206 1.184758
-7.585130 3.965507
-7.727202 1.802278
-7.677666 2.811937
-8.770339 2.482807
-7.616004 6.998347
-6.258817 6.934984
-5.794915 8.446038
-7.610247 6.826293
-5.242505 6.369587
-5.674562 8.383954
-7.564449 11.055381
-6.848076 8.053092
-7.741736 5.493536
-10.644509 9.921970
-7.571403 9.451472
-9.799463 -0.027738
-10.066132 0.624637
-8.355646 1.173454
-7.596423 4.707258
-8.275660 2.687715
-3.466838 -0.696726
-3.202066 -0.439975
-2.777028 0.593464
-4.428401 -3.666187
-4.090152 -0.785253
-3.893858 -0.109646
-1.246213 -0.613878
-4.264916 -0.774298
-2.181207 -1.528157
-3.536999 -2.168460
-3.489806 -1.705654
-3.224643 -2.800614
-1.870892 2.043486
-3.009895 -0.023463
-3.592255 -2.215098
0.164042 -1.143161
-2.304276 3.632168
-1.814065 3.442865
-0.194062 3.732297
-0.838111 3.419679
0.837881 1.588734
-0.408399 1.070456
-9.026642 1.196898
-7.665116 2.892446
-10.451626 1.573579
-10.362279 -0.490807
-9.081174 2.830859
-8.293290 1.163131
-8.355762 2.761441
-8.094130 2.671993
-7.570930 5.316066
-7.532032 7.381491
-6.388868 6.830754
-4.242383 7.697521
-6.987454 7.737614
-6.132104 7.095010
-7.655843 8.640075
-7.554396 3.957763
-7.936240 6.225705
-4.241912 7.429842
-7.431892 7.237821
-7.124838 7.429325
-6.173676 7.874340
-6.454309 9.081025
-7.876085 8.449965
-7.576121 5.473472
-5.511805 6.770361
-1.772511 8.923213
-6.520545 10.303126
-7.032475 6.563596
-13.573217 5.964166
-14.187071 10.667512
-10.498767 9.474748
-7.516817 5.351446
-6.537126 6.932875
-9.169302 9.248679
-13.242749 8.936564
-14.953583 5.036770
-12.654120 3.281428
-12.187388 2.996739
-13.434160 1.181480
-6.641444 6.735121
-7.425465 7.860803
-7.015803 8.114884
-6.997360 9.572589
-7.209302 6.839658
-6.491610 6.326096
-6.168162 8.378983
-9.865031 3.156307
-8.211001 2.798751
-8.693755 1.840330
-11.553865 0.816293
-10.399548 -0.486731
-14.217259 -0.563670
-13.090416 -5.557168
-15.354324 -5.219764
-15.066121 -6.421570
-15.753114 -2.975050
-14.461729 -2.940995
