0.893249 19.236301
-0.907064 13.659318
-4.235036 10.641850
0.804104 10.979793
9.095234 11.415386
6.841655 12.177409
4.236822 10.226262
2.658869 9.297051
1.997518 10.953186
2.344703 11.291125
2.440220 10.188801
2.097717 6.096436
4.262825 -7.177816
7.200821 -8.072678
0.424985 -6.161050
1.768587 -10.721107
1.712411 -11.776372
2.856213 -15.195967
0.521604 -11.542795
3.252165 -7.335280
5.348889 -3.119701
6.386910 -1.983958
6.245117 -1.522220
7.890572 -1.306763
10.906554 -1.614248
7.597582 0.635488
7.672679 0.250607
5.573228 -2.913259
4.957819 -2.441160
6.410163 -6.563073
5.260627 -3.452492
3.390910 -1.572393
7.211303 -1.434473
7.602105 -0.797017
9.416984 0.817370
13.031200 2.898807
10.926695 0.881197
11.827038 1.270810
11.949554 2.115002
13.937463 -3.491072
12.583748 -4.279676
12.707042 -6.388458
10.040155 -7.003220
7.915905 -7.208707
6.242838 -6.640556
7.397161 -6.881708
8.398221 -7.181456
7.636483 -7.224960
11.009107 -7.602595
15.245858 -6.779180
14.912131 -2.663905
11.029018 -1.350326
8.785097 -1.257176
12.559743 1.946719
7.998386 -0.881958
7.479248 -1.235990
6.661232 -0.901708
5.833047 -2.468217
6.335264 -1.814633
6.350461 -4.770763
4.434976 -7.144755
4.518484 -7.510570
2.016821 -6.051883
4.002812 -5.744295
1.916510 -8.897416
1.988914 -11.305505
1.645962 -7.695287
3.255885 -7.645682
6.477536 -6.813048
11.106367 -11.764937
7.853145 -10.209887
9.131649 -8.729274
7.893629 -7.667376
7.929542 -8.688695
8.421161 -7.278391
11.957397 -6.612006
15.162125 1.128059
16.083290 0.484219
15.842061 0.321744
10.896657 0.965697
9.439928 -0.132656
9.500469 -0.958092
7.252463 -0.358568
4.341112 -2.623261
2.629552 -1.890224
4.823343 -3.848569
6.373202 -3.630999
5.839796 -3.282430
5.868516 -4.443366
3.666718 -7.759497
7.948619 -7.687376
7.211097 -7.180885
7.839924 -7.519890
8.005353 -9.338910
8.094097 -7.319928
8.791444 -9.481109
9.077956 -8.837085
9.837612 -11.839719
8.215617 -12.736802
8.154502 -13.075923
6.027709 -14.047329
