17.670765 10.526975
13.782166 11.830242
12.551753 9.097798
13.049944 10.144762
12.679430 9.444753
11.615168 9.716032
13.095547 10.051162
13.943527 9.172036
13.806292 9.000327
16.442820 8.640333
16.729597 3.909546
13.484423 -0.756647
13.942307 3.544532
12.443686 3.458921
12.197955 2.323815
10.004894 2.640613
12.326744 2.164046
12.065538 2.986377
11.027817 2.734461
7.548811 5.323866
4.594911 4.934944
6.447143 6.297285
4.781588 6.645898
5.361069 5.626451
8.785643 5.158346
9.830730 5.282090
9.572897 2.145127
9.486822 2.663412
9.185762 2.680161
7.990885 4.394208
9.260485 4.745176
8.939548 4.754080
9.109585 2.309385
9.373262 3.184035
6.638461 4.860734
3.798179 2.501720
-5.185781 -10.224880
-6.636078 -10.207406
-8.701671 -17.708849
