19.742451 8.417584
12.460436 0.253983
11.569859 0.870210
10.897901 0.015063
10.706770 -1.042884
8.701984 0.908184
6.324023 -1.653908
5.508033 -3.927536
6.054941 -6.441900
5.700714 -6.965721
8.969337 -9.312446
7.758183 -9.215955
8.795794 -8.331988
4.218468 -7.839107
9.756430 -7.493178
7.510768 -8.494737
8.218948 -9.137259
8.221060 -11.413581
9.467807 -13.755049
6.327567 -11.732743
6.277403 -11.650790
7.627388 -9.792786
9.320168 -10.640347
9.288020 -9.368828
6.746231 -11.949999
7.013581 -10.147908
6.227519 -8.587155
10.528036 -7.153932
9.526603 -6.797197
14.006026 -7.221244
15.627284 -6.091856
17.287746 -5.278008
15.323541 -9.346752
14.861507 -10.113822
14.705963 -10.400048
14.743599 -7.139225
14.535383 -11.825670
16.076071 -14.675479
7.293322 -13.020785
7.608398 -9.183511
8.815656 -15.857244
9.611014 -15.500566
6.817523 -7.218255
11.772871 -7.339340
11.476177 -7.468763
13.413285 -6.600907
12.724546 -14.140932
14.980190 -13.937972
7.407487 -10.483837
8.024512 -11.020047
7.490956 -9.727616
8.779902 -13.333634
9.064913 -11.594117
9.306294 -9.656049
16.891712 -8.947518
14.993405 -7.785532
17.320650 -11.758437
18.885756 -10.222383
18.064110 -12.758887
15.311599 -14.441417
10.427776 -13.379050
9.778737 -13.215461
7.193463 -10.715977
8.562326 -11.651147
8.716631 -10.979827
8.835374 -14.628811
18.331844 -14.097045
15.359853 -10.508756
16.684109 -9.997438
12.733624 -2.525391
12.625016 -5.662412
11.651735 -4.655619
13.139823 -6.947221
11.248189 -7.628048
8.429749 -7.873770
6.587071 -6.730368
7.843784 -9.120416
8.536610 -8.281436
5.164347 -10.049318
5.332696 -11.494778
3.542014 -10.066869
5.870962 -7.674049
11.153558 -7.161019
9.890764 -7.348809
14.359363 -7.720094
17.320038 -7.334581
14.701704 -8.299036
19.342972 -7.226748
17.072519 -8.213793
10.348012 -15.792333
7.334634 -13.368987
9.091332 -11.426826
6.527685 -9.515009
9.364922 -12.010698
13.858928 -14.188390
12.269815 -12.920377
15.430780 -13.718360
15.089827 -11.347797
10.101240 -1.480152
9.583030 0.237398
8.723001 -1.141459
9.267514 -0.434989
8.933386 0.604579
7.304942 -0.239053
5.089507 -1.839829
6.670975 -0.820036
3.597325 -1.322392
8.048134 0.096359
6.394935 -0.808452
12.928609 -3.156027
13.567721 -6.902119
11.534710 -7.568868
8.675804 -7.255299
5.855268 -7.458785
15.327153 -9.876787
14.891728 -13.625041
11.827909 -13.461314
13.078366 -15.598397
13.573557 -14.361102
7.176553 -11.972750
6.491498 -11.157681
8.036778 -8.625246
7.590362 -10.570861
10.288040 -14.307336
6.157151 -9.781518
9.300088 -11.781363
17.811914 -18.953688
13.750286 -16.711823
11.389049 -15.865817
11.133093 -14.012413
11.808490 -14.341321
11.978402 -13.093652
11.908875 -12.874888
6.800732 -8.505837
7.640109 -9.024161
8.034672 -10.392083
7.329804 -7.599750
5.973694 -10.786005
8.110501 -11.436036
6.004300 -6.318824
7.586371 -8.068473
6.482328 -7.076270
9.151140 -6.933009
8.534961 -9.975478
8.905718 -11.764335
9.116220 -12.007456
6.470919 -13.258788
9.250929 -8.190791
7.118428 -10.842191
1.588609 -7.403559
5.691696 -4.523323
6.045744 -2.135064
5.253748 -3.003729
8.750067 -8.253275
10.496084 -6.912753
7.210752 -9.520263
8.279917 -10.094749
7.873768 -7.588234
8.431108 -7.830645
8.531277 -9.188468
8.665176 -8.824086
4.574714 -8.624372
6.391090 -8.114437
5.202125 -5.738582
9.215428 -7.922395
12.393341 -4.304635
4.486308 -7.846217
3.289870 -7.625659
5.224228 -8.246728
9.315430 -7.528202
12.160637 -12.940837
7.137764 -9.139562
9.273510 -9.821528
14.412459 -10.241074
14.501698 -12.617647
14.636992 -8.548686
16.766539 -9.693175
16.743755 -7.746214
12.295283 -5.671492
8.904447 -7.206222
6.169633 -8.949106
8.324768 -10.196250
4.776675 -8.600036
6.720222 -9.972846
4.621999 -10.609513
9.427715 -7.444606
6.401528 -11.738128
10.069291 -15.913762
6.804605 -14.650372
9.336231 -8.629603
8.834332 -9.379869
8.772566 -11.050892
6.477970 -7.429821
12.564853 -6.584321
11.952700 -3.513015
13.585176 -3.015896
11.263692 -0.345285
8.154553 -0.956031
6.391767 -1.320387
5.304702 -3.672892
5.915168 -3.794951
5.910156 -5.563758
4.629050 -5.707541
7.715190 -7.480413
7.934009 -8.644187
7.452116 -7.979779
8.462889 -8.695459
6.713226 -8.581727
5.033728 -6.307099
5.478285 -8.482019
1.052803 -18.823086
