-4.999986 0.630309
0.210809 0.964050
-0.322397 2.188572
-1.903547 0.640340
-2.417602 2.200894
-0.652986 2.602417
-1.319812 2.140683
-1.190751 4.260715
-1.873995 5.034713
-1.679399 5.198600
-2.129573 6.841522
-2.815063 7.677822
-3.562614 6.617627
-4.380840 7.111644
-2.713645 9.013219
-4.781916 7.842432
-5.328597 7.442986
-6.272565 6.758886
-5.130508 7.666046
-7.266297 6.930849
-4.528525 -0.659638
-5.968704 0.534210
-6.256335 -0.084880
-7.542650 4.382933
-7.843086 7.556483
-6.697546 9.657480
-5.889959 6.579373
-1.880929 2.820263
-0.917506 3.071723
-1.079796 3.100836
-2.494790 0.624176
-1.851160 1.779627
-3.428411 0.389859
-4.630445 -2.280426
-4.270664 -0.507852
-7.563039 2.804014
-7.880163 4.673677
-7.757636 4.233461
-7.804045 6.351229
-7.606245 6.403011
-6.202026 7.824118
-7.978953 10.502446
-8.145910 10.430144
-5.713284 7.222520
-4.168081 7.014895
-5.667404 6.409747
-2.968238 7.763518
-0.785698 5.627729
-1.798788 4.637128
-4.037048 6.955626
-2.643733 6.840351
-3.287507 7.108868
-4.998512 6.510972
-4.758970 7.153425
-6.311465 7.440632
-6.246551 9.198258
-6.608152 7.048784
-8.491837 11.132257
-8.253581 9.656978
-3.700910 6.561524
-3.452394 8.759825
-7.884676 5.278571
-7.496784 8.370228
-5.350461 6.676052
-1.826063 8.177799
-4.263807 8.118093
-2.924377 7.114467
-4.881471 6.612012
-9.506662 3.347807
-13.670729 2.842988
-9.389359 3.383877
-10.073202 3.243297
-7.706199 3.015263
-7.689510 4.740273
-8.500085 0.695501
-8.593283 2.905064
-9.096537 2.634390
-1.450195 1.564952
-1.599598 0.244084
-3.880754 0.944718
-6.117135 0.543869
-4.584310 0.620835
-1.197031 6.409215
-4.203832 8.315630
-5.569049 7.139793
-8.580756 9.180215
-5.972563 7.882685
-7.877641 4.398969
-7.574873 6.628030
-7.027987 8.570815
-7.218822 8.226658
-9.241875 10.841530
-11.645120 8.972199
-9.713229 9.994980
-5.160243 6.603139
-8.164815 10.027276
-7.658617 10.095285
-11.924002 10.027446
-9.955565 11.300601
-12.146837 8.863266
-10.455791 3.420189
-13.961708 1.491934
-12.619533 1.842690
-11.781688 -1.092161
-7.756491 5.090879
-6.433579 8.683690
-8.948279 8.673402
-10.282342 9.563687
-7.096088 9.123772
-7.434008 8.368858
-5.554244 8.054896
-7.711806 5.398510
-9.274960 3.245000
-11.910813 1.985017
-7.521892 6.862113
-12.675777 1.675591
-15.140224 6.757870
-11.855271 9.723052
-6.400207 6.843421
-1.594053 1.943784
-1.938391 1.959310
-7.664192 5.445751
-7.498734 6.207338
-13.139579 4.769838
-16.982138 9.057069
-10.459286 8.841611
-9.218187 13.500438
-8.510977 9.738342
-7.613497 9.683812
-7.503330 6.839309
-8.128510 1.299544
-9.877021 0.481957
-11.274649 2.378722
-8.261287 1.847888
-11.521773 1.481564
-13.153067 4.081465
-13.353312 4.912004
-7.582633 6.495109
-6.056711 6.367050
-6.849223 9.605957
-9.707861 8.604419
-10.635085 8.966455
-9.952555 8.884253
-7.631103 8.648297
-7.807497 7.265185
-3.541183 6.663712
-2.957905 6.746451
0.025931 7.253265
-1.947168 5.555122
-0.165899 3.537684
-1.140206 3.527850
-4.081073 6.697806
-1.458544 6.702593
-4.123151 7.494184
-4.507832 8.488229
-7.786484 5.214880
-5.945287 7.853222
-4.361011 7.400452
-7.177448 8.583449
-13.930505 6.739765
-13.529382 4.937212
-16.432163 4.296204
-13.305632 7.308437
-15.714883 7.985620
-12.948631 1.340560
-9.119877 1.774267
-8.195723 1.766176
-8.777255 1.462608
-9.011042 2.002012
-2.450388 2.328694
-2.143492 2.898960
-2.226907 2.828673
-4.780448 1.209689
-4.590415 6.657367
-2.354501 6.117884
-1.480739 5.476726
-6.917239 6.488460
-5.893566 8.068726
-7.917365 6.057350
-10.653950 2.888911
-7.735887 10.197608
-8.526849 8.712976
-9.748770 13.048926
-10.230783 8.549614
-13.759556 4.570693
-10.336935 11.802250
-13.770793 11.992237
-11.056383 9.294482
-7.614255 8.451631
-7.578534 6.354976
-7.477819 6.699802
-6.081722 6.317823
-6.358961 6.317440
-6.965037 6.859106
-6.632989 6.993322
-7.119804 6.428264
-7.885307 7.341731
-7.515198 5.272635
-7.582530 5.596262
-8.272424 1.400459
-8.408070 3.094245
-10.079390 1.230128
-8.903260 2.573751
-10.558090 3.448612
-2.857807 6.462744
-6.546726 6.883939
-8.480023 8.639100
-6.869268 9.504609
-6.571985 10.076692
-10.158797 9.764843
-7.907660 8.847336
-5.124962 7.003033
-7.372948 6.363592
-7.679185 5.100893
-5.865520 6.614618
-3.701149 6.796039
-5.090445 6.932090
-5.784475 0.677501
-3.618340 -1.800732
-5.471853 0.654160
-8.300135 2.330678
-8.268174 2.382814
-9.717515 10.119271
-10.446723 10.867644
-13.987898 11.574502
-7.793789 9.473929
-6.089240 6.431891
-4.346069 6.577594
-4.869527 8.050581
-5.060410 7.325208
-6.150653 6.435515
-7.391933 9.085685
-6.387800 9.345416
-9.690733 9.562960
-6.820681 8.809803
-7.357708 7.888262
-7.271442 6.557118
-7.831856 7.534817
-7.837863 4.717293
-2.957788 6.611989
-2.688250 6.488352
-8.412937 2.962943
-5.878690 6.730494
-5.021966 7.097807
-5.081969 7.265897
-3.965984 7.966202
-5.607743 7.120265
-5.307246 6.911135
-5.268356 6.586036
-7.721321 5.111073
-4.304268 6.368092
-4.229131 7.936452
-7.004250 9.079875
-9.480907 10.018748
-12.207522 9.702920
-13.636003 7.622311
-9.750698 9.392643
-5.381628 6.905144
-7.403631 9.014325
-7.837242 5.970814
-1.727337 6.751364
-0.862350 4.155800
-5.817708 7.285989
-7.793118 0.805761
-8.029109 2.555698
-8.495873 2.009591
-8.477283 2.128935
-7.890676 2.912593
-7.596919 2.347466
-8.382250 1.010333
-6.917412 0.603304
-6.084882 0.097220
-6.817889 0.951022
-6.773276 7.767112
-6.003532 8.239070
-9.345331 8.869557
-5.670766 6.782413
-5.625189 7.076657
-7.016550 6.539169
-7.945141 7.627471
-7.597455 6.615128
-7.667045 8.102345
-7.847713 5.008233
-7.745228 4.966046
-9.375944 2.364067
-9.484292 2.998604
-2.132737 5.496194
-2.168566 7.376334
-7.843437 3.910788
-7.782802 4.912171
-6.692696 6.642616
-9.010162 8.939047
-2.375929 5.229873
-2.207666 7.939559
-4.704205 7.720829
-7.800607 8.406001
-9.712461 1.964533
-15.128533 2.170470
-16.464661 4.055646
-13.122005 1.871310
-10.211665 3.246294
-8.849273 3.190780
-11.098959 2.805209
-10.764084 2.578131
-8.529900 0.812166
-7.607985 -1.090439
-6.466641 6.335677
-15.672798 8.859118
-12.937859 3.478656
-12.254427 3.335549
-12.401700 9.509133
-14.054897 12.014532
-13.294536 7.947638
-9.116376 8.541790
-7.580774 5.917271
-3.952573 6.464224
-7.205086 7.867015
-8.518535 12.681083
-12.680031 9.884210
-15.518600 4.671013
-14.897724 8.387875
-12.350993 10.758965
-9.393750 9.658063
-7.286662 8.604136
-7.201489 6.891582
-6.821113 7.552349
-7.121939 8.539924
-5.859463 8.046485
-4.275558 7.402733
-5.459723 7.393035
-7.694420 6.071455
-9.075143 2.212772
-8.794216 3.172840
-11.322457 3.336527
-8.246895 3.208279
-8.055572 9.811802
-7.250804 9.195702
-8.434357 10.978613
-5.362112 8.432884
-9.853839 8.597562
-8.770907 8.844052
-5.035566 9.006661
-6.891346 9.185289
-9.062713 9.518319
-10.485071 8.531007
-5.121314 8.555086
-6.336412 7.092248
-7.378651 7.512845
-7.790046 5.922584
-7.711067 8.749618
-7.493344 7.641996
-6.434797 9.349643
-6.217007 6.587112
-7.282104 6.715931
-5.760605 7.305600
-4.453685 6.541176
-7.251234 7.027198
-5.576071 7.849068
-3.682621 7.937146
-8.349826 9.269475
-10.666375 8.574397
-10.319159 8.597589
-7.592349 7.151507
-5.204268 6.999730
-6.182505 7.687445
-8.426363 3.316574
-8.003828 1.874335
-7.628268 4.422264
-7.503335 5.293991
-7.697937 5.428035
-7.483942 5.826577
-7.798345 4.103412
-7.904913 3.646863
-7.605321 3.748454
-9.572423 2.285273
-11.324907 1.952256
-9.325821 1.530138
-11.505445 1.425574
-8.210097 3.082001
-9.966102 2.637100
-7.601823 2.502290
-11.467093 2.196000
-9.454120 2.740753
-7.477945 1.157665
-12.159662 2.120322
-12.663935 3.436448
-8.486425 0.146181
-9.090219 3.213314
-8.796217 2.380189
-5.819860 -0.143213
-1.067042 0.923315
-0.979901 3.820054
-1.025309 4.594479
-2.618941 7.299979
-6.741826 6.731022
-6.724002 6.742528
-7.549751 7.403706
-7.347333 7.658362
-6.569317 6.624876
-4.619757 8.148771
-7.085562 6.969238
-2.397131 6.911783
-1.100389 5.161890
-1.189510 7.544633
-3.171899 6.770689
-3.924122 7.004305
-4.832455 6.443844
-2.931525 7.862320
-2.479162 7.149786
-2.277407 4.376064
-2.062637 7.147898
-4.971902 7.820708
-4.456693 8.393802
-3.918659 7.016677
-3.852608 6.876721
-3.914743 6.747301
-0.589090 3.906476
1.580615 4.383386
-0.866293 5.196534
-2.445870 4.684508
-1.859330 7.239265
-0.554972 4.688568
-0.370780 1.965517
0.083424 1.133477
-2.705194 0.216198
-2.231802 -1.365422
-1.353002 -0.262267
-4.066676 -1.027388
-3.539006 -1.619190
-8.421571 -0.611782
-5.269423 0.244397
-6.635012 1.049414
-3.517055 1.183584
-3.892973 0.432838
-1.486263 1.694290
-0.129582 3.823218
-1.559689 5.056303
-2.005580 3.585098
-1.482077 4.791202
-2.353023 6.278800
-2.307468 5.358951
-0.786364 6.769264
-5.008109 6.632467
-4.834103 7.279083
-3.131806 7.116044
-2.414728 5.161755
-0.656017 4.804715
0.032560 2.528003
-0.907516 3.039688
-1.268095 1.658252
-1.108107 2.997600
-1.541627 2.136546
-2.232741 1.598446
-2.175510 1.344092
-3.742144 0.485279
-4.403036 0.544547
-3.262918 1.279566
-5.312705 0.892858
-4.010579 1.080214
-3.978887 -0.186532
-4.514373 -0.224529
-6.204976 1.166656
-5.743373 -0.358158
-8.370432 1.679918
-7.483810 3.678171
-7.906075 4.501727
-2.927382 6.691988
-2.628790 7.435807
-4.970661 7.304153
-4.933548 6.823401
-3.079803 6.506543
-2.896013 7.118451
-3.330456 7.797995
-1.051892 4.645716
-0.816578 7.748536
-2.187607 6.559882
-3.215600 7.107125
-3.698107 7.701429
-3.675357 6.934639
-5.658098 6.650695
-5.617565 6.680605
-6.862321 7.268896
-7.887941 7.907184
-7.915914 5.083865
-7.505225 1.680822
-8.460066 3.262561
-13.856911 0.626048
-16.581627 6.843113
-16.122511 7.166598
