10.673771 12.535700
9.380105 10.807157
11.147495 13.342639
13.454926 14.828778
15.006453 10.292109
14.499791 10.051950
15.901144 8.654006
13.323758 12.618061
11.470893 3.230386
10.485641 -0.185594
11.605286 2.183785
9.179178 4.385327
11.025162 3.519932
9.383231 -0.620707
10.280423 0.215016
8.214539 4.748050
8.481317 4.561210
9.076962 4.778168
7.631031 4.691714
9.476143 3.377184
9.273840 2.565519
7.433984 2.363708
9.655107 3.661896
7.971299 2.381463
10.275593 2.687456
9.887043 3.531366
12.804819 1.866589
11.577418 2.646377
8.392362 2.805118
5.895348 0.892252
7.688650 3.388936
11.341827 2.631522
11.333323 2.632252
6.926742 5.369148
7.361032 4.928878
8.709702 3.863272
9.514718 5.096111
7.245257 4.298710
9.728851 4.031367
9.691530 2.828970
11.697723 2.727504
9.264903 2.542088
9.403873 5.208191
7.279076 4.069276
7.630208 5.218358
6.605705 2.645899
7.829401 4.269188
12.087095 2.453174
13.159437 3.781853
10.485284 2.395990
10.340433 1.795175
10.152168 2.315839
8.377893 2.902025
8.337661 2.435665
8.416769 4.501104
9.060887 2.855843
15.380256 5.795480
16.817554 10.859998
11.813099 10.038735
14.870556 9.510066
18.609087 6.615641
15.665775 3.285309
10.962350 0.194632
8.598544 5.440825
8.164766 3.615601
8.764161 3.764856
8.501692 1.924580
9.374353 3.900218
8.704395 5.373670
7.281851 5.487651
8.346439 1.221429
13.213748 3.667788
12.887789 3.151494
15.019159 3.806261
17.966602 3.869670
12.597083 3.453729
11.303310 0.038911
10.683131 3.134114
7.915831 -1.356413
9.022993 0.901834
9.770452 2.027369
7.671445 4.609652
9.456027 1.358506
12.027672 -0.226756
9.012383 2.545710
10.012188 -0.414953
8.817582 1.447402
9.193451 4.183241
7.916445 4.388521
12.077020 -0.363153
10.608688 0.753368
10.937513 3.253740
9.806484 3.206776
8.066724 2.096216
5.921374 9.142985
3.956546 10.151083
13.071563 10.078227
11.888591 10.695064
9.225130 11.134180
8.895243 11.225124
16.629244 14.686277
14.115610 12.769229
8.361597 5.174804
9.548096 4.349968
5.687376 4.042589
5.632882 4.833463
10.652830 13.097916
7.415318 4.512118
6.663954 4.875220
5.780624 4.740247
5.766909 5.143516
4.788999 6.894556
4.183438 9.838662
4.078902 5.942960
6.673232 4.158968
9.577553 5.332544
9.717938 3.714450
9.939451 1.833744
8.815628 4.201683
10.363092 2.394485
9.435549 4.923728
8.885143 5.649563
8.901689 5.566911
16.382027 4.829500
17.175278 15.491767
12.758595 12.838217
12.686237 9.779695
11.982384 10.032777
9.820528 4.364768
7.348013 -0.288035
7.979183 2.278458
7.344155 4.555054
5.421147 4.270596
7.476563 1.628160
9.215316 5.647050
8.263388 3.932066
6.685988 2.275579
6.831976 1.882919
5.351895 8.573316
4.496847 6.055218
6.371912 8.791939
5.460011 6.805388
7.376515 2.466012
9.863315 2.627139
9.313938 5.357008
8.200518 3.491820
8.166178 5.225127
6.518592 3.574531
5.927861 9.455765
5.428976 6.981796
7.044787 4.975447
7.946826 5.146841
5.719719 4.321129
4.907765 8.251983
4.745746 7.549706
3.780780 6.679896
7.616555 5.207311
6.003449 5.658259
5.286687 6.318289
6.509470 7.891322
-2.503937 0.251111
-5.759604 -0.663634
-8.074960 -2.421232
