-10.825484 16.768787
-12.246199 8.681832
-8.795209 11.125579
-7.391734 7.372394
-4.510222 7.242242
-4.166572 8.566688
-2.297987 9.383551
-2.343535 5.344135
-2.299223 5.369130
-2.474019 4.259984
-2.277595 8.081050
-3.910969 7.447694
-3.585848 6.911112
-4.716922 7.956613
-4.425410 7.208961
-4.307394 7.926351
-4.833385 7.545612
-4.145528 6.684690
-2.694166 6.623606
-3.636115 7.753831
-6.327634 8.098183
-7.611695 6.109200
-7.816309 7.082050
-6.200342 7.462980
-6.239976 7.825098
-5.967338 7.342025
-3.821538 6.470683
-3.679597 7.047448
-3.455863 8.610305
-3.490214 6.988389
-4.313950 8.820793
-3.180575 6.539065
-4.788710 7.306344
-3.805654 8.760665
-2.626515 8.299042
-3.265758 7.569033
-2.255315 6.257376
-2.397491 4.475560
-1.283211 3.494318
-0.615039 3.354015
-1.270833 2.733521
-1.298013 0.031904
-2.640207 1.170763
-1.582561 0.598964
-2.082189 2.230142
-1.856013 3.299806
-1.565714 0.751139
-2.139313 1.643410
-1.326911 0.048979
-3.435418 0.804570
-3.573941 1.257700
-4.138209 -0.503562
-5.494689 0.306146
-4.835628 0.666147
-6.279189 -0.023670
-6.245201 -0.068184
-6.578749 1.301805
-4.049277 -0.273614
-0.911234 1.456902
-1.740243 5.622750
-1.711783 4.107729
-2.397321 5.283196
-1.587001 5.285038
-2.132873 6.443726
-0.932967 1.383781
0.258349 1.307881
2.473740 -2.892205
