16.144783 17.264837
10.220655 12.747701
9.862379 11.813848
13.492451 9.430771
16.585705 13.644809
14.579296 10.393396
15.881378 4.229606
16.312691 1.062458
11.420967 2.223281
9.388737 0.356769
9.416344 4.530494
9.037379 3.619192
4.527317 4.465417
5.681576 6.890368
6.439106 6.049582
5.798891 2.933303
7.793167 5.303552
11.690111 1.938458
8.266294 5.043162
8.038672 2.947760
9.381973 4.685660
9.317875 3.182379
12.985580 3.473624
12.235281 3.430605
9.917109 1.368914
9.282843 4.303952
9.331948 2.316183
6.185476 1.984911
9.499358 3.977932
5.493203 4.955565
5.648106 4.779526
5.207662 4.395755
8.854228 4.090523
8.960432 4.936822
8.937754 5.482414
8.279713 4.443130
-8.578847 -6.961550
-10.810202 -6.557843
-14.462433 -9.691422
