4.696661 -13.184177
7.821164 -9.518804
9.761727 -6.972704
7.976191 -9.038770
9.362724 -11.937964
6.538275 -15.673394
12.234287 -13.304741
13.783484 -17.909260
8.095077 -13.648995
7.946907 -10.943395
6.582074 -9.705726
8.785995 -9.053411
8.896449 -8.809840
9.350687 -8.414906
7.298275 -7.233657
11.789471 -7.596389
9.460501 -6.966601
8.131187 -9.655308
9.102087 -7.949811
8.736859 -8.968816
8.225327 -8.781143
6.316038 -6.555585
5.598914 -5.357834
4.684594 -5.033299
7.361935 -7.999177
8.857496 -7.974052
7.542610 -9.179017
6.656809 -8.554129
5.747128 -3.896520
6.134377 -1.915431
8.449446 0.827674
10.377096 -0.179673
11.403921 -0.292436
12.455116 -5.383291
12.036750 -7.325203
12.338247 -5.916777
11.263149 -6.880648
9.893698 -6.674854
6.599540 -9.001120
5.693986 -8.642955
5.483216 -5.598279
3.156824 -5.710927
6.173755 -5.111392
12.454890 -3.704505
11.888224 -4.880851
15.201164 -5.594461
13.938643 -3.882346
8.272812 -9.145118
9.821833 -6.757901
7.629452 -7.412738
13.757393 -7.379769
12.580452 -5.617086
13.841834 -2.987097
11.317566 -1.367685
3.637475 -1.127201
5.129341 -3.609328
5.079418 -5.334954
3.079665 -6.318334
4.983282 -8.246437
11.447723 -7.177939
11.498478 -6.365587
12.827347 -6.785563
9.755877 -6.932133
7.913770 -10.042504
8.321544 -8.968835
6.025120 -10.557588
6.070697 -10.079150
7.605798 -13.086918
6.721004 -12.311208
7.958816 -13.421677
15.611042 -16.627041
14.960120 -11.233451
18.486387 -10.162471
13.706430 -14.667913
18.264999 -13.913457
12.845588 -4.830170
10.983046 -7.514923
9.067615 -6.957366
9.372406 -10.216498
8.511944 -9.803721
5.759794 -11.109124
5.117755 -11.197874
8.239553 -9.976802
7.906630 -6.919445
8.421210 -8.850379
8.364165 -8.643225
8.454298 -9.369979
9.261139 -8.624429
8.388618 -8.823740
8.679787 -10.226505
7.014027 -8.679000
8.116022 -14.511878
10.382065 -15.002628
12.794327 -13.349580
12.915552 -12.923201
11.401412 -14.029731
11.993707 -4.895215
15.531404 -7.548115
7.989425 -9.215128
2.763011 -9.205085
7.761578 -9.264550
8.578322 -8.056407
7.029378 -9.066579
7.447770 -8.133624
3.347616 -9.846344
3.644896 -4.697569
6.334135 -2.407018
7.297395 -0.399111
6.823179 0.336047
9.109552 -0.812430
6.249774 -7.131035
7.725603 -7.962731
12.293975 -4.610196
9.065553 -7.365265
11.347492 -7.313659
14.139649 -7.744447
10.622462 -7.734615
4.513832 -11.159991
8.479208 -12.846041
11.314477 -7.706675
9.355036 -11.251479
5.468687 -10.720702
7.685710 -10.709714
7.388898 -8.695800
7.377432 -13.725654
9.735487 -13.797523
7.026433 -12.970176
12.238772 -13.464057
7.239686 -8.259700
7.873082 -8.775434
13.384433 -7.760339
11.664816 -5.052368
12.926964 -5.136845
16.331192 -3.867424
10.092165 -0.927355
13.676420 1.914342
8.028071 -0.448080
8.739945 -0.252637
6.260691 -1.405060
6.135064 -1.917341
5.862431 -5.828846
6.469992 -6.987950
10.880008 -7.537668
13.447800 -4.458847
12.205912 -5.065463
11.909120 -7.141935
11.005046 -7.099427
13.688171 -4.569596
12.002112 -2.113376
9.538427 0.578089
9.303237 -1.267612
7.487242 -1.552324
7.867322 -1.298832
6.367805 -3.395967
4.804360 -5.750379
3.279219 -4.548975
5.299670 -5.313843
4.914161 -6.923524
4.376342 -2.829356
6.177667 -5.352065
5.132828 -7.189211
8.341339 -7.971634
5.766805 -7.201684
7.792902 -8.744710
8.826317 -13.402698
10.681993 -12.997682
14.560717 -17.514387
15.921254 -12.725348
16.656342 -7.396151
18.766365 -2.531626
