-14.132739 -0.218045
-11.127229 2.596563
-12.675176 1.928351
-12.005788 2.921467
-10.853758 2.222626
-10.675149 3.286581
-16.155664 3.680408
-12.620643 2.365636
-11.966031 -0.953208
-13.913541 -1.263569
-13.085964 5.583157
-14.066481 6.268236
-14.553426 8.420228
-13.278044 6.077597
-14.280286 5.123975
-17.505623 4.967173
-13.894300 4.463908
-12.759495 9.992518
-8.939811 9.871395
-7.495587 6.570771
-7.884198 3.545698
-7.496908 5.785181
-7.538831 5.975721
-7.783752 5.019763
-7.735824 5.600312
-7.422718 7.300247
-6.230508 8.143048
-5.927691 7.116749
-5.630474 9.133785
-6.329991 6.323798
-5.624972 7.477496
-1.822551 6.374324
-2.602313 8.352268
-1.806635 6.949577
0.016024 4.922376
-0.077607 3.437327
-0.866030 5.048053
-5.331556 0.773108
-4.482548 -0.636357
-4.100902 1.088165
-5.148437 0.945912
-8.185344 2.048994
-6.718581 -0.598252
-5.332851 -0.593627
-4.680335 1.111742
-4.965851 0.601970
-3.088557 -0.968149
-4.151533 0.158983
-8.312765 2.831632
-7.491831 2.112790
-6.391998 6.452197
-0.955999 3.743061
-1.804738 5.914482
-8.194618 1.788767
-7.527860 3.862246
-7.696634 4.738906
-9.447132 9.907146
-8.104742 11.691339
-9.252347 2.938638
-10.571583 3.216985
-8.529495 8.644085
-13.206295 13.775063
-11.432121 10.992551
-3.970277 6.697624
-6.523941 7.499053
-7.523854 6.699923
-7.529125 4.927508
-4.501965 6.427944
-5.934218 7.463317
-10.038789 10.020968
-13.517572 9.484798
-14.354791 10.086079
-12.320102 10.969357
-7.510275 10.366315
-9.059149 10.897136
-7.839204 10.205369
-7.880540 5.921007
-6.052990 8.734137
-8.579629 9.660989
-8.465338 8.898415
-5.736482 7.031077
-5.660700 6.390961
-5.177104 6.528227
-2.674383 7.412200
-1.498475 3.577885
-2.280389 1.356406
-5.736229 -0.623838
-8.002463 -0.561569
-7.535768 3.589358
-8.291000 3.397160
-14.004392 3.261513
-14.820919 6.312412
-12.087310 2.196641
-11.144897 2.907089
-8.982968 2.448848
-7.839135 3.583128
-7.600054 4.083018
-7.763899 7.607671
-5.767732 8.062572
-7.190956 8.715963
-6.969449 7.310085
-6.802351 6.371341
-7.021396 8.259270
-4.575755 7.967307
-5.768673 8.052509
-6.301669 7.676612
-5.425061 6.765266
-2.354925 7.221505
-7.793822 3.817084
-7.687636 1.454865
-9.182499 3.277276
-7.656465 6.356247
-6.762030 8.465346
-5.728269 6.951271
-6.012799 7.674023
-7.131959 8.343647
-6.450309 8.204288
-9.892572 8.641159
-4.846165 9.420960
-3.790779 6.458284
-3.664245 8.114829
-1.932638 7.591886
-1.994354 3.182595
-0.898679 4.581672
-1.482085 2.977097
-1.141021 1.697721
-1.321571 0.004844
0.716331 1.527958
-0.681181 2.075080
-1.367870 4.391456
-2.826933 8.209609
-3.973522 6.951575
-2.839108 6.573951
-6.302480 6.605925
-6.668288 7.180107
-7.800217 6.931689
-7.324806 6.780577
-7.653488 8.410027
-10.371722 9.902676
-11.356084 9.279063
-8.623449 9.991850
-5.493763 7.862817
-5.357243 9.050806
-5.221647 6.694909
-3.499061 7.091098
-3.150966 6.318486
-2.251511 6.167475
-2.420050 5.158539
-0.878640 7.342255
-2.263640 5.593468
-2.184046 6.137414
-0.435401 4.531722
-0.808255 2.625022
-1.449286 4.399765
-4.295741 7.433029
-2.904460 7.282368
-3.960902 6.987442
-3.759728 6.752925
-3.827975 6.429507
-4.281272 6.729062
-7.428453 7.359097
-7.950258 4.842128
-5.691655 7.399082
-6.837418 7.920712
-5.824658 7.185300
-7.541601 3.672662
-7.495383 5.654125
-7.667166 4.182483
-7.926670 5.090189
-8.039352 0.772955
-7.705004 -1.052784
-3.887699 1.112709
-8.042265 2.421999
-8.703004 0.936022
-4.564540 0.976603
-5.964643 1.122668
-6.337112 0.824145
-9.044946 1.655004
-9.786049 3.476133
-16.748878 -0.112550
-13.362808 5.425902
-12.603951 11.279642
-7.226427 8.786122
-7.225615 7.856854
-7.563433 9.569732
-7.251321 10.014735
-8.446329 8.706599
-6.573567 9.721609
-7.420649 10.387385
-7.535999 6.686507
-6.999277 7.223208
-8.198190 8.950437
-6.940842 7.369768
-7.854998 7.774901
-7.898379 6.342373
-6.812040 6.626736
-6.911581 6.360826
-15.219271 5.641608
-11.658571 8.703866
-12.059839 8.542580
-7.597429 8.691253
-9.795353 3.039147
-10.098869 2.599570
-8.483003 0.989218
-8.064407 0.483201
-7.709024 2.457737
-8.529518 2.372451
-9.578726 1.885353
-13.860011 4.316721
-15.183662 -0.039794
-10.141183 3.130567
-11.237894 3.157280
-7.906784 2.841811
-9.797911 1.808255
-7.733031 3.348530
-9.096387 2.762017
-8.005231 2.789286
-7.777836 4.106823
-8.495520 1.288726
-7.744541 0.726014
-4.935222 0.377328
-6.519561 0.641053
-7.141744 1.147395
-4.321609 0.696078
-6.033234 0.966427
-6.054957 -1.319452
-8.986161 2.845375
-9.136587 2.634648
-7.880215 2.760678
-8.692311 -1.119676
-4.131334 0.780159
-5.373919 -0.275130
-3.949000 1.099018
-1.082129 1.258853
0.285531 3.685495
-1.046619 7.898000
-4.051580 7.485579
-4.979438 7.976863
-4.363731 7.043108
-6.777323 8.583620
-5.402280 8.634060
-4.432606 8.230613
-8.499823 8.833266
-11.362351 11.578736
-7.546712 8.646062
-7.895854 7.634551
-6.899776 6.489514
-7.098057 6.334850
-6.282164 7.803153
-5.901272 8.153280
-4.466948 9.503983
-9.597024 9.318992
-8.137414 8.816091
-6.684311 8.802245
-12.293687 10.822376
-17.006495 16.046875
