13.809843 -5.089773
12.926984 1.774256
10.132350 0.115453
11.194174 3.411987
9.607886 3.617204
7.754246 4.132880
10.032953 3.668868
7.607659 3.040201
9.895561 3.089964
10.981139 -0.056829
14.951363 -1.984441
15.824322 4.617939
15.395997 2.217504
14.149037 0.568454
13.878580 3.427054
8.703012 3.005384
8.863761 4.786923
11.362316 0.123969
10.495070 1.950824
8.487659 2.918011
8.164820 1.494196
7.455332 3.042259
3.738153 4.971278
5.694151 7.630536
6.174639 5.771129
5.429193 7.903265
5.729504 8.511479
6.091872 9.474978
6.415700 10.706800
9.447554 12.599813
10.228567 11.863946
10.363757 12.813627
12.148865 10.142570
14.343412 9.778874
15.154840 13.636348
11.114552 14.547305
19.532206 19.326069
