-5.241271 -13.657985
-2.891945 -9.463487
-2.175796 -3.543482
6.201651 5.203351
9.091596 5.094021
8.417734 3.150186
9.029829 1.998003
5.100091 2.974675
5.224636 8.418200
6.825225 4.741073
5.207481 4.716900
5.975792 5.954259
6.186473 14.918365
5.563883 11.936224
4.064858 8.110055
4.931195 11.246569
4.103426 7.176445
6.312290 7.597009
6.522938 5.405988
8.197927 4.059293
5.757538 4.618878
6.099224 7.808928
4.026302 5.341918
7.104187 4.099367
6.035259 6.821844
4.988379 8.330894
5.823114 6.243694
6.145984 6.882085
6.096849 4.849082
7.457563 5.151206
16.551952 7.602379
16.357756 6.816940
6.343115 7.029605
7.421728 10.723715
8.347633 10.881374
5.860487 6.815350
4.839497 7.659877
6.132266 10.219180
7.214077 4.001531
6.156818 5.973534
6.477046 4.112574
8.030725 4.567467
8.595683 5.184291
12.954683 8.804114
15.152002 7.657248
9.292294 2.557801
8.448313 1.763326
8.558121 1.635127
14.160269 3.229325
11.056950 2.379414
11.570665 9.435391
12.254993 11.508068
8.693336 12.189550
5.441382 13.454406
5.870914 8.935506
2.814712 6.842318
8.514852 3.898446
7.097745 3.005729
5.214020 5.972732
9.534599 1.736915
11.899637 1.230000
9.280281 3.749668
9.746834 5.489552
8.793641 4.344539
8.165741 4.554170
7.230577 3.978098
7.555468 5.296376
7.674190 2.961986
9.173429 4.152612
10.560835 2.493753
4.582715 7.688434
6.025770 6.815938
6.484444 6.752516
11.280006 11.186114
8.582302 12.799728
4.328918 8.719315
6.153203 7.422813
6.377651 6.769488
5.001686 3.732773
8.847872 4.203635
8.720873 1.499642
15.114455 2.925819
7.690426 4.940569
9.249830 4.208182
8.907423 4.160809
6.126673 11.363662
4.669776 8.443295
5.657831 8.255500
5.785397 8.903689
4.711135 8.187740
5.916441 8.590868
13.511735 10.537196
11.433218 11.106131
11.351213 10.685443
9.755544 11.617438
15.029967 16.473686
