-2.203196 10.416223
1.493597 11.090688
4.586100 8.277474
3.097296 8.701229
2.137480 6.239315
9.637670 4.258317
10.282560 2.833401
9.043168 2.616190
9.706921 5.417369
9.051489 5.194186
6.388100 4.864760
8.454073 4.287017
9.576830 4.892540
9.307749 2.647405
11.703584 2.289703
9.107491 4.199721
9.764837 4.574172
9.608907 1.447224
9.258818 1.790285
10.511517 1.508037
12.751723 1.814210
11.911811 1.758445
11.917412 0.922911
9.625258 2.219232
10.204123 3.032408
10.149137 0.880029
13.940004 2.045133
13.233454 2.049523
11.541174 2.088473
11.391922 1.866522
10.166737 3.121387
10.072199 3.168910
4.130800 3.805433
11.136588 1.874629
9.319604 2.543422
9.777229 5.200800
7.939633 4.826205
4.571440 4.364119
6.446926 1.982973
7.091059 3.104014
7.498129 3.707530
7.978562 3.835921
8.296488 4.992058
7.986445 4.486623
7.060552 5.178561
4.310792 7.501483
4.932765 6.403169
6.867798 5.204712
4.701505 7.681516
6.031343 7.016515
5.016155 7.916629
5.697841 6.235384
6.492994 7.962746
6.298647 6.867568
9.708129 4.972149
11.115640 11.628434
11.465895 10.871270
10.111288 11.724479
11.652669 10.988705
12.743226 10.147798
15.425654 9.022121
15.544675 6.857366
15.665846 2.831435
14.155602 3.099310
13.933194 1.360339
13.691864 0.817467
12.464460 0.553434
10.339029 0.080693
9.160679 5.614887
10.006639 10.882485
10.323692 3.377099
9.910267 2.879653
9.501548 11.214421
12.255687 11.043978
10.336603 10.747651
7.845602 10.783360
5.121078 4.921006
8.025291 4.987354
11.674036 9.883573
12.519651 9.677087
14.480289 8.923493
17.079414 8.088271
15.390784 8.019563
12.428173 3.191545
14.510452 1.973084
11.551787 3.056829
9.189246 5.053291
8.898611 3.231303
12.893829 3.665266
15.031631 2.445512
11.106694 3.186375
8.859823 3.040784
11.975475 3.242165
13.333417 2.905390
10.329727 1.805347
13.175626 3.680105
12.548347 3.288346
7.408251 2.498020
7.471339 4.465850
7.622444 3.070884
8.162948 4.130569
12.459738 2.821919
10.715014 3.404353
12.507484 0.810595
15.340430 4.170788
15.889168 7.443538
15.174330 3.326348
12.686264 3.727003
13.269264 2.510968
13.601473 -1.717027
10.195073 -0.938529
11.973635 2.595954
12.298801 1.351108
12.918442 2.095847
18.005613 1.105248
16.751131 5.216429
13.885670 2.253953
9.937075 2.197052
10.688047 2.149945
10.250195 3.429919
11.759062 1.635469
7.060431 5.223044
9.295389 2.073970
9.313660 4.875889
9.022190 4.401007
9.458351 0.353977
10.731208 3.184494
11.155061 -0.119320
9.553391 4.499752
15.319179 6.915247
14.905060 7.546638
5.970577 6.930526
6.005443 6.289761
5.031432 7.350325
7.193040 4.190918
7.358263 5.590710
9.652019 5.370282
8.581760 1.751183
10.903156 2.029722
11.387059 3.424134
8.494339 5.088027
8.466732 5.158947
8.581722 5.650883
7.247530 3.313678
9.881381 10.815998
10.527874 14.526707
11.639030 9.361709
13.759828 8.900431
14.397964 9.313428
18.612629 5.513851
16.188683 2.592752
14.931598 4.296690
14.835347 2.655738
13.373940 -0.214994
15.613172 0.616253
16.611465 2.781478
11.723600 3.557955
14.262512 9.999104
14.649575 10.105660
16.734646 6.582822
17.162182 -0.485504
10.696652 1.390438
11.313101 3.643011
8.778618 3.734051
9.397179 3.404513
7.461887 2.620201
8.784430 2.643891
5.723454 3.288803
6.078175 7.234725
6.664915 3.920817
7.112725 5.343579
9.681464 3.267491
8.739865 4.294413
7.790018 4.206631
9.426363 3.605333
11.298401 3.741200
10.105029 2.208687
12.236269 3.388212
12.333370 2.120559
12.430021 3.127362
11.166542 3.660790
9.904510 3.615681
10.015729 3.351757
15.766226 5.500160
17.674656 6.689023
11.884328 3.006493
7.678932 1.127589
11.857491 2.813978
9.029848 3.314889
9.406065 4.290258
8.788647 4.811295
9.847670 5.243109
8.569757 3.022105
10.072374 3.719912
13.747484 2.517331
18.704147 6.572003
17.128521 8.984170
16.235483 8.222200
15.343401 4.074597
12.987155 2.448781
12.384603 -0.953328
12.245745 2.977659
9.254362 0.724424
10.882848 3.290112
16.241608 2.042673
14.333029 3.134444
10.422083 1.333399
5.313563 5.794936
8.085208 4.474150
8.322527 5.609536
4.274877 2.640148
7.938354 5.546919
6.706365 3.547662
4.998594 3.659811
6.499177 5.537825
6.393497 8.391912
4.448420 8.180437
5.288406 10.092671
6.341509 8.697237
5.711945 8.661167
5.991549 11.502596
8.017432 12.359622
9.326227 11.961216
7.383505 10.725452
8.274706 11.130698
8.713156 12.184955
8.238922 11.705423
7.278815 13.163580
6.103990 10.173574
7.228562 11.725070
8.229660 11.013528
11.113252 10.712409
13.680761 11.087450
13.592476 9.964254
12.166654 10.244147
12.503948 9.052236
12.348110 11.169258
9.817584 5.099637
7.262087 -0.170697
7.730543 1.378101
9.850076 3.416455
8.508131 3.842098
8.711070 2.843358
9.120153 3.606838
11.687634 2.438985
17.144358 3.752417
10.748043 3.056204
6.338595 2.845536
5.589796 4.575281
8.375828 5.143660
9.659685 4.891382
9.468607 3.983016
1.841614 7.837269
5.557879 8.005827
4.965918 8.507458
4.068416 9.920208
7.209093 13.683505
8.807864 11.193439
6.899929 10.671416
6.689033 11.779234
6.736062 11.519386
6.808620 3.651608
6.412364 4.914735
7.438365 5.605862
5.477613 4.045774
6.766198 5.619516
9.048309 3.562866
9.674836 3.015826
6.055989 5.037087
5.788705 6.164658
4.591040 8.087456
5.696950 11.184606
13.891607 15.872502
9.641439 12.088224
12.372461 11.236115
10.847275 12.730266
12.450448 9.348961
6.917503 13.079695
4.378156 7.469116
6.408770 6.762587
9.718386 5.271503
6.067161 3.562227
10.128241 3.691333
9.590879 3.656366
9.853323 2.790274
8.040850 4.274640
5.170446 5.685070
5.276674 6.917167
4.425323 5.057159
6.757916 4.348236
8.653663 13.263850
7.699911 11.755825
5.564232 6.997734
6.240685 10.001142
5.179109 10.051036
8.303875 12.650749
6.294322 9.943312
3.978904 8.991418
2.927202 9.012120
5.743035 7.972342
6.518043 7.165136
5.108621 3.492939
7.950383 2.933094
9.309723 4.587290
8.030230 4.030467
10.345248 3.603655
9.459138 2.217770
7.341427 0.247007
8.811276 5.477015
6.584620 3.723240
6.071854 7.378724
3.724563 4.289891
3.679858 5.246331
3.596729 4.454758
4.222153 6.417917
6.237121 6.271028
6.760849 3.182966
5.725230 4.964144
7.151062 4.628791
10.196243 3.602765
7.438766 4.807117
8.573242 5.224172
4.824292 3.576241
6.660928 1.673880
9.548188 4.153588
9.154202 2.636614
9.057049 2.506466
9.194704 2.407960
9.786627 5.014573
9.786661 5.218530
8.191198 4.975256
9.115471 3.854189
7.513910 3.553297
8.527555 4.974651
10.434126 2.411195
11.388004 3.762992
8.219443 1.600453
8.908387 4.325453
9.251596 1.835985
9.489205 4.042512
9.352189 5.028080
9.874857 2.363674
8.874545 5.529556
11.394125 3.265932
12.012223 2.617647
13.533609 10.457490
12.119335 9.852693
9.167421 5.553905
7.565961 4.573050
6.800838 4.994558
6.087692 3.503478
6.554660 5.281537
8.199245 4.219915
9.010023 3.046544
9.259541 3.633761
9.677551 4.221435
10.525091 0.773202
8.349755 4.433953
9.107117 4.257133
9.438929 4.233503
12.294104 9.346498
16.974310 13.497709
9.190813 11.492895
12.555710 13.132652
12.180992 10.110944
9.228466 14.098422
5.356514 9.393158
4.820390 3.780223
6.440166 2.997052
8.035350 1.432168
8.962076 2.558892
7.791860 4.353174
6.804542 4.615056
7.934674 4.577310
9.613859 0.192670
9.938949 0.741814
9.364639 3.037395
11.404497 3.394741
13.163351 2.078018
8.159798 3.728215
3.847508 3.040778
6.169334 11.503901
9.410580 12.448139
7.334453 12.861012
10.190869 12.160707
