2.555234 -3.391861
1.691569 -0.079287
2.773412 1.199172
3.331224 2.640107
4.705587 2.823286
7.120262 1.332235
9.580460 1.855885
9.094364 3.661158
9.515863 4.514060
7.984108 4.806139
6.082171 5.863680
8.916594 4.332006
6.043694 1.654064
8.471752 3.148909
11.796413 -0.261016
11.665043 3.138636
10.494606 2.775468
13.123361 3.763425
10.285408 3.375159
9.923935 1.881188
10.210218 1.503962
12.817673 -2.592510
15.376348 4.285319
16.655783 1.783881
16.462276 8.025046
13.198095 10.944839
11.544410 10.236785
12.712340 12.956023
13.019691 13.030307
11.869253 9.135420
10.281172 2.327915
11.613134 1.922122
15.483303 4.086077
12.539295 3.556461
8.368061 2.411065
7.730792 1.739535
8.644243 3.475992
8.949480 1.487355
6.992071 0.420586
4.765675 3.760849
6.521405 6.069666
6.471999 7.821005
6.289265 7.606673
5.487381 11.157239
7.440578 5.147337
10.394539 2.681025
12.450409 3.164997
15.050394 5.117784
15.387017 3.872190
11.598274 3.296351
8.729904 2.779381
9.831717 4.379961
7.568088 3.721656
6.150006 4.606232
4.103138 6.666534
7.319627 4.052735
9.805441 5.007527
8.162465 3.227394
7.373117 5.194102
7.911963 3.279162
9.229550 5.571931
9.386305 4.744319
10.999298 1.248586
12.685888 2.341586
11.807273 2.362390
8.909586 2.685585
8.577034 4.202980
10.154191 3.565023
8.475407 2.989285
7.355867 1.739468
7.550255 2.183699
7.425655 2.804206
9.334161 4.817697
7.923798 4.935400
8.815965 4.830412
9.248329 3.349134
8.152569 4.589782
6.687585 4.872330
6.654064 4.247776
8.037120 5.111734
9.418337 4.537627
9.500429 12.634059
8.600691 13.141004
10.675844 11.476992
7.163867 13.718295
5.800054 9.422102
6.251981 3.618579
8.053103 3.221314
8.347260 5.306142
4.255186 3.338479
4.885925 7.202895
6.045798 4.125384
4.253247 5.921737
4.439598 5.882503
3.997068 9.188045
8.217105 11.287501
9.623251 12.450614
6.207943 6.583525
5.211916 5.944352
11.599730 9.976794
11.573620 11.830410
6.612118 11.384736
4.556714 9.155668
6.084055 7.118559
4.820978 5.753516
7.785714 5.268547
8.037886 4.966532
7.814297 4.007938
8.172923 4.664505
9.096629 4.238278
10.737986 3.227756
12.530533 3.185249
10.408058 3.622967
7.398864 4.135528
5.585947 4.286471
7.630485 3.264684
6.968232 5.379979
6.274644 4.878820
6.378526 9.670088
9.825018 11.783555
9.261487 12.347216
10.242283 11.183243
7.850386 12.937455
10.406581 13.328034
10.094566 12.859428
7.430516 12.823382
6.449462 13.905386
7.442692 12.213680
11.074438 10.877457
12.833990 13.322572
15.671451 16.783463
