19.790304 8.978908
14.765699 12.822213
9.955729 14.123582
7.547503 6.655426
8.012747 6.156993
7.959924 7.972350
9.381138 6.153795
8.372406 6.783918
-4.741519 9.225121
-8.562189 9.523484
-6.635406 8.974440
-7.571858 5.634733
-7.938480 5.755671
-7.349836 6.043188
-6.317855 5.326303
-7.584348 4.415483
-7.103359 5.457149
-6.988724 4.627058
-3.973154 5.143253
-7.058550 6.858362
-5.707495 9.484857
-9.876782 10.123122
-11.420745 8.609118
-10.363320 9.083001
-4.148118 10.683325
-3.838436 5.347099
-3.555778 4.772266
-6.949858 5.188517
-6.162024 2.436938
-8.695445 3.070506
-6.555856 1.996590
-7.927742 1.937259
-8.813235 2.268880
-9.724180 3.097136
-10.734141 -1.082498
-10.145533 -2.985911
-6.368378 -6.113041
-4.272535 -5.029872
-4.113032 -5.836297
-3.940261 -7.913076
-7.523225 -7.700556
-6.317335 -5.170441
-5.751496 -7.860987
-6.577460 -5.117581
-5.457064 -4.655404
-6.924515 -4.975521
-7.217298 -4.727904
-9.282093 1.401941
-8.892218 2.453003
-4.293077 2.395406
-10.872864 -1.976677
-10.863277 -1.628136
-13.329471 -2.945954
-17.814730 -4.035605
-14.166840 -4.126008
-13.160769 -3.634557
-12.991613 1.030052
-6.281766 1.214492
-7.734014 1.379219
-7.624234 1.877916
-7.088563 4.433070
-6.350924 1.114423
-4.334557 -1.661326
-9.303072 -8.558286
-10.604343 -8.539607
-8.629177 -8.403880
-12.857343 -9.490680
-12.163498 -8.833856
-5.081822 -7.242794
-7.213688 -7.639849
-7.641437 -4.119630
-12.950093 -6.141179
-10.848962 -2.935866
-12.331336 -2.383437
-9.803897 -2.719170
-11.527584 -2.393251
-9.949657 -2.607254
-6.552351 -6.223978
-7.051257 -4.386467
-7.392870 -7.434327
-6.045006 -6.842070
-6.900845 -7.003940
-11.473679 -2.293506
-9.669225 -0.028031
-6.726577 2.012394
-8.997497 1.718572
-8.407515 1.710377
-11.962205 3.044101
-11.255222 3.070519
-8.227023 1.597935
-10.461040 3.190598
-8.787660 3.464984
-12.998295 6.095868
-14.709933 8.709769
-11.982473 9.514199
-8.180767 9.456096
-10.820472 9.410683
-7.478788 9.644418
-3.199363 6.803599
-6.346148 6.080153
-5.821436 7.253043
-2.786180 6.335189
-7.569279 5.896221
-3.767153 4.314381
-5.883878 3.586836
-7.680624 4.208338
-7.349370 5.688684
-7.647748 2.665961
-9.221004 3.205977
-3.682988 1.676349
-5.922943 4.078667
-8.137770 3.047455
-10.198882 0.601889
-12.746147 0.614792
-13.203343 4.499314
