-2.017707 17.968527
-2.029881 15.541549
-1.537018 14.268254
-2.913482 12.673889
-0.737519 7.435644
-1.723886 7.548775
1.032759 10.951519
1.892371 9.488032
-0.100547 9.752551
0.054238 10.922839
2.617419 9.975926
-0.431814 8.668555
-1.729177 12.949552
-1.690573 10.813388
6.760282 9.290734
5.178356 11.262012
1.656003 7.190926
2.438070 8.521344
5.683322 11.584007
8.362930 15.749660
3.365747 16.189539
4.997390 16.171331
4.801887 14.041228
5.164215 13.847704
6.588062 15.193474
13.112658 14.899959
7.448421 12.816586
13.189951 13.391270
17.654173 11.520550
