18.365347 -3.453731
17.325092 -2.733336
9.882314 -1.226208
7.458550 0.317424
7.359991 0.549295
7.096202 0.569461
7.776471 0.598210
7.421259 0.633333
7.241766 1.451916
4.847107 1.262390
5.250391 1.171929
3.872531 1.161397
4.997607 1.856176
4.886988 1.587677
3.274668 1.110484
2.156664 1.083679
3.408123 1.558734
2.572749 1.756537
1.112960 2.510967
1.368465 0.494408
0.553086 2.114217
0.544237 0.596122
0.847854 -0.048538
1.514401 -2.079709
1.689797 -2.154537
1.270046 0.078847
1.332251 0.362512
2.279749 2.044892
1.272536 0.927591
1.418724 1.085814
1.670522 -1.478090
-0.497482 -1.494168
1.397814 0.695994
1.061996 1.006882
0.978187 -0.062840
0.511078 -2.270147
-0.212845 -1.335463
-1.726122 -1.653626
-4.314315 -1.608932
-3.887966 -0.555901
-3.731745 2.470770
-6.767845 4.565653
-9.795446 1.276343
-10.503088 -1.227280
-9.772365 -0.514921
