-15.748305 -19.463232
-0.993895 -13.690519
2.047039 -9.008231
4.778583 -9.221473
5.838966 -4.090091
6.180222 -9.040564
8.102551 -8.601645
7.612406 -8.538186
6.036016 -8.639594
8.142286 -8.135623
8.356597 -1.188198
7.977710 -2.717286
8.934873 -9.008468
7.281374 -1.401641
9.323636 -1.803952
8.380511 0.726677
10.324681 -0.705675
10.171078 -1.352598
7.828434 -2.243535
8.325740 0.991147
10.726227 -1.576201
10.388000 -2.588987
9.196899 -1.927408
10.345848 -2.079100
7.548793 -0.949493
0.627974 1.094199
1.492833 0.480450
5.427301 -4.902597
9.485123 2.901452
9.382773 -0.469582
8.273540 -0.042215
8.736208 -0.509963
7.717923 -0.917873
7.968309 -2.697046
10.314362 -2.565147
7.487799 -1.832331
8.880325 -7.905140
9.829241 -9.755827
9.845357 -10.117274
12.954046 -11.259587
10.204268 -8.637727
12.583850 -10.054458
10.158003 -8.051687
10.183165 -8.053616
11.360174 -8.046682
11.185289 -7.405432
13.101438 -7.188047
13.476459 -8.954697
13.933157 -9.991174
10.195270 -8.118867
13.703300 -10.082070
11.790986 -6.511570
11.573846 -8.583316
8.666906 -8.165389
10.631487 -11.087125
12.490055 -8.187151
9.719762 -8.137574
3.116185 -9.999064
6.124686 -6.897064
4.509114 -7.994034
9.881857 -7.878605
11.288902 -7.865079
8.404562 -8.362600
10.744051 -9.749144
9.140471 -10.921401
7.589397 -8.449142
4.037094 -10.702394
5.238876 -6.823921
8.586334 -1.342841
8.148590 0.162246
9.469938 -0.014423
7.928769 -2.329804
9.845364 -2.077180
7.281468 -1.361617
7.894618 -1.287767
11.208342 2.604401
12.463790 -6.034251
10.161969 -10.897737
9.366238 -9.438674
9.061548 -7.887499
9.309050 -9.808614
7.093185 -8.200765
7.343738 -9.064078
14.117668 -8.525340
13.183050 -9.044539
9.703790 -9.555319
11.368056 -10.699228
11.339712 -3.859417
12.130781 1.641047
9.493774 -2.165462
9.087965 -2.130675
11.306391 -1.835680
12.862717 -1.946195
8.816610 0.812568
10.190983 1.785089
7.158244 -0.335457
7.682671 1.035257
11.038697 0.032776
9.004318 1.782288
9.985143 1.322117
9.880358 -0.225437
7.503224 -0.418479
7.759288 -1.365766
7.546502 -1.442939
7.332736 -1.342013
8.653913 -1.286398
8.042848 -0.149344
8.831758 1.275810
4.745818 1.246728
2.542538 1.576718
0.515554 1.874418
1.460899 0.156876
0.932483 -0.732514
1.667809 -0.187934
1.702208 -0.816537
1.373251 -1.135391
1.491434 -1.275298
1.024482 -3.056937
1.785858 -1.235110
1.307226 -4.738224
2.426493 -6.196944
2.350612 -4.591130
2.921857 -5.078366
2.470956 -5.569422
3.160571 -5.196757
1.330249 -3.921548
1.630865 -3.232148
0.237642 -4.455224
3.304702 -5.255833
4.269374 -7.734726
8.634659 -9.367090
3.829648 -6.859311
3.960303 -6.149467
3.698258 -6.179320
3.213055 -5.651597
3.041736 -7.717523
2.286712 -7.361222
2.020098 -7.609019
2.498428 -5.722305
0.298704 -2.607823
-0.123563 -2.475943
-0.261877 -1.781870
0.931149 -1.100749
0.603766 -1.705424
0.295222 -2.273830
0.383561 -2.488512
1.136099 -3.459619
1.584224 -3.517776
1.553105 -2.444963
1.230078 -4.294397
3.727615 -4.273290
4.874187 -4.094924
5.566581 -7.618828
6.139169 -6.428691
8.243048 -2.798131
6.935216 -2.409024
6.115546 -4.508934
9.771575 -11.513971
10.948878 -11.174993
10.691607 -11.127307
7.294667 -11.573596
6.608138 -8.022221
7.042761 -9.001975
5.123418 -11.079568
7.172876 -2.411709
6.869328 -1.019285
7.027202 -0.325907
8.324856 0.419245
8.339238 0.204098
7.224698 1.135627
6.613177 1.154553
4.846817 1.787362
6.292372 1.803645
6.677618 2.029181
5.249312 1.264955
5.715023 1.506009
5.158312 2.272466
7.893152 0.482743
8.083533 -0.257487
7.396122 -1.208680
6.816852 -1.381824
8.140348 -1.591099
8.994986 0.037111
7.565344 1.459230
7.584560 1.573432
6.929834 1.309891
7.147538 0.625764
8.422754 1.128396
8.758980 -0.763355
9.281376 -2.137027
8.551197 -1.837293
9.311452 -2.764218
9.277709 -1.343673
7.694581 -2.609524
7.667409 -0.509284
9.977048 -0.007277
11.683235 1.473783
17.244839 3.928648
19.290592 8.965265
