18.806797 -6.338845
12.281547 -0.953888
8.102011 0.259563
8.501910 -0.616775
7.988793 2.043860
6.366124 1.114750
2.972001 1.163825
3.525368 1.533855
2.685207 1.345456
2.392135 2.391315
3.125532 1.209487
1.643916 -1.245046
0.707762 -3.940977
1.118480 -2.103996
1.444979 0.268891
1.745293 0.208950
1.261862 1.458789
1.733844 -0.358710
0.567689 -0.764026
1.520013 -2.487941
1.294760 -4.495132
1.175006 -0.940619
1.375235 -1.139555
1.394292 -0.752029
1.529735 -1.371014
1.005652 -5.379094
1.583607 -5.541691
4.052493 -4.317449
4.014658 -4.181870
3.436341 -4.235188
1.419293 -5.420296
1.808900 -3.359674
1.610016 -3.646230
