9.321148 3.318206
6.991554 -1.319125
7.814892 -0.477818
6.853831 -1.357873
7.678196 -0.751924
7.830289 -2.114100
7.284862 -2.195848
10.687557 -2.728476
12.131677 -0.705229
13.923298 -4.861649
11.556480 -4.410193
7.532708 -7.890011
9.556776 -2.280398
11.501437 -4.514606
5.405313 -4.720214
4.481034 -4.526576
4.603067 -4.024818
7.334843 -9.071830
6.953749 -1.914752
4.382379 2.201592
6.576943 1.674058
0.698748 -3.882641
0.952065 -2.472154
1.373694 -3.905641
4.539755 -4.346797
4.331232 -6.981151
2.293954 -5.615776
2.460698 -7.019994
4.316232 -6.754816
4.830210 -4.545274
5.517564 -5.825960
4.022575 -5.723390
4.597434 -4.033857
5.674255 -7.320333
5.859378 -6.981834
5.863589 -4.303993
2.845943 -4.925604
0.183467 -3.926895
-0.094035 -2.509607
1.031225 -3.165761
1.533307 -7.656870
0.543146 -7.132792
-0.158467 -7.585193
-0.976707 -9.869488
-4.053461 -14.407432
