18.635103 -2.987331
8.383706 -2.399537
7.360785 -2.002487
7.302617 1.836011
3.941888 1.468635
2.658804 1.215013
1.419252 1.574421
1.756968 1.664051
1.562678 0.034374
1.463567 -0.114437
0.369020 -2.345194
1.858684 -4.215900
2.107160 -4.714859
3.320052 -5.332066
3.141884 -4.647665
3.711595 -4.172631
0.878784 -4.541890
1.023832 -2.971093
1.411502 -4.541480
2.704108 -5.142125
4.974837 -4.201944
3.805740 -5.461580
4.745361 -5.607791
2.250010 -6.209692
3.528206 -6.381995
5.209607 -6.356812
2.991304 -8.649089
-1.017580 -6.681002
-2.280483 -13.927642
