-11.830154 -1.809530
-9.637549 -1.606892
-9.981452 -0.066977
-10.300793 0.481795
-8.840485 1.782660
-10.296463 1.053152
-10.484275 -1.751981
-9.691597 -2.307634
-9.621497 0.324254
-9.781376 -2.419853
-3.740080 0.696177
-5.552732 1.680842
-7.147779 -3.895888
-7.397388 -5.782269
-6.384544 -4.661269
-6.489894 -6.273900
-6.680597 -5.891212
-7.126973 -8.080802
-4.955238 -5.472928
-4.167725 -2.835052
-3.884344 -1.612632
-4.042036 -0.587428
-4.477017 -0.559106
-2.419899 0.058358
-2.225175 -1.320460
-3.361834 -1.572726
-4.190197 -3.368490
-4.715450 -6.116595
-5.514159 -4.459023
-6.282317 -4.249060
-6.921372 -5.124897
-5.633709 -7.306841
-8.204580 -8.625981
-6.952694 -7.795299
-8.541654 -8.921004
-7.402700 -8.100073
-7.619384 -6.572428
-7.601670 -5.465008
-7.394129 -6.047239
-6.903080 -8.034383
-8.415865 -10.260606
-9.311953 -8.252788
-7.827663 -8.342686
-12.659639 -8.826444
-14.690996 -7.808464
-12.942059 -3.350888
-14.882645 -1.117978
-12.933623 -1.947390
-13.296900 -0.014109
-9.697238 -1.978801
-9.950487 0.974201
-10.489372 -1.043752
-12.010897 2.088681
-9.899231 3.406484
-6.708200 9.267824
-5.175202 7.910601
-7.513374 8.097514
-9.077559 10.382524
-11.057882 10.612737
-7.672108 9.028605
-6.128124 6.464482
-8.101557 3.241701
-11.567255 0.945487
-10.787798 1.085026
-11.111065 -2.540163
-9.847897 -2.665745
-7.222371 -4.777580
-5.670914 -6.715518
-5.185837 -6.596436
-3.824955 -0.529465
-3.233439 -1.515182
-4.276370 -0.034786
-2.360247 -0.614998
-4.578014 -4.312984
-7.343936 -6.338538
-7.637305 -5.120559
-5.579074 -5.706582
-7.764721 -8.214047
-9.270649 -8.408130
-6.165425 -8.138973
-6.601411 -5.007495
-4.308075 -3.806776
-5.117407 -4.263320
-4.535804 -4.570942
-5.725235 -4.634878
-4.225041 -4.517685
-3.459575 -3.819940
-3.170750 -2.279562
-1.959107 -2.226505
-4.335001 -2.398416
-4.517729 -2.088103
-4.343127 -3.150132
-3.522514 -2.245931
-4.127974 -3.490880
-6.555545 -5.872637
-5.018635 -5.985604
-6.450537 -4.448063
-5.185135 -5.790404
-3.811739 -5.411737
-4.379637 -2.722187
-4.972630 1.572425
-6.833543 1.353258
-8.011835 1.986613
-7.367145 -4.289341
-10.935795 -2.046033
-9.668807 -2.813079
-6.642907 -7.315361
-10.210445 -1.390688
-10.248239 -1.909451
-12.871487 -2.597525
-15.850724 -1.162417
-13.482035 -0.705909
-11.474335 0.686602
-7.233363 -6.923721
-6.913944 -5.979697
-7.100141 -4.219356
-6.649398 -5.136284
-6.369089 -5.352428
-6.623633 -4.297412
-5.991806 -5.535496
-4.129041 -3.389454
-2.636805 -0.843427
-4.022969 -4.762965
-7.402398 -4.505732
-7.895613 -5.380828
-7.244470 -5.169734
-9.031643 -8.489043
-8.496569 -8.257143
-7.235244 -6.475076
-7.954824 -9.018067
-7.251618 -6.481625
-10.002972 -1.844929
-10.089766 1.859968
-10.359625 0.748548
-11.112943 2.534960
-9.668204 1.284866
-8.394534 1.370776
-9.769631 1.893783
-9.668482 -1.795295
-10.209959 -1.808665
-9.660214 -0.514767
-13.453380 -2.975903
-6.447229 -6.293225
-7.500394 -8.594050
-7.654211 -7.367881
-6.332709 -7.815658
-7.758679 -7.347482
-7.842659 -8.231153
-13.178108 -8.901622
-13.865918 -4.430252
-15.615536 -7.206662
-11.494802 -8.318128
-7.719044 -8.129167
-6.987149 -8.736339
-7.642640 -4.191211
-6.724810 -4.179604
-7.671350 -6.107195
-7.363884 -7.193832
-7.511112 -8.953301
-9.763977 -9.373592
-9.906343 -8.854394
-6.552898 -9.917946
-7.712818 -7.723215
-7.471581 -5.834316
-7.022215 -9.029941
-9.148199 -12.404578
-10.283838 -9.326988
-13.292788 -9.654838
-8.342823 -8.882642
-6.564441 -9.314627
-6.304700 -8.916002
-6.501695 -8.115241
-5.013700 -8.876111
-7.764969 -4.951760
-5.967952 -6.072754
-6.536352 -5.107436
-7.338763 -4.457521
-4.855694 -4.153832
-11.402764 -1.339901
-12.658017 -2.965277
-9.878236 -0.689713
-9.587656 1.470168
-8.946018 1.506727
-10.217912 2.757691
-8.890444 1.657853
-9.936197 2.010323
-9.995940 0.247116
-10.350612 -1.223952
-10.898168 -0.233702
-10.188866 -1.652944
-10.801817 -1.877070
-10.200649 -1.317469
-11.631221 -2.987655
-9.637880 -1.497518
-6.166633 -4.411108
-5.152351 -3.938953
-5.271303 -7.238209
-4.911221 -4.218233
-7.364572 -4.468703
-6.870049 -4.743060
-6.117707 -4.266320
-7.600751 -4.575425
-7.795302 -6.014115
-6.585435 -5.843258
-7.796914 -5.293605
-7.077673 -6.226607
-6.565115 -9.154996
-6.436607 -6.130874
-3.653365 -6.297012
-6.866078 -6.334377
-5.166799 -7.154686
-7.564674 -7.253131
-12.435887 1.061812
-12.711905 -0.148942
-10.853977 -1.627057
-9.806806 -1.419068
-9.703361 -1.508807
-10.152155 -2.124836
-11.126436 -2.304836
-10.307137 -1.035829
-9.876282 2.760699
-7.318132 1.936676
-5.988050 2.559567
-6.511195 3.360349
-4.108783 3.575918
-5.661122 2.477250
-5.095243 2.554411
-4.975623 1.839885
-4.100624 -0.064212
-4.275363 0.139198
-3.432909 1.571141
-4.933814 1.392962
-6.068801 1.272256
-6.527689 1.717436
-4.065611 1.324276
-3.339943 -0.565347
-4.370384 -0.997171
-2.480027 -1.020961
-5.120991 2.099696
-5.305209 3.343143
-5.500561 1.169799
-3.762653 0.536665
-3.901682 -0.255366
-2.606625 0.178358
-2.766764 -1.031646
-6.255927 -6.491814
-5.386330 -5.587726
-7.775915 -4.484106
-6.920990 -6.115915
-7.213275 -7.463082
-6.494383 -5.443994
-7.760438 -6.015845
-7.362031 -8.777141
-9.150484 -11.249304
-6.089960 -9.112211
-7.038939 -8.202104
-10.133407 -8.562228
-12.659687 -8.521323
-10.967943 -8.405469
-10.091389 -8.387393
-10.316770 -11.502881
-14.453106 -7.653997
-14.914007 -5.568561
-13.431671 -7.216752
-15.138071 -6.577409
-12.496462 -8.655744
-14.172361 -7.551805
-13.569037 -2.213435
-12.640085 -0.482770
-6.232825 -6.080429
-6.434213 -7.264667
-6.156929 -4.485553
-6.234717 -6.907059
-5.384008 -6.910462
-5.638901 -6.312581
-3.646684 -6.903297
-4.761698 -5.647440
-5.261807 -5.869673
-6.396255 -6.918676
-6.311859 -5.020904
-1.892869 -3.807280
-4.717299 -6.205854
-10.287967 -8.331771
-11.855368 -9.633777
-7.638896 -4.547985
-13.294733 -7.037671
-13.987450 -10.065461
-9.451624 -8.749026
-14.980422 -5.682624
-14.156269 -4.353528
-14.390795 -4.240976
-14.634303 -6.123805
-13.379412 -4.665938
-13.632748 -5.125599
-14.288849 -4.848573
-13.371622 -3.666580
-12.043263 0.448318
-9.670482 0.585369
-9.960604 -1.153263
-10.637549 -0.836572
-12.320969 -1.329898
-14.910299 1.199575
-10.459086 0.036366
-9.659361 -2.151794
-15.269876 -1.740565
-12.847123 0.578591
-13.761690 -7.596284
-11.122364 -9.175966
-6.225695 -7.558149
-6.874616 -5.017585
-8.060458 -10.104043
-7.209188 -7.405941
-6.478687 -8.793062
-6.446175 -6.585900
-5.255804 -5.166473
-6.657607 -5.814170
-3.409854 -7.387005
-5.477685 -8.711955
-14.606123 -8.941840
-15.685775 -11.412372
-15.737864 -5.082401
-13.283808 -6.016403
-19.335224 -6.880199
-8.576770 -10.731753
-15.343887 -10.152609
-13.379586 -7.661366
-10.985147 -10.309911
-9.260325 -8.274657
-12.226928 -8.851167
-10.655432 -10.058774
-7.334276 -8.309019
-12.118902 -8.205149
-16.568848 -7.332618
-14.191375 -6.953578
-16.528145 -0.723235
-15.156004 -6.951215
-17.279312 -9.424166
-15.033749 -6.059873
-10.488401 -10.295697
-10.811261 -10.480846
-5.819484 -6.852304
-4.386148 -4.454696
-5.186875 -5.205200
-5.923882 -6.730525
-5.825024 -4.831068
-6.235594 -5.006388
-4.904621 -5.576807
-3.479103 -2.961219
-4.164650 -1.700620
-4.423079 -3.286163
-4.297168 -1.860818
-2.571298 0.999801
-4.592044 -1.761334
-3.417518 -1.681059
-0.683834 -2.610351
0.246963 -1.103980
1.696316 -1.619759
0.955362 -2.313975
1.723093 -0.431637
1.452455 0.153565
0.858049 0.125895
1.817429 1.130746
2.420270 2.348890
6.382204 1.242872
9.429239 0.335584
7.806870 0.131076
7.541163 -0.461091
8.594114 -0.617638
6.868742 1.033904
5.858287 1.878572
8.708509 0.025824
8.370606 1.237720
4.854855 2.007334
3.582883 2.131377
4.667115 1.223978
3.265690 1.533995
2.179147 1.902483
1.518376 2.382230
2.000907 2.771198
2.393645 1.583500
1.881527 2.099983
1.127390 2.313518
1.804517 0.719486
1.205837 -0.957162
1.161580 -0.704266
-0.884131 -0.653952
-1.122730 -1.842540
0.230897 -4.768802
4.697871 -4.018955
