-4.487246 -14.893597
-4.479903 -7.231528
-5.882019 -4.118701
-7.382842 -3.956889
-6.998839 -4.447840
-6.092620 -5.133113
-3.655463 -3.646261
-2.578551 -1.227584
-2.157736 -0.751341
-3.270088 -1.718935
-3.477428 -3.113969
-2.884359 -3.445626
-4.497540 -1.770069
-3.636065 -2.933312
-1.593775 -1.304422
-5.692018 2.475784
-3.206382 -0.200718
-2.735037 1.044415
-8.656087 2.781619
-12.405596 -1.805510
-10.673222 1.717057
-7.424474 1.879671
-7.336348 1.721457
-5.092112 5.034704
-7.500859 6.276582
-7.597445 5.967347
-5.925061 9.796503
-8.677390 8.538960
-6.940418 8.865624
-6.452601 7.567599
-6.901874 8.677611
-8.330311 8.628287
-9.740772 9.445234
-9.697091 12.446170
-19.772673 4.739710
-17.991741 7.915547
-13.363385 5.367847
-17.442577 -0.583719
-10.736684 -1.439562
-11.076153 2.405015
-10.128429 1.997189
-7.543508 1.938216
-7.471634 2.624697
-8.350012 2.153884
-11.266294 1.070869
-9.773528 1.737068
-4.430823 1.941031
-7.718217 1.835127
-6.948149 1.212655
-7.595038 1.357863
-9.359596 2.064803
-11.882586 2.667233
-12.854383 0.841926
-11.969779 1.714053
-11.327621 2.417382
-9.742834 2.545513
-8.001921 3.176300
-6.565761 3.315879
-7.500324 4.031630
-6.783009 4.747368
-7.527057 6.895859
-6.572813 2.538537
-14.341212 2.878762
-13.455881 3.881034
-14.601304 8.318511
-9.294098 9.111201
-9.501700 9.938284
-7.463649 8.089459
-8.508085 9.769876
-8.443977 10.014710
-9.310163 10.379071
-12.522886 10.746897
-14.336200 6.802880
-13.207265 9.606978
-11.495258 9.318541
-8.100636 12.641286
-7.681497 9.386247
-7.776918 8.564766
-7.918958 5.694855
-7.559188 5.193742
-5.021601 3.672833
-8.435177 1.580321
-7.508536 3.409874
-10.161595 2.857717
-7.632920 3.208620
-7.360793 5.356835
-7.793332 3.567923
-7.904751 4.426644
-7.180738 6.083795
-7.376253 4.982564
-7.861097 7.872943
-7.779980 5.548336
-6.419883 7.843774
-6.362755 8.412118
-5.258862 6.007753
-5.780943 7.744021
-6.304110 7.672844
-6.227183 6.687123
-7.837644 2.301904
-8.273777 2.610658
-6.757216 5.313006
-8.215184 2.273736
-10.481239 -0.531643
-9.992651 0.113607
-11.447654 -0.160529
-9.415443 1.413864
-8.079793 3.137677
-6.955172 2.428687
-7.656949 4.875186
-11.134233 9.464485
-7.410170 10.315489
-11.500301 9.174046
-11.405191 12.731086
-12.633348 10.287149
-7.193566 9.446928
-7.021206 13.783192
-10.409630 2.913117
-10.365368 3.198842
-14.238426 3.184940
-13.779558 6.144343
-13.270699 5.899284
-15.244889 9.000364
-13.660139 11.329772
-10.255232 8.615193
-11.150992 8.748151
