5.197691 -4.111607
5.058118 -4.849567
3.913583 -4.342145
3.011632 -4.495983
1.284249 -3.828846
-0.257261 -6.594978
1.780130 -6.592261
2.334008 -4.307474
1.140221 -3.754350
1.729374 -2.631663
1.626600 0.392859
1.592816 -0.582986
1.589908 -0.456294
1.629825 -0.449089
1.394509 -0.625225
3.607042 1.456541
3.708905 1.217911
5.061125 1.673339
3.405853 2.252992
2.637342 1.431619
3.871908 1.501257
2.517472 2.230603
2.020077 2.373675
3.426212 2.301548
2.436591 3.215901
3.416763 3.131117
3.809203 2.860153
2.515370 1.791548
2.177548 1.505304
5.740653 2.464896
3.885536 1.345710
3.534891 1.828299
4.587567 2.839237
3.153930 1.993594
5.724076 7.045393
