-5.189660 -8.733863
0.148090 -3.641128
0.071839 -1.237183
0.832216 -0.463588
1.040143 -0.352967
1.638858 -2.042984
0.835454 -2.752614
0.969089 -1.459527
0.968850 -0.792114
-0.052122 1.216120
1.316593 -1.562958
0.708070 -2.322338
1.635225 -2.820456
1.654636 -3.029610
0.617078 -2.668134
0.743008 -3.558847
2.122516 -4.481815
0.130608 -3.824912
-1.938327 -2.486246
-0.524170 -3.035281
2.969360 -4.600012
3.822687 -5.887819
2.983933 -4.395180
2.098475 -4.084249
1.661780 -4.091964
1.171427 -2.645289
1.585313 0.404565
1.015748 1.429863
4.515111 1.170397
3.591671 1.830690
3.925357 2.177772
1.134371 1.363931
3.464951 1.184710
2.654873 2.136078
1.326285 2.333304
3.912187 1.646166
4.288263 2.928468
6.290458 1.379934
5.377681 1.907627
8.637391 0.027760
6.941310 -0.716193
6.825160 -0.574429
8.341746 -2.752207
6.880202 0.149181
7.393546 0.607580
8.283080 -1.387652
6.897634 -2.355266
7.113762 -2.593651
9.513145 -0.664363
6.990352 -1.235121
5.817218 -4.479159
5.975069 -7.045729
5.781260 -5.836298
4.806624 -4.405179
7.249605 1.279681
7.132315 1.883838
7.248819 -1.692173
7.731691 1.020774
7.938666 2.372956
7.390648 -0.162541
7.050920 -2.739991
9.591488 1.220252
7.877226 1.534326
9.567633 1.153856
12.297519 1.461224
12.581284 1.551641
9.557608 -1.952131
9.478989 1.666857
8.832523 3.370879
10.528418 2.678416
7.060781 2.178493
9.850974 7.702452
9.163681 4.860803
8.447366 6.023144
9.250524 5.567496
8.178818 5.817004
7.319292 7.189465
6.768843 4.614597
10.447763 9.975863
14.380499 11.580737
11.751549 9.365304
10.261819 9.889946
8.733312 6.691199
7.502354 8.007981
7.513978 5.959756
6.894528 5.089366
9.668804 4.567837
9.263057 -1.780663
15.072847 -0.152325
19.187878 5.575463
17.065735 6.257214
16.477304 1.745919
16.797237 7.160803
16.145962 6.775307
17.204199 10.973032
16.503078 9.935956
16.193176 6.275889
11.445372 1.006345
11.002797 3.408328
11.657609 3.621840
6.181790 2.671662
8.448116 5.902506
11.266321 -1.343128
8.657751 4.122193
8.687315 9.013221
12.959670 10.722737
15.305279 9.162603
15.173775 5.450008
15.165999 -1.230880
12.554976 2.149061
11.512103 1.144194
10.830664 3.195385
12.620151 2.526855
17.041405 5.005339
15.849480 6.709536
