1.464898 -5.895457
-0.524368 -6.755690
-1.785058 -5.906129
-5.645651 -5.781764
-6.214912 -6.827789
-7.432999 -6.682621
-4.395879 -7.176260
-8.418612 -8.267314
-7.713403 -8.170029
-6.921334 -6.708867
-3.589759 -6.477211
-4.214302 -1.993371
-3.298461 -1.640289
-2.311754 -2.253581
-3.706347 -0.877596
-4.171123 0.256659
-4.035199 -0.773680
-3.700914 -0.147088
-3.911727 -2.849771
-3.335917 -3.069159
-4.225926 -2.133181
-3.221927 -0.764862
-3.565969 0.691630
-6.210589 1.825644
-6.420561 3.198874
-6.192992 1.413903
-7.332318 1.886030
-6.266164 1.151373
-6.529252 1.917332
-8.592521 3.161749
-9.578207 1.623035
-9.842564 -0.157494
-9.669615 -2.960853
-10.034459 -0.742974
-10.558784 -0.051016
-9.596836 1.757077
-7.439929 1.876807
-8.154425 1.551280
-5.608639 1.938316
-7.207827 2.963902
-6.348198 1.548796
-3.212290 0.262230
-3.059523 0.948835
-3.379080 -1.341779
-3.359854 -1.724319
-3.982116 0.386683
-7.263479 -5.808531
-6.149481 -5.291005
-6.671621 -5.153145
-4.010252 -4.091012
-2.892334 -2.299282
-3.666397 -2.876855
-4.274542 -0.900631
-4.061260 -3.202822
-2.445597 -1.206454
-5.005244 -5.669136
-6.666480 -7.862793
-7.511828 -7.780272
-7.424538 -9.417731
-10.933376 -8.135776
-11.590691 -8.413670
-9.687097 -8.186250
-7.397504 -8.876023
-7.358965 -6.852322
-8.444851 -9.305632
-5.328138 -6.936270
-7.635105 -4.625597
-7.718251 -8.654954
-8.704971 -8.337270
-9.546457 -8.280481
-10.774080 -8.824645
-10.778947 -8.097842
-10.882176 0.064724
-12.206703 -2.693889
-14.562119 -2.524675
-10.755777 -2.956435
-11.613988 -1.445281
-14.089648 -3.753333
-19.438654 -13.913515
-12.889975 -8.315721
-10.523832 -8.507224
-11.861223 -11.418223
-9.097778 -8.385838
-10.455847 -8.431263
-14.574988 -7.952426
-14.710733 -4.739251
-7.768162 -6.342316
-6.347333 -7.562663
-13.211720 -6.981335
-15.785961 -6.304088
-12.421293 -8.257784
-10.296696 -8.438828
-3.916254 -8.679061
-4.107831 -6.601675
-3.395613 -6.953887
-4.489271 -9.648949
-5.860104 -7.773007
-4.673016 -6.460169
-3.771904 -3.023671
-2.710156 -0.463066
-3.723352 -0.715316
-6.390133 -4.358442
-9.825119 -0.532960
-9.963591 -0.192720
-11.984550 -0.868564
-7.501809 1.550699
-7.578566 2.043298
-6.962357 3.501808
-10.686043 -0.576463
-16.104805 -2.715471
-13.666348 -5.727836
-15.642326 -5.770505
-11.906983 1.755808
-10.226473 -2.319339
-11.712465 -1.665556
-9.891943 -1.760905
-12.059837 1.110694
-11.977485 2.040289
-8.470815 2.387208
-4.291474 1.227105
-3.365557 -0.930927
-2.778412 -0.349001
-4.286397 -5.502834
-5.675711 -4.265208
-5.075572 -7.475693
-5.739385 -3.895708
-7.535804 -5.027869
-7.611192 -3.962894
-6.395122 -5.597917
-5.897358 -7.705436
-8.059168 -8.610811
-9.226844 -8.664506
-11.439041 -9.862121
-16.270123 -8.458333
-13.660202 -5.859445
-16.284637 -7.530425
-12.333917 -10.121818
-10.948969 -8.857845
-8.596458 -10.455548
-10.012056 -9.432080
-9.921093 -8.696357
-12.583899 -8.297525
-10.284389 -8.432469
-7.413249 -9.254872
-4.127498 -4.011310
-3.602533 -2.288607
-3.675596 -1.080669
-6.206877 -4.311586
-9.130312 1.800148
-7.852179 1.913567
-9.942454 -1.316190
-9.935417 -2.061104
-9.955123 2.930961
-10.002810 -0.165448
-13.998802 -2.634448
-11.878048 -1.602531
-12.701953 -1.610674
-13.303022 -3.822958
-15.696023 -6.504532
-16.784706 -8.863212
-7.614883 -9.841327
-7.365567 -5.717023
-5.084394 -5.223003
-7.231268 -5.960783
-3.916307 -4.393983
-6.282711 -8.027057
-7.594289 -6.636459
-7.010937 -5.758946
-5.954484 -4.445660
-3.557227 -4.197360
-2.051290 -1.286430
-3.580719 -1.405222
-4.042508 -4.715064
-5.947577 -3.955789
-4.884947 -4.075484
-3.236002 -4.836897
-4.261629 -3.625467
-4.432680 -0.630804
-3.786288 2.500430
-5.087460 1.645435
-5.640437 2.545657
-8.080488 1.626898
-8.546282 1.884960
-9.650484 3.409703
-9.670485 0.365696
-10.389784 -0.595615
-14.592330 -1.407008
-10.997480 -1.123115
-12.249207 3.285939
-11.516855 -1.699244
-17.504372 -6.209974
-14.371037 -7.434496
-13.498413 -3.243790
-13.831698 -0.128323
-10.246703 -2.600616
-5.013730 -8.209249
-8.185335 -10.547906
-6.406884 -12.795917
-5.947727 -8.721580
-6.102986 -5.308545
-6.580513 -8.568027
-6.697748 -6.756090
-7.326138 -4.724484
-7.788605 -5.436623
-6.279210 -4.779154
-4.244205 -3.801867
-4.183579 -3.261297
-4.082082 -8.078822
-7.440548 -6.369087
-4.600593 -5.623555
-6.942148 -9.891772
-8.992619 -9.305854
-12.934079 -8.093353
-13.300187 -2.809132
-13.610544 -4.406884
-13.543661 -7.537818
-13.606611 -5.676926
-13.701170 -4.369889
-12.312583 -0.766176
-11.909495 1.680469
-13.417871 -5.090644
-14.473589 -2.652047
-10.815852 -2.304798
-10.973991 2.223943
-7.259038 3.197619
-4.401001 2.146737
-3.965651 -0.160258
-3.679229 0.744605
-4.105380 -1.182712
-3.669264 -0.157457
-2.982969 0.200031
-7.054988 3.454936
-7.642639 1.820691
-6.545421 1.598837
-5.218780 1.155177
-9.694209 1.287459
-10.563290 -2.208007
-10.264654 -1.617937
-12.635067 -2.408277
-11.088741 -2.674625
-11.292252 -0.975534
-9.967762 1.392282
-10.890581 -2.546897
-6.509691 -5.792401
-5.566786 -5.609149
-6.251656 -6.945616
-6.442331 -5.895013
-5.579821 -5.996358
-5.305252 -7.309862
-5.788657 -6.868155
-4.744914 -5.459385
-3.032391 -1.320841
-4.310327 1.838034
-3.128612 -1.124422
-3.279824 1.031291
-5.708028 1.331992
-7.872689 3.263700
-8.689994 1.596634
-8.400696 2.052345
-6.482429 2.315783
-6.857518 1.727894
-3.746505 1.138282
-4.773415 -5.793313
-2.495339 -1.594111
-3.419767 -0.949008
-3.894727 -4.032003
-3.596958 -1.540820
-4.114033 0.637434
-2.955038 -2.033659
-4.451695 -2.115976
-2.761128 -3.180734
-3.977432 -1.738177
-1.522088 -2.101910
-1.981508 -0.491881
-2.503127 -0.881428
-3.551467 -1.061718
-4.137835 -0.257464
-2.430765 -0.135743
-2.900143 -0.592857
-3.950551 -1.556169
-2.070655 -1.920192
-3.189631 -4.645750
-6.796907 -4.624014
-6.606478 -4.810955
-6.899260 -4.219426
-6.526443 -7.105609
-8.470597 -8.398764
-9.443392 -11.893111
-12.992788 -7.960179
-14.987463 -9.273076
-15.099176 -4.999672
-13.224636 -7.322478
-13.550617 -9.381570
-10.007692 -11.161655
-6.240096 -7.658285
-6.092733 -9.993629
-9.184928 -8.386920
-5.308754 -8.505890
-6.732723 -8.759024
-11.209077 -12.112943
-9.329556 -8.722695
-8.850045 -11.426015
-6.238804 -9.760055
-7.070471 -7.035083
-7.065335 -7.445260
-5.675714 -7.009885
-7.756217 -8.240216
-6.131236 -7.914649
-10.317734 -8.816731
-8.207478 -8.012869
-8.165502 -8.131561
-5.793909 -7.293761
-6.259232 -6.478688
-2.740661 -2.473268
-3.618032 -0.863198
-4.559105 -4.073480
-6.071761 -5.130792
-5.918774 -4.839231
-6.564185 -5.300714
-7.350480 -6.703455
-7.808523 -5.362568
-7.320367 -6.067377
-6.502898 -7.296216
-5.575769 -6.847104
-7.079731 -7.490138
-5.770727 -7.554216
-6.734551 -8.673127
-10.481476 -9.771581
-10.884071 -8.265275
-9.512297 -8.479522
-7.594013 -7.991378
-7.527172 -4.176493
-6.592615 -4.915457
-5.392094 -6.255444
-4.889134 -6.190031
-6.377601 -4.490895
-7.393709 -5.344685
-8.846100 -8.033435
-9.571318 -10.047641
-8.572732 -9.670907
-9.655312 -11.757154
-8.580721 -9.681677
-11.011559 -8.259295
-11.376121 -8.597680
-16.490513 -6.802795
-13.881502 -7.496220
-15.963093 -6.880309
-12.919502 -6.784357
-13.142042 -5.288065
-13.179285 -2.748203
-12.209106 -3.005388
-17.131701 -2.357100
-15.190054 -3.494714
-7.430623 -4.639417
-4.984862 -4.041727
-4.456851 -4.885869
-3.549247 -3.206888
-4.575797 -1.295759
-3.557884 -1.464213
-3.743920 -2.001977
-3.712626 -2.435128
-3.903584 -1.040618
-2.522078 -4.461991
-6.550345 -4.469083
-5.881622 -5.776051
-7.664644 -8.496985
-7.087654 -4.776693
-5.325376 -8.794206
-11.588811 -8.745421
-7.954531 -8.998410
-13.966224 -10.281854
-11.477410 -9.911573
-9.826704 -8.463828
-10.792948 -9.255784
-10.111052 -8.666688
-7.857826 -9.194963
-7.217378 -7.332747
-6.154686 -5.732383
-7.181942 -7.354597
-7.365496 -5.755959
-7.668233 -7.426044
-7.224941 -8.692619
-9.069792 -8.411064
-9.979741 -9.395625
-8.084594 -9.606791
-7.322011 -7.606504
-8.422979 -8.570717
-6.474668 -10.288342
-6.927305 -6.576646
-6.408908 -6.505749
-7.302846 -7.962787
-7.238348 -6.310961
-7.304314 -8.444581
-7.174190 -6.439368
-4.494617 -5.644432
-5.135570 -7.343326
-6.899457 -8.281370
-10.511415 -2.821287
-12.761351 -2.175813
-13.470760 -2.608220
-13.200676 -5.649595
-13.018091 -6.683089
-13.787895 -5.777719
-13.489359 -6.686696
-10.864767 -2.884167
-6.811884 -4.401945
-6.633294 -6.927684
-10.530596 -8.222402
-9.495293 -8.170307
-17.667587 -9.996310
-16.669353 -7.727648
-13.459720 -6.158241
-13.179955 -8.469195
-11.628619 -8.262562
-6.422392 -8.403502
-5.949383 -7.520211
-10.712719 -10.329097
-13.078976 -8.414556
-13.187435 -8.445919
-9.647617 -8.365237
-3.470078 -0.583501
-8.775253 2.700558
-5.617865 5.122070
-7.506885 -6.626711
-5.551100 -7.988971
-9.079095 -10.040505
-7.318896 -7.115265
-5.675229 -5.109305
-6.911146 -4.116989
-7.701728 -6.309752
-5.488737 -4.836874
-7.338555 -4.616755
-5.841428 -7.647308
-6.355946 -10.292215
-10.635845 -8.965768
-14.478879 -10.218755
-9.193682 -9.015218
-15.575649 -8.265260
-13.154141 -7.058754
-14.942684 -7.134625
-12.951033 -8.061366
-10.367231 -10.878186
-13.491076 -10.312669
-14.078322 -6.618518
-13.980217 -4.959353
-14.293457 -3.591089
-13.316049 -7.286914
-16.138880 -6.407467
-10.987961 -9.006011
-10.871505 -8.441005
-10.911821 -10.216591
-7.353094 -10.632946
-8.684319 -8.810375
-10.285423 -9.481822
-10.089157 -9.087256
-7.329482 -8.378204
-6.398733 -6.451244
-7.549016 -5.696000
-7.078770 -6.614703
-5.529592 -5.844592
-7.521867 -6.861030
-8.322870 -8.414885
-9.124596 -10.234111
-9.087219 -8.769719
-12.646282 -9.922260
-8.809999 -11.741913
-9.278652 -10.713519
-9.674915 -9.320931
-8.076143 -8.834508
-6.374502 -6.743759
-6.022323 -7.630088
-7.566738 -4.021705
-6.482122 -4.117136
-6.293847 -8.461936
-8.794746 -8.234216
-4.348740 -8.558352
-6.753332 -7.533475
-7.311347 -7.494372
-7.224954 -6.546786
-7.645833 -5.533808
-7.207208 -3.945563
-10.128108 -2.151762
-10.641064 -0.603744
-10.273872 -2.948316
-12.598688 -2.903297
-10.909883 -2.488702
-10.343037 -0.135493
-10.998990 -1.117430
-9.879366 -2.739079
-9.766414 1.109125
-9.232998 1.330770
-9.349264 1.343259
-10.350267 0.524791
-9.941056 -2.893154
-9.814512 -2.028090
-11.096075 -2.333141
-11.485666 -2.836925
-11.329180 -1.206396
-9.284147 2.170822
-8.176753 1.390139
-5.419861 2.050946
-2.874394 0.348398
-3.955716 1.419620
-4.351429 -1.465958
-3.901817 1.499586
-3.120025 -0.700801
-4.290170 -1.775064
-4.242294 -1.018329
-4.541852 1.024670
-4.999190 1.779770
-5.940075 1.167011
-5.979817 3.124131
-5.942512 1.385582
-6.648806 1.997303
-6.838740 2.150778
-5.447735 2.564657
-5.409498 1.195443
-4.662230 2.110627
-3.731498 -0.913897
-4.408447 -0.309804
-4.018376 -0.441001
-3.753786 -1.275412
-3.487756 -1.623635
-1.661155 -0.721392
-2.176600 0.186274
-4.285050 1.051781
-7.220695 1.859750
-6.570430 4.674336
-6.771918 6.112195
-7.425756 8.542505
-5.798576 1.933140
-6.583341 3.502917
-9.501619 3.058790
-3.595289 1.924751
-12.204023 2.585800
-10.181488 1.232371
-9.608695 3.384628
-9.974780 -0.378541
-9.624669 -1.116609
-10.127224 0.317607
-10.004737 0.484968
-10.445147 0.492351
