6.574054 12.874311
5.872432 13.135048
6.671829 12.668648
9.210469 15.905375
4.659127 9.697213
2.047585 9.449969
-0.085063 8.910351
-0.606247 10.035230
-2.767371 14.376958
-1.979574 11.002982
-1.708813 8.161669
-3.664878 12.098483
0.126135 17.694082
-0.157779 16.040190
-4.488400 11.581545
-1.291601 10.394975
0.715427 8.123013
-1.132599 8.838345
-1.103171 9.477663
-1.627680 7.340197
-5.584769 8.570455
-2.097176 11.619877
-1.720925 15.792575
3.074089 17.347136
3.222408 10.956478
3.452065 7.852589
5.011989 10.910830
8.646305 9.567984
6.591021 9.779722
6.829288 8.346104
3.815157 9.973348
8.006518 8.750970
9.701490 10.789804
7.370738 13.674705
6.442290 14.879089
8.084522 13.106819
9.003639 9.591439
6.117557 8.002138
1.435284 10.191792
-2.683771 11.007919
-1.700444 15.533822
-1.154154 15.326902
-2.221545 10.750206
5.083024 10.852010
6.468504 12.863076
6.512167 8.661655
2.909303 10.711589
1.417676 10.544114
1.987924 10.737243
2.011303 9.094899
-0.135448 8.699124
2.900844 6.457219
5.503315 7.614953
2.452545 10.735814
6.552851 11.232890
2.322683 10.735365
3.591382 9.988639
1.808835 10.231499
4.247131 10.376031
5.664635 9.285477
7.145766 14.847328
11.027427 12.090098
-2.553775 9.318542
-1.853093 11.983699
-1.317554 10.165089
1.597646 10.362051
2.886465 9.131671
4.127723 10.417387
2.421518 5.496507
8.174151 14.384627
7.251633 16.523350
2.282460 16.996103
4.684311 17.013847
6.989223 15.807556
6.635508 13.388529
8.036616 15.422286
5.781816 10.064498
-0.077236 10.501744
2.449763 9.341697
2.114186 8.404234
8.530556 14.332788
5.512429 15.338794
6.717946 10.055380
4.622746 8.942223
3.803713 4.420277
1.004591 9.986611
0.763810 9.693833
1.016413 10.214709
5.370126 10.885240
6.246676 9.719510
3.440694 10.721098
0.229372 8.608085
-3.597311 14.232409
-6.458029 14.482942
1.101968 9.465824
1.029412 10.152873
3.113412 8.873254
3.358298 8.888270
3.267697 10.488017
3.167212 8.843852
4.152987 10.896538
3.283969 10.115470
3.556662 9.158479
8.026172 9.150833
5.661530 12.204673
6.115512 13.555214
8.165861 10.512995
4.174980 8.999394
4.330763 9.341035
3.402297 8.547221
3.018565 8.229395
1.495767 9.073140
0.293080 8.378633
1.032053 4.442364
2.423380 7.203779
0.482595 9.855825
-1.701648 8.140572
-0.992342 11.422407
-1.211028 12.065187
-1.506781 15.964221
