17.828568 -6.483373
11.727556 3.233703
14.287788 1.967940
14.858562 -0.422769
14.705264 -4.742093
11.255666 -4.629511
13.260084 -4.392133
12.878000 -2.902405
12.725607 -2.426193
12.706841 1.189613
16.207453 0.598447
11.732680 1.511950
9.127616 1.694361
8.546094 2.502854
6.300015 0.346823
4.727614 2.113385
4.514156 1.027526
4.089927 -0.561822
5.315960 -0.957174
5.161294 -0.194351
5.877408 0.212826
7.387654 1.989329
10.536795 1.453786
8.587014 1.951769
10.526041 1.755428
9.206231 1.279222
10.356096 2.811586
9.982193 1.771025
-5.901729 7.659098
-9.948462 6.081288
