-7.766424 5.241942
-8.324917 4.230752
-7.858502 4.717981
-8.298880 4.365669
-9.495445 5.934786
-7.291558 6.534601
-4.215707 7.736454
-5.210338 7.044767
-4.934962 6.879000
-3.563558 7.339468
-3.141644 10.023883
-1.661174 3.848667
-2.861175 -0.751557
-3.380576 1.109609
-3.137059 0.924310
-6.838293 0.944925
-10.655611 1.152425
-8.071549 3.191116
-7.897740 4.923473
-11.617743 6.260904
-7.629543 7.549427
-8.496294 6.699911
-7.800507 5.922031
-8.635050 4.242131
-7.836481 5.370420
-7.470252 7.345592
-3.608891 7.119352
0.012531 5.094278
-1.045525 3.454329
-1.922864 2.379949
-1.941555 1.080721
-2.957089 0.748992
-2.719309 -0.265326
-1.657773 2.203605
-2.469439 2.901679
-2.310862 1.950134
-2.160470 1.721967
-1.664893 1.590065
-2.269835 2.860328
0.143461 2.099924
-1.706011 4.313662
-2.740214 7.236174
-5.314323 8.016783
-4.820601 7.205247
-7.817491 7.823875
-7.070031 7.267604
-7.454419 6.374333
-7.121909 6.526117
-4.980560 6.492157
-5.735503 7.095859
-5.257572 6.484758
-6.584299 6.532083
-4.387335 6.422609
-0.863581 7.331636
-0.553660 7.413995
-0.342223 5.487684
6.678336 12.148022
9.916712 16.961510
