6.277199 11.365546
5.568494 10.121228
4.400305 7.868004
4.573612 9.951632
5.668767 12.171469
6.308440 12.654885
5.076019 10.367532
-2.919869 7.164739
-1.414988 11.508519
-3.133734 10.234202
1.599009 9.437348
-0.296162 9.499737
-3.062826 12.127391
-3.205515 10.978806
-3.984091 14.138159
-1.582097 10.213319
-2.733985 10.799335
0.915369 9.632177
2.598245 10.362778
0.738659 9.612185
-2.510787 10.874903
-3.470645 11.092444
-2.696527 9.837236
-2.706108 12.485215
-0.632850 10.771553
6.338478 11.543906
9.010232 16.272018
3.823153 10.956546
3.076159 18.500444
3.915573 17.975851
4.841096 16.553114
-0.563190 18.581282
