-1.232983 1.661411
-1.868789 3.668306
-2.190219 5.555414
-2.622548 8.140132
-3.706200 6.985351
-4.229934 6.720033
-3.996542 6.755164
-5.172292 7.628708
-2.231132 6.660810
-1.646374 5.831645
-1.886840 5.836245
-0.076171 6.377944
-5.240295 7.083470
-4.470388 7.191665
-3.992136 7.047799
-5.673785 6.515532
-3.556991 7.810545
-2.491611 7.092463
-1.948898 4.205169
0.198685 4.350846
-1.875486 4.283142
-1.544092 4.249606
-1.142538 3.305823
-0.614943 3.126207
-1.629990 4.698917
-1.990007 6.965983
-2.771361 8.905128
-4.335211 6.310992
-4.359351 6.553984
-5.709551 7.321681
-5.366601 8.171660
-5.801081 10.213566
-9.128437 12.072190
-16.942036 16.169172
