6.748023 -0.353610
8.060685 -1.703538
7.870873 -1.778651
7.393944 -2.219564
5.698656 -2.795160
5.992968 -6.835762
4.914764 -7.648801
1.364916 -8.062640
2.773740 -10.759345
2.751210 -9.240127
0.590780 -12.052041
5.766371 -14.983870
9.415438 -13.089579
8.834197 -12.015370
8.543755 -11.265258
8.208554 -8.695615
7.962782 -10.972611
8.048559 -9.564363
9.255791 -10.447255
8.683652 -9.857366
0.511448 -15.044377
-0.871936 -12.043474
4.055729 -15.531611
1.520966 -13.883638
-0.111519 -12.185838
11.135841 -15.739386
9.350477 -8.563532
10.433951 -15.314342
6.277011 -13.747381
4.424763 -15.384684
-0.067255 -11.717386
-2.836689 -10.079198
-0.852311 -10.284786
0.849128 -18.381310
6.880561 -14.060035
4.691711 -13.967847
1.246574 -12.794774
0.175880 -11.642514
1.650140 -10.782854
2.239517 -10.829321
0.416844 -10.640713
1.337541 -12.896254
5.340624 -14.770659
9.656030 -13.023709
10.606191 -15.200553
9.281724 -15.112016
8.289317 -8.556314
8.644425 -10.007049
8.942409 -11.223844
3.790444 -13.404962
6.987824 -13.916030
0.879977 -9.886519
3.041663 -14.433881
3.816186 -17.276350
5.847349 -14.851998
7.893666 -18.806923
5.884747 -14.144859
9.134786 -13.586158
10.022294 -14.055357
1.277891 -16.352266
0.739837 -8.066155
1.559853 -5.992511
4.366985 -4.643359
4.031926 -6.024104
4.022500 -7.618577
4.874245 -7.023783
5.425682 -6.280333
3.043700 -5.911591
1.812190 -8.027909
8.926965 -9.289947
8.836974 -8.136341
7.854061 -8.354429
8.059072 -11.438265
8.890234 -12.198156
8.693871 -10.126126
7.903791 -11.171847
9.506951 -13.105505
9.457750 -14.155995
8.399377 -14.411826
3.847422 -14.311523
4.060848 -15.069846
1.239046 -15.320180
6.671332 -7.901491
1.583887 -8.182288
3.538087 -6.804906
8.271446 -10.100707
8.091362 -11.385962
8.192389 -8.875382
8.035526 -12.346555
4.025599 -7.933132
1.599800 -8.576986
8.381544 -9.945837
9.322275 -11.440425
10.726624 -13.262007
12.227572 -15.458533
9.737186 -15.238463
5.352056 -6.465880
2.398440 -10.213291
2.225482 -8.927702
9.235727 -10.229697
8.761009 -10.216166
8.440537 -14.557723
2.295391 -9.194040
5.633973 -5.995698
4.434459 -7.751196
1.877717 -11.118024
-1.054634 -8.555285
0.825541 -12.111342
3.812741 -14.353995
6.480327 -15.185134
7.857437 -17.064764
7.643691 -14.314554
5.542169 -14.480687
13.166527 -15.766088
2.899194 -13.986892
4.359291 -15.597249
13.499857 -13.738439
9.804760 -13.989141
11.227734 -13.961987
11.410810 -13.959426
7.974926 -9.119127
7.962811 -10.851235
9.165929 -11.638180
4.521648 -7.558372
1.902082 -6.477757
1.620646 -9.280803
1.343721 -10.890143
2.479016 -9.383254
1.262103 -11.286703
-1.436818 -11.144244
5.437369 -18.797033
7.644996 -14.904902
3.916917 -14.714965
2.243747 -11.057912
8.124668 -10.831135
15.788838 -16.004999
8.265579 -13.779315
8.707582 -11.464152
8.299376 -8.810399
6.011167 -8.072200
3.082215 -14.993030
7.600766 -14.158399
5.371083 -7.570242
0.570051 -11.145056
-0.368924 -7.437062
0.194618 -11.100706
-0.510955 -10.242316
7.423533 -14.968357
8.996713 -17.025454
9.057648 -10.880572
-0.001628 -9.580258
0.648509 -11.365726
1.382440 -11.715604
4.108479 -7.339957
-0.203534 -8.623960
0.987744 -9.613484
2.134940 -11.270112
2.453642 -12.464726
2.268133 -12.565538
1.924695 -11.921247
1.484615 -10.344086
0.649989 -10.363644
2.668687 -11.370101
4.670330 -15.796029
8.562094 -12.111825
7.893873 -12.465896
8.832989 -10.887248
7.845202 -14.152995
7.974072 -8.577178
8.918103 -11.055947
8.561363 -9.622180
7.848593 -11.854445
10.499546 -14.987857
6.711078 -16.399359
2.795498 -12.695547
0.456471 -9.181409
0.724977 -9.204660
-1.361402 -8.317187
-1.696055 -8.194541
-1.283608 -9.142503
2.616787 -11.501134
-1.090824 -11.733508
4.882243 -17.886892
6.921927 -15.776103
5.574799 -13.234988
0.591661 -11.323367
0.614143 -10.070200
8.761707 -9.760063
8.784544 -15.937851
5.774529 -15.331080
1.186619 -12.119335
2.716709 -10.164390
2.752901 -10.060552
3.367580 -5.707720
1.226141 -10.274421
8.533321 -10.298507
8.710941 -8.618352
2.882194 -8.097113
1.904298 -9.638988
5.863512 -13.661563
11.648829 -16.727657
8.653814 -18.549051
13.730021 -14.646085
14.741636 -12.111019
9.327311 -11.750980
9.366617 -12.061120
8.388677 -8.563180
11.163588 -6.282830
15.106464 -7.783460
15.220913 -7.496133
15.708927 -10.228612
4.125463 -16.335651
3.725284 -17.658140
7.085807 -15.968324
8.549948 -12.121110
9.157322 -11.269359
8.762321 -12.598182
16.473530 -15.704902
15.482249 -11.528369
13.908914 -13.782690
11.533214 -13.728299
14.683449 -13.983344
10.901167 -13.963658
8.346262 -12.915648
2.499221 -12.535896
-0.757392 -10.270840
1.275033 -9.843066
2.034950 -8.620253
1.196132 -10.292884
6.695937 -7.857594
5.514634 -7.665864
6.856222 -8.117906
8.301628 -9.674686
9.321643 -8.493119
5.891829 -7.675324
8.762997 -10.760921
-0.582489 -14.284608
2.751216 -12.312689
3.335534 -6.724389
2.401568 -8.435214
7.045909 -8.057433
5.594839 -7.996184
4.707778 -6.588920
5.818151 -8.108933
6.005998 -5.932596
5.671640 -8.190117
4.698396 -6.853933
3.918293 -4.676805
5.808444 -2.336540
8.141588 -2.317258
5.268444 -2.191538
5.785458 -3.461999
4.527129 -6.153105
4.193364 -8.166287
2.386920 -9.582533
1.962783 -8.604129
1.561105 -10.973806
2.579925 -12.320840
0.328025 -10.499907
2.711297 -10.899460
8.478792 -10.912690
2.241818 -12.555852
3.434672 -6.779985
1.176015 -11.418864
2.507745 -10.489451
8.407474 -9.595763
8.136758 -10.527413
2.255369 -11.759248
1.738861 -7.593349
8.258309 -9.883694
8.705088 -8.983906
8.657974 -9.657483
3.219625 -14.216971
9.017561 -15.501203
4.958800 -13.521362
3.621903 -13.406547
4.625832 -13.503104
2.909797 -13.579178
5.305511 -14.523685
4.704101 -14.257936
0.621222 -12.599288
1.229005 -8.504914
5.661843 -7.298588
5.613771 -7.158775
5.291270 -8.020726
3.151548 -7.248836
2.007700 -8.101159
1.883892 -9.525044
6.353577 -14.216782
9.998093 -15.017572
4.710223 -7.944724
2.669152 -9.055156
0.328880 -11.742375
2.067391 -14.883384
6.095145 -7.244477
8.402470 -9.299090
7.494975 -13.845124
4.719678 -13.743083
6.759361 -14.730203
8.940087 -14.431237
12.033832 -17.970858
8.551579 -16.819855
7.133598 -14.137502
7.145973 -14.981133
6.571277 -13.233203
8.812634 -13.306231
7.843087 -10.962645
8.982318 -11.675925
8.830334 -8.429297
13.330947 -14.304690
6.747452 -15.924690
11.557093 -14.102314
11.192879 -14.796015
7.952046 -11.509635
8.097885 -10.621957
9.101575 -12.423394
14.957304 -15.503981
14.527822 -13.700145
10.828485 -13.624928
7.983810 -12.297694
8.331744 -12.756329
8.174207 -13.307618
7.982256 -7.919573
9.372524 -11.847621
8.200792 -14.260023
11.056459 -13.457730
12.763494 -13.696324
12.529577 -18.657923
8.388021 -11.583798
1.128180 -11.930873
2.470737 -11.250817
1.340633 -10.568078
2.326217 -8.149571
2.499019 -10.056543
3.210786 -5.904086
5.919761 -8.184583
3.492698 -8.054317
2.406799 -10.341952
1.502730 -9.370650
2.364450 -4.445386
3.379810 -7.743398
5.373122 -6.669787
1.352866 -12.784772
0.520707 -11.323666
2.004234 -8.620364
5.981409 -6.320327
1.695539 -10.104568
-0.503704 -11.136407
9.007904 -14.076106
8.634819 -11.211705
8.726160 -10.008031
8.382098 -15.713750
9.103857 -14.067260
8.102613 -11.965185
11.579695 -17.305967
8.668560 -12.597131
7.901738 -12.862974
14.409786 -9.384971
17.304508 -7.643810
14.306263 -7.419772
12.384600 -6.795312
17.768068 -15.801639
11.788889 -17.682898
8.902747 -11.569633
14.699808 -14.161239
11.582758 -13.235972
11.626473 -13.843942
4.737309 -13.246163
10.273952 -14.889330
12.205469 -13.320889
7.906161 -9.273965
11.221560 -6.354418
9.518225 -13.167450
8.779608 -14.391340
8.740453 -8.514058
8.250571 -8.197070
8.378468 -11.609185
9.381976 -10.613571
8.960292 -13.716733
11.243392 -14.066875
7.785949 -13.989291
9.243889 -11.887210
5.572467 -17.000208
15.600556 -12.453473
12.046222 -13.890954
8.454813 -14.031166
2.101568 -12.052796
-0.171874 -12.258389
-0.945877 -9.913451
-0.991489 -14.060621
5.586958 -13.863966
8.647290 -10.838872
1.551092 -10.742114
-1.416931 -10.137675
4.896654 -13.989871
8.826788 -14.560760
5.549814 -16.754171
2.012565 -12.145587
5.396025 -7.145006
9.097718 -9.606434
8.987051 -9.331410
8.299560 -11.254573
9.317457 -9.592778
8.199529 -10.036464
8.928188 -10.493752
7.784683 -8.031302
8.814499 -8.637530
8.557708 -8.016733
9.101912 -10.621284
8.335824 -12.047050
10.048604 -13.145255
7.973334 -12.827252
3.981505 -13.561394
1.306244 -10.442609
-1.125164 -10.191863
1.055343 -8.351275
1.188639 -13.629380
2.792800 -10.559689
2.374637 -10.806542
1.030054 -10.076492
-3.009123 -11.057685
-0.356697 -8.967078
5.635643 -14.128255
7.623577 -15.180001
8.079907 -11.386334
4.440359 -5.953494
4.593843 -6.751339
2.865539 -5.264896
3.260172 -8.031182
5.280113 -8.162076
1.138640 -11.972822
1.183898 -11.946574
7.844473 -9.394938
7.413619 -13.471833
17.346489 -19.583452
9.096044 -13.098292
9.253498 -9.416630
8.555776 -10.993793
5.922925 -13.228482
5.840217 -14.250382
8.072598 -15.970487
8.316133 -9.253839
0.028341 -12.665364
1.757237 -10.933100
2.659743 -10.293890
4.466216 -15.483783
9.600931 -15.833896
9.992090 -17.267408
11.215794 -18.621578
7.896333 -14.510293
8.427921 -10.276507
8.535992 -11.012387
10.627010 -16.429152
15.618273 -14.850903
11.904964 -13.518922
9.255914 -13.254291
8.259049 -10.344905
8.929344 -9.548149
11.204802 -7.272662
11.644799 -7.222627
9.092218 -11.617410
11.665298 -14.005369
11.681245 -14.670476
10.726885 -15.409322
10.094925 -14.337298
8.883539 -12.153567
9.175277 -7.924616
8.645882 -9.150040
7.853601 -8.851507
8.698441 -8.012707
8.583248 -8.894858
7.965061 -11.041615
8.808986 -12.030103
8.961400 -16.329683
8.472368 -9.682710
7.959517 -12.696399
17.659096 -14.868517
16.331148 -12.676929
15.540817 -13.151872
15.019137 -10.046130
