-19.843731 11.644664
-9.924664 7.673211
-7.534846 4.276938
-8.163256 3.274706
-8.550904 5.655409
-8.903822 5.611095
-10.516907 3.115215
-5.886173 0.039344
-3.804800 -0.118199
-2.722413 -0.010459
0.261666 2.887801
0.367942 2.835976
-1.635610 5.090970
-2.082911 5.271216
-1.367151 7.554733
-3.462802 6.583234
-2.334392 6.093793
-2.347026 4.146551
-1.869989 4.222531
-1.353307 6.906760
-3.591069 7.740057
-5.255776 7.687064
-4.835260 6.983966
-2.992251 7.456944
-3.190687 7.007531
-6.201781 7.228310
-3.972095 7.279723
-6.657056 6.839216
-8.521090 6.946470
-5.457118 7.623542
-4.924083 7.658823
-3.445863 7.136625
-2.302057 6.612855
-3.278435 7.374921
-3.718689 8.842236
-5.478329 7.826935
-3.542657 6.869165
-2.092081 3.419736
-2.398753 5.420262
-1.297269 4.987972
-1.246788 3.348957
-2.555691 0.808951
-3.789550 0.424867
-3.435474 -0.441247
-3.152346 0.036098
-3.826178 0.939226
-5.925125 0.901000
-5.985171 1.049916
-3.767058 0.802781
-1.371145 0.282498
-1.525156 2.791889
-0.854861 4.325141
-0.370181 2.953441
-3.301192 0.068306
-2.613105 -1.004417
-0.919253 5.947389
-0.468192 5.394187
-0.254539 3.102722
-0.437268 2.079205
-0.671975 3.280094
-2.112307 2.320951
0.337623 0.007459
1.883117 1.138586
2.107684 -0.877803
3.532113 -1.132184
