-11.478055 -18.401936
-4.825910 -10.636109
-1.364844 -8.378986
-1.139970 -6.527044
0.747184 -8.823200
3.741475 -7.279223
5.040184 -5.851456
0.527197 -8.501859
1.683665 -11.193344
1.579772 -13.822846
-0.776406 -10.250150
1.327505 -8.238931
5.419499 -6.720743
5.982832 -7.703619
3.495174 -7.713192
-0.637669 -5.169007
-0.681141 -9.240018
0.623216 -9.510841
2.171614 -11.333896
-0.052284 -10.934063
2.110564 -12.568849
2.303357 -11.622808
1.447091 -9.746097
1.030506 -8.792648
1.115102 -11.039095
5.876271 -13.723277
5.992786 -14.499663
9.258945 -13.548606
8.309669 -13.450381
8.869253 -14.459577
11.686454 -17.688185
3.046918 -13.296359
3.778876 -15.556216
1.330862 -10.724229
2.532682 -11.729875
2.872012 -15.677057
1.394892 -11.352697
2.476321 -11.282517
-1.031541 -11.781257
6.327193 -14.708232
5.344436 -14.345327
6.886545 -15.756261
9.373153 -10.566274
8.419463 -9.222583
8.686505 -7.953805
8.176154 -9.946191
9.290236 -10.905125
11.588516 -16.412863
10.158595 -13.038169
7.603807 -14.219553
3.148393 -14.121133
6.390470 -17.363123
2.548654 -12.709214
0.740343 -9.543289
1.893563 -9.970003
2.622664 -10.486783
2.107907 -9.163945
1.648967 -12.354349
4.570807 -13.330695
2.217039 -16.466755
8.785718 -12.362176
13.873327 -16.045088
16.309534 -13.094874
16.660007 -12.426221
15.571157 -6.890744
14.392506 -6.687251
16.868961 -10.432439
16.531097 -12.827680
11.463775 -13.700965
12.430377 -12.945088
13.047488 -13.924575
8.300179 -13.114841
5.445131 -13.403188
2.755602 -8.591077
1.987205 -5.306834
3.395474 -7.517844
6.392632 -7.940021
8.604746 -8.594165
4.412366 -7.443391
5.143297 -7.254946
6.264457 -2.814327
5.531913 -4.119014
5.650538 -6.544877
5.895854 -5.411097
4.864412 -4.671690
3.766133 -4.396739
4.206301 -7.830602
8.428171 -8.366593
7.882401 -9.368104
9.313528 -11.454299
2.466733 -12.553454
2.335454 -9.949867
14.764103 -11.881111
14.724952 -11.024156
16.955570 -13.116321
15.822036 -12.455625
17.631620 -11.516649
16.510284 -11.283113
17.349253 -13.566770
9.650086 -13.263052
5.226100 -13.779479
2.785455 -14.987533
10.444614 -14.613570
5.355296 -15.223147
4.520050 -16.985510
1.678912 -11.322425
1.622657 -10.814305
0.709647 -9.269324
2.656275 -12.889851
1.969089 -9.285953
1.833587 -9.399365
-0.332468 -8.165746
-0.071501 -8.780217
1.567080 -12.370072
0.562976 -12.867431
-0.631163 -10.228063
-0.339047 -9.697831
4.233239 -13.784915
11.969229 -14.369706
11.286533 -16.594439
9.135142 -11.796178
8.394542 -16.085279
8.737072 -10.053169
4.127777 -7.144011
5.753321 -3.269864
4.886008 -6.977675
0.518166 -13.031633
2.827389 -7.593134
1.783511 -11.194839
4.680031 -13.441700
5.080735 -14.582106
5.648602 -13.595693
6.940781 -15.234048
9.068052 -13.269563
8.323946 -9.954537
8.833275 -9.354060
8.490987 -12.180430
10.384592 -13.574599
11.427187 -13.371255
5.274378 -13.345551
6.691188 -14.483590
8.728422 -15.801446
7.854970 -10.843747
8.316151 -9.586984
8.146339 -11.847951
8.885464 -12.138307
8.499041 -11.404607
9.144762 -9.739688
9.091790 -15.242685
2.790019 -13.596229
2.537148 -11.058116
1.405999 -16.491201
6.434102 -16.166822
1.634105 -14.088845
2.451833 -11.566148
-1.092572 -9.380006
0.247512 -10.093518
0.414512 -9.673985
-0.808248 -11.633534
3.988035 -14.386426
6.429685 -14.890183
10.286028 -18.307335
16.327724 -14.109689
11.500566 -13.058785
6.670172 -13.423522
11.809160 -15.280293
13.594467 -14.821387
10.986031 -13.404320
8.387121 -13.104455
7.301439 -19.171986
9.869586 -16.962208
6.977588 -16.340693
0.692330 -11.616044
2.609628 -10.801306
0.633388 -11.616377
2.314436 -8.435468
1.344872 -8.124702
1.830768 -9.037310
2.116010 -9.613401
0.761297 -9.445162
0.488039 -8.700055
0.934683 -10.258281
2.241370 -9.731095
1.802112 -9.364621
1.800957 -10.742402
2.662053 -7.227788
2.137904 -12.029015
8.192208 -13.095508
8.530650 -11.564908
8.404509 -11.286534
8.522346 -17.989134
1.425174 -12.207761
1.185648 -13.500875
0.405472 -8.850344
3.780306 -6.729632
-0.241122 -11.183774
2.214738 -12.429585
2.767907 -10.100619
-0.427560 -12.847991
8.952308 -11.837047
15.523762 -15.018277
12.364286 -14.002818
8.684705 -9.911491
5.971479 -13.328965
3.040744 -16.172197
0.755929 -12.320708
4.028235 -14.684187
0.652258 -10.524012
1.873658 -10.019500
0.270530 -8.781865
2.398033 -8.731121
4.518992 -4.797996
4.773140 -8.032605
6.285827 -8.137137
3.241760 -6.727685
4.897510 -6.996674
6.044253 -5.278495
3.278119 -7.489164
2.720498 -6.393840
5.881514 -4.540058
4.785256 -6.147873
6.357779 -1.107610
7.971729 -0.401910
8.941113 -2.656620
11.538921 -2.700483
10.716749 -1.793073
7.502410 -1.495007
4.915967 -3.442704
2.585938 -8.544240
1.535058 -10.935310
2.628169 -9.313628
1.801276 -11.493810
1.399341 -10.909471
2.815884 -11.152347
2.460322 -9.866376
2.080197 -7.850663
5.668693 -7.808607
12.094298 -16.183863
8.141542 -13.483593
8.068614 -12.746688
8.911135 -14.320548
8.246883 -12.760001
13.059250 -14.778461
17.551500 -15.252725
15.320724 -10.993446
8.469767 -8.169560
4.413596 -15.384614
5.491495 -13.746314
7.101446 -13.913815
9.633451 -17.114729
8.216330 -12.700530
8.122701 -10.818577
1.622151 -10.515376
0.667988 -10.245669
2.805906 -8.728528
3.253893 -14.087426
-0.245332 -12.016374
2.409430 -10.572940
2.208630 -9.257459
2.001329 -11.331492
5.276312 -14.254633
0.412750 -13.023908
6.037262 -15.625621
7.293341 -17.145069
1.541238 -12.652463
4.932515 -16.137621
1.841819 -13.260883
3.549791 -7.814626
1.110746 -9.000667
1.024858 -10.869030
2.766875 -9.795871
6.787254 -8.136808
4.756534 -14.400037
-0.013438 -12.004735
-1.070829 -14.233558
0.623688 -14.720252
1.808328 -13.314950
0.940138 -8.864805
3.268182 -6.590804
4.290915 -8.096505
-1.309222 -12.269724
4.861695 -16.424995
5.689041 -13.293852
1.683840 -10.844736
10.718182 -15.643139
7.844610 -13.190797
5.231791 -7.655216
8.148659 -9.615348
2.685772 -10.701625
-0.773484 -15.219514
3.597196 -16.762293
-0.079532 -13.460064
2.555752 -11.264611
0.387540 -9.046000
2.150402 -8.561760
0.499988 -6.616787
1.264069 -10.415450
1.233004 -13.569346
5.098289 -13.796208
10.678767 -13.824058
6.977018 -13.648165
6.127876 -13.214695
7.915930 -11.709834
9.073564 -11.789772
7.739596 -7.909678
9.292572 -10.239732
8.555097 -9.790126
8.415931 -11.419618
9.958416 -16.165377
8.509308 -12.480242
8.938063 -9.070981
7.966686 -11.025962
9.250295 -9.147691
9.166861 -10.529351
8.496126 -9.039980
9.175817 -12.373448
3.964300 -15.764049
1.974192 -13.411384
2.625187 -8.932704
2.693534 -8.954651
2.171417 -9.632978
-0.026768 -8.796706
3.241048 -7.129040
5.465585 -7.575819
1.800869 -11.071404
0.187973 -11.397029
5.102031 -14.548712
13.331305 -13.645034
15.157453 -16.297260
13.317301 -13.281234
11.280787 -16.640692
8.035719 -14.128384
3.827879 -13.312201
0.214918 -9.242816
1.071344 -10.582975
5.805307 -8.088325
7.874994 -8.914521
8.717809 -9.605783
9.109043 -8.805564
8.322051 -13.976959
8.284129 -10.328835
8.424333 -11.506654
9.135953 -10.733306
8.405173 -12.002014
8.684412 -12.650876
8.241662 -14.265973
11.644404 -14.171296
7.996771 -10.420414
14.990417 -17.474833
12.009088 -13.571431
16.718443 -13.363297
14.636454 -8.369887
8.341733 -14.615578
8.275305 -10.117746
9.354969 -9.829503
8.631033 -9.673089
8.721700 -11.924612
8.708725 -10.651328
8.168612 -8.156964
9.260166 -9.744126
5.146392 -6.102252
-0.320900 -12.013069
1.259009 -9.094504
5.366405 -13.716800
4.506105 -6.778207
4.591469 -6.785777
3.524955 -6.922688
4.104013 -5.793470
5.382535 -4.511840
7.033257 -14.291781
5.541377 -15.097598
1.906796 -13.641183
-0.902073 -11.873732
2.102650 -9.748509
1.604746 -12.572520
1.029019 -13.752655
2.001630 -12.436551
1.562743 -13.939544
0.871101 -10.827944
2.021580 -5.801140
5.431784 -7.433245
4.721213 -5.379121
4.282547 -2.165380
4.020200 -1.314255
6.913831 -0.390573
7.257312 0.707516
10.452767 3.823490
7.656448 3.254915
8.743511 0.989643
8.849955 -0.324450
8.330181 -2.136284
8.901566 -1.868786
7.438705 -2.188184
8.563191 -2.277815
8.486216 -2.472998
3.945470 -13.776114
9.359055 -14.930694
10.626740 -13.319418
9.167081 -16.448786
7.474147 -13.416602
7.931521 -8.093261
9.010374 -9.627165
9.368834 -9.796069
5.024873 -1.143913
9.916063 -1.723334
11.280228 -5.323365
8.130738 -10.060699
8.960685 -8.074391
7.612475 -8.115842
7.835771 -13.341883
9.213183 -12.624728
7.947366 -8.945520
7.850503 -9.342322
6.752133 -14.310328
4.756030 -16.374800
6.695771 -18.466827
2.376498 -9.079663
1.817449 -9.250663
2.047758 -9.320511
2.057735 -9.650074
1.087256 -8.790158
0.360122 -11.280604
1.933035 -10.823382
0.180065 -12.471874
5.519832 -14.970430
2.926248 -14.237392
2.294891 -12.256370
1.962422 -8.985673
4.996871 -7.274901
3.223290 -8.189008
1.569119 -9.996972
0.872177 -8.871199
2.363736 -9.976567
1.993913 -11.232828
4.657537 -13.510983
2.119941 -8.645257
3.287343 -3.984116
18.653370 -10.979531
10.972398 -14.054676
10.384976 -13.459481
14.211468 -13.024898
14.680638 -12.211770
17.242548 -10.472852
13.203140 -7.416364
10.283625 -15.125832
12.314838 -13.781789
8.147594 -11.864549
5.613148 -14.105043
4.097022 -13.231210
11.602800 -6.350344
12.854433 -7.542462
8.876136 -7.864398
8.516735 -9.804604
11.469272 -7.674614
8.294787 -8.011678
5.102941 -7.939422
4.446820 -8.087744
5.216476 -8.007671
4.909156 -7.444436
0.213304 -13.400701
1.592110 -12.639544
0.896801 -10.424371
2.683684 -10.277078
-3.541883 -10.118264
3.023877 -7.216467
0.336723 -10.368999
1.206127 -12.541685
1.537996 -12.373666
0.833434 -11.343652
0.907688 -11.582658
0.300904 -14.286906
0.223815 -18.995146
6.530147 -13.259486
7.894670 -14.137946
7.542431 -14.318360
7.180104 -13.782063
6.835957 -14.093493
11.797978 -16.373148
7.666847 -15.042939
9.027133 -9.821433
2.050421 -8.858714
-1.535094 -10.510127
1.397550 -10.870849
2.082638 -8.848804
0.123534 -12.079996
1.780655 -12.905480
5.774969 -6.884289
2.984951 -6.561493
2.688195 -5.949412
4.259242 -13.546735
7.319900 -13.977265
2.408051 -9.965470
1.343201 -9.356731
4.931484 -7.674217
9.177306 -10.206153
8.251060 -11.408936
8.360672 -13.366609
9.471762 -14.660281
2.246548 -8.759816
3.672778 -7.044236
3.662127 -6.302039
5.122912 -6.614516
4.479000 -7.312491
0.989676 -8.397083
2.024924 -9.143378
2.690345 -10.015044
0.826068 -7.656488
1.183134 -10.498604
-0.059792 -10.986205
0.631153 -9.706260
2.444775 -9.993999
8.046013 -10.095233
8.261812 -12.569449
9.568059 -13.941554
11.180553 -13.641215
8.770982 -9.965501
8.183760 -8.829822
5.825391 -7.750812
4.880992 -13.733462
8.688015 -16.941488
10.803909 -13.873107
6.354801 -13.421412
6.012089 -14.082383
8.585185 -15.721852
8.730158 -10.720474
8.614263 -10.546252
7.942828 -10.815931
8.539292 -8.824570
8.346058 -9.121303
1.476738 -10.804362
2.990240 -13.540771
5.432436 -16.085886
9.212408 -13.567277
6.686352 -14.130490
9.289008 -15.230991
1.823285 -14.863541
4.992177 -13.903650
2.727857 -11.721513
2.367658 -7.159470
4.861639 -7.778927
3.184429 -6.058832
2.451356 -8.594522
8.009980 -10.894193
8.566978 -10.196129
7.830597 -8.142122
7.046464 -13.730886
5.510254 -14.337003
5.578527 -8.080043
6.039494 -5.896457
8.150835 -13.891120
7.882843 -13.509721
11.780640 -7.809730
12.293293 -7.480702
6.073981 -7.001726
8.401304 -8.002320
8.245243 -8.828084
5.430722 -7.166967
3.349270 -7.685947
1.817361 -9.171091
1.989794 -11.225144
0.474152 -10.103985
4.081552 -15.685113
7.913896 -12.024636
12.613110 -15.807363
12.375571 -15.434685
13.011181 -14.226298
4.437949 -15.065226
11.399435 -15.595052
7.965714 -9.850139
9.178200 -9.153914
8.521307 -8.711136
8.291605 -11.093373
7.399060 -15.211798
0.777709 -15.152970
3.406510 -13.578878
2.848743 -13.387156
9.121281 -11.096364
15.426714 -12.670254
13.184811 -15.538187
9.949455 -13.769034
8.595094 -10.524428
8.544288 -8.834323
8.191314 -9.849910
8.961086 -11.013575
5.766037 -6.587487
7.536322 -15.144378
10.911749 -13.014945
8.371459 -7.849063
4.733425 -7.399557
6.723880 -8.079332
4.317727 -8.194905
7.518798 -8.084575
2.634648 -7.951548
4.173503 -5.877153
3.787649 -5.209511
1.693266 -8.901276
3.557307 -6.528258
3.327873 -7.195655
3.193118 -4.026974
4.674744 -4.071599
5.429374 -4.101870
4.930949 -7.539213
2.645953 -11.856956
0.217652 -10.523438
-1.315563 -13.818779
5.553497 -14.121595
3.986558 -13.910913
3.507627 -15.105583
6.773986 -13.405545
8.856401 -9.177846
8.381474 -11.067877
4.705778 -7.584660
4.722330 -6.640716
1.547550 -12.828828
0.327311 -10.653816
-0.265837 -12.610994
1.213171 -11.161283
-1.596952 -9.135612
3.085103 -8.068610
2.048633 -10.984441
0.738133 -12.292994
2.487812 -13.684257
2.592027 -11.691531
5.413099 -15.560583
5.810313 -14.528401
9.080790 -9.999249
9.115706 -10.542533
8.689965 -9.262029
2.849738 -14.153385
-0.433175 -12.386372
5.096265 -14.971223
2.446982 -15.702632
1.709941 -13.469802
1.425363 -10.621644
5.739071 -15.302090
7.515715 -16.957979
10.570036 -19.993921
5.748567 -13.795357
10.618457 -14.084683
7.895288 -11.707978
-0.339062 -14.140131
6.934028 -18.278105
3.396721 -13.436387
5.108928 -15.419744
7.581613 -13.390178
5.856120 -15.580301
2.783296 -10.089083
1.559097 -10.505074
0.596906 -13.635970
5.296494 -13.715723
4.663542 -8.171390
3.846238 -6.120883
2.263778 -8.836623
2.796084 -8.809562
2.112467 -10.624419
2.080177 -8.317369
1.888896 -6.385637
0.402407 -11.328971
1.268495 -9.255505
0.938739 -10.282805
1.859883 -12.940309
7.951208 -9.412482
9.051912 -13.566778
2.801170 -9.510913
1.524652 -9.485814
4.382312 -6.660229
2.692379 -7.396546
2.533210 -10.214832
6.985175 -13.343414
9.198064 -12.637819
8.309041 -12.583083
9.106785 -10.971721
9.220881 -8.017003
9.319769 -10.914456
9.600489 -15.282676
12.783270 -16.785685
12.937981 -12.953124
7.655107 -14.660747
3.093003 -15.344962
2.005604 -8.577334
2.545128 -10.210741
6.507787 -15.896331
6.414512 -16.115736
5.151202 -15.261548
7.688888 -13.215142
6.837124 -14.212726
0.145894 -13.313977
1.105301 -12.683546
2.808207 -10.945727
2.934867 -6.449112
3.952639 -7.553124
3.373968 -17.159582
5.570573 -17.570890
2.788349 -12.487199
6.487612 -13.951261
2.385144 -12.154033
1.672476 -12.295287
1.109220 -11.410527
2.356615 -8.605411
9.051441 -10.508380
8.310887 -9.536825
8.462523 -12.083763
8.295117 -11.047391
8.660951 -9.773112
-0.288199 -9.597175
0.945346 -8.161275
2.803536 -10.467526
2.084294 -11.220439
3.224333 -14.207898
7.846531 -13.506269
5.379560 -15.231039
12.017425 -15.503577
11.196724 -5.448485
8.774227 -9.777243
6.128112 -7.231024
3.457017 -14.822713
1.316775 -12.635373
6.017864 -7.750131
4.047918 -8.150704
2.733021 -12.716384
0.106167 -11.504800
4.898711 -13.471333
3.720118 -13.210246
8.647516 -15.429894
13.567359 -13.525046
8.687346 -12.201242
8.552667 -7.941411
9.134746 -8.742497
8.336349 -12.531341
8.595666 -7.854542
4.721102 -8.146890
-0.093551 -10.101359
2.708884 -10.608693
-0.189911 -10.735841
2.867490 -13.515642
2.525915 -13.002578
6.579382 -7.872236
8.448524 -10.806170
8.521515 -12.819709
3.818678 -15.448859
11.583335 -15.585333
6.228553 -14.048243
5.512717 -13.255857
-0.979198 -14.363381
1.022947 -14.127441
2.084682 -13.471726
2.308522 -11.654458
7.921202 -10.273849
9.192387 -12.664346
8.411243 -16.335558
3.181066 -14.796662
3.535975 -14.879540
5.185534 -7.799401
4.173826 -6.268099
8.468458 -8.592883
8.424839 -9.093845
3.462901 -6.449122
3.455455 -6.079988
3.968040 -8.059515
4.782295 -14.764575
6.767747 -13.274594
0.255778 -8.552658
-1.407409 -12.818762
0.735299 -10.895424
1.798908 -12.832833
2.783756 -12.839855
1.988228 -11.417644
2.498173 -13.556877
5.380142 -14.761594
7.870438 -14.946482
9.307230 -12.062441
8.829640 -12.452824
8.880705 -8.532256
9.052985 -11.410665
9.575313 -13.771152
7.129491 -16.207727
9.171734 -8.784304
7.964249 -12.310616
8.880486 -8.087390
8.466581 -9.328982
8.146931 -9.714684
7.212060 -13.709608
7.516198 -15.584153
6.907615 -15.348384
2.743099 -16.645956
2.789177 -12.814914
3.313616 -14.047112
8.939616 -19.612570
10.271783 -14.446034
16.092356 -19.532570
19.801239 -17.310318
16.446772 -9.907632
19.000778 -11.347880
19.040730 -10.240060
15.577213 -9.136332
14.797459 -15.066230
9.367914 -9.090009
8.640869 -14.848967
4.908236 -15.220757
13.155989 -13.698878
7.299459 -13.988237
5.992977 -18.918304
3.606558 -13.403556
2.760901 -14.146874
2.446505 -12.449917
2.084618 -10.655307
1.649888 -7.899733
1.727222 -9.687157
2.823863 -12.710658
-1.324160 -10.512582
5.043341 -6.891583
5.405953 -7.724585
4.151631 -5.651580
2.792649 -7.442560
2.814969 -7.290611
8.928944 -14.791175
-0.264050 -9.630375
1.745465 -11.241574
2.263902 -10.808301
7.062242 -13.581335
5.969541 -13.241687
5.405798 -13.998460
5.275156 -13.873839
7.571411 -15.782025
2.021466 -12.753928
2.673732 -8.687498
2.170118 -8.309647
3.625292 -7.236896
3.204475 -7.597899
3.578734 -7.399461
0.460065 -10.187526
1.343385 -5.864495
4.768565 -3.796189
5.256653 -6.275371
4.730940 -6.799036
5.804079 -8.172141
2.405644 -8.599374
-0.429080 -11.868773
-1.929508 -10.190246
1.098167 -8.448108
2.175061 -10.434957
-1.315704 -12.565406
1.378366 -8.698890
5.970521 -5.666070
8.606188 -11.749406
10.033094 -17.124605
6.047340 -14.657075
9.042252 -15.039217
8.484605 -15.539760
10.142133 -13.660558
8.216480 -11.235419
8.824645 -10.641235
8.995362 -8.601581
8.709922 -8.356839
8.961805 -9.783965
8.677172 -9.400828
8.537322 -11.063344
5.470318 -14.983993
8.008459 -14.974634
8.480111 -11.798751
10.966890 -13.278117
6.102228 -13.982331
4.794694 -17.715815
7.420860 -13.838203
10.380625 -14.518167
8.080804 -11.666349
7.858030 -10.480647
1.962375 -11.056691
2.152166 -9.533650
3.224496 -13.582456
2.896889 -13.521791
2.832942 -10.149710
0.558995 -10.839246
0.880896 -8.263839
0.340332 -10.152968
2.217432 -10.060021
4.886375 -8.190269
7.123733 -8.122715
3.644089 -7.284040
1.979778 -8.271850
1.986534 -10.734614
-2.758993 -11.358232
-0.059423 -9.812780
-0.889946 -10.849319
5.119167 -14.815239
5.756722 -13.945592
12.137942 -14.477741
8.177353 -13.052026
7.904395 -10.948274
8.980114 -13.275549
6.732371 -14.952312
11.096376 -15.010130
10.604198 -16.710968
11.688890 -6.671499
7.989521 -11.053779
9.745077 -15.696799
8.446844 -11.972661
9.113616 -13.988273
10.555334 -14.551161
12.659130 -14.044206
13.785826 -16.909311
8.844500 -13.916947
12.609102 -15.778591
11.807452 -13.931572
12.665253 -14.632627
15.837557 -18.178246
12.373655 -15.565557
13.842466 -14.961573
15.112459 -15.752868
17.877735 -5.428534
8.284030 -10.521384
7.637986 -8.080482
5.214080 -7.895366
4.780590 -6.817888
1.629099 -7.271543
2.211560 -10.814349
2.895747 -7.380285
1.050159 -8.977002
2.442304 -12.042361
5.257795 -13.875873
12.436041 -18.099930
8.511424 -17.021713
6.249434 -14.687579
6.336180 -13.273034
8.337066 -10.354759
8.201563 -8.293700
9.859512 -13.380371
8.688068 -9.494552
9.362623 -10.590341
8.033982 -15.266483
11.855088 -14.738369
12.085468 -17.017103
8.307105 -13.569858
8.202230 -10.951282
8.562360 -9.559642
8.826221 -12.581367
7.914654 -10.403824
9.084950 -10.118761
9.010545 -10.229163
2.595365 -16.193823
2.644099 -8.946302
2.128145 -11.050969
1.636391 -12.669679
-2.032292 -12.945072
0.563652 -12.234509
1.147385 -10.530778
5.907523 -7.924808
8.243242 -8.122403
8.099621 -10.220253
8.392350 -11.217190
8.200311 -10.154926
12.869995 -14.417759
5.960389 -7.666087
12.635050 -17.512247
9.351722 -13.036175
4.290815 -8.031949
2.807115 -7.088536
1.347024 -8.235265
2.941657 -7.407228
6.660908 -8.064219
0.647163 -13.299348
5.137269 -14.505851
9.713029 -13.601623
8.446390 -15.615800
8.209171 -11.816213
2.664014 -7.716314
4.949930 -6.936013
4.672303 -8.114723
5.745080 -7.534568
3.317069 -6.069872
1.440011 -8.624961
0.571119 -10.554981
2.654969 -11.459557
1.321809 -10.844193
2.340072 -9.714929
8.669662 -10.113440
9.101770 -8.171303
12.457703 -14.893336
12.663666 -14.467583
7.960998 -10.624813
6.017568 -14.149253
4.840580 -13.307405
1.415170 -14.359647
2.064943 -16.658485
7.333673 -14.667916
10.736730 -14.553470
16.497719 -17.946321
8.458907 -10.665647
9.176143 -12.149676
5.080176 -6.656621
2.771408 -10.232911
1.568236 -9.940645
0.435496 -10.928710
3.135021 -14.468577
10.036077 -16.079872
10.133417 -13.191651
6.685849 -13.642371
12.292604 -14.503053
10.592483 -13.156391
8.903874 -8.924071
1.992832 -8.623406
-0.934701 -11.707425
-1.424577 -9.709912
3.176079 -13.250964
1.234726 -8.977771
3.484395 -7.054995
1.411205 -9.218049
2.592515 -8.250753
3.848247 -8.092151
2.363217 -15.342798
1.577428 -10.120707
9.200803 -8.391408
8.595510 -11.976531
8.553080 -12.149920
9.160722 -12.230377
5.557235 -13.529542
8.951886 -15.818116
3.176762 -14.596576
3.997866 -14.000335
8.892861 -10.607995
6.912451 -8.081141
5.280585 -7.458869
1.130745 -7.228905
0.740853 -9.947956
2.005737 -10.015701
8.149685 -8.919583
8.895905 -13.002988
5.343931 -17.344208
1.990010 -14.387582
2.272543 -9.021843
2.344144 -9.277440
1.601627 -9.578074
4.616722 -6.209857
5.435473 -7.696795
5.618623 -4.396208
2.949647 -7.680179
4.271390 -6.382940
5.511741 -6.799661
3.821292 -6.666982
13.478912 -7.063873
11.170343 -4.493409
11.302561 -2.403444
11.561798 -2.022055
11.516967 -4.973444
9.079504 -8.977244
8.012401 -9.631173
9.081223 -10.450940
10.924809 -1.878233
8.834419 -2.523451
8.270669 -1.359902
10.772804 -2.321196
2.097775 -11.360838
3.538842 -15.660796
5.187318 -13.339398
5.979851 -7.170483
12.221730 -6.867792
9.160482 -9.044259
10.188472 -2.481222
8.831623 0.225518
8.574112 -0.617100
8.960732 -0.453240
7.182594 -0.754827
6.593847 -2.466476
9.376599 -1.666739
17.683903 -2.834237
19.754238 -5.731445
18.403202 -0.717597
17.219009 -2.341476
16.008289 3.048852
12.717420 4.039163
9.640358 4.249776
6.409675 -0.326808
8.893507 0.447425
7.994268 1.063476
8.503447 -0.898014
5.756474 -1.252080
2.613377 -9.187313
2.723744 -4.819921
5.057371 -4.404141
8.457882 -9.083938
8.352851 -9.307320
8.955077 -9.032573
8.178026 -8.015346
3.732448 -5.476560
2.575748 -7.491181
1.927795 -8.106347
11.445685 -7.439668
17.165073 -11.272115
16.259369 -10.925393
14.504773 -10.475397
5.747023 -5.099109
2.982173 -7.334980
5.521114 -7.649148
10.125114 -2.339497
11.022154 -2.469994
11.897816 -2.438174
10.020882 -2.245381
7.775302 -2.043370
11.178684 -2.514385
8.400119 -9.669294
9.342774 -8.209878
1.148750 -7.656826
1.326345 -5.760254
2.608843 -8.064012
4.923672 -7.713686
3.473522 -5.852114
0.003683 -10.347489
2.071942 -10.057681
1.571337 -10.446681
1.981908 -7.789151
5.144794 -6.932859
5.223145 -7.278046
1.389078 -6.859360
6.043079 -5.976135
7.945357 -9.971911
8.459911 -10.857593
4.870140 -14.524552
3.543424 -13.703797
4.543633 -13.783653
0.946771 -11.115988
0.434180 -10.897349
2.277046 -12.108350
-0.583199 -11.033928
0.055979 -11.654296
2.595078 -7.399457
0.480743 -11.711131
0.832299 -10.313499
2.025822 -8.121412
1.391431 -10.820540
2.473785 -10.341593
2.989271 -13.330626
-0.605727 -15.470889
2.575850 -11.090508
7.905618 -12.954658
8.335556 -9.913638
8.026230 -10.893464
8.841250 -11.861607
8.067874 -10.942592
5.860655 -13.572350
9.544296 -13.504609
8.810064 -13.069340
9.221867 -9.365695
9.075816 -13.373464
6.659335 -14.088677
5.770235 -13.308305
1.685384 -12.918107
-0.666848 -10.684009
2.836915 -9.620843
2.359395 -11.413688
9.682642 -16.109190
8.919192 -14.645315
9.427380 -15.101474
12.412594 -13.411992
8.442208 -11.090456
9.252064 -12.390985
5.978837 -13.556244
8.653662 -12.580340
8.146479 -13.035856
18.470520 -13.961869
11.924974 -7.453784
7.374703 -8.084435
11.225878 -12.880628
10.312005 -15.401960
8.018366 -10.302936
9.360065 -11.578439
8.230365 -11.672883
10.372963 -13.959899
10.987716 -14.334769
3.876843 -15.109962
6.025476 -14.540935
1.848856 -13.683769
2.498234 -9.798512
0.958109 -10.250534
0.997622 -13.727506
7.883131 -12.033367
8.439564 -9.315230
8.165861 -9.555246
5.865952 -7.210491
5.631311 -6.820595
3.908391 -2.878246
6.012663 -2.219259
9.754117 -2.263235
11.806513 -4.729970
6.363474 -1.571733
3.992090 -4.529412
5.823559 -5.007993
8.418929 -8.401110
8.601651 -9.482131
8.141827 -14.260402
9.146830 -11.145747
8.093717 -9.825141
2.739739 -9.721909
1.616155 -8.373249
2.497101 -12.785237
6.328493 -2.652792
8.591560 -2.527359
5.487211 -2.091554
3.928508 -3.131478
2.416474 -5.028683
5.375933 -5.371439
5.135720 -6.914791
7.367577 -8.178574
11.779411 -4.118048
11.450364 -7.732677
9.358988 -7.912521
8.437137 -12.246998
6.068591 -7.978637
8.314476 -7.887687
4.973506 -7.959174
2.230656 -11.315986
1.941069 -11.021569
1.602911 -11.402284
2.016775 -10.240422
10.517227 -12.867704
10.349195 -12.937573
6.861097 -13.408716
6.604841 -13.235097
8.315129 -11.847982
9.102579 -8.028223
11.293701 -6.635915
8.717310 -9.512864
7.858715 -10.202458
6.603204 -7.886707
6.064025 -0.955880
7.974003 -0.875608
7.383995 -1.055709
8.148849 0.022927
9.188547 -1.723507
8.012759 -8.381120
9.069343 -15.081474
13.382021 -18.169809
8.889674 -14.452977
4.327165 -6.473823
4.866514 -7.932968
8.674435 -12.050298
8.639090 -9.773439
8.583138 -9.178784
8.039289 -8.036944
8.283836 -9.073756
8.211162 -10.829083
4.242435 -7.951806
5.649628 -5.024636
5.357792 -6.875835
0.425579 -8.625969
0.534963 -10.117749
0.316165 -11.640690
-2.956757 -11.474404
3.516067 -13.810264
1.469903 -9.358749
0.080702 -8.524919
4.779958 -7.201766
11.905599 -5.228430
8.737000 -10.048725
7.889355 -9.350709
11.921779 -5.684865
17.531385 -14.376994
9.451423 -13.181170
17.158125 -15.279349
15.693546 -9.235127
14.825359 -12.067572
15.273918 -9.394512
15.511716 -11.174676
16.849497 -15.286214
13.120976 -13.640117
9.010806 -10.320993
14.172705 -7.656971
8.113405 -8.049058
10.081723 -13.899211
11.142651 -17.284138
14.716285 -10.645899
17.300476 -7.586199
17.682636 -9.212203
6.436481 -8.085920
0.230655 -14.320386
0.385442 -15.080668
9.067762 -8.360091
9.203569 -9.005980
11.791326 -7.471196
11.285124 -4.919291
-0.039124 -10.647608
0.608400 -7.225914
1.490179 -9.038145
0.525801 -7.316865
5.235710 -6.115187
4.969521 -6.022367
4.458660 -7.382024
5.474271 -4.906574
2.866443 -3.166356
11.435078 -1.643769
14.991826 -1.540924
11.051870 -1.933170
11.269691 -2.914590
8.468903 -0.002491
6.502924 -0.838692
4.467116 -7.561373
4.105119 -6.467825
4.885798 -4.324133
5.483300 -6.705291
11.441805 -5.373339
11.573416 -3.238054
11.576629 -1.863055
14.707008 2.643796
11.831617 4.940876
11.371298 6.957206
10.185261 3.808852
11.639507 5.468335
11.102979 4.671299
7.205154 4.032693
14.158436 4.290740
12.781526 3.784587
10.071667 4.176142
8.013399 5.109581
7.288680 3.471801
7.846765 2.978781
4.513416 -1.017046
4.418282 -3.320965
4.658104 -6.702993
5.734612 -4.943302
5.858207 -4.050896
5.216144 -4.068157
6.392020 -1.254873
6.813360 -2.355137
8.268346 -2.704321
8.850180 -1.197741
7.098020 -2.585593
6.915461 -2.811072
5.875595 -1.349294
7.923163 -2.211196
7.500990 0.729375
5.928080 -3.067914
5.804520 -3.802155
4.833155 -7.510659
3.140367 -7.778187
5.186658 -7.014511
5.132813 -7.983132
9.154453 -8.196918
9.189877 -10.902408
8.178885 -11.282228
8.996478 -10.358359
8.337588 -8.451734
8.796433 -12.289723
13.867851 -17.450171
5.058315 -14.578297
13.729767 -13.042352
13.058788 -13.258797
11.956043 -13.182650
8.670022 -12.949067
7.943232 -9.179133
8.771132 -8.281570
8.788660 -12.834388
8.077167 -8.241065
5.586225 -7.717665
5.916245 -5.353945
1.245015 -10.176026
0.110860 -10.229785
8.117737 -8.948682
8.338499 -9.517974
2.362044 -10.606730
2.828912 -8.638375
2.838790 -7.525226
2.324051 -9.420915
5.173898 -14.041357
5.445396 -13.513047
8.498478 -12.985700
8.074110 -7.829937
3.694509 -7.604566
5.889991 -7.120234
0.507784 -12.330798
1.506808 -12.518893
4.359140 -17.796013
1.155218 -19.499319
2.203917 -12.675778
5.174360 -14.014359
4.935501 -14.355205
4.612083 -6.556807
5.026415 -7.158505
9.637215 -17.524557
4.771197 -14.710176
6.871737 -14.835712
8.391436 -9.765334
11.557602 -7.273836
12.694718 -6.780204
14.400975 -6.896099
18.422775 -14.681611
13.157547 -14.546052
9.326499 -13.293339
8.301526 -14.649761
9.321462 -10.440585
8.931022 -9.367842
8.681656 -8.632054
6.830738 -8.059603
3.560031 -4.374721
4.637896 -5.672537
5.737067 -7.961257
6.086807 -6.742942
5.476317 -3.839236
2.966869 -4.188450
3.711708 -7.046385
1.588784 -7.400222
5.221098 -6.253869
5.995925 -7.185943
3.886034 -7.876883
2.232273 -11.691861
0.793892 -8.586446
1.969871 -10.674697
1.617598 -10.795040
2.325635 -14.450873
5.496948 -16.067245
9.396050 -13.947298
7.958887 -10.563906
0.723009 -11.221534
1.326034 -7.764691
-1.135666 -11.051147
-1.099980 -10.787990
2.156773 -11.295468
8.180007 -9.207332
1.801499 -8.238502
2.004651 -7.086698
7.458346 -8.166815
4.111298 -13.946510
9.410322 -17.327009
13.505856 -13.355035
12.722188 -12.863864
16.710936 -13.439488
17.351664 -17.147058
6.040563 -14.393516
8.999902 -9.112185
8.268269 -7.969334
7.787365 -14.878356
9.153090 -15.939535
14.935773 -10.061669
1.722262 -11.779919
2.409612 -12.585118
2.883275 -14.261058
7.294825 -17.128702
11.405126 -17.894461
9.224947 -14.887822
8.308923 -11.221042
6.312526 -14.009972
0.064043 -15.839919
-0.671852 -14.484788
1.022924 -9.629187
2.294893 -9.684420
2.083544 -12.184427
1.771288 -10.487579
2.649411 -16.414515
10.108217 -13.738387
8.430800 -11.873630
8.098450 -10.358945
8.567855 -9.815921
8.151732 -8.153976
8.894059 -10.614596
1.788265 -12.808602
1.619750 -11.567299
1.966686 -8.830660
-0.445190 -7.203207
0.938562 -9.645751
2.812326 -12.375775
2.169417 -11.518261
2.639852 -11.708459
2.213435 -17.478024
4.998384 -15.991237
6.132905 -19.395571
3.577292 -13.510667
2.064637 -9.565336
3.023540 -7.208012
8.900535 -10.002641
8.859612 -9.368038
8.686861 -10.072591
1.080155 -10.671017
2.115971 -10.672385
2.805031 -13.292912
12.997332 -17.461037
16.391832 -15.945537
14.749460 -15.582429
6.279171 -15.006371
4.548195 -16.854544
6.015282 -18.244093
9.201955 -11.546852
8.928122 -13.584569
15.249504 -17.218315
13.125021 -16.140125
16.383705 -15.870246
14.689172 -15.654981
1.726699 -7.592202
5.066255 -6.831992
5.955939 -7.668973
3.091452 -7.697375
3.862292 -8.029405
2.174043 -12.735454
1.609082 -11.315928
4.706611 -13.268989
11.013820 -14.360515
9.555460 -18.057123
8.580076 -10.456931
8.866915 -11.462299
10.657749 -17.892059
6.224411 -13.628371
-3.257073 -13.147617
2.601465 -15.022562
11.943966 -17.845301
1.262328 -13.056026
9.296091 -16.756586
4.041696 -13.456075
5.577463 -14.694475
8.707209 -14.805646
9.745738 -13.312885
8.022183 -15.038159
8.122118 -13.821399
7.889864 -10.831822
1.592868 -9.012709
2.813783 -8.537553
2.058332 -10.089612
2.024111 -11.437793
2.522912 -10.861646
7.673072 -8.047870
4.797946 -7.532506
5.517556 -7.385740
8.161441 -11.009598
8.885840 -8.585204
1.716153 -11.018203
2.129688 -9.859863
5.875786 -13.636856
7.465617 -13.527514
11.315249 -17.901192
7.644255 -16.093710
8.206598 -17.204569
0.904800 -8.793646
1.378145 -10.428292
0.449325 -13.925293
7.052758 -16.993660
1.874973 -11.816631
2.028850 -9.451103
2.156984 -10.511622
3.472513 -7.912557
8.915342 -9.345362
8.091889 -8.812710
3.610961 -7.411244
1.887255 -9.680692
1.259108 -10.569396
1.765310 -11.095990
5.647113 -7.337132
6.001531 -7.849456
5.743524 -7.548768
9.148567 -9.351911
9.289911 -10.354466
7.964482 -9.059680
0.266310 -8.412816
2.175057 -10.623016
1.389530 -9.803096
4.518227 -6.174821
1.909764 -10.090705
2.983082 -15.753097
6.281221 -13.236027
7.293100 -14.462590
6.113065 -15.482100
8.905220 -11.407453
8.499185 -10.760011
2.087356 -10.199733
4.123218 -14.164104
1.950959 -12.118466
0.889267 -10.761495
-0.687053 -11.870278
2.596877 -9.093387
1.971455 -9.547055
6.612859 -8.152972
2.307084 -9.270077
2.058722 -11.259955
3.067612 -13.307052
4.762887 -14.529564
1.661589 -14.230712
2.355287 -8.525661
3.998173 -7.116258
3.437836 -6.322201
3.579469 -6.815988
1.481652 -9.087758
2.347240 -10.736455
2.257887 -9.327279
2.390042 -10.460509
2.327768 -13.273961
0.926554 -9.096450
2.416648 -8.260944
1.861924 -10.086112
2.825783 -9.530065
0.866377 -13.184098
7.179492 -16.397440
8.939495 -10.601969
7.946652 -12.792233
7.941391 -12.743224
9.988399 -13.926882
13.697353 -17.127369
3.876741 -14.723220
0.797702 -10.290008
1.040837 -9.839450
1.689063 -10.682156
2.172757 -10.925422
1.276056 -10.017604
2.249631 -12.444685
0.265395 -11.912917
0.674369 -10.747294
0.680282 -9.242291
4.314620 -7.441290
5.074673 -6.833750
2.383239 -8.323562
1.214279 -7.757608
2.167814 -7.459819
4.788048 -6.703224
1.669516 -11.360868
-1.225328 -13.174775
-0.155054 -11.776804
0.605693 -12.658497
3.516299 -14.211636
2.734380 -13.363694
2.768174 -12.874956
0.613499 -14.264626
4.606243 -13.430688
8.358175 -14.232178
8.359156 -9.952899
8.541374 -14.984505
2.878288 -16.853182
4.617553 -15.358141
8.164709 -13.997689
3.455125 -16.299070
1.756681 -12.764581
4.608088 -14.285146
-0.833799 -12.442755
1.508821 -10.052779
0.941912 -8.182675
1.305895 -11.773408
0.140917 -13.185552
6.005214 -14.937649
6.520100 -13.603234
7.970444 -13.352492
5.585659 -13.436439
15.357301 -12.899449
5.886467 -15.123699
6.496273 -13.338862
9.021595 -14.944304
8.569652 -11.401793
8.996783 -8.718638
8.287567 -9.489358
9.383436 -7.921027
7.551867 -8.186886
8.514189 -12.742241
6.657706 -14.133873
5.315963 -14.023061
4.109748 -14.862367
5.069826 -13.392964
3.948436 -13.602666
3.872283 -13.884768
1.540014 -12.528787
1.607409 -10.779389
1.403057 -11.656460
1.864530 -10.198757
2.569087 -11.318851
7.587495 -15.440007
6.165731 -13.541897
2.515795 -13.955625
5.547218 -15.293045
5.407680 -13.692515
5.452396 -13.382202
5.570933 -14.602088
1.773094 -16.706984
1.399312 -15.107420
2.616498 -9.387355
-0.650902 -9.938005
1.017140 -11.329271
1.818425 -9.569819
1.475269 -11.849986
1.830300 -12.276147
1.168684 -15.297220
3.790747 -14.572656
0.010765 -12.069280
2.103154 -9.602241
1.101320 -9.493451
1.878830 -8.626275
0.459308 -8.800826
2.078482 -10.289589
1.647671 -13.076452
6.071668 -15.358255
4.480044 -13.580876
7.588534 -14.692511
8.833595 -11.364659
7.133329 -15.066416
8.600956 -12.007057
8.645338 -8.685531
8.270687 -11.188375
9.199961 -10.190339
8.723138 -11.263140
8.127406 -9.444058
9.313932 -10.800362
11.349571 -15.598271
15.388367 -18.111544
16.702982 -12.152411
10.847374 -13.892401
6.782537 -14.616555
12.826559 -15.170533
17.201307 -12.332913
18.770294 -8.852248
15.984922 -10.062865
15.510338 -10.776629
14.537569 -12.661437
14.792905 -13.657298
15.534083 -16.093777
4.316137 -13.295062
0.947634 -18.716230
2.242221 -9.217368
0.405332 -10.596003
0.546354 -7.898508
2.214965 -11.790200
-0.618849 -11.019193
1.702461 -12.266471
2.439791 -11.061280
2.656773 -9.218368
0.078566 -8.814024
3.623809 -7.949317
1.210811 -7.053232
4.043653 -4.758417
5.490738 -8.010323
5.868728 -6.765652
9.074553 -14.626646
6.123212 -13.533391
13.338465 -18.412819
6.521297 -14.713306
4.076972 -13.818284
-2.427364 -13.802388
1.588884 -8.779893
2.924983 -7.556025
8.456994 -8.279971
5.585368 -7.903389
2.740658 -13.511653
6.959009 -17.460430
9.980498 -13.873407
9.470805 -13.239038
8.412952 -11.330258
8.376485 -12.415574
7.915544 -9.737742
9.189283 -10.172708
8.237525 -8.240318
8.010695 -10.123130
8.830464 -12.380569
7.764366 -17.500826
3.088037 -14.648328
7.995512 -10.655859
1.749668 -12.447109
1.359061 -11.692146
-1.527151 -9.609778
-3.469694 -15.739020
5.684950 -18.779108
9.550203 -13.693150
8.602551 -10.510690
8.172333 -12.569117
5.007229 -13.461859
-2.357648 -15.196331
2.302918 -12.602700
-1.088186 -7.973060
2.855091 -5.936262
1.717447 -7.657373
2.223320 -10.574880
2.196316 -9.241810
0.038021 -11.230940
-1.722255 -9.967870
2.710910 -5.896438
1.242406 -9.058843
7.850179 -13.873233
9.111716 -13.543168
3.326451 -13.919707
-0.653666 -11.363051
-0.369443 -10.376756
2.826050 -7.006365
2.736188 -9.441540
3.320606 -8.055602
-0.339993 -10.314861
1.280541 -10.352662
-0.018587 -8.855395
2.126695 -10.722123
1.610792 -11.169564
2.892371 -14.219641
3.748489 -15.770642
-0.637718 -9.090670
3.095919 -8.014968
3.082328 -6.947582
3.772159 -4.619750
4.316572 -7.551336
0.559982 -7.384801
1.053177 -10.009033
1.603753 -11.759336
2.425566 -11.315579
0.622223 -9.385252
2.363245 -9.715875
1.870131 -11.442401
0.608166 -12.192246
2.360171 -11.741038
5.295659 -7.267167
5.458715 -8.090889
8.913187 -9.063606
8.578486 -9.072767
9.290945 -8.917462
2.619365 -7.756152
2.035988 -8.817681
2.627874 -10.188287
1.096616 -11.645510
1.484951 -8.104270
2.462167 -10.026383
1.424808 -11.853635
6.490281 -13.716479
10.325202 -15.554553
5.708138 -13.400022
8.763084 -12.375455
9.206293 -10.690683
9.054195 -9.783255
7.694148 -14.010447
7.969560 -11.351801
10.674524 -15.867585
12.094230 -13.195029
3.972418 -13.386500
10.137728 -15.451514
7.882755 -11.156213
9.051630 -11.013890
9.410423 -15.343322
6.005359 -13.838301
6.238891 -15.674435
8.230564 -9.876786
2.222864 -12.087329
5.747096 -8.016719
0.725052 -7.234164
2.783434 -11.205581
6.489175 -14.479928
7.253431 -13.648303
4.676479 -7.708776
1.841721 -7.066155
2.331432 -11.563664
-1.073113 -15.626582
6.415016 -15.163482
7.669621 -14.521974
8.048572 -15.070336
10.047338 -14.298009
4.057024 -13.263828
0.266782 -15.315791
1.963966 -12.685586
0.470260 -11.869575
3.941276 -14.901958
5.579142 -14.945244
8.402233 -14.440025
10.751850 -13.841717
6.346981 -14.396489
5.063097 -13.251605
-1.108292 -17.532316
-0.226866 -11.383016
0.871052 -12.027928
2.445868 -8.081009
2.834743 -9.370551
8.341482 -9.818103
8.858748 -11.226985
12.239482 -6.842668
4.778527 -6.416470
4.352179 -3.753096
3.262917 -7.612036
6.397364 -8.082875
3.040483 -7.483345
5.583285 -4.590385
4.835446 -5.727821
2.483882 -7.104764
2.655481 -10.234488
1.993150 -14.241198
6.154975 -14.815147
9.924496 -13.653472
7.847368 -10.778528
8.056185 -12.983867
9.669182 -16.616167
5.775528 -13.224862
8.511024 -19.806532
9.350981 -11.080957
9.110827 -11.085441
8.132623 -14.496209
9.428022 -12.959769
8.229118 -12.848334
10.415538 -13.118933
4.543967 -8.091727
3.865307 -6.384912
5.960145 -6.529460
5.156353 -4.587590
5.816457 -4.805594
3.231055 -6.325528
5.800967 -7.619675
7.973353 -14.419598
3.178421 -13.459247
6.558710 -14.018117
0.055941 -9.890214
1.968937 -10.103557
17.926533 -11.634266
14.654577 -12.150519
8.324747 -8.334180
8.590435 -11.183846
11.957150 -13.988009
13.202936 -16.061092
13.028835 -17.447489
12.168983 -15.673537
13.271990 -13.328585
9.173505 -8.730271
11.167629 -5.884281
5.222250 -4.337729
5.817019 -3.876769
8.606400 -8.423053
5.189543 -7.003279
1.894660 -7.749091
2.074041 -11.618260
8.445541 -8.828235
7.862025 -12.750274
7.990969 -7.997429
3.241323 -7.535755
2.364866 -8.096904
2.344874 -10.228713
1.783929 -10.691480
2.748137 -11.905236
0.757658 -9.670413
1.218962 -13.645141
4.855118 -16.171780
5.012202 -13.793778
5.448511 -14.018022
2.384666 -17.894003
8.286043 -10.764485
2.824950 -7.018453
0.114156 -11.504508
8.002081 -12.219147
14.784752 -16.572725
10.398198 -13.143290
7.223741 -15.333543
13.533099 -16.100668
10.518890 -14.429296
7.953850 -9.167554
8.199485 -10.664202
8.141229 -10.361440
11.895069 -18.898190
12.125908 -16.555216
6.436631 -13.361852
2.808079 -14.397161
4.099997 -15.533360
2.585445 -14.021113
-0.042689 -9.174879
-0.530464 -9.179603
4.322554 -7.255640
1.663087 -8.612699
2.725954 -9.866954
1.374977 -9.344877
2.970417 -7.966038
0.546968 -11.048539
2.577698 -11.726301
0.991238 -17.052626
10.567465 -14.648177
8.639030 -14.169852
8.371021 -13.908072
9.025406 -13.434239
8.730767 -8.519431
8.848896 -10.695590
-2.070589 -13.681982
-1.664364 -11.357726
0.978775 -12.831763
5.264623 -16.084892
11.086248 -13.424151
14.919106 -15.129800
5.720779 -14.083065
9.579578 -12.901418
8.740318 -11.709113
8.874910 -12.634437
9.003777 -10.403509
9.096445 -8.093633
6.329370 -8.032164
1.847971 -7.573583
6.123388 -7.026846
2.347847 -8.359072
3.601578 -7.588058
7.638036 -8.147586
9.189351 -8.548694
8.580865 -9.251781
8.174931 -11.198285
8.795568 -10.113980
8.101571 -12.620243
7.320928 -17.012659
-0.699857 -10.884180
0.925238 -11.187185
1.079721 -8.120608
3.056429 -7.979238
2.699976 -14.620927
6.586858 -15.593718
5.560294 -14.258721
1.265994 -17.122221
2.411929 -11.194584
2.829368 -9.550164
-2.712273 -9.668271
1.089845 -12.524207
4.623519 -14.127887
2.533783 -13.911057
1.980519 -13.487651
3.884853 -13.802421
7.367746 -13.265136
5.750906 -13.611290
3.224234 -14.212779
0.734575 -11.326793
1.561888 -12.785158
2.399129 -13.381280
2.418682 -9.951975
2.305640 -8.901340
1.361606 -10.746667
1.976616 -8.860332
1.632349 -9.282915
2.359491 -8.187190
1.072816 -9.095127
0.863691 -9.961651
3.008966 -4.199953
0.159170 -11.000637
2.087456 -10.610302
1.213510 -9.702875
1.044409 -9.250035
4.311563 -7.133496
2.431259 -8.377319
2.204799 -9.119981
2.057132 -10.604569
1.583507 -14.641385
3.542074 -13.852410
5.902387 -15.147750
9.173763 -13.654935
8.217258 -12.286193
9.027456 -10.794959
8.908141 -10.594478
8.666533 -12.082638
8.979303 -11.242464
1.986949 -10.574449
0.596392 -9.415158
1.521947 -10.811389
1.695187 -7.287293
2.667850 -6.790510
0.361520 -11.949721
0.444281 -14.349681
7.305408 -14.075076
4.192639 -15.843442
0.511582 -9.555009
2.650004 -9.404615
2.833458 -9.899827
2.658695 -7.662063
5.932865 -5.704079
6.111790 -6.858466
2.640544 -7.660823
6.987136 -8.087154
8.750386 -11.455667
8.599542 -9.203765
4.953790 -6.494177
1.970647 -8.201559
10.953601 -17.794176
6.459178 -15.690679
9.039457 -13.255254
8.903862 -14.238372
4.659697 -14.141135
7.410420 -14.711137
8.360963 -13.661008
8.763141 -10.683179
8.669733 -13.337682
8.297190 -9.626674
5.727765 -8.192813
5.698182 -7.035983
4.179161 -4.814624
6.102887 -7.266964
6.092826 -5.688579
3.943671 -3.851978
5.556229 -4.075121
4.391023 -5.710732
5.704701 -4.585768
5.340672 -4.303151
5.763330 -4.703078
8.290706 -9.569762
9.231184 -8.672980
3.596740 -7.003726
0.370837 -9.062818
2.757171 -8.030500
4.467271 -8.190268
4.650537 -7.581751
4.775105 -8.107838
4.917666 -7.721594
9.053022 -11.187196
8.926358 -10.396562
9.153547 -8.059513
8.243889 -9.455103
9.273293 -9.867049
8.301062 -11.637598
8.235346 -10.356992
14.858332 -12.631494
-0.411052 -11.607837
1.495586 -10.271848
11.986629 -7.751749
11.585794 -4.215020
11.877111 -5.176709
15.123690 -12.630731
11.511890 -14.081208
16.830280 -12.590466
11.574011 -5.873545
13.661540 -16.957911
17.212128 -17.480980
9.654893 -13.127740
8.944461 -10.115621
8.003692 -9.116710
8.445466 -9.354300
9.141630 -8.710606
8.375075 -8.891213
9.134760 -9.045467
9.124561 -11.366640
8.893825 -10.427987
1.676689 -13.074294
8.040932 -10.754972
3.465425 -7.427854
5.862324 -6.575799
7.022800 -7.964625
5.848534 -7.261158
8.059558 -10.035306
12.090179 -6.745217
8.218647 -9.638041
6.893342 -13.870563
0.520242 -12.585174
0.785138 -12.599042
2.335142 -10.105292
-0.650413 -8.229300
2.321693 -12.200526
8.439309 -8.843219
5.693385 -2.295615
7.634508 -2.320497
6.782741 -1.902085
5.018285 -1.687288
5.719332 -4.432153
5.645387 -7.954068
5.814909 -4.241672
6.114365 -4.481686
6.677573 -8.020440
6.464307 -8.063107
9.005571 -11.307737
7.070786 -14.065817
8.352580 -15.292699
6.115304 -15.029262
5.602487 -5.934771
4.501621 -6.256226
5.090831 -5.530627
2.798569 -5.030732
6.038687 -5.103324
5.497962 -7.856942
4.492215 -5.828767
4.873445 -7.365941
2.625119 -10.068762
2.699526 -15.548104
4.279602 -13.465941
6.318840 -14.316800
4.020309 -15.554481
5.630108 -14.766982
8.099906 -13.496566
0.551032 -9.462116
0.717521 -9.915597
4.638562 -5.664420
2.715330 -10.067473
0.716413 -9.762577
4.823100 -6.689500
5.119046 -7.623190
17.970215 -16.244377
7.767046 -13.722293
7.046964 -7.987849
2.537631 -9.385732
2.242819 -9.277438
4.957204 -8.167171
9.040163 -8.557261
7.963646 -12.017934
4.961798 -8.130607
4.741676 -5.992650
2.265949 -10.889004
0.189376 -13.830650
7.871670 -13.795565
8.669131 -14.772567
5.222219 -13.790067
3.765322 -15.402709
1.450761 -12.090645
4.279251 -14.749197
6.172299 -15.114369
8.523682 -16.295187
8.120296 -10.975928
8.110503 -11.511078
9.344023 -9.632489
7.921948 -9.103806
8.287691 -8.052612
9.317377 -11.924490
6.403417 -15.133595
6.034529 -14.993533
0.161608 -13.227286
1.834591 -11.181720
2.721923 -9.796197
3.635820 -8.133472
14.734432 -10.846134
7.521279 -14.501704
8.578448 -13.834527
9.258779 -11.280559
9.317761 -14.967071
8.858263 -11.460652
7.244605 -8.146635
5.998827 -7.267559
8.666418 -10.450444
8.439541 -8.810239
3.616794 -15.972024
2.644701 -13.900500
6.241673 -8.188748
4.167968 -7.191184
0.717007 -8.317730
2.518347 -10.343553
2.079003 -12.952220
-1.075304 -9.447968
-0.134215 -8.528405
2.757277 -11.822291
8.530662 -10.377534
8.698650 -11.752004
7.943308 -10.262080
8.148193 -11.084821
9.028933 -8.856852
8.077954 -8.530636
0.907745 -8.460885
2.448779 -9.609086
1.426827 -10.594996
1.472231 -8.958179
1.516134 -11.838235
7.228246 -13.490047
6.471792 -13.956387
7.500667 -13.261779
2.747073 -14.441797
1.591535 -12.521787
2.425661 -14.164817
3.908708 -18.422819
2.042731 -10.262657
1.690439 -11.952418
2.582281 -14.045159
3.984765 -13.492365
7.013114 -13.589907
6.790915 -13.899013
1.103643 -14.741617
-0.721790 -13.475388
2.128556 -11.076613
5.021636 -16.942081
6.444710 -13.888063
1.704820 -14.482038
10.154435 -15.850603
9.653852 -15.556229
8.083150 -13.305013
8.627535 -13.714386
9.380301 -8.088712
4.175892 -7.824213
2.882675 -8.077977
3.863832 -5.520632
4.316930 -6.556504
4.734244 -6.797384
1.646422 -11.777730
-0.090201 -10.126595
1.756221 -12.776868
2.170698 -9.383840
0.593655 -10.408046
-1.476033 -14.423304
5.048238 -13.941468
8.080683 -13.834351
10.902519 -12.841477
9.503835 -13.266685
7.107544 -14.992216
7.845686 -14.708375
14.462423 -8.543057
11.404415 -5.804453
8.366508 -11.255848
7.952516 -12.417274
8.371239 -12.294967
8.243617 -12.006862
6.364854 -13.753572
9.453930 -17.577972
10.520472 -16.129768
8.648521 -12.066888
8.848899 -8.474816
11.750340 -16.104094
12.737262 -13.167370
17.048525 -18.544565
14.891987 -13.284362
14.289194 -14.482896
9.873836 -14.108176
8.202439 -15.370322
4.349877 -7.403920
1.859520 -11.692204
1.935126 -9.511584
4.088516 -13.296968
5.887422 -7.916227
3.326007 -7.703988
2.717684 -7.715665
2.062910 -8.382372
5.333107 -7.192068
5.496009 -4.988024
5.443476 -3.891465
5.729445 -3.718658
6.513242 -1.122207
7.845109 -2.096080
9.052681 -2.243233
10.155197 -2.300587
10.055361 -1.604018
8.882680 -1.879711
9.098887 -0.955106
8.031234 -1.671228
11.018489 -2.637515
8.578342 -1.900975
7.303654 -13.557384
4.936186 -3.279963
2.223537 -7.560439
4.178224 -5.617347
1.833553 -7.523749
0.161752 -8.069435
1.160480 -10.645476
2.828766 -9.637843
0.683777 -9.479119
1.266745 -11.085641
1.053843 -9.478173
5.698861 -8.008105
5.461273 -5.451311
3.729963 -4.615170
5.994323 -4.174544
4.254855 -6.751719
-1.756552 -12.383123
-1.551858 -11.587495
0.144838 -11.778839
2.707947 -12.865979
2.729740 -11.739664
2.611545 -9.471899
2.565499 -10.404985
2.397968 -13.556664
1.582693 -13.064301
2.329210 -10.292716
8.734461 -14.130177
11.293055 -15.426398
8.912987 -10.642428
8.737823 -11.136165
8.654097 -8.732178
11.742371 -15.393603
11.291880 -14.847822
5.851614 -13.985339
1.982488 -11.772611
6.351352 -14.990356
8.130764 -15.145244
3.726513 -7.508656
4.468354 -7.679767
9.912043 -13.443705
12.166827 -19.286512
8.826187 -14.409465
15.517325 -17.169548
10.796104 -15.651606
15.096682 -19.403898
12.721908 -15.732308
14.671988 -17.356615
11.857980 -14.143220
8.418785 -9.416278
8.589403 -8.603689
9.374863 -9.578650
8.042540 -11.698833
8.531807 -9.590775
8.011830 -15.278417
14.080910 -15.062266
4.725226 -8.077490
8.433459 -9.644257
7.919869 -9.089772
3.604364 -6.844089
5.221774 -4.356785
5.861042 -8.055407
6.012089 -7.652947
9.451347 -14.642922
8.961472 -12.815754
10.415134 -14.717593
5.959251 -14.709966
2.818736 -14.909462
2.043376 -10.490161
1.524802 -11.164965
2.366013 -9.656006
2.041884 -8.315815
2.038448 -7.938469
7.841275 -7.929062
7.337474 -7.872240
1.872358 -8.206314
2.590442 -9.482438
2.346128 -13.092865
0.657613 -13.281144
2.977211 -14.975695
5.261039 -18.620003
8.341687 -13.032457
8.217468 -9.284555
9.094829 -11.513629
8.489585 -12.399256
7.941750 -7.856980
2.311523 -10.464212
1.935607 -11.146884
2.523857 -12.778915
1.972771 -7.718074
6.650152 -8.189125
0.399037 -10.805930
1.051785 -12.125235
1.586907 -10.957786
-0.834060 -8.229104
1.623880 -11.217708
2.272346 -11.705741
0.769179 -16.675268
-1.579957 -13.014748
2.770390 -12.206862
0.256753 -10.065574
2.030681 -8.922091
2.132685 -9.999682
2.354637 -8.826692
2.709744 -9.303851
3.980077 -7.889874
6.116887 -6.663043
4.697441 -7.961459
6.084988 -2.202152
5.449674 -4.313858
4.344183 -7.014737
1.664951 -8.012233
2.133238 -9.031194
1.078970 -10.704051
1.761047 -12.126680
2.601748 -10.805882
2.230692 -12.674603
2.382513 -10.667266
2.718471 -11.455609
1.445865 -11.715448
1.500296 -8.168315
2.196153 -7.563051
3.245674 -8.047789
3.692809 -7.704582
5.795020 -8.086053
8.889332 -11.762373
6.612935 -15.208578
16.889936 -14.399337
6.156935 -8.092278
11.761414 -13.695335
11.399745 -12.979074
15.327935 -17.457579
4.392773 -13.715021
8.604273 -11.308108
6.836460 -13.382037
5.517957 -13.210821
5.772592 -13.478245
2.457884 -8.147571
2.103235 -8.011954
2.504623 -11.718204
-2.008654 -16.720961
2.783925 -12.160102
2.559231 -9.873261
-1.114878 -15.520804
5.709953 -17.289097
10.156096 -15.829368
8.583837 -10.241980
8.462349 -13.915448
8.160563 -8.958075
8.935183 -12.042945
7.291035 -14.018130
6.436902 -14.605771
7.736609 -14.640322
11.762636 -14.578488
3.765635 -15.720289
2.108847 -12.532315
-0.235938 -14.736188
-1.585122 -14.509258
2.133420 -17.765228
6.719524 -16.288168
4.420838 -13.749135
11.711863 -13.978226
9.839149 -14.074228
-0.183365 -12.975266
0.920390 -10.283620
2.615864 -10.688052
2.537070 -9.488229
2.083367 -11.037282
0.349883 -9.687531
2.066671 -11.593112
0.601422 -15.413610
7.741168 -15.389826
3.781740 -15.322352
5.968564 -13.741090
4.351477 -14.048539
1.338679 -12.429649
2.551623 -9.767829
2.114094 -7.021807
3.255086 -7.688483
2.191211 -7.947380
5.204570 -7.021265
8.332912 -12.550805
8.076443 -13.086383
9.216299 -8.543290
9.197866 -12.008203
8.386549 -12.519414
8.730728 -8.690820
8.008083 -11.777083
5.200390 -13.779607
10.537058 -15.802665
8.689678 -12.832063
8.118764 -12.097295
8.693105 -9.479625
8.337599 -8.813457
9.517340 -13.990565
3.465002 -16.132586
2.520774 -12.369348
2.569827 -12.628071
2.677489 -10.457379
1.640260 -9.786624
1.476206 -10.497106
1.735859 -12.676946
-0.348885 -10.853159
0.750403 -9.669091
3.386060 -8.102225
5.909506 -8.086474
5.672505 -4.514725
5.605382 -2.650695
7.986570 -1.355597
8.650784 -2.612053
8.610392 -9.576823
9.173224 -12.164138
6.417068 -8.139209
2.428671 -12.119967
2.148606 -10.153294
2.121690 -11.079989
7.245785 -14.122199
3.499269 -13.300472
5.532781 -14.361493
1.743653 -14.954795
3.383591 -13.345177
8.769259 -18.186571
9.007347 -11.234199
8.559896 -8.332721
8.458994 -8.362398
8.009696 -10.239713
8.493389 -14.320671
12.731982 -15.143098
14.597456 -18.986624
10.781895 -15.769052
15.344073 -13.074828
14.146009 -13.135493
11.576038 -17.588518
8.922835 -11.966344
8.946552 -9.799754
8.121704 -8.542836
7.890793 -10.320296
8.553449 -9.849814
8.022571 -10.164303
8.880745 -11.304206
8.694624 -10.671131
10.909267 -15.584492
10.386106 -18.584354
8.799951 -14.837607
9.744766 -13.491443
11.338479 -12.963677
9.257909 -10.060828
10.323713 -13.981607
4.679999 -15.418124
11.334288 -5.552397
11.543967 -4.039846
11.307690 -4.854562
11.285988 -6.912751
7.782487 -14.808995
10.167260 -13.539361
11.506791 -16.262377
14.364999 -14.112628
7.228401 -14.107770
6.578791 -7.826042
5.259963 -8.059510
3.596780 -7.912281
4.071487 -13.315384
8.505325 -10.478234
12.171120 -7.772071
12.188282 -6.848373
11.745574 -6.632824
11.884967 -6.384214
7.761142 -7.864772
3.776608 -13.657966
7.428248 -13.644883
11.397804 -12.948050
10.279327 -14.667968
9.635948 -17.398277
8.844978 -11.254327
8.455482 -13.518433
-0.465237 -14.674401
6.014591 -15.550407
5.524326 -17.196358
6.269929 -14.747443
1.096941 -10.172088
0.206828 -10.053035
1.010998 -9.456396
3.096818 -7.264139
4.332247 -6.542192
2.940331 -7.067028
8.398729 -11.626393
8.658769 -13.471499
9.028583 -12.223294
2.467527 -11.798925
2.366023 -10.564078
1.525384 -10.065187
1.023684 -8.306067
-0.323693 -8.076439
-0.383059 -7.854241
3.959986 -8.057977
0.962012 -10.280729
-0.572082 -10.809773
2.158776 -9.890611
2.772949 -11.569880
6.060226 -14.451191
8.474434 -11.993359
10.628498 -16.804941
11.858782 -14.105320
5.343445 -15.926723
7.876961 -15.013363
7.856576 -12.843188
8.290692 -11.789384
8.772263 -9.322825
6.350369 -7.961628
12.996080 -13.480052
8.182130 -12.817910
2.372668 -10.014473
2.800573 -8.741286
1.540519 -8.545796
0.706803 -9.146751
2.669822 -7.672125
6.125459 -7.104745
2.709607 -14.903398
7.661887 -14.652447
9.202028 -17.285866
7.150269 -15.627086
4.449900 -13.574580
2.135480 -13.630517
1.016842 -12.214383
2.622093 -14.483710
2.023551 -10.918208
1.455167 -8.943065
0.439068 -11.721272
6.456706 -13.356934
0.458615 -12.215849
2.714256 -10.920755
5.081152 -13.794913
8.587169 -10.086181
8.103004 -8.918331
7.941784 -8.093957
9.375102 -8.971715
8.624121 -10.374970
9.024192 -9.331378
8.622882 -14.094529
5.272136 -14.512454
14.940132 -9.295337
15.894205 -15.141655
11.666410 -7.750597
7.585190 -15.510323
12.088604 -14.100684
8.879677 -13.069149
5.233872 -14.768575
2.484477 -10.804330
2.283699 -8.959577
9.835415 -15.223083
12.939165 -14.815182
9.501277 -14.963248
10.669281 -13.275934
14.541579 -14.180058
15.743067 -10.733632
12.665123 -13.810168
11.694070 -13.767295
7.641741 -14.255196
3.972984 -7.482920
8.222383 -12.420427
8.373758 -10.925076
7.892949 -9.104964
8.799274 -9.886399
7.864161 -9.897497
8.879582 -8.680181
12.379006 -14.696433
7.861902 -12.367616
8.725011 -12.376288
9.128517 -12.451445
11.560403 -6.399364
9.102390 -12.278378
13.420843 -15.333936
8.421717 -10.742060
10.176769 -12.862601
2.761894 -13.923796
-0.975777 -12.178924
3.715468 -13.306767
8.525347 -11.883742
8.956951 -11.863570
12.963163 -6.674482
7.889561 -9.495172
8.391310 -12.794784
8.288788 -16.099035
5.987475 -13.802204
8.088814 -11.906831
5.017462 -13.238444
2.525111 -11.638846
1.903810 -12.400043
2.293645 -9.871434
2.368864 -10.532012
1.739134 -10.672673
2.248464 -12.594628
-0.942742 -13.446946
5.401585 -13.574546
1.111873 -13.570882
4.061717 -13.468732
4.328424 -19.089029
7.837379 -13.676089
8.575027 -9.636812
8.951311 -13.610570
8.903497 -12.968789
5.493269 -6.755063
4.323520 -8.008986
2.285671 -7.746395
6.071728 -7.827353
5.739297 -8.089131
3.685369 -3.862533
4.956188 -3.616353
1.961560 -7.714607
0.523964 -8.823396
1.933787 -10.633827
0.748654 -10.299640
5.028776 -3.074522
6.701585 -2.583284
3.425346 -3.774225
5.522723 -6.003413
4.976387 -6.703989
4.715132 -7.732366
3.552519 -4.600720
6.145958 -3.314342
7.156124 -2.623811
10.682673 -1.966180
10.365260 -1.813351
9.183264 -1.988139
8.661249 -0.270844
6.646801 0.461427
6.448291 0.484720
8.968151 0.038988
7.880317 0.288363
8.049731 2.068745
8.763458 -0.089122
6.480374 0.281959
8.419072 -0.164136
7.878016 -0.448693
5.777783 -0.699082
9.911981 4.404638
12.185806 5.274972
14.931212 2.950839
18.310608 0.870040
16.189777 -1.145940
17.259850 0.328116
13.389840 3.454194
12.296221 4.245678
10.950005 3.492653
10.487813 4.022417
6.367327 3.882251
8.034505 2.425622
8.885242 1.975178
11.657055 4.156438
13.914553 3.661218
12.461710 8.542428
14.961666 3.771523
14.244847 2.526502
7.643665 2.898396
7.145551 -1.858268
5.401568 0.261486
8.769569 -0.203004
12.888017 -1.623177
19.025028 -1.540330
