-5.184442 -0.263323
-5.419057 -0.346938
-5.215854 0.619849
-5.234060 0.071882
-4.646124 0.971733
-2.631732 1.137629
-2.331082 -0.045792
-4.689809 1.203910
-4.405674 1.068269
-5.712833 -0.005554
-4.185154 1.086478
-4.047270 -1.346483
-2.429333 0.997387
-2.233606 3.100892
-1.973352 4.536039
-2.117212 4.216745
-1.667073 1.980659
-2.803788 0.643161
-1.963357 1.114605
-1.682343 3.295099
-2.778224 7.743892
-1.158824 6.105198
-4.795387 6.764849
-5.393173 6.393053
-4.856486 7.533995
-6.135501 7.526012
-9.701965 10.863211
-11.029883 15.523314
