17.623348 -4.961636
18.467718 -13.190002
12.054409 -17.606184
9.441761 -13.800080
8.652866 -8.024590
8.661689 -9.891641
9.194374 -13.479861
8.331622 -14.329671
6.411062 -14.306989
6.095945 -15.580014
8.448868 -14.427180
9.869290 -13.077958
8.982158 -13.949507
8.604595 -11.091331
8.128775 -8.940368
9.167567 -9.919114
9.323292 -12.427974
6.988680 -16.654589
11.357171 -13.818143
17.140432 -13.093629
16.196373 -10.063473
12.309357 -17.249714
14.700815 -15.724137
13.050158 -14.445245
10.801119 -13.514156
9.414342 -13.126287
2.034740 -12.163508
1.870371 -7.972530
1.043820 -11.591529
0.471444 -9.912513
1.393083 -7.710909
2.132819 -11.887282
0.096156 -9.445693
2.151680 -13.852160
8.817742 -11.902911
9.057855 -11.883824
12.081365 -7.182864
8.163240 -8.804467
9.574039 -14.164231
11.395491 -14.245820
8.412951 -13.001048
8.652476 -12.058205
8.741488 -10.205998
11.825085 -7.477224
12.050061 -13.995447
5.163256 -15.849081
6.850486 -13.872871
0.015007 -11.873281
2.081009 -13.171847
0.937457 -15.876740
5.678208 -15.419430
8.532344 -12.033587
4.593286 -7.809418
2.562223 -7.437135
5.682637 -7.942287
1.244524 -10.680793
1.099637 -11.898686
3.420638 -14.741410
4.898493 -14.842319
1.896677 -11.449513
8.941570 -12.642484
9.468702 -12.973592
7.088747 -13.493398
7.163595 -17.009020
6.239860 -13.302995
4.113009 -8.071849
-0.291944 -11.581325
-0.076941 -13.253700
1.362654 -13.024247
-0.848470 -13.351933
1.317372 -8.379259
2.435166 -9.684672
0.269601 -14.535166
1.622022 -10.999331
5.488594 -6.882256
4.379969 -8.196734
-0.474773 -11.760718
2.710736 -10.711571
2.799175 -10.653414
3.657956 -14.969789
5.956036 -15.257491
8.488050 -12.399050
9.134009 -11.143573
7.845822 -9.158042
2.679034 -6.986034
-0.041913 -10.331079
0.662989 -10.880087
2.097691 -13.806882
6.003234 -13.629441
9.771597 -16.130400
6.948016 -15.013038
5.032438 -14.173188
7.639469 -14.250013
9.904218 -17.358055
11.065319 -19.528616
10.583525 -14.653787
8.915055 -9.752404
2.767134 -11.256806
4.454482 -16.136106
3.372325 -16.732592
8.276933 -10.855046
2.460909 -8.278667
8.105548 -10.167355
4.199171 -5.938008
5.371377 -6.806526
3.106262 -7.804396
-0.545588 -7.986919
3.049433 -7.829425
0.490093 -8.460952
1.515094 -10.346579
2.542329 -8.824159
2.749499 -8.084868
1.766737 -8.220092
1.004963 -10.040496
1.653253 -9.457507
1.561554 -8.256976
4.246743 -7.343936
-0.313046 -9.276044
0.883790 -11.484408
1.519259 -12.250312
3.037961 -14.253144
3.232189 -15.122880
3.232109 -13.216035
7.084214 -14.039180
9.724403 -16.421328
8.645077 -10.670249
9.158344 -13.234433
17.630600 -17.600662
14.514151 -8.127602
16.671799 -8.186238
14.405151 -10.404055
11.779816 -13.550668
11.938656 -15.111604
14.698455 -16.001818
8.955080 -12.256906
7.957094 -11.457509
9.374352 -11.350582
5.350355 -7.620514
8.645215 -18.796751
8.982628 -11.995533
8.749885 -10.633492
10.020262 -12.996585
8.608332 -9.565368
8.156348 -10.666625
8.824827 -11.597588
6.769540 -15.712495
13.469076 -13.297362
8.798637 -9.934001
8.111956 -9.155006
8.393780 -10.089276
9.012572 -8.744731
14.202297 -7.123149
12.818351 -7.225006
1.966332 -9.347222
-4.080057 -12.204162
4.405778 -16.067192
7.861165 -8.213350
8.447198 -12.631969
9.840659 -14.024681
5.030208 -14.015218
4.558162 -16.856688
9.603451 -13.148885
2.471203 -10.091994
1.133152 -8.109529
1.841044 -9.465402
2.684855 -13.632851
2.539413 -11.801533
3.411068 -14.532449
4.371086 -16.059425
2.413410 -12.052985
3.161618 -8.003742
3.161251 -8.169278
-0.798961 -12.255500
-0.833611 -13.474360
2.217511 -9.586629
1.808348 -5.402447
7.758348 -7.887029
8.283091 -12.782125
5.113821 -17.608526
8.765275 -12.009385
8.682991 -8.834153
12.407855 -17.968206
14.551845 -18.938305
11.884827 -12.862607
10.661280 -13.307940
5.111032 -15.917303
9.409820 -15.602138
8.734000 -11.350259
6.970788 -16.202929
5.374384 -15.814765
-1.695979 -16.778315
1.779474 -11.171460
2.171917 -10.032513
0.726809 -8.061948
2.988871 -7.501513
2.027854 -7.992584
-0.587336 -10.025384
-1.171478 -14.427634
3.067329 -13.392245
5.746163 -16.654829
5.133561 -14.424469
8.358447 -15.269794
8.708007 -12.710903
9.174210 -10.927556
1.935566 -11.984632
-2.261605 -14.830644
6.103511 -15.367799
-2.602815 -18.032991
-2.417677 -13.701000
2.817656 -13.012859
2.804258 -12.890307
2.346459 -11.390547
2.655444 -13.735868
3.369644 -14.294787
8.794706 -17.251619
9.628393 -15.071106
6.870339 -13.802233
8.161703 -12.098121
8.074264 -10.092076
7.945832 -8.701479
8.836432 -9.557151
8.214951 -12.417807
14.250587 -12.883017
6.890079 -14.550923
6.788997 -15.195008
6.952731 -13.315619
7.245045 -18.091360
2.905393 -16.683390
2.807489 -10.992503
2.856319 -13.769811
-1.157133 -12.154094
2.336405 -8.330824
9.264362 -8.637529
8.457717 -7.914486
5.133774 -7.839242
4.261438 -7.632904
4.830461 -6.651777
5.343873 -7.636656
5.176890 -7.607230
5.521961 -6.474257
5.365273 -5.950255
0.820882 -8.917028
0.426612 -11.246457
0.617504 -9.234363
0.196632 -10.209037
-0.396100 -10.307508
0.597319 -14.242810
3.036423 -13.515874
3.301148 -13.393762
3.595909 -13.440267
11.043179 -14.770673
-0.959371 -18.867645
1.378020 -16.572985
6.855270 -16.167936
4.742707 -14.220370
7.031615 -14.815587
10.332370 -12.984922
8.456285 -14.765397
5.411079 -13.507844
8.145394 -13.784895
8.964714 -11.763843
8.118702 -11.549878
7.551277 -7.997904
10.085352 -13.128289
15.237520 -14.320882
15.807319 -14.115161
15.950187 -10.043601
9.235140 -11.879489
11.893405 -5.646836
5.871082 -8.034085
6.917337 -8.154721
8.803728 -8.033155
8.874384 -10.924003
11.451717 -13.617515
3.519848 -7.943189
7.638181 -7.989342
5.905649 -5.135546
7.953152 -8.798004
8.221404 -7.907975
5.845677 -8.135677
7.288872 -7.918970
3.894072 -8.171456
3.525373 -8.067603
8.127743 -9.566667
8.220261 -10.032350
8.525524 -11.082124
8.332952 -10.235396
5.544457 -16.378363
0.377696 -9.740571
0.117431 -9.223119
2.370357 -9.646898
7.321211 -7.893376
2.739234 -12.729515
-0.204988 -13.399876
0.633240 -9.607406
1.328707 -9.632562
2.577560 -9.602092
1.449415 -8.220942
3.348866 -7.800320
1.494958 -8.579627
1.430842 -12.576740
2.161258 -11.304410
2.214770 -9.938779
-0.118466 -12.639492
1.583144 -17.165400
5.234110 -13.211973
6.116517 -14.121470
7.018770 -13.741134
5.885481 -15.897195
8.369700 -17.736017
7.433642 -13.238192
6.425351 -13.242534
1.236360 -9.464974
-1.319544 -8.711989
2.391249 -8.250323
8.620229 -11.898213
8.594996 -8.469118
8.966354 -9.609293
9.271888 -8.991565
8.317251 -9.916842
2.776627 -10.573678
-0.867901 -12.480222
-0.807195 -9.860827
4.519649 -14.008927
5.211861 -14.934206
3.121455 -17.509630
7.335973 -13.607705
6.194566 -14.014003
8.634022 -10.359193
9.253528 -9.300597
9.379588 -10.211412
8.704412 -12.771192
14.730940 -12.676238
11.388528 -13.301967
9.978808 -13.135600
12.816421 -13.299212
10.990377 -15.714166
1.984656 -13.481177
1.657969 -11.227035
-0.276415 -12.738517
1.776643 -10.502115
8.925907 -12.696229
8.068222 -9.988909
10.408347 -14.564472
8.382500 -9.733655
7.896075 -11.724454
8.380823 -11.260810
8.705843 -9.346559
8.679216 -8.582792
8.244434 -10.827164
8.644397 -10.311511
8.430636 -10.254658
8.263684 -12.438117
8.812304 -9.329345
13.216575 -14.821921
12.764769 -14.018371
14.853189 -14.343196
15.253900 -15.216187
8.873952 -11.171199
8.799938 -9.602407
1.726867 -11.323839
1.906548 -8.698995
1.966914 -9.110410
7.557653 -8.040322
8.298748 -9.476637
3.729404 -13.509286
7.327217 -14.720357
8.610222 -13.654008
3.252011 -13.964910
0.320832 -12.625205
-0.543946 -10.946898
0.547228 -11.440800
2.102595 -8.451888
2.392774 -9.899929
2.293947 -13.232892
2.580479 -10.464263
2.657582 -10.399972
0.748336 -10.982360
2.017424 -7.975214
1.912724 -6.268837
3.526794 -5.701088
5.339917 -7.334943
5.784165 -5.442649
2.144878 -6.730919
2.582648 -9.346624
-0.550210 -10.113976
0.200472 -12.313793
-3.991990 -10.115600
4.023139 -7.236624
6.225660 -7.912821
4.804521 -7.829354
5.918910 -7.054922
5.366951 -4.671226
6.108010 -3.995374
3.688703 -7.026354
2.424532 -9.097475
0.844111 -11.373603
3.106713 -13.455203
8.043447 -11.732709
3.794243 -13.829807
2.351671 -10.615091
-0.029920 -12.106232
4.478436 -6.569963
5.633888 -7.865645
8.173872 -9.122051
8.454587 -10.927665
7.209199 -7.960550
8.209864 -12.365640
8.884370 -11.249244
8.638460 -11.432903
9.119936 -17.060339
6.432937 -14.458883
8.498298 -13.672690
2.726398 -10.183577
1.612497 -10.609065
0.797593 -8.632072
2.946527 -7.933786
1.946026 -10.162663
0.461068 -10.686195
4.579800 -16.541370
5.926972 -13.378144
2.580774 -14.864058
3.198984 -14.721882
6.320719 -16.104498
9.629809 -13.413976
5.603483 -13.238593
13.382949 -13.385289
17.487099 -13.238838
9.303274 -10.606608
8.815967 -14.300552
8.197142 -11.599077
7.313583 -7.852850
0.150578 -7.841929
3.721729 -7.708058
6.724104 -14.013104
3.741660 -13.624736
-1.942509 -16.244991
0.891176 -11.555169
4.377503 -6.669388
5.099056 -7.522671
8.894339 -9.878943
8.330430 -8.011326
8.595637 -9.197776
9.217501 -9.620864
9.058441 -7.903199
8.765287 -11.362955
8.833908 -11.121257
14.673947 -12.354136
8.676006 -13.157746
10.621880 -13.405458
11.112174 -16.106827
9.552022 -15.341302
10.417875 -12.971910
8.543011 -11.620448
5.994831 -13.322421
7.173306 -15.326207
7.027526 -8.040520
3.280493 -17.194990
6.050019 -15.523768
8.337252 -12.807118
6.413443 -14.001845
6.992010 -14.916696
7.965322 -13.098725
9.359589 -14.899667
8.597924 -11.071280
9.371106 -10.092238
8.839075 -10.368203
11.843054 -12.933990
7.857951 -8.940820
8.224892 -10.747753
8.732842 -9.880229
12.617766 -7.060030
11.503403 -7.505556
11.939676 -5.125990
11.191327 -5.750719
11.389868 -6.929367
8.686979 -8.710002
8.447171 -9.229819
8.286539 -9.106483
7.886709 -11.410476
8.205731 -11.334211
8.288834 -9.414026
8.449033 -11.459559
8.669182 -8.622888
8.632072 -8.764441
8.524292 -8.793046
15.250324 -18.360201
8.124420 -13.747066
5.569922 -16.435812
9.119469 -11.893401
14.422638 -7.668051
16.939884 -8.489697
8.311916 -8.398430
3.788417 -7.530601
2.574214 -7.720713
2.203472 -8.252889
8.608393 -10.735551
6.899468 -7.956487
11.368122 -6.306227
11.862907 -5.634976
10.086998 -2.405432
11.051481 -1.679901
9.866138 -1.908151
0.000316 -9.986096
2.632205 -9.769500
4.290198 -13.776982
4.985571 -14.089544
0.637504 -13.955059
0.531587 -10.347527
1.845749 -10.908374
2.342334 -9.534938
3.962663 -6.562658
3.505378 -6.202626
3.932808 -8.067706
4.697856 -7.526173
-0.429103 -8.292946
1.988729 -11.216601
-0.626494 -10.976726
2.733174 -11.024081
2.621197 -8.414031
8.125081 -10.201402
8.260447 -10.693109
9.258554 -10.538007
12.905505 -12.981694
11.121485 -14.928092
15.157537 -12.078958
2.769461 -10.608437
1.804690 -9.798583
5.194108 -6.997291
5.461332 -8.089155
5.937725 -7.994709
0.397646 -9.800439
1.445217 -12.746984
3.192791 -13.426340
1.793773 -14.634736
2.285446 -10.931670
2.834967 -12.228019
5.502264 -13.844834
8.242242 -14.614503
3.881450 -13.378648
6.191471 -14.291244
9.925553 -13.671838
8.776458 -11.109529
7.922227 -9.670325
7.912335 -9.988164
11.784822 -13.814584
6.429360 -15.908414
11.284838 -14.706281
11.356308 -7.452371
11.767887 -6.689723
3.662230 -8.059051
3.838174 -7.941151
7.934093 -10.235563
9.292894 -10.108549
9.200631 -14.937407
8.518076 -17.912996
7.896649 -10.884392
4.132424 -13.316713
7.959411 -12.830688
1.223056 -11.001411
0.807208 -10.062108
2.024970 -9.924715
0.842242 -9.010458
-0.302591 -8.644294
1.992318 -9.573920
1.828998 -14.153740
4.263895 -18.412371
7.847470 -16.401941
10.907337 -13.045886
0.407542 -14.125915
5.652276 -15.386683
8.843212 -13.751922
7.386057 -15.291242
7.908291 -11.927787
8.413858 -12.040195
6.206335 -14.574895
6.594917 -15.615680
2.723968 -11.250790
7.879645 -9.211488
8.107715 -8.946939
7.849501 -11.509353
6.251841 -13.520112
7.859213 -8.436386
10.301797 -2.658326
12.596948 -13.061709
7.908284 -13.342046
4.971411 -16.113636
9.291076 -14.294198
11.384356 -16.004782
4.977395 -7.266807
5.411067 -8.094714
2.036064 -9.220741
2.546602 -9.032647
-3.247038 -14.132905
2.397744 -15.128983
2.572048 -12.335868
3.632231 -17.564878
3.294683 -14.919602
10.792297 -14.431756
8.615965 -12.623913
8.197792 -11.609648
8.868789 -10.207503
8.299121 -12.071299
8.776328 -9.306057
12.026452 -13.279866
15.743433 -9.149786
10.860926 -13.488698
12.901993 -14.983983
2.505171 -10.010180
0.911427 -10.819608
0.668999 -11.619720
1.594204 -12.618713
6.547729 -15.825805
7.801044 -14.050196
3.357842 -14.262822
0.646099 -11.800235
2.208758 -9.492162
2.672423 -10.203729
2.338289 -9.091981
2.003441 -6.895844
4.909740 -5.069074
5.911587 -7.167410
8.644646 -13.462733
6.166296 -13.791543
3.034827 -13.807729
14.577310 -10.678668
11.187336 -2.770212
11.798500 -2.227808
8.593078 -2.739995
12.384424 -7.514251
7.505731 -8.002439
7.201041 -7.828082
5.772523 -8.189427
6.008657 -6.644863
4.268996 -3.955833
5.279076 -3.837179
2.507837 -5.474301
2.840685 -5.333135
5.660095 -3.585145
4.931943 -1.791547
7.722877 -1.894922
6.615060 -2.051064
5.738508 -2.859548
6.110801 -4.090940
5.709061 -5.103075
4.402049 -6.200836
2.733442 -8.259320
2.823658 -10.106916
1.645861 -11.605305
2.252879 -7.578485
3.648693 -7.140524
0.705964 -10.408725
2.206859 -5.188475
4.064028 -5.029820
5.391970 -5.810832
5.652215 -7.294121
4.130295 -7.684580
5.128991 -6.018024
5.199590 -7.665169
6.658565 -7.977987
-0.585063 -7.498594
1.731723 -9.547193
0.795743 -10.469410
1.338275 -11.278369
-0.316009 -11.720020
3.588918 -16.628510
10.774971 -16.158289
9.156322 -12.295821
8.679556 -12.390861
12.158442 -15.451225
8.398894 -12.808837
8.127828 -8.357046
8.390999 -8.563452
7.901226 -8.217954
1.952045 -9.409865
-0.983449 -8.131224
1.789954 -7.400116
3.064887 -7.375639
2.482845 -8.793897
1.840830 -8.369597
2.289151 -9.639830
2.516482 -12.523567
1.381926 -11.324103
1.998958 -12.311423
2.526468 -10.539123
1.089532 -11.170632
1.301960 -9.909717
2.477248 -10.217329
2.358521 -9.150268
0.128283 -9.287065
5.756154 -5.876277
4.949588 -7.477138
5.471252 -7.444337
5.751172 -7.628126
3.017493 -6.910588
0.591565 -10.308867
4.765015 -16.326925
4.479772 -13.262046
4.016537 -16.183765
2.586833 -12.969247
1.137745 -13.403361
4.288751 -14.870028
10.436472 -14.523948
10.083560 -14.101888
8.751872 -13.224339
-0.285382 -13.619708
-0.529092 -9.366805
1.548183 -12.175834
1.219382 -10.284876
1.965150 -10.939910
0.992648 -10.681428
0.695660 -9.364756
-1.054195 -9.196172
2.726330 -8.373937
2.178925 -10.546457
6.990572 -14.142367
3.576284 -13.325931
1.600599 -6.896354
3.295818 -7.993496
1.848609 -9.508088
5.297286 -7.382349
2.367039 -6.419514
2.247002 -9.428941
2.403882 -9.342450
1.908309 -9.785482
-0.193878 -10.637088
2.620412 -10.382594
2.123511 -10.580792
1.461363 -10.915520
1.641686 -8.862517
2.990291 -6.038911
2.911221 -8.113914
6.095662 -7.179831
5.722928 -7.638811
6.352913 -8.121782
3.901692 -6.371252
0.087760 -9.828646
2.424563 -11.350770
2.798042 -9.476607
0.936470 -9.146573
2.070964 -9.503287
0.244880 -11.099045
-1.195131 -10.578525
-0.049529 -9.642085
1.512670 -12.660859
8.555999 -17.709589
14.887485 -12.942945
10.919003 -13.044254
8.206797 -15.150876
5.304101 -13.499167
4.079121 -15.608318
5.321826 -14.653176
1.765684 -14.839179
8.200987 -11.417384
8.931448 -11.503438
7.880167 -11.155951
8.790207 -13.071580
8.333366 -12.273795
7.685113 -14.090562
8.545308 -13.953425
8.200607 -9.224360
9.244677 -9.525823
8.726048 -11.454174
4.787240 -5.584547
4.666001 -3.745512
6.975098 -1.476321
5.429751 -1.215156
2.343931 -5.656949
2.321193 -9.656002
2.523068 -14.995410
1.643716 -13.152757
5.215820 -7.043318
2.955649 -6.895280
3.749280 -7.371850
4.598697 -7.586198
2.258071 -8.841564
0.059259 -9.394049
1.975411 -9.580066
2.831534 -10.571397
1.422516 -10.427428
2.361890 -9.803936
-2.204828 -9.743987
0.717974 -13.230288
3.826915 -13.497977
6.881129 -13.422046
1.363608 -13.441115
2.693384 -11.243790
-0.756549 -10.550506
2.380897 -11.233071
-3.391582 -15.516043
4.739133 -13.345397
8.599455 -14.717909
7.892347 -15.353994
8.016501 -12.670139
8.065745 -11.707797
7.925179 -9.472756
7.853600 -13.447852
8.238154 -13.424785
8.224711 -11.306217
7.377972 -13.899177
4.568510 -15.372879
12.715839 -15.103965
8.264594 -13.673687
9.284169 -12.287436
8.570540 -11.025408
8.659728 -7.817952
8.220745 -10.916952
8.067266 -9.858602
8.191159 -10.620446
4.365359 -6.381965
4.225946 -6.878088
7.657493 -8.045043
8.095165 -8.933969
0.386920 -14.901508
0.054104 -12.682858
7.791863 -14.081105
0.472459 -15.807603
6.927927 -13.478433
9.823821 -13.739779
5.721268 -13.596742
8.486035 -15.604379
8.165022 -13.409623
8.535604 -11.874758
4.541633 -14.125969
3.971103 -13.712495
2.690135 -15.887571
1.232293 -12.016325
0.383526 -10.599874
2.262473 -9.129619
1.633620 -8.850621
-0.371272 -9.373174
2.203161 -9.064942
2.524782 -10.882312
1.861515 -12.942784
5.765154 -17.547670
2.772746 -13.506743
1.523786 -5.211869
1.835059 -13.369317
1.973924 -10.391969
5.089735 -7.455711
5.357975 -6.141712
3.966074 -7.919571
5.458682 -6.969544
5.159463 -7.351324
3.217254 -8.021049
1.577433 -8.903010
2.732956 -9.672400
2.748021 -10.947343
0.224286 -11.444377
2.216568 -11.957155
5.774942 -15.276724
6.469842 -14.949322
3.198376 -13.289590
3.933796 -13.581059
3.023267 -16.512125
0.293068 -11.775727
1.281582 -10.017293
2.110050 -12.116349
2.569224 -15.158503
6.572588 -14.735835
4.248022 -15.946459
5.533594 -14.254875
8.820214 -12.941034
8.813988 -12.049706
8.880631 -8.290090
7.456552 -7.855461
1.116509 -11.971540
1.300404 -12.578153
5.656707 -14.148449
0.275502 -12.424188
4.976158 -14.813313
7.192481 -13.250157
12.132751 -13.461083
13.806464 -16.731592
12.365356 -14.273059
9.267565 -10.527537
8.010082 -2.680698
7.714957 -2.792590
8.881506 -2.747214
5.846220 -5.493247
4.894486 -4.190166
2.578171 -6.367977
5.603912 -3.505549
3.438508 -3.890788
4.842690 -7.042330
4.319299 -4.088736
2.235526 -6.838474
3.529193 -8.013188
8.821015 -12.920888
2.586959 -10.466320
-0.052219 -9.525125
1.796353 -10.468448
4.668825 -7.514657
6.145102 -13.202720
5.264443 -7.756943
7.415580 -13.427564
5.655111 -14.924618
12.369373 -16.232958
16.382093 -11.558537
8.945463 -9.281759
13.738894 -15.565329
14.078340 -17.084274
9.036255 -10.287105
14.919492 -11.837770
16.234127 -11.737517
15.138043 -13.252225
7.990848 -14.628664
6.743092 -15.271481
8.031738 -17.385000
7.386806 -16.601839
8.467829 -13.120708
8.244211 -11.591752
11.015903 -16.993460
5.385715 -15.077561
5.743602 -14.577644
13.668280 -14.377362
7.566009 -14.152152
8.775318 -12.521977
8.590175 -12.869664
9.008084 -8.834039
9.363728 -9.146312
9.170461 -9.770296
8.480820 -8.803968
8.384279 -10.772334
9.196506 -11.261858
8.727957 -13.626694
8.150444 -12.490335
3.600180 -14.287553
4.923266 -13.466931
-1.075168 -13.687242
2.763767 -10.779743
2.311599 -9.427661
1.124347 -11.125522
1.559937 -10.798530
2.738216 -8.006427
3.582889 -8.200606
5.668413 -6.997598
5.206807 -7.534392
5.492248 -5.325104
6.171482 -1.595573
7.813376 -1.907084
8.525789 -1.241431
9.075680 -2.813665
8.778698 -0.109291
3.951060 -3.694743
5.288764 -5.416744
4.464867 -4.904637
4.406799 -3.375631
-5.299726 -7.095210
-6.898595 -8.529800
-17.953915 -13.028574
