-10.935994 16.021441
-6.215490 11.536590
-4.230222 8.639842
-2.014379 6.218266
-2.089474 6.794291
-0.405256 3.170122
2.116250 -6.761031
2.049293 -8.580794
1.430072 -11.095731
0.143402 -14.721030
9.903466 -13.185115
12.765207 -18.696241
12.056342 -14.448031
5.875971 -16.437363
7.321091 -15.373622
-0.653394 -12.658919
-0.117649 -8.838528
1.236121 -11.124356
2.144067 -12.166108
1.634215 -11.943799
0.199299 -13.315297
0.758502 -16.268288
6.644519 -18.131693
9.832918 -15.786623
8.478744 -11.483297
8.636124 -11.185112
7.573417 -14.282537
4.220723 -13.628316
