1.916143 5.491299
3.283144 3.071747
4.881821 1.756704
4.301182 -0.157986
3.707699 -1.689316
4.818791 -5.204028
5.599959 -7.852603
6.128801 -8.066078
5.556762 -7.806667
3.567071 -6.359318
4.714209 -5.887280
-0.815815 -10.142671
2.500107 -9.842122
0.684914 -9.839786
-0.009447 -11.098946
-1.674596 -8.297999
-1.226068 -10.207978
-0.680624 -11.872568
1.374458 -8.521894
0.703256 -6.330481
0.867208 -8.262068
5.560105 -7.292800
5.688941 -7.707549
4.839121 -7.998176
5.896982 -13.501412
0.814832 -16.615879
1.922273 -11.258449
7.908970 -10.334511
8.405223 -11.435409
5.171208 -7.688279
3.420749 -13.440612
2.504144 -13.406072
0.149466 -10.916868
1.463943 -16.618408
2.325311 -11.652686
3.157187 -15.109688
2.495799 -13.984570
7.527403 -13.833888
9.159150 -9.718694
0.771693 -10.209147
-1.284728 -9.718202
1.068341 -10.516007
2.574818 -6.803881
5.774526 -6.185892
5.274746 -6.261868
1.202138 -8.891179
0.264023 -9.051848
2.821250 -8.960494
1.630269 -11.586864
3.723267 -14.557431
4.849763 -15.915250
9.259948 -12.059967
-1.778477 -11.590922
2.257678 -9.122376
-0.908827 -13.489914
2.653407 -9.760230
2.094690 -8.809030
5.116956 -14.155251
3.418209 -13.502411
16.507711 -14.765247
8.280936 -8.238470
8.249407 -8.156127
8.654027 -8.927287
9.299768 -15.669615
8.609242 -17.431255
8.922261 -11.112409
7.326932 -14.295065
4.087540 -14.325463
6.783092 -17.846052
6.789720 -13.320077
1.585796 -13.688830
2.278810 -9.592359
2.411406 -11.904119
1.819804 -11.723588
3.033372 -13.864276
5.732241 -13.424571
8.378515 -14.738913
5.049057 -16.617910
2.467829 -18.054672
2.132635 -10.662621
1.616370 -13.160438
2.030774 -10.055594
0.625044 -9.765285
3.772508 -7.448405
3.101044 -8.017612
5.535141 -6.999327
2.137144 -6.040433
1.783578 -11.856395
2.290102 -8.833629
1.936777 -10.617092
0.937557 -11.686127
2.740074 -11.901650
1.560431 -11.960805
1.918569 -13.060447
6.932094 -16.376221
8.564250 -11.956324
9.243894 -11.850699
8.047710 -8.854749
8.233818 -10.457021
7.947601 -11.327943
8.555012 -18.377146
6.705539 -14.474407
2.284283 -10.059974
2.550078 -11.131369
0.045703 -11.451568
1.966543 -13.353404
2.173269 -10.662663
1.885661 -12.301480
1.593132 -9.532414
2.964910 -8.019099
3.420332 -7.837561
3.736402 -5.809458
3.676903 -5.816348
5.038642 -6.863245
4.996657 -6.192814
4.680707 -4.990745
2.570198 -4.855858
2.397831 -9.169737
3.819540 -8.152452
2.867894 -3.847022
4.325609 -7.955282
2.774667 -10.120535
0.833613 -9.906224
3.927224 -14.104424
0.886554 -14.472627
1.101404 -12.098649
2.783780 -13.918581
7.642133 -14.150207
4.531890 -18.515457
7.680633 -14.058335
9.041779 -12.067998
7.029782 -17.204531
10.306961 -18.578321
16.843153 -17.724970
6.012529 -16.488796
6.320879 -14.401729
5.821164 -13.911287
8.129086 -13.772767
9.159515 -12.620022
8.979115 -9.139443
7.969494 -10.736933
7.051969 -14.473762
9.680988 -13.097578
6.543117 -13.237512
2.660126 -7.284326
0.773581 -10.111646
-5.945480 -17.073984
-0.470216 -12.632164
0.539753 -18.720285
8.721571 -13.606787
11.622968 -13.046715
8.460884 -17.816645
5.964190 -17.701567
8.551075 -12.268924
8.953657 -7.943465
7.970516 -9.794293
5.324244 -7.360116
3.025579 -7.758536
4.122614 -7.717988
5.608115 -7.674520
15.086524 -11.231704
16.378073 -18.564190
14.089591 -18.202387
16.141041 -10.571238
13.220801 -14.758058
11.532205 -14.676318
13.121868 -16.621458
13.220054 -13.360198
8.353270 -13.994039
8.508732 -11.606209
9.328433 -12.521135
9.285719 -10.437102
8.855839 -14.266000
8.139870 -11.029196
6.296002 -14.499286
4.098322 -14.965034
4.098771 -6.082440
1.182242 -5.209058
1.403258 -10.679106
2.766142 -12.259358
2.460332 -12.160522
2.826391 -9.783193
0.939689 -7.921181
0.717246 -7.508130
5.639671 -7.555058
3.330080 -5.700976
5.170765 -8.150658
5.752603 -4.801970
-0.383107 -11.903138
1.310540 -13.628779
0.605467 -12.111257
1.741230 -11.333703
5.999976 -13.651483
0.235837 -10.428203
0.564664 -12.339712
0.087062 -12.041404
7.307518 -13.300609
8.696960 -12.023272
2.450040 -10.183171
8.780149 -13.021045
17.276497 -15.974713
12.477575 -12.908647
1.517240 -12.136346
0.630816 -12.002624
8.871920 -14.304582
8.395739 -11.464998
2.159258 -11.173318
2.124710 -17.175468
1.182462 -12.015977
0.419086 -16.305681
3.560472 -14.384791
2.109334 -15.527598
4.439803 -14.306906
5.437603 -6.452661
6.018933 -8.156297
11.204073 -13.560038
12.213676 -14.656642
9.184675 -8.762726
8.910650 -10.446654
7.873544 -11.395823
8.848322 -10.207860
8.120508 -13.182529
6.046340 -14.828366
4.652589 -13.662901
6.325575 -14.201282
3.092226 -13.206375
2.771410 -12.723882
0.071063 -13.111796
0.830492 -11.979024
7.830472 -8.201238
8.223805 -12.731354
7.891476 -12.396605
6.953069 -8.153271
8.462404 -9.829112
1.075699 -12.383908
0.650299 -14.459208
4.231846 -13.270715
4.714772 -13.290437
2.612842 -14.258964
1.956657 -11.089535
0.687896 -9.730009
-1.897587 -8.298283
-1.353159 -9.815122
0.955113 -10.116355
4.760408 -13.289456
6.018582 -14.530828
8.352016 -13.006066
8.003805 -10.972605
9.935988 -14.002919
6.834698 -17.667435
8.525470 -17.249216
4.851339 -16.379065
2.833650 -10.249127
1.195502 -9.388723
4.388956 -8.093848
5.767892 -7.790736
5.077322 -7.528944
8.051174 -9.413383
8.790485 -9.940466
7.893066 -11.213736
6.161106 -14.267100
10.807076 -13.010404
5.846189 -17.052755
11.743579 -16.836697
11.721489 -19.976751
12.220922 -17.936855
10.087395 -15.200950
8.871876 -11.480697
8.065207 -11.198633
9.239264 -10.431588
8.148292 -11.716250
9.061674 -12.613750
7.127843 -13.601709
9.995083 -12.939877
-0.998326 -13.652658
1.916645 -10.947598
3.053168 -6.737998
3.781536 -6.182488
1.988567 -7.594985
2.657209 -7.836145
2.746714 -10.932522
2.016151 -10.052207
0.140204 -10.027377
1.042002 -10.806853
-0.947891 -8.190297
-0.271705 -8.101282
1.486116 -9.200824
6.021431 -7.907308
3.228178 -7.307078
4.073519 -6.308156
4.023601 -6.563777
3.454611 -6.472120
2.820449 -8.244494
2.121059 -9.415881
0.047267 -8.804637
2.381342 -11.954975
2.592142 -14.517806
9.057604 -15.188064
11.385065 -13.478650
8.991961 -13.014909
8.649693 -12.062366
8.857478 -11.697665
1.981090 -11.389174
5.308860 -13.407621
8.192917 -13.906264
4.478667 -15.194500
7.066919 -13.910571
7.620834 -13.346378
16.198452 -14.355527
16.646673 -14.772647
15.871439 -9.209518
18.032825 -9.331559
8.421574 -14.019898
8.998768 -11.457647
7.973560 -11.622574
9.094316 -10.080068
8.096122 -8.501783
9.275741 -9.772266
3.510368 -16.328175
7.591914 -17.276672
12.590488 -14.056176
16.484001 -15.078818
11.930775 -14.204414
8.452846 -9.134899
2.619619 -13.933517
2.605356 -12.643758
1.430074 -11.654696
1.424074 -10.915647
8.822647 -10.071219
8.272826 -8.616368
8.075870 -10.902909
10.805161 -15.614573
11.157566 -13.451633
7.283355 -13.779048
13.462269 -16.337683
8.407715 -14.295175
8.466025 -12.096550
8.137265 -11.144597
8.542761 -11.589385
9.025773 -9.384943
9.046505 -9.755086
8.354911 -16.628521
8.010407 -14.963319
14.377426 -16.248030
15.323642 -11.383769
16.736282 -18.983242
11.913928 -15.170281
9.504841 -13.431726
4.031157 -15.164697
17.224243 -17.971869
11.479494 -13.021155
7.592034 -13.765779
13.131588 -12.871276
7.810140 -13.556216
9.181881 -9.540109
18.423271 -15.808448
9.653222 -14.712265
11.470424 -13.518985
11.640311 -14.061937
7.834493 -13.673078
3.495630 -13.651385
4.244310 -17.887873
2.717008 -12.903895
2.499078 -11.676317
1.381511 -9.768845
0.374340 -10.631698
1.807075 -11.783323
7.789485 -14.037794
6.443616 -8.072323
4.322476 -13.501136
8.007511 -13.586253
7.662602 -13.339356
16.949818 -11.895907
13.536460 -15.465005
12.438651 -13.288136
15.799010 -13.390136
14.408756 -12.676728
14.241880 -15.441401
3.932255 -16.455236
5.340425 -15.623428
2.044225 -15.985179
9.243740 -9.786659
8.315955 -9.781007
2.198483 -9.492129
2.466753 -9.690871
3.188532 -13.427295
7.870804 -9.880486
8.929472 -12.011835
8.057199 -8.964401
8.056895 -10.352324
8.225116 -12.084240
8.117310 -8.472707
8.854624 -10.461021
9.642783 -14.734043
6.688522 -14.887737
3.036810 -13.324911
0.849758 -13.427691
2.102513 -13.542216
2.758233 -10.400336
2.010547 -9.994524
7.618058 -13.422653
7.894392 -12.040694
8.818247 -7.905542
2.477653 -9.447625
-0.809371 -10.496654
3.952563 -5.969478
3.424455 -6.490273
3.162465 -7.623800
1.647860 -9.721803
1.402616 -10.038581
-0.560866 -11.262798
-0.347592 -11.545754
1.460490 -11.680750
4.208639 -8.102234
4.825324 -7.393498
3.626923 -6.715408
5.735795 -5.661753
5.735986 -13.538961
3.780135 -16.859037
2.557729 -12.400607
3.006547 -16.637581
0.755794 -18.429380
1.822802 -13.362798
11.555752 -16.142347
13.049628 -16.035955
6.112915 -13.455257
8.219399 -12.301034
12.083830 -15.114783
8.393792 -12.199100
10.773849 -13.724695
10.534259 -12.966990
5.781325 -14.748977
1.391486 -13.579144
2.578515 -11.777278
2.056699 -8.081395
4.234644 -8.102393
2.936944 -6.764860
2.316326 -10.733603
2.440928 -12.012059
1.256792 -16.888426
1.358014 -14.185565
1.812014 -12.220952
1.864390 -11.656003
2.511690 -11.308959
2.879510 -14.267005
6.234362 -14.078332
10.922976 -14.655477
8.415392 -14.120862
9.349072 -10.994068
8.936388 -9.027098
8.692797 -10.286225
7.917595 -10.506992
9.795623 -15.162759
8.015079 -10.828784
7.924097 -13.190234
8.426176 -9.877107
-0.050110 -15.435771
1.498221 -9.864142
1.197441 -10.937693
7.209764 -16.688650
-0.279621 -10.602334
1.788601 -12.791986
3.984081 -15.408834
7.916014 -10.828467
8.367184 -10.755441
8.420519 -9.211987
12.663422 -7.593565
8.576870 -10.384479
8.678393 -9.890649
11.769604 -13.562610
15.656834 -12.884102
13.241977 -14.675067
11.692182 -6.715119
9.253317 -9.523561
5.345930 -6.976093
4.482573 -8.011098
1.967912 -9.339437
0.700837 -9.800200
-0.815929 -11.017814
2.792422 -9.253084
-0.108092 -12.954164
-0.072615 -13.499777
0.992430 -13.430663
3.028503 -15.113992
1.904558 -13.918200
2.939354 -14.558809
0.529343 -13.442355
1.193526 -15.677742
2.788869 -11.874171
1.240350 -11.672929
6.139498 -17.289709
9.843765 -16.171984
0.890127 -13.858007
2.029058 -12.850060
-0.314256 -9.905155
1.677475 -9.941548
1.161594 -9.710395
1.979988 -11.784781
1.991125 -11.664786
0.695891 -13.882262
1.279829 -8.073115
7.569903 -8.135818
5.482052 -7.729601
4.594795 -7.980041
3.856380 -5.990191
1.757297 -9.426330
2.379349 -9.663227
1.969272 -15.266164
3.234883 -15.177444
9.388959 -15.382999
8.287281 -11.069768
8.649184 -9.291923
8.833837 -10.497865
8.574154 -12.526969
8.460932 -14.565109
2.800135 -14.909101
1.208238 -18.736494
2.758527 -14.833334
2.129915 -15.415518
6.435912 -13.370857
9.029945 -14.504842
12.529760 -15.547052
15.222004 -13.272562
12.255638 -14.296076
5.883716 -13.284098
4.757927 -13.283866
7.459811 -16.001726
10.414272 -15.280518
8.318300 -12.633888
9.838514 -13.184237
8.173679 -13.828834
9.267535 -11.554558
8.711685 -15.417846
7.939380 -10.900594
10.876451 -14.961200
3.711591 -17.467157
3.867083 -14.963649
3.341868 -15.685583
3.377414 -17.614794
2.561713 -11.038618
2.462397 -14.101954
10.400737 -14.017301
10.797082 -16.808807
2.790822 -15.221629
1.312181 -11.986209
3.075833 -6.688631
6.219702 -8.147695
8.618328 -10.104450
8.929572 -11.477872
8.409968 -9.402396
8.879469 -9.093135
8.453458 -9.532098
8.556042 -8.666152
7.852608 -13.220360
11.157583 -13.405215
9.814449 -12.971625
8.586205 -13.130654
2.223619 -15.415023
-0.104079 -10.935218
3.842425 -5.972336
1.728306 -9.378913
2.386391 -9.789691
2.383674 -9.332101
2.301007 -10.359504
1.801661 -11.910828
0.106418 -14.294780
1.272471 -15.318188
3.447856 -13.295274
4.289433 -14.024344
2.820694 -14.716026
5.934340 -7.180187
8.121479 -9.595541
8.227110 -10.650430
8.845356 -12.055366
9.116956 -11.730382
2.347092 -12.276541
1.334875 -14.210935
1.582052 -14.368829
-3.970497 -14.932095
-0.411041 -16.776339
2.556859 -11.267423
2.443433 -10.323951
10.875629 -13.729963
10.754862 -16.388765
12.382125 -13.610176
8.680476 -12.376985
8.024249 -11.733476
15.977539 -8.058784
16.058113 -12.898799
16.194263 -10.772470
16.967865 -5.316158
19.411705 -4.813076
14.719856 2.599354
15.133883 -0.064060
14.515519 -1.112247
15.794740 -0.326905
8.625266 -2.025044
5.055521 -6.567267
0.991423 -8.821631
0.565870 -9.060418
1.157929 -10.634449
1.774511 -10.072082
2.206803 -9.254453
3.579622 -6.280606
5.462629 -0.563418
8.681496 0.325060
11.912394 -2.501761
10.341486 -2.255373
11.644569 -2.781942
14.493911 -15.275573
9.214392 -12.437297
8.969521 -11.413151
9.368584 -13.420764
10.588583 -13.078316
16.119553 -10.176353
15.563870 -15.088433
18.032516 -10.277325
14.818501 -10.572229
8.992592 -15.681686
6.305330 -14.425676
8.666365 -9.702670
9.354389 -11.667142
9.354571 -12.783518
7.842856 -11.643262
8.149017 -10.787622
8.342190 -9.010814
6.068511 -7.332217
5.305544 -6.557955
8.298480 -9.887686
11.666751 -13.043965
8.870886 -11.141925
12.593944 -6.678319
14.266661 -0.373552
12.655829 -7.146929
8.886649 -12.396084
7.711697 -13.278161
8.301419 -12.525010
5.904445 -17.377968
9.937155 -13.421746
11.786089 -6.059978
15.098723 -0.944820
8.802214 -9.438853
13.190190 -7.741214
2.090609 -9.156335
1.158106 -9.373504
1.385934 -12.497457
5.344227 -14.400371
5.520436 -15.591035
2.136128 -14.929812
2.508040 -8.826018
0.740490 -9.719608
0.681406 -10.270840
3.964046 -13.751916
7.150252 -13.228630
12.667337 -15.116973
11.703049 -13.236182
11.219056 -5.093331
11.612462 -7.730730
12.429049 -15.376466
16.310863 -12.031890
15.552463 -15.677524
8.087997 -8.551727
8.979432 -11.789400
17.092060 -14.982409
12.503527 -13.308797
6.398231 -14.636441
11.898391 -17.817739
9.797388 -14.447928
8.905076 -11.495836
7.946892 -11.097346
8.334336 -11.701328
7.607963 -13.870990
6.736527 -13.526938
9.619650 -14.529397
2.602436 -12.180886
2.440725 -11.980427
1.877192 -8.558057
1.349527 -11.493968
3.273505 -14.007871
10.202599 -13.877501
9.264447 -11.094846
15.121750 -9.930646
16.434418 -8.937806
15.686792 -10.011248
16.081913 -11.869624
16.596378 -11.287769
14.532406 -14.066810
14.057586 -13.672544
13.577352 -13.144387
14.490493 -12.177646
18.612215 -9.184960
15.838436 -12.309703
8.579617 -11.182046
9.500328 -13.565400
8.140038 -12.833410
12.320129 -13.267715
12.073588 -13.083617
7.646488 -13.576968
9.047315 -12.143652
8.197037 -10.099200
8.135193 -10.057637
6.686682 -14.649944
13.483982 -13.387540
17.818222 -16.215349
17.317951 -9.818961
16.201954 -11.817836
14.910956 -8.993722
14.863115 -14.324798
8.734703 -13.364100
8.308048 -8.341643
8.613214 -13.145359
7.205277 -18.690767
3.610356 -14.887212
4.151268 -16.955450
-2.683509 -13.649276
2.499996 -13.376967
2.014315 -11.795875
0.969243 -13.530737
9.036061 -13.750144
8.724378 -12.657943
12.493297 -14.349925
10.726376 -13.114625
8.332069 -12.785096
7.931040 -9.141339
9.359211 -12.154283
9.149782 -13.332179
8.647701 -7.842845
1.384455 -10.331717
1.562721 -11.897504
4.795372 -13.537709
4.533072 -6.515516
2.446468 -7.681541
2.225573 -6.377370
1.559385 -10.516447
1.948416 -9.170207
2.605198 -13.878017
3.853289 -14.703573
7.732431 -13.346025
8.149038 -9.526184
8.223228 -10.984780
8.065462 -10.469172
4.393674 -7.137199
2.593989 -10.967441
1.735205 -10.605081
1.145984 -9.097007
2.237617 -10.875840
-2.156580 -12.735414
2.575228 -9.252046
3.002752 -6.090329
5.843002 -6.231765
4.986775 -7.675838
5.850927 -7.655689
9.105200 -10.002221
2.576357 -8.764750
0.387667 -10.300069
1.510847 -9.820903
7.009197 -13.560513
5.869244 -13.293111
5.291813 -13.601539
8.328543 -15.832335
10.161667 -16.290167
10.049363 -15.320573
7.418429 -16.486176
1.573495 -15.190154
2.028252 -11.406068
2.369238 -9.325320
2.630620 -9.381154
2.654121 -9.376774
2.127503 -10.744913
0.938357 -10.514506
2.448763 -8.840890
1.492951 -8.972430
-1.341553 -11.433787
4.231030 -15.897403
6.912771 -13.803015
5.502952 -16.418196
0.664312 -14.980344
2.708696 -8.616998
1.966820 -9.972171
1.814165 -10.819140
1.305076 -9.964425
0.859542 -13.893695
3.033939 -16.231947
5.988296 -14.572174
9.680947 -15.927814
8.102306 -8.768787
8.404149 -10.874789
8.111167 -13.139400
4.460027 -15.547014
6.722492 -14.358408
7.216368 -13.737558
6.588522 -19.341051
4.584770 -17.158297
1.453745 -14.446555
1.511089 -10.919801
-0.127477 -13.265990
3.716113 -19.277006
4.918945 -14.749764
2.234411 -15.767152
2.394001 -14.529574
8.531757 -10.426761
3.380476 -6.283556
4.190624 -7.934387
-0.121600 -10.840699
1.126290 -11.037347
9.033049 -12.249506
9.228109 -14.222447
2.419782 -10.192126
0.800207 -10.721558
0.059700 -13.629406
0.548411 -12.978888
8.009848 -10.961100
9.014566 -17.529850
7.469362 -16.357868
6.793157 -13.339499
0.133212 -13.377486
3.643117 -14.966416
8.256298 -14.100870
10.548553 -13.909225
10.973680 -14.328734
7.051259 -7.827228
7.116350 -8.151513
8.419577 -10.100627
8.150908 -10.317116
9.259202 -12.055262
8.612574 -8.844083
8.276608 -10.023588
9.382426 -8.448479
8.245807 -15.751226
6.607457 -17.266886
4.011421 -17.023802
0.439936 -12.721942
7.483601 -16.153013
5.457339 -14.868634
0.016244 -15.478541
1.707941 -10.838680
2.108514 -12.230937
1.142950 -10.851405
2.296276 -12.931557
12.697924 -13.436770
14.831250 -15.359411
17.914774 -11.112633
12.027945 -7.690252
8.780501 -10.378941
8.628356 -9.114594
8.939487 -13.972054
9.652280 -13.677442
2.604357 -10.420842
9.224308 -12.704712
9.645538 -14.419650
10.684891 -13.440070
11.691536 -14.392463
12.127233 -14.125566
13.996922 -12.835189
10.483790 -14.548400
10.949992 -18.236868
8.002144 -10.077954
7.379767 -14.586186
6.643249 -13.280137
0.889444 -9.578213
0.824355 -8.218940
2.023938 -10.748564
2.418778 -14.184667
0.042633 -15.074177
2.061687 -9.412242
4.519143 -7.591812
4.700536 -7.346062
2.928720 -6.104963
1.342313 -6.360161
0.581034 -10.687970
1.717612 -10.603742
1.871242 -9.392962
2.716028 -11.605800
0.415190 -9.629321
-1.676386 -12.516511
2.690841 -8.700315
0.709970 -10.388067
0.240560 -10.238153
1.620129 -11.540875
0.081123 -10.345815
-0.282806 -10.323613
5.242568 -16.810202
3.294993 -15.199841
4.810668 -13.827948
8.087537 -8.785211
9.344745 -10.654261
5.971228 -8.000224
6.646534 -13.838357
9.537699 -16.778185
8.496831 -9.403595
7.968584 -12.051775
8.618325 -12.309096
8.326024 -10.664119
1.819741 -8.367677
2.181526 -9.610087
7.966369 -9.434590
8.349073 -11.571937
7.220112 -14.758313
8.191054 -13.689920
5.681887 -6.118002
9.044312 -9.517125
5.930666 -6.392518
7.876348 -10.312043
-1.327562 -13.730484
1.979705 -10.059932
8.163283 -11.583259
3.707906 -15.449399
0.707312 -11.819276
2.128247 -12.511509
5.176443 -13.674969
6.166303 -13.544818
7.260654 -13.395629
8.628068 -16.283308
7.694546 -16.113930
0.030690 -12.569133
-0.720537 -14.245111
2.676763 -10.971187
1.977550 -10.296497
0.966506 -9.975824
1.556826 -8.223455
2.074521 -6.710288
0.985837 -9.661887
-0.469452 -8.587915
0.110049 -8.695964
2.734082 -6.912563
0.530984 -10.753507
1.516285 -10.355403
0.744863 -10.344707
1.038202 -11.757763
2.261865 -12.063156
1.934404 -11.134707
0.495644 -13.578052
1.131029 -9.553721
3.702589 -7.258836
5.519807 -8.167151
2.664521 -11.345498
-0.881181 -12.137990
3.011343 -13.763800
0.638888 -15.020714
1.094019 -13.578229
3.828802 -15.856851
9.770488 -14.710971
9.168599 -12.159010
7.881340 -8.048281
3.633842 -7.908138
8.198728 -7.822437
8.224214 -8.911277
8.398268 -9.550370
8.460644 -14.037477
9.247425 -10.341268
7.622062 -14.358884
9.246834 -11.186904
7.911922 -12.717887
12.732929 -14.584048
8.463223 -13.715173
2.700214 -11.450168
2.757217 -10.774424
1.478155 -10.644597
0.199571 -10.031554
7.546345 -13.979073
10.501088 -15.098154
7.711313 -13.928102
5.416978 -15.061340
5.690571 -13.442816
3.561342 -13.839782
-0.641385 -11.206331
2.458240 -10.081304
10.471327 -16.630877
12.747318 -13.633570
9.626363 -13.312881
7.946781 -13.248419
5.587396 -14.106877
6.322110 -15.005566
6.696611 -14.940557
9.281615 -15.623654
4.914226 -8.154840
2.523890 -6.662118
3.497131 -8.114587
2.115716 -13.387391
1.558025 -12.620827
3.888499 -13.910161
2.636452 -13.656999
4.848472 -19.763063
5.842902 -14.220702
10.290922 -14.961523
14.683136 -11.688456
11.577901 -12.892218
8.514761 -10.469966
8.489660 -10.342338
15.028402 -12.012744
8.823452 -8.623714
10.589088 -2.583527
9.203456 -10.769212
9.131481 -10.673473
3.016107 -13.833646
10.269926 -13.144149
4.970226 -15.361465
1.959609 -13.507762
2.800049 -9.159919
2.142734 -9.444423
0.863500 -7.276476
1.138103 -9.352806
1.716037 -9.317536
0.689822 -11.015456
1.903957 -9.828061
9.114311 -11.719731
8.814671 -13.201229
9.192740 -8.064255
8.004645 -9.791020
5.876809 -7.919462
6.290699 -7.865235
0.432020 -7.389709
-0.570896 -9.343280
5.924024 -7.511828
5.323524 -5.963166
8.390541 -9.239987
8.813074 -10.709455
6.611232 -16.706711
12.038479 -14.608612
12.197783 -13.291266
11.204065 -17.015078
10.736168 -14.721202
7.860364 -14.009202
7.248520 -15.367936
9.298888 -12.782884
8.999777 -12.316249
7.862788 -12.888680
9.654967 -13.081618
7.734443 -13.256480
9.186371 -14.710724
10.100013 -16.390669
12.724786 -12.859017
9.378049 -13.407611
1.718469 -13.800479
1.128256 -9.851972
0.936351 -9.904775
0.200867 -12.727839
2.022452 -8.931906
4.912665 -5.772581
3.867373 -8.135795
5.111808 -7.688926
5.379989 -7.592312
6.022924 -6.367481
5.568453 -7.961600
2.650073 -9.078481
3.223537 -6.050727
5.370294 -8.145996
4.925588 -3.358571
8.855786 -9.129072
8.930271 -10.417586
7.625719 -13.795091
11.458410 -13.703984
8.045260 -12.376611
7.959016 -14.818138
8.546430 -12.803250
9.592250 -13.937144
6.470326 -13.447858
2.929955 -13.471329
1.479182 -10.174932
3.341221 -7.096515
16.358358 -15.765099
11.054803 -18.121782
1.027003 -12.369772
2.863945 -13.283711
14.039201 -16.536425
13.056070 -7.269275
8.241647 -9.010751
-3.690734 -11.103771
1.271091 -12.322799
4.317586 -7.994619
4.137905 -6.385336
1.912090 -7.815591
1.000710 -9.508721
0.504995 -13.173102
1.016418 -11.334918
7.861038 -11.968506
9.245763 -12.067167
8.838735 -12.417112
9.002071 -11.658302
8.833765 -10.340253
8.641838 -11.208646
6.950836 -13.823182
6.296725 -13.330018
6.906242 -17.938013
6.881670 -13.857551
5.710636 -13.962735
0.280693 -13.260415
-0.703793 -13.126924
2.667837 -10.185735
0.662982 -11.725273
2.759580 -9.427863
2.637864 -7.306614
0.514492 -9.420495
-0.161752 -11.815600
1.366515 -9.178454
2.256869 -9.304112
1.954556 -8.043601
4.194332 -6.935894
3.291926 -7.548739
0.398235 -12.829135
1.678362 -15.024043
2.630595 -13.287296
2.288209 -12.356164
1.758885 -10.084111
2.221439 -10.925664
0.504125 -11.510920
9.236526 -8.906819
16.005785 -11.623850
13.006783 -15.137580
6.894932 -13.558291
1.549229 -10.390887
2.328083 -10.024470
2.053643 -11.757433
8.654269 -11.924558
16.516357 -7.158896
14.897925 -8.942062
11.749486 -6.753958
2.165230 -10.871657
0.213524 -17.675692
4.125107 -16.558157
8.824898 -13.274361
7.867216 -15.634210
13.031040 -13.093680
12.141460 -13.187169
10.982972 -14.886580
8.539457 -9.665795
9.332233 -11.583634
14.427885 -9.901711
4.039068 -5.166089
5.773798 -1.964329
10.133311 -2.080149
8.428568 -8.282361
7.956954 -10.924788
8.261709 -10.632461
8.440326 -9.018563
4.816901 -7.634362
0.856192 -8.867409
2.368073 -9.114004
4.412089 -7.341375
4.009852 -7.017495
4.263896 -4.819150
0.056293 -8.300551
-1.293852 -11.364785
4.663386 -13.245217
9.054899 -16.212656
3.628906 -13.235243
2.820054 -11.856854
2.673239 -11.397288
2.543385 -9.952800
1.795933 -12.000857
2.179409 -9.335738
4.723577 -7.751671
1.819349 -9.491994
2.054825 -11.625979
2.471268 -11.913215
1.576297 -9.114865
2.816751 -7.171925
2.152627 -8.932368
2.771951 -14.659385
5.317133 -14.381535
9.705094 -13.517215
10.646080 -18.066626
8.071961 -14.187490
7.953732 -14.646016
7.866735 -14.433073
8.059689 -11.982787
8.066454 -12.539922
8.357691 -9.367760
8.811590 -8.916279
9.222073 -8.106187
8.737966 -9.095459
8.297041 -11.699508
8.236620 -12.018487
8.058051 -8.995210
3.826408 -14.606927
2.503217 -13.408480
0.836048 -9.785369
0.867491 -10.238368
1.224749 -9.626235
9.108084 -12.654545
10.564148 -13.645694
14.732208 -13.931557
14.516208 -12.592442
3.761926 -14.318094
4.454820 -7.949045
4.923287 -6.611541
4.590934 -6.226158
4.032154 -7.580138
5.259569 -5.620173
3.733427 -6.473541
1.826752 -9.377034
0.049783 -11.613750
0.582665 -10.778150
0.292164 -10.891242
1.192372 -6.870433
4.332276 -4.507260
4.957783 -5.299389
2.200334 -9.016484
-0.258109 -9.836068
-0.542161 -9.337441
0.400454 -9.108588
-0.159708 -9.989802
0.359338 -11.881961
8.854881 -11.816329
5.772653 -16.933090
5.162215 -15.210147
7.759047 -8.184354
15.020830 -8.604657
7.238900 -13.521852
7.990254 -7.932373
8.271242 -9.734907
9.595728 -15.099078
7.863674 -10.150527
8.923431 -8.347799
8.476024 -12.661121
7.573879 -13.811456
8.266808 -12.471644
8.953448 -13.268943
8.723907 -8.964053
8.127651 -8.564811
8.156672 -8.597266
8.110017 -9.718797
8.574898 -11.927068
9.486886 -13.050990
8.078255 -15.001161
6.801617 -13.943238
6.570149 -14.099824
1.543994 -12.339223
4.068487 -7.803301
7.353385 -13.495207
9.164782 -14.225052
14.518511 -14.313916
2.668125 -12.832057
2.768168 -13.033455
1.498180 -10.498682
3.740243 -8.036856
1.474709 -8.022737
2.706668 -9.720257
3.034303 -5.575445
3.911934 -7.589912
4.661890 -8.061233
6.848598 -8.020147
7.929916 -12.695985
4.925474 -14.430394
8.618191 -15.459310
9.160921 -9.251424
7.238565 -15.722428
1.992205 -12.759665
2.008085 -9.535728
0.625921 -8.487895
2.581859 -6.347855
3.568499 -8.145162
4.935419 -7.045377
2.707194 -9.394300
2.670553 -9.957232
8.112443 -11.272118
9.355861 -12.623267
7.636027 -16.643417
8.787617 -12.132524
9.596087 -14.426031
8.790385 -9.640041
4.597477 -6.204704
5.234397 -5.619694
3.402784 -6.719475
5.346682 -7.668005
5.249001 -7.835504
2.493701 -9.219670
1.451594 -7.616192
3.473560 -8.081625
6.983441 -7.986838
-2.694892 -10.365148
-0.663774 -10.706966
1.081109 -11.923998
2.771106 -12.134550
7.892185 -9.135603
9.705276 -15.480201
1.411018 -14.142093
0.574965 -14.550969
10.779785 -19.254360
12.134531 -13.295833
9.045409 -11.621215
9.006536 -9.676386
5.417382 -7.874580
6.198853 -7.977192
4.853951 -7.863201
5.297128 -7.234097
3.203842 -6.660882
1.344380 -10.361363
0.968675 -11.378728
0.486320 -9.777715
0.335885 -9.869951
5.791740 -13.960900
9.132364 -11.441416
7.893277 -10.446996
8.227607 -9.990380
8.996195 -16.162901
4.481907 -15.235828
6.291997 -17.055912
7.250758 -13.392154
15.442263 -12.989382
14.644070 -10.343379
12.130867 -6.831397
14.343084 -7.594893
14.246916 -15.768072
9.191567 -11.228160
8.097345 -10.959861
9.340514 -10.794509
7.940183 -9.469989
9.780239 -17.533232
8.088099 -15.149218
7.554999 -13.995204
8.024937 -14.600994
7.871936 -11.154449
5.713542 -13.946532
4.572546 -7.134083
3.772164 -8.115517
6.652348 -15.187112
5.024871 -4.904671
3.752430 -5.372904
2.051287 -8.137782
4.738346 -4.716656
2.440335 -11.262366
0.151281 -14.479758
2.634423 -11.485892
7.855597 -8.417438
8.680907 -13.842785
7.049206 -14.836200
8.582267 -12.848769
11.994356 -12.907189
4.084493 -14.474408
-0.713564 -14.546511
-0.148072 -8.795295
5.461660 -7.556521
6.968830 -14.515889
8.707949 -14.912285
8.132761 -11.125976
8.829278 -17.241390
14.444186 -17.606096
14.679100 -14.738421
14.503463 -15.414481
14.202657 -13.980570
4.231818 -7.769355
11.198271 -13.056143
10.810354 -16.725639
10.478077 -14.271008
7.869940 -10.310655
8.703257 -9.989735
8.351841 -10.683557
7.715334 -15.799745
7.936680 -13.331109
2.633152 -12.033069
0.320717 -10.717719
2.230661 -11.345139
2.745497 -12.742793
2.105162 -14.256761
5.175992 -15.915025
6.209931 -14.553020
2.492457 -17.036936
10.318027 -14.252137
8.669516 -14.852025
8.841379 -12.303406
8.311234 -13.310781
1.794579 -12.927580
2.478183 -11.959040
9.975525 -13.131234
2.576436 -10.799659
2.436624 -12.508972
2.127907 -12.697626
0.554342 -13.293429
0.998661 -11.947885
7.144925 -17.145744
3.532567 -13.582541
-2.406065 -11.108136
1.734694 -8.826757
2.143095 -10.273526
2.543271 -11.231100
6.134535 -8.064499
5.158095 -3.883571
5.587584 -4.272241
5.580046 -3.755350
4.049211 -3.557611
3.507716 -6.129456
8.398657 -8.886437
9.047211 -10.583514
8.584806 -13.266152
13.705754 -13.034139
15.301483 -15.231860
15.325577 -8.610330
19.220108 -12.343192
9.132132 -10.393197
8.407279 -11.536099
8.019611 -12.457154
2.531050 -11.855077
6.928658 -8.146207
3.818663 -7.630500
1.580758 -11.313849
-0.293183 -11.553948
0.276091 -12.120546
2.669062 -11.265483
1.672464 -9.219588
2.750060 -6.920191
2.203711 -8.194008
3.715320 -5.482865
5.938053 -7.588940
1.370559 -11.348724
5.193824 -7.487444
2.011284 -11.291236
-0.578908 -9.116571
8.464049 -9.349569
4.442718 -14.716439
5.650863 -18.367809
6.371549 -18.248615
0.036558 -14.814176
0.708602 -17.365297
1.483211 -10.542967
2.793523 -10.902885
6.413364 -13.678971
2.482500 -13.167869
0.440982 -12.290866
8.165454 -10.895792
8.491117 -8.961233
8.925517 -8.724034
8.673746 -11.270882
9.344609 -11.567626
8.946774 -10.414274
8.809785 -11.287453
10.292364 -13.185475
5.162261 -15.300711
0.960587 -16.219130
1.771351 -10.458938
2.599612 -10.692122
1.980339 -9.439381
1.727917 -8.383651
2.593829 -10.036160
2.411152 -8.505146
4.639159 -6.863692
5.572205 -5.214355
5.258953 -1.386441
5.321765 -2.200412
5.761951 -3.704995
8.725564 -7.907393
9.260611 -8.461397
8.979213 -12.918271
13.850399 -14.483359
8.885412 -10.740667
5.284380 -7.408927
6.385904 -14.317632
1.568540 -13.322529
14.694305 -16.222593
11.121131 -13.827516
8.980899 -15.675521
8.073476 -11.181388
7.890982 -12.877687
5.054713 -6.970994
7.065782 -13.300650
8.013526 -10.427862
1.891257 -8.418181
2.769406 -8.207554
6.795406 -7.952987
11.665799 -5.319643
11.841989 -5.754467
8.141368 -12.491893
9.221174 -11.755809
6.902984 -7.978020
5.283544 -7.074484
3.122952 -5.679910
1.665384 -8.965826
4.922536 -5.156021
8.127934 -8.039828
9.056333 -9.724454
9.055271 -10.096121
15.974749 -13.571208
14.320188 -15.418548
14.440353 -12.620482
18.561556 -7.118310
17.022043 -10.400438
14.473724 -14.113668
12.927133 -13.072198
13.192878 -13.619798
7.463412 -13.591137
14.721041 -12.087560
17.608280 -6.452514
16.766798 -12.762006
9.000956 -8.439116
4.368299 -7.729404
5.615713 -7.873490
8.148228 -8.032196
8.400662 -8.867653
7.518405 -2.473970
6.417889 -1.347688
9.973137 -2.202648
11.852163 -2.851825
3.503970 -8.152189
1.779665 -10.267186
1.932549 -6.816292
-0.438917 -8.906613
5.228997 -6.686706
3.959469 -8.200158
5.075836 -3.610226
3.666531 -6.700936
1.326673 -8.254033
1.703614 -5.178548
2.638959 -9.899342
2.834966 -9.336829
2.485905 -9.404912
-1.040671 -8.860247
1.293442 -8.762888
0.885711 -9.057519
2.048395 -9.023198
2.345566 -10.075810
1.147879 -11.057681
2.751909 -17.015787
9.617195 -16.822960
6.891509 -16.024460
6.939309 -13.736385
11.633943 -14.879476
8.541000 -13.900167
9.365851 -10.128077
8.483084 -9.466483
3.537452 -13.255613
2.284581 -15.494697
2.530664 -10.316708
0.565550 -8.584110
2.211291 -10.390580
2.727919 -9.315401
5.283921 -13.742755
0.342579 -13.065002
11.297725 -13.583251
15.437947 -15.950297
15.460623 -12.394660
8.606003 -7.947456
8.226694 -9.934897
8.652824 -11.492740
9.106242 -10.277806
5.812370 -7.914728
8.771179 -9.278380
8.813213 -10.708711
7.932860 -7.958016
9.046406 -9.104407
7.960808 -8.492260
8.487070 -13.730547
9.241522 -12.530210
8.143997 -14.953096
7.357244 -14.086255
1.834855 -14.428898
-2.475272 -14.090096
1.428043 -10.580631
2.542686 -13.088690
6.962840 -16.538651
5.722118 -13.380075
6.960948 -14.651115
8.955154 -11.681670
8.599002 -9.970517
8.260374 -8.189717
4.570436 -8.048425
3.645384 -6.756127
3.619095 -5.120670
5.242099 -4.131523
8.274191 -2.612102
7.635069 -1.630509
5.925974 -2.096584
5.056584 -7.335885
5.146120 -7.087814
5.460135 -7.356127
2.658800 -11.333049
0.594045 -12.325082
-0.872516 -10.868052
1.205236 -11.028544
2.532245 -9.077125
3.961326 -7.380906
0.360738 -8.428327
0.126281 -8.599744
7.897143 -7.853992
5.911000 -8.200309
5.881247 -5.418921
2.186658 -12.165660
2.742065 -10.251962
8.126484 -8.833949
5.294850 -7.046420
8.187996 -9.261584
11.616705 -4.958007
11.542068 -4.427744
11.637781 -2.880898
11.522393 -2.560137
7.877707 -9.228146
5.759176 -7.561277
6.105835 -3.862158
5.884840 -5.703351
8.313684 -9.075667
8.291073 -9.399814
17.770336 -11.287126
13.398514 -7.292950
10.735804 -13.250588
10.977554 -17.099375
9.169357 -11.599922
7.848568 -11.933417
8.249665 -11.660809
8.311656 -10.921023
8.557400 -9.224896
8.613881 -8.370740
9.726181 -13.939210
10.016632 -14.658412
12.906241 -13.608246
12.026279 -14.350239
12.824410 -14.775036
16.358389 -11.914026
14.571422 -14.428669
10.357345 -13.303351
10.071049 -16.125317
7.966006 -11.502305
8.345264 -10.812139
7.944360 -12.296408
7.369670 -17.443987
10.389616 -12.874485
4.229720 -13.481372
3.673355 -13.647380
0.743172 -13.807660
0.125841 -12.177732
6.162357 -16.463568
3.683583 -13.664804
4.417331 -13.494840
6.596304 -14.714665
3.846610 -18.556211
2.917538 -13.502049
0.894962 -10.458606
0.124290 -8.605419
5.532834 -7.106225
4.883660 -7.230062
2.083806 -6.791211
2.156157 -9.786595
3.187223 -7.090221
2.226863 -10.142884
1.389196 -9.512284
3.485772 -5.961866
5.268172 -6.509369
4.493380 -5.510855
4.664468 -7.693653
1.807119 -7.670865
1.654882 -11.707277
-0.028664 -12.611853
9.916469 -16.830748
8.149475 -13.219127
8.536587 -9.217495
8.547893 -9.528148
8.146839 -10.071622
8.455350 -9.274068
7.705477 -18.159060
4.344193 -14.270136
5.931939 -14.058391
9.539217 -16.176729
5.156750 -13.374258
6.869144 -13.812080
5.437891 -13.754521
4.320146 -15.417185
0.199976 -11.211032
2.384533 -9.102874
1.028232 -8.769374
3.127010 -3.394728
1.516983 -4.594669
4.951903 -8.196628
6.016858 -7.831679
1.838184 -7.697427
2.159418 -9.380799
1.304947 -10.881124
3.276043 -13.895814
6.411187 -13.365163
0.164134 -13.362254
0.522903 -12.295598
2.628940 -14.859916
2.705907 -11.984023
1.845737 -10.619055
2.424005 -11.655083
2.191756 -7.900566
0.778177 -9.648265
3.933589 -5.456515
3.907803 -4.764877
4.113291 -7.483790
3.467976 -7.574254
0.394088 -10.107476
1.509893 -10.244633
0.426228 -10.670143
1.868370 -10.468423
1.139494 -12.557085
4.702717 -14.842170
-3.142074 -15.141703
0.167142 -10.765317
2.672400 -13.360898
8.779568 -15.055442
8.214651 -9.586593
8.552760 -11.278436
7.896068 -9.911895
2.664699 -7.949926
1.317046 -10.027240
1.495700 -11.168698
1.154481 -9.016728
2.497318 -7.359913
7.891868 -8.099607
5.685828 -7.963838
5.353623 -4.133291
5.841082 -5.991848
4.106921 -8.089681
3.996742 -6.353714
3.580316 -8.107781
5.706158 -14.522845
3.158111 -15.314223
-1.317116 -11.210176
8.109468 -12.587060
7.911796 -9.482985
11.403850 -4.989738
2.982577 -7.713507
6.068848 -14.781830
7.060310 -15.487014
10.111919 -13.702574
11.831626 -13.286348
16.681726 -15.182705
12.269799 -13.992454
10.443500 -17.594896
8.287792 -11.441353
8.155940 -9.935075
8.516993 -10.005412
1.593076 -11.569224
0.238921 -11.178793
0.201541 -15.606231
3.165965 -13.480435
2.224422 -12.734950
-1.119319 -11.071829
0.991516 -10.449933
-0.374547 -10.991058
-1.905925 -10.431676
2.113350 -8.901182
7.936321 -15.230932
7.878640 -11.780284
8.988102 -11.530108
6.760112 -16.574604
11.590433 -14.544606
9.915956 -16.435022
8.877230 -12.293159
8.256935 -10.554270
8.067337 -8.981341
7.858871 -11.285515
10.369829 -13.943391
8.677074 -2.017317
7.134600 -2.306267
6.356132 -1.549695
12.807602 -7.803408
8.726095 -13.717122
7.630634 -14.876080
7.953285 -13.278411
7.955065 -11.009988
8.423148 -10.175706
8.475586 -10.083899
11.092765 -13.475986
9.597599 -13.187980
5.964462 -14.488988
6.899977 -13.511600
5.543272 -17.401430
9.219406 -11.069594
8.774199 -11.562099
0.054446 -8.275186
0.165586 -9.098804
1.297026 -8.513488
4.652526 -6.834218
5.973696 -7.767114
5.161319 -7.198070
5.167621 -7.246496
10.610938 -13.568165
9.891331 -13.133483
5.780322 -16.881413
3.232082 -15.130686
7.701012 -14.302457
8.232181 -11.203643
8.629435 -8.641062
8.273714 -12.881131
8.477682 -12.465973
8.198111 -13.526737
8.078742 -12.818361
10.092426 -14.857898
8.012986 -10.190018
8.114355 -9.362214
7.883686 -11.914458
9.207229 -17.585392
7.810928 -13.434902
8.924730 -12.480180
8.771849 -14.835992
10.536407 -13.046770
15.501470 -13.157179
7.238004 -17.754446
5.152866 -15.657880
4.707707 -14.991364
0.227905 -12.666312
2.738609 -8.128615
2.523481 -10.979823
2.690407 -7.204142
4.770771 -7.432640
3.788435 -4.388994
1.690712 -9.412785
2.343478 -12.467477
2.458818 -11.233489
2.535546 -13.058411
5.410254 -14.640523
7.271850 -13.880370
0.639348 -13.669944
6.786398 -15.179006
8.324641 -16.118896
7.891465 -10.163023
8.755646 -12.664701
7.934142 -7.997457
7.424958 -7.935318
4.684306 -7.943137
3.401296 -5.529672
6.076342 -8.129842
6.869808 -7.926209
4.582884 -7.685372
2.620048 -5.086308
5.883714 -7.667489
2.615916 -5.910116
0.932738 -9.892850
1.236103 -9.330623
2.156023 -9.403878
2.352766 -8.817859
5.274824 -3.151124
5.072404 -7.885642
6.084375 -7.981605
8.636555 -8.266842
8.403276 -12.020368
8.401154 -8.451622
8.790023 -10.496310
8.015260 -10.656100
8.097051 -12.276225
1.771870 -8.036120
-2.064686 -9.910203
-1.781681 -9.633479
0.998203 -8.397883
0.178368 -9.779897
2.541891 -14.091233
9.107487 -14.301878
5.709076 -14.867840
8.253577 -10.777413
5.608371 -13.223374
5.168624 -15.011071
8.078787 -12.876166
6.353947 -14.684435
2.091962 -10.128657
2.487939 -6.148446
4.861092 -6.260867
4.702479 -7.213237
6.072548 -6.747282
8.036636 -11.889215
8.870732 -11.195856
8.427677 -8.354393
8.633937 -11.326240
0.251805 -9.814267
-1.528227 -13.123420
7.545076 -16.506800
4.391424 -7.705865
5.692830 -5.991488
12.073219 -13.751298
9.439276 -13.942458
14.242370 -7.793751
15.075426 -9.435993
15.567720 -10.674082
5.344535 -7.680722
5.587914 -7.082845
3.740653 -8.192500
4.163374 -5.702889
5.418763 -6.592077
10.364374 -14.180141
10.009811 -14.941319
8.701901 -12.342023
9.782282 -14.730838
4.551370 -13.465562
1.805677 -16.196548
5.455939 -13.595678
11.282118 -13.376828
9.264524 -13.167979
7.682672 -14.259671
2.189887 -10.691790
2.391881 -12.404878
0.724722 -14.512712
2.327893 -15.619195
5.586870 -15.020215
7.014385 -15.582416
7.753080 -16.977163
5.281451 -15.901740
13.449044 -6.955556
6.456132 -8.076123
8.335960 -11.580975
9.313104 -13.185462
2.818043 -10.147440
0.888398 -13.126328
2.002378 -12.009120
5.309030 -15.913345
-0.965428 -14.139909
8.406624 -11.346097
9.094264 -8.230309
8.339975 -9.714914
10.437557 -13.190326
8.191867 -10.144691
5.215111 -8.157844
3.751751 -8.161520
4.170285 -7.121682
2.381319 -10.217486
11.864066 -14.838634
15.698271 -15.354495
15.720670 -13.883965
10.081096 -15.591661
8.397602 -10.057750
10.450731 -2.171741
11.869437 -7.793421
17.351919 -12.996067
14.164151 -14.172966
11.635544 -5.415740
15.169243 -11.113883
11.496485 -7.449375
8.052952 -11.431046
8.290661 -14.691127
14.800002 -14.324188
18.078634 -10.769830
17.718931 -11.236109
17.127239 -8.720611
15.673050 -19.057714
7.432810 -15.571502
8.184887 -11.844033
8.089924 -12.913355
8.998375 -8.123604
5.212164 -7.972229
2.606602 -11.695233
2.361587 -14.784012
0.714381 -14.048406
7.847607 -11.215685
8.459171 -10.669770
8.208897 -9.935198
1.890896 -9.495788
0.433632 -9.764477
5.153584 -7.615308
13.602160 -14.000890
9.510299 -16.195147
12.271002 -16.258116
10.787058 -16.455856
8.765838 -11.962414
8.661838 -10.669121
7.889876 -8.078681
9.338929 -8.468391
8.078076 -11.055684
8.157031 -9.087795
7.887407 -10.961628
9.167959 -10.183835
16.654894 -18.060968
10.451365 -12.959491
6.593058 -14.205592
2.546973 -13.127498
0.276045 -11.562546
0.524865 -9.143129
3.629361 -8.026967
3.645915 -7.886857
3.567258 -7.687326
7.222831 -8.021088
0.985850 -8.768332
3.110687 -7.586144
4.913111 -6.318126
3.821895 -7.215188
4.372325 -5.800178
7.970093 -8.298633
2.107814 -8.064591
2.314477 -9.861757
2.406646 -11.422120
1.918564 -9.767048
1.597991 -8.826706
0.006224 -9.353171
11.537115 -6.076978
8.092627 -8.996056
8.895592 -12.815812
8.635231 -11.374782
8.145681 -9.221951
6.391808 -13.775262
9.465993 -15.529524
16.616077 -11.326611
16.273771 -11.781259
4.086248 -5.132302
0.927329 -7.919625
0.545698 -7.981401
2.059834 -10.763862
14.042420 -12.991809
9.867748 -14.180074
9.300597 -9.341906
8.219425 -8.056954
8.797826 -8.622917
8.546244 -9.347895
10.781173 -15.662097
5.078244 -13.680198
11.741796 -7.531583
13.933054 -6.868388
11.637489 -5.999549
9.303999 -9.769927
1.405383 -11.171063
2.891104 -7.683263
8.386328 -8.027025
9.419481 -13.635543
6.424236 -14.697089
8.067164 -13.960588
8.518194 -9.929555
9.182838 -13.945838
15.160982 -14.367980
4.215386 -13.247865
3.073946 -16.416246
3.285533 -13.543642
2.480776 -9.335941
2.068812 -12.010915
-0.454146 -10.364934
2.040848 -10.225733
1.405855 -10.224568
0.978777 -10.440145
2.223961 -10.602900
1.474589 -11.286306
1.604133 -13.840693
4.963965 -16.161272
10.072784 -14.896205
8.445356 -12.105798
2.438042 -9.710905
2.349864 -10.110541
7.557161 -13.807689
6.985016 -13.871291
10.184187 -16.097878
8.066221 -10.522560
9.120489 -9.570840
14.131171 -19.470549
3.310112 -14.763523
2.022098 -14.407653
0.947878 -11.071240
2.918190 -6.804574
3.400403 -7.675383
17.141846 -5.938250
11.557022 -6.024071
17.645218 2.380673
12.534309 4.622608
8.902061 1.157562
8.753884 0.700373
4.006016 0.739834
8.073835 0.892946
7.259025 -0.998558
8.000957 -1.628340
8.823210 -0.085061
8.980947 -2.129803
15.789722 -1.602438
14.517147 -11.102849
14.785662 -14.188533
15.948878 -8.969783
10.071367 -2.611640
0.137453 -10.979201
2.029491 -10.467922
2.181286 -10.030413
0.267594 -9.833152
8.403477 -8.508231
11.534227 -4.703962
16.880903 -8.345075
19.515829 -5.734235
8.870681 -8.860003
11.155898 -12.994464
8.958675 -14.889052
15.047930 -14.528649
12.186886 -16.014132
13.050589 -16.627884
11.105784 -13.012113
13.357012 -7.067828
19.638950 -10.765616
15.014995 -16.260750
11.897700 -12.854302
15.545450 -13.821618
18.522514 -13.311513
15.718248 -10.663501
14.391039 -12.104474
15.977841 -14.098884
14.026634 -14.859991
15.381136 -13.566068
15.058602 -13.089241
10.561520 -14.079942
9.681360 -13.596220
7.970454 -14.604004
7.862024 -11.965045
7.990936 -9.181949
8.191894 -7.923571
7.877433 -10.865169
4.369972 -15.195510
6.366595 -14.527364
-0.046132 -15.171455
-0.568231 -13.294257
4.516836 -14.882136
4.817964 -13.561752
3.940074 -13.499651
4.881457 -5.545492
3.986712 -6.788341
5.087727 -6.043645
4.676528 -7.565218
5.353739 -6.945738
3.466091 -8.035613
2.147111 -9.779758
0.138395 -10.867379
-1.085489 -11.766700
1.822692 -11.210309
2.221177 -10.814610
1.778545 -10.761254
1.507043 -10.554489
-0.261781 -10.640937
1.883649 -13.403874
8.239779 -14.602100
8.394247 -10.277951
9.775011 -14.892438
10.419109 -13.578752
2.473685 -14.092543
9.925613 -13.768081
2.965878 -13.395091
5.169147 -13.226142
-0.605026 -7.065046
-2.232337 -10.192842
3.947361 -7.111999
3.635543 -5.172812
4.957128 -6.396261
4.355653 -8.006497
3.775913 -7.644620
2.926922 -7.750328
3.988838 -7.416695
1.465849 -8.926017
2.759238 -10.128596
5.384674 -7.153078
5.198496 -6.963718
4.791313 -8.122388
3.743119 -7.257958
3.045644 -6.717830
8.760079 -13.293077
8.229012 -11.523295
8.846012 -10.516809
9.136939 -10.382569
8.199307 -9.680267
7.100406 -13.416811
8.318986 -12.997343
7.966134 -10.781139
9.139753 -10.157460
7.904896 -8.412080
9.229094 -13.113708
6.957105 -13.502649
8.275716 -14.086996
8.900355 -14.830471
8.428344 -9.873361
2.285973 -11.503112
3.940060 -7.068958
4.229664 -7.855414
0.497055 -10.481358
1.798757 -12.349749
8.865574 -9.470269
5.818112 -7.417877
7.981787 -9.457805
9.025701 -12.508565
7.292492 -15.682033
5.326136 -14.495862
2.060030 -11.151418
7.519502 -13.260273
8.053314 -9.898633
8.851018 -8.717493
14.655170 -10.355264
9.181688 -10.087711
8.754014 -11.440728
9.470201 -13.533420
9.120835 -10.219808
9.140802 -11.695847
8.011384 -14.967050
2.717988 -11.764691
0.823134 -12.978731
0.572315 -9.382811
0.312037 -8.277166
5.077535 -5.415794
5.669981 -7.951636
2.183818 -7.694093
1.795068 -5.078032
3.347362 -7.058590
1.706483 -6.060602
5.826139 -7.749767
7.884736 -11.044627
8.349174 -10.240323
9.259056 -12.167392
8.204013 -11.489049
8.425233 -11.802802
8.854154 -11.229548
13.923105 -16.111311
8.541652 -17.598566
8.611025 -11.942885
7.941668 -9.653853
5.588927 -8.149161
3.324835 -6.831546
1.167516 -7.448182
2.407685 -9.615515
1.463364 -11.792266
2.069190 -6.873327
0.527389 -6.495429
2.727947 -7.984760
4.538829 -8.169257
8.034375 -10.316408
1.738937 -12.608168
1.804259 -9.644801
2.883128 -8.120218
2.736379 -10.357722
5.651298 -7.425799
4.310269 -13.599072
1.308451 -9.357944
0.796141 -12.490105
0.422655 -14.241145
-0.436066 -12.420999
2.550116 -12.950219
7.631754 -13.860903
7.199614 -13.354637
3.438113 -13.260518
3.896989 -7.393719
0.128593 -9.637707
-0.247451 -10.353734
0.702254 -10.519021
2.753142 -14.492396
2.713172 -11.583643
0.219975 -14.841447
8.546732 -13.521289
8.209315 -13.465158
10.245342 -13.633133
8.998967 -10.086488
8.417458 -11.235360
5.275483 -6.708978
8.216048 -8.752307
12.243932 -17.770029
3.077384 -14.144460
8.542278 -11.241056
9.005788 -9.217254
8.427301 -11.979956
8.958030 -11.608652
7.928554 -8.908029
9.047135 -11.819488
8.282366 -11.633280
8.732109 -11.246289
14.585696 -14.455490
8.796475 -11.080083
7.870590 -9.721378
9.098521 -17.509480
10.484138 -14.182878
8.138891 -10.833200
9.002324 -11.865214
3.983816 -7.526338
5.578644 -6.678250
4.207174 -8.056479
5.630738 -6.250625
4.281206 -14.442925
2.563612 -11.843525
2.065802 -8.920000
7.854836 -11.432219
5.082487 -14.310386
6.750922 -13.380309
7.490448 -15.632037
8.850691 -12.262898
9.225290 -11.383708
8.086934 -12.421506
6.796752 -8.082164
6.850217 -13.457974
5.477338 -14.264810
4.161121 -8.104660
3.244138 -7.284134
5.404279 -6.349938
4.368671 -3.689964
5.228623 -3.707422
0.665168 -11.408856
2.135687 -11.546817
1.582452 -12.409522
3.843239 -14.173779
9.252337 -15.300101
9.090513 -12.893750
8.056489 -13.632726
5.680647 -17.842964
2.877702 -13.950846
6.793727 -13.264084
5.431490 -13.355655
5.277367 -14.309813
2.101240 -12.181838
-0.312188 -10.216006
2.707015 -11.956378
1.635895 -10.644876
1.738386 -11.816554
4.120933 -14.830908
7.050032 -13.393530
-0.834576 -14.250033
2.708612 -11.635915
0.573748 -11.137889
10.984633 -13.488309
7.977338 -8.724707
7.259324 -7.858603
6.850229 -8.063843
5.028167 -7.720941
2.442190 -12.409200
10.174460 -17.831951
6.437337 -13.300105
10.169691 -13.376370
10.783874 -14.050618
8.638308 -11.077827
7.139982 -15.209077
8.889951 -11.903747
7.888912 -10.056132
7.529423 -14.977825
2.774528 -12.811736
2.306531 -9.695917
0.323126 -9.574563
8.306394 -12.669968
6.867087 -14.909558
7.906090 -12.214661
2.579609 -10.573020
3.781391 -13.250548
6.803715 -13.851485
5.997176 -14.492848
2.390346 -13.613589
1.677301 -11.564794
1.772169 -9.867601
-0.816051 -12.932963
1.791782 -9.249100
1.585004 -6.993847
4.085571 -8.166304
4.333200 -8.025777
9.307819 -11.611701
8.916023 -9.397014
0.736388 -12.595448
2.753002 -10.155470
1.397319 -9.933000
8.826806 -9.828097
8.725360 -8.911784
8.008004 -10.941904
8.157447 -9.625499
9.378081 -11.337485
8.494343 -9.236786
5.485618 -14.054351
7.219302 -14.433084
8.877588 -11.574866
8.309284 -11.805989
13.028266 -15.594508
10.727674 -16.503883
12.181559 -14.158620
12.803116 -14.927335
10.762928 -13.170012
3.741685 -14.650352
6.997175 -16.555813
7.996231 -14.341658
5.324604 -6.271241
1.049131 -6.882948
5.005864 -6.745257
2.558958 -9.946557
1.553137 -11.034976
1.157801 -9.336749
1.467536 -13.807015
3.606439 -13.649638
-2.004079 -13.109137
1.300449 -11.832767
2.829393 -8.562998
2.082180 -10.778922
3.985506 -8.183511
6.951498 -7.839041
8.111761 -8.978298
3.612600 -5.675377
6.063335 -6.472649
8.850671 -12.982232
11.907568 -7.572814
8.534450 -13.516618
9.996530 -14.996812
2.722269 -9.773217
2.092377 -8.905252
2.321260 -11.493338
3.345592 -8.200226
2.555663 -8.258338
1.523687 -11.863935
2.031443 -12.487540
9.101729 -10.765992
8.827698 -11.131561
9.040430 -11.968873
8.702681 -13.798882
6.128112 -13.246852
4.723063 -14.447701
2.287339 -14.085397
2.720553 -11.453465
8.610007 -16.463806
10.549996 -16.041925
15.128866 -15.692039
13.083594 -12.937329
10.095999 -16.047033
7.926684 -13.756879
8.433365 -13.877629
13.106381 -13.149060
9.093786 -8.425924
4.646575 -7.790151
5.183191 -7.764731
9.342772 -12.000906
8.427044 -11.523303
1.747045 -8.199759
2.906858 -7.679628
6.322896 -8.008133
2.461244 -9.285299
2.454621 -12.676128
3.262480 -14.286262
10.159734 -14.001027
10.206885 -13.010139
5.149744 -14.928927
8.371988 -13.890930
8.669047 -9.276538
8.332038 -10.960122
8.006388 -11.708949
7.975954 -13.914396
2.711791 -9.229024
1.562520 -9.403634
1.710008 -7.307082
1.482641 -9.743574
2.916651 -7.234520
3.911444 -7.466173
5.069767 -6.238351
1.445067 -8.663783
2.254462 -10.968475
0.213839 -9.073890
3.241306 -7.583986
2.757792 -6.289884
5.657410 -4.307504
7.892058 -12.434350
7.879742 -11.958470
8.451765 -10.373311
8.799541 -9.728972
8.639280 -9.123078
7.910981 -8.555699
7.854234 -10.484424
8.797399 -9.106660
8.261961 -9.821883
7.952337 -10.368693
8.847408 -11.702796
8.601142 -8.366838
9.364854 -9.665178
7.975620 -9.708972
8.528790 -11.325522
8.657012 -11.058417
7.899615 -11.394025
8.493096 -15.440773
15.466793 -15.049077
11.394569 -15.781562
12.065537 -13.912850
16.484381 -17.639446
16.690531 -13.008795
15.266460 -19.063120
