-6.924994 14.286632
-6.000493 10.809539
-5.012095 7.984389
-3.690022 7.121246
-3.619548 7.856019
-6.408559 8.313205
-7.755311 7.744273
-9.042700 1.909269
-9.277794 0.104092
-3.895078 1.296955
-3.563507 0.325855
-1.941015 -0.528987
-2.926418 -0.085195
-3.444464 -0.628110
-3.047801 0.553402
-1.090466 0.241884
-1.072695 2.368383
-1.348243 0.483116
-2.026951 2.885155
-0.154410 1.759971
-3.553978 -0.069869
-3.483207 0.980866
-3.498470 1.030081
-2.327989 0.335068
-1.641563 0.782691
-1.962580 0.919070
-3.130226 0.816907
-3.840260 0.648482
-4.879560 -0.111997
-7.934866 1.138153
-7.625928 3.408304
-8.189281 0.739686
-7.178392 0.590787
-6.342156 1.116405
-11.791288 -9.457757
-16.559105 -18.388973
