-8.716317 -6.713847
-4.620033 -4.280960
-0.559308 -7.362346
0.879751 -9.456478
-3.024275 -12.201446
-1.523431 -9.155834
-1.400376 -9.691960
1.581909 -9.788682
1.185753 -10.000566
2.584071 -11.514445
2.427801 -12.063922
-0.685593 -10.666599
5.812121 -5.278863
5.989064 -7.803043
3.269825 -5.853242
5.892395 -5.562539
5.846485 -7.272141
5.269498 -7.732756
3.213282 -6.906406
4.989129 -7.534801
2.516327 -8.248528
2.143167 -10.035576
-1.669524 -10.146971
-0.206092 -9.073100
2.645872 -11.425653
1.299610 -12.829160
2.358892 -10.778785
2.169730 -8.357174
3.430600 -7.930732
4.265069 -7.399474
0.206809 -8.916753
1.551409 -9.437143
2.180244 -10.903005
2.772551 -11.323360
0.549230 -10.580272
1.750124 -9.646137
1.997241 -6.571169
-1.219984 -10.676961
2.038409 -12.533215
2.524530 -10.270461
2.628582 -10.127580
1.219682 -13.232700
2.729883 -12.281789
-2.555600 -11.256938
0.105421 -10.324163
3.471216 -7.058971
5.204824 -8.104333
4.106593 -7.591392
3.938273 -7.180234
4.182150 -8.024851
2.132205 -10.691679
7.875468 -10.048015
9.265510 -11.376950
8.692664 -14.426941
7.692812 -15.295709
2.103229 -9.128046
5.959339 -7.720720
3.762629 -5.726602
4.446627 -6.475744
2.124301 -9.226802
8.312029 -11.755656
9.117093 -10.320493
9.237446 -9.429546
9.340493 -10.312854
8.444850 -9.994575
5.656762 -13.354547
1.074454 -9.439816
1.768033 -10.772244
2.006135 -10.981204
4.697430 -13.367942
3.056417 -15.272120
8.059893 -12.933421
7.563839 -13.628942
2.441659 -15.139079
1.267745 -8.642577
2.307606 -9.135407
1.072412 -10.434533
2.301606 -10.478325
8.178057 -9.029411
9.896393 -15.748235
5.856296 -14.984707
8.940229 -11.205548
8.266886 -11.643005
9.780599 -14.918654
-1.492436 -9.384101
0.930432 -13.411694
1.215699 -10.897660
1.375562 -9.006632
1.005781 -8.710170
4.115287 -7.869428
4.486962 -6.834934
8.093440 -12.668488
8.217558 -13.144446
8.067284 -10.027768
7.928308 -10.708850
10.017172 -15.533927
8.332438 -9.948037
8.605145 -10.625569
8.000946 -12.540965
7.933167 -8.413949
2.666626 -12.194314
1.980390 -10.591351
1.546530 -10.040944
3.649084 -6.023999
3.379227 -4.700359
2.018694 -7.528435
1.968225 -6.877053
2.103238 -3.461670
2.730060 -11.361068
1.400510 -15.095758
2.407518 -13.080339
2.730261 -12.306876
2.354503 -12.680439
4.716347 -16.810015
11.273881 -19.706444
10.221775 -12.887752
8.286404 -15.479018
9.099711 -14.357560
6.275061 -13.434781
14.086233 -18.467249
15.072598 -7.865417
11.915565 -6.676443
14.580059 -7.435377
14.521143 -10.291667
16.100594 -9.433270
12.403372 -14.762168
8.223516 -13.461507
8.207312 -12.245391
9.237910 -11.351544
8.880408 -10.972648
8.758513 -14.954696
12.850071 -13.986123
8.284964 -13.384325
7.483448 -14.213906
9.248946 -10.106788
7.859823 -12.382880
7.986302 -9.340359
9.131431 -8.326681
2.066447 -12.803542
1.908038 -9.241452
2.475988 -8.616816
0.657634 -10.306723
1.374010 -12.356620
-1.779488 -14.081973
2.168854 -14.586416
5.604061 -7.833443
13.965483 -14.403087
12.997618 -14.219718
8.655605 -10.753514
8.524561 -9.615382
9.078915 -10.515653
8.867296 -12.615478
7.996792 -9.015914
8.155326 -9.561019
8.341908 -13.942315
7.999960 -15.695275
3.086643 -13.322973
3.673131 -15.070627
0.658325 -14.975417
2.780293 -12.900221
0.512976 -13.597181
6.127719 -15.472529
6.465086 -14.398845
7.914217 -13.800591
8.301294 -11.427005
8.670978 -12.304435
10.155350 -16.543573
2.379040 -13.742101
5.682508 -14.177118
5.446713 -13.858762
9.924320 -14.700522
9.453613 -13.017927
4.057955 -14.340816
5.772579 -15.424621
6.852490 -15.252818
3.016281 -14.665465
9.536362 -13.483203
8.614669 -10.558634
8.571868 -10.309609
8.181078 -9.999305
8.943657 -9.741929
8.303752 -11.741929
8.362045 -13.453442
14.875001 -13.713550
16.171909 -11.717017
13.174405 -15.590394
13.020279 -13.987298
17.885473 -17.702106
4.401500 -18.773252
10.481451 -15.409670
8.717245 -10.738450
12.893889 -7.346848
13.601067 -12.939675
9.858878 -13.625093
7.036661 -13.885411
5.807734 -7.511998
5.995978 -4.813660
16.228605 -7.207220
11.870762 -1.920952
11.542660 5.411223
11.747244 3.440067
15.206015 1.056186
9.155295 -11.382667
8.116639 -9.277853
7.706200 -13.411460
0.490068 -9.337389
-2.338219 -12.505149
2.152477 -12.274444
2.727118 -11.940688
5.213374 -13.889642
5.894712 -4.871933
2.741119 -10.132981
13.695283 -16.559389
7.317837 -14.108912
9.262638 -11.905919
7.195233 -13.292884
8.493670 -13.136895
7.217536 -8.143375
8.880331 -10.341752
8.549959 -12.027348
2.650203 -9.223409
1.415277 -12.295018
5.696535 -14.498673
6.231967 -14.010787
7.794491 -19.338686
-1.494382 -14.529400
0.861365 -13.287101
-1.938569 -8.505166
8.003223 -12.408845
6.386309 -14.585958
1.661774 -14.136233
2.350911 -11.428435
5.783322 -7.180334
5.668419 -6.704054
9.273231 -10.277238
8.169025 -10.092998
8.725972 -11.314853
8.363999 -11.020619
8.452515 -11.568083
2.617495 -16.061403
1.627269 -10.771697
4.684772 -4.902500
8.326653 -11.315429
3.761859 -7.131288
4.443483 -8.077574
12.449129 -15.061454
10.636700 -12.859015
12.424868 -14.504298
14.183704 -13.945889
9.271080 -11.593262
6.998691 -14.706538
5.691026 -13.342468
9.265065 -11.649882
7.420786 -15.413278
1.489739 -13.292460
0.838477 -11.940661
1.360393 -8.884402
5.992403 -5.777757
6.915204 -7.928877
9.223340 -8.262163
8.216219 -9.527535
8.071391 -11.811175
7.624804 -15.480405
1.748627 -13.149518
2.662193 -11.065360
0.781649 -11.111518
1.064833 -9.771699
0.845246 -11.303972
-0.395543 -11.471361
1.891012 -9.954724
1.868453 -11.080341
-1.530669 -11.385388
0.785089 -11.619611
8.805861 -11.098653
8.206647 -7.884775
9.138830 -9.856088
8.951951 -9.245665
9.142566 -10.424943
7.863411 -12.387721
5.120655 -6.862659
5.730510 -5.924277
5.759361 -5.545332
5.568679 -5.855537
3.853941 -6.463217
5.285496 -7.197992
3.731104 -7.794278
0.946262 -7.751652
0.811380 -10.976979
2.822289 -14.822880
2.566698 -9.150318
2.119301 -8.878018
2.246071 -5.679169
4.753428 -7.205209
4.937967 -7.030095
4.982923 -6.896874
-0.295205 -9.932758
3.700166 -16.508230
1.842886 -15.220873
-0.531710 -11.309660
2.273425 -11.308675
2.390711 -10.130231
-1.326271 -10.597632
8.756057 -9.901988
8.292812 -10.679623
14.109621 -13.365767
12.891860 -13.011865
7.975696 -10.183341
6.633626 -8.182870
1.904014 -9.682318
4.256900 -7.058409
2.689953 -10.884947
2.665732 -10.511474
8.452774 -10.064325
11.470987 -6.618049
8.078892 -8.582785
9.029486 -9.767293
12.956806 -7.077626
9.193373 -12.048581
8.378809 -11.270432
9.315626 -11.599832
7.464704 -14.253402
12.073560 -14.346623
11.543416 -16.079271
2.537322 -13.379134
1.175689 -8.527868
-0.856512 -11.898684
1.890840 -9.689846
11.224243 -7.477573
17.108175 -14.493148
15.882317 -15.689763
15.510983 -12.541224
16.763655 -12.229824
19.266609 -13.701218
15.527355 -7.338705
10.524410 -13.038449
8.560808 -10.496463
7.889050 -8.807956
7.867548 -8.673020
8.089454 -13.834468
1.094249 -7.867428
2.045639 -10.512247
-0.734389 -12.989684
0.478730 -11.869088
1.866565 -11.697587
1.678478 -14.561203
-2.582008 -11.469239
1.444864 -9.693505
2.303874 -8.699731
-1.097299 -16.048935
0.402804 -16.931980
2.837926 -11.287779
1.934601 -10.875358
2.177101 -9.960441
2.459537 -11.532579
2.398447 -11.069749
-0.002214 -14.564553
5.969531 -15.272698
3.618655 -16.268641
2.355761 -17.147861
2.616119 -12.378197
5.165608 -15.311688
-2.632782 -12.111577
8.105560 -12.896732
8.142254 -12.226617
7.873276 -11.374295
9.923598 -13.746495
10.163460 -14.932771
16.570621 -13.182162
2.478369 -11.247476
8.020073 -17.897699
8.565904 -17.323153
1.096625 -9.274670
-0.836605 -10.170823
4.474462 -14.845147
2.872547 -13.289677
5.881220 -8.097459
6.031780 -6.230198
8.236047 -11.107536
9.141932 -8.745838
1.675498 -10.969832
0.299889 -9.667531
5.226998 -5.771267
5.352456 -5.388437
3.636213 -3.912952
4.234468 -8.154588
5.748249 -7.477714
-0.071773 -13.586489
-3.056099 -14.569299
2.941958 -6.747581
2.903050 -7.200423
9.205280 -8.867811
8.889805 -9.093884
8.279706 -8.605852
7.460044 -13.837956
2.397492 -14.026896
6.567805 -15.389688
8.613626 -15.742899
6.258383 -13.212480
0.552479 -13.050083
2.527848 -8.241010
8.592513 -9.520293
9.320691 -9.091522
1.554367 -10.350864
1.161369 -10.171491
2.394940 -8.713365
11.714660 -4.279888
6.948729 -7.886666
3.960239 -5.416681
4.133734 -3.722393
0.798790 -12.133523
4.964174 -15.656449
7.954198 -10.498355
7.877199 -7.876215
7.292088 -8.148766
8.389927 -10.704848
8.054599 -9.381378
9.151097 -10.690803
7.722500 -7.837472
7.583584 -8.153975
6.908936 -13.878284
4.152244 -15.710958
6.499996 -15.952253
8.564299 -13.397172
11.647396 -6.963630
5.533335 -6.500244
5.946310 -5.916853
4.605900 -3.951295
1.548568 -10.583627
0.112989 -9.203856
0.914961 -12.446099
2.654853 -12.711583
1.532881 -9.694303
0.496102 -13.877151
4.744278 -13.371507
7.849338 -14.805925
8.102234 -14.380595
8.405539 -10.260251
5.935032 -15.122127
1.119465 -13.085839
2.124042 -10.984971
2.764623 -11.058862
9.082954 -14.158689
8.197420 -13.463614
7.925992 -11.382579
8.960565 -15.211962
3.418597 -13.457961
8.036677 -17.653696
16.536556 -14.948578
17.702009 -14.788797
17.159973 -14.054511
13.512948 -12.884173
9.376942 -13.371766
8.692389 -9.815629
7.378360 -7.953099
13.492428 -14.138152
14.565619 -10.189263
9.335790 -11.521911
15.116492 -11.725402
10.943401 -13.576782
10.086948 -14.141305
9.400014 -13.415265
8.412668 -12.256509
7.925793 -8.954827
1.058187 -10.703048
4.795828 -8.021480
8.063640 -9.348136
7.778705 -14.947824
8.066112 -12.729085
6.636059 -7.855803
4.190471 -15.370593
2.773057 -10.376531
2.468069 -10.296699
1.387723 -15.082927
1.278696 -15.483685
8.168890 -8.666624
8.506468 -14.782270
5.187829 -16.338331
6.145653 -16.547323
5.525886 -14.309930
12.559278 -7.323962
8.731399 -9.582597
8.499620 -10.923388
9.058779 -10.201943
8.075059 -9.182371
9.291390 -10.171716
5.685306 -7.797894
4.994575 -6.004035
2.735811 -7.783514
-0.115016 -12.185820
2.501603 -12.078827
1.535874 -10.245336
0.869362 -13.286526
1.782094 -11.668512
5.750013 -13.349436
2.980246 -16.330748
2.207394 -9.166310
1.308261 -9.842153
2.560305 -9.334071
7.923807 -9.862946
7.894477 -9.339604
2.010006 -10.855763
1.980374 -12.983944
4.910743 -5.973683
5.871958 -7.239192
4.270757 -6.827686
2.757995 -7.756471
1.374785 -8.807872
1.776657 -11.247337
2.839797 -13.338154
5.060070 -18.513191
9.740301 -17.038609
8.735029 -10.229653
8.756857 -12.412236
4.465945 -7.438021
3.771773 -7.027510
2.854592 -5.111669
2.757130 -8.896792
2.504500 -8.086349
2.925985 -8.178557
7.746830 -8.051614
9.098314 -8.597962
8.256198 -11.538837
8.682761 -8.411511
5.645394 -6.575831
2.842503 -5.474535
3.174103 -7.126260
5.994902 -13.344131
10.028963 -14.098372
9.472889 -16.192572
4.841890 -14.356922
-0.064214 -13.942708
1.516022 -9.893983
-0.105454 -8.832529
0.347323 -7.838606
2.067162 -10.127529
1.812381 -8.984086
1.075008 -9.736932
0.282246 -9.150239
1.468696 -9.913573
8.524132 -9.576530
3.236113 -7.194300
0.923602 -12.396856
-0.574514 -11.992446
3.974326 -8.005114
0.941729 -9.159041
2.343288 -10.217111
5.434371 -7.984189
8.556009 -10.373305
9.189210 -12.307380
12.700291 -12.828105
6.599668 -8.097198
4.633428 -6.082503
5.702975 -5.746551
2.895648 -5.596396
12.954341 -13.773829
15.872990 -13.224431
12.271663 -15.133724
16.284090 -12.398946
8.142366 -15.753010
9.562359 -12.828288
9.997080 -13.963999
5.581003 -13.218552
1.783452 -10.308856
-0.939803 -10.312427
-1.585339 -10.220487
2.081586 -11.475250
0.237176 -10.725217
1.726754 -11.281370
2.114291 -11.253019
3.909894 -8.139342
4.598975 -7.846977
5.468026 -7.905998
4.918814 -7.315618
2.359389 -8.291657
2.635432 -8.173585
6.076943 -6.070969
3.254187 -8.027769
0.135527 -7.442561
2.125679 -9.476782
2.600749 -7.589300
2.620829 -9.605882
2.520072 -10.337073
4.836117 -14.425241
2.199131 -14.172509
4.999264 -15.230651
7.882833 -13.908220
8.345575 -12.940831
8.987087 -14.608514
7.263649 -15.481038
5.246242 -15.012780
8.844120 -16.654436
8.246769 -11.143598
8.754887 -13.784045
6.470245 -14.169257
2.362571 -15.053830
2.020671 -10.507294
2.432291 -9.963916
2.818854 -11.091838
0.035855 -10.981081
3.879094 -14.024744
2.338984 -13.159830
1.871397 -12.120035
1.467164 -10.872960
3.381143 -16.888628
10.785874 -13.183618
10.537660 -13.881600
11.264914 -13.287910
12.650377 -14.955183
7.937336 -8.851996
8.343070 -12.783013
9.121651 -10.641181
8.016288 -8.204318
9.074673 -10.268932
8.092016 -9.097151
2.835307 -7.706988
5.982393 -6.759858
4.486549 -6.226970
1.524917 -7.882878
2.202250 -8.570844
15.194092 -7.517929
11.197369 -2.881053
5.937874 -4.963410
5.510958 -5.512879
8.879532 -8.370952
9.056864 -11.713902
4.541286 -14.031894
6.652654 -14.210370
3.381795 -14.383146
7.128466 -15.182323
8.165054 -8.320175
9.287048 -8.721107
7.944049 -8.177288
13.323057 -13.609501
16.396393 -12.476784
13.012653 -14.319606
13.931383 -13.005334
14.327383 -15.751807
8.152691 -12.476084
8.830624 -10.850583
7.924982 -10.376202
5.478226 -6.150882
2.788168 -15.904217
1.819234 -9.837399
8.810434 -13.762956
2.991983 -7.175961
6.452208 -8.051823
3.491731 -7.618922
4.806427 -6.843398
6.095277 -7.679333
2.406855 -8.110784
1.387294 -9.165163
5.656303 -6.144463
3.978482 -8.180469
-1.223420 -11.258294
1.320483 -9.942796
1.375825 -5.942891
2.634946 -9.279140
2.073735 -11.243202
-1.261578 -9.214295
2.599327 -9.825944
4.877892 -14.093968
5.321783 -14.140311
6.145146 -15.445046
4.469546 -15.341727
1.945454 -16.112822
7.399223 -16.111223
8.170156 -17.285515
7.120993 -8.091252
6.971709 -13.586958
8.479726 -15.076467
1.926310 -10.316646
2.427757 -8.872088
2.679544 -12.403707
0.605876 -12.003521
0.557375 -11.995480
0.780643 -13.114690
5.476830 -13.693076
13.670533 -15.865802
15.054197 -15.955983
12.250176 -12.855572
8.127640 -9.766860
8.236910 -9.760924
8.971952 -11.358847
1.942929 -14.330986
6.282370 -14.548105
4.993460 -7.323395
4.386402 -7.035885
9.057189 -8.822050
17.202581 -9.682867
18.303623 -14.314915
9.560740 -13.531564
3.906153 -15.095218
3.018244 -17.160273
2.061893 -11.669171
-0.362387 -10.049753
1.205156 -9.944221
3.116242 -7.895885
5.191110 -7.746636
5.160770 -6.523393
4.248318 -8.140244
6.139475 -4.392588
4.239178 -8.002302
6.686147 -7.942630
9.341460 -8.487187
5.379529 -7.655434
5.289886 -5.351140
8.676328 -9.663135
9.373728 -11.309400
8.643674 -9.988850
8.845977 -11.146846
7.918934 -8.045954
8.207004 -11.572263
3.893162 -13.713722
2.604434 -6.439248
0.463423 -7.888526
0.731921 -9.232246
4.094325 -7.392518
5.962784 -7.208710
4.790343 -5.577132
5.518215 -7.241673
3.026860 -7.731987
3.670476 -5.867270
5.685693 -5.472839
1.649160 -9.485740
2.393773 -6.833572
8.795843 -10.684817
8.472417 -9.473626
7.964336 -9.742705
5.053731 -13.472987
6.193188 -15.981111
2.460000 -13.638041
3.089239 -14.473214
1.844520 -11.694387
2.041252 -9.706752
7.749293 -15.393655
9.757279 -13.201473
9.314929 -18.273737
9.159296 -10.679546
9.192483 -11.703807
8.653506 -19.042219
11.657094 -13.860814
10.568703 -17.263781
5.064764 -13.898454
3.928093 -13.465959
8.468813 -14.388555
3.845072 -15.556109
1.594489 -11.136675
1.662272 -9.746284
1.304346 -10.132561
3.242127 -7.859568
4.561669 -6.025102
2.822981 -7.638558
2.252913 -7.893203
0.631120 -10.304029
1.723954 -13.331510
2.745374 -9.318148
0.125660 -9.169299
1.825987 -10.585492
1.266932 -9.872611
1.946245 -10.590184
3.507616 -8.185779
4.246880 -7.711183
6.087282 -5.904362
5.726105 -8.162719
6.612024 -8.079057
7.916345 -13.300380
2.955062 -13.437774
5.743909 -15.962089
1.101633 -15.567473
2.188132 -11.032171
8.181065 -9.921967
8.000165 -11.303893
8.514599 -11.129952
5.474408 -14.443917
7.178871 -15.598468
0.521706 -11.755965
3.106328 -14.049754
0.464690 -9.883937
-2.356015 -16.125822
3.944998 -15.824718
5.620867 -13.816612
7.065463 -13.769671
3.716950 -13.848239
5.992052 -6.337966
6.076595 -5.606837
4.498202 -14.724393
7.353332 -13.934752
9.292063 -9.291698
7.900163 -9.611901
9.776562 -16.155531
11.925993 -16.410555
7.399170 -16.749880
2.769549 -15.033412
6.276935 -13.217882
5.365865 -7.734905
4.971693 -7.976223
6.125510 -7.193996
2.833909 -9.228952
1.903775 -10.383050
2.331395 -10.383060
0.001459 -9.596873
1.782378 -10.029056
1.989761 -6.891551
4.338419 -7.011844
3.712465 -7.423936
2.377336 -7.430567
1.853176 -9.711738
2.694802 -9.156236
0.432691 -10.228665
4.040539 -5.827721
3.887293 -7.789551
0.049880 -7.566064
1.365894 -11.144368
-0.274384 -11.028018
1.107693 -10.442265
1.115094 -8.963258
-0.398673 -10.052288
4.748857 -7.062990
2.770470 -7.992862
2.140589 -9.828549
2.399371 -13.979339
3.845915 -13.561096
2.459698 -14.752952
2.550935 -11.757216
2.548533 -11.311022
-0.592710 -11.780506
1.728852 -11.894811
0.968164 -10.098974
2.678572 -9.856763
5.557809 -15.713201
9.442600 -18.706484
8.446266 -12.090148
8.676814 -13.126786
3.527160 -14.452320
4.497969 -13.374759
2.650951 -14.281737
2.651061 -12.390857
-0.560194 -12.516863
0.758743 -12.383188
4.692897 -14.505376
0.934924 -13.343307
5.198203 -13.850907
8.887450 -17.425898
9.332569 -9.793008
7.955723 -10.609140
8.044820 -10.898803
4.807324 -7.869329
2.341958 -10.357957
1.452181 -9.546081
1.197399 -11.633710
0.857067 -7.586698
3.718912 -8.188661
2.354831 -11.409723
1.471637 -11.388593
0.704469 -10.607602
0.480660 -9.866001
-0.365309 -9.228534
3.403801 -14.797947
-2.072276 -10.049552
0.698968 -9.565019
0.370325 -10.960725
-0.926751 -12.183282
5.919023 -14.497508
-0.026272 -12.592381
2.518959 -12.842122
10.765268 -19.767958
5.229783 -16.531113
6.581350 -17.027700
6.483578 -13.861616
4.987020 -14.232329
14.006884 -15.390945
11.637027 -16.790060
8.188148 -15.453525
8.927353 -9.341813
8.828653 -10.723420
8.998908 -11.641517
9.260944 -12.679407
8.590318 -12.564473
7.939946 -13.018014
8.515729 -11.609716
9.769884 -15.779712
12.140016 -18.080103
9.208416 -13.959946
8.774961 -10.418641
8.141645 -10.426723
8.732581 -11.322920
1.385098 -10.139903
1.693238 -12.767066
7.985487 -8.847138
8.436457 -8.783238
2.062099 -9.967668
1.583580 -13.393439
11.348717 -14.670221
5.328409 -15.167861
5.903342 -14.569457
16.841972 -19.601355
10.627390 -16.701891
9.053267 -11.045624
8.772186 -11.971263
7.923221 -10.384385
9.371495 -7.914194
7.601570 -14.590728
9.506716 -15.787029
8.760749 -12.599081
14.097799 -15.187367
11.926554 -13.699479
4.437307 -13.260692
8.996723 -16.301710
7.508161 -14.696224
10.017855 -14.398279
7.998533 -10.936973
8.427802 -12.725565
2.950499 -8.158279
-2.073986 -11.545716
1.264840 -11.689500
7.999444 -11.789123
2.911377 -13.231168
-0.176700 -8.661913
1.906803 -10.108440
-0.631588 -9.270477
2.104323 -12.094601
2.682728 -11.504298
5.117619 -13.223392
7.344738 -16.585634
9.380555 -11.309632
7.977208 -10.899670
8.457962 -10.305710
0.495912 -9.879132
-0.261287 -9.019067
-0.050659 -10.406981
-1.513326 -10.649798
2.308435 -9.721248
1.167222 -10.746834
2.181284 -5.441911
-1.936100 -9.958688
2.629613 -14.061440
2.611539 -13.713800
1.771727 -12.645205
0.009144 -13.889736
1.257800 -12.527408
4.880702 -14.327235
7.217808 -13.980004
1.891388 -12.365733
1.259406 -8.192270
2.856238 -6.498275
8.032723 -8.346969
8.724300 -9.321928
8.432168 -12.180861
7.994418 -13.092519
3.291499 -15.700021
5.445274 -13.509313
2.102558 -14.497475
0.773234 -9.758525
2.709292 -10.593913
1.549574 -8.208596
2.554807 -8.841310
1.431393 -13.213412
6.291996 -16.623150
4.915368 -13.219660
9.361818 -9.157890
6.531777 -7.929790
6.844496 -8.051305
8.237856 -9.319435
8.816987 -11.607277
8.004546 -10.856093
8.171080 -9.121614
5.950434 -15.598186
10.490965 -14.652863
9.012234 -12.502288
9.101180 -12.812020
9.174494 -11.091512
14.316717 -15.810824
6.047249 -13.313362
10.884894 -13.209309
7.517173 -14.651341
9.352884 -12.679229
11.052014 -13.058202
8.356992 -11.621474
8.846008 -8.557402
7.850382 -9.214649
8.196529 -9.915033
8.697674 -9.661016
9.022355 -8.067276
8.497496 -9.993194
8.674856 -10.636064
1.848330 -10.898180
2.243268 -10.585801
2.277134 -14.094384
4.207976 -14.387076
8.812680 -12.878998
3.743748 -13.776624
0.675573 -16.810968
1.328000 -10.953723
9.314439 -8.100827
5.768480 -7.369940
4.094048 -6.907928
2.340457 -11.187360
2.774282 -12.706316
1.649824 -12.539303
1.898980 -11.125360
2.909503 -15.398024
2.972312 -15.516939
8.374602 -9.740113
1.316227 -12.736257
2.068658 -11.037542
8.481296 -10.570786
8.961371 -15.442940
8.951158 -14.674682
7.895777 -12.870733
13.177916 -13.610105
10.789556 -17.165398
5.961228 -15.354465
6.437777 -13.428692
8.440810 -13.171423
8.555948 -10.802128
8.481272 -11.323047
13.444916 -17.709318
13.531445 -13.605711
13.891142 -14.187028
8.469826 -12.058509
11.192096 -15.172012
2.839776 -10.590978
2.396396 -11.370131
1.962942 -10.859073
7.902933 -13.035790
8.775150 -14.288075
10.102880 -16.299273
7.241609 -13.586614
10.979876 -14.920421
7.996906 -11.375177
9.131362 -10.876746
7.520396 -15.064999
9.479452 -17.899723
12.888150 -17.018286
10.949202 -17.720118
8.602116 -11.664189
7.545245 -13.942895
9.249064 -16.476566
7.853946 -10.837155
8.343146 -10.978459
9.076591 -9.572965
9.150501 -11.564637
8.190042 -12.500246
6.866812 -19.578144
4.789845 -13.868573
5.136623 -13.594352
8.651114 -14.641082
8.211716 -12.292274
11.237693 -18.286438
7.733524 -17.954203
1.544002 -13.720751
2.778241 -10.575448
2.177890 -12.091077
1.807153 -8.115438
0.906926 -10.739065
1.242592 -8.382981
4.656847 -6.764034
-2.078819 -10.384953
0.851749 -10.358809
1.785241 -8.824321
1.984809 -13.450496
1.646808 -14.823998
4.315855 -13.907796
7.640325 -16.638029
7.999842 -12.906708
8.195426 -11.862008
8.098150 -10.345672
8.826568 -11.392126
4.958269 -14.057578
2.752736 -13.947140
3.457011 -18.833853
5.950507 -14.972827
4.719393 -17.051611
0.285517 -15.783607
2.176954 -12.742484
2.319727 -11.312123
2.516857 -11.005752
2.582701 -8.962006
2.273388 -9.900227
2.412918 -9.895043
0.889218 -11.620761
5.104206 -15.384673
3.537385 -18.014645
8.610376 -14.255544
10.227391 -19.856894
7.695689 -14.523481
8.500747 -8.939841
8.075868 -14.040841
14.188889 -13.093638
12.148787 -15.061593
11.327347 -12.851409
4.975760 -13.771897
7.579852 -13.219836
10.292255 -13.610440
1.426587 -10.198283
0.750948 -12.812898
7.978421 -11.109023
9.440710 -14.064559
8.715856 -9.225978
6.917768 -8.043672
5.070260 -5.082369
1.141717 -8.477799
1.147335 -7.571813
5.963453 -5.306817
4.766629 -7.972005
5.036435 -7.074254
2.105490 -13.852165
0.548218 -14.830091
7.922511 -14.643083
2.672085 -11.509970
1.307069 -13.165204
2.821831 -11.901788
-0.754368 -10.633028
2.177304 -7.769438
2.447811 -8.572156
0.457783 -8.368424
2.175759 -9.121284
8.364935 -11.297332
8.667802 -13.132827
7.930080 -12.859550
8.379130 -15.609331
5.601742 -14.264291
5.455630 -13.217637
2.115593 -13.729052
0.567683 -11.517293
2.560107 -12.433887
2.635648 -9.016278
3.717430 -13.299266
7.067204 -14.481904
11.915430 -18.487251
8.501916 -11.183845
9.745838 -14.052081
7.491195 -18.354761
6.443960 -13.849624
2.949089 -15.177863
2.415032 -12.378825
-0.415379 -11.210649
0.189762 -9.495226
1.068472 -9.520576
1.117350 -10.029039
2.720545 -9.814407
0.985287 -12.460710
5.644252 -16.453966
7.180756 -13.507667
1.106265 -18.797169
2.653499 -12.409204
1.249909 -11.935424
1.039272 -9.395644
5.795354 -7.839981
1.427253 -9.637801
-1.957389 -10.040774
-0.669399 -11.797378
8.795602 -11.640579
9.329313 -9.378062
8.016278 -11.841823
7.850356 -10.510485
7.867793 -8.508196
8.201845 -11.969419
11.632586 -15.587210
6.645030 -14.717746
10.557883 -12.921779
13.985918 -14.451120
8.827883 -12.700855
8.190843 -14.055203
8.762122 -11.001938
7.981404 -11.809323
9.114314 -8.755820
8.040742 -15.498405
12.007998 -17.285906
16.458179 -12.006714
15.865479 -8.434449
18.915583 -12.772887
17.979359 -8.097979
