15.359237 -8.188852
16.193129 -9.598286
11.554939 -6.843295
11.301374 -9.540706
9.258386 -8.629205
6.559258 -8.511450
8.632683 -9.102551
6.260390 -8.207622
8.749164 -8.374486
7.561678 -8.351030
9.673419 -9.762343
7.879876 -10.241694
3.253950 -3.854843
3.141526 -4.850748
2.874410 -6.497124
5.456841 -4.751712
1.841871 -4.423169
5.119945 -1.323756
5.167900 -1.927684
4.170905 -0.165363
7.128328 -0.180437
5.590706 1.046474
6.847141 0.444117
7.137152 0.293857
8.951719 0.857069
7.483107 1.796337
8.853195 1.446836
6.396245 3.483234
4.988939 1.117772
2.586157 -3.893823
6.183331 -8.786592
4.908179 -7.386143
6.352026 -9.216413
10.398728 -9.363545
10.259097 -9.336349
12.241419 -9.635118
10.530893 -7.976378
7.937852 -9.638986
9.068680 -8.272955
5.753050 -9.077542
4.424291 -7.228514
5.288472 -6.762809
3.456237 -7.883180
7.026738 -7.872406
10.313088 -8.273133
8.502159 -8.234376
8.761081 -9.369265
7.496964 -7.978422
6.553476 -8.243968
9.495596 -8.800490
13.048840 -8.602372
10.022200 -8.253425
9.419797 -8.788813
7.096227 -7.986573
9.062196 -9.059276
12.269167 -8.383020
11.716154 -6.260595
11.214890 -8.824067
7.806350 -8.015522
4.134479 -9.365735
3.923012 -7.142638
5.940228 -7.526147
5.611826 -5.518279
6.115674 -8.192419
7.593676 -8.858987
4.736534 -8.304833
2.633616 -7.502149
5.427819 -3.999815
3.496841 -6.136069
3.985280 -6.298338
4.883748 -4.566548
4.090764 -8.892901
3.926153 -5.584864
2.050402 -6.302100
6.412733 -10.162005
7.844775 -10.920741
13.111261 -9.829630
13.073221 -6.752088
12.679178 0.088451
11.345259 1.190173
7.856834 1.808026
7.868549 2.088232
12.622068 -1.070250
11.558899 -2.676392
12.148459 1.300201
11.873825 -3.845444
11.521601 -1.822381
11.347561 -1.077014
10.767197 -1.079043
10.845219 -0.188520
9.867628 1.412785
7.501421 2.102539
7.994430 1.400023
6.026104 0.405074
7.428376 0.301125
8.288340 0.044487
9.420818 2.012869
5.022974 1.990630
3.639144 -3.276486
4.368759 -1.598855
5.396855 -4.603903
3.455716 -6.087270
3.733844 -6.852603
4.625322 -4.317605
4.892048 -3.927428
5.453685 -5.465076
2.224667 -4.145859
3.497726 -6.527348
4.529822 -6.318940
2.746657 -3.906229
1.342751 -2.824827
2.744082 -0.585674
7.766961 0.748298
7.980993 2.037428
8.002094 2.068922
10.620740 0.832176
11.452921 -2.146417
11.736158 -1.778758
11.484909 0.352188
13.752968 -1.598536
13.684795 -1.053167
10.702909 -0.980826
12.280294 -0.929913
12.483120 -1.115234
11.727202 0.951219
5.776201 2.806326
6.261576 3.207430
8.231144 3.676539
8.444645 4.372958
5.964136 5.821190
5.770423 7.387199
4.965020 6.561486
9.101318 3.252589
5.887506 4.058872
5.384151 6.284002
5.847636 7.047498
4.444590 7.101006
5.759337 4.686306
7.811657 4.681798
8.244246 4.125100
9.675412 4.822628
8.469221 5.107527
7.518516 5.079077
3.184283 2.859935
6.453162 9.816360
6.219763 9.376796
5.454506 8.340683
3.298664 8.398306
4.168573 8.102033
11.940811 11.935616
4.765185 9.055840
5.675121 6.591239
6.311687 3.795607
8.851148 4.301789
9.811961 5.160819
6.213134 4.665596
4.207724 6.502820
5.322234 9.043067
6.327370 11.504016
13.891258 19.474445
10.932977 14.913972
8.721536 12.320252
10.308078 12.431137
9.700233 12.174957
8.120647 3.538432
6.171053 1.241778
6.864811 3.608294
6.971317 4.774051
9.342716 5.473132
9.526497 3.371265
10.934232 2.701013
6.619648 1.791191
9.399213 4.896172
8.640680 5.326505
8.726989 2.098819
9.181697 5.577936
9.168390 2.677571
7.224511 5.054161
8.750185 2.938056
4.751690 2.222469
5.433091 3.204087
5.969620 4.508689
4.757024 4.286933
7.727043 5.601943
8.660921 2.631787
9.011896 4.463439
6.785518 2.700991
8.703754 3.845442
7.312919 5.213079
2.933580 4.512127
5.439048 7.443249
8.446275 10.753847
9.509065 11.808336
10.309380 11.354065
7.333387 12.870845
10.153477 11.460769
10.390896 12.401545
8.947154 16.527958
