13.740399 -0.584720
14.286892 1.904914
5.684982 0.335774
6.521189 0.215960
5.191293 -0.111727
4.590891 -1.034263
3.267090 -3.468511
5.028616 -2.096202
4.917828 -1.038192
5.403688 -0.215226
7.656307 2.872918
8.361886 3.565927
7.582561 3.927156
6.200497 0.557880
7.676820 1.505619
7.216807 0.504249
2.915699 0.207526
3.987081 -2.078718
2.799817 -1.653841
3.634374 -3.418083
3.655174 -8.540072
4.438650 -7.129216
7.765164 -10.133663
9.666020 -9.095826
6.108708 -9.901061
6.987868 -8.399862
8.458675 -11.298548
10.213549 -11.667145
10.381363 -8.368958
18.749952 -10.479816
