18.379316 -14.510384
12.537563 -12.817721
8.626541 -9.278417
8.605260 -10.329775
5.911856 -8.098097
8.404259 -8.232380
7.634501 -8.030773
9.779543 -12.170616
7.917617 -7.883228
12.633208 -8.300452
13.121278 -7.604648
12.267271 -7.771670
11.271925 -6.918915
14.104469 -11.013993
11.535610 -6.605220
9.245449 -9.699304
6.688527 -9.559726
5.597355 -6.227694
4.494453 -7.485759
4.746753 -4.841479
6.209697 -8.953679
7.362321 -8.132611
10.334313 -8.572185
8.720306 -9.316668
3.149448 -9.693994
4.285497 -6.930803
5.437957 -6.857769
3.963434 -7.842489
2.713543 -9.410166
7.235565 -10.457819
7.192966 -8.334327
3.823965 -9.496447
5.440557 -8.712197
5.028034 -0.676756
4.815185 -2.421801
3.847950 -2.216961
3.179930 -2.008295
6.796702 1.885804
8.284175 1.046386
9.143117 0.370006
6.802346 -0.209491
6.125135 0.636852
4.974798 1.771966
5.259869 1.758303
9.593869 0.320081
5.321839 0.132276
1.109515 2.259143
0.915779 4.755773
0.715722 8.322491
