10.497149 11.803321
10.810039 11.072850
8.803419 11.315346
10.051086 14.970086
4.492579 8.744523
5.797124 7.455421
6.171013 6.022399
5.791516 7.590242
5.593046 9.301021
5.209591 5.848146
6.941663 4.204098
8.400970 5.590705
9.957626 2.556857
8.887179 4.172750
7.970620 3.165519
8.936691 5.504935
6.455654 5.621603
7.398985 5.329783
5.972363 4.983885
6.075842 3.746065
4.680347 4.243849
6.347499 5.751959
6.082097 7.457370
5.310582 8.404446
4.402250 6.072053
6.529878 8.250002
5.585573 3.715563
7.129047 2.523412
9.501532 4.953667
6.999432 5.621917
7.408855 5.260331
8.204986 0.500361
6.851955 0.408868
7.171428 0.537870
5.647221 0.583287
4.846072 -0.630980
3.520431 -4.060491
3.624704 -5.105638
4.371588 -9.889491
6.324685 -9.950199
6.967856 -9.596299
7.788605 -10.587965
7.009510 -14.342525
