6.488325 14.772399
7.871105 6.597783
9.077767 6.823826
6.278218 4.953893
9.771618 5.283318
7.904119 3.769159
7.575752 4.170789
8.444895 3.076823
8.981930 0.582774
8.361997 3.443236
4.368371 1.232653
4.979582 2.698009
7.997995 3.394344
8.380488 1.655281
5.878755 2.449071
7.741196 4.219226
9.046961 2.970529
8.927277 3.222911
8.577532 0.984072
8.864514 1.151494
6.851226 -0.074625
1.814306 -5.117344
2.644125 -7.470612
3.250835 -8.005656
5.881770 -7.923586
7.739344 -6.386948
9.123907 -7.920896
12.160894 -4.860521
7.158562 -6.718208
8.269715 -7.914217
8.999430 -11.840781
9.949860 -9.842907
7.061281 -5.266953
6.547327 -5.446590
5.658026 -5.345670
8.036055 -7.396533
10.122093 -5.659294
10.258692 -5.678982
5.579869 -5.731447
2.847006 -6.623739
3.256648 -5.022902
4.611372 -4.458359
0.215105 -0.388882
1.290743 -0.744194
6.655182 -5.928921
10.932459 -2.721785
11.315408 -3.950675
12.773178 -7.899835
7.763615 -5.581367
9.524083 -8.061332
7.301987 -7.978380
6.777160 -5.345362
4.793797 -6.188977
4.883182 -4.928007
7.390923 -6.864451
7.329860 -6.814448
6.754579 -8.951683
8.634434 -8.461504
10.722231 -4.825323
11.409967 -3.068362
14.451379 -1.727827
10.701632 -7.828169
5.020320 -5.432346
5.554930 -5.728755
6.529026 -7.665932
7.309847 -7.037937
6.181118 -6.139034
6.904988 -6.359382
4.599237 -4.907393
7.526576 -6.329138
8.755386 -5.486040
7.299646 -5.681752
6.736883 -7.496729
2.546441 -6.604211
5.552624 -6.334900
4.792316 -3.974374
1.164481 -7.008340
4.648403 -4.480648
8.567545 0.945942
6.550377 2.711154
7.479894 1.772093
7.758617 1.478514
7.271128 -0.015042
6.454237 2.092510
5.628251 1.526842
4.060671 1.304918
7.006834 1.364062
9.009325 1.271487
7.639337 1.191588
0.198326 0.280671
1.761461 0.684850
0.883624 -2.527844
1.084421 -1.643621
0.776413 -4.884346
1.305344 -3.657609
7.701745 1.976610
9.386297 6.977991
14.699249 -1.166164
14.722898 3.578022
9.543987 3.811364
7.182715 5.384764
9.299812 4.907357
16.874588 3.152533
8.564137 2.996825
10.612501 3.741443
8.868082 2.665996
9.034887 1.217996
12.020679 -2.236594
10.543695 -1.985144
11.021511 -2.940847
11.317081 -3.592671
7.167403 -5.230491
6.694698 -6.615655
8.405905 -6.085717
9.094439 -6.274271
6.606304 -6.319221
12.835066 -7.843678
9.333450 -5.969476
5.939302 -6.543327
2.072125 -4.440324
0.335433 -3.730976
0.757966 -4.498569
1.757492 -1.742556
1.492144 -2.036275
1.306981 0.369878
1.311807 0.045284
2.503267 2.482281
3.396118 1.529457
5.201445 1.900750
3.304005 1.100623
4.484323 1.536534
7.950488 1.557788
8.137586 -0.178951
6.659801 1.356237
7.214663 1.807027
8.881752 1.156695
8.446526 4.399054
7.086825 3.724490
9.533741 5.876318
9.750275 3.869256
9.266979 5.715386
6.155831 3.265308
6.072206 1.415855
8.813014 4.700309
8.351423 6.247431
10.284321 3.556098
12.624122 3.646623
15.545004 4.327005
19.541721 9.468786
15.120854 4.499826
15.018332 3.858361
16.941563 11.769811
12.637806 9.100062
10.922531 10.221253
12.169765 9.054523
8.446276 3.928146
9.103445 4.162078
9.147095 3.766439
8.871897 4.392551
9.029634 0.779536
8.769899 2.542230
8.257099 3.036504
15.049632 4.012335
14.581936 -2.972988
14.247475 2.359467
18.320501 -0.827193
16.435717 2.624194
17.384800 0.598014
12.885337 -3.610227
10.640810 -2.787686
11.724662 -3.046494
14.252030 -3.227962
16.763126 -0.974586
15.197421 -1.541713
15.868451 -5.038180
17.993246 0.877893
15.669591 2.454244
15.349961 -0.397374
17.411621 -6.284194
8.891251 0.690660
7.804593 3.168003
8.922484 1.334228
8.809425 0.897007
9.093006 6.034201
8.529230 1.802716
8.819864 5.340760
9.680798 3.834517
8.652111 3.399657
9.015196 1.722185
6.131055 1.488227
6.041028 2.100423
3.535379 1.271079
2.824445 2.009053
6.526946 1.263629
1.573656 -1.878086
0.489231 -2.743888
1.030377 -6.169512
-0.273199 -7.484693
-0.648678 -6.256846
-1.027701 -5.529952
1.075080 -1.833337
7.394577 0.839133
7.495850 0.395292
9.046905 0.291204
8.957250 2.556670
10.914227 3.491071
15.120070 5.641219
15.543036 4.763925
17.679174 7.495332
15.539841 5.985660
16.976587 2.958958
15.496591 1.818050
8.038052 1.950883
4.776671 2.292322
2.540570 1.596994
2.932607 1.671739
1.408093 2.004117
1.592894 2.297755
8.976465 1.523337
8.218920 4.033765
8.892543 1.785423
8.909706 2.034998
9.101922 2.173776
8.760450 0.588475
7.519350 3.611938
6.905470 2.103665
7.977536 2.038831
9.176105 3.512086
12.463646 3.655903
8.941277 3.672281
8.876913 1.780025
9.468403 6.073064
8.989676 3.083028
7.883746 6.487042
9.307948 8.232056
7.450495 7.552102
9.558797 7.418855
9.803846 7.196020
9.818232 6.866220
9.119560 8.759312
10.100574 11.314258
9.639204 9.506624
8.541954 3.947382
8.982457 5.293907
8.305101 4.333232
9.328413 5.293149
16.048294 6.859714
16.187262 4.289868
15.428106 2.277276
16.576622 4.454435
19.641785 0.392707
15.601935 5.770879
9.209074 5.541029
8.175507 3.494962
7.732150 4.662676
6.245598 6.266933
6.544801 2.427144
7.318745 4.038617
8.070209 3.554779
11.341412 3.710738
15.542839 6.862128
7.542155 13.751690
10.608856 9.558110
14.614117 9.373616
16.196194 11.516374
13.912983 9.126099
12.620960 9.261610
9.544178 5.423948
8.607438 4.398000
9.635379 4.509679
5.354518 4.321033
4.094594 3.541532
6.866337 3.781530
7.536154 3.207608
7.096578 2.856216
7.355209 2.807366
9.021199 1.558319
7.898544 5.469243
10.540440 3.688388
10.792360 3.598094
16.687628 9.048803
16.196457 5.918817
17.128956 10.911378
17.568846 5.165475
15.264231 3.609138
11.741020 3.599022
14.924643 6.488808
15.016495 8.633065
16.053595 8.572060
11.674072 9.846110
9.448593 6.367211
7.965749 7.622088
11.464033 9.025340
15.469602 3.944872
9.485068 4.201225
6.057043 2.582065
4.073317 2.001332
4.364359 1.374789
3.697784 1.635138
5.689214 1.833861
5.596583 3.523783
9.758812 5.116620
9.482109 3.547071
9.602009 3.672054
11.492420 3.747094
8.013674 3.892870
4.773272 2.501524
5.933577 1.185661
9.493500 4.683561
7.674932 -0.158532
7.018207 -0.039293
4.836803 1.433868
0.909147 1.714896
3.037832 2.756858
1.810986 0.483905
1.476021 -0.864986
1.768956 -0.576023
1.515107 -0.338218
0.348709 -0.316748
0.966459 -0.490767
7.963284 0.072221
7.491179 1.007300
7.659281 1.020553
7.994672 1.914020
7.704288 2.840621
5.109878 1.339843
4.537870 1.116588
3.726649 1.074873
7.679729 2.287040
8.502422 1.344912
7.434484 0.097725
8.169209 0.952015
6.537769 2.192495
8.935204 0.953534
8.634918 1.692078
8.937499 2.743422
8.859977 1.553091
9.103530 3.209014
8.531769 2.053593
5.898275 2.555379
4.719540 1.486291
3.665389 1.596099
8.816074 2.479883
9.020926 2.568048
10.243845 3.467741
10.972502 3.483154
10.827842 3.723596
10.188472 3.459194
7.108315 2.785721
5.486469 1.216661
4.240798 2.211016
5.552445 1.898058
8.853848 2.314902
7.435608 5.551924
8.306974 2.478887
8.570942 2.152988
9.157673 6.127372
16.408005 10.486522
14.736849 3.276231
8.889698 1.995266
9.030737 5.549346
10.516050 9.872011
9.533070 7.928880
11.084395 13.356794
12.549617 14.040715
13.404524 9.836470
17.207172 6.563837
15.855724 1.152600
16.318918 2.130703
9.736214 4.720163
7.537279 0.166152
8.668767 1.613837
9.029885 1.432495
11.451832 -1.914903
13.965497 -3.340692
12.246205 -1.945580
13.482877 -2.527814
15.520821 -1.292012
15.390932 2.283392
14.364671 -0.443093
15.094647 0.725211
14.698151 -1.820737
9.760239 6.613089
9.605979 4.817263
8.513356 2.890173
9.564157 4.341413
11.126823 -6.723955
13.549480 -5.419866
11.733213 -3.475478
14.025888 -2.111661
11.583309 -2.993021
11.214362 -3.100273
9.920439 -6.425643
8.616905 -5.293416
11.092102 -5.256223
7.959730 1.440024
7.280413 0.803857
8.668847 0.401308
7.196600 0.033665
6.742153 2.362885
6.066109 1.179315
5.132698 3.353522
8.715933 0.444691
8.869408 0.921178
7.496675 1.269825
3.317208 -5.336969
2.720198 -5.488031
4.356368 -5.660197
5.168126 -5.007994
7.101860 -7.792534
5.556717 -6.809599
6.970056 -6.386588
8.500116 -5.753906
10.956329 -3.267778
8.782360 -7.307377
12.004930 -4.806130
5.483211 -3.969558
4.341959 -4.836922
5.305470 -4.805123
7.227936 2.231713
6.542587 2.138274
7.989858 -0.072534
6.924599 0.867287
7.299891 2.089408
8.037298 2.592402
6.063208 5.494915
10.242222 3.754703
9.573726 3.720238
15.315028 3.189460
15.529767 -0.490565
14.321671 2.970609
19.801163 1.841547
14.575310 -0.119175
14.744534 3.100281
15.469871 7.266735
16.194668 3.151141
15.260057 6.556789
14.706023 1.996195
16.871752 0.991078
8.699554 2.926647
7.045604 2.646217
8.552096 3.295580
10.036118 3.694674
8.293278 1.292094
10.492184 3.567843
10.009155 3.652047
10.089853 3.684273
8.865227 2.309373
7.218661 1.156539
6.886340 2.443758
7.679272 2.246998
8.456661 0.840272
7.666728 2.846631
8.828732 1.990674
7.560275 2.276209
11.979741 3.547957
11.531250 9.838711
10.725351 9.059972
7.319660 9.023961
6.967240 11.260807
8.548753 5.573040
7.696286 4.260971
6.421394 4.321548
5.793616 4.192090
8.563205 1.086429
8.281971 2.397296
7.088976 5.150714
9.769871 6.540782
14.644660 3.566189
14.289294 2.748569
14.295101 3.147869
14.311361 -1.019689
14.488575 3.265663
14.128336 1.495397
16.092598 4.222443
15.845942 5.949470
15.253713 4.846557
17.536236 4.497788
16.033384 9.617700
10.399563 10.046977
13.370207 11.619834
12.903367 10.209766
13.185116 14.142533
17.315575 5.015173
8.793455 8.452877
8.875336 4.761610
8.600573 7.176841
12.056459 3.777471
15.861250 5.373024
16.974886 7.837036
18.886524 10.652672
11.179688 9.694503
13.439844 9.518735
14.315688 3.067469
10.944218 -2.160366
15.882256 -1.671435
16.310179 0.663066
14.297379 3.454913
11.199358 3.416466
14.605486 3.157213
15.148993 5.367784
8.819254 2.831596
9.501592 5.773113
8.368517 3.793860
6.619643 1.987438
7.691998 3.365417
12.931801 3.703945
8.736153 1.149870
7.661576 1.785365
9.828307 4.945391
7.253475 4.273729
6.008177 1.337573
7.446600 3.299849
9.671188 4.323486
7.743485 4.130503
8.998581 2.573973
8.427818 6.272181
9.077421 5.174025
9.668797 7.430554
6.628261 6.753849
10.134158 9.158849
11.000368 9.093328
12.203912 8.900012
14.186838 8.932644
11.204882 9.131505
8.290500 8.404993
7.652415 6.469309
8.059109 6.703763
9.431543 6.064698
9.319240 4.172342
8.658377 7.367435
9.889647 9.365302
15.517911 9.295033
11.035700 9.812819
10.774424 9.534516
8.197375 8.224381
9.712385 7.733659
9.325806 7.093841
9.679485 5.862410
8.028773 0.728419
9.749212 6.584946
7.926565 4.943200
8.949742 3.477910
15.746607 3.529472
15.173903 3.686787
15.978210 2.906966
16.313940 3.229187
