7.826814 -16.970474
7.645561 -10.463279
12.868098 -5.436972
12.111173 -12.136418
12.631557 -8.562463
6.998221 -8.955844
7.772520 -9.677850
8.924069 -8.755853
13.010958 -5.164129
10.785269 -1.891971
11.059790 -5.171825
13.224337 -5.515950
11.838914 -1.840611
7.234101 1.585215
8.080297 1.319423
9.734656 4.155139
8.391679 -0.198329
8.803374 1.099009
8.509289 0.697138
12.181684 3.558847
14.623425 1.547849
10.933580 3.456124
8.600358 3.725520
8.572304 7.342000
9.786403 5.689884
8.767764 6.531281
7.617375 5.119755
9.439051 6.943583
10.988485 9.858521
7.637524 4.667159
9.602751 5.977829
12.225708 9.738006
14.639618 2.032730
13.492771 3.619660
14.189245 3.496337
9.617710 4.867575
9.891970 9.212522
8.419683 8.929328
9.302233 8.748081
15.192699 6.797143
15.913705 13.473428
10.667979 9.480041
10.101960 9.552138
5.992795 5.601183
16.002548 1.617452
17.168152 3.591896
16.683336 2.373820
14.857534 -1.027059
15.530552 -2.878754
14.637956 0.168032
15.640448 2.305941
15.165014 1.138325
15.347168 2.804958
12.703727 3.486765
8.240320 3.870253
8.980775 0.588903
6.597168 1.248847
7.057361 0.848131
11.132496 3.744401
9.081792 1.700833
9.066345 7.670655
9.702626 5.212911
9.055464 6.856846
10.444037 3.714604
8.798339 1.500375
8.826029 3.977883
9.626347 3.572809
9.370838 3.417414
9.299519 3.461778
9.157898 3.629283
5.265035 1.775343
4.934805 4.570824
6.329289 3.947394
6.938318 0.771137
8.836031 -0.197638
8.539709 1.723915
7.546639 3.042341
8.484085 2.424258
7.489660 0.783555
7.212110 1.642517
6.242435 3.167426
9.671885 3.560641
8.135672 4.069271
8.211081 1.407380
8.089568 1.729679
8.603524 0.841605
5.232990 2.185196
7.063501 3.275957
9.223021 3.471190
9.171867 3.428679
6.397162 3.280510
7.989322 2.192357
8.941093 1.546942
7.526923 2.121585
7.729697 0.607560
8.764608 2.035071
7.584126 1.301639
8.167218 2.822872
9.106943 0.588155
8.268974 2.030667
4.420476 1.236730
5.534323 1.199289
4.081532 2.817596
2.696466 2.054775
4.954221 1.145643
1.455932 -1.624329
1.621753 -1.107510
1.379896 -3.035783
0.986608 -1.638879
0.484789 -3.243190
1.101917 -1.916838
1.750194 -1.875578
1.733844 -4.444692
2.793074 -4.318238
3.903156 -4.562632
4.818974 -4.133232
4.649182 -4.195418
4.385024 -5.333134
0.788652 -2.650909
1.200951 -0.776123
4.304815 1.550423
3.122141 1.596608
1.174239 0.943235
3.312553 1.139968
4.020922 1.150790
1.636094 -3.674320
-0.081385 -2.352859
1.684203 -0.890608
1.007374 0.949277
3.065531 1.206144
3.319531 1.098021
2.725762 1.738848
1.500525 1.553947
4.717562 -4.035451
1.920102 -4.336819
0.644491 -3.178394
1.313910 -2.098180
1.464391 -1.056991
1.563677 -1.111282
1.114311 -0.496163
1.338985 1.197839
-0.121879 -2.960392
1.196996 -1.793127
1.536308 0.297719
1.350077 1.881148
5.226145 1.724697
1.643206 1.683941
1.794134 0.036610
1.733714 0.438096
0.880831 -1.239415
1.776360 0.830556
1.787492 -0.564443
2.265451 1.581442
2.125036 1.401032
1.764431 0.521032
3.434222 1.775267
5.212933 2.117869
5.564953 1.125301
3.570719 1.103177
1.668530 0.798215
0.018111 -0.985676
-0.322973 -1.559855
1.335588 -2.640475
3.255745 -4.773190
4.969551 -5.355912
5.301602 -4.053404
4.275572 -3.992278
-0.184716 -1.563511
1.690580 -0.296574
0.962891 -1.568647
-0.086026 -2.810407
1.310686 -0.892362
1.761246 -2.057711
1.217691 -2.646335
1.510003 -6.976421
4.885135 -4.118685
5.112325 -8.584517
5.116640 -5.451932
4.509530 -5.111266
3.995996 -5.745800
7.813084 -6.839764
7.112072 -6.617815
3.730617 -4.381170
1.600781 -6.890093
1.918427 -5.314280
3.784616 -4.292129
4.521140 -6.660474
6.712143 -5.595375
7.389254 -5.344777
8.559204 -5.784639
11.359300 -7.207119
9.502814 -8.923478
8.516383 -6.829777
3.765404 -4.859694
0.439633 1.640329
1.175027 0.934002
7.321593 -0.118983
8.090415 -0.210562
8.753119 -0.168900
8.925789 -0.025439
6.405841 2.251214
3.276129 1.619217
3.133683 2.499549
1.275229 1.392648
1.361311 0.495931
0.918523 0.347173
1.785728 1.876318
0.407365 1.661513
1.599364 -0.147156
0.753001 0.474862
0.978797 1.195001
3.172612 1.197499
4.023353 1.175375
2.538091 1.384947
3.065048 1.099184
2.182114 1.271004
0.904751 0.919721
0.920566 -1.177827
2.563764 -7.203254
3.434211 -5.838515
4.950282 -4.425643
3.701401 -6.605217
1.099916 -3.489089
1.312531 -2.571955
0.992401 -3.130388
-0.026482 -0.586999
1.461280 0.075836
1.570985 0.303336
1.609726 1.133442
2.523776 1.368595
2.191233 1.682199
6.356205 3.634483
9.195356 7.993224
14.235261 15.473402
