4.520013 3.462175
5.538834 1.266159
7.528787 0.989014
8.023476 -0.187392
6.730723 1.337650
6.461047 1.701733
8.048646 0.948053
6.921516 0.601267
7.242821 0.816874
6.656366 1.376654
4.908554 2.909281
3.855057 2.089809
3.997206 3.972583
4.742179 1.684606
3.830446 1.259610
4.493680 1.564894
4.305599 1.785829
3.592342 1.159869
2.841429 2.178809
1.981105 1.619032
4.270199 2.580836
1.701992 0.430586
1.089224 -0.548011
1.028939 -1.238005
1.485033 -3.198149
1.181558 -4.230110
0.460791 -3.007742
-0.583164 -2.078404
1.466419 0.361767
1.405913 -0.708158
1.263710 -1.179752
1.589750 -0.862996
1.719821 -1.904535
1.252499 -0.400136
1.231440 -0.683696
0.846586 -1.773700
0.373652 -1.042738
1.130471 -0.109053
1.195171 -3.553203
1.664998 2.091869
3.605872 1.304502
1.290457 1.270597
1.500286 -1.750665
1.531961 -2.813704
1.096373 -3.729670
-0.006251 -3.002920
0.580211 -2.897133
2.247395 -4.304399
3.524974 -3.979770
1.136096 -5.738922
1.274746 -1.437241
1.257391 -1.542808
0.752146 -1.656641
1.809956 -2.377081
1.623883 -1.949784
0.291270 -2.123362
0.825163 -1.088262
0.244833 -2.474959
1.362108 -3.247960
0.863384 -2.226735
1.395922 -1.614240
1.426105 -3.395939
1.962340 -6.224246
3.528779 -4.118736
0.870312 -4.926355
4.776883 -4.766308
2.771370 -4.860600
3.811788 -4.006826
3.172300 -4.665149
4.613549 -6.220324
6.237565 -6.747263
9.759921 -8.200973
10.342472 -6.751975
6.368659 -7.996500
8.450447 -7.097490
10.197613 -9.256810
14.122797 -14.050928
