16.886702 13.528716
10.638376 9.226644
5.931203 9.586246
8.692884 6.071429
7.230024 7.026370
7.904918 6.695789
8.947408 5.459686
8.937282 4.137519
9.746458 5.113364
7.515196 5.032113
9.377916 4.610957
9.797376 6.500888
8.735685 3.930987
8.687747 4.080564
7.923735 2.704642
8.935692 5.408083
8.275356 4.329469
7.770921 2.387119
4.383377 1.829418
3.128922 1.292021
1.993675 1.362102
3.221255 1.069230
-0.944788 0.667001
0.437115 0.793467
1.417561 -0.463649
1.522153 -2.171996
1.671656 -4.034755
1.495905 -1.490021
3.922699 1.355212
3.187368 1.385834
3.650948 1.352608
1.348244 -0.140413
1.001177 -0.877294
2.128653 1.283853
1.142522 2.219969
1.601059 0.806175
8.600224 -5.566813
9.144342 -5.332712
6.834609 -5.968426
8.300600 -7.249016
6.999352 -6.382936
6.963422 0.886190
6.723628 2.045678
8.469851 0.210016
7.687012 0.076183
4.712492 -4.303964
5.448003 -4.617006
6.815855 -5.516281
4.400023 -5.500319
8.162885 -5.277901
8.271252 -7.388081
3.487447 -5.031691
3.174737 -4.458221
1.047660 -4.926026
3.192077 -4.175154
1.585918 0.222669
1.779726 1.938807
4.338247 1.647837
4.041255 1.610397
4.704085 1.352473
7.397830 2.243459
7.214665 0.185466
7.838177 0.436347
14.377574 -1.756605
9.575366 -8.532062
12.899265 -7.607234
10.496899 -2.676860
11.569991 -3.776674
13.668494 -3.397789
14.578404 -0.936542
15.149177 3.236867
16.054588 1.648251
15.027065 0.458619
11.935600 -4.105968
13.667109 -2.191006
10.449585 3.680693
10.427551 3.433968
10.720540 3.582356
10.776393 3.540861
15.089095 3.765742
12.650167 3.757388
12.829016 3.562667
15.518888 -0.942724
18.269688 7.195211
19.625540 -3.468411
16.077354 4.836049
8.411817 3.441345
9.205194 3.651136
15.474165 9.222045
17.287951 2.845900
13.052452 3.658111
14.141938 3.289733
14.820898 0.473640
8.228491 3.513010
3.111931 1.538442
1.079010 -0.499324
0.731465 -1.236552
0.816966 -1.528949
1.393900 -0.629974
1.460016 -0.053080
1.513874 0.145281
1.677877 0.717520
2.930306 1.288988
3.136832 1.260887
1.953105 1.309448
4.845109 1.110635
7.170537 2.560118
6.789860 1.913235
12.321704 -2.832175
14.022371 -1.997411
7.781007 0.541353
12.479282 3.412971
10.467077 -5.398902
12.854794 -7.900549
15.648492 -8.136441
9.661448 3.683818
13.287992 3.738236
14.129560 3.435583
14.677059 -4.647861
11.466236 -2.236840
8.443842 2.419139
9.121696 5.162302
7.993489 2.072102
8.533768 0.605199
8.049371 0.107434
7.102056 0.929028
8.407451 2.529812
6.750446 2.101793
7.581738 0.189638
8.513903 0.385904
7.579168 -5.567508
11.570002 -3.874268
10.752987 -2.903475
9.234415 -6.584280
7.014906 -6.116559
3.677238 1.157067
4.884214 1.489499
4.931604 1.434275
3.260619 2.544794
2.025664 2.095662
1.195083 0.695030
1.464615 -1.427073
0.464777 -3.486865
-0.992558 -0.542041
1.193258 -0.790644
4.115460 -4.469103
4.257935 1.140056
5.153213 1.339082
7.867398 0.434361
7.805860 0.369722
8.846109 -0.070760
8.119654 1.035684
7.729027 4.259089
8.437671 5.040885
9.964917 3.664783
12.687550 3.630628
9.905296 3.527858
10.608163 3.709237
8.880342 6.089558
7.825078 5.095900
9.268057 5.059605
9.513983 3.514130
12.027964 -2.231253
11.468143 -1.991414
14.991188 1.448300
14.848600 1.239481
14.313658 2.095397
15.846895 -5.707377
15.631750 -3.699103
12.642392 -2.833268
11.270704 -4.151724
11.276365 -3.091156
7.856925 2.611189
8.916494 2.810823
8.892041 1.378278
8.623954 2.139564
7.928095 0.044106
7.838914 0.227783
11.370731 -6.993535
15.296236 -1.927502
10.532309 -3.505510
10.549128 -4.980058
11.137554 -4.918161
9.019741 0.685528
7.555309 1.851201
7.936814 2.352022
8.928508 5.896853
8.515589 1.829145
8.151240 2.621467
7.771133 -0.027036
7.556526 0.498036
11.838382 -1.889420
12.095683 -4.610294
6.096576 -6.008543
12.114882 -7.462188
9.420776 -6.479228
8.573845 -0.161901
5.787275 2.335161
5.071831 1.573354
8.438828 1.129049
10.814057 3.731448
7.416690 3.708597
10.220840 3.630588
13.017051 -2.387070
10.600765 -1.626944
11.073269 3.541975
7.973166 2.694947
7.781310 1.444703
13.373528 3.526691
12.153521 3.717641
9.125574 3.424351
8.481970 3.866477
8.808145 2.739965
16.103466 11.236769
13.528759 10.115292
16.097155 9.958326
9.304338 8.080302
8.552391 6.151496
9.506559 5.344363
7.773599 2.839892
8.247269 2.724675
7.366583 1.001187
6.391655 4.576983
7.152400 2.871439
7.277812 2.517983
8.952687 4.589866
10.058651 3.517172
8.311744 4.697693
8.600112 3.508049
9.100496 0.550389
7.106825 0.302455
7.320068 0.481489
6.714082 1.319249
8.887861 3.239645
9.708648 4.204607
8.194453 4.554309
7.151911 3.581251
11.162231 -3.124866
11.958401 -4.694193
12.159967 -2.166937
11.018663 -2.235570
12.055705 3.567308
11.920706 3.688771
15.550250 4.387366
17.073009 2.724532
16.793434 3.548003
15.152030 5.601617
7.024286 5.802933
8.509512 7.933794
8.858122 5.866072
13.493130 3.495422
12.533544 3.708135
14.057168 3.553294
13.976923 9.259436
8.923921 5.242071
14.215653 0.766144
14.322389 1.574611
7.763272 4.816690
8.914380 0.453673
8.768301 1.932240
9.116283 4.319004
9.271242 4.029830
10.258606 3.615103
8.601201 1.622379
8.719543 0.800437
6.530406 1.799727
9.709534 3.839758
16.978008 2.086318
14.301369 -1.141966
14.355846 -0.572306
15.460445 -1.994746
12.839311 -2.304463
11.541590 -2.445864
10.963905 -1.823334
7.663000 -6.536335
3.944285 -7.475456
7.779563 0.356175
6.983765 0.106919
8.554728 1.979066
5.580470 1.110335
8.005715 0.519991
10.596090 -2.852794
9.648741 -5.844730
2.519697 1.278829
5.225570 1.676560
11.633146 -4.132448
8.022062 2.763720
8.992073 1.930375
8.762800 3.941052
8.635633 2.477770
7.566672 2.409772
9.035170 0.671289
8.302946 0.194358
8.006689 1.695149
6.049684 1.753545
5.452847 2.258068
3.978880 3.777146
2.697175 2.349439
1.487872 1.146439
3.426313 1.216237
4.013699 1.630829
9.040875 2.104006
7.398397 0.174397
7.110942 0.617014
6.366027 4.116825
9.568323 4.910946
9.673282 4.898000
8.748117 3.071218
8.848410 2.364595
8.929735 2.544942
7.582459 4.689707
9.598923 5.057601
7.410167 4.513301
8.122858 3.181466
8.601021 2.022023
7.750777 0.761444
9.016096 4.278897
6.542130 2.954777
4.413359 2.987343
1.980972 1.431569
0.422507 -0.934536
0.632795 -2.078345
0.330003 -2.854208
1.112622 -1.203316
0.610066 -2.502702
0.781801 -1.492783
0.083579 -1.918401
1.596211 -3.281162
-0.071889 -4.195128
2.546726 -4.068957
4.301595 -4.276856
1.126834 -1.371058
0.840252 -2.370053
6.970617 -0.051211
7.835640 0.597231
7.497814 0.977260
8.730860 1.390520
6.623085 2.442622
8.877314 2.025605
11.578411 -1.772034
10.644485 -2.814114
11.766327 -1.982645
12.428415 -4.602955
14.930796 -1.984462
15.010542 -1.174868
8.246649 1.909313
7.861388 2.090358
7.513750 1.542697
3.921631 2.316610
4.016193 2.724472
4.474309 1.641680
3.335734 1.612652
5.416005 1.802340
9.025867 1.119157
12.138201 3.420581
13.071343 11.188384
9.057549 11.377265
7.671675 6.206300
11.122334 10.416382
8.787756 9.450081
12.332352 8.855334
8.804917 1.774199
9.098056 0.833561
8.474750 4.268789
9.973064 3.709592
10.558659 3.634037
14.300010 -0.623875
8.689875 3.156358
9.617734 8.312737
9.862604 10.480568
14.866969 5.834498
6.923661 2.089259
8.155441 2.088597
9.248850 3.902952
7.292674 4.442019
6.842551 2.685993
7.075489 6.884883
9.659986 4.018269
9.051582 5.349608
8.400269 2.755082
8.351073 0.470890
7.431303 0.252230
7.735051 3.191614
7.731051 1.247454
8.301369 1.997090
7.841091 0.606816
9.745886 -9.714583
6.345678 -9.331244
6.989858 -6.617740
7.093390 -6.325626
8.004403 -6.861070
12.918501 -3.735780
13.653059 -1.715188
11.487468 -1.717914
15.305772 -0.154193
17.250992 1.498384
14.189964 -1.985999
16.486221 1.882356
16.862156 2.050439
17.763535 0.679865
18.495010 1.288367
17.157373 4.232925
15.630610 1.968321
17.588978 1.229857
13.998544 -3.675875
15.288559 1.093842
15.251091 3.673827
14.987247 2.751956
8.801610 1.371127
9.057166 2.182013
8.237928 2.123248
7.652447 1.344760
11.621320 3.630947
10.408741 3.454339
12.704582 3.721304
8.218015 4.876908
9.778412 3.891379
12.265173 -1.730037
11.547981 -1.726332
10.707417 -3.158171
7.872453 0.493181
8.427006 2.361115
7.718558 0.439203
16.186464 11.517215
9.634277 4.063114
12.508628 9.338562
9.464477 5.350055
6.846011 3.467457
7.446270 1.130342
4.775943 1.244491
16.870079 7.213560
15.498255 9.257059
10.796093 10.458209
12.688038 10.407709
11.260485 3.489931
11.279335 3.726651
6.673886 1.763295
8.760083 1.358066
12.022614 -1.904443
10.719813 -2.526254
8.119834 0.887055
8.872687 3.154730
5.483032 2.705147
6.168307 1.995757
6.887371 1.157941
6.965114 0.900573
8.754313 1.680733
8.255339 0.099998
8.895634 -0.104236
8.044239 4.328770
9.413708 5.157631
8.731057 1.974898
7.118067 3.700243
12.797586 3.507865
11.277372 3.637359
8.058249 3.274031
9.778275 4.672060
8.660442 3.124891
9.000174 2.418282
8.918780 2.194633
9.046009 1.604081
9.016602 1.249943
8.028744 1.937315
8.541195 3.266823
7.964670 2.155962
8.620543 2.250485
9.093382 2.030224
8.991626 1.631112
7.073052 2.632626
9.429674 4.874141
9.500998 7.405395
9.173201 9.046903
10.655192 10.344344
7.767863 9.313157
9.762436 7.208399
9.506192 7.459266
7.179921 7.761114
5.599035 6.936818
6.686617 8.473105
8.969615 5.634781
8.282225 6.490831
9.091286 6.045857
8.415936 7.060462
8.331160 8.827264
13.310568 11.929111
11.534598 12.858551
12.228004 11.023299
11.207716 9.558392
17.072823 13.547396
15.667385 8.923421
14.068707 9.443888
8.819752 9.619506
8.443453 4.877029
9.838306 7.805008
9.069126 10.299818
8.504458 9.485953
9.323563 6.104615
7.386895 3.398439
7.939081 6.086451
8.457632 6.836498
9.389311 5.061117
9.821881 6.018721
8.978573 4.156757
5.117507 2.284861
11.308423 3.710388
8.514906 3.832618
9.706584 4.295719
9.033412 8.201687
8.689201 10.022531
9.335712 8.021405
8.728938 4.241464
15.097135 4.244388
9.929833 3.619778
8.829493 5.750690
9.108147 2.892093
9.041328 7.252285
6.930248 6.652595
7.452702 6.695851
9.662775 6.712426
8.837687 2.292173
15.891665 3.923107
9.060978 1.993486
7.361319 4.360179
10.226461 3.519713
8.721343 4.128581
9.364878 3.979270
5.707255 5.045438
8.236139 4.741736
7.610378 5.270819
7.073004 5.699749
8.847216 7.233913
7.625594 5.748785
7.360272 3.665758
10.238968 3.426696
11.446467 9.252786
14.529561 10.930364
16.236317 8.055297
18.421688 4.534319
15.285042 7.575212
15.122320 3.893578
16.855988 8.702285
14.518839 8.979705
9.635071 5.906186
8.486302 2.994201
8.353338 6.491570
8.094443 4.551095
9.139109 5.767289
8.021753 2.449955
8.906191 5.852706
9.820234 8.277350
8.007327 9.895118
13.552353 10.625612
11.773748 10.205564
9.815365 9.591761
9.672235 4.672885
5.670355 4.101784
8.927128 6.967778
7.851481 7.471841
7.032157 3.986497
8.873131 1.178198
11.183076 -2.295884
5.173003 -6.770953
3.999667 -7.558672
2.879265 -7.828393
2.342055 -8.836789
8.702719 -7.835225
8.331291 -5.452579
8.974123 -8.162755
12.373693 -5.074830
9.544341 -8.892948
12.669186 -7.645114
13.764870 -9.196236
11.687866 -7.616111
11.634811 -1.950069
7.159502 0.006478
6.847131 1.600681
5.641207 2.021386
7.364152 2.539655
8.693660 0.756341
6.945612 2.271770
8.514679 0.057400
8.800968 5.169027
5.567618 2.249382
14.022125 3.776423
9.856365 3.487571
8.447645 4.417348
9.008076 1.983756
7.274748 3.333748
6.723760 6.569618
6.254725 3.097881
10.527346 3.767209
10.067587 3.684405
12.757708 3.514337
15.016594 0.830626
14.645128 3.256980
11.652288 -2.898237
10.946449 -12.537128
7.937072 -6.830725
8.944834 -8.086083
9.403898 -5.871719
11.013744 -3.845062
15.939125 -6.642254
9.434797 -5.416276
8.874268 -6.262180
12.060865 -5.877162
12.123173 -2.916099
9.189299 -6.578238
9.730527 -6.304696
6.946773 0.184777
6.961493 0.003020
3.357324 -3.970490
4.566495 -4.246589
5.456453 -3.995033
5.530687 -5.271607
3.971722 1.605230
3.329806 -7.672600
0.441131 -7.429783
1.686396 -1.359863
5.513723 2.077913
8.665203 0.900839
8.142616 -0.101769
8.662958 0.939383
6.673941 2.269562
8.078075 0.591179
8.333896 0.903273
8.763872 3.949019
8.041142 4.104889
9.878307 3.653040
9.077974 4.952725
9.248301 6.232303
9.187113 6.094727
9.999668 9.730092
11.366405 9.397810
13.348529 10.289153
10.643909 10.371572
10.843678 10.256918
10.803928 9.511403
10.342321 9.830029
9.005829 7.115942
9.368954 7.005727
7.680291 2.085763
9.607325 6.097977
8.153219 2.053768
9.020818 2.932317
6.869051 1.725633
6.719362 5.054718
5.672059 5.935269
8.833955 3.547257
9.710785 3.944048
9.294675 4.291006
9.442719 5.051178
8.718363 5.505992
8.481338 6.940426
7.168392 9.485959
8.564562 11.563852
10.405432 12.326915
9.469032 7.487134
8.627784 5.614636
7.642437 4.455876
10.466532 3.656217
10.673259 3.639807
11.288194 3.654058
10.691444 3.478148
10.992572 3.494908
6.840144 0.288047
7.181055 5.297801
11.188517 3.745121
8.647898 2.705731
8.354424 2.529734
7.626334 4.297277
8.626576 0.659878
8.595972 1.742511
8.332074 2.650544
7.785063 1.285472
8.399779 2.977185
7.988182 4.334310
8.807754 5.814240
8.519025 7.782213
6.355550 2.244179
9.015955 3.015971
8.775297 5.699822
9.143259 4.279247
9.051098 3.779840
9.293470 4.833453
4.832625 3.065333
4.135394 1.263111
3.456734 1.668602
3.251661 1.702616
3.299206 1.755375
4.247958 1.665174
4.554883 1.072701
2.816502 1.427515
2.169135 1.791133
1.254680 0.280175
0.675851 -1.085291
1.406012 -0.195218
1.059902 0.943525
0.816147 -1.534929
1.436178 0.163950
1.224220 -0.774148
0.803450 -1.953657
1.644477 -2.694314
0.969973 -3.679724
0.824088 -0.411220
1.299153 -1.545316
1.746533 -1.434949
0.677222 -1.253046
-1.719843 -1.487689
-2.572603 -2.144821
