8.967099 17.763554
7.248826 14.199827
9.752479 13.531173
4.419185 10.091119
5.179400 10.271293
4.597713 10.481368
4.662404 9.685735
5.799132 12.611306
11.641028 14.552865
5.486450 8.694740
4.779648 8.712873
-0.855473 7.581453
-0.901698 7.123312
-1.751300 8.140920
-3.661262 9.019107
-1.606571 9.997952
-1.187559 7.951933
-1.050137 6.666766
-1.903747 5.074417
0.427357 4.444567
2.749552 4.491740
1.885091 5.508308
4.435459 8.027237
5.738191 7.297051
4.121628 5.734389
6.727920 5.766821
4.588842 8.683348
5.107357 9.860123
5.256323 8.763090
-2.073831 8.832535
-2.027467 8.397768
-1.034318 8.644648
-1.010849 9.744451
-2.042991 12.481777
-1.086588 11.117509
-1.113198 14.139567
-0.841015 13.408286
-4.066294 11.649159
0.835014 11.219575
-2.002530 10.778512
-1.901474 15.876874
-0.504308 11.486472
-2.900222 8.370311
-0.842752 8.441553
-1.360396 8.606064
-1.683051 9.283959
-2.547589 12.398958
-2.678864 16.140116
-0.375469 18.987053
1.138586 18.686541
-2.910926 11.996294
-0.554729 12.030159
-0.448055 12.311376
-1.264452 10.383070
-2.401665 16.364807
