-18.822681 7.802107
-13.586735 6.053445
-8.757172 9.552152
-6.582609 10.334753
-5.878529 7.878405
-3.598652 10.131687
-1.273977 9.512704
-2.007909 12.763631
-0.779484 12.545119
0.017319 11.356172
0.631650 11.127359
-2.336979 9.726000
-0.739964 6.141974
-0.986393 5.203290
-1.707070 7.659067
-1.499312 6.086489
0.945604 4.434335
2.060616 4.748682
3.299291 4.529070
3.171425 4.053832
-0.183132 4.185857
-3.030283 6.479348
-0.996734 6.308812
-1.887594 7.797598
-1.709818 5.921321
-1.710572 7.708328
-4.677076 8.309174
-0.822219 4.813383
2.484275 5.441175
6.472055 4.262789
7.195556 9.160629
5.711368 8.185049
5.440794 8.540511
7.946579 12.489794
7.529156 12.294263
6.038517 10.246547
6.663198 11.416120
6.035028 9.403760
5.328008 4.594900
4.461826 8.904614
6.429247 9.714473
5.277031 8.297033
5.517059 5.992517
1.597162 5.607181
0.739473 5.394395
-1.102565 4.271166
-0.755081 7.166938
-0.233755 5.449913
2.486301 5.748068
4.522018 6.275880
5.527932 6.650266
8.701046 9.466208
6.046321 8.500445
8.171577 10.332001
9.247716 7.718356
10.326548 8.857618
8.355527 8.281939
5.447073 8.655683
4.743414 7.604655
3.745269 4.970362
3.352910 5.150791
-1.419366 7.012007
-1.740278 6.321200
1.531033 4.673022
1.501305 5.311110
4.530790 5.471629
6.506649 8.802392
4.350451 8.516005
7.025459 8.797816
6.073594 7.673243
4.584733 8.310852
7.438213 5.747932
6.057250 6.318666
5.435285 4.809372
1.720496 5.734183
1.846619 4.156247
0.365626 4.875902
-1.783669 6.218953
-3.309132 9.007125
-1.680858 11.795566
-1.112473 9.142502
-0.710900 8.294587
-1.453391 8.681134
-3.531578 10.962156
-1.051106 8.457890
-1.523100 7.648837
-1.201315 5.381684
4.071363 4.974475
1.962015 4.324032
2.205040 4.595545
3.424212 5.414316
5.199495 5.901413
3.045877 4.881853
5.624569 7.015673
7.179794 6.634282
5.384404 9.267594
5.195815 14.822162
5.446095 15.729267
6.731761 15.252699
