0.382679 -9.672029
0.711664 -7.868464
1.402062 -4.457441
2.156364 -5.342405
0.828968 -4.242212
1.719670 -2.424214
0.770392 -0.055893
1.700062 -0.282501
0.623988 -0.911368
1.357349 0.924933
1.071335 2.377217
2.155037 1.122117
2.647551 2.321457
1.453571 2.157240
3.937857 1.679186
6.326173 3.012887
7.662035 2.160680
8.468806 5.260567
8.014765 6.478991
9.174988 7.629360
7.715442 7.391881
9.736228 8.639957
9.533125 8.218699
8.754887 7.253317
8.677919 12.127793
11.875864 9.082192
11.859335 10.021064
11.828399 16.763042
