-2.741718 -6.131174
-7.630019 -7.582267
-6.673854 -9.262439
-10.757357 -9.947312
-10.172698 -8.963429
-8.443968 -8.688973
-12.199781 -10.067065
-13.290873 -7.322951
-13.063726 -5.336023
-13.107052 -4.380250
-14.938483 -5.111207
-4.104935 -8.219554
-7.179749 -8.367570
-9.046438 -2.998839
-7.210743 -4.394639
-6.126956 -3.624997
-4.508265 -4.989341
-7.238996 -6.285029
-7.032986 -9.538366
-7.460996 -9.327598
-8.987806 -8.113930
-10.809445 -8.102322
-15.722275 -8.400613
-14.038740 -7.632952
-14.770794 -9.154701
-12.275934 -9.573044
-14.934652 -7.838096
-15.886692 -6.326499
-13.771637 -0.957659
-13.912429 -5.915889
-6.904648 -8.337922
-7.659207 -3.261041
-6.588074 -6.087430
-6.534925 -6.540189
-7.664781 -9.332294
-9.283421 -9.118932
-9.749907 -12.023920
-8.946373 -9.991254
-8.464307 -8.931575
-13.615637 -5.127591
-13.864891 -5.655480
-12.991713 -7.576376
-7.324980 -7.264423
-7.884736 -8.012056
-9.688635 -2.218044
-11.174700 -8.773302
-12.760559 -9.020136
-5.868664 -7.416437
-8.972151 -2.552622
-8.373529 -2.871592
-5.534287 1.308457
-7.735088 -5.350796
-7.841097 -5.765704
-6.602501 -7.669462
-5.561351 -6.205605
-7.889527 -3.118061
-5.951327 -2.415039
-6.144109 -3.130597
-9.207375 -1.128309
-10.894583 -2.380026
-10.052219 -1.741737
-12.015760 -1.000382
-16.833649 -5.926654
-11.727629 -2.045553
-10.740012 -2.589184
-9.082713 -2.095227
-8.365595 0.656859
-9.178426 -2.714582
-10.747043 -0.622817
-7.803020 -6.017248
-6.492635 -8.671297
-6.823622 -5.617534
-6.427048 -7.798995
-5.681205 -8.245132
-11.733079 -9.758102
-12.295086 -8.186063
-10.894351 -9.623239
-12.300365 -8.722785
-10.635870 -8.572946
-9.318912 -9.164343
-6.862239 -11.135968
-7.609867 -7.044784
-5.915483 -7.636393
-11.500911 -9.292050
-12.619417 -9.733941
-13.172922 -12.294103
-13.630938 -5.943944
-14.582937 -9.194455
-9.479349 -8.625812
-9.020487 -8.029130
-8.736514 -8.630097
-6.437393 -8.296639
-7.243199 -7.493882
-4.769762 -4.639837
-7.751737 -2.964487
-5.047355 -3.536797
-5.480719 -1.348433
-4.522609 -3.111518
-4.536419 -3.226884
-6.423705 -7.293518
-8.814063 -9.517199
-13.833324 -8.399065
-13.683336 -4.637025
-14.152034 -5.942548
-14.246626 -6.305562
-13.450008 -9.915380
-10.167787 -9.197869
-8.797195 -8.538402
-5.796926 -7.847576
-7.568682 -8.404805
-7.475244 -7.695347
-6.518295 -7.834428
-6.947643 -5.611617
-8.271687 -1.877429
-10.495161 -2.790749
-8.936193 -2.848608
-10.446709 -2.719306
-12.005647 -1.626266
-11.082324 -0.804751
-11.366701 1.387521
-12.895988 0.353456
-13.301332 -5.567796
-16.342897 -12.214674
