0.825787 18.615271
-0.722638 14.311693
-1.505672 4.669953
-2.712831 7.089212
-3.239388 5.676583
-2.719906 7.089425
-1.127566 8.087907
-0.612233 5.498450
0.991456 5.532909
0.081686 4.596066
1.049459 5.239699
1.978193 4.842965
-0.566607 5.449533
3.356803 4.159950
5.017565 3.993762
5.854522 10.182996
6.334461 8.614482
6.493649 9.135806
5.696325 6.169580
3.909550 4.318141
0.758250 5.231643
2.507830 4.064356
1.235583 4.531460
2.078625 5.228895
2.202848 5.173461
1.226716 3.398820
1.138301 5.612266
-2.112570 5.664163
-0.878600 7.461173
-4.811999 7.989672
-0.336793 11.667360
-4.768724 9.467143
-0.759405 10.347569
-1.949626 9.207013
-1.613785 9.109194
-1.192157 8.568089
-1.683484 9.300364
-1.091990 8.939517
-2.038112 9.795543
-0.917168 6.085704
0.928685 4.916525
0.820440 4.588517
2.292060 4.806863
5.653691 4.820026
4.728904 7.080708
4.347180 7.347913
5.764414 8.705295
6.616562 10.619278
6.296591 8.956779
3.832713 5.192956
2.496870 3.304611
-0.341189 5.477662
-1.958876 5.027532
-1.054071 6.129363
-0.697606 6.623483
-2.449286 8.539667
-2.025904 8.377051
-1.219394 6.909300
0.258160 3.575508
-1.314234 6.088712
-1.129885 7.912527
-2.151539 8.077455
-4.796871 9.216519
-3.773789 11.380289
2.126053 11.171959
0.559512 11.204090
-2.868226 11.587931
-0.593948 11.447454
-0.028644 12.473346
-1.986578 12.180776
-0.079160 11.964193
-1.550848 10.249037
-2.177748 7.125620
-0.229003 4.171460
0.140628 5.131610
1.286384 4.298618
1.186960 3.475116
2.511876 4.101496
3.453475 5.721776
2.074225 5.537124
1.971127 5.590250
2.674673 5.624658
4.384746 5.871987
5.583982 8.818690
6.536101 8.949599
9.338301 11.423966
7.772607 9.455561
4.360153 10.327182
6.179473 11.607006
4.847439 10.112200
2.235898 11.240641
0.383519 2.644400
-0.212211 5.000155
1.583043 5.841877
2.210268 5.451622
0.698331 5.395536
2.315505 4.836287
-0.198611 5.028761
1.418468 4.815849
1.233078 3.625968
2.968716 5.717560
5.147116 5.802379
3.242132 5.201406
7.458638 8.636534
4.319211 9.514709
5.926241 9.619939
1.110239 11.224163
-3.996069 9.699924
-2.873989 8.606302
-2.902498 7.548098
0.551343 3.993401
2.755157 3.879265
2.658668 5.046405
5.894788 5.334917
2.673667 4.477893
1.275392 4.549565
0.666450 4.143381
0.607045 5.361924
-1.211089 5.637646
-1.440111 8.907939
-3.844993 10.268801
-0.397287 13.078484
-3.298023 14.009462
-0.228367 15.344144
-0.604662 17.646660
5.525865 17.645905
7.058692 15.939212
6.424814 9.499094
8.941311 12.732583
10.466923 11.984178
7.978144 12.819787
6.063031 9.435602
6.774901 12.517687
5.314189 10.913283
0.228301 11.311971
3.679600 11.180889
4.037570 11.172302
7.434411 9.428700
4.699051 3.899101
2.605051 4.922820
1.654983 5.371988
1.100401 5.432599
1.776636 4.375059
1.276372 3.157229
-2.148952 5.638792
-0.853974 4.616393
-1.656901 6.192999
-4.438584 7.130865
-3.928801 8.679264
-0.693568 6.722412
-1.473217 7.904243
-0.445589 4.617332
0.223897 3.883101
0.996682 5.472112
3.885405 5.807907
2.127198 4.431972
3.010526 4.849248
5.740527 6.352649
4.719455 8.931524
5.604760 8.910478
4.680228 8.516030
6.246059 7.449112
5.798346 10.127536
8.815064 5.388925
1.260214 5.833197
0.145802 -8.567679
-1.847028 -15.200130
