11.046684 18.847008
6.933911 12.304368
8.891712 13.127998
7.697256 12.343798
7.791633 10.979500
4.331698 10.374749
4.949764 9.269814
6.762752 4.938993
6.909336 4.288229
8.884436 4.017771
9.136749 1.928907
7.817759 3.835090
7.829179 4.584107
6.556149 3.709575
5.708384 4.917325
5.074661 6.067103
6.688527 5.067445
8.091265 3.159963
9.372372 3.498499
7.493166 5.419033
4.836836 4.081031
6.639241 2.164117
5.724191 8.691458
6.598590 11.394350
7.176126 11.159316
5.910111 13.661531
5.525132 9.864137
5.561666 6.675458
4.196575 4.820655
6.749293 5.577529
5.376818 5.650480
4.901429 6.243142
8.267420 4.160354
7.315935 5.456349
5.975315 4.680077
4.347876 6.988404
4.947730 5.612242
3.188110 4.736016
2.703998 5.886236
-2.135751 2.957433
-3.281311 -2.320471
-5.691334 -0.565865
-5.136555 0.617627
-6.907319 -2.854601
-10.580667 1.629813
-8.297953 2.454984
-9.104420 2.802315
-18.076448 5.087319
