14.048262 13.910523
13.768139 11.063713
17.876402 6.920498
16.099148 8.983024
16.073757 11.867557
17.305271 5.096295
15.478098 3.593312
10.670038 2.619173
13.380696 3.257498
12.509593 2.353123
13.411907 3.673671
14.685002 2.588925
13.848045 3.576421
11.158897 3.162093
10.974390 2.848611
18.857586 7.421573
15.018118 7.906906
16.067139 7.063077
17.093763 6.703139
10.431758 3.777912
10.614957 3.260623
12.161016 10.308097
14.668081 8.894481
15.222200 5.550730
18.909412 4.658847
15.275543 6.745571
9.058442 5.252399
6.155382 2.935617
8.127975 3.366473
8.181774 4.863711
6.467726 7.332395
4.491146 6.864660
5.205592 7.885664
6.507284 9.074312
9.068854 5.083174
6.163172 5.318202
5.732798 5.840101
12.430764 3.711758
13.825327 2.419780
10.434635 3.073098
8.538585 2.903441
9.070728 5.636312
9.427988 3.465758
13.365082 3.740030
17.568159 1.943865
16.358536 11.668834
11.563645 9.930811
4.979356 7.231394
7.511234 12.791777
8.050303 10.795737
6.127511 8.856599
5.569214 6.781585
2.736907 3.795710
5.956470 2.839929
5.506914 8.076795
5.900084 3.101481
8.769573 5.547579
8.582907 4.685758
7.685689 4.058493
9.679401 5.346460
8.574653 3.117305
7.486040 3.346399
12.897280 3.518063
14.608463 0.465742
17.376860 2.603174
15.851731 4.367181
16.256214 2.996258
12.686960 3.427327
10.670564 2.425462
11.198129 3.064049
9.700003 2.094400
8.410224 4.999554
6.407685 3.198198
5.515468 2.242394
7.465409 2.577567
10.724987 3.181375
12.182525 1.878245
11.218822 1.782757
12.576208 1.751148
12.092192 2.182955
7.945293 3.991335
8.567232 5.154770
6.167147 5.144059
6.688266 4.231495
8.567202 3.158852
9.495156 4.893463
10.217669 1.983496
10.457589 3.664989
8.416669 2.718393
7.302330 5.645151
13.015345 3.117700
11.841854 1.022738
12.028011 0.700854
15.423260 12.780243
12.771515 2.410891
11.043409 3.397543
8.418747 3.062365
10.984858 2.504253
8.349807 2.804660
7.856183 11.453031
5.595916 10.333582
7.708501 11.692796
9.675579 10.842843
6.074533 6.351415
5.111929 4.931986
5.636588 6.049703
5.784857 10.110976
6.185842 9.650802
6.360795 9.310803
6.305402 7.426074
6.109677 7.704529
5.089133 7.931605
5.805443 6.757289
9.295518 13.233563
12.423754 10.132791
16.781033 12.044534
13.251240 9.298347
13.733923 10.465556
11.666227 11.277083
13.070857 10.666995
13.519958 8.916717
11.621138 10.232213
7.026224 11.014032
8.364341 11.558863
10.363286 11.266560
8.510021 10.689980
6.561779 12.207784
6.340596 5.031370
9.807868 5.596256
8.955254 5.496911
9.845748 4.607202
7.476198 3.797888
8.558361 4.501303
15.621435 4.154968
14.999262 2.727855
11.115494 2.825962
13.802431 9.253072
14.688684 8.840171
14.159239 10.408122
11.142149 3.092597
10.789980 3.101994
13.173265 2.924296
12.272822 2.003047
9.650064 5.213004
8.838922 3.707240
11.900154 2.941924
10.907315 2.336178
7.516107 2.999400
13.307418 3.725099
12.678736 0.335203
12.138015 0.909342
10.423757 1.280008
11.042091 1.584138
13.343445 1.630007
12.629646 -0.071007
11.667980 0.796334
11.023499 0.410595
9.422548 1.477718
15.117863 5.945848
15.653278 4.198220
10.278349 -0.135980
9.517447 1.506996
8.053635 4.519929
8.786720 2.101235
10.897252 3.141023
12.332580 2.143904
14.689947 2.559151
12.998602 3.430815
15.124693 2.861783
15.158659 7.576932
15.300463 5.575634
15.867949 4.876991
11.021710 3.127075
9.245313 3.747674
9.785074 5.509270
8.353199 5.561947
8.157291 2.438770
7.494649 2.874416
9.663088 4.454330
6.125261 5.160556
8.629678 4.564574
8.862995 2.331768
10.683570 3.457692
11.981726 1.535066
14.291716 3.757952
11.217525 1.940809
9.946602 3.784777
13.573484 0.755410
12.649744 2.481148
11.514742 3.746940
11.219116 2.234341
10.818116 1.779200
13.627186 3.209150
12.532578 3.666490
12.402640 1.124199
17.928644 5.899778
13.957663 2.802217
10.018959 3.532209
9.289819 3.244129
9.692768 4.162627
9.481791 4.492935
8.679661 3.115945
8.530103 5.280212
10.539480 3.447769
9.017296 2.673277
7.969062 2.781059
11.093504 1.860074
11.378249 3.385562
10.388786 3.529785
15.944983 9.151237
15.439577 6.155073
17.172049 2.041338
13.897789 1.141098
11.101964 0.299403
13.236431 1.241909
14.997195 3.443009
16.726414 1.919487
16.077322 -4.756078
11.235479 3.390344
12.900597 2.835947
15.828741 3.189138
10.394838 2.634120
11.109695 3.045215
11.427572 2.565386
9.197330 5.427344
9.823742 4.104071
12.496437 3.309474
12.546320 2.919853
13.378984 9.239940
12.500478 8.798132
9.575478 2.319844
9.591978 4.980270
10.236429 2.783739
9.858476 2.395979
13.262298 1.367172
14.913727 0.716354
16.750925 5.150918
12.415588 8.970905
7.168203 5.150911
6.910560 2.717292
10.700699 2.522339
11.647933 2.818154
12.306651 3.413507
7.076632 1.885948
8.233515 4.163182
10.063519 2.436130
9.533442 5.237063
8.516040 5.051039
8.312825 4.272668
7.856796 4.342680
8.444918 3.232971
11.480601 2.174748
10.323836 2.611673
7.898387 0.390585
9.194855 2.782667
9.195045 2.708855
11.512421 2.406263
12.427629 3.525389
11.298731 3.679510
10.136674 1.095166
8.698924 3.240476
10.012593 10.883888
12.171005 12.496904
12.440060 9.269871
6.854055 4.200926
7.997155 3.736777
5.503550 9.665813
6.528647 6.115704
5.230692 7.666758
6.058097 6.967697
9.497919 4.626741
8.448002 2.388320
9.135599 3.890591
7.549616 4.943073
7.814667 5.165106
9.512093 3.250119
11.448570 0.711010
9.451816 2.246767
8.171566 1.945946
9.620777 3.607563
10.604959 3.702322
9.725942 4.800378
8.523665 4.663988
6.332473 4.421180
7.988362 4.583779
9.751177 4.228172
9.466515 4.536586
10.504371 1.899140
12.114393 3.009615
13.349140 2.217770
15.387506 4.824930
15.132895 4.808866
16.473186 6.719032
15.361921 2.326959
10.419153 0.886844
12.148044 2.119991
14.801632 1.949676
12.949454 0.292288
9.947067 3.119603
7.054835 1.883582
9.748488 4.767416
4.356475 5.263269
7.017084 4.834703
10.520887 3.294453
10.648249 3.453448
10.581751 -0.912483
8.222530 2.119297
8.290222 2.900731
9.384342 0.141683
5.377832 0.824367
8.599714 1.272097
9.715104 2.588438
11.184301 -0.456762
10.872521 -6.343634
9.321131 -5.641798
8.129604 -7.968141
7.307417 -9.057768
9.340157 -7.222394
10.047017 -8.952768
11.113426 -2.074678
11.304735 2.365891
10.099190 0.620253
10.210531 1.194421
14.027201 3.059469
13.478447 2.746860
16.240400 2.050398
16.753670 5.420519
14.998836 6.721263
15.293614 5.374171
16.790649 10.767798
12.383253 10.444570
11.790987 11.837989
10.946867 10.683314
6.188060 4.938136
9.108664 4.300552
9.292171 3.997352
8.282792 4.458259
8.407901 4.303102
8.617590 4.683409
8.169113 4.549482
12.713772 0.100731
14.213159 2.771486
11.653036 2.816134
13.950813 2.987319
15.453592 2.932333
15.141134 5.042099
15.527071 2.672447
10.228985 1.301997
7.158689 4.239125
12.605470 2.929177
11.090774 3.520879
9.673790 2.454300
8.805860 5.569014
8.696808 5.499722
9.134098 4.487679
8.051803 3.279560
6.597998 2.547719
5.952237 3.913808
2.369041 4.024753
-6.635499 -7.647526
-13.666185 -15.652251
