1.322488 -14.450639
1.470276 -9.431845
6.128242 5.475489
6.573698 3.698481
7.682780 4.293338
6.243230 5.297144
5.441375 8.315338
6.088926 6.132655
6.394984 3.963949
5.396433 3.740001
3.813395 5.571953
5.141383 5.208763
4.710050 8.812360
5.860043 5.970809
5.218575 6.910578
5.986778 7.383572
6.076158 12.925645
8.524658 13.091903
7.402557 11.283739
2.812264 11.178371
6.270265 10.730111
5.482819 9.270254
4.794597 10.641491
4.528438 9.850224
6.483259 7.105571
5.990115 4.809333
3.673116 5.665035
3.706908 5.072126
2.493478 5.660818
2.079634 4.588964
-2.720942 2.795645
-2.246070 9.256759
1.648691 10.955853
-0.358466 11.239179
-0.911086 11.382333
-1.345037 12.631933
-1.443735 11.007516
-2.184084 7.762770
0.469111 4.369358
1.086695 5.852167
-1.317259 5.499409
1.499474 5.042038
0.299027 5.573243
3.325900 3.882437
5.579293 8.528744
6.267291 8.946527
6.514451 7.241281
5.677748 4.518652
7.643177 4.193604
10.593702 2.712724
11.008684 2.444471
12.673122 0.312188
13.811728 1.236599
9.608446 3.805270
9.027550 5.394520
7.814610 5.559586
7.209622 3.925985
8.837227 1.610469
10.051814 2.562251
7.174204 4.340438
8.883523 2.193536
8.424559 4.201394
9.522001 3.991093
5.796199 4.686247
6.223517 7.182791
5.466322 6.729024
4.355659 6.906241
6.321890 9.887256
4.550934 5.240905
5.246911 9.029803
5.871819 11.261784
10.097603 11.613882
9.366002 11.148084
9.763322 5.252438
7.463614 3.612674
7.353294 5.138876
5.018406 5.900690
7.549515 3.640488
9.684552 5.241107
9.158602 4.154001
9.078058 5.187375
9.148075 4.282509
9.892859 3.240737
14.991953 3.329629
14.560996 3.283555
9.816113 3.393883
5.239672 5.203129
6.972153 5.570037
7.729422 2.869094
8.497663 1.606662
9.253172 4.758736
10.094703 3.216739
10.911547 0.161981
8.949649 2.320084
9.576242 5.619106
9.220184 1.521613
10.906165 -2.515461
10.182182 2.826204
18.970119 8.775661
16.839279 9.302794
16.142086 9.463496
18.731998 10.005534
16.405514 4.095141
15.151753 5.169616
15.024118 8.391794
13.708012 10.069953
10.821879 11.795883
14.763439 8.960567
12.093269 3.215543
14.769207 9.682096
13.798771 8.929179
14.067214 9.143847
11.614964 10.549388
11.364991 12.029449
9.668249 11.151780
