-5.763597 -14.677150
-10.270411 -9.783731
-11.711590 -8.517627
-11.147647 -8.886136
-9.948542 -10.071516
-11.629462 -8.860952
-7.210312 -9.822747
-10.253386 -9.538201
-6.942992 -8.746356
-7.609453 -7.088250
-8.134771 -10.191710
-9.505434 -9.754782
-10.313040 -9.264118
-9.628955 -8.457389
-4.585584 -8.656178
-7.128512 -6.320664
-7.791760 -6.005623
-6.016836 -5.416513
-5.369084 -3.747478
-9.702724 -2.420100
-11.173428 -2.641204
-10.935215 -1.434524
-9.686453 -0.409371
-9.370796 -0.357528
-10.400525 1.568331
-12.000125 -0.964695
-7.879569 -0.606891
-10.196161 -0.202444
-10.198446 -0.782427
-10.348907 -1.252925
-10.286026 3.009380
-10.712857 2.704595
-13.599037 -3.709491
-15.770452 -3.192853
-14.051502 -5.799004
-13.059999 -4.809649
-15.487621 -5.812123
-16.690235 -7.373143
-14.160305 -10.513311
-12.895319 -9.725856
-9.720690 -9.660916
-8.103292 -9.562548
-7.453763 -8.819092
-4.243376 -8.915187
-8.332234 -9.009288
-5.974032 -7.097126
-6.789548 -7.542493
-7.875166 -6.440670
-6.812391 -1.916381
-7.683185 -4.482868
-6.851539 -6.419356
-5.663239 -2.061782
-5.006242 -3.059590
-3.664021 -6.045820
-7.034961 -6.846583
-11.011156 -12.272974
-9.162300 -9.187008
-8.840336 -8.423125
-10.845491 -8.154907
-11.481443 -8.156617
-12.371365 -8.165640
-4.747176 -9.900523
-7.822288 -10.656985
-9.888068 -8.452769
-7.499558 -8.119733
-5.800203 -5.979513
-6.072094 -1.798074
-8.411465 -2.457816
-9.508240 -2.697564
-7.748196 -2.283042
-7.209694 -6.659606
-6.868653 -4.342113
-6.341879 -1.262598
-7.789711 -3.274009
-9.187189 1.598887
-8.901845 -1.634897
-16.407345 -6.974866
-13.319227 -1.020864
-6.797129 -2.409599
-7.135815 -3.860966
-13.324364 -7.593288
-16.921997 -9.505151
-8.264444 -8.769480
-8.493890 -9.595821
-6.077406 -9.357683
-8.905516 -8.201720
-10.792836 -8.404021
-9.482425 -9.011596
-8.644771 -8.451354
-8.792637 -10.348979
-12.801466 -9.237085
-10.540012 -8.371844
-11.662109 -9.137786
-14.393093 -8.243801
-13.177451 -5.728801
-12.543463 -10.591769
-9.108130 -8.334054
-7.325241 -9.013627
-6.097836 -3.981011
-7.278677 -4.840664
-5.828002 -3.286412
-11.780528 -2.198091
-12.024465 -1.433009
-10.207566 -2.916438
-11.546551 -2.586412
-8.064759 -8.646968
-6.424073 -7.917604
-7.483548 -3.267029
-6.670624 -6.745314
-6.190761 -6.335069
-7.307185 -6.675963
-4.862696 -7.581989
-6.294644 -6.778166
-4.113935 -4.307948
-8.614508 -2.340976
-7.237146 -1.208275
-7.117531 -2.881144
-6.468408 -3.952531
-7.437672 -8.611253
-9.537003 -10.392184
-12.089750 -8.855098
-11.275925 -9.351288
-11.949247 -8.336499
-11.020851 -9.196936
-18.941679 -7.528259
-10.694971 -1.212530
-13.966558 -3.809536
-15.375928 -7.558174
-13.999029 -8.116212
-15.306128 -7.379753
-13.641227 -3.388513
-12.203348 -1.286208
-11.906816 1.729546
-11.304773 3.022146
-13.003666 -2.066710
-12.249333 1.605639
-12.149827 8.305145
-19.515818 18.200867
