10.167727 11.191743
8.533772 3.626088
7.645254 3.710300
11.747391 3.557464
10.042924 3.415207
8.882954 5.093918
9.140610 2.331795
7.875318 3.122280
6.985525 4.341495
9.195843 2.300765
11.734426 1.191126
13.270829 2.120635
11.637661 1.474187
9.624514 2.690204
7.501372 3.260771
8.946160 3.169999
10.231421 2.852641
7.558331 4.513167
7.855953 2.705183
9.840497 1.401807
9.760454 2.952681
11.742015 1.663641
7.161036 4.747102
10.433211 3.533568
10.451775 1.659731
8.567212 0.745924
9.837851 3.871451
13.343627 10.324011
11.558768 9.062619
12.159590 11.411419
13.321081 9.309581
12.543398 9.209873
15.412606 2.613712
11.953112 3.472568
10.573071 0.610546
14.574741 0.405591
10.833914 3.008971
10.419789 3.095802
7.998896 5.614647
6.637065 3.856523
5.657168 7.167856
7.773631 3.654479
6.175485 3.548479
7.795604 3.912238
6.415576 3.266495
9.391784 3.225133
8.152746 5.612091
8.866076 4.103503
10.552690 2.549050
10.807626 3.623251
14.195094 2.741693
16.972393 7.070526
15.704796 5.065470
14.329192 -0.467734
10.476661 1.054040
11.635514 3.114174
12.578226 3.471835
13.528437 3.208981
10.908893 2.434225
9.092322 1.846141
12.282806 2.662770
9.694284 2.302527
12.876304 3.052547
9.138908 1.947492
7.834922 1.255303
7.639957 0.412604
10.068503 2.654700
15.134140 1.901152
16.918432 11.025737
18.968742 11.262970
16.339375 13.280934
16.925024 10.354400
15.361738 4.099994
12.641706 1.215165
11.646745 3.565738
13.615007 2.004655
10.863314 3.401327
13.760633 1.044739
15.976423 6.010996
14.861633 9.612556
12.706821 13.084260
11.169703 11.490289
12.231318 10.967289
14.457720 9.810820
10.519944 12.293416
12.209207 11.071568
5.260329 6.993802
6.214546 3.690935
3.772438 4.984823
4.824349 5.849767
4.854139 6.944920
6.931209 3.955845
3.906981 1.614883
5.022006 7.801356
6.235843 5.356699
8.805455 4.642509
8.999701 4.464093
6.923651 4.593968
5.517071 3.776840
9.021194 2.684021
10.695381 2.820512
11.138250 2.631549
4.290545 0.872546
11.120968 3.089888
10.594479 3.431671
16.951809 2.327219
18.526451 5.770268
11.687193 10.835043
8.702177 11.002748
10.030029 11.231854
10.313485 11.116044
14.049006 9.668841
13.430730 9.010777
11.656416 9.615983
11.808315 9.430337
13.683512 9.640184
15.676390 5.288440
8.436884 5.163820
9.708621 3.609470
9.796219 3.529936
8.320328 3.106550
6.837868 5.607608
8.725959 4.276760
9.296803 5.366290
9.308293 1.999737
9.643965 2.664370
7.271600 3.279798
13.280697 9.994390
11.696269 9.034309
17.882679 8.181700
11.638502 12.510194
9.006259 12.250921
5.902179 9.312994
8.357090 10.659348
11.317985 3.603235
17.907570 -1.575609
12.421754 3.489597
11.643481 0.591643
11.869281 -2.372331
11.250829 1.760453
11.113673 3.607432
10.188400 3.362782
9.551487 4.544583
6.184554 3.743771
7.572306 5.626104
5.987409 8.189231
6.519880 6.606470
5.042092 3.439376
10.336853 3.579025
8.917226 4.402199
9.403040 5.542185
9.783542 3.746264
14.574867 3.748454
13.462147 1.277542
9.982431 3.753759
13.470489 2.264783
12.168165 1.370199
8.730687 5.399200
9.343563 4.736228
10.774591 3.391400
13.337996 2.336840
8.929455 11.408226
5.713081 6.584105
6.728084 3.751158
7.383309 5.189251
6.629552 4.622469
8.395229 4.810564
8.697537 5.078672
7.939494 5.632647
7.684026 3.875094
6.211739 10.225428
6.313094 6.229948
13.396626 10.419515
12.441974 13.594350
7.188739 11.251546
5.616718 11.534972
6.284993 9.365194
5.327091 6.960474
6.477193 7.109316
5.180584 4.626168
9.277157 5.049467
7.776527 2.404211
7.647823 3.939430
7.250055 1.795961
7.566390 2.540283
6.343570 4.069889
6.629381 4.950287
7.848231 4.560293
4.635220 4.436970
-6.851233 -10.795245
-12.948596 -19.170467
