6.278512 1.213356
3.544164 -0.523727
-6.307415 -3.866118
-4.601522 -2.452976
-6.445608 -1.400004
-5.410524 -2.318274
-10.106201 -1.700521
-10.368447 -1.580926
-10.064445 -3.008278
-7.234296 -1.912900
-10.347925 -0.785017
-7.824877 -2.505769
-7.605302 -3.691281
-7.009148 -2.787093
-7.425941 -6.866805
-7.254500 -6.342866
-5.326427 -6.418384
-8.398962 -9.264758
-8.614894 -8.409305
-7.098986 -7.271355
-7.891010 -4.689538
-7.600902 -2.989223
-12.415167 -2.727830
-9.639673 -2.142005
-8.085720 -1.564565
-8.909608 -1.032874
-5.841160 -6.371054
-7.471998 -8.033886
-12.698194 -8.746390
-13.161730 -7.878559
-7.848724 -4.627981
-4.023438 -5.532221
-2.620380 -4.354143
-6.077905 -3.612225
-5.870501 -4.762575
-6.168455 -3.763748
-4.470942 -1.890350
-8.144243 -0.123988
-9.122004 3.819995
-11.720648 -8.071118
-10.493740 -9.569954
-5.608488 -9.450722
-7.639441 -7.546876
-7.406577 -7.703921
-7.350457 -5.686059
-6.491125 -4.529952
-6.131821 -5.031210
-6.099660 -4.428700
-10.453350 -0.169707
-8.729607 0.602295
-8.722158 -0.108984
-8.302139 0.316626
-10.302849 -0.813126
-12.868844 -2.718781
-17.541044 -7.383482
-13.939394 -4.924516
-13.347242 -7.312546
-5.682892 -10.382659
-6.739649 -10.038109
-12.294760 -8.452226
-6.439534 -8.328092
-6.493730 -6.857850
-6.701825 -7.598912
-4.995281 -4.155263
-4.825143 -5.196764
-6.356974 -7.070832
-5.799430 -8.696876
-10.119810 -8.086617
-7.409554 -8.283107
-8.648600 -9.703839
-7.022615 -6.609293
-7.181419 -9.332082
-5.770678 -3.197566
-7.191874 -6.780128
-7.912655 -8.853813
-9.307540 -10.024808
-9.520700 -9.403162
-8.330778 -8.555379
-7.667892 -8.535142
-6.167500 -4.898849
-4.325339 -3.777232
-7.251932 -4.599091
-5.924332 -8.013865
-7.556201 -7.295247
-7.459386 -7.156757
-13.702595 -8.968266
-17.395218 -9.565576
-14.392525 -5.306349
-11.302086 -8.622261
-11.743155 -8.805902
-12.593024 -9.166036
-10.823770 -3.010796
-12.296613 -1.550835
-8.329184 -0.234155
-13.946470 -4.793628
-11.295670 -0.922580
-8.166752 -1.761181
-9.790531 0.902694
-8.747140 -1.612694
-10.355400 -2.383737
-10.080462 -1.512175
-15.071660 0.518437
-14.266309 -7.360746
-13.254805 -5.268252
-16.024740 -9.688369
-9.868662 -11.674352
-7.129301 -7.478190
-7.785701 -6.450599
-7.893885 -8.496836
-6.626136 -9.821094
-8.547122 -8.182839
-9.759287 -9.925321
-9.895778 -8.169378
-7.832319 -7.904861
-7.378007 -6.650866
-7.190066 -3.904131
-6.024427 -7.356926
-6.479166 -7.378332
-9.475927 -10.556963
-16.222921 -11.873570
-13.190926 -4.722117
-13.572683 -5.427313
-14.029398 -10.590146
-11.423573 -9.777829
-8.399497 -8.078766
-6.642075 -8.678361
-7.697625 -7.105825
-6.253952 -10.420700
-9.743868 -8.231400
-8.672025 -9.162029
-9.966224 -10.540761
-10.304999 -9.085013
-10.697379 -8.066083
-12.293343 -13.740365
-14.738149 -7.813620
-15.525623 -6.698051
-13.472437 -7.231043
-13.523979 -7.477492
-13.818149 -5.969694
-10.458418 -9.488528
-11.919851 -10.051723
-7.486006 -9.074215
-9.432877 -8.114577
-10.256756 -8.505469
-10.574261 -9.932231
-12.722141 -9.306958
-7.937185 -8.502126
-7.609873 -9.795567
-7.499674 -7.487230
-7.197423 -7.487735
-8.322157 -8.865951
-6.850346 -8.883698
-6.755622 -7.273555
-7.675684 -10.681629
-10.358236 -9.492056
-6.982166 -5.947457
-8.082760 -2.054043
-12.327280 -1.727463
-12.766743 -2.755155
-11.007542 -2.732835
-9.368143 -9.975036
-7.394044 -7.563823
-6.822890 -6.815438
-7.564726 -6.472011
-7.523883 -6.393878
-4.655940 -8.725837
-9.960445 -8.439034
-13.030897 -8.878775
-8.612160 -9.477441
-7.863374 -6.022174
-7.952090 -8.773412
-8.965645 -8.212197
-9.174343 -8.653722
-6.667668 -7.585339
-6.976511 -6.204346
-6.934843 -5.145444
-11.065037 -9.047014
-11.523030 -2.626437
-10.503544 -0.909116
-14.011852 -2.391979
-14.192749 -7.001882
-7.565112 -3.483701
-7.386797 -4.020226
-6.955648 -3.520458
-3.900401 -3.808509
-5.819746 -6.268530
-7.179693 -7.790396
-8.138163 -8.183309
-6.121792 -8.602078
-11.485611 -8.703937
-10.098682 -8.593551
-6.633203 -7.843244
-6.569337 -5.692997
-13.138984 -5.426270
-12.980130 -9.422202
-11.086626 -9.927031
-11.193267 -12.265680
-11.375659 -9.247132
-14.179419 -11.301718
-13.946236 -6.513367
-13.443794 -5.862480
-15.024178 -5.590658
-13.022963 -4.930958
