8.655294 16.945782
13.386141 9.481594
11.952630 10.253303
8.598628 5.480001
8.099662 2.975138
7.237803 4.216229
9.496623 2.688657
10.364292 3.645705
8.789453 2.743188
10.461569 3.662347
8.588692 2.167266
5.485371 3.374593
7.112165 3.230664
4.725253 3.662989
7.556861 5.565253
8.377378 5.474651
5.265733 4.041082
6.341289 5.631490
6.119771 6.574987
5.376251 4.970185
6.851035 5.048474
9.388210 4.286931
9.778835 4.229329
3.185907 5.493246
5.722890 2.829651
7.204141 4.696756
7.634392 4.412564
7.882579 4.768806
8.426044 5.517428
10.557755 2.384045
13.097080 3.233557
11.410745 1.908583
16.361965 7.082915
16.028881 6.298110
12.382715 9.650530
9.614788 5.171754
10.061206 2.243577
13.075829 3.592809
6.638779 3.755993
7.304610 2.712895
8.140236 1.454124
10.548225 0.063426
13.060348 2.706829
10.573161 0.223521
13.338234 8.925544
15.098953 9.259727
16.101973 2.709060
12.776567 -0.509893
8.101897 4.139320
8.851767 4.293913
8.459364 3.193928
8.609662 4.975621
9.599516 4.528993
9.420233 4.369664
9.733658 0.623607
12.160411 2.381751
7.877325 3.969288
7.538326 5.369249
11.236940 1.077182
8.947978 3.001459
10.627540 2.068833
9.961050 1.500158
9.257242 3.094606
7.749992 4.334496
6.860912 4.803130
8.350008 11.946020
12.911566 10.341455
16.865814 3.431474
10.663465 1.781865
8.575465 2.386389
10.506501 3.204517
12.836993 9.679350
9.581604 3.984840
9.284382 2.526056
11.871921 3.690198
9.630111 4.544252
5.500130 2.386857
9.134225 2.702649
8.703684 3.174967
7.937357 4.095603
8.712554 4.028198
6.484086 3.409488
8.012346 5.136037
10.417257 2.010280
9.983773 2.756742
11.588672 3.398626
12.999210 3.004399
11.652222 1.497456
13.971094 1.408438
10.874268 2.878450
11.020179 3.168545
8.605375 2.439621
13.252704 -1.605960
11.559896 -2.144403
