11.091486 -2.593888
12.146013 -0.584084
12.432958 0.452649
11.431060 0.335392
8.213810 -0.129729
8.977992 0.165214
5.113003 -0.070236
4.519033 -2.240099
5.416049 -3.550983
3.956633 -0.449420
4.403332 -0.529834
1.568492 -1.379925
-2.350449 -0.962828
-7.433805 -2.162736
-7.421952 -1.670530
-5.668128 -0.232662
-6.148412 0.723798
-5.032989 -0.194994
-8.359926 0.031883
-7.749217 -0.209707
-6.573508 -0.063902
-3.598763 -1.837583
-1.948879 2.678670
-1.133511 2.131684
-3.873251 7.317556
-8.184429 6.370985
-7.818737 6.198833
-5.827148 6.600846
-7.075402 6.805936
-8.414055 8.660004
-8.196894 3.669090
-8.229123 4.590816
-8.362189 4.740709
-6.026766 6.606751
-4.800888 6.513973
-6.320089 7.139343
-7.427335 7.221151
-7.128768 6.355852
-7.646711 6.318125
-6.210084 6.940484
-7.159376 7.265802
-7.818231 6.151160
-5.659366 6.524031
-4.144773 6.598269
-2.484338 5.490428
-2.363410 4.080770
-0.061751 5.204118
-2.592782 4.679217
-2.249398 5.125541
-1.870190 4.404493
-2.348884 2.738427
-2.728943 1.892551
-1.971688 4.395648
-2.786588 4.075622
-3.027697 4.643524
-0.099120 3.105611
-0.497108 3.691515
-1.924697 7.850729
-4.329853 6.111215
-6.231977 6.625535
-5.856970 8.559493
-6.493634 7.786883
-9.971922 7.038404
-9.375648 4.623232
-8.882172 3.369491
-9.736819 2.252622
-8.312778 4.810133
-15.810022 5.870071
