14.230335 18.579939
12.322691 10.675486
16.691214 12.068757
16.832678 6.108284
15.548768 5.544511
15.066536 2.459136
11.746342 2.187798
12.405096 2.553546
9.345589 2.163764
13.599883 2.052333
14.020876 2.790578
16.384590 0.424676
10.866553 2.326948
9.578979 1.916763
10.262215 2.690228
12.837689 2.676162
13.152530 1.656320
15.458031 4.155177
19.650799 6.451321
16.431419 8.700524
16.231167 7.566725
15.888550 6.397930
16.316341 7.214656
15.725870 10.434889
17.623949 11.066906
16.484461 0.876252
11.536934 -0.796384
9.615141 3.452093
8.951551 4.111545
14.046169 3.722662
10.792406 2.535304
8.902235 4.042296
8.605743 4.529045
9.831509 2.108012
12.380894 3.429725
12.852794 2.778879
12.709703 3.720715
13.950605 2.994623
18.130596 7.117575
16.312710 6.441052
19.007496 5.713150
16.682587 3.272830
13.233927 3.626053
18.274719 0.307133
11.058578 3.723269
12.961886 1.523939
17.365416 8.789638
18.640938 4.807305
17.002720 5.984455
15.688382 5.079726
14.874427 4.048036
16.523865 7.637162
15.903784 7.842793
16.504976 11.237709
14.955466 3.139452
13.115145 3.430413
11.507174 3.304287
9.198705 3.949825
7.445940 3.666958
5.895114 8.099439
12.018338 9.251932
9.497823 5.333126
7.410439 5.124178
6.251707 6.501501
6.260411 5.290754
8.581779 2.625298
8.539825 3.216708
8.181205 5.209316
9.213760 4.424178
8.927356 5.242328
5.886609 5.502634
8.552976 4.280506
9.619580 4.668834
6.508566 4.700845
5.666354 5.917242
9.280253 3.366983
9.755600 3.036663
9.378317 3.130694
10.279623 3.684705
7.682917 3.213824
4.665500 5.783945
6.315231 7.414935
8.557761 5.457983
8.518662 4.413377
9.235899 5.541094
9.150105 5.399600
7.728620 3.502703
7.643577 2.924810
8.761003 4.202603
8.341320 4.657664
10.791161 0.288185
13.017605 1.691061
11.260382 10.663042
11.393196 12.133084
12.193186 8.814908
13.388507 10.219019
7.907980 2.784982
8.359110 3.156946
8.242235 2.882309
9.712405 4.562893
8.393848 1.839753
7.407871 5.182081
9.867958 2.667839
15.710909 0.864216
15.268677 2.200519
16.409367 5.500202
15.969767 3.139059
12.268101 10.134886
11.606243 3.241080
11.368256 0.960591
11.138391 3.067168
14.967685 5.846763
16.737516 2.294058
17.314022 6.645089
16.087231 4.116412
8.707054 0.407564
6.700446 2.673064
8.721081 4.371226
7.473440 3.911903
8.246147 4.784114
8.981771 4.749812
7.431818 5.556602
4.592855 4.872640
6.003352 7.362444
4.057415 5.249126
4.392338 4.830885
9.795328 4.232256
8.558769 3.479834
8.693457 2.470024
6.265235 4.546180
6.440577 8.051726
5.586231 9.755520
6.431103 8.641830
5.034884 7.626527
5.933990 8.130637
4.808026 5.168737
5.296754 4.743656
6.796759 5.255151
9.063148 4.909527
6.032436 4.345366
8.516821 5.245924
9.654873 4.285786
10.296130 1.367727
11.597394 3.784260
9.703551 0.908194
8.323292 1.478941
9.239126 5.114680
9.515294 4.737742
8.185253 3.396511
9.293228 5.507226
9.797705 4.703064
9.354614 2.470375
9.009190 3.656020
6.830299 2.701529
9.366644 2.980444
9.138521 1.636292
7.249649 1.382783
9.630964 0.691140
13.024901 -2.718737
17.976559 -8.382867
16.203606 -9.660912
