0.417871 -4.629251
2.319540 -0.866297
3.618896 1.602849
4.369861 3.770364
7.675567 5.432484
9.604486 4.702600
8.449265 3.312417
4.892067 2.607716
7.548370 5.164668
5.368114 4.535858
5.233836 4.450644
6.378724 4.643138
6.471852 8.899048
5.021441 3.501912
7.898992 1.709488
7.064497 4.282526
10.857622 3.406508
9.319427 2.786713
9.218233 1.095281
8.940495 3.181377
11.110718 -0.825355
12.712820 2.829659
12.146601 1.927195
12.876411 -1.198124
16.369110 5.802058
19.070049 8.078931
14.018051 1.383401
10.434993 1.944994
9.479314 2.217862
9.461914 4.654595
8.346156 3.989727
6.012893 5.311308
3.847073 4.810033
8.833537 5.362673
8.103453 4.966636
9.039777 5.402275
9.129311 5.001331
9.211630 3.714842
8.578391 2.011073
10.363056 3.081772
12.160136 1.646507
11.246840 1.483790
11.126394 3.409699
15.100044 10.877941
7.401340 5.145757
7.691213 4.176357
8.524350 5.437092
13.424252 0.207561
8.714073 5.321542
15.785713 6.095044
16.250034 2.509896
11.980464 0.076396
12.450045 2.080198
13.329383 3.331706
9.451567 2.559289
15.038813 8.670761
12.179056 3.691951
9.848471 3.531222
9.868826 2.649185
8.254076 4.064284
11.937676 3.784421
12.201331 9.424434
13.462610 8.809220
13.136821 11.814935
9.185797 11.434931
14.533121 13.430238
