17.810608 -18.103323
7.008724 -13.701295
6.606085 -9.016932
-7.740328 -7.535209
-7.833783 -7.349486
-7.216795 -7.986770
-8.406591 -8.707160
-10.513618 -9.196784
-9.344392 -9.361129
-14.308241 -8.203053
-13.375240 -6.581277
-13.583571 -11.939817
-9.029414 -9.217761
-9.635170 -8.794353
-8.817467 -8.233665
-7.893002 -8.980330
-9.164730 -9.964527
-12.433682 -8.584327
-12.356064 -8.596362
-15.480981 -5.839602
-12.511208 -1.264702
-15.965649 1.016288
-15.273352 -8.319444
-12.985750 -3.577699
-15.538891 -4.577736
-15.299085 -4.616550
-15.122641 -9.637410
-12.179945 -8.104462
-8.585272 -10.563365
-12.030446 -9.778651
-3.903242 -8.428767
-5.432191 -8.882678
-5.174574 -7.289240
-7.772913 -7.246845
-6.805114 -5.554723
-7.219062 -6.274744
-5.354943 -4.913158
-6.026031 -4.292215
-5.650346 -1.683139
-8.055647 -2.525006
-6.926294 -3.746002
-7.889491 -6.059301
-7.741813 -5.244711
-6.654414 -7.507439
-8.756254 -10.546309
-7.299700 -7.780215
-6.576114 -7.187478
-10.514620 -9.875523
-10.515268 -10.153535
-10.545417 -8.065667
-6.831407 -8.383864
-4.577228 -7.261924
-7.597317 -6.608184
-8.011057 -9.324489
-4.196067 -7.042819
-8.353637 -8.428824
-8.898941 -9.018965
-5.108643 -8.864797
-7.215342 -6.214788
-7.447563 -6.356842
-6.072823 -7.638640
-7.420279 -7.741263
-7.477380 -3.950106
-7.846696 -0.880617
-7.124860 -5.880697
-6.987961 -2.240450
-7.656367 -6.517664
-11.273123 -2.517976
-12.141516 -2.578019
-11.134205 -2.424838
-9.585790 -2.449488
-8.970819 -0.242781
-10.299586 -2.378045
-13.426533 -3.789097
-8.103277 -1.371946
-6.357752 -4.038604
-6.373589 -7.626550
-7.721099 -4.666038
-9.909536 -8.961492
-5.057584 -8.111902
-6.316670 -8.588853
-10.631413 -1.515453
-13.293833 -5.233515
-7.825350 -3.153609
-6.815852 -5.582461
-7.230414 -3.433992
-7.022668 -6.684565
-7.053945 -6.572439
-7.325172 -2.770991
-13.113656 -0.687115
-8.836061 -0.899042
-7.045803 -4.566767
-7.212381 -2.315365
-7.168644 -2.728495
-8.337353 -2.216897
-7.227707 -1.227635
-8.142868 -1.085096
-11.231884 -2.949481
-16.168665 -0.385725
-14.282996 -2.467150
-14.464708 -6.543572
-14.484480 -3.874174
-7.982721 -8.061240
-4.555763 -6.974242
-4.675260 -6.007226
-5.541095 -8.543794
-10.386975 -8.805481
-9.852104 -9.475965
-7.563536 -9.200769
-10.033659 -8.139525
-9.924025 -8.157899
-6.751155 -9.121319
-5.594752 -9.463763
-10.895576 -9.698041
-9.572440 -9.340361
-4.844814 -10.570592
-7.884452 -6.087152
-6.759711 -8.008036
-17.958616 -7.104841
-16.302803 -7.461911
-19.113041 -6.047695
-13.484011 -6.119143
-14.837286 -5.813289
-14.009642 -6.100461
-13.214486 -2.626598
-10.740274 -2.951216
-8.622813 -1.048235
-11.137935 -1.749805
-11.020627 -1.560409
-10.316640 -2.627483
-13.485964 -3.041566
-19.049339 2.914933
