19.459885 -3.680600
12.964432 -2.328743
13.713992 -2.736058
10.895926 -1.875633
11.082193 -1.719152
10.013454 1.399881
10.030972 0.559945
9.835713 0.215108
9.004332 -0.033565
8.386395 0.967420
5.682177 -0.046462
6.068555 0.181262
4.640475 0.900055
5.363522 -0.831388
5.202167 -1.804904
4.380956 -6.382506
5.468397 -6.249416
3.672153 -7.759379
6.863070 -8.792855
9.423812 -9.325830
5.118042 -5.932066
5.286628 -3.098689
5.204012 -2.290300
4.232100 -1.035025
3.086473 -2.444494
3.059150 -2.909668
0.915353 -4.841927
