-12.979023 -5.429626
-16.073029 -7.041334
-11.360218 -11.317250
-10.626781 -9.531269
-6.166698 -7.095740
-5.994856 -4.048796
-6.243320 -3.410872
-6.423085 -2.834280
-8.624945 -0.822029
-12.647877 -1.727081
-10.463087 -0.259359
-7.323832 -1.130785
-9.145361 1.774687
-9.473166 -0.154495
-6.203179 0.192442
-6.001161 -0.411320
-3.401982 0.448067
-4.945899 -0.452615
-3.983897 -0.330597
-1.290620 0.456219
-1.173542 1.387547
1.384288 2.157718
-1.118618 5.562039
-0.962945 5.807983
-3.013308 7.302219
-3.943206 8.267749
-3.162180 8.908158
-0.964444 8.633343
-1.600486 10.269401
-1.469756 9.531022
-1.691800 8.415702
-0.827553 6.852894
-1.714535 5.286753
-0.093366 5.100153
0.909567 5.011750
3.235627 4.455486
3.771697 5.354049
3.302939 4.325430
3.676805 4.738677
4.586632 6.462754
4.729459 7.701229
4.518238 11.006534
5.398385 11.223303
10.546858 18.753576
