-17.432076 6.279350 11.284347
-15.444460 7.023754 9.684043
-8.149945 2.262087 4.880209
-7.382240 -2.096223 6.200791
-7.758593 0.103485 4.878823
-6.631301 -0.407881 4.500172
-6.060644 -2.780311 2.493345
-5.551774 -3.619688 3.880314
-1.591896 -2.995149 6.026759
-2.843571 -6.231602 5.900672
-0.409390 -4.981555 5.800300
-4.574214 -6.051326 3.480048
-5.475111 -5.454745 4.139675
-5.576715 -3.854082 4.812617
-5.833224 -2.505083 2.677252
-6.656714 -4.081709 2.691069
-5.771346 -4.811216 1.651772
-4.079691 -3.870516 3.262244
-4.799227 -5.452178 0.552781
-4.604885 -4.969992 0.875136
-3.892416 -3.358779 4.523911
-5.620024 -4.592874 2.500644
-4.458554 -3.903157 3.083789
-4.491051 -4.741564 1.462891
-2.205156 -2.637017 0.165619
-0.751906 -3.697123 1.328639
-2.745044 -4.076762 0.704082
-2.792766 -3.670561 -2.117947
-5.379634 -3.758811 4.118739
-2.637360 -5.401191 4.794292
-0.374873 -4.460412 6.486551
-2.918824 -4.164619 5.505671
-0.568419 -5.248277 5.872528
-2.738140 -3.243327 5.154296
-5.123946 -4.645915 4.469845
-7.076002 -3.187770 4.326237
-6.411739 -1.793481 4.027584
-5.904642 -4.070587 3.308225
-5.743669 -1.529556 3.780511
-7.177868 -3.443485 3.376176
-3.967983 -5.732634 4.125738
-3.613694 -5.142915 4.849686
-4.657387 -4.962949 4.466477
-8.096248 -5.972588 4.667900
-7.103400 -4.741227 2.591220
-10.608288 -4.389301 3.573902
-6.729362 -8.947485 3.100382
-7.943631 -4.640217 2.478166
-8.121315 -6.006841 5.916614
-9.519468 -8.662275 12.928872
-6.647707 -9.931539 8.936367
-9.042758 -8.740033 5.958266
-12.687763 -10.712368 5.148928
-7.671818 -9.713032 5.053841
-6.507648 -5.040423 4.375519
-9.349870 -6.232129 4.903583
-7.573502 -3.058675 3.822060
-10.923218 -5.677446 4.581215
-9.200830 -5.037478 5.826980
-7.778539 -0.581009 2.869654
-5.881488 -2.226620 6.086438
-7.685878 0.782072 3.956552
-8.338724 -6.234800 5.159333
-9.581365 -7.377477 5.422013
-6.012561 -6.701416 2.775737
-3.049144 -5.366347 4.719114
0.654385 -8.178281 9.337004
2.049405 -9.079309 10.108854
-1.293162 -5.341915 8.734303
-3.229672 -3.674341 5.089004
-5.659285 -5.266695 3.073256
-4.411375 -5.135765 4.850249
-5.427804 -5.312908 4.347620
-2.998374 -4.930885 4.548087
-3.284407 -4.971670 2.133860
-2.742431 -5.031263 5.242704
-2.630813 -4.118662 5.531118
-3.802221 -3.280156 5.485149
-3.227364 -3.975585 6.192665
-3.968874 -3.608353 4.861588
-3.887619 -4.857788 4.662608
-3.635744 -5.612211 3.661225
-4.640410 -5.251125 4.533473
-0.100952 -10.459923 7.862930
-2.406422 -10.298409 9.535681
-3.016596 -9.566192 6.986570
-6.924815 -10.580531 10.956659
-4.739504 -6.621082 11.721501
-4.873924 -8.722055 11.239600
-1.792733 -9.427176 8.021378
-2.236839 -9.211643 7.167267
0.468953 -7.153465 6.492553
-4.821355 -7.385421 12.461247
-1.600804 -4.487393 8.810931
-2.730050 -5.824127 9.370712
-1.573622 -3.185981 7.115283
-2.885193 -6.194517 10.281572
-2.800669 -3.004870 7.095258
-2.326140 -5.911443 4.792712
-5.063195 -9.539152 7.507646
-0.705123 -10.314449 4.797849
-3.029263 -5.676775 4.662827
-4.908263 -7.925437 2.958887
-7.199030 -7.679300 3.238961
-8.117169 -6.854155 4.476152
-5.239195 -7.043054 4.645539
-4.897998 -4.941725 3.326404
-4.889411 -5.006978 2.939986
-8.335369 -5.319802 4.261711
-8.693951 -6.930387 6.874255
-8.839752 -3.822119 1.598383
-7.202623 -3.709846 4.311313
-5.736439 -2.675771 5.397399
-9.065308 -1.831620 7.043018
-4.231227 -3.725155 3.979188
-4.970855 -3.866247 5.507937
-1.478441 -3.409562 9.323975
-1.651968 -3.691172 8.640921
2.352817 -4.355655 8.158387
3.276926 -3.377504 6.619416
0.345009 -4.737337 5.326250
2.094397 -3.930220 7.151050
4.526821 -4.992974 6.528586
5.294066 -1.325869 6.881792
5.547002 1.635684 7.641803
4.148276 4.215095 6.993118
2.301991 2.114148 7.569575
2.970922 4.052434 6.418419
3.522384 2.608652 6.134892
3.253567 2.848881 7.893590
1.925602 2.952436 9.045675
-1.302884 3.924615 8.398769
1.658428 3.828392 6.748435
1.537937 5.570781 11.245768
1.542800 4.774480 5.920033
3.386604 -3.795485 9.678679
4.623072 -6.506627 10.344410
4.746928 0.410535 7.548556
6.162665 -1.282350 4.310106
6.288871 -1.638327 3.467824
5.971261 -4.373320 6.977400
4.826322 2.065182 5.873747
4.601905 0.926505 7.780705
0.772270 3.068856 8.390909
-1.798018 2.478707 9.303814
3.161474 6.636218 8.582330
-1.131245 4.735826 7.734643
1.254322 3.931619 9.991468
0.552358 2.429662 7.714727
3.521292 2.841341 6.384752
2.570702 -3.178522 9.206872
1.621401 -4.076542 8.959038
-4.246583 1.691478 0.532522
-5.489339 1.848095 0.206772
-1.638470 -0.466935 -0.435008
5.250749 -0.089328 6.009108
4.365783 -4.988494 10.929316
5.300607 -5.170569 8.715446
1.073892 -3.538084 10.276204
4.761287 -1.051621 7.700143
4.767519 1.571172 7.274584
1.379823 2.213454 8.443173
-0.558507 4.554166 8.087606
-1.251900 3.072185 9.979174
2.082251 2.888290 6.858296
5.177743 3.054529 7.601715
4.925875 -0.971058 6.760916
4.907617 -1.269220 7.774997
6.261297 -3.035097 10.959627
3.883627 -2.011886 11.670457
-1.574994 -3.156174 12.099211
-3.070123 -0.901491 13.377256
-1.722509 2.666268 13.582639
-2.200458 4.217284 8.875588
-3.590821 -2.912002 15.468424
-3.786033 -2.309591 11.848016
0.434741 -0.066385 11.488592
2.872273 0.200984 11.998232
5.546315 -0.333548 8.709989
5.367896 -4.167129 7.132797
2.984548 -2.995880 9.448861
0.974872 -4.344263 6.183187
0.221989 -6.435287 10.958432
1.763533 -3.446121 9.137231
1.674152 -3.628731 4.771850
0.237450 -3.187886 4.587980
-3.727043 -3.963453 2.040329
-7.216454 -3.822924 3.399539
-7.944286 -5.264337 3.430907
-4.882362 -3.601318 5.296079
-2.723037 -3.504624 8.847199
-2.897995 -5.878672 7.968444
-1.803307 -5.956493 8.181955
-2.746296 -6.340821 7.638259
-2.075855 -6.237879 6.480715
-2.597908 -9.799158 4.528914
-5.800918 -4.582586 3.123805
-7.269809 -6.570956 4.853460
-4.290908 -12.869848 3.475993
-6.276999 -8.271764 12.010977
-0.163744 -9.309038 13.078159
-1.481581 -4.513783 5.518045
-4.206207 -3.365347 5.196339
-8.020041 -5.106928 4.419744
-11.758183 -1.893424 6.923467
-9.177339 -0.653914 1.580932
-15.005282 -1.728899 8.823402
-17.438816 -6.023558 11.269550
-9.178070 -7.222711 8.481860
-12.248491 -6.894905 8.903200
-14.541579 -9.157456 9.542360
-16.625008 -2.125788 13.720578
-15.095683 -1.890689 10.365812
-17.655241 -1.889045 14.353647
-14.379140 0.760110 17.437542
-12.160095 2.274323 17.927992
-16.381905 3.843259 17.328455
-6.319620 -3.840583 4.652296
-6.834545 -2.711329 7.135327
-8.231767 -0.954826 7.121615
-11.202686 0.738693 7.352575
-9.810044 3.151497 5.466828
-14.228861 5.893154 9.977818
-13.581566 4.755450 17.339470
-18.502270 1.844909 19.188732
-17.045963 4.218750 16.767614
-18.143885 3.273513 18.415880
-8.526503 -3.763599 18.538828
-0.856938 -4.789386 8.852907
-1.379486 -3.983044 12.037657
1.471355 -4.147409 14.043171
-3.690431 -4.947625 11.252928
-2.479300 -1.355314 12.018224
-7.128561 -2.074968 5.835609
-9.148347 -3.613183 6.335420
-5.057867 -3.032377 6.832416
-4.409414 -4.062880 4.090247
-6.632628 -4.615603 4.886160
-5.074642 -3.282741 3.105738
-6.173541 -3.582587 6.915839
-9.223964 0.793725 4.145713
-5.999599 4.147985 5.829968
-6.044821 -0.425495 5.421193
-7.543368 -0.743795 1.043038
-5.642712 -3.006439 5.231271
-3.187254 -2.995444 7.767541
-2.331859 -3.271237 6.839775
-2.565635 -3.197794 8.261820
-2.733932 -4.225730 6.464768
-1.961922 -3.512318 6.643486
-4.127635 -5.426924 2.669165
-4.954043 -6.743009 4.587615
-6.261623 -5.401320 3.367440
-3.397668 -6.413240 4.506860
2.807448 -6.853556 6.462556
-0.032310 -9.616392 5.892757
0.928028 -7.711331 5.994658
-1.442168 -6.668948 7.818388
-0.026954 -3.321874 7.114028
-0.472733 -4.771648 12.244321
7.154754 -15.686003 10.527683
