-11.077422 13.146654 11.595763
-13.811747 4.643285 17.704718
-15.328659 -3.110958 18.436295
-17.570805 1.061673 12.814314
-14.333368 0.503859 13.634302
-18.971483 -8.525756 9.947653
-16.931622 -5.631798 6.173809
-11.413938 0.158812 5.831283
-10.610519 -1.831009 5.474400
-8.640034 -2.150126 1.690391
-13.702162 -2.267313 4.002791
-15.008048 -5.284447 6.286058
-11.949691 -9.524619 7.409561
-13.022218 -6.329806 8.139856
-18.520609 -9.898961 8.893988
-10.146999 -3.865245 6.426294
-5.746116 -3.937398 5.307866
-7.942479 -3.783420 3.301874
-6.246767 -4.787476 1.448271
-7.516340 -5.930600 2.829024
-9.195382 0.540238 3.989387
-8.510746 -4.624469 6.731178
-9.150712 -6.043966 4.852513
-8.026312 -1.872836 6.860323
-11.186357 -4.444362 4.511561
-10.465436 -5.442814 5.349093
-8.165931 1.124781 6.321485
-4.884743 4.995450 2.619338
-9.097368 3.749108 4.142531
-6.834312 3.188140 4.991079
-4.396671 2.870528 4.464502
-3.512730 6.245902 5.730336
-6.362188 4.332488 11.786094
-7.009561 4.756118 11.590139
-7.735456 11.344660 18.337328
-7.880621 8.263906 8.256042
-6.122642 -0.030962 5.432053
-5.626777 -3.614815 3.524359
-6.612134 -1.929545 4.930193
-8.722037 -4.893665 6.792207
-9.227129 -8.158496 2.998371
-5.404498 -6.780853 3.073847
-5.920425 -4.600485 3.040519
-8.615521 -6.555856 0.977330
-5.382792 -6.764762 2.855136
-10.308677 -5.918445 4.621089
-8.028425 -8.030001 7.674761
-9.181570 -6.559370 6.381770
-8.974599 -6.335106 8.684922
-7.339387 -10.964112 10.325964
-12.061797 -17.431107 15.452930
