-7.396969 11.536475 16.591492
-5.735823 8.718664 14.179220
-2.416576 7.617531 9.871115
-4.125478 4.288292 7.736477
-7.692494 -0.254110 6.222838
-7.203038 -0.634963 6.646983
-8.355320 -3.921790 5.067664
-5.323527 -3.956937 5.730866
-5.043626 -3.515909 4.926380
-4.904456 -4.847479 4.836191
-8.733709 -4.437495 0.476365
-3.393170 -3.969478 5.065989
-3.231970 -3.790751 3.048464
-4.981665 -7.250937 1.646159
-2.482595 -4.578134 5.492842
-1.932287 -5.965366 6.711789
-1.801891 -5.028399 4.185708
-5.214162 -4.176329 4.982631
-9.844601 -3.572042 -2.610598
-9.901045 -6.888772 5.865702
-10.660854 -6.306826 11.933844
-5.839147 -7.857125 10.854178
-10.136133 -8.245682 12.315987
-5.449087 -9.995374 9.143587
-5.386670 -11.514700 7.657807
-4.614367 -7.080360 3.004764
-3.835606 -4.928307 2.528411
-7.730078 -5.786181 3.004349
-9.533338 -6.623981 10.924490
-7.914979 -7.657662 12.112043
-8.212752 -6.495339 9.619211
-8.303845 -10.215742 6.989542
-8.085850 -9.253551 7.211471
-5.723956 -6.991472 1.333338
-5.892807 -6.688325 2.364457
-2.827827 -5.933771 5.559029
-1.674890 -8.217449 7.715951
-6.446777 -11.435173 10.035153
-7.622328 -16.101292 8.872387
-2.581645 -6.730130 12.364500
-2.673771 -9.803761 8.519165
-5.966227 -11.392627 7.286079
-6.653829 -8.447970 4.040037
-5.630040 -5.393354 4.639844
-2.743763 -5.813710 4.859370
-0.008655 -3.202798 4.218994
-1.484820 -5.265098 4.500471
-0.365419 -6.186975 4.120522
-2.268357 -7.229661 5.814672
-2.554132 -13.239135 8.055797
-3.621102 -9.248318 7.969170
-2.469850 -9.800505 5.770189
-2.819414 -9.799188 5.840497
-2.666135 -3.312003 4.140769
-2.822299 -8.640239 8.707115
-2.506763 -7.713711 7.818367
-2.536123 -3.076683 6.452029
-2.986900 -5.048000 3.236138
-5.413196 -8.026494 2.935290
-4.902859 -4.991718 1.480862
-0.033060 -3.540001 6.968248
-2.508792 -5.051708 5.470078
-2.071007 -3.816955 8.285594
-2.220403 -7.138082 13.595440
-5.458376 -10.063635 10.859091
-6.183719 -8.129834 10.299167
-5.880204 -7.374510 11.216194
-1.366150 -8.505934 16.545088
