-1.645176 -11.483665
-4.791783 -7.925071
-7.649316 -5.997150
-7.429064 -5.145827
-6.804299 -3.453743
-6.266002 -5.207172
-5.668332 -8.326717
-6.583460 -7.282693
-7.619255 -6.465577
-7.487315 -9.950366
-11.881277 -8.298415
-14.034401 -8.002667
-15.019172 -5.446312
-16.296549 -6.729287
-11.978687 -9.128492
-13.685685 -9.157599
-10.956656 -8.756027
-5.726654 -7.658255
-6.195704 -6.194955
-6.937820 -7.506760
-7.814228 -5.012606
-6.606372 -0.190996
-9.270582 0.388494
-10.009392 -0.506380
-9.712057 -1.376731
-11.378628 -0.517556
-16.376852 0.831936
-19.334072 10.395405
