14.715083 -7.811166
14.478041 -10.107800
16.219538 -3.967489
13.538177 -2.040372
17.447948 -3.512301
12.287995 -6.840403
11.115633 -7.374393
5.733620 -7.079186
6.375605 -6.779319
8.203005 -9.714196
7.347351 -9.133889
7.698116 -10.039626
6.815454 -8.304849
6.792076 -7.035600
4.364647 -7.498316
2.329252 -4.066051
0.447500 -3.902779
0.115679 -1.223805
1.632056 -0.458223
1.272261 -3.946357
0.913228 -3.087471
0.763315 -0.763119
0.597337 0.009773
-2.588282 1.261461
-3.087359 4.727292
-6.678605 6.398774
-9.458530 12.085518
-10.847615 17.806654
