9.767177 4.492704
7.759056 2.058866
5.310465 1.747034
7.463981 3.913295
7.056141 0.164209
6.844249 0.490613
7.770254 1.517748
4.804379 1.287977
3.802196 1.106073
3.180084 1.090489
1.326789 1.709798
1.018863 0.832679
1.783219 -0.766733
1.802341 0.334589
0.910038 0.329862
2.593075 3.275136
1.942424 2.111749
1.716267 2.267743
2.401514 1.741000
3.439029 3.087751
3.540857 1.569173
4.091440 1.713161
1.089812 1.454476
2.322522 2.649196
1.531114 0.693664
1.017551 0.291894
-0.313345 2.262925
1.742142 -1.214883
1.648840 -2.242181
0.517752 -3.562588
1.005362 -1.380781
1.710077 -2.004471
1.794887 -0.015736
1.725787 1.802490
4.242891 1.170609
2.408290 2.180419
3.846552 1.538504
2.106516 1.584183
1.933220 1.066687
0.322467 1.315785
0.242766 -0.637277
1.552028 1.696669
0.011632 -0.788256
-0.238860 -0.121981
1.085544 -1.933423
1.076240 -2.222647
1.136528 -3.995224
3.516180 -4.521575
1.081172 -4.988742
0.950275 -5.680309
