-8.432855 -19.958162
-8.906292 -15.726208
-7.802587 -13.911193
-6.432724 -10.347206
-5.741376 -8.431720
-3.621741 -6.730736
-6.952552 -7.509074
-8.898751 -9.047341
-9.370975 -8.051255
-10.676311 -8.570368
-8.825392 -8.299418
-6.605567 -8.540156
-7.184759 -7.397561
-6.570499 -5.728328
-5.328482 -6.004330
-5.643432 -2.050998
-7.836230 -2.399593
-8.583320 -2.986352
-8.216057 -2.504826
-10.687313 -2.387937
-6.526858 -3.282683
-7.109406 -4.100339
-7.214769 -5.653747
-7.158317 -4.247951
-7.447164 -0.794685
-5.626039 -0.518299
-9.726567 -2.114004
-10.372949 -2.145545
-9.271721 -2.551026
-9.416967 -1.596703
-7.110312 1.242287
-6.909744 -0.229821
-6.576632 -2.130804
-6.321867 -6.722916
-7.908357 -8.588634
-14.258821 -8.108667
-17.551121 -0.243372
-12.555584 -1.719324
-11.350203 -2.535610
-15.376318 -5.573712
-13.893272 -7.641733
-15.025249 -5.026585
-7.834887 -6.265556
-6.763105 -6.964440
-7.208766 -6.357902
-6.820101 -3.524361
-8.666407 -1.169239
-7.952448 -1.781947
-8.208031 -1.956405
-4.727357 -3.570591
-7.833386 -5.145933
-7.882269 -5.122742
-7.400388 -5.524173
-7.465667 -6.867660
-7.089761 -3.399359
-7.397774 -7.191873
-6.037542 -7.692977
-9.473467 -9.884391
-8.277416 -2.191083
-7.554891 0.751048
-13.265226 -5.288847
-13.314619 -5.120542
-15.700392 -5.570365
-16.065765 -4.319836
-13.853496 -0.288354
-9.673130 2.891153
-12.987004 -2.694227
-11.135101 1.872247
-6.391429 -1.919478
-7.495419 -4.058925
-7.108490 -6.977716
-5.422021 -3.394490
-6.117049 -7.736597
-9.144131 -8.570651
-4.398151 -9.768420
-5.338699 -8.084127
-6.850680 -7.853201
-7.821095 -5.361044
-7.072587 -2.033602
-9.887301 -2.049121
-9.106927 -1.424058
-9.720737 -1.538360
-9.886150 -2.424266
-13.830304 -2.889599
-15.464928 -6.658274
-13.367393 -4.160550
-12.328535 -0.717025
-18.166338 -7.636662
