-17.329079 -4.008368
-14.252268 -6.127547
-12.332846 -10.651556
-9.873709 -8.231711
-7.210265 -10.590886
-7.794561 -6.176250
-7.242812 -8.160337
-6.851797 -2.463190
-6.273129 -4.711213
-8.222277 -2.435491
-6.843443 -3.972941
-7.191933 -7.099972
-7.026555 -7.819791
-6.163153 -6.368859
-7.864986 -5.760073
-6.972684 -5.485079
-5.611197 -8.366352
-7.258986 -3.993936
-5.833276 -5.705176
-6.589679 -6.903570
-4.798141 -6.682989
-7.767857 -4.536173
-7.442597 -7.831800
-5.867146 -5.573467
-6.916135 -2.776513
-8.169712 -2.518537
-8.941478 -1.393660
-10.700291 3.120205
-12.055691 -1.839961
-18.390110 -8.651187
-13.913466 -6.438257
-15.147557 -7.040712
-14.235263 -4.123262
-13.646233 -5.465432
-15.300858 -3.958705
-11.304974 -2.263877
-5.259034 -2.211574
-7.157146 -6.081585
-7.184365 -4.038742
-7.856562 -3.981120
-6.283082 -4.235878
-5.995258 -3.431128
-6.714845 -6.293674
-7.224955 -6.670071
-6.340125 -5.202188
-8.191684 -8.728836
-9.349083 -9.485217
-12.380138 -8.504161
-13.028894 -7.914424
-15.533767 -6.805738
-13.158117 -6.250124
-12.988871 -4.038298
-13.596041 -4.467724
-14.001017 -9.773553
-6.828216 -8.736178
-5.501225 -7.778131
-6.173389 -4.350327
-7.449077 -5.312126
-7.373116 -6.994517
-4.231732 -4.413044
-4.386308 -7.686472
-7.412555 -8.419271
-7.803063 -6.067892
-7.648730 -3.035883
-10.866201 -2.743810
-7.643137 -8.359734
-9.778896 -8.126528
-9.960243 -9.639825
-7.751107 -8.346039
-7.889060 -6.562978
-7.544721 -7.508279
-7.590000 -8.475604
-7.560106 -7.118502
-6.450722 -4.082905
-6.994977 -3.706378
-6.706963 -6.150961
-3.671539 -7.223999
-9.671011 -8.698686
-8.946915 -8.109027
-4.780499 -7.746796
-7.793542 -6.268651
-2.144653 -11.463163
