-17.896976 -14.207856
-13.170618 -6.546952
-13.644249 -6.170973
-14.001385 -10.727422
-10.803995 -9.651243
-9.915838 -8.236765
-7.601799 -8.038238
-6.190284 -4.937871
-6.574074 -9.924295
-7.768320 -8.259914
-6.450500 -5.944958
-6.513559 -0.749985
-0.147419 5.645796
4.526031 5.201358
2.007984 5.635478
3.141350 4.213530
5.501224 7.333237
4.918971 8.810554
5.446693 6.352004
-0.781396 3.613173
-1.544656 6.722622
-2.288021 7.314609
-3.086446 6.868333
0.140084 5.633804
1.609401 5.455526
-0.143676 5.757565
-2.114342 4.854235
-1.536576 7.808242
-0.751229 6.706774
-2.528810 6.384290
-2.900218 7.052078
-2.677744 6.837766
-2.371046 9.818513
-3.772889 8.745924
-1.331097 4.792827
0.699731 5.825716
1.358706 4.263050
-0.142558 5.271112
3.776486 4.997665
4.660963 4.192755
4.520837 6.355441
4.684007 9.616262
5.081661 12.058918
6.169068 10.163975
2.924167 12.128092
