-5.438958 -8.970306
-3.336860 -5.287887
-1.294151 -2.189958
0.024645 0.688609
0.325398 1.995823
0.775651 4.480772
-0.058171 4.359014
1.233800 3.952843
-0.338655 4.072918
-1.348911 5.387365
-0.730386 6.265300
-0.967847 6.275115
-0.393588 4.581925
0.072874 2.725351
1.830981 4.032789
-0.663373 5.128510
-0.022130 5.295466
1.074273 5.157388
0.100049 3.964516
-1.476619 5.921844
-0.544573 3.806662
-1.364902 4.820573
-3.695642 7.041169
-1.090984 10.007730
-2.361485 11.019734
1.053087 11.642932
-0.643340 11.869309
2.277968 14.415085
2.733061 14.778481
1.900888 13.726898
