-19.804457 10.731578
-11.437899 7.797116
-6.065368 0.285255
-2.903709 0.198939
0.946770 -1.665226
1.500573 0.671054
0.420064 1.089575
3.739040 1.224792
5.506403 3.391407
5.325947 1.415255
5.155253 2.460125
6.855924 1.204524
7.134276 -0.137262
7.805466 0.797373
4.908568 2.392120
5.793229 1.409698
6.823570 1.597038
5.104701 1.709400
2.412236 2.443400
0.925220 1.890317
1.207261 0.395393
0.411853 -1.658300
0.419296 -1.066319
0.648886 -2.005248
1.289368 1.102491
2.984354 2.533382
1.963411 1.139766
1.235532 1.246219
3.863140 1.449333
3.244253 1.394399
1.464900 1.909515
1.476292 0.023127
0.776121 -0.939518
1.813430 -1.313711
0.928774 -3.250110
1.296499 -3.693356
1.639889 -2.475516
1.168289 -1.991213
0.648539 -0.809286
1.018835 -0.812843
1.807657 -0.433039
1.604955 0.046478
-0.663880 -1.190940
1.778773 -0.686810
-0.188986 -1.583899
0.334847 -2.578407
0.071742 -1.527373
1.200015 -3.564325
2.610884 -5.163461
0.922361 -6.132960
2.865436 -4.189893
3.705595 -4.216797
4.217757 -4.708477
5.257973 -4.320158
5.767405 -7.426144
9.436956 -7.384746
8.832358 -12.151750
11.285358 -15.289795
7.739213 -11.883195
9.072878 -10.781095
7.960715 -12.820441
16.099613 -13.323339
15.226307 -12.099543
16.959038 -15.798922
