-14.544188 5.526994
-12.905050 1.633788
-11.373144 3.495411
-9.063963 1.231969
-9.214267 1.052063
-7.759884 5.405895
-7.926371 3.579294
-2.259475 3.808950
-1.722396 4.491176
-3.685438 6.498905
-2.801038 7.911473
-3.338246 8.190818
-4.360543 8.431374
-4.715927 6.579440
-5.828114 6.349920
-7.260491 7.515753
-5.768296 7.804085
-5.516220 7.274158
-3.695593 7.036541
-1.909664 7.286516
-1.528964 5.671112
-2.517399 6.938012
-6.438884 6.436997
-6.262291 6.344644
-3.629920 7.219730
-6.038932 7.110386
-7.643693 4.032630
-11.306542 1.882691
-11.737106 -1.617435
-10.947046 -2.184641
-12.043495 -0.752365
-13.214190 0.002331
-9.762352 -1.458819
-14.822813 6.061110
-7.737214 3.777078
-7.527768 5.939513
-7.708881 5.476145
-7.130970 7.912382
-7.596425 7.478094
-6.421638 7.725492
-4.660097 6.466833
-7.122318 7.718659
-7.071579 6.885531
-5.846429 7.495807
-1.140907 2.382765
-1.092323 2.502934
-1.506041 1.937276
-2.268789 3.445874
-7.583105 5.892479
-10.557231 3.450044
-9.591895 -0.492387
-9.163505 0.998249
-12.358472 1.621440
-11.061951 2.452765
-7.871034 3.482970
-9.505856 2.237202
-8.131784 2.647831
-9.115188 2.573748
-8.851892 0.322613
-16.240091 3.174683
-13.984589 4.379284
-10.621241 0.345385
-5.533312 1.228061
-2.353488 0.895215
-5.875606 7.199910
-2.745209 7.603670
-4.243964 6.540705
-6.069748 7.481198
-8.091028 8.947623
-11.027042 8.943831
-11.068243 10.282014
-10.064007 11.207434
-9.356689 9.472239
-6.040909 7.526281
-4.590246 6.394811
-2.127754 4.436049
-2.466993 4.282149
-1.252627 3.378970
0.337784 2.632834
-1.482161 0.579874
-4.793893 -0.595199
-10.401928 2.989068
-6.987315 6.725058
-7.512012 5.062373
-7.830153 5.885205
-7.830401 4.148345
-7.291318 8.413177
-7.407373 8.006104
-8.640984 3.042108
-8.946698 2.550944
-8.194349 1.839400
-6.530173 7.217111
-7.311417 8.473446
-7.876744 5.858022
-7.679730 3.045008
-7.485147 4.157688
-13.830690 5.507724
-12.513759 2.348657
-12.966460 5.017988
-9.086220 3.032916
-9.111556 2.172947
-10.164732 -0.395782
-7.850883 3.679611
-1.957689 -3.136238
-3.055784 -1.823032
-2.563296 -0.118585
-1.263610 1.047157
-0.486837 3.325142
-0.859788 2.979175
0.484935 1.885444
0.736088 2.202666
-0.674881 3.964050
-1.878703 2.783897
-1.951347 2.272717
-2.446359 1.158174
-5.096159 -0.522644
-10.330469 2.216825
-11.516124 3.089833
-12.147928 3.157300
-11.760098 2.976182
-8.144081 3.455604
-7.633726 3.159351
-6.050860 6.403075
-3.604193 7.204603
-4.732988 6.999412
-5.439078 7.185991
-6.185792 6.466923
-6.920714 6.664727
-5.580505 7.411118
-0.899391 2.042578
-0.787214 1.445976
-1.854009 -0.092149
-3.607322 1.302208
-5.780608 7.814892
-6.935413 7.281569
-7.439422 8.016354
-7.544020 6.208503
-7.354657 7.609691
-7.508146 8.628627
-5.460920 9.738153
-6.085673 6.540131
-6.391754 6.805213
-7.802808 7.263834
-5.920338 6.531885
-7.763133 4.273397
-6.741599 0.697316
-3.917502 1.220821
-9.188286 3.325479
-11.644079 3.152577
-7.557963 2.245151
-15.599649 4.067207
-16.690676 6.620848
-16.692217 11.550549
-13.780119 8.603138
-12.396219 8.668663
-11.647163 9.619982
-12.190601 8.589967
-12.248772 8.515330
-6.616724 8.619935
-7.645210 9.409500
-6.412322 6.629146
-7.592940 6.857042
-7.621312 7.561239
-6.566979 6.784480
-4.454421 7.331630
-4.610749 7.508828
-6.204345 7.069923
-5.997229 7.175879
-7.459663 7.436639
-6.684817 8.535010
-5.370571 6.948791
-6.696639 6.775581
-6.980545 6.625619
-6.558070 6.477741
-6.632007 6.349467
-7.181184 6.339159
-5.426860 6.547235
-6.385383 7.023607
-3.827729 8.436706
-1.196586 7.197777
-2.447868 5.039729
0.297350 4.532496
-1.636415 4.561015
-2.201471 2.973823
-1.589884 2.503641
-0.627690 2.952806
-0.611540 1.031516
-1.328864 1.282084
-4.682054 1.082687
-3.176122 -0.517581
-4.942075 0.642643
-7.838367 0.915556
-8.523967 3.096138
-8.077340 3.123388
-9.786903 1.627818
-9.388017 3.396677
-12.162943 3.047035
-15.621006 -8.777635
