-16.038443 -9.273015
-14.768169 -5.836192
-13.403654 -6.577125
-12.971046 -7.069284
-15.115183 -8.085079
-10.732845 -8.646667
-5.765413 -8.611996
-5.405869 -5.337799
-3.901626 -2.319807
-11.091497 -0.412157
-7.507437 -5.032386
-7.237346 -3.352978
-7.703700 -5.511522
-6.576142 -6.124437
-6.008412 -0.070289
-7.033965 -4.341482
-7.083261 -2.637877
-4.683806 -7.039147
-10.580544 -8.957466
-9.039577 -8.985226
-9.171737 -8.166392
-6.357913 -8.282770
-6.938397 -7.096002
-4.773255 -6.741866
-7.461062 -3.039926
-7.694467 -6.701230
-6.388060 -8.502475
-8.222591 -8.376738
-10.392827 -9.046863
-9.238591 -9.071605
-8.143010 -9.393679
-7.917566 -9.654451
-8.654518 -8.782264
-8.203135 -10.083102
-3.337992 -9.879338
-5.311342 -9.560618
-7.760969 -5.471545
-4.917752 -6.719370
-6.475849 -9.255952
-6.897133 -7.786946
-7.048557 -10.916018
-13.162405 -9.812967
-14.677035 -6.408960
-13.366760 -8.767068
-14.017221 -9.314931
-14.418188 -6.365666
-15.774515 -5.783797
-13.737937 -8.427365
-9.525450 -8.997020
-6.808587 -8.685946
-5.593300 -8.579622
-8.065323 -8.062668
-8.141916 -8.099246
-7.656244 -9.596074
-10.642712 -8.063704
-14.459028 -4.402602
-13.901701 -9.383090
-13.144245 -6.308487
-7.155540 -7.280305
-6.849615 -10.025996
-12.013920 -2.099557
-10.054005 -2.281136
-10.532000 -8.284518
-7.797132 -9.007352
-7.050900 -4.710186
-7.816647 -4.049700
-7.070495 -4.201504
-13.054977 -3.196300
-15.718085 -3.803692
-14.588942 -7.320790
-10.876146 -9.046350
-12.436409 -8.231384
-10.661871 -9.573506
-10.492832 -8.474109
-8.007286 -8.668691
-6.652788 -6.919450
-7.845297 -4.707234
-4.841674 -4.283340
-4.951642 -8.081244
-5.723043 -8.605839
-6.996938 -10.676868
-6.869718 -8.696332
-8.975870 -8.963140
-10.284019 -9.080380
-8.184548 -9.056327
-7.820203 -7.978040
-6.559097 -6.768378
-6.976780 -6.838019
-6.184104 -7.410573
-6.607648 -8.839523
-8.381909 -8.477807
-5.933695 -8.918235
-7.230433 -7.211993
-7.302269 -8.966537
-6.819596 -9.214181
-10.391485 -8.304950
-9.971872 -8.235744
-6.789002 -7.969686
-8.291159 -8.926713
-6.245572 -6.439394
-7.820216 -4.526699
-7.591915 -4.775370
-7.341501 -6.577418
-6.639309 -4.244083
-3.839264 -4.422753
1.861625 3.671838
4.444931 5.808909
