13.552553 -11.720892
11.566525 -5.777327
12.598444 -9.977949
9.823899 -8.125196
8.151315 -6.985192
1.960010 -8.245095
2.620360 -4.508183
3.167914 -2.411198
0.255438 -1.283755
-1.414932 0.308340
-2.446520 2.548569
-0.362399 2.029466
-1.964314 3.805296
-2.480667 4.818771
-2.213234 5.729076
-1.773693 6.228185
-3.020032 7.118967
-3.566681 7.198051
-5.467365 7.846048
-3.840530 7.198393
-3.651190 6.327041
-4.591895 6.524626
-6.763516 6.510134
-3.818912 7.634515
-9.265096 9.319112
-8.533292 8.516882
-9.249056 9.721431
-6.056927 7.995591
-7.776112 6.268423
-7.630843 5.842510
-7.998343 9.045052
-8.959487 8.682143
-6.310804 8.424130
-6.831171 7.323265
-3.230831 6.904542
-5.964648 7.157112
-7.836108 6.416833
-5.005587 7.447138
-6.047777 7.204330
-6.907186 6.678025
-6.985817 6.439704
-7.513388 7.964863
-7.638684 9.606120
-11.419296 9.017305
-11.157593 9.501489
-14.516722 6.661797
-7.094876 7.715065
-7.757061 8.398618
-7.096303 12.283815
-9.197418 9.422752
-13.112391 7.921708
-12.950109 1.233162
-11.858126 3.415519
-8.454138 8.741584
-7.079054 6.385825
-8.389392 8.504754
-11.511670 9.463740
-8.167337 8.534024
-7.713801 8.347907
-13.870911 6.663181
-15.135084 4.005583
-9.470540 2.732542
-8.799856 1.480282
-6.136077 1.260254
-4.526867 1.150740
-2.408004 1.488680
-1.727249 3.892829
0.551222 3.081397
-1.619184 2.697631
-6.841240 -2.111979
-7.688970 1.079405
-7.616780 3.429732
-9.000924 3.497821
-5.635419 6.742218
-6.423348 7.910960
-7.521887 7.757647
-7.526760 3.922025
-7.887263 5.511393
-7.593251 7.819030
-7.773248 5.957209
-7.515274 6.077104
-7.328104 6.716137
-6.091670 6.795159
-5.194196 7.879759
-5.004086 6.760555
-4.841870 9.609917
-6.442504 10.062095
-8.177053 8.749548
-8.968995 8.897757
-12.443602 9.890845
-10.457476 8.652416
-8.292225 9.749443
-7.049845 7.176265
-4.626793 7.647180
-7.073772 7.880466
-7.882176 5.642885
-13.351732 7.205665
-13.061976 6.693883
-11.509644 3.213973
-11.386956 3.116461
-9.865430 2.882070
-12.685868 1.997870
-9.442969 2.029348
-13.238214 1.514199
-12.159422 2.464328
-9.282076 -0.275138
-5.474791 0.908943
-3.713966 0.488530
-3.525831 1.211450
-2.988795 0.308751
-0.409330 3.221394
-0.665710 4.694765
-2.379771 3.876395
-1.218424 0.779618
-1.296618 1.103391
-0.344539 1.787446
-1.036056 2.385486
-1.769528 1.006467
-5.323127 -0.967209
-9.203450 2.469753
-11.074426 3.477948
-6.897871 -1.473019
-10.192017 3.059561
-7.638523 2.304417
-7.583445 5.876520
-7.614074 2.197402
-10.193415 3.219188
-7.686793 2.674136
-11.744501 2.674654
-17.356226 5.258087
-13.216311 9.091867
-13.212085 9.268058
-13.143427 5.382601
-14.466418 3.874405
-12.113792 1.702070
-7.747477 7.821733
-6.161124 6.333536
-2.322706 4.547798
-1.751148 2.759617
-1.911399 3.248327
-1.251449 3.446203
-2.193599 4.289509
-2.174137 5.579371
-2.502687 6.633447
-5.554412 7.411512
-8.570342 2.410328
-7.759936 -0.654579
-13.093227 0.279120
-10.673226 2.455892
-14.126133 -0.086174
-10.298752 2.772840
-12.999169 8.260262
-15.543839 8.294875
-10.189981 2.639871
-6.928116 9.073596
-7.392803 7.810846
-7.356583 7.205394
-7.857862 5.324327
-10.818989 2.887123
-13.146280 6.406286
-13.009001 6.514100
-8.813103 9.647580
-8.793872 8.584613
-10.891795 9.070847
-2.296665 3.076818
-0.966326 2.681685
-0.746255 1.066893
-7.638036 4.696918
-7.524362 2.613690
-7.743036 6.477847
-7.287442 7.482818
-5.028732 7.688732
-6.937809 7.346207
-6.661777 6.869931
-5.941115 6.678216
-6.359180 7.432074
-4.096090 7.454299
-0.864664 5.680506
-1.558311 1.501696
-1.954958 1.068019
-2.990530 1.281568
-4.173926 1.211839
-0.599224 1.418228
-7.099420 -0.323982
-10.461075 -0.426939
-10.794409 -0.448654
-14.688017 3.021034
-15.656736 3.064701
-12.641214 9.432169
-13.593239 9.058124
-15.891199 6.779528
-13.378154 8.795050
-12.318512 8.519861
-11.530779 8.525648
-8.993279 9.263708
-10.150271 9.176430
-14.152872 9.390647
-14.491697 6.225544
-15.744731 3.057170
-11.303054 2.938473
-12.388334 2.488915
-13.266884 2.675767
-15.101407 -1.462792
-9.022652 3.201287
-6.006696 7.182737
-5.458646 8.300663
-6.601027 7.019270
-7.718522 9.087836
-6.323174 0.746804
-5.856285 1.148462
-5.822361 0.548805
-8.967435 0.325775
-7.760154 2.682212
-14.620709 6.552493
-17.661503 6.249501
-14.508689 3.973138
-13.284575 5.741947
-13.259634 5.374650
-13.812528 8.806616
-9.313154 1.178207
-12.034141 1.357542
-13.986254 4.865916
-10.361441 0.908160
-8.374046 1.889354
-8.813003 2.884201
-11.376766 2.194789
-10.174264 1.100785
-9.514316 0.733397
-9.133955 2.171295
-10.403657 9.644824
-7.764199 8.475484
-5.741326 8.211843
-7.409870 6.387447
-6.924385 7.613609
-6.138774 6.498693
-6.411501 6.394608
-5.106622 7.167475
-5.118589 7.405133
0.235537 5.841347
-7.590168 4.671561
-7.869887 3.926323
-7.523998 3.103297
-9.538656 3.130836
-6.024634 7.525542
-8.759536 9.195481
-7.647282 6.338342
-7.399453 0.386254
-5.218388 1.174957
-5.174920 0.791680
-4.672163 1.206804
-4.167987 0.968420
-9.095512 0.795157
-7.455419 -0.119724
-7.678164 3.073203
-8.700225 9.031164
-10.373275 9.755309
-9.480010 9.242438
-7.293387 9.914037
-7.798215 7.144871
-7.110870 7.021014
-6.809698 7.455846
-7.173734 7.104404
-7.499047 8.394214
-7.749578 7.338340
-7.541481 5.480357
-7.579491 6.589085
-7.549975 5.738114
-7.550323 5.107654
-4.228436 6.577598
-3.821183 6.521482
-3.199105 7.477808
-0.287776 6.332114
-1.648968 4.667966
-3.778035 6.661177
-5.611679 6.596128
-2.848465 6.921440
-4.207119 7.294940
-4.509007 6.780186
-2.832358 8.573476
-3.246814 6.812248
-6.562356 6.797944
-6.527455 8.866160
-10.257169 10.198531
-17.579021 16.186756
