-2.010794 -1.755784
-4.242801 1.010632
-2.719337 0.638963
-0.947736 1.386744
-1.512958 1.581659
-2.173183 2.707012
-1.622039 2.524621
-2.548576 -0.331124
-3.756835 0.523781
-1.182145 0.909305
-2.456417 2.202828
-0.847836 0.930133
-2.637227 0.413797
-1.890988 0.782062
-2.307895 3.915620
-2.018002 5.985573
-2.419892 6.530154
-3.603562 7.660477
-3.885278 6.466037
-5.702011 7.207648
-3.491708 7.176224
-1.204583 5.898286
-1.617186 4.685123
-1.739021 3.761818
-0.984229 3.848626
-0.409142 7.635568
-3.477013 8.613212
-5.521376 6.630018
-4.998022 6.361431
-5.454501 8.176118
-6.559963 7.814363
-7.674545 7.521421
-7.692178 5.820912
-7.001462 6.465704
-7.507348 7.299985
-9.250479 8.928561
-9.923530 9.549010
-3.606586 8.318520
-5.636893 6.599661
-3.069716 6.538879
-0.366543 6.582803
-2.302863 6.098674
-2.278196 4.568202
-1.696394 3.349220
-1.115536 6.793895
-2.878271 6.899026
-4.276114 7.081388
-4.460179 8.268337
-5.368666 7.876166
-5.822829 6.392465
-5.667914 6.551028
-5.028518 6.804790
-4.372216 6.359641
-1.754627 7.009093
-0.982361 3.418341
-2.167102 3.041749
-2.436991 4.688426
-2.406660 3.095345
-1.790795 4.299398
-1.828301 5.179668
-2.613512 6.806203
-1.479316 5.315740
-2.366385 1.730976
-2.446583 3.813209
-2.257993 3.970214
-1.843213 5.272206
-1.401559 5.437069
-3.034800 7.249114
-2.629967 9.658505
-2.302152 5.503266
0.837061 3.301532
0.613802 5.022017
-1.504701 5.073717
-3.766257 9.469780
-4.825174 8.303221
-4.765328 7.813099
-6.311572 7.592962
-7.246702 6.367449
-7.910994 7.379014
-7.954451 6.171534
-7.620815 6.030962
-7.632761 11.100125
-6.315120 8.792048
-4.700428 7.326968
-2.764904 7.753561
-1.365172 5.630729
-1.996793 3.286298
-0.722373 0.939052
-4.833607 1.196989
-5.703305 1.121235
-5.329618 -0.421308
-5.094440 -1.333959
-9.221495 2.959924
-8.314409 2.529672
-4.674769 6.414608
-3.572838 8.474046
-5.791187 7.201338
-4.496210 8.041507
-8.230174 8.552121
-13.519346 10.539812
-14.893648 5.520639
-15.556965 6.903429
-13.192838 10.906508
-11.559168 8.648647
-9.468402 8.873917
-6.781429 9.021441
-9.028758 8.596842
-14.305085 8.555125
-18.339081 13.151289
