-19.680119 8.464969
-12.355785 1.824925
-11.565153 -2.748227
-12.031933 -2.137570
-9.315857 -2.842238
-9.034494 -2.376272
-7.806308 -2.934542
-6.291720 -3.811474
-6.542165 -3.566034
-9.018772 -2.345832
-9.158184 -2.833586
-9.168447 -2.504531
-5.231653 -3.348550
-6.932829 -5.010886
-6.211182 -5.766171
-7.389273 -9.827811
-9.704351 -8.577391
-9.961176 -8.116172
-8.697852 -8.513383
-9.780285 -8.340601
-6.267120 -11.422198
-7.633456 -7.707146
-8.112928 -8.987194
-15.029486 -9.781136
-14.688486 -5.071023
-15.094008 -6.047190
-8.096316 -10.220854
-10.305161 -9.080854
-8.410097 -8.479395
-5.190552 -9.394449
-7.277175 -7.183805
-6.856009 -9.869374
-5.570691 -8.053884
-7.259382 -8.878641
-6.607290 -9.914897
-7.544571 -8.338086
-9.014780 -8.423989
-11.785267 -8.271971
-12.325203 -9.171493
-12.112298 -8.238118
-11.602366 -10.541892
-11.363016 -8.349744
-9.965170 -8.046753
-13.853886 -9.811698
-12.976485 -6.624085
-7.390441 -4.358141
-8.277016 -1.362860
-7.143150 -6.329525
-9.928421 -2.768010
-9.873635 -8.110480
-6.954913 -9.003298
-7.387917 -6.399234
-6.986016 -7.276842
-8.469304 1.347198
-9.573318 -1.948430
-6.849433 -2.882145
-6.497185 -7.462236
-8.645347 -9.223927
-8.950029 -10.068351
-10.926369 -9.758752
-7.716339 -8.982984
-7.668329 -7.292580
-6.868919 -7.932846
-7.359858 -8.295464
-9.201719 -9.603112
-8.389542 -9.347943
-5.977955 -10.238589
-2.959890 -14.450791
