5.785341 -0.839287
2.645111 -2.031118
-0.328336 -2.252254
-2.398822 -2.512149
-4.137244 -5.188672
-6.619332 -7.081915
-5.832146 -5.749260
-4.720058 -5.772326
-6.015667 -2.083240
-7.993266 -2.964614
-4.839009 -3.653111
-5.454139 -8.583983
-5.504328 -10.949803
-4.036989 -8.393884
-5.721264 -6.815991
-7.310129 -5.777177
-5.378445 -7.734138
-8.809620 -9.050987
-7.603571 -8.457523
-5.605483 -3.278988
-3.118201 -1.894840
-9.348277 -2.613126
-9.659219 -1.601531
-10.369286 -2.836960
-11.014120 -0.535353
-10.080212 -0.547814
-10.552769 -2.532515
-12.056681 0.139016
-16.083672 -2.316965
-12.443960 -9.029168
-15.980701 -9.863190
-12.926423 -7.422901
-13.857254 -9.458264
-13.627863 -6.548925
-13.538150 -4.294421
-13.324358 -4.570130
-19.463110 -6.461570
