14.849538 16.783737
9.183194 9.222917
4.879470 9.114980
0.866147 9.341499
-5.255006 7.010111
-4.165225 7.307425
-4.118765 7.629360
-3.504625 7.296804
-1.233057 7.819148
-2.354177 6.001759
-1.989784 5.406439
-1.138087 4.214190
-2.411144 4.076546
-1.813721 0.951310
-3.914746 -0.471375
-2.465282 0.270625
-5.291546 0.927109
-7.640779 1.062173
-7.418423 0.829195
-8.400854 2.222845
-7.887605 -0.808797
-7.855570 6.341666
-6.946975 6.714810
-4.636935 6.519142
-8.797834 9.105345
-8.323108 8.655027
-10.151085 10.906068
-12.668314 13.568093
-10.776068 11.216990
-10.322860 8.668152
-8.055283 9.232976
-6.087146 10.070456
-5.465407 8.469346
-4.511766 6.982078
-3.324789 6.530888
-5.920280 7.259188
-6.441599 7.743788
-2.742314 7.344156
-5.669368 7.253403
-5.381432 7.088367
-7.235894 7.311504
-7.561934 6.739645
-5.184864 7.065765
-4.838345 6.941289
-8.168736 2.406678
-8.105659 2.163795
-6.614565 0.167079
-7.776134 4.767940
-9.215628 3.038284
-7.615515 2.582789
-9.392006 3.144338
-8.364631 2.309492
-4.236721 -0.618544
-5.032359 0.784457
-5.890228 0.421352
-8.638246 1.660814
-12.400778 2.668293
-15.575089 1.886952
-16.379784 4.118692
-15.409047 6.830625
-12.342920 1.594155
-11.508129 -1.081429
-7.559925 3.794960
-7.822006 6.395706
-6.140733 6.712125
-6.090495 6.351790
-6.713968 6.417333
-7.048881 6.859370
-8.193699 3.221200
-11.304428 2.683531
-9.543648 2.542418
-7.510922 3.311583
-3.487350 8.407210
-2.258387 7.105004
-7.534405 5.370728
-8.333423 1.341825
-2.197091 0.390239
-2.536191 0.720340
-1.785125 0.696286
-1.969819 3.237453
-1.714381 -0.080409
-0.203412 2.273517
-1.914869 4.548741
-2.416805 6.888276
-3.539999 6.431620
-2.665989 6.348294
-1.890928 7.139037
-1.875960 3.405345
-1.587404 3.954321
-1.285399 3.149562
-1.460480 1.772607
-7.874649 3.425572
-7.657248 4.375583
-7.541432 2.690941
-8.524065 1.683881
-9.056376 -0.905574
-6.299996 0.684166
-7.749416 -0.370008
-9.617844 2.490815
-7.807743 3.220242
-7.532732 7.121480
-7.789834 3.840730
-7.649626 4.926135
-1.437286 5.630800
-0.403832 3.893788
-2.184117 6.213300
-1.251878 3.831949
-1.799659 6.290221
-0.111774 4.812605
-0.475552 4.509031
-2.137234 3.258754
-6.416310 8.188103
-4.984043 6.804164
-3.372991 6.999040
-3.540574 7.552892
-3.602205 10.000731
-0.661159 5.336074
-2.242136 4.420528
-0.995446 2.477970
-1.935132 2.371889
-2.465015 4.198828
-1.173703 0.561687
-0.986657 1.691463
-2.706781 -0.248856
-8.950748 1.167895
-7.499130 3.047512
-11.201266 1.962132
-8.982704 3.254640
-7.550191 2.959605
-7.577537 4.317872
-7.909312 3.839877
-7.509508 4.307272
-6.753850 7.123406
-6.621490 7.079154
-6.794342 7.517974
-9.180862 9.623460
-6.167120 6.472746
-6.201422 0.661209
-9.555643 2.255625
-9.987682 1.863032
-9.451858 1.344494
-9.435148 2.231062
-9.461041 2.577043
-8.207880 3.352607
-6.768275 7.537230
-5.007090 8.671041
-3.412621 8.745807
-6.252794 7.202616
-7.318593 7.248482
-7.368035 6.848820
-5.075473 6.633937
-11.429349 10.838420
-9.322072 8.611642
-4.741690 7.760877
-7.131085 8.388154
-4.420257 7.129603
-5.549445 7.906030
-3.694568 8.643439
-6.060002 8.340843
-10.439089 1.521405
-8.605398 1.185018
-7.688654 8.386945
-7.760410 8.014067
-7.415916 6.474165
-11.330328 8.619342
-7.265486 6.664423
-1.760677 5.324255
-1.147026 7.246968
-2.727397 6.363781
-9.013733 2.304400
-7.708104 2.448441
-10.156850 3.396689
-7.832384 2.689424
-7.917496 5.868872
-7.648319 6.453757
-7.074499 6.507406
-7.771380 2.712922
-7.940088 4.824630
-11.243655 8.922339
-6.083982 11.186276
-7.938169 6.915522
-10.532327 2.447194
-7.371817 6.871077
-5.186095 7.236051
-5.412104 7.458531
-7.598827 5.691488
-7.758197 5.808706
-5.407276 0.224259
-7.851183 0.667962
-6.793724 1.082923
-8.465744 2.543383
-11.307985 2.749082
-7.956743 2.816092
-7.578790 4.210009
-10.792198 2.283546
-10.779694 -0.504867
-8.339888 2.890322
-13.326080 6.803740
-13.315004 7.782546
-7.950540 8.809454
-5.772013 7.558930
-7.924660 7.084833
-7.616615 6.399884
-6.521154 8.073043
-6.507257 7.740569
-5.990686 7.821649
-7.777725 9.759995
-9.233309 8.588412
-10.377361 8.868921
-9.262982 8.901953
-9.695201 10.073061
-9.852194 14.664556
-7.853851 8.189807
-6.540111 6.796099
-7.635599 7.821754
-0.850992 4.182885
-2.014840 5.450458
-7.297503 0.935427
-6.914955 0.672119
-3.231357 0.020043
-4.234319 1.034657
-3.488230 0.740786
-7.928408 2.279517
-8.136791 3.204082
-10.643606 2.953655
-12.370238 3.143653
-13.516269 7.735033
-13.219687 9.663476
-9.211509 8.570109
-4.108542 9.410240
-6.873963 6.380542
-10.752506 10.382410
-7.642840 7.888795
-5.736711 9.276142
-8.274605 8.879724
-12.089046 9.639249
-8.339016 9.183945
-5.556857 9.312751
-4.156667 8.421638
-1.366658 5.314025
-0.798664 2.957564
-1.383686 4.120233
-0.960878 4.473108
-1.610171 4.747427
-0.141222 4.578122
-1.718070 3.023011
-1.322980 -0.096947
-2.965315 1.284567
-8.286293 3.271251
-9.730261 2.255363
-8.851813 2.939314
-10.678753 1.951912
-8.339216 -0.243628
-10.512012 2.298728
-9.243937 1.289660
-7.987115 3.181831
-4.034515 0.911640
-3.081847 0.931508
-4.561101 0.900774
-6.129375 -0.274662
-6.347681 -1.611520
-7.914169 0.510115
-7.612719 2.492508
-7.799645 6.713955
-7.776131 5.330704
-7.603911 6.661287
-7.499856 6.396389
-7.587137 10.539995
-9.914784 8.977215
-9.229760 9.032848
-11.401361 8.520869
-14.635795 10.002883
-5.639756 11.360219
-7.499280 7.113517
-7.060610 6.696433
-5.069176 6.906470
-6.025100 8.233621
-7.041665 7.347089
-5.607724 6.954637
-6.443348 7.004759
-7.284083 7.638117
-6.504267 7.127248
-6.383209 7.709650
-6.507040 7.352785
-8.537233 0.587506
-9.542674 1.523138
-12.251387 3.004679
-9.572493 2.663799
-8.326868 2.941700
-9.145935 -0.440876
-7.534755 -0.041077
-5.173146 0.833797
-7.123329 6.331416
-3.982133 6.998621
-4.463327 7.965032
-1.892494 8.462390
-7.840187 6.711585
-5.867048 7.494057
-7.179783 6.328718
-5.995607 7.243927
-4.025515 6.660665
0.081803 9.380289
-1.304502 4.432307
-1.738040 3.533766
-1.622130 5.411705
-1.642839 3.760895
-0.314911 4.192235
-2.340345 6.922335
-4.027843 6.839143
-4.282902 7.677079
-0.389665 4.988537
-0.990878 4.830158
-2.481902 3.956191
-1.058006 5.669637
-1.060386 4.499177
-1.993208 4.314744
-1.956571 4.891607
-3.125774 6.841682
-4.104888 6.413824
-4.532832 7.036233
-6.645784 7.240124
-11.890727 9.875546
-7.816079 13.630483
-14.993916 7.283746
-14.181780 9.773897
-13.277103 8.732843
-15.327042 6.079841
-15.040991 5.044617
-15.354761 4.103011
-11.852575 2.440500
-8.319408 3.162520
-12.298314 2.901761
-8.994183 1.097103
-14.676409 5.780316
-13.305600 5.502519
-13.178297 9.377212
-12.238644 9.146348
-12.907649 9.389478
-13.595680 2.995195
-12.004835 2.545408
-7.867030 2.188460
-7.299723 0.562332
-6.023263 0.250671
-5.884961 0.743354
-0.556462 5.736402
-1.057564 2.655005
-4.992643 7.659815
-6.573140 6.970834
-6.859453 8.104006
-8.379160 8.856021
-6.263062 6.333661
-7.366588 6.362602
-7.355719 6.865991
-7.900165 5.231520
-7.633502 5.525565
-7.714221 2.720192
-9.806079 2.875033
-8.515869 2.967094
-10.110603 2.844412
-11.056980 2.098797
-12.196186 -2.060539
-13.021228 3.245866
-11.609868 -1.955613
-13.434848 2.281699
-9.557429 2.999667
-7.860040 3.865293
-5.954963 6.441636
-5.310082 7.203846
-4.322436 8.511182
-5.156632 7.107086
-4.069405 6.439879
-4.738437 6.550177
-3.773083 6.390520
-1.999622 4.944541
-1.881706 3.215661
-1.833873 3.570230
-1.242852 0.921202
-4.253243 1.302689
-4.558693 -0.665320
-0.435534 0.772293
-0.536946 0.484069
-4.304463 0.988083
-7.669223 3.659813
-7.889492 4.871187
-4.785007 6.556959
-5.671927 6.343887
-2.566059 6.944968
-0.393159 6.068083
-5.380957 6.890734
-3.980897 6.357111
-6.349950 11.504938
-11.282830 9.433248
-10.413991 8.967623
-13.845385 9.730886
-7.759822 5.658129
-3.554733 0.398789
-3.295303 0.400668
-8.059767 1.105351
-9.830803 8.623622
-7.813222 3.756740
-7.736363 7.328089
-7.917211 5.142057
-7.821394 7.366777
-5.741039 8.559282
-5.417318 6.364132
-3.716688 7.543718
-5.005597 7.799536
-5.609836 8.064369
-4.271402 7.274015
-5.711959 7.676824
-5.631095 7.936016
-5.059066 8.680427
-7.811363 5.559915
-10.751897 1.075686
-9.641687 3.111279
-9.990197 2.705789
-7.964866 3.464361
-7.653369 0.997396
-7.792376 5.909879
-4.541140 10.651829
-7.294816 9.228603
-7.642664 4.752919
-7.988174 3.326795
-11.255551 1.623370
-10.087840 -0.333658
-9.930707 2.906376
-10.683588 3.137206
-8.624516 0.939564
-4.365619 0.173550
-14.443204 1.702556
-13.483104 2.502474
-13.242640 4.675696
-13.050699 8.223618
-7.419157 9.400855
-8.506398 8.794188
-7.303013 10.052947
-12.070975 9.047956
-14.437811 3.831235
-13.888028 6.824193
-14.161125 7.731168
-19.290592 11.154833
-11.671461 10.621675
-11.880917 8.994701
-10.108835 10.042684
-8.469831 10.246416
-9.195824 9.163867
-9.051984 11.354291
-6.454625 6.310381
-4.412551 7.466558
-6.575211 7.965842
-4.174896 8.028029
-2.351704 6.704781
-3.920776 6.945391
-7.159127 7.200016
-7.879807 7.636083
-6.792759 7.423000
-6.192883 8.059995
-5.725874 6.374945
-7.679650 6.485129
-6.940589 7.725211
-7.495276 8.573621
-7.430861 6.785575
-7.553001 5.860804
-3.979526 7.967335
-2.338104 7.386175
-4.888154 8.062363
-5.909052 7.134411
-6.638577 6.590955
-5.751532 8.165860
-5.676395 7.050229
-6.689837 6.637463
-9.672893 3.396681
-11.120066 1.641176
-11.950436 3.253268
-8.143744 1.402319
-6.601463 0.104609
-6.627865 -0.112898
-9.380497 2.074869
-14.607067 2.739393
-13.862482 7.987795
-12.983649 6.755809
-13.586805 3.734258
-16.044304 9.369267
-7.829242 3.959608
-7.549424 2.413396
-9.628044 -0.032439
-9.781410 1.766936
-9.004205 1.313136
-9.222664 2.954059
-6.843861 6.743853
-6.780299 8.885877
-7.517277 4.940458
-7.525649 1.660826
-3.947648 0.156284
-5.405733 0.809016
-6.340664 0.666158
-9.074303 2.292104
-6.984720 0.523843
-5.621896 1.129201
-3.493434 0.412354
-2.689753 0.330326
-1.940564 1.345830
-1.781418 1.783025
-2.220897 4.926704
-2.488147 7.368287
-1.932509 4.659113
-2.258882 5.025880
-7.075907 7.690650
-7.490983 6.628976
-7.669023 5.146176
-7.664969 5.004921
-7.582249 4.069695
-7.891842 6.046239
-7.946340 7.998578
-6.460133 7.382370
-6.735411 8.600010
-6.742387 6.425512
-6.666300 7.062394
-6.032672 7.396004
-8.611755 9.109743
-8.119165 9.127189
-6.864476 8.525683
-10.512604 8.673120
-12.768023 8.742924
-12.084084 8.892429
-10.320299 8.655604
-6.819598 8.908902
-6.140468 7.842272
-7.577106 7.248310
-4.864520 7.268924
-7.562356 8.164006
-6.584509 9.420249
-5.727815 8.404184
-7.845249 6.036188
-7.335857 7.267394
-7.766139 6.727555
-5.207802 7.215230
-7.697992 6.488559
-7.948300 6.903814
-7.197579 6.350870
-4.735257 8.503309
-8.519441 9.073577
-7.428626 9.626023
-7.652350 6.417999
-7.771090 4.412489
-7.341496 6.623290
-3.866789 1.149012
-5.084827 0.383323
-4.335593 -1.809396
-7.690057 3.955723
-1.572871 3.218524
0.041655 3.100601
-0.895230 1.986514
-2.029853 3.235891
-3.081817 1.204904
-3.547855 0.132706
-6.415269 -0.029794
-4.687737 0.502955
-2.450082 0.229353
-3.356287 0.157800
-4.256646 -0.156995
-5.804063 -0.097699
-4.770001 -1.939732
-7.441207 -0.438870
-8.103180 2.684849
-0.039700 2.731558
-0.795483 4.963946
-4.209297 6.856505
-5.318044 6.961192
-6.499971 7.246509
-6.753446 7.171334
-7.391077 6.883323
-7.783737 5.398348
-7.745036 6.133838
-13.015142 8.118247
-13.340900 9.065824
-9.686074 9.434031
-15.250273 9.513119
-9.956009 10.315866
-7.061552 6.343804
-7.570755 7.439547
-9.047373 2.410810
-10.161596 2.499341
-9.150829 2.663787
-7.442335 7.364801
-5.113601 6.689283
-6.855963 7.154177
-4.300190 7.079638
-2.182580 4.070271
0.753122 2.706131
-2.114317 2.405807
-2.045994 4.386392
-6.502376 6.526886
-3.846766 6.627049
-1.843932 3.476025
-2.052659 5.617898
-2.169701 6.960961
-4.943297 7.323041
-8.442258 -1.489966
-9.799305 1.489304
-10.012834 3.314651
-11.370060 2.167804
-9.677094 0.029176
-7.600895 4.133496
-2.444869 5.315640
-0.336119 4.828948
-0.787836 3.297012
-7.810036 7.147561
-8.294024 2.981905
-9.409729 3.382648
-8.414538 2.131591
-8.233835 0.557985
-7.546225 1.924528
-9.377495 2.438583
-11.528563 -0.638757
