15.820772 -12.170228
12.302674 -8.118524
13.154945 -8.370767
12.557415 -8.213169
9.731164 -9.901242
13.384892 -6.639986
12.919900 -7.860270
7.719446 -6.977350
12.467854 -8.936649
10.274213 -7.748456
9.777970 -8.878009
5.559286 -6.428988
5.404921 -8.085500
7.382456 -6.663956
8.404163 -7.172126
10.705088 -6.911244
8.535057 -8.809905
7.968412 -7.504122
6.165271 -7.469089
4.709449 -2.539279
6.061101 -3.893626
5.190742 -2.370209
6.642152 -1.477897
3.607041 -3.420438
4.692473 -5.218026
6.277265 -4.756258
6.383223 -5.330201
6.845545 -7.535190
8.300340 -7.992524
6.887856 -9.359821
10.086305 -8.374857
9.683614 -8.165980
8.578243 -10.845812
11.357185 -9.121993
9.075720 -7.015947
8.119993 -7.823088
8.106566 -7.402485
8.662117 -7.899180
7.673285 -8.342471
8.698259 -6.880083
9.300093 -9.188232
6.490634 -8.978147
6.362134 -3.479387
5.754410 -6.137342
4.799510 -8.887222
7.889793 -8.123504
5.831367 -9.423218
7.280538 -7.207490
8.631258 -7.012835
16.217001 -7.832119
13.339483 -12.421801
11.527163 -6.038675
11.528791 -4.456397
17.670952 1.788614
15.788425 0.496035
11.848494 -5.133167
7.881010 1.556801
8.201482 1.351067
10.666160 -6.887848
7.653403 -8.024386
6.025054 -0.185021
6.479503 -0.453755
5.964079 -0.986457
6.375485 -0.093592
6.744466 0.635922
4.598833 -2.449687
4.737852 -4.647263
6.380413 -1.110593
4.737785 -3.740535
3.521149 -6.999369
4.906056 -6.544340
4.566717 -1.293684
4.939961 -0.476843
5.666549 0.918522
6.634450 1.671755
7.462132 0.019177
5.763669 0.663906
5.635681 2.020667
3.817225 0.695662
5.450851 1.673861
5.563480 -0.418852
7.183443 -0.199212
4.214563 -0.760200
4.869949 -3.584082
4.548136 -4.135634
5.472991 -0.335643
4.738412 0.055030
5.775908 2.464243
6.980816 2.084087
8.309301 2.212125
7.893253 6.325953
7.863343 11.465393
6.738106 13.477925
