-17.970081 16.611126
-9.969284 8.557452
-7.768326 9.374768
-7.336250 8.317330
-6.175906 6.764558
-4.740852 7.217245
-6.548710 7.287207
-6.576293 6.830243
-5.971793 7.091554
-6.817281 7.733459
-6.585001 7.005676
-5.798755 6.665387
-5.747519 6.438399
-7.177521 7.658292
-6.080394 6.445337
-5.988484 6.840444
-3.452591 7.497806
-2.217670 9.037973
-1.177383 6.625991
-1.657903 4.520896
-2.176673 3.862757
-1.812565 4.540523
-1.879446 4.493031
-2.321338 5.822034
-0.622167 5.802633
-3.326708 7.690619
-4.495071 6.325341
-7.048234 6.701844
-7.641138 6.424150
-3.064429 6.430251
-2.439270 6.338419
-2.172050 6.749726
-1.405380 5.821191
-1.438619 3.535451
-1.937217 3.949920
-2.432765 2.018336
-0.781113 0.675988
1.719448 0.128507
4.920349 -2.454125
