-16.944590 13.384126
-13.646437 5.745039
-12.966370 7.609385
-2.348068 0.330171
-2.938117 0.274927
-7.726121 5.868753
-10.609337 1.359445
-8.669227 3.341300
-12.937881 3.220086
-9.344154 1.444852
-7.713386 0.854104
-10.493923 1.227689
-8.642866 3.413489
-7.490336 1.233624
-3.447931 0.612959
-5.299717 -0.073540
-1.043018 1.700812
-0.473140 3.798506
-0.162446 3.008265
-0.813983 2.774012
-2.683617 8.242054
-4.528456 7.152110
-5.989929 7.659204
-7.687564 6.536268
-7.915578 7.367596
-7.818755 3.564409
-7.887475 -3.378939
-6.363931 -3.718518
-9.219230 -1.064503
-8.607658 1.389532
-10.432563 2.810122
-8.507611 1.511623
-4.013001 0.069302
-2.566319 1.197848
-1.413323 2.466240
-1.838268 4.465409
-1.695215 5.668953
-2.182645 5.714527
-3.477448 7.040763
-7.745003 6.290834
-11.311054 9.097939
-13.858125 8.710673
-11.728824 9.068519
-7.772979 10.853157
-7.278482 10.979460
-9.728854 8.772109
-5.006026 10.389929
-7.905636 8.293936
-6.866301 9.380108
-9.900361 8.653373
-12.049740 9.929032
-8.838818 8.794086
-11.401464 10.646954
-6.203495 8.006435
-7.891212 11.271123
-5.935639 6.619460
-7.612309 7.282228
-5.796812 7.168358
-6.187904 7.655660
-3.886533 6.941525
-4.200740 7.441113
-0.846611 5.327911
-0.410313 3.461482
5.717464 -4.663176
5.871153 -5.048431
7.049622 -9.991830
9.734107 -7.863785
7.279261 -7.892620
4.423464 -6.283670
4.760963 -5.728755
10.121283 -8.875681
8.820726 -8.007740
19.780418 -12.150430
19.361414 -14.886160
