-8.030414 2.516087
-9.325071 2.083405
-11.185534 2.752494
-8.994491 2.971612
-8.293969 3.269785
-10.990905 3.256366
-6.803825 0.370820
-5.369262 -0.307880
-1.957178 1.527430
-4.157292 -0.388565
-1.276986 -0.211567
-1.925343 3.773983
-2.424499 3.045060
-0.373485 3.618109
-2.217934 4.924817
-1.960231 4.225677
-3.222931 6.435853
-2.751055 6.999762
-3.241020 7.064438
-7.517522 6.664344
-7.682909 2.986410
-7.613745 3.134289
-3.073176 1.273806
-2.603145 1.227177
-2.686069 6.846067
-1.814806 7.666535
-1.634664 7.754928
-0.298006 9.640832
-4.213191 6.851460
-3.674500 8.129000
-6.322601 8.690999
-3.037052 6.534490
-5.322399 6.633154
-6.234518 6.656755
-5.706727 6.499029
-6.334547 8.292410
-5.872006 8.337358
-5.103074 7.352060
-5.713410 8.016978
-5.372498 6.839262
-9.799660 8.564818
-8.923154 9.328813
-10.764553 9.027903
-11.776752 10.469895
-6.625069 8.395064
-6.834972 7.828685
-7.624045 7.201953
-7.768806 5.339870
-7.619532 4.957536
-7.501212 2.270992
-3.241606 0.466516
-5.208672 -1.743834
-2.472044 3.001769
-2.157137 3.058201
-2.349024 3.914211
-2.264440 4.367447
-2.192058 7.206846
-2.842967 6.610758
-4.209526 0.869113
-5.512084 0.402694
-2.857423 -2.201827
-3.797192 -0.417621
-4.670980 0.270540
-2.892522 1.054213
-2.673940 0.865897
-1.246429 0.918398
-1.571219 0.738468
-1.988975 4.595368
-0.119427 3.810952
-1.828557 2.797733
-3.416495 1.168584
-2.459201 0.034631
-3.666336 0.722411
-10.405462 -0.620967
-7.494236 0.404572
-7.932817 2.984492
-6.302855 6.738862
-6.490671 6.658101
-2.250464 6.416188
-3.997444 6.314764
-1.572851 5.642635
-2.348626 8.024489
-4.110960 6.725311
-5.676614 6.425712
-4.050959 7.295738
-4.835595 9.036448
-4.507763 7.626793
-1.464007 7.428422
-1.372861 4.682415
-1.469834 2.847240
-2.042078 2.077525
-1.977389 2.197627
-1.195115 0.741681
-4.363383 1.268849
-3.357706 0.814718
-1.693475 0.846940
-0.918153 2.167511
-2.133604 1.819514
-1.208448 2.080345
-1.215371 3.927786
-0.066736 2.683968
-0.312736 3.412537
-1.571512 3.535680
0.356728 4.622939
-2.403005 5.990566
-3.826056 7.064302
-4.666234 7.515071
-4.249819 7.217223
-5.505104 6.697887
-6.530758 7.610543
-5.533438 6.535022
-2.803655 7.093761
-4.394821 6.327137
-3.832495 7.691455
-3.061261 6.600474
-3.547764 8.080233
-6.570787 7.389771
-3.631439 6.539785
-7.556138 4.970732
-7.791831 3.890909
-7.421242 -2.385427
-6.708066 -0.188283
-7.007204 -0.909642
-5.945561 0.316011
-8.924414 1.567666
-8.648718 2.418666
-7.539442 3.954625
-7.785580 8.884524
-5.085248 9.543214
-7.752446 9.350073
-7.359960 8.333397
-5.623134 6.528873
-7.415586 9.615121
-6.600307 8.832736
-3.280526 6.343819
-4.290538 6.469030
0.396320 4.694187
-1.639917 4.665617
-2.306679 3.556262
-1.305721 2.658139
-1.763725 4.695795
-2.387977 4.825112
-1.942756 4.890618
-1.012225 4.413023
-1.584820 3.709178
-2.478981 4.793338
-1.856965 4.136841
-2.432093 3.001367
-2.873284 0.479537
-5.672830 1.051109
-9.456343 -0.697662
-7.807057 2.650506
-7.881674 6.988246
-10.138901 3.189863
-10.092644 2.897491
-7.707505 2.425597
-3.836345 -1.054540
-3.700014 1.094428
-2.414357 0.226277
-1.603046 3.000038
-2.196104 1.166102
-1.232594 1.272754
-4.439163 0.698749
-5.073679 0.235567
-8.438009 0.317706
-10.107871 3.074484
-7.696435 2.002123
-3.737176 0.430902
-6.227281 0.856231
-5.014493 0.856073
-2.482868 0.766252
-1.372218 2.211577
-1.036937 2.732682
-2.172915 1.967494
-2.086979 2.327211
-1.706112 2.300833
-2.123366 2.904145
-2.057492 4.713015
-1.659725 7.775854
-3.856979 6.970433
-4.710480 6.798124
-3.246669 6.931038
-4.320091 6.704975
-6.195075 6.872161
-5.098999 8.406486
-6.446994 6.345328
-5.838063 6.485858
-4.475832 7.621845
-3.956133 7.803214
-4.731430 8.212879
-1.116062 9.381123
-2.164737 5.346119
-2.044549 4.863458
-1.680974 5.870625
-2.513402 7.198997
-2.662720 6.366902
-3.653454 7.512681
-0.916765 5.619512
-0.095759 4.523055
-0.575867 5.542605
-2.444104 3.432569
-2.264331 4.970682
-1.863092 5.633862
-0.537132 6.743167
-3.254134 7.035008
-7.934304 7.128835
-6.443636 6.490491
-5.611654 7.056560
-5.804999 7.270752
-6.308866 8.536359
-7.759881 6.131575
-6.471607 9.066734
-6.520233 6.345489
-7.461788 6.573464
-6.084034 7.182000
-7.685148 6.575027
-7.194002 8.318799
-3.545816 6.765395
-7.214625 7.399435
-6.033844 8.369851
-10.589159 10.861455
-12.084941 11.015642
-11.547115 8.507615
-10.167419 9.941426
-10.277575 8.696046
-10.210320 9.427080
-9.542860 -0.200606
-10.446466 2.862557
-11.290828 3.443949
-11.096087 2.206799
-9.689503 0.363698
-9.672707 3.099896
-8.610553 1.443962
-8.667145 1.259417
-8.741858 2.553202
-7.087378 -3.428245
-8.080057 -1.206472
-7.905375 4.889536
-7.574253 5.163188
-7.832922 5.888560
-6.189354 6.855271
-5.823702 6.347087
-6.439484 7.013265
-3.977469 7.212585
-4.261317 6.383023
-7.711675 6.834101
-6.908900 8.010315
-5.487189 7.955622
-3.317748 7.308773
-1.563019 1.030271
-1.467025 3.981461
-2.330484 4.444454
-2.471622 2.111543
-1.244429 0.039477
-4.214986 0.773038
-5.508604 1.048250
-4.312739 0.470289
-5.019640 0.720245
-6.063035 -0.262270
-8.428727 1.921796
-8.773469 1.788390
-6.177915 0.380567
-5.815161 0.104772
-4.738894 1.292107
-4.805600 -1.115844
-6.392204 -0.716950
-6.003601 -0.359446
-0.988378 2.724870
-0.170786 2.525033
-7.938674 2.983504
-7.577452 4.503963
-8.164073 2.109854
-8.774044 1.164818
-8.480033 2.142689
-8.338017 0.723523
-10.174922 2.903207
-6.551394 6.667230
-5.903904 6.798640
-5.437071 7.133487
-11.662615 9.928280
-12.443858 9.092809
-5.920423 8.680737
-7.522946 6.305395
-7.075613 7.147521
-7.072124 9.676875
-6.540813 7.707804
-4.820983 6.758941
-6.767750 6.434905
-6.533098 6.453688
-5.343038 7.239989
-3.081510 6.864032
-1.441541 5.501738
-2.271665 3.708026
-1.644691 3.611412
-1.221426 6.283097
-3.483804 7.447985
-3.844290 6.612900
-5.322385 7.259752
-8.801319 8.969885
-4.163778 8.227216
-3.683423 7.965328
-7.606667 7.228932
-7.765254 6.158669
-7.668007 5.049720
-8.931421 2.529398
-8.345687 3.448684
-5.943081 6.338536
-6.443532 7.126039
-8.116587 2.337875
-8.149040 0.744229
-2.883251 6.599562
-2.246722 7.355361
-1.952897 4.348228
-2.138450 3.454991
-2.077874 3.157425
-0.499935 3.968402
-2.733443 6.844969
-3.519209 6.753271
-0.945294 5.654519
-1.009583 3.557534
-1.765038 2.847995
-2.033322 3.868359
-1.329520 4.924016
-2.305870 4.387200
-2.343828 3.186236
-2.415905 3.289216
-1.743127 4.296850
-2.074678 5.644788
-2.421800 7.412863
-3.381972 7.651289
-5.890780 6.721030
-6.363923 8.608018
-5.454457 6.684378
-5.959255 7.559797
-6.456765 6.878284
-5.481187 6.746284
-4.464363 7.128170
-3.970140 7.642153
-1.731624 5.805301
-0.963158 3.644728
-2.237528 4.219252
-1.602164 3.139056
-1.176093 2.228612
-5.307876 6.499473
-5.595675 6.810717
-8.957556 3.417757
-10.843014 3.217321
-6.942832 0.482867
-11.334570 3.022921
-10.960587 1.667257
-10.752329 3.478846
-10.572828 3.392102
-11.956655 2.396304
-14.073625 4.045530
-13.132450 5.724495
-13.472566 1.755681
-11.377860 2.787952
-9.949372 2.403909
-7.907866 5.921897
-7.265489 8.030663
-5.576487 7.245602
-7.705210 4.075616
-3.387796 0.161491
-3.951449 0.232201
-3.436862 -0.615117
-5.418809 1.202311
-2.604964 1.244020
-2.981903 -0.067725
-3.780922 0.660583
-4.366821 1.261782
-2.703791 -1.147699
-2.619838 1.008237
-5.453535 -0.754732
-7.151285 -1.898956
-8.723173 2.322185
-9.823298 1.420000
-10.782597 1.957767
-8.733659 2.255311
-7.660362 3.056346
-7.908930 4.056798
-7.700288 4.967518
-7.469522 6.765620
-5.400281 8.774360
-12.424311 8.741233
-13.366510 10.226368
-10.774282 10.681283
-14.055195 7.431763
-14.042021 -0.538826
-10.655876 2.451862
-7.345716 7.119682
-6.140964 6.494512
-8.323056 2.540580
-4.840268 6.726098
-4.856739 6.606452
-6.174284 7.136972
-7.065324 1.072954
-4.922160 -1.149545
-11.543321 2.992057
-2.457507 4.156468
-2.385433 6.359084
-5.910288 6.318364
-3.201790 7.033304
-6.160493 7.411485
-5.163371 6.677913
-7.984695 3.378973
-8.901438 2.955895
-9.174005 1.650147
-10.683343 3.015868
-13.129855 2.864947
-12.184255 2.394979
-7.511661 0.317051
-8.166142 2.969620
-7.648729 3.575582
-10.685512 0.711421
-8.873625 0.378630
-11.359047 2.131019
-11.183981 2.465412
-11.427437 3.293947
-11.437607 3.461859
-8.609340 2.793334
-9.182926 3.488917
-10.492306 1.900903
-8.917095 3.342327
-9.122566 0.595345
-8.238535 2.919629
