-13.413891 -2.601941
-11.279857 -2.974147
-12.104813 -2.075922
-12.008875 -1.401126
-16.820015 -8.357648
-13.583242 -6.044493
-14.167132 -9.678803
-9.417603 -9.844252
-6.822521 -10.464422
-7.932991 -9.829891
-10.752025 -9.380349
-8.586471 -8.657871
-4.800091 -6.150943
-6.368453 -7.498370
-6.513350 -9.736987
-10.029164 -8.449260
-8.352148 -8.069333
-6.531511 -8.800614
-4.487849 -6.595216
-6.064206 -5.842595
-3.379976 -2.807306
-5.876189 -3.428292
-5.208431 -4.615216
-4.058743 -4.203639
-4.740022 -4.778167
-5.555072 -6.896910
8.748582 -12.850118
18.600784 -16.519875
