19.992241 12.832399
11.908528 11.319070
7.757063 10.810567
5.211463 9.688081
0.767963 5.569065
-1.085405 4.556165
-1.479858 5.150308
-2.305729 4.659118
-1.274501 3.498045
-2.041106 3.975718
-0.572237 4.413383
-2.291532 4.493179
-1.427498 4.231152
-1.518521 4.343312
0.395505 4.847484
-0.988220 7.442276
-3.402855 6.698281
-4.481113 6.842341
-1.919109 6.859449
0.998089 4.300547
-1.226193 3.267994
-2.073892 1.624092
-1.685017 0.104658
-3.130878 1.268621
-4.837312 0.266626
-6.117409 -0.261480
-8.282422 1.692958
-9.991232 0.141596
-9.506113 -0.437878
-8.169297 0.995183
-7.776801 2.440995
-9.320572 0.889715
-12.914104 -2.628099
