8.811567 17.369669
8.915712 10.463985
6.761224 6.930691
4.505562 3.517614
6.268640 1.462090
7.185314 1.045416
8.869500 2.621208
8.647480 1.311852
8.103696 1.460368
6.817396 1.472522
6.615218 0.468593
6.944455 3.589709
7.239059 0.259841
6.774615 1.003808
7.664277 4.957965
10.393668 4.578252
11.193520 3.543294
9.393047 4.177730
10.601645 4.564435
8.185446 2.943733
6.200603 -0.127239
7.111994 -0.626212
5.569736 -1.858500
6.422378 -3.335139
5.921108 -6.413322
9.098155 -9.044306
10.093155 -6.657881
11.925261 -6.803350
11.800500 -4.618419
11.929390 -8.207400
12.692415 -10.366672
10.037897 -6.917276
12.727201 -6.988006
11.348621 -6.956690
8.685631 -7.692791
4.480894 -8.189609
5.139140 -3.377542
4.092126 -4.366964
4.185926 -5.037317
3.960007 -0.219603
6.816875 -0.937533
5.357116 -1.215771
5.848232 -0.853886
7.071280 -0.368086
5.810061 0.239828
8.254292 2.259192
7.496775 2.196693
7.311222 -1.364404
6.149484 0.779018
6.772428 -0.774698
3.828669 -0.175422
3.470742 1.175172
3.877458 1.192880
4.356848 3.104390
6.403281 3.418147
15.342683 4.911486
14.881668 1.943219
14.953300 -0.934299
14.162970 -1.104501
15.747059 0.055712
6.117808 0.024906
6.024710 -1.194362
6.309234 0.574075
5.606887 -0.930774
5.069749 -2.096138
6.367332 -2.617309
7.296067 -0.100271
3.649833 -2.563287
5.122436 -1.216476
15.472977 1.102164
6.693049 0.888377
8.319618 3.077649
10.551565 3.434545
14.021271 3.444815
11.076803 4.083869
10.621220 4.216650
12.572865 6.265646
6.443536 1.717821
8.866510 3.988587
9.103782 2.164102
8.128552 1.990438
6.906099 1.815886
7.935255 1.486075
6.620121 2.097496
4.680988 1.385708
4.880392 -1.038970
6.357831 -3.103467
5.752388 -0.714987
6.470127 4.392711
9.811327 4.156287
10.786071 3.628188
14.166830 1.302007
15.932231 -0.915589
14.463986 -1.034661
14.387511 5.373207
9.505594 3.866351
8.682920 1.302973
9.100111 1.583180
6.682383 1.429602
8.134903 2.621880
6.824010 1.675050
6.859362 1.015209
8.987055 2.596305
15.538544 -0.831706
15.816103 -0.732841
14.207211 -0.538928
16.654753 -0.750274
19.629280 -7.842447
18.020657 -7.818524
