2.151691 -1.337171 15.357660
-1.700092 -0.838685 8.447226
-0.948275 -1.535808 10.813155
-0.029375 -0.296785 10.009685
1.904772 0.485994 9.084401
-5.950876 -1.467376 3.999286
-6.761952 -0.429168 3.970408
-5.582828 -1.573966 2.497768
-4.181960 -0.345922 3.051429
-4.065791 -1.084883 3.136955
-1.743416 -0.853269 3.022629
-4.532572 -1.129665 2.647753
-5.781636 -2.852644 2.501844
-5.516515 -7.722666 5.268330
-7.699094 -11.031700 4.989114
-8.181651 -7.693544 2.196703
-9.075212 -5.156980 7.055797
-8.800709 -5.396423 6.978778
-9.178415 -7.699793 7.089783
-7.129714 -3.978808 6.375123
-8.132699 -5.816885 6.248354
-5.961292 -6.459710 3.683965
-4.921303 -4.742465 6.169257
-3.728805 -3.208553 6.803246
-4.868734 -4.040918 4.840453
-9.052001 -7.540476 3.480710
-3.057784 -7.024317 3.461685
-1.207143 -5.651378 4.317001
-3.625161 -3.982024 5.661295
-1.210788 -2.252851 0.504694
-4.226140 -2.622235 1.542763
-4.532634 -2.993386 2.505080
-3.830191 -3.787707 3.740195
-5.933244 -3.155281 1.845278
-8.193006 -0.060044 4.647465
-6.925762 -1.812578 4.333982
-6.061412 -3.911301 2.923258
-5.771898 -3.120198 7.278090
-7.864711 -5.956075 6.763596
-4.140262 -2.477130 1.564347
-5.362025 -2.007671 3.102002
-4.795899 -0.262349 2.874911
-5.618426 2.740112 -5.942992
-5.485757 3.693939 -12.566944
