15.481322 5.500669 10.083536
10.390315 5.971148 10.879908
11.200079 -0.623308 14.882483
10.584121 8.454264 14.132868
13.250778 6.448145 18.823784
12.921509 8.087528 9.280416
14.832931 3.539792 8.435480
8.539605 4.496880 9.806705
10.092718 6.803407 10.133868
10.581107 5.423356 4.285327
9.670440 3.842188 7.087970
11.046113 7.382001 10.017931
9.529337 5.063142 6.903470
10.609598 3.701057 8.572187
9.905626 8.216566 6.520339
10.468764 6.398431 9.748721
11.341358 5.215495 8.702030
19.444611 6.828116 13.006866
