-17.088734 -3.090691 -18.709427
-17.383520 2.481544 -16.597130
-8.740121 8.257974 -6.400297
-5.785299 6.797539 -5.392886
-7.462240 7.220569 -8.285725
-6.041894 5.833716 -6.509757
-10.702830 4.980034 -4.278667
-5.342165 6.855643 -2.529885
-7.584407 11.668639 -7.135677
-15.770679 12.049789 -8.594450
-17.408812 16.712164 -7.012835
-16.158175 15.299149 -9.363089
-15.363673 15.826595 -5.667193
-10.229255 14.039272 -4.397216
-11.876791 11.151264 -2.314747
-17.404324 9.726987 -7.159007
-17.241362 10.778585 -4.050341
-18.559986 8.412636 -3.947973
-12.099853 17.570324 -5.050965
-10.562206 18.623505 -4.195737
-12.379557 17.208441 -17.723110
-4.215000 11.254122 -17.757523
-1.815565 4.002045 -17.226015
-1.408818 4.302905 -13.656246
-3.656209 1.805239 -9.032741
-10.046863 0.311898 -10.373359
-5.137984 -1.727755 -9.355843
-10.458256 -0.053633 -11.676695
-10.913453 1.988412 -7.366113
-12.636175 4.727870 -6.459488
-7.194431 5.045429 -5.046597
-7.043171 9.805670 -7.460513
-6.895695 10.127333 -11.006405
-7.616096 6.417809 -8.168184
-9.981153 12.841908 -8.544685
-12.003574 13.441265 -10.873062
-14.083296 13.656130 -11.597981
-15.651414 15.948403 -14.799881
