15.313446 -11.027527
19.775021 -6.737708
6.184112 -8.113376
3.354786 -4.938610
3.463512 -7.669759
14.469414 -2.196733
11.338324 -5.351878
10.723048 -7.010737
7.709252 -7.264605
9.326140 -10.037530
8.681755 -9.275907
8.402812 -4.911693
12.643322 -4.904983
15.153255 -8.981469
14.905306 1.665713
14.339352 2.951909
16.806852 0.430043
15.758348 -3.028985
11.174695 -3.319175
10.035189 -4.531991
8.874100 -4.863392
5.917507 -6.055663
5.561699 -6.227591
9.613647 -3.882342
6.354451 -4.410861
9.738926 3.883947
8.515507 6.811154
6.961172 8.160591
11.831038 9.513737
8.917820 2.650012
8.532837 5.227554
8.518631 3.167744
8.158808 2.982754
8.098588 2.052070
8.998496 3.043464
9.918068 3.485106
11.238741 3.590345
11.912118 3.539464
12.169002 3.609591
8.218427 6.242756
7.783330 1.468904
13.799555 -2.076469
12.258818 -2.965882
10.378937 -2.013692
6.985401 2.170999
7.786044 0.601022
8.529329 -0.828685
8.818830 -1.628671
11.378545 -2.531239
12.215175 -1.929597
10.837107 -2.430052
13.195749 -2.655120
10.974716 -1.597826
12.147840 -2.753729
12.968157 -2.193881
15.061007 -0.297522
14.630835 3.247432
10.619061 -3.029818
12.092982 -2.590836
8.592099 3.025589
5.902596 2.191537
7.745662 1.997293
9.019966 2.342034
8.068484 2.211362
8.517883 -0.958841
8.845372 3.297734
8.635668 3.153821
8.442352 -0.207420
8.303900 1.457962
7.077894 5.961541
6.405263 5.300293
7.058743 1.117991
13.633382 3.779784
15.014555 5.465257
14.092747 3.712850
12.027979 3.421345
10.609879 3.521935
12.105238 3.556008
11.920493 3.430524
4.694072 4.186872
7.462730 2.195470
7.606594 3.156453
7.866886 2.676798
8.019788 4.799260
7.891024 6.502419
8.922897 5.680798
9.091909 1.518955
8.973360 4.521410
9.522039 3.669336
9.715723 3.515046
7.080225 3.131438
7.836011 2.511733
9.793278 3.998904
9.430723 5.761207
8.405090 7.662240
8.208047 7.388593
8.619320 6.693646
6.445771 3.104008
6.801021 3.393789
8.816887 4.215654
8.768454 3.036957
8.832174 -0.060623
9.526148 -3.271586
8.744958 -2.447425
9.414419 -1.781322
8.663900 2.475948
8.998068 0.094166
7.887789 -0.124101
7.446072 -2.477514
8.029670 0.125803
10.380853 -2.327120
13.614716 -4.283046
14.939787 -2.201853
13.282175 3.640022
9.063988 2.067893
9.800604 5.218136
9.389651 6.096809
9.644303 4.947360
9.457844 5.210340
7.630923 4.499733
9.275375 5.990130
10.775576 3.625174
9.572051 4.949889
9.702881 5.004719
8.950849 6.486212
9.352193 5.642151
8.765127 3.560331
7.803399 4.556086
7.311895 5.462238
7.411929 5.196066
8.276318 3.855596
10.262955 3.459347
6.668753 2.602271
8.924989 -1.704678
15.001398 7.567497
9.582033 4.505847
8.558914 3.054261
15.630565 0.601061
12.613296 -1.742209
14.982393 3.307173
8.187505 7.926326
10.747115 10.826838
9.844034 8.426698
16.060005 5.903250
15.340555 -0.364285
15.421535 1.472819
8.886335 4.732479
8.953604 1.744029
7.888135 0.591637
8.291876 2.753938
9.486877 4.421133
8.093037 4.116186
8.658779 2.472528
9.146534 3.606344
7.813762 -2.549342
7.705767 -3.393605
9.729533 -3.391472
6.862219 1.105107
9.378098 4.706246
14.871761 3.410217
8.355348 -1.359955
8.862076 1.165577
8.438549 0.616249
9.103361 2.840763
7.644847 1.746367
7.613608 3.750198
9.775138 5.514881
8.588225 4.534458
10.050639 3.480933
9.676855 4.946463
8.779203 8.979183
11.520019 3.632745
10.559109 3.774557
8.516038 2.881780
7.697867 0.965243
8.443756 2.014677
8.546342 2.927892
3.478387 1.977594
4.907559 1.562185
5.544995 3.028263
7.334328 3.597034
9.366501 4.100318
6.386753 2.516458
5.853871 2.626585
6.515956 1.809212
8.896633 4.996972
8.523748 2.591777
9.821309 4.617457
9.839664 3.907069
8.808825 4.465856
8.351897 2.302759
8.583117 1.730891
7.712386 0.561286
8.141657 2.328417
6.408275 4.083703
5.931815 2.746114
8.176294 0.475575
7.208951 4.212867
8.937817 6.295938
14.543303 13.742216
12.449518 10.146662
12.344221 9.966586
13.506363 9.009204
13.915833 11.201648
9.874614 9.669505
8.630474 7.592954
8.241337 5.648853
8.616338 -0.202544
8.544548 0.130468
9.058084 1.966437
7.672677 3.661939
8.940638 1.492095
8.746132 1.551810
8.374809 3.079721
7.444000 2.540186
9.545971 5.276579
8.178877 0.288902
6.023321 3.266673
9.393509 4.328178
8.904606 1.564973
8.996608 1.108082
11.683521 3.493563
8.855762 3.444191
8.960477 3.413640
8.146656 4.356873
8.128592 3.647059
9.643821 3.790856
12.032098 3.481120
12.976739 3.769572
8.974058 4.052531
8.759741 2.261477
8.735585 2.532488
8.355055 2.074265
9.841643 4.783574
7.314437 2.031625
8.890370 2.109085
10.072353 3.492567
8.893312 -0.945105
10.982897 -2.753169
7.780595 -4.554101
8.292846 0.972859
8.768259 2.128214
6.390652 1.717800
8.678965 4.153201
8.348759 2.834679
8.905310 2.843628
8.856578 -0.828142
8.922562 3.021610
12.111053 3.645865
8.423192 3.369083
9.645824 4.568096
8.098641 2.213297
7.803472 2.080221
8.049305 5.944979
9.782699 3.654359
8.595379 3.349552
6.223984 3.752787
7.588846 3.536185
6.553982 2.582881
7.987288 1.988410
8.244543 2.220904
8.720865 4.444742
9.534118 4.733842
11.314606 3.499290
8.758921 3.774865
8.934085 1.371367
8.650589 4.628922
8.245270 0.076646
8.114141 1.158019
9.518895 4.004921
14.192041 -0.675314
7.223165 -0.472971
8.378499 0.855416
7.703710 3.270940
9.510243 3.500293
13.047829 3.550712
15.288959 -1.546078
9.644911 -4.733274
9.465494 -3.037072
10.736147 -5.960159
14.809899 -1.038666
15.912722 3.988326
15.090858 5.356329
7.258196 2.549043
8.276302 6.050766
9.575036 5.406050
14.409449 2.668004
16.066013 5.389905
9.141325 4.556062
13.243624 9.791423
9.383287 5.977658
8.995142 1.950153
8.917526 1.535042
14.835247 13.786850
14.694510 9.780169
9.410364 3.757949
10.312770 -4.375069
9.765618 5.995141
9.549402 7.282757
7.876298 7.240057
9.425995 3.494269
12.431210 3.576322
16.939022 3.638821
16.256031 4.364129
17.245876 6.253349
12.526949 3.538453
8.236465 3.922480
8.902321 1.966767
8.760942 3.060087
17.079554 6.391020
16.786089 6.213207
15.114047 1.604921
8.441345 -1.231498
7.517365 -0.250633
8.858879 2.218104
7.744500 4.329064
8.911825 2.140093
9.221814 5.376167
9.786037 6.686297
11.765149 3.762109
10.487425 3.592108
11.293665 3.518650
12.734853 -2.105552
8.830446 2.512844
8.170792 2.864022
8.422512 1.538327
9.013373 4.669013
9.684134 4.085318
7.476991 2.084110
7.953049 0.067013
7.311717 1.109816
9.101569 2.391789
8.567577 5.082271
9.704068 5.648296
8.358583 1.185488
8.328847 5.873971
8.938208 6.706354
8.112786 7.225456
7.384206 7.589845
8.303003 8.419095
8.961706 8.308712
7.246864 3.903385
8.621739 4.452515
9.010882 5.035692
9.670092 5.053141
7.810792 2.169673
7.829641 0.899580
8.689363 0.561960
8.868030 -0.928021
8.660725 -0.123260
9.083374 -2.311890
9.920219 -2.646960
10.435360 -2.063373
10.469578 -3.052347
9.166584 4.339408
9.046790 3.031582
8.667592 0.208359
7.702995 0.515976
8.814263 1.700718
7.702547 1.463351
8.814776 3.639153
12.121933 3.664278
11.044348 3.471601
10.712352 3.768663
8.330423 5.914021
5.706196 2.137599
8.729452 3.074752
9.182386 4.723862
8.904182 1.641682
7.821614 -3.083500
11.449304 -5.846636
12.189457 -5.889995
12.546272 -2.341711
10.660027 -2.484663
6.991531 -1.538583
8.028166 1.051791
11.094294 3.447413
10.956511 3.430423
9.539373 3.604498
7.227075 6.717828
9.632551 4.341936
7.460031 2.911792
8.273865 1.817996
8.343534 1.379660
7.648708 0.904976
8.559700 -0.363219
7.839553 -2.550920
9.612204 -2.130087
6.426338 1.059267
7.944002 3.262278
7.740166 -0.099634
8.680744 -0.271647
6.618751 4.295643
7.671075 3.530048
9.048816 2.162424
8.584667 1.275625
7.804096 1.710360
7.699140 3.337827
9.035055 2.032676
8.393222 -1.421196
8.422686 -2.937798
8.846317 2.009280
16.670979 4.392395
14.779839 -0.817057
14.589256 1.924066
14.798527 -1.616108
14.369699 -3.757224
12.448118 -1.750525
8.885214 -2.622195
7.469463 1.764622
8.952928 2.183281
8.548979 1.278113
5.744927 2.533442
10.726241 3.699465
10.311577 3.715716
8.865431 4.878543
7.255979 1.708061
8.062733 3.937067
7.656812 2.020954
7.564295 1.785089
8.741718 2.232121
8.639758 4.223471
9.244576 4.918039
7.885918 4.024108
9.438192 4.066642
7.700680 2.719050
6.705602 7.181312
5.494176 2.496569
12.943429 3.698852
9.420641 5.732801
8.047616 7.896339
9.657738 7.774376
9.677254 9.218328
8.310583 6.962506
8.525560 9.765442
9.009289 9.564975
6.957418 6.308171
5.009151 4.398358
7.993270 3.121249
8.307750 6.119803
9.244322 6.748374
8.945536 5.462722
8.855663 3.669580
9.231141 4.239233
8.374121 4.924664
8.598988 4.345389
9.090199 4.922985
7.747087 2.195073
8.073802 0.321754
7.665976 0.657648
14.727262 2.433404
15.277099 1.773333
15.995141 1.398783
14.659264 0.540534
14.514870 2.752871
15.994678 5.549652
9.306686 7.674704
8.476766 9.559005
9.718275 10.232880
8.203828 7.292620
9.427927 5.622110
11.751904 9.105785
9.498331 3.556246
7.271055 4.032797
10.900789 3.465436
8.328501 0.986823
9.344921 5.997981
8.128057 3.229163
8.475075 1.930252
6.991157 2.711967
7.548385 3.121176
8.440767 1.672425
8.528710 1.092048
7.443997 4.290928
7.714290 2.534731
9.376610 4.221179
9.560162 3.499527
8.393941 4.691570
9.315416 3.457958
11.716353 3.657441
9.052092 8.241562
7.304526 9.592772
9.131655 6.051425
8.277288 3.188377
8.648893 2.149148
7.764665 2.920382
9.031422 1.126596
8.758763 0.677549
8.247796 -1.012201
8.094959 -0.429673
6.101076 5.828432
8.111801 3.600734
9.478887 4.607043
6.496074 7.748958
9.670796 5.087905
9.488257 6.009382
7.458332 5.924691
3.970154 5.649785
6.112008 5.205907
7.579001 4.927948
10.322407 3.509079
7.150085 2.866708
9.122110 6.799817
9.208837 6.286041
11.918419 3.645221
8.994797 4.031409
8.678408 4.692452
8.266849 2.613004
8.804738 2.819197
6.535274 5.399039
8.236271 5.240342
8.109574 0.860502
9.030073 3.963992
15.580439 9.582740
15.473178 4.231256
16.203566 6.524480
17.557835 9.342651
14.698210 8.833343
12.831436 3.742238
13.642081 3.548061
10.857441 3.664969
11.824629 3.543786
8.758544 2.337570
8.274773 2.301768
6.994263 2.138180
8.700827 3.367381
7.046457 -0.581607
8.842604 0.312327
9.019398 -0.342759
7.954851 -1.457818
13.798541 -2.246877
13.016481 -3.391418
11.458398 -1.908321
11.525225 -3.230457
9.230340 -1.825155
9.090864 -2.042779
7.468178 0.499130
8.325046 0.159221
7.281195 -0.710031
8.728647 1.779733
4.873309 1.587885
6.202574 1.504497
7.144465 3.083771
8.479890 7.237926
7.019155 5.357318
9.064688 8.469913
2.312201 1.452187
5.854745 2.162587
4.932508 1.821745
6.887032 4.020685
6.505608 3.375108
7.769146 4.607709
8.405314 5.631392
7.423537 0.510648
8.985333 3.264130
8.050545 2.248942
10.598182 3.763461
11.168607 3.586113
10.498308 3.704396
8.230453 3.948741
8.840979 5.499547
8.470081 7.691250
9.829979 5.131945
8.162119 1.677559
8.939687 1.924091
8.152802 3.963451
8.778345 2.764232
9.036913 2.891593
8.771283 1.279853
9.001038 1.970299
5.741132 2.050329
9.566519 6.977870
8.615614 2.321538
8.928408 -1.291038
9.016570 -0.098455
8.416367 2.653864
11.547161 3.471547
11.748734 3.461471
10.161190 3.465204
3.839112 2.080261
7.336362 1.399477
8.307936 1.665387
8.481405 2.731997
8.987759 2.585941
8.696598 2.966331
6.547942 1.344799
6.401300 2.345490
8.671233 3.100739
9.534193 4.929859
8.637665 8.639827
16.764095 3.336280
15.924095 0.130873
12.384336 10.342286
9.091550 2.526063
7.326779 3.664768
9.693821 4.038406
6.913078 4.695628
8.544246 4.096538
14.742739 2.331048
11.167950 3.677320
8.738072 3.889020
6.490225 2.078850
8.461425 -3.032118
12.402187 -3.881588
9.690122 -4.937483
12.884701 -4.003863
9.609758 -1.918287
8.869614 -0.744916
8.484601 1.761593
9.041685 3.436952
8.002214 0.872921
8.530474 -0.426761
9.552523 9.174982
9.587524 8.789091
10.900034 9.593152
9.243622 9.652396
8.508906 7.491126
7.880253 8.128240
12.433892 10.443524
15.346906 10.956782
16.677231 4.756869
15.425421 5.150068
8.005086 3.320559
8.462807 -0.324484
8.736994 -0.275717
6.953011 -0.113892
8.637983 0.744943
9.036650 4.079811
7.321144 0.248014
10.406609 -1.742948
9.858622 -2.732965
12.029864 3.548387
5.892595 3.429365
7.870408 4.403090
9.723913 5.249691
5.544882 4.269952
8.736513 1.292264
7.732454 2.483712
8.449104 4.109520
7.727925 0.096889
7.829989 1.598862
16.140757 4.685632
15.938599 -0.720418
11.458828 -2.892802
8.552116 -3.216112
8.316424 -0.850268
7.200653 1.439716
6.577684 3.359071
5.129387 3.291785
6.775146 3.447530
11.240389 3.435052
9.425917 3.761472
7.629750 3.776931
8.773265 1.564856
8.282958 1.548475
7.561637 5.451901
8.759112 0.128623
8.778751 -0.021069
7.598250 1.205704
5.957919 2.184722
6.608160 1.568524
7.789675 0.460220
8.281757 -0.024256
8.286736 -2.281920
11.287067 -1.850200
9.375588 -1.667821
7.532547 -1.568481
7.840949 -0.682360
6.892027 -0.194343
8.348546 -0.659958
8.519992 -2.047304
8.699591 1.208126
8.814360 4.531038
6.208411 2.578997
7.786824 3.307052
9.049873 5.319270
9.804136 4.138528
7.789443 4.259266
7.367712 1.383957
9.940508 -3.078724
15.052445 -7.101491
16.813152 -4.396154
14.992804 2.237744
15.248011 -0.128613
13.044104 -3.519456
9.949920 -2.710496
7.257113 -3.506148
8.782106 0.178903
9.039812 1.633783
8.381591 3.013772
9.206824 3.852935
6.691177 2.010106
8.980289 3.969513
9.604648 4.037896
9.685249 4.434015
8.918023 4.629111
9.669700 6.030895
14.488796 0.385074
15.510351 -2.652082
11.543212 -4.547596
10.300558 -1.763651
10.043468 3.731610
7.157918 4.314719
7.441920 5.753504
8.993935 -0.409496
7.978858 -0.585137
8.361446 2.910206
14.968899 6.526946
8.703608 4.592063
7.653930 3.487262
9.180840 4.566737
7.770113 2.546914
9.561138 4.895654
8.946773 4.862260
11.548941 3.759528
12.114377 3.456169
8.379192 2.837902
7.232994 0.764549
6.955650 0.627198
8.278790 0.399770
8.820315 0.296227
8.545422 1.486252
8.655062 -0.382555
8.241005 4.532660
9.170329 5.304494
8.845124 5.891477
7.270108 3.222034
14.389521 0.390656
15.720627 -1.563541
8.599411 -3.456621
8.777324 3.147575
9.766752 4.622858
9.363918 4.768939
6.698515 3.929392
6.979396 3.422578
9.657694 4.522799
7.881343 5.943902
11.138212 11.284152
12.569614 9.169243
8.726217 9.207000
8.954856 4.650909
7.669971 6.752005
7.752392 2.721606
8.258401 2.261558
7.588830 0.671403
8.517919 1.934565
8.757113 0.596100
8.044638 0.176094
7.900903 1.767735
7.029068 -0.169610
8.027368 2.392344
8.233765 1.841229
9.104346 1.048356
8.003856 2.230063
7.674941 1.908086
7.960852 5.482044
11.022070 3.561369
11.686846 -5.618919
10.659868 -3.389373
11.348944 -3.016312
13.520599 -5.086437
15.797758 -3.983536
16.378622 -0.176126
17.772263 -0.257859
14.525249 3.201567
14.693567 0.061670
14.410330 -1.281815
17.955952 1.712935
15.391795 -3.643727
15.132977 -2.600234
12.346596 -2.218470
11.926702 -3.648586
10.881039 -3.346437
9.438824 -2.237542
7.348495 0.173586
7.889818 0.603989
8.797493 1.056687
7.850106 3.450781
8.806839 1.218637
7.811149 2.682721
9.034918 2.029922
8.859574 0.268496
7.908740 4.016867
9.461774 3.948309
8.140552 2.419331
6.081380 2.818053
5.868156 1.950900
7.939821 3.175058
7.544439 2.057418
8.261484 2.248704
8.730302 -0.523360
8.067688 1.568405
8.487011 3.560808
7.946355 3.685382
7.892476 3.663751
8.968687 -0.172431
8.867658 1.409092
9.072084 2.068382
7.446669 2.099997
8.667439 3.400580
12.759270 3.512241
12.408350 3.714655
10.920889 3.570108
7.930779 3.757657
9.310415 4.958351
8.131260 5.066121
7.212812 6.297288
6.747221 4.633456
8.159706 6.568274
8.119907 4.559422
8.649412 4.903260
9.032108 5.572212
7.011988 0.689745
8.356374 1.496720
9.557585 6.361336
8.471893 7.405037
9.055670 4.752170
10.023934 3.585527
9.974895 3.636902
11.116537 3.713773
7.640671 3.882347
6.918869 2.413206
7.252954 6.259504
5.490350 2.041728
6.113475 2.792293
4.005147 2.092204
8.341157 1.119614
8.495562 0.204368
8.681233 2.066594
6.988298 3.595691
8.225496 3.646369
8.997786 4.951064
9.676277 4.529647
9.115699 3.899639
6.973595 3.179062
9.105697 1.168371
5.975488 1.282243
9.131539 4.027150
6.626678 5.081962
9.366636 4.668699
6.587404 7.018611
3.849265 7.709851
6.328542 5.054245
10.416567 3.504289
9.021591 0.906544
8.031411 2.789467
6.788107 2.190037
8.125678 2.087619
8.801590 -0.464417
8.538554 -0.833741
9.263187 -2.447587
14.639465 -2.471859
14.944136 3.363745
15.169945 -2.623492
10.237486 -1.902945
7.725903 -1.367384
8.427390 -0.793684
7.404976 -0.045059
6.175361 2.675557
8.256133 1.140668
8.286032 1.038113
8.707388 1.542488
9.123550 7.255718
9.810772 4.982166
9.380189 5.356704
9.197160 4.061867
8.658150 4.934587
8.618417 0.355204
7.834867 0.027046
9.051443 -0.468338
8.880232 1.089740
8.932673 -1.933244
13.063541 -4.545612
10.645525 -7.111940
10.978607 -5.133763
10.025952 -1.727362
12.311207 -3.063772
10.139615 -1.997597
6.636054 1.410873
7.802564 1.436963
11.340952 3.654144
8.934018 4.778082
7.440016 5.093385
9.283884 4.619012
8.909552 6.566513
9.372537 6.261377
15.717983 4.180140
14.446209 2.692623
7.378661 2.507086
7.458671 2.359626
9.362230 4.069889
8.941426 2.116888
9.023914 4.332317
9.417403 5.121772
8.649519 5.893752
7.149507 6.408344
9.649796 6.281259
13.769031 3.445918
9.800872 5.047144
9.600756 5.767977
16.562689 4.558755
18.615011 10.523299
15.009908 10.729138
15.251230 7.820261
15.588884 6.086388
9.101875 1.293869
8.643149 -0.088550
8.128097 -0.096708
9.339622 -3.268113
11.411879 -2.995872
15.060991 -3.342340
8.253489 1.910485
8.759783 4.974120
8.533082 -0.891629
7.570251 0.784551
13.775028 3.659362
16.118530 2.358387
15.921782 8.740979
15.746853 6.583349
17.934944 8.773968
9.115953 6.824792
9.782372 5.943474
9.103161 7.184857
9.540705 -1.999480
10.210574 -2.568367
7.185480 -0.960417
8.893313 2.146446
13.390074 3.771184
12.825890 3.652843
11.303764 3.574773
7.881149 2.960477
5.319398 2.459270
6.070634 1.915143
6.060973 1.200151
8.700780 2.837607
7.954776 2.514328
8.766493 3.506942
9.726789 3.671445
9.132048 3.937386
8.546577 3.438127
9.581705 6.307285
7.071259 6.825375
5.749427 4.757537
9.444860 5.616273
8.243110 6.265243
7.506668 4.653562
6.591199 2.060485
7.404811 4.099553
8.400450 3.573275
8.788219 5.260138
8.714339 2.804678
8.715041 4.330810
8.466216 1.848134
7.077518 3.726669
11.466324 3.763144
10.308962 3.771877
9.358364 3.601354
7.587052 4.407650
7.204037 5.952969
8.263805 2.980510
7.744680 0.770865
7.101509 2.015494
8.878302 4.103677
7.441069 5.009300
9.509624 5.115828
9.478168 5.070125
7.211250 0.086065
9.038162 1.022701
7.978091 2.925622
8.353076 0.351917
9.300107 5.068481
7.546968 1.983786
7.814361 6.495551
7.579620 5.187662
8.967583 5.409754
8.134449 6.441921
9.601662 6.054632
9.420488 8.092963
9.836299 5.822078
8.799364 2.822288
9.717839 4.834185
7.725492 4.614153
9.454710 4.761035
9.334763 3.537841
10.870910 3.430654
11.412777 3.604804
8.959446 2.424177
7.803137 1.384231
7.131365 3.176007
8.031897 4.835591
8.437720 5.599638
8.711165 3.207259
8.140719 4.144409
7.034043 5.057125
5.664853 3.155547
9.213282 3.785574
6.384013 2.207628
8.831511 1.782209
9.084059 -0.644806
8.326170 0.405046
8.412138 1.282680
8.383938 2.846851
9.503222 4.061898
8.557520 5.402507
9.585647 6.350895
8.166895 1.786052
9.005883 1.593650
8.702515 -0.923258
7.918025 1.872276
7.385477 3.211596
7.250551 -0.117259
4.106641 1.258396
5.526982 1.421415
8.523124 2.239431
8.787489 1.635541
8.398581 1.361631
6.864840 0.631386
8.779634 2.863377
10.356884 3.702696
9.890356 3.461213
12.041653 3.615366
9.920374 3.509944
7.455935 6.355519
7.497850 4.693851
8.499866 1.236787
8.259644 1.173762
9.038752 2.097270
9.075657 1.099790
8.763884 2.067569
9.001616 -1.307811
10.976082 -7.388469
12.595896 -3.017701
11.538272 -2.629146
8.122993 -3.844709
8.059887 -4.600741
8.504972 -2.025053
10.088756 -3.802706
16.198040 3.093513
18.332531 6.218020
15.529287 2.975595
17.516905 5.720589
15.147945 7.423313
15.055841 5.756580
17.575109 -0.508747
14.372458 -0.375969
14.315823 3.644990
9.976019 3.630247
9.594667 3.950639
6.275644 1.873265
8.763910 -1.785981
10.653749 -2.047800
8.122309 -2.396620
8.453359 1.752102
7.186633 -1.157064
12.824670 -3.314939
11.626126 -2.380302
15.341946 2.636110
15.122538 1.927789
14.570227 1.366213
17.439432 2.199178
14.806458 2.044562
8.398643 5.024078
7.187084 4.084561
8.432464 1.641052
9.375622 3.556706
10.720184 3.686364
9.097248 4.608785
8.894530 4.164462
7.139563 0.911300
9.005868 2.198985
7.490016 -0.793978
8.503485 -1.401873
8.832615 -3.607793
11.395514 -2.150150
10.384817 -2.146332
10.326969 -5.452385
9.785762 -7.665551
7.226914 -1.498390
8.082564 4.379146
8.527468 3.386930
7.347816 1.376423
8.036082 0.211041
7.751270 0.406589
8.621530 -0.943463
7.593092 -2.538796
5.436000 -4.381557
3.250560 -4.049901
4.621981 -4.236576
3.727333 -4.201764
0.813543 -5.108595
1.362602 -2.405336
1.648138 -2.481475
-0.537701 -6.101453
3.191478 -4.554918
1.615787 -2.276104
1.439840 -0.295100
0.423633 -1.275573
1.175000 -2.948083
1.485441 -3.232786
1.126001 -2.062918
1.193885 -1.030171
0.668646 0.424175
0.923177 0.783454
3.102060 1.828482
2.037285 2.449872
5.301267 1.094440
2.545494 1.699322
5.174659 2.384519
5.112740 2.712355
3.363275 1.923929
2.242285 3.095616
1.665288 0.525253
1.488793 0.123740
0.551980 -1.153825
1.370528 0.865294
2.972520 2.224923
5.156772 1.069704
3.010005 1.468206
4.410876 1.434100
6.236123 1.113921
3.771228 1.540134
6.256220 1.514367
9.012132 5.698898
9.079031 2.890978
7.865746 4.893668
9.379179 5.045208
9.669835 6.651881
9.777700 4.633066
8.023996 5.563726
8.106486 15.182986
