7.764942 -16.701206
8.170936 -14.459125
8.761924 -11.160820
8.316847 -10.845412
9.284411 -10.391391
8.196134 -10.344889
8.838377 -10.538306
9.299843 -11.956377
6.077923 -15.326204
8.065631 -14.507365
1.727319 -9.363346
-0.881760 -11.300038
2.395824 -8.896821
-0.310243 -9.288119
6.607695 -8.133433
4.679399 -6.303948
4.846998 -5.569229
7.454978 -7.135684
6.316216 -5.139879
3.405445 -6.260919
4.251851 -4.354066
3.815965 -7.287136
4.733240 -7.176216
3.514947 -7.484053
2.151159 -7.735355
5.072982 -7.978964
5.018918 -7.859213
6.900927 -4.288363
7.555102 -6.099955
7.829039 -7.851748
4.329504 -5.862940
1.109223 -9.602084
1.975911 -10.589644
0.614462 -11.653336
1.086444 -11.829476
2.689795 -12.077844
2.190957 -8.424163
0.855453 -9.061919
4.442040 -7.266844
4.480998 -6.176942
1.772517 -7.875835
2.359256 -9.400038
0.446714 -8.462063
4.318211 -5.951476
7.264727 -7.507505
9.337172 -9.159825
8.560972 -6.449854
4.422976 -7.083416
5.884360 -6.494496
6.649247 -7.013629
9.033089 -7.342045
-0.632050 -12.329988
0.349090 -12.231451
0.743503 -13.037894
4.689906 -13.372106
2.397788 -14.654687
-1.025174 -9.641794
1.341746 -11.115509
2.848001 -13.401572
0.710364 -9.903026
0.126972 -7.879582
7.223635 -7.808756
9.924428 -6.869380
10.784350 -7.467845
8.741276 -8.940860
1.636663 -9.891545
1.916254 -10.527545
2.705860 -8.385801
8.894444 -11.645403
10.510900 -13.354068
15.453257 -13.586396
17.475845 -14.176703
14.275030 -5.214248
9.844245 -6.578292
9.093024 -10.453820
8.403333 -5.932066
8.340331 -7.661124
8.888836 -12.093493
2.286865 -9.218748
0.395509 -8.937330
0.419289 -11.151431
-1.032696 -10.016653
1.586483 -9.953494
1.210157 -9.775476
0.074620 -11.357343
-0.913107 -8.906837
1.378573 -9.002329
1.401778 -8.309216
6.834626 -7.368062
2.650228 -8.221445
1.602845 -13.340790
-4.354976 -11.771982
3.248873 -13.300603
0.261097 -13.732202
-1.513354 -11.606071
-1.187409 -10.102915
2.384169 -10.695410
1.806302 -10.691870
2.977434 -7.303356
2.385217 -10.085859
2.469858 -7.485897
2.227886 -8.479008
2.445722 -10.608021
2.054686 -8.198970
6.463199 -8.060309
7.722638 -8.062143
7.672546 -6.650329
8.701849 -9.031310
8.136410 -9.436275
8.589721 -12.418365
12.514914 -15.915636
14.689778 -13.726041
12.422601 -13.559096
11.306711 -13.274498
14.535606 -7.883718
15.301243 -11.243020
14.774611 -14.860709
9.016368 -12.455754
7.979650 -9.192607
9.157848 -8.091956
3.385466 -6.691914
1.181036 -11.236518
2.477968 -12.087403
0.592493 -15.798598
4.390627 -14.293034
7.059643 -15.299351
8.167412 -12.979317
8.537460 -8.466110
5.692347 -6.269041
7.025170 -5.909049
6.661307 -7.543522
7.212372 -3.921940
9.118398 -5.019741
7.901758 -8.630848
7.965775 -10.090626
8.599395 -12.102065
9.585587 -7.023616
3.335113 -6.048738
3.042891 -7.998485
4.622911 -7.038862
3.030919 -7.936246
0.540971 -9.132014
4.953933 -6.269828
5.255477 -7.940284
6.599867 -7.277378
3.693917 -7.848134
-1.203965 -9.501970
0.620339 -14.080622
1.483054 -11.670786
2.009832 -9.829639
2.774662 -8.163517
2.134516 -8.999331
2.170459 -10.484441
2.543899 -7.522406
2.795120 -10.184527
0.811257 -9.234758
9.262851 -12.026704
8.799265 -12.362208
10.312372 -14.942271
15.274197 -17.836721
12.639318 -18.361507
0.416925 -12.657745
2.462995 -11.203170
2.031745 -7.953887
4.457643 -5.972433
8.855764 -11.323989
8.098639 -8.839393
8.926623 -8.862111
8.839188 -7.932994
8.633077 -5.631690
6.269657 -8.046393
6.521639 -4.124102
2.235124 -8.333808
2.678127 -10.402627
0.390650 -8.655510
4.139744 -6.792131
5.395908 -4.162269
3.288839 -8.184406
5.613049 -7.802771
3.029098 -6.188959
2.583352 -8.943580
2.635923 -8.588675
2.067744 -7.573109
3.528193 -7.168992
4.119427 -6.917902
5.335941 -5.401472
2.558999 -6.117981
3.529324 -5.124553
4.550701 -5.066623
5.667005 -6.844678
8.717201 -4.853046
9.563156 -4.489900
7.930423 -9.478854
9.224170 -13.003135
5.809376 -13.952266
8.335315 -14.424826
13.774033 -13.409656
10.759205 -13.086560
9.957085 -14.014364
9.720129 -15.766690
14.645230 -9.476355
15.932734 -11.542317
9.308855 -11.196210
9.375053 -10.999343
8.238709 -9.889628
2.442115 -9.717317
1.222173 -9.255008
1.831012 -8.035125
0.989738 -4.864708
-0.351380 -10.354782
3.156896 -7.376392
-0.046232 -11.737074
0.570933 -11.350856
0.637980 -8.818437
1.463016 -9.918483
1.881169 -7.592258
1.432986 -11.067630
1.586087 -9.982192
-0.103418 -10.438988
1.453991 -8.357071
3.795578 -7.936892
4.659153 -5.368100
8.088591 -7.641991
3.548952 -7.667936
4.725483 -6.722467
4.909378 -7.274354
4.624822 -7.471915
4.948069 -6.753135
6.761035 -7.210617
3.382545 -7.559541
-2.923397 -8.617709
1.848326 -10.049150
1.201118 -8.930793
0.532921 -11.941390
-0.537679 -11.217684
2.549898 -10.878848
2.423241 -10.588622
-0.190060 -8.656625
-0.341042 -10.746442
2.830140 -8.147840
4.702747 -7.951959
3.357125 -4.269953
4.732845 -7.879622
6.973361 -6.973050
10.096634 -7.183884
4.858319 -6.447913
4.904457 -8.053055
8.574835 -10.622560
8.658825 -12.292348
9.453159 -14.736148
7.172054 -13.255624
1.913669 -9.635550
-0.146766 -9.675027
0.340402 -10.125147
-0.005965 -10.653728
2.436719 -9.754318
8.391809 -8.328168
8.526767 -10.978112
8.802444 -10.638543
7.886403 -6.190340
6.907017 -7.965461
2.207883 -13.169371
0.801589 -11.014518
0.692648 -10.116151
2.157525 -8.370717
5.836876 -6.939482
5.298590 -7.745558
5.712366 -6.155105
4.979126 -4.503190
1.103825 -10.561473
2.388026 -9.711320
2.036680 -8.029676
2.495320 -14.730725
3.063936 -14.584476
3.456489 -13.234604
0.018940 -16.296225
1.054520 -12.577617
1.693445 -10.147724
2.330779 -12.031792
0.288334 -10.984307
1.981008 -10.274442
3.077518 -5.968975
2.471039 -8.460120
3.046499 -7.377521
6.459660 -8.054565
8.226418 -7.121027
9.937139 -7.579609
5.918437 -4.782578
3.148936 -6.371676
1.900657 -9.760011
2.542424 -12.111386
2.324260 -10.252728
1.214185 -7.405208
4.482848 -6.567989
8.117556 -10.193921
8.400567 -9.225607
8.705985 -9.287065
9.372962 -12.468382
8.866394 -12.546865
7.489776 -13.964968
10.450173 -17.662703
8.013441 -11.892069
2.074835 -6.608784
1.731348 -9.988509
0.973307 -15.274217
2.592252 -11.436303
0.448700 -12.818955
1.694666 -9.542483
3.283784 -7.885043
3.313634 -8.024571
5.186976 -6.847663
1.409720 -8.607742
2.796533 -8.410757
5.398691 -7.068499
5.233618 -6.417565
0.209574 -8.433768
2.533762 -8.041718
2.965746 -7.482558
6.238044 -7.733647
9.182646 -10.792018
14.509700 -12.737708
8.151381 -9.305965
8.928270 -8.998838
3.093087 -7.482424
2.416956 -9.239131
-0.898964 -10.082984
-0.534536 -8.933490
1.067556 -12.180219
-0.195858 -12.292769
2.490279 -15.950711
4.200512 -15.704713
1.511675 -13.375702
2.118973 -10.067441
0.159305 -10.215425
0.918631 -8.060564
2.285041 -9.032444
5.921310 -7.769897
2.271724 -6.597583
4.426254 -7.657279
6.132804 -7.307502
1.190142 -11.199107
1.197842 -11.373824
3.342197 -7.980064
8.293252 -10.771829
9.015952 -9.898031
8.689301 -8.625035
6.424015 -6.292134
4.199133 -7.230701
-0.107339 -7.637834
2.166790 -9.618582
1.232001 -9.744843
1.167739 -8.523819
4.005115 -7.816335
5.496356 -7.375311
0.845245 -8.474114
-0.229970 -8.266000
2.715539 -11.426568
0.045239 -10.436538
2.421606 -13.851628
1.575731 -11.536602
1.037132 -10.893985
