18.835741 12.157808
18.801008 11.412173
15.408316 7.861606
15.046440 6.246315
15.928984 6.136515
8.880971 7.028737
9.487026 5.779886
9.199585 6.061148
7.964466 6.184726
7.480264 2.047067
8.097329 3.312329
9.520260 5.704250
9.243132 7.121789
7.422451 9.094785
9.153790 6.979091
8.140390 3.139532
8.488388 8.453359
9.417328 4.927401
9.552691 5.926151
8.598034 -0.856427
8.797146 1.048902
7.636581 0.097012
11.503508 -1.633421
9.512526 -4.683023
11.169619 -3.402546
11.932784 -1.805270
7.155517 -4.129609
8.513891 2.454359
10.282904 3.584779
8.610867 3.674871
8.894949 3.190065
10.401890 -2.343797
9.752145 3.667854
8.711072 5.932435
8.032382 9.807838
8.179192 0.300691
12.655912 -1.764247
15.889459 -0.652698
14.558066 1.625790
12.214642 3.559609
6.874972 -0.169389
9.098080 0.573249
8.233749 2.165793
6.524691 1.525906
7.042650 1.673432
11.294701 9.238872
10.094650 3.546416
11.804245 3.597191
11.550301 3.675823
10.979643 3.593097
9.534559 3.576921
6.233049 2.815703
9.611890 4.522217
9.641863 5.382265
8.417492 5.951686
6.297112 2.985197
8.627935 0.835267
8.296484 4.061172
9.625252 4.978983
9.346537 4.739167
8.388019 2.385390
8.806390 3.830771
6.742991 1.759436
7.521399 2.835560
6.879806 5.603536
9.325029 5.070499
9.719082 3.515357
11.157847 3.572738
9.431321 3.803610
8.715191 4.045910
8.881758 -0.128223
7.948695 -0.860243
7.943563 0.071821
8.572479 4.002438
9.094446 2.929688
8.948019 6.631463
9.280189 6.468303
9.709194 4.688326
7.241730 3.132911
8.668346 3.853017
9.747944 4.351524
8.914442 7.342245
9.735478 5.967493
9.761534 9.143861
12.088428 9.461216
6.735319 9.870050
9.487381 7.636207
9.758124 8.662948
9.819727 7.109764
8.791894 4.563555
9.252701 6.844463
11.150772 3.543204
10.050930 3.701005
8.320878 4.517212
9.555353 5.248297
6.444414 5.070241
9.580810 3.955705
8.460629 5.945174
8.328751 8.026307
10.930769 9.825539
12.228125 9.565791
14.197255 9.337658
10.850924 9.483733
13.230085 9.439768
12.925719 8.844142
14.088994 8.897149
14.714945 2.476372
14.910944 4.917292
15.381414 8.312005
15.179422 8.022812
14.982218 2.966475
8.038328 3.611912
9.054523 5.324927
8.955965 5.848110
8.858864 5.399767
7.821177 3.344965
3.825927 1.527593
5.598601 1.170158
6.139777 3.129255
9.025201 5.724555
8.676485 5.948628
9.398376 6.894493
8.721807 5.085172
7.601448 4.655469
6.868617 1.540131
8.245226 -0.989123
8.971663 1.181976
5.057837 1.635529
8.146904 2.091953
8.029351 5.272679
9.483704 6.747815
9.810502 4.181030
8.116327 2.562667
8.310802 0.217857
9.834064 6.919707
9.807110 6.559261
9.736767 7.552571
8.902496 2.443016
7.184656 7.628822
9.101988 2.728069
8.394440 0.800701
8.689807 1.012044
7.325862 2.256806
8.323680 1.648284
9.225301 -2.633216
8.822004 0.277480
8.210228 -1.147403
6.717752 1.268938
8.243595 3.256747
11.081560 3.722279
10.890723 3.526419
12.176384 3.505909
10.687872 3.512396
14.020904 3.566355
16.724634 4.408618
16.004669 6.515625
8.723931 3.381740
7.479560 4.741211
8.489382 1.102840
11.280811 3.652249
14.138216 -0.111764
12.706158 -1.858397
8.349666 -7.969325
6.764950 -7.810819
7.348877 -3.444126
8.705123 -0.372542
7.669185 -2.042248
8.793467 1.321965
7.266328 0.356413
8.200299 0.772002
15.273992 1.532661
16.460583 6.251049
16.587759 8.905313
13.674911 10.824527
10.770017 9.405444
10.196458 9.485489
4.941827 7.673972
9.097158 6.551336
9.014760 0.546810
8.017923 -0.436897
8.985231 4.875439
9.814149 4.168340
8.138102 5.348885
7.427937 2.153646
9.016549 1.010327
8.024714 2.850532
8.224464 2.897714
5.095217 1.750761
7.919161 1.454705
8.375526 2.292705
6.146748 2.006183
8.482842 0.630519
14.436004 3.538086
19.282192 -3.996920
13.736532 -1.705708
11.698972 -2.453371
11.294002 -3.234129
10.145050 -2.708754
7.761672 7.294356
6.937573 6.794520
8.874588 8.310376
14.166697 3.657205
12.590080 3.501445
14.194758 3.265455
14.151327 3.010756
8.878452 2.891705
9.012302 1.582238
8.552659 4.949178
10.939771 3.751397
8.997559 5.291945
9.710549 5.089409
9.412477 5.093297
7.591835 4.022793
9.131670 4.001895
9.397799 6.329151
8.980207 4.139757
6.971567 -0.048022
8.409342 0.461222
8.483460 1.176908
8.937654 -1.706580
9.179823 -2.551562
10.405644 -3.007141
12.552200 -2.567870
15.046814 -2.660801
18.874018 3.420986
14.123985 3.285131
12.144167 3.704433
8.753551 -0.149262
8.426864 -2.338804
8.830751 2.598922
8.744995 5.065704
8.357535 5.289176
8.495162 4.582808
7.967397 5.156644
8.625609 6.613582
7.951678 7.875566
13.478833 3.652807
7.883626 3.338330
7.900822 2.224101
12.421707 3.420848
8.705225 3.887774
9.762287 4.018124
9.161770 6.749826
6.331052 6.884705
8.703052 7.277703
9.350839 3.793261
9.281123 6.886175
7.849576 6.440200
7.926064 4.423237
8.789576 7.445686
8.324097 0.975922
11.945089 3.770672
15.154402 5.435915
12.009809 3.741130
11.996812 3.542373
7.291830 3.828900
4.696589 4.964498
4.004638 6.317638
7.944218 5.777731
7.930135 4.795612
8.585503 2.741768
11.371040 3.679929
14.932943 5.251612
16.713524 2.489189
15.366381 3.112874
14.962894 9.737010
9.144318 4.650330
10.752089 3.668598
8.672738 1.986475
7.915133 2.898459
8.939528 3.802546
12.735418 3.740771
7.939406 1.882068
7.143266 1.181537
16.074162 -1.928419
14.903881 4.397797
7.709643 0.975448
7.889461 1.167139
5.882616 2.433167
7.728756 3.286844
11.947036 -2.651294
10.970976 9.084306
13.466024 10.156424
15.832086 8.997503
14.944204 5.152359
17.190424 3.527118
14.895037 1.569557
15.507341 6.865028
16.213776 4.791622
15.302900 6.165957
15.334101 6.044836
16.326197 9.168985
17.628769 9.668756
15.481412 5.984682
8.846910 4.674729
8.025963 2.769933
8.736600 6.193363
9.468914 5.095998
8.097589 4.710750
8.807613 2.177064
9.028156 1.413390
7.164651 4.260429
9.135542 6.361974
9.753437 3.535497
14.761195 2.484275
14.391417 3.597927
13.598644 3.776031
8.377706 4.072894
9.481679 4.139465
7.890681 8.311158
8.937674 6.299043
8.874163 6.673023
8.656764 3.105538
16.873928 4.436487
14.464674 1.472080
15.012349 4.824885
15.520315 7.086003
15.305431 12.528369
11.785027 9.088735
7.604287 7.138404
9.190712 4.086887
7.953959 2.817734
9.028843 3.973053
7.787519 0.226595
8.098253 -1.382868
7.447132 0.771347
7.917627 4.149991
6.622551 1.419613
7.800252 1.817303
9.343094 6.253943
8.019064 5.851743
10.889349 12.236891
12.611190 10.313616
14.322437 9.040411
9.504152 6.115659
9.845971 5.441021
8.225853 2.790795
8.956741 6.896383
9.537263 4.936995
16.496082 6.863790
16.603832 7.401208
15.189641 3.080948
8.313562 2.672959
9.077726 5.689311
8.140010 4.874898
9.062225 3.341906
9.751753 7.067398
6.989546 4.550381
7.826474 9.534251
11.733336 9.009192
11.581332 9.613440
9.164581 8.181259
7.739412 1.510145
17.979326 5.662248
8.209497 -3.124735
8.271480 -1.737796
8.193670 -2.774667
8.339775 -6.234565
14.784237 -3.715279
15.238178 -0.340892
14.555963 0.568580
16.042894 6.011539
17.225212 9.498414
14.470222 9.558423
12.519145 11.461522
10.305450 8.976400
5.448709 6.877837
9.831628 6.593947
12.287088 9.286699
9.533455 8.268497
11.123226 8.837881
10.826184 9.082900
9.011408 7.800695
12.250432 9.355453
9.675741 5.205387
9.276098 7.092834
9.321432 6.873583
9.481854 4.074939
4.731575 1.737447
8.848633 2.333547
9.032467 2.278131
8.767778 -1.217962
6.107182 2.667664
3.427171 2.431994
5.902204 2.092713
3.357570 2.931251
3.654322 1.383917
1.591347 1.774201
0.800013 0.285235
1.522486 0.682071
1.018396 -1.204009
1.843657 1.399677
2.427643 1.308748
3.987011 1.240292
3.732262 1.388194
3.877710 4.605674
4.645080 2.100265
2.930644 1.184869
3.011683 1.223183
1.367119 0.058618
1.658118 -3.429858
1.486622 -0.706984
1.373099 -1.456442
0.528651 -1.653471
1.731020 0.116698
6.902853 -1.314668
10.999621 -1.949042
8.614120 -1.627043
7.631608 1.497197
8.571993 1.744749
6.633899 1.122706
9.345201 3.648246
9.247168 5.073474
9.593384 5.925972
7.239534 4.182764
8.678370 4.976893
9.327677 3.823709
8.688137 3.897923
8.129251 3.892656
7.498267 1.375710
8.356588 0.473845
9.050601 4.589581
7.413519 2.879072
7.337734 2.361046
7.774585 4.480822
9.730034 5.890306
9.027946 5.932994
7.913650 5.164215
7.096987 5.940512
8.520253 6.209980
7.410744 3.215719
10.813013 3.783873
9.183067 7.483926
9.396564 4.698593
16.123110 2.728707
17.957521 4.143871
14.972414 7.876749
15.965111 3.773129
17.537834 6.921357
16.156715 4.540969
15.338024 -0.064068
15.938462 3.045103
18.319008 4.845403
11.576097 -4.778951
10.521648 -4.501650
8.487679 -7.033835
2.828059 -7.032570
11.464766 -1.748865
13.533998 3.651857
8.839419 4.372705
8.475039 3.026127
9.716073 4.130156
7.803952 2.632659
8.785543 5.376423
7.643539 1.363559
7.252360 4.168232
8.395380 4.442875
6.414094 4.152561
7.397593 6.088786
11.408820 8.963757
7.905493 5.200465
8.754373 4.751046
7.973238 5.177560
9.778442 6.243580
8.315332 5.832726
8.636779 4.457645
9.566736 6.199277
8.899120 6.770028
6.118644 3.796559
6.962149 3.858151
7.637636 2.650582
9.194664 5.932224
7.088374 7.921857
7.552117 7.454620
8.198921 6.675329
9.203609 6.627771
9.409187 3.935934
8.130625 2.727242
3.863623 1.530971
2.395079 1.281516
1.610467 2.912816
1.226516 0.436896
0.562150 -1.647837
1.631470 -2.945592
1.387997 -0.599261
1.376487 -2.513608
0.795204 -1.070363
1.980211 1.429571
4.838456 2.723427
5.537627 1.898502
3.290870 1.773968
3.431079 1.806144
4.073955 1.198951
4.318733 1.222081
3.939340 1.170095
3.594532 1.405756
6.785977 1.774311
7.064555 0.524971
7.017166 0.809775
7.082804 -1.701754
8.676296 0.515485
8.200499 4.015734
10.771983 3.543980
7.937659 4.314307
7.394230 2.003674
7.358818 3.490736
10.406531 3.646289
8.958778 5.385459
7.763755 4.126623
7.988066 2.568682
8.131550 2.347736
7.708696 3.167733
9.287495 -3.511840
9.002520 -4.148676
9.076820 0.053447
8.514391 1.504610
4.476772 1.310101
3.874900 1.748332
5.232414 3.128573
5.361663 1.328074
3.683644 1.158651
-0.066884 -2.502806
1.714640 -1.873618
0.416807 -1.144595
1.275529 -1.471406
1.027938 -3.129069
1.314564 -3.244736
3.077050 -4.303075
3.273671 -4.369229
3.011956 -4.592560
2.328887 -4.567166
1.324258 -5.217555
0.915518 -4.749907
1.401207 -2.006996
1.388546 -1.709922
1.028663 -1.257781
0.461354 -2.117083
-4.825467 -4.452524
