12.352235 -12.841490
14.519102 -15.081042
14.569176 -11.716653
14.645224 -18.503134
11.907948 -14.659685
12.320019 -14.199290
8.305709 -16.047136
7.645700 -15.627189
9.613701 -13.068631
9.865505 -14.967577
8.155443 -10.358226
8.069563 -9.009555
8.281103 -8.292226
8.838022 -8.319228
10.137679 -7.060427
8.829514 -11.110814
8.547814 -15.446330
8.080387 -10.845164
6.618348 -8.147997
1.924602 -8.335647
0.664753 -9.056586
2.365399 -11.846994
1.790954 -9.775483
-1.002964 -8.826829
1.709000 -12.457776
1.171130 -13.187063
4.109277 -13.699816
6.910460 -14.481076
6.634593 -14.913178
8.459429 -11.232829
9.609105 -7.003360
2.658792 -11.875079
1.700872 -11.712401
6.478115 -4.353325
9.253276 -8.667321
11.778549 -14.694629
7.267083 -13.536135
7.752336 -7.293664
9.782871 -7.604495
8.282822 -11.307424
8.341968 -9.662720
8.661662 -8.294932
8.668568 -8.785211
9.557097 -4.505936
9.004271 -10.399785
8.402578 -10.798795
8.822259 -11.015406
15.032528 -13.217891
13.227477 -13.642789
9.187373 -11.090990
9.719610 -5.667186
3.429935 -8.176526
6.435474 -7.266997
6.651944 -16.394527
10.166559 -12.900915
14.911144 -13.971821
8.682112 -12.822938
14.842287 -10.737916
15.852377 -10.154189
14.654545 -8.563064
18.175446 -4.826922
16.287752 -13.362666
10.057253 -13.147986
10.585598 -14.187037
4.846246 -13.781753
8.771917 -16.231096
9.211954 -12.284509
7.929271 -9.748359
8.403015 -9.492717
7.871229 -13.894965
10.317928 -13.233802
3.864772 -7.813891
4.002210 -8.135943
1.585410 -7.538272
2.812423 -6.688238
2.543030 -12.298081
0.996148 -11.267592
1.720858 -8.086906
8.923372 -11.679156
8.344997 -11.934829
7.892972 -11.482194
8.037266 -9.595877
3.365908 -13.311067
-0.488954 -11.816964
1.147998 -10.737145
1.388830 -11.504444
6.333960 -14.428012
5.675258 -14.417218
4.994377 -17.507120
8.826639 -8.059648
7.423293 -6.519545
11.889678 -7.651672
8.605721 -7.486930
7.144334 -6.567941
9.126187 -3.123005
12.345592 -5.976045
16.640045 -6.366944
11.598730 -5.612942
8.292615 -3.528406
7.924068 -0.523633
6.879566 0.603998
8.491938 0.673163
6.915668 0.120732
7.957491 1.971936
5.458679 1.135537
4.671598 2.013233
5.205235 2.612132
3.375609 1.238733
4.167401 1.410258
2.115801 1.226154
0.835263 3.278539
1.699969 0.901855
0.639708 0.210347
0.971009 1.614224
1.128179 0.815597
0.810049 2.943516
0.823287 6.241743
-3.352076 3.644692
-5.958572 7.212636
-6.599595 5.770986
-8.386137 8.181210
-10.820504 10.395719
