-12.122913 -7.376553
-5.345440 -8.663815
-1.879255 -9.469087
1.144138 -8.563842
2.992710 -7.273800
5.846543 -6.905968
9.209968 -7.952426
8.717452 -11.310987
8.484776 -7.775105
8.519318 -11.594701
9.733370 -13.879907
9.899681 -13.007434
8.480466 -15.477982
7.142345 -13.735400
9.899734 -14.359178
9.209943 -9.854577
5.629362 -7.607792
7.177249 -3.600043
7.277248 -5.620007
6.574090 -7.690375
6.491258 -8.157627
9.040699 -7.274215
8.725766 -8.744614
7.924076 -8.896982
8.298837 -10.917151
9.365488 -9.297194
9.110840 -10.000970
7.537525 -6.539139
6.795156 -5.385289
9.781878 -7.580807
5.774819 -5.347781
0.561136 -9.965981
2.704635 -9.543345
1.970871 -7.702914
1.702934 -9.170553
2.739185 -7.835367
2.679033 -12.700741
2.610753 -10.620740
2.224284 -10.790576
8.946339 -13.742770
9.502235 -13.275172
7.786850 -14.662504
8.260332 -7.131803
9.018362 -7.548907
9.013535 -8.631752
1.454686 -10.972260
1.502797 -11.149942
2.082057 -15.279874
6.059912 -14.622970
4.406890 -13.896771
0.528504 -8.757507
0.022222 -12.053124
2.570811 -9.910173
2.343282 -11.093858
2.359460 -13.104918
1.908724 -7.737501
5.996176 -8.197392
7.862430 -6.612953
8.844670 -6.978192
13.884299 -6.419688
19.676449 -6.513782
15.022634 -12.229943
14.806211 -13.167539
14.140524 -15.576694
16.837166 -15.116609
16.050117 -16.785223
8.597709 -14.734366
7.860174 -8.369193
9.188244 -10.251451
8.047787 -11.919820
8.590855 -10.600618
7.896004 -11.961284
7.847444 -7.776139
11.717877 -4.297702
10.694454 -6.272730
12.301309 -6.402490
10.154362 -7.428394
8.204527 -6.668444
7.685209 -7.569624
10.064471 -5.744746
6.739435 -7.535899
5.467125 -5.982496
8.045930 -6.210793
7.406487 -7.916537
7.140441 -4.973951
5.509129 -7.360176
7.850675 -8.997116
5.122491 -8.114255
2.338948 -7.967630
9.089954 -11.999588
8.492151 -12.490117
10.314205 -14.322843
17.223894 -10.349054
13.180019 -5.632083
10.530648 -7.259038
10.674482 -5.188899
12.684697 -6.917157
16.242407 -9.623619
14.956954 -8.507939
8.430581 -7.939431
2.601141 -15.291668
2.761721 -13.511518
2.609038 -12.356374
2.062781 -9.204762
2.704665 -8.393510
2.316607 -8.931022
2.432600 -10.544337
7.274592 -6.265612
8.358217 -7.125293
8.703999 -12.074173
9.719035 -15.881343
9.071230 -12.112563
8.543802 -11.524204
8.012621 -8.705211
9.119370 -9.265399
9.142429 -10.075442
7.611506 -14.030318
7.178586 -13.496155
2.414799 -14.468116
2.716364 -11.657640
1.148359 -11.089913
1.419508 -11.701265
0.608059 -13.207018
2.002661 -13.007801
3.162578 -13.475495
7.333941 -13.994909
7.007419 -14.650069
8.419807 -9.777312
8.880278 -9.660947
7.296493 -6.565233
9.148043 -8.897036
8.549909 -10.796100
7.991171 -10.123003
8.576970 -7.166453
6.194326 -8.139357
4.431803 -5.991947
9.932564 -7.271996
8.761074 -6.537586
7.496699 -6.935905
11.276323 -3.667210
7.971902 -9.922027
8.213462 -10.634999
8.843891 -4.635109
9.645506 -6.404539
8.270247 -8.978990
8.949259 -16.407385
8.652810 -12.952991
-0.033484 -12.798325
-3.196841 -10.679719
0.105039 -10.327567
1.146917 -12.111891
0.644330 -9.898494
2.182564 -13.167377
11.859634 -13.944377
4.793230 -15.602664
4.577886 -14.576644
2.048317 -13.858976
0.299912 -10.900666
0.826046 -10.000473
-0.743893 -10.583949
2.819625 -10.421677
1.099766 -10.834649
1.511605 -11.729997
4.615571 -8.110065
5.722255 -8.020361
7.998004 -8.820804
8.894761 -11.000445
6.934744 -15.172459
7.784504 -8.154221
6.179416 -6.915051
4.805360 -6.360594
3.437512 -6.266176
2.062858 -9.481458
2.656539 -9.465733
9.277948 -8.266737
9.536565 -5.183691
9.300928 -5.749148
7.005656 -5.855581
10.090002 -7.759570
11.141431 -7.673849
8.876533 -5.247136
12.493698 -7.019253
15.977985 -8.909777
15.190683 -9.680934
16.511436 -17.797665
13.952379 -13.285836
11.787973 -14.834382
8.346302 -9.752857
1.774348 -8.265846
4.151396 -5.487481
7.927418 -7.414799
7.229403 -8.016489
6.851252 -7.817125
8.271643 -6.477899
14.766029 -6.161763
15.459256 -8.327251
15.063169 -12.456057
12.768930 -13.886614
17.326416 -14.219514
13.168751 -4.673281
12.095740 -3.677232
11.295851 -7.295920
8.223011 -6.305869
8.735175 -13.222491
8.033533 -14.370540
14.113726 -13.317901
15.376476 -13.337194
13.830574 -13.758897
13.865446 -18.036749
14.926406 -11.440560
