6.322597 17.416197
9.155562 9.562530
8.821700 8.216132
8.190172 8.161929
12.701766 11.262599
9.375439 8.497155
9.404146 5.867940
8.731754 4.921709
8.889122 2.085204
8.250390 3.229954
8.466258 6.036353
9.770207 4.636936
9.217559 4.039917
9.740310 7.636455
7.840682 5.062276
7.191322 3.538634
9.220445 3.807637
7.415340 3.176651
8.834705 3.893816
8.999678 4.120545
8.721281 1.585788
8.787230 1.612405
8.724178 5.628166
9.215075 6.771580
9.268758 7.574912
8.779844 3.120012
9.737530 4.886046
8.849301 5.620875
8.983330 1.652617
8.847898 3.413288
7.935770 5.604629
7.094529 5.961679
10.660635 3.772370
11.298370 3.751776
9.521547 6.256321
11.272600 9.471743
7.391914 6.802591
6.037946 6.786103
15.964368 8.267955
8.815535 5.099942
8.736695 4.360851
9.407424 4.296079
7.694523 2.230573
6.907969 2.378511
7.990767 1.992415
8.631898 -2.188459
14.719603 1.711199
14.831770 -2.751516
11.665874 -2.169422
8.121479 -0.405079
7.700894 1.046795
7.321818 -0.202230
8.489162 -0.772724
7.277524 -1.439589
8.358035 -0.049664
6.558010 1.353102
5.282098 1.268023
8.928444 2.037847
7.447343 2.020461
5.723326 3.988695
8.619277 2.295528
8.286326 2.604633
6.733872 1.578533
9.292688 6.028718
8.179918 2.559091
7.991332 3.895042
7.878465 1.714453
8.946924 1.749114
7.520585 3.116160
8.620497 3.005313
8.984033 6.590776
15.094438 7.055065
16.583071 10.360415
14.414391 8.823157
15.071070 1.311110
15.894777 4.598653
15.131579 1.413748
17.375200 6.375926
8.835160 2.032488
8.816098 1.194619
9.590677 4.350911
8.322406 2.628975
12.682951 -3.704614
12.378881 -1.770187
9.626322 -5.603695
9.038975 -4.377244
9.493330 -3.865297
12.074583 -3.054501
7.966644 0.395962
6.791574 1.407272
8.546993 2.978326
10.225204 3.721951
11.684626 3.777369
8.564434 2.274928
6.007981 1.311254
6.204984 5.102929
8.725183 5.898423
7.906542 9.644935
6.877216 9.229783
9.060409 8.867807
9.352734 5.664454
9.254856 3.466969
9.570934 4.050420
5.699237 1.662338
2.422863 1.262670
2.660375 1.347203
2.770479 1.449628
4.351712 1.088734
6.278619 2.111086
8.920170 4.216097
8.775447 0.763433
10.455764 3.789119
8.618078 2.503625
8.341478 4.450504
8.095379 4.163535
16.240742 4.834620
16.657249 5.918360
17.859299 3.891208
15.888006 1.782182
17.676792 3.901844
15.487487 4.167721
16.423056 7.446211
15.161659 5.293339
16.315180 -0.969118
13.247972 -3.032701
16.825434 -0.553780
15.356225 -0.150659
17.870358 -1.615810
13.775911 -1.942171
9.263760 -4.567265
9.835720 -2.802579
15.519222 -1.493079
9.104342 -3.888065
8.341633 0.785911
9.099857 0.302006
8.825746 1.127344
6.211770 2.147424
6.752336 1.584120
8.308851 3.545952
8.832308 1.802595
7.389192 3.935225
9.615292 4.497758
8.102126 4.342389
7.951447 2.971085
6.953483 1.373405
8.847628 -0.807439
8.601322 -2.859041
8.633539 -0.567010
8.497215 0.278190
6.860387 -0.008938
8.194870 -0.675865
8.265175 -1.642066
10.812862 -3.003697
14.817312 -4.838003
11.319209 -2.110729
10.435776 -3.623620
8.161407 -0.224602
6.989748 2.045720
7.695812 1.802291
8.655687 1.607880
9.008746 0.964433
7.370464 2.997850
9.209819 4.274168
7.882988 -0.644559
8.540529 1.353531
7.551531 -0.648298
9.658739 4.927241
8.030441 5.091379
9.679964 6.287618
8.347397 5.970102
8.710970 3.635883
4.886170 2.209118
7.758590 2.384902
9.736397 3.947661
8.035922 3.501602
7.790910 2.454160
7.340174 1.455915
8.896854 2.573289
8.408524 -0.617274
8.095782 1.035054
6.612341 2.029743
8.414364 0.740371
7.504179 -0.735130
9.133744 3.817484
10.929023 3.699601
7.708263 3.368733
7.153169 1.069067
6.662075 1.475844
8.873075 1.430257
10.899641 -1.661873
10.645290 -1.880186
11.541926 -3.972709
17.043617 -0.048442
14.448122 0.337663
16.741844 5.088578
15.159821 2.923306
15.548985 8.624597
8.560255 6.912582
8.794312 3.464079
9.930889 9.221415
4.902961 4.519932
6.696315 4.875698
10.625161 3.755435
7.750539 6.270529
7.560746 2.219478
7.162148 1.198433
8.478106 2.053008
9.585136 4.800170
9.504280 4.978217
9.624127 5.643554
7.742341 6.616879
6.729576 4.904027
5.906940 7.118332
8.641736 5.766841
7.114300 5.030051
7.421351 5.291084
9.809750 6.280647
11.152870 3.728457
11.590075 3.479122
11.347775 3.652832
8.292227 1.441958
8.999943 -1.293416
13.539450 -1.722675
13.847919 -1.884068
13.411850 -3.203121
12.188935 -3.933669
10.594870 -1.679482
15.035886 2.902042
14.184703 3.179873
15.768418 4.327267
14.507281 2.926808
14.112797 3.617145
9.436783 3.517524
8.428069 3.955857
8.303104 0.336507
8.461882 1.085351
9.053894 1.657638
8.891787 2.832616
7.036118 5.673861
9.383185 3.773285
9.300483 5.088615
9.828315 4.885995
8.518908 3.147026
8.949243 0.600746
8.019603 1.019709
6.274518 1.645798
8.872900 2.657945
8.505954 4.875636
8.368282 6.832358
9.698670 6.469056
7.502476 6.458803
6.891638 4.082533
9.274105 5.774000
8.618048 0.798209
11.331648 3.742305
8.600574 2.513813
9.420408 3.815165
11.458608 3.438343
9.404998 3.787095
8.207015 5.069681
9.204650 4.671044
8.047442 -1.374883
7.650275 1.119829
6.159346 1.521295
11.136938 3.676779
8.510399 4.350688
8.980532 6.667980
9.235065 6.629424
9.847713 3.749912
9.236030 4.721867
8.587978 5.411383
8.736562 4.353205
9.530597 9.093863
9.563999 8.772213
14.708668 10.018199
15.087091 10.615192
15.682611 8.173858
7.065633 7.336734
7.988416 12.399253
13.051756 13.291130
11.728098 9.815235
10.693048 9.130955
12.533199 9.862797
12.360069 11.180715
12.473773 10.096183
10.131975 9.640874
6.649128 5.350091
8.264877 6.974574
8.888618 3.507991
9.871924 3.463634
9.517504 4.845613
11.891679 9.097723
10.183518 10.245558
15.769088 10.062856
13.914270 10.620967
10.868246 13.047626
13.197050 11.622610
15.528809 14.285724
11.976492 10.982032
8.981400 7.966333
8.399678 8.036134
9.730980 5.572320
8.381788 5.605029
9.170763 3.637880
8.277218 5.850546
9.828598 6.084176
9.694724 6.706594
8.085004 1.209765
8.955029 -0.598984
8.433229 1.290985
6.554340 3.098665
9.577679 3.663165
7.446062 1.882590
7.362355 -0.848191
7.188108 -0.118818
6.057988 1.482001
3.054929 1.272431
3.648469 -3.942011
2.672853 -5.983492
4.225224 1.706414
3.438061 1.183025
1.334519 1.956295
1.483604 0.232588
1.449495 -0.996248
1.633651 -2.541565
1.318886 -2.373807
8.508268 -1.698128
1.224698 -3.364528
1.274216 0.809952
1.740633 -0.914242
0.021647 -0.744963
1.236548 -4.227205
9.415880 -2.886864
8.562487 -1.191061
8.814916 1.990474
6.990763 4.178965
6.878321 4.236850
8.864311 1.439528
7.430737 1.132582
9.743963 4.444018
5.271227 1.807046
6.877114 3.671634
8.792394 0.809857
8.436652 1.265189
6.620953 1.188659
7.945350 0.626222
8.805059 0.743509
8.035016 0.999885
8.265904 2.424692
8.324447 3.374715
11.173291 3.597909
14.531921 -1.245810
11.683313 3.427063
10.017168 -1.852204
13.463095 -3.822470
14.905766 0.509336
10.367693 9.714837
7.215285 5.455507
8.724115 4.565344
9.689696 5.396919
8.652453 4.328417
7.324335 4.776895
8.491067 5.357029
8.651272 5.918646
8.489591 6.018497
12.208662 3.542892
14.656161 2.811726
15.927585 6.509357
9.835217 11.458403
14.910980 7.322030
14.708025 8.843143
14.913879 17.431299
16.184631 7.355614
16.118357 7.250088
15.855087 5.069490
15.724817 6.290895
8.486059 5.452705
8.927151 7.988310
6.914108 2.855740
7.980636 3.448972
11.798040 3.436160
12.552117 3.523159
10.128973 3.522485
8.987119 5.303157
8.355418 6.417472
9.942102 3.432184
11.175115 3.736746
7.971976 3.608680
7.755258 4.138834
8.595053 2.630467
8.649077 2.241665
7.382206 2.369960
7.334715 2.852008
7.083607 2.193203
8.318547 3.652912
9.634249 4.090470
8.419916 7.035750
7.731672 6.802041
6.504687 2.739471
12.384272 9.394275
10.705791 3.447246
8.442361 4.392491
9.365892 6.142527
15.213851 3.773609
16.312595 3.834833
14.126735 1.831569
8.867865 1.624995
9.000834 1.927124
7.495420 1.727693
6.119692 3.019759
8.435925 5.147755
8.470819 7.540705
3.525168 6.913279
4.991176 8.520167
7.704559 2.430109
10.887512 3.755418
13.155478 3.790005
12.482159 3.554850
14.497063 -0.657689
15.011026 -0.474446
14.483814 2.869766
6.547734 2.118677
6.945836 0.605062
9.705967 4.040300
9.066145 5.120265
9.323416 6.733585
8.394681 5.530136
7.891948 7.396340
9.657633 6.121587
9.530638 4.714904
8.407982 7.838690
14.456434 9.199649
11.555926 9.049157
14.402437 8.976216
9.603368 3.961113
9.187808 5.544124
7.741223 5.719756
7.595516 2.080746
7.867671 -1.040665
8.672457 1.075241
9.254820 6.054483
9.151826 7.007924
9.283297 6.225221
7.205297 4.557101
8.031722 3.093096
9.122574 5.389002
9.456503 5.648709
7.580884 5.274796
9.775733 3.674062
17.508942 6.970522
15.271154 6.774282
16.215801 6.120381
8.867491 5.200558
9.056652 3.388070
9.623095 5.142118
9.629077 6.006262
7.767941 5.102077
12.928207 3.563502
9.179146 3.767580
6.067857 3.522328
10.308990 3.619773
10.771681 3.607910
14.895327 6.708136
8.481962 4.512015
11.635410 8.830275
11.547121 12.406201
12.231940 11.040599
10.622495 11.065074
7.859453 10.811966
9.193082 7.061978
8.133397 6.007358
9.688003 3.936349
8.489178 3.753009
8.804827 1.953183
7.884612 3.151567
8.217562 2.766247
5.900786 2.517071
6.569941 5.082902
8.343138 8.619978
9.771741 3.662334
9.445587 3.416491
8.807831 3.707366
9.077529 6.425541
8.612772 4.191554
7.553745 -0.142335
7.021254 0.586105
10.985863 3.749955
8.477757 2.836030
7.432632 3.016982
7.376166 7.545224
10.906862 9.493098
11.606333 8.991650
15.004141 10.445941
10.749228 3.412776
13.134843 3.631204
16.470634 3.242035
14.628987 1.346174
14.732892 2.608994
16.136326 1.959778
15.706715 2.713938
16.084238 1.934542
14.642217 -0.048787
15.849062 2.843462
14.168892 3.267207
14.350091 1.727096
15.772835 6.300623
15.318147 9.788664
16.051249 9.229505
8.635471 1.703631
9.056226 2.519319
7.761960 0.793691
7.792768 3.469226
9.523266 5.389093
9.539112 8.229875
9.271009 4.020683
7.689885 0.875775
7.119700 -5.473567
8.045637 -5.180888
11.202756 -4.589746
12.310064 -3.478519
11.107111 -2.669226
7.964140 7.369390
5.350716 2.952789
8.343264 4.810213
8.919939 3.814185
8.790380 3.020357
8.226481 0.789476
8.022421 0.347007
8.047103 0.512800
4.153736 2.461101
9.376293 3.958250
6.789939 3.614003
6.842732 2.193122
8.667179 2.560149
5.707659 2.882787
5.895519 3.777700
13.805574 3.720766
15.402923 -0.177825
16.852524 2.327643
10.085569 9.868791
7.359941 6.747550
9.836620 4.437246
16.184662 5.424408
13.840849 3.527700
14.851873 0.678761
14.686180 -2.125129
15.612288 3.490799
13.799271 3.442089
8.343484 3.674150
8.850634 3.482279
8.864878 2.173241
8.261045 1.676067
8.909190 -0.358598
7.531789 -0.326439
8.994003 0.934606
8.727022 3.769702
8.510212 0.895768
7.809905 1.910256
5.771972 2.798788
6.862404 3.220064
10.090015 3.763295
10.505698 3.606380
8.501273 3.581229
9.505318 4.487640
9.145550 4.936100
7.833510 4.494769
8.902103 6.212746
7.736246 4.479010
6.867592 4.831000
8.104438 3.279119
8.890446 2.308784
9.653296 7.194779
9.494043 4.272551
9.144914 5.849963
9.908043 9.152030
12.309261 9.090615
13.480576 12.774671
15.033429 10.171419
12.022019 9.898170
12.625458 11.906049
7.874881 10.464005
8.257137 6.292085
9.191917 6.047613
8.306241 8.098765
7.995576 4.703114
9.509142 4.374526
11.995150 3.689297
7.298892 3.295021
8.472231 2.565307
8.305303 5.786782
8.224262 7.693047
7.481507 7.292579
9.603284 9.497344
9.426451 7.211560
13.462339 12.958554
14.211122 8.897105
14.986044 2.645180
15.788717 8.153036
15.108350 7.540583
18.451998 7.361420
14.388098 10.557572
13.508577 9.316889
10.646656 10.040059
7.069913 7.326746
9.385704 6.307230
8.431391 5.507534
9.559565 4.966035
5.243056 2.189801
-0.058632 0.769331
0.782644 -0.328088
1.714025 -1.455116
5.171531 1.227104
8.646688 1.206283
8.861177 -0.965794
7.690778 -0.050592
7.837959 -3.439509
9.992359 -2.296198
12.831749 3.587065
8.209484 2.101035
7.328153 -0.402831
8.560108 1.358074
9.001171 0.800682
8.817553 0.510716
9.760345 4.588894
15.014671 6.346910
16.309547 5.222373
14.355495 0.238408
15.312099 0.792713
7.773164 1.875870
9.065161 -1.540995
7.086732 -2.476542
8.804005 -0.141107
12.265345 -1.589813
12.299220 -2.570163
10.795101 -4.303076
10.926619 -6.724658
10.794501 -1.769765
6.919044 -2.625217
8.408648 2.437335
15.390094 2.135724
9.603342 7.161150
9.407528 8.131728
9.631779 5.583940
12.560091 3.559335
4.965248 2.253342
6.394859 2.433429
6.341805 4.813333
7.861495 4.355515
7.159815 3.623539
9.671583 6.487455
8.870631 6.671596
9.809917 4.627881
12.058205 9.702712
13.172514 10.726583
11.980138 9.138624
15.003578 7.450157
9.526125 6.214767
8.870317 9.078147
7.011242 5.541996
8.590831 5.256337
8.961645 6.165314
8.563473 3.353413
7.502997 3.980234
9.205524 4.788177
7.964176 4.729546
9.081100 1.933633
8.159319 4.344720
9.035044 4.588602
8.411291 1.770306
8.801819 -1.007215
7.531864 0.490782
10.346182 -1.986551
8.511397 -0.727880
8.459610 3.892406
12.634897 3.706643
13.126114 3.725821
10.546331 3.679444
5.785302 2.555607
8.252125 2.085564
16.134905 -3.502791
13.061726 -1.748582
15.380169 -1.830182
14.584255 -0.060688
8.687763 1.766385
8.629470 -0.051714
9.881217 -1.756628
8.625113 1.816586
8.816981 1.408846
6.952054 2.890206
8.665785 1.893462
8.354687 3.724810
9.814043 4.484586
8.185661 2.031090
8.098989 3.771174
6.475582 4.612389
10.343861 9.438341
8.440277 9.355777
9.475188 4.508676
9.552847 4.382022
8.668054 1.888834
8.584167 1.857297
8.125090 -0.524230
9.086882 1.614613
7.905164 2.075695
7.249753 0.460670
8.858651 1.645963
8.801143 5.087481
14.542993 1.466933
8.738598 2.854318
8.939132 2.855409
8.580359 0.788709
8.685134 0.213879
9.162767 -2.412396
8.286680 1.506417
8.682140 2.036072
10.834311 3.718117
15.414150 3.939581
17.461220 3.112286
13.866665 -1.978337
18.781851 -0.649201
15.393591 2.801476
17.257605 8.473499
15.133546 3.824685
15.634316 3.859809
14.925426 6.775733
15.369894 6.056708
14.890612 4.909180
17.226822 6.697162
14.386992 10.304896
11.612505 10.667026
8.661294 10.387364
9.304840 4.172756
8.301304 2.150205
8.829447 1.828920
6.404766 2.839087
8.504312 2.294283
6.466598 3.532726
10.322237 9.888723
7.887302 7.127267
9.400932 6.309546
9.241341 5.638909
9.279698 6.254737
9.853054 6.882309
14.327962 2.403116
11.170412 -1.591772
11.174696 -2.359175
7.462135 -5.205501
5.004801 -5.646963
-0.531003 0.644025
1.183181 -2.122578
0.862346 -0.801909
12.281349 3.678096
9.002138 2.669242
6.980658 7.088280
7.684092 6.653872
9.580598 7.757996
7.757675 9.787545
8.907323 6.890298
9.690612 5.228250
7.531968 3.244625
9.600727 3.765087
7.614613 4.317049
7.358547 7.659106
9.173893 8.735594
7.970538 3.207494
4.826809 4.374922
9.297732 3.803366
8.109993 3.441736
9.016198 1.663526
8.245728 0.995218
8.968201 0.359031
8.064455 0.234839
7.648437 2.803107
8.152114 4.704955
8.511239 2.868934
8.599168 1.619051
8.683433 3.410760
6.677167 3.122125
8.315214 3.276352
8.908184 2.974703
8.031294 4.178915
8.277092 4.726015
8.097367 3.014562
6.572370 2.883574
6.814837 3.882208
5.602997 2.731723
8.433125 7.444375
9.761121 4.686248
7.016913 4.538791
9.499564 5.224488
8.341456 0.302287
7.950490 1.383804
9.430880 11.283336
9.987464 8.960472
8.909881 10.767325
9.720396 9.535310
9.814998 5.006571
9.075777 5.653130
8.539629 6.301731
15.463394 8.308572
16.519850 7.780898
8.904924 -0.327181
7.071579 3.293542
6.291974 4.431765
10.735731 3.451930
8.844124 5.246848
8.228195 0.967486
7.426546 3.174120
9.520426 4.179788
9.343485 4.595304
8.654190 3.536662
9.344879 7.756865
7.395776 0.948761
8.625010 5.261591
9.371147 3.545281
12.437050 3.422381
10.491777 9.522986
7.649656 8.001113
8.481200 5.188357
8.551962 4.681792
9.380074 4.410903
7.298660 4.284188
8.429780 5.674443
9.245426 4.685263
9.279516 3.949980
7.656257 4.189919
8.200750 8.700541
10.623766 11.176951
9.607072 9.550915
9.743441 6.367998
12.140390 3.608715
12.571217 3.623467
8.240606 -0.368031
8.226383 0.504563
10.602961 -1.768412
8.387829 -0.451977
7.445815 -0.100978
5.311418 1.831050
5.404868 1.187178
6.146543 2.358915
7.769569 4.682464
8.010814 2.680593
12.522791 -2.869790
8.326704 1.083529
8.437490 -2.897591
15.379620 3.023283
10.814242 -1.813730
17.157623 5.432233
17.543400 2.445310
17.818409 2.133362
15.297381 0.155317
16.422235 -0.490644
13.360100 -5.047252
11.475639 -4.296293
12.362703 -4.019552
11.484480 -7.394450
9.913427 -5.594656
8.413216 -11.908546
9.175922 -10.742568
8.979225 -12.153459
7.965240 -9.772454
7.946950 -9.913466
8.506790 -8.413035
8.867188 -11.845406
8.826651 -13.369184
3.372732 -14.657289
3.639340 -13.935970
5.261444 -13.860152
8.015635 -9.117501
4.319772 -7.528769
2.003770 -8.159482
8.094230 -10.149224
2.621983 -11.595345
-0.109836 -11.315251
-0.845597 -9.359668
2.278987 -10.775109
-1.478225 -12.362845
-1.409234 -16.795456
9.187071 -14.747949
13.012787 -13.447017
9.167114 -11.796718
7.858367 -11.097557
8.431575 -10.482709
8.071838 -15.006749
9.240138 -15.016965
8.863238 -10.291110
9.211552 -10.926291
8.628277 -15.552801
8.590734 -10.941218
7.913719 -12.249161
4.050210 -15.042382
2.447423 -13.207000
7.153884 -15.112538
1.831267 -10.254512
1.276264 -9.535470
1.418804 -10.667871
2.683407 -10.278580
2.082448 -8.094728
0.797188 -9.811451
-0.737269 -10.060036
2.343640 -8.133601
5.080317 -7.230060
9.020279 -6.462625
9.065080 -12.789441
8.495623 -10.862644
7.932596 -10.687135
8.845177 -10.299397
9.143400 -12.816058
5.456048 -13.962396
12.637753 -13.021956
3.347146 -14.351420
11.661370 -13.066310
12.502641 -15.845893
8.399370 -12.270747
9.262939 -9.555388
9.126288 -10.771380
7.648933 -7.150125
4.683504 -7.075934
8.638165 -8.300391
5.461721 -5.204365
8.616369 -8.626290
7.312319 -6.791277
8.272954 -5.414964
8.010510 -8.715883
8.593834 -9.551165
8.627618 -7.742871
2.957618 -7.405180
6.110261 -4.846590
3.793676 -4.689028
10.238484 -6.334308
14.389585 -3.010059
13.660820 -4.120690
11.804678 -6.310597
13.767662 -6.898898
15.247689 -8.980697
14.370475 -7.195068
12.876472 -7.598006
8.387911 -4.495078
8.134542 -9.582267
8.340952 -3.791731
10.760237 -5.319400
9.277161 -6.113373
6.638088 -5.976144
9.374609 -6.278963
13.695189 -6.606865
15.201908 -10.964744
9.723600 -14.230544
8.193220 -12.035118
9.238890 -5.395586
10.896284 -4.338337
10.631905 -5.717601
10.987927 -6.100184
8.074245 -7.036930
7.795143 -8.141077
9.245367 -7.543988
10.435115 -7.523869
8.472132 -11.017640
8.446484 -13.025846
13.261019 -4.812090
15.528740 -9.966636
14.691195 -10.190676
15.725060 -14.156424
12.706333 -12.872426
6.240664 -13.739671
2.217810 -8.086026
1.114869 -9.763443
1.228232 -7.558090
5.660553 -8.152097
5.661326 -6.285954
6.796157 -8.122546
9.707501 -6.734188
7.134265 -7.634068
9.367705 -8.579967
9.048915 -8.513776
9.180162 -12.327388
8.307198 -8.088840
10.349452 -6.070241
13.570965 -7.315021
10.733907 -6.464605
9.023719 -11.525155
9.570399 -13.497867
7.011597 -13.379331
12.431507 -15.237857
13.742039 -13.751962
18.532885 -13.339342
18.438347 -11.140873
16.803055 -11.232286
18.370590 -9.250382
