16.442024 18.584044
12.745740 13.400927
17.460663 15.250043
15.383550 1.376842
16.913612 1.263424
15.075665 4.483649
15.152285 6.291230
17.258720 6.885075
16.842102 2.947322
14.955075 4.983540
14.545128 9.935461
14.728317 9.763566
9.305193 6.660061
8.965668 4.175792
7.154757 5.235428
8.509924 6.155746
9.340492 7.914218
9.373616 7.265375
9.653065 9.142669
9.211843 13.085690
11.164207 10.184604
12.751157 11.704562
15.233715 8.980635
14.980377 7.529418
8.646444 4.459857
9.297909 5.826143
9.494639 3.524065
11.525572 10.929645
10.895061 3.481726
18.963310 -0.107832
15.026686 2.965793
10.143697 9.287038
9.699697 5.079012
8.870332 5.008199
8.206222 7.667355
9.688919 8.531155
8.205152 4.489697
9.795126 8.015764
9.622712 5.582788
8.615702 3.511980
8.684647 1.036517
9.830994 4.062994
9.484570 7.784954
8.032228 5.500777
7.474576 3.843388
5.895558 1.178538
4.710580 1.789450
8.180409 1.693856
13.299879 9.671307
9.821983 6.420073
10.811197 3.539361
10.238188 3.522969
8.060480 3.911796
8.004855 2.174654
8.175919 -1.257946
8.216426 -0.386265
9.008161 3.199641
8.801859 2.089015
8.488102 7.483986
9.509527 4.771083
9.738523 5.468257
11.527455 3.423050
11.135262 3.485765
7.600216 4.006004
6.818669 1.670472
6.593823 2.229331
8.780279 2.415411
9.622398 7.441540
7.992722 8.568169
9.474720 4.128023
9.458193 3.487509
11.321934 3.636226
11.360069 3.732049
12.341038 3.454592
8.272161 2.014959
9.769925 5.200272
9.082844 4.977380
7.164540 4.668628
8.058108 1.585535
9.191957 4.407000
9.772330 5.913999
7.518393 6.516373
8.483095 6.047029
9.325217 4.064570
11.507078 3.769167
8.450277 6.897338
9.236618 6.029869
8.684427 7.061764
8.419571 6.996858
10.196386 3.642101
10.580167 3.460781
8.895032 1.165056
8.350719 1.495266
8.912157 1.494907
7.990501 2.565646
8.661459 3.557827
14.121264 0.141775
15.469014 -2.067718
15.079260 3.284570
14.444134 2.200467
14.127537 0.263710
15.612340 5.820597
14.225870 -0.416044
9.553623 -6.422148
11.659885 -4.055643
13.152264 -2.176517
8.347514 0.948714
9.097458 -1.008404
6.740148 1.204746
7.639744 1.560131
7.583290 -1.140313
8.264959 1.001834
5.876301 1.713073
5.256130 1.610699
5.080863 2.133554
10.411203 3.522135
9.110991 4.059333
6.380456 2.578498
7.891329 8.034925
9.347909 5.242782
8.854707 7.926415
8.998143 10.177302
8.588268 9.031696
8.233268 5.119369
8.402687 2.342671
8.327976 1.425378
8.218481 0.794706
8.374456 0.044214
8.634447 -3.374856
10.027332 -2.233258
10.176687 -2.547149
11.938660 -5.518128
2.730639 -7.651484
2.709202 -12.489312
0.921579 -7.784443
5.792503 -7.141070
7.617320 -7.671020
8.624287 -8.053840
9.355653 -9.514611
9.017811 -8.748184
10.328506 -5.307679
10.400797 -4.212537
9.889938 -3.936050
