19.770592 -18.691189
8.295459 -13.076024
8.468802 -12.682148
8.817729 -7.558171
3.829538 -7.215090
6.127076 -8.029195
8.997331 -7.861461
8.639771 -11.230233
9.282066 -10.601647
8.887440 -10.443237
8.242556 -9.361189
8.344842 -10.830260
8.462160 -12.175796
7.857455 -10.490695
8.835426 -4.785448
10.834789 -6.273060
3.192341 -7.945772
2.862545 -7.290100
4.288743 -7.609085
7.273071 -7.593043
3.279433 -7.496288
5.974588 -6.367743
4.801724 -8.165805
1.363065 -8.024050
0.476500 -8.989901
1.699170 -8.336184
1.982741 -9.157229
2.090891 -9.125621
2.556498 -9.083557
1.959795 -9.559978
0.713557 -12.281185
0.122884 -9.433240
0.766116 -12.333776
1.983343 -13.349170
5.970570 -16.076714
7.430578 -14.135061
1.457360 -13.241764
2.533440 -9.988291
1.334778 -12.168568
2.484304 -12.609132
3.790440 -15.422189
3.233042 -14.447266
0.680479 -9.926716
1.195870 -10.744484
1.831514 -7.799483
0.744745 -9.058141
0.721284 -10.217317
1.832856 -7.193445
6.767844 -7.180498
7.865924 -5.375721
7.283632 -2.033163
6.959191 -7.081834
9.281764 -7.964704
8.921791 -10.048887
8.570770 -7.200119
8.585865 -10.136724
7.772252 -7.376722
9.248395 -11.858802
6.083247 -17.422445
-0.197817 -13.954122
2.654285 -8.984271
-0.473461 -10.607265
1.710342 -13.487473
9.300067 -16.477343
7.060159 -14.280725
10.912652 -13.470408
12.613523 -14.496177
6.068189 -14.094201
8.246947 -14.048853
8.245794 -10.203336
9.045401 -10.783727
8.396598 -7.934744
6.149654 -7.815017
0.481390 -8.892564
2.361394 -11.080777
1.088449 -14.533092
-0.189993 -15.219370
2.919465 -8.106829
10.815332 -7.120671
10.250027 -5.610662
4.219841 -7.916262
5.193493 -8.137206
4.840838 -7.735204
5.908623 -6.309244
7.648957 -7.375576
7.226645 -6.527198
6.187943 -6.710050
8.353473 -4.733709
7.895183 -10.386374
8.730247 -8.640861
7.951472 -9.605942
8.632017 -7.892015
6.292634 -7.678089
5.961450 -7.921131
2.594759 -7.563076
2.206434 -9.678788
-0.884275 -9.059572
-0.879267 -8.646123
2.083305 -7.627045
3.083159 -8.183839
0.577349 -9.608104
1.213101 -11.043948
2.952564 -15.207503
10.372202 -17.282290
13.153934 -17.100838
12.084356 -15.875600
17.181698 -14.317002
12.288578 -13.977656
9.041811 -13.541101
9.441509 -13.399961
11.990958 -6.852402
9.321959 -6.540740
12.106176 -7.494958
11.687458 -7.017045
10.017414 -6.568640
10.350328 -4.107537
8.775543 -8.469710
8.106956 -10.549431
8.634115 -9.830493
8.004405 -9.935346
8.212659 -14.898546
1.245479 -14.395110
6.289536 -13.592561
2.306341 -13.305964
-2.552702 -12.602241
-0.868662 -10.379109
2.669766 -10.757262
0.717426 -9.177290
1.296576 -5.916831
0.899188 -10.204447
3.530130 -6.899795
10.152194 -5.456838
11.177514 -4.895527
11.014846 -7.684752
9.407093 -5.164627
8.637739 -11.148810
8.666660 -10.493867
8.050328 -11.229068
8.407954 -12.743989
9.568822 -13.956025
3.100174 -13.359843
1.431890 -8.708302
1.252613 -11.598350
2.375044 -8.964148
1.078604 -9.074683
2.209146 -7.210735
3.690878 -7.862231
1.047798 -8.474734
2.585610 -9.032047
2.693690 -10.839393
1.890541 -10.679894
1.094716 -9.484407
1.434603 -8.660643
-0.966910 -8.358542
2.410950 -7.899223
5.325407 -7.345683
8.938479 -7.710679
8.052058 -10.751845
8.446529 -8.533857
9.014675 -9.167288
8.752234 -9.918164
7.386856 -7.319872
9.266356 -7.893513
9.046594 -8.721808
2.203179 -9.929158
2.466016 -9.306005
1.368867 -10.988223
0.325580 -9.685449
2.503722 -10.685105
8.607493 -14.560582
7.880945 -11.010936
13.204546 -12.951798
10.733315 -13.067688
8.560812 -14.213826
8.999324 -10.812892
8.453290 -10.614907
7.872702 -9.124751
15.607082 -14.812154
13.257564 -14.891747
11.017744 -7.664561
9.339807 -8.389753
8.363524 -8.523604
8.395708 -10.667905
6.955438 -7.885302
4.488634 -7.540053
8.131054 -10.219477
11.621304 -14.743985
9.709810 -12.995824
8.954941 -11.699395
9.119966 -14.185721
10.299057 -12.925805
10.251909 -14.278321
11.486396 -14.828153
13.721489 -15.186400
12.753869 -14.761789
8.447748 -10.420022
10.027212 -6.675340
10.253366 -5.814982
12.878787 -13.204841
6.631865 -15.154388
4.816715 -15.164759
7.885303 -12.347309
7.854293 -12.963020
-0.267138 -7.087118
-1.459830 -11.908465
1.279893 -9.973308
6.480559 -13.728934
11.051845 -19.068457
8.460716 -11.637473
9.124784 -6.996554
7.607252 -5.657552
3.226476 -7.127623
2.142825 -8.827040
2.088426 -9.664303
-0.536887 -9.385902
1.914390 -11.222852
-1.133157 -10.094003
-0.599679 -12.093258
-0.432565 -10.528502
8.045358 -10.610917
8.496182 -10.007352
7.900037 -7.191530
10.808995 -5.307538
6.399082 -8.019829
6.110751 -8.045518
5.601274 -8.069554
4.521819 -5.694722
0.266619 -8.688579
-0.896992 -10.517915
2.939920 -13.387973
1.896384 -14.969110
0.508560 -12.162883
2.488265 -9.203914
3.098607 -6.835436
7.122386 -7.553719
3.699859 -8.038360
6.844150 -5.378338
7.414356 -8.009973
-1.308483 -8.310493
1.108322 -9.381122
1.664289 -10.403432
2.009624 -9.395632
1.441021 -9.091981
2.391502 -9.410716
2.525967 -7.541212
0.678001 -10.295264
4.675187 -13.869559
8.167336 -13.743541
9.311337 -9.774037
7.869957 -12.577284
8.173787 -10.893424
7.975846 -4.849493
10.326838 -5.791380
8.322890 -5.576209
5.029416 -6.348068
1.126865 -7.311993
-0.136237 -8.929863
0.452634 -10.450943
4.159554 -6.690739
2.686549 -5.869184
2.698372 -9.695775
2.506135 -10.206684
1.725164 -11.758330
2.064437 -11.740788
3.360608 -17.522005
10.991423 -18.678095
7.747105 -18.368002
4.791963 -15.030093
-0.633052 -10.264157
1.866223 -10.678957
2.392876 -8.638112
1.708024 -8.855247
4.387654 -6.081177
4.873784 -6.375785
5.155813 -7.041825
3.579988 -7.810816
4.084262 -7.035450
3.916945 -6.822444
5.861478 -8.168056
3.021660 -7.156770
6.057952 -8.034736
3.793552 -7.487003
0.372154 -8.415600
2.432506 -6.857678
1.705352 -11.808278
1.422368 -11.183328
1.602091 -9.836551
-0.723710 -11.354522
3.991384 -7.832031
2.303134 -9.262181
2.351832 -8.007577
5.076826 -13.817195
7.166306 -13.297355
11.648348 -13.144242
15.929931 -13.070567
15.219942 -13.348314
15.259801 -9.454515
14.273007 -4.740743
10.729401 -6.903333
13.300346 -7.085012
13.244334 -4.602450
18.402096 -15.508954
14.081538 -16.264042
9.444304 -14.273870
8.545058 -11.990230
5.525590 -14.285165
4.099390 -15.697539
5.621143 -13.233133
6.105512 -13.571583
7.106911 -13.213799
10.833587 -14.675485
2.328336 -10.722026
1.598457 -8.619412
2.341393 -10.290364
7.935900 -9.245051
9.017030 -3.236991
5.044739 -8.057154
4.419384 -8.084057
6.487993 -7.712896
7.842489 -8.199567
8.721149 -11.265010
1.563049 -9.865108
0.756579 -9.234177
0.937526 -10.401807
1.357427 -11.581136
2.112347 -7.928463
-0.033106 -13.651902
1.865190 -15.479149
4.202542 -16.877947
8.870836 -12.199903
10.390945 -14.748466
7.893965 -9.485604
8.076256 -10.329988
1.150595 -9.388488
-0.703700 -9.449489
-0.081504 -7.781042
2.865029 -7.466270
6.441221 -7.526256
9.401175 -4.674305
12.958352 -4.409038
11.570507 -5.086124
8.484738 -6.808362
8.094710 -10.990837
8.435266 -10.426010
8.274765 -11.546903
7.842499 -13.985610
11.479075 -12.976948
11.810678 -13.776883
7.581668 -15.342162
9.114870 -12.585066
4.639166 -16.043287
3.963456 -14.807629
10.002122 -6.900957
10.245004 -7.451524
4.445052 -6.529871
7.634499 -5.437802
7.519581 -5.394988
5.788680 -6.522394
2.600041 -7.572702
2.779177 -9.915264
8.132681 -12.692746
-0.724535 -9.602090
1.015939 -8.427156
1.429781 -11.122663
3.857988 -13.642472
3.254205 -14.180540
0.428371 -10.060551
0.930859 -11.633685
2.677483 -8.932305
0.676025 -11.595804
0.511384 -9.973170
2.791366 -7.653991
4.235817 -7.730114
2.814119 -7.486064
1.538238 -9.421572
0.044524 -9.673156
2.016113 -10.457019
-2.936414 -10.966517
6.897672 -6.229163
7.821374 -7.256638
6.204469 -8.138770
2.715865 -7.734610
0.395075 -11.211064
0.259456 -9.274386
0.236871 -11.822093
-1.273859 -10.514989
1.302492 -11.182220
1.523753 -9.626213
0.901879 -8.702592
2.600875 -10.526991
2.594063 -12.039832
1.527545 -9.380094
4.545457 -5.430619
2.764127 -7.877563
0.985197 -7.459391
2.320045 -7.078840
7.587962 -6.483813
8.564620 -12.483745
8.482390 -9.267064
7.862691 -9.548417
1.804501 -9.545760
0.937187 -9.642396
0.730676 -10.183623
2.313843 -14.566283
0.531570 -11.359779
-2.115637 -11.147879
-2.800315 -10.822451
-2.878060 -11.355697
-1.370334 -14.401144
5.901697 -13.643623
7.417361 -14.086122
9.058825 -15.697362
8.137495 -14.840436
1.086541 -11.674701
1.798812 -8.763802
-0.173677 -8.804002
2.365219 -10.031972
1.796780 -10.494743
2.668456 -9.323962
1.477258 -7.970438
5.117599 -6.852547
8.023210 -7.936166
9.232409 -9.180981
8.894355 -10.407151
8.177636 -12.336978
8.467903 -7.873180
13.600225 -6.036566
16.306412 -9.737094
15.008236 -14.452514
9.524130 -12.952875
12.261724 -15.478365
13.511477 -13.175082
4.400896 -13.464990
5.117243 -13.518338
4.270690 -14.962139
-0.504458 -10.951497
2.582021 -6.730421
5.353705 -6.188518
14.491078 -6.022791
16.971264 -9.461864
9.969089 -4.957012
8.358665 -6.322676
7.863295 -7.934183
8.694980 -13.361406
14.110979 -13.224309
12.280272 -16.590849
13.393095 -14.990825
15.778048 -19.968744
3.519248 -19.945690
2.636981 -16.275404
5.346776 -14.632169
2.297950 -12.244383
2.519060 -12.105157
8.661449 -8.904775
8.221420 -10.824541
7.166603 -17.509398
7.477139 -17.530918
4.902630 -14.517660
5.978589 -19.372814
1.610054 -11.718941
1.273316 -8.049512
0.931940 -10.676471
0.078398 -11.292387
2.306104 -11.796817
1.137395 -11.664735
-0.258684 -11.795385
1.181190 -10.561967
2.611204 -6.824161
7.935657 -6.756853
8.554185 -9.553714
9.139004 -8.775491
8.085817 -12.523458
8.224468 -13.392550
8.722939 -8.577933
8.331089 -8.209688
8.626020 -7.560248
8.332281 -9.735620
8.319585 -6.663063
7.259172 -8.068036
5.493872 -7.122980
5.531512 -7.838701
6.764087 -7.910288
1.710188 -7.799789
-0.779002 -8.084815
2.404435 -8.284358
2.252036 -9.885703
2.628097 -11.381082
2.700010 -8.236306
1.130789 -9.004992
3.696312 -13.893767
5.426757 -15.694188
10.569473 -13.391673
10.338171 -14.851352
10.975044 -14.619742
9.602849 -13.394984
10.997435 -13.722184
13.408216 -14.112477
15.720116 -11.732728
17.146448 -10.668184
11.679362 -4.154639
8.007841 -6.657840
8.616261 -10.925496
9.034161 -9.926314
9.107676 -11.527369
8.805159 -14.167174
9.896672 -15.554038
14.577759 -12.720300
18.295429 -9.087916
16.351713 -12.128686
15.505060 -12.861293
10.191734 -13.229798
2.705641 -8.777883
2.395322 -10.034669
1.775189 -9.379667
1.292918 -9.724200
2.316300 -10.157552
1.187955 -10.539689
2.577920 -8.576032
-0.476151 -9.009140
2.819342 -9.750602
1.409634 -15.647317
6.767769 -14.166175
2.337793 -15.936894
2.175285 -11.799839
2.094196 -9.579476
1.093756 -11.443143
1.079469 -8.245616
4.711680 -8.040746
4.588649 -7.353802
5.993384 -7.711994
4.887607 -7.559467
3.309072 -7.430690
3.215497 -7.273437
2.753814 -8.281165
3.298540 -7.670117
6.942416 -6.715852
9.262245 -8.982711
5.283768 -5.887447
2.216247 -4.662619
2.344206 -4.931496
0.118347 -3.419131
3.038995 4.737533
0.096661 6.705840
