2.711110 -9.793028
1.996598 -6.486553
5.443100 -6.153480
8.615677 -2.348933
7.111459 -1.339674
7.844944 0.962393
3.574210 2.040887
4.061993 3.806294
5.209582 1.190936
4.184229 1.317115
1.767938 1.995998
0.256628 1.211435
0.789809 -0.488492
0.776341 1.311906
0.973749 -0.167010
1.210891 0.132220
0.529221 -0.271523
2.544287 2.068631
2.742331 1.752820
0.836640 1.427260
0.924703 0.277488
1.313231 -0.295376
1.793164 0.722919
1.806153 0.651812
1.420852 -1.474019
1.740975 0.606174
1.686196 -0.087369
1.557152 0.812737
2.928218 2.102819
3.878801 2.265161
3.559952 1.509021
3.374718 1.189189
4.794403 2.392639
1.913506 2.008710
0.521716 0.285129
-0.499671 0.370485
-0.258061 -0.438329
-0.666930 -1.919610
-0.310825 -2.653065
0.108596 -2.907342
0.676210 -3.472516
-0.164715 -3.722639
1.718054 -3.232884
1.482253 -3.550010
2.080076 -4.841102
3.393188 -4.280931
2.865973 -4.442703
0.992157 -5.559953
1.805983 -2.485893
0.627433 1.915535
1.780220 1.529482
1.264572 -3.657681
2.342240 -5.124174
1.305941 -3.425873
1.588702 0.880746
2.973789 2.005294
5.208254 1.379105
5.637036 2.373412
5.217354 3.719668
3.131744 1.078722
5.192831 4.747496
4.923730 8.741868
