1.379432 -13.165718
2.442931 -9.022143
0.985728 -9.076053
0.232341 -9.549972
1.547262 -8.889797
1.247446 -9.607253
-1.424469 -10.059378
0.296790 -14.272473
5.547798 -13.832936
9.392402 -13.049527
5.204268 -14.173100
5.712128 -14.246140
10.473687 -15.819943
5.954345 -14.504666
5.209344 -15.684682
3.595412 -15.221894
1.699225 -10.931415
0.933801 -10.687811
2.644271 -10.582208
2.294603 -12.012005
1.385962 -10.366173
1.459135 -12.303445
1.310391 -9.893640
2.348318 -12.709853
1.803669 -10.002341
-1.216917 -9.390187
4.112176 -7.784474
4.069945 -5.191939
1.957397 -4.476772
0.285160 -2.059000
0.325107 -2.456002
-0.216541 -1.394787
0.811136 -0.926130
1.448101 -0.428366
1.730653 1.400293
2.956890 1.072400
4.341314 1.541436
2.845799 2.284451
2.416940 2.717770
2.718595 3.620177
1.328413 0.841119
1.772630 0.072887
1.294678 3.218275
3.102780 3.452910
3.533904 1.196760
2.956002 1.462991
3.227376 1.353847
6.170478 1.607667
4.723014 1.819614
0.915092 1.873966
2.531623 2.958117
5.031511 1.793106
5.390623 1.218536
4.460066 1.123204
3.001832 1.310798
8.122751 1.695018
7.170053 -2.909698
8.085978 -8.529963
8.479388 -13.557441
9.157583 -12.479930
8.628839 -14.576806
4.983619 -15.721743
0.896247 -12.924516
0.174907 -9.065871
2.574198 -10.399055
2.379066 -8.951501
0.944184 -14.708522
1.560120 -12.253579
0.997552 -10.662059
-0.924827 -10.029692
-1.103598 -7.038487
4.644232 -7.873986
13.409018 -5.902766
7.498633 -8.132102
6.960427 -7.774090
5.417829 -5.306413
4.511272 -7.001562
4.461223 -6.337866
3.990562 -8.064795
5.225925 -6.684974
7.816240 -4.599123
7.181536 -3.065642
8.028083 -4.657627
5.813410 -6.723696
4.788502 -5.957203
3.821085 -7.645362
2.625763 -7.918238
1.695346 -8.848182
2.776213 -8.671214
2.665305 -12.608750
1.995224 -12.964120
1.580685 -12.027884
5.490911 -17.019476
8.363415 -13.511965
7.943851 -12.016637
8.328241 -12.026416
9.591014 -13.392480
5.036981 -16.738819
2.312242 -13.446337
2.762095 -10.539489
1.321042 -9.345258
0.151445 -11.177258
-1.009104 -9.063685
0.934053 -8.392694
0.621940 -9.405843
0.467938 -8.857875
3.096995 -7.983287
4.864950 -8.157055
8.622377 -6.535320
8.439676 -10.712084
8.603062 -9.836771
8.954333 -9.981986
9.312591 -9.870532
8.212427 -11.902787
8.437053 -12.081063
8.843702 -15.663152
5.499567 -13.717935
5.711161 -15.049821
0.585900 -12.529664
0.951303 -9.603507
-3.490191 -9.582043
2.674822 -9.955127
0.786890 -10.824378
2.441072 -10.169334
1.209245 -6.271882
3.917670 -7.041203
1.185426 -8.214198
1.979650 -14.332380
-1.851700 -11.433362
-1.900511 -8.078060
5.223494 -7.561658
7.060721 -7.015624
10.030329 -7.761495
18.459129 -2.754177
