4.324495 11.097217 0.855651
7.915509 9.009148 5.165377
9.184002 13.478204 7.883176
9.922795 11.085652 2.175551
9.043053 14.559029 4.957549
9.984476 16.837118 6.745808
10.858931 18.015450 7.207651
6.322169 13.015673 2.723376
8.010338 12.251986 8.406670
11.070547 14.885663 5.945021
5.756788 10.567484 5.014039
4.781704 12.199514 10.197043
7.957729 8.474652 14.609949
8.795177 4.449737 10.218838
10.631517 7.068488 13.646846
11.744290 15.694919 16.534069
14.489942 16.474226 10.649895
12.886389 10.431576 4.888982
9.548045 7.837799 4.811064
11.110447 6.534473 10.331871
10.175109 7.351501 9.181826
7.632267 4.284220 6.545760
7.229702 7.423398 6.217220
6.982569 10.208278 8.384689
6.872650 6.388678 9.446144
9.275435 3.682215 8.715672
5.048656 1.860088 10.437907
8.829391 9.435565 14.961353
11.324026 8.794611 14.728649
12.275258 4.293475 15.340234
8.104774 5.197689 10.997430
11.421051 9.370820 5.403952
7.591124 9.114187 3.688860
6.289987 7.612016 11.166192
7.765730 9.921128 9.565317
7.281804 8.180646 11.220276
5.824692 7.658493 14.039328
8.586548 7.235742 12.642827
10.745368 5.363389 14.387717
17.810219 18.269979 18.840847
