-9.890943 -10.283291 -12.087523
-9.290542 -9.405949 -5.699985
-9.843566 -11.013773 -5.027201
-9.798087 -11.142342 -6.236892
-6.250371 -7.268064 -5.485820
-8.022694 -6.228385 -8.940660
-6.375883 -7.646083 -4.933480
-6.023019 -8.024536 -3.699119
-5.276341 -5.909676 -0.563377
-4.434343 -3.553525 1.504205
-6.396512 -2.375069 3.539832
-4.024677 -2.986289 0.815352
-7.885842 -2.353259 4.401477
-6.417333 -5.728599 2.704437
-3.082176 -6.652205 2.538099
-1.579997 -4.447951 4.390797
4.093552 -0.850985 3.702127
5.805991 4.935385 5.480582
5.392606 6.909664 13.006308
8.281132 15.757460 13.877454
