12.557206 -18.318542 8.211286
5.539997 -9.970982 0.436131
5.387683 -7.339725 3.604168
2.115265 -9.428025 3.645058
3.320731 -5.793904 2.873593
0.619113 -6.736792 5.398417
-0.114135 -7.116349 4.040623
0.799444 -7.688425 2.844417
4.329102 -6.005463 4.752708
6.703741 -7.555936 1.791662
6.915848 -9.525512 2.428726
2.809370 -8.460995 1.950434
0.112159 -8.007462 4.861186
1.870711 -9.805697 2.461702
2.958989 -8.765232 2.085908
2.142563 -8.717592 2.572356
2.002649 -9.061253 3.193070
-1.783806 -13.722191 3.443227
3.551873 -7.720309 4.176358
7.994478 -12.777157 2.601393
2.214576 -11.875958 -3.816265
5.067974 -11.185991 -5.715337
6.642167 -13.207201 -0.561625
0.178443 -11.508016 -5.168523
-1.226156 -5.373373 -3.476185
-2.172261 -8.155328 -5.467675
-1.372595 -12.990704 -5.490225
2.021782 -9.808554 -3.855399
2.437086 -5.957414 -5.303877
2.883102 -7.069641 -3.621691
3.967065 -8.985703 -4.171467
-0.047418 -10.074175 -3.570383
0.270848 -9.311627 -3.938636
6.060255 -7.548419 -7.472354
5.346823 -10.325459 -1.599334
5.914654 -5.503965 2.430640
1.082791 -2.990635 2.709940
2.966603 -6.990223 3.816854
1.068773 -7.208997 2.508773
0.173392 -8.385324 5.436769
0.934146 -11.853989 2.037401
0.081962 -13.206706 1.675374
-2.433669 -12.597814 2.356369
2.467183 -10.011798 2.383269
1.987011 -14.612842 2.434869
-0.316854 -11.636765 -0.809806
-0.366731 -9.140609 -0.343247
-0.184761 -8.847467 0.293727
-1.992903 -9.080713 0.700741
-2.968299 -9.017111 -0.353359
-5.621233 -7.784678 3.254444
-2.181639 -4.985302 4.794182
-2.637851 -3.159558 2.421524
-4.212357 -5.909719 2.571614
-2.081096 -10.587112 -2.529051
-2.719171 -9.097422 0.388788
-5.290429 -6.527741 -0.106766
-6.260386 -4.316496 0.247272
-5.215209 -3.879953 1.371127
-5.990210 -1.866855 -0.634919
-8.114642 -2.251241 2.117733
-6.120700 -3.276361 1.430651
-4.772825 -5.344646 2.562359
-3.121519 -5.792088 3.471986
-4.684321 -5.268077 2.375726
-5.968866 -3.535933 3.220634
-2.960985 -0.685157 1.230703
-5.086801 -3.767964 1.229684
-4.680318 -8.209525 0.994195
-5.950117 -6.127341 1.485314
-4.914160 -5.525686 3.242259
-2.302397 -8.753058 2.493715
-3.184692 -7.222828 3.097574
-1.506629 -7.992997 5.048785
-0.638871 -6.459688 3.736925
0.591029 -5.787731 2.435907
-0.000368 -4.712892 3.311352
0.711638 -3.559589 3.901001
3.277427 -7.431928 3.228803
-0.549861 -4.717186 3.501499
-5.116685 -4.951709 3.356007
-6.813653 -4.736232 1.386941
-3.813776 -2.065175 1.387971
-2.679765 -2.584628 0.827735
-0.363120 -2.963688 2.113827
-2.685398 -2.040609 0.565200
1.291737 -1.524381 0.783408
3.862502 -4.331344 4.622594
0.942682 -4.955946 3.689166
-0.958570 -6.404264 4.758691
0.954909 -7.155773 2.495027
2.126536 -5.040922 5.241740
-2.712321 -5.453796 4.283585
-4.011752 -6.882641 2.822282
-3.734345 -2.774763 3.793452
-2.716737 -5.427431 3.314762
-1.003748 -6.868671 3.063760
-2.426700 -5.377443 3.009312
-6.085548 -4.482338 2.049368
-5.479437 -2.746465 1.399512
-3.600303 -2.580973 1.270216
-4.133589 -1.845257 2.969463
-2.985282 -4.412956 3.415033
-3.558732 -4.678741 4.302592
-4.913106 -4.019045 4.125476
-4.824214 -6.035824 0.223307
-4.462933 -5.787439 1.046227
-5.075753 -7.302392 0.777766
-5.637633 -9.093922 2.302337
-7.304577 -7.198065 0.190236
-10.404646 -8.909018 5.543623
-18.479103 -15.414264 12.894305
