0.640658 -3.369880
0.045312 -1.249735
1.809310 -2.558697
0.885589 -1.077461
1.508833 0.474011
1.872841 1.390773
2.852659 1.905488
3.953469 1.933816
2.486314 2.471128
1.618607 1.701128
1.673807 0.560088
1.652034 -0.424849
1.450614 1.176447
2.517985 1.186956
4.075999 1.719442
3.224898 1.241214
4.882420 2.690009
4.461242 2.910280
4.165109 1.959174
5.134055 1.675143
9.448829 4.609225
9.574912 1.408636
8.991501 1.450454
4.821313 1.629459
4.185605 2.719224
4.424232 1.343441
10.956175 2.092660
9.079525 1.602077
10.865350 2.805020
7.971195 3.799021
10.113698 1.266834
13.297012 2.895275
12.986160 0.793807
15.159870 3.257904
9.356632 3.602908
9.581926 3.951535
7.909506 3.018937
10.967763 3.235697
12.325811 1.318870
14.973118 2.367820
14.349644 1.639483
19.496759 12.976583
