16.652393 -0.956061
14.917977 -3.330944
13.282910 2.719836
10.289158 3.227932
8.309772 3.318706
9.514465 5.485091
8.614921 5.135150
8.241199 4.658926
9.566322 4.335341
9.729652 2.949289
11.250395 3.687465
11.605042 2.357238
10.219442 1.611044
11.735851 1.337045
8.156103 1.928746
8.388567 1.561961
6.683850 1.365767
5.573704 1.600697
5.620587 1.231896
5.965053 1.308468
9.133616 1.514119
8.902966 2.145312
6.205764 3.383826
6.796949 2.058033
7.077785 1.124716
4.417649 1.070537
3.712182 1.093489
2.787159 1.724205
2.927702 1.400008
1.075779 0.446268
-0.911983 0.589697
-0.469605 0.714100
0.976395 -4.105019
0.562410 -1.685791
1.669488 -0.262445
1.099930 -1.415889
1.219396 -2.092502
1.749983 0.681013
1.195447 -0.628942
2.056920 1.879717
3.640667 1.124302
2.267097 1.867451
2.564733 2.633186
2.074380 1.970608
2.192451 2.015457
3.195830 2.350877
3.787863 1.504308
1.491711 1.046101
1.539132 -2.375850
0.874278 -2.776479
0.905047 -3.464956
1.074365 -3.987155
3.885591 -4.092646
3.430758 -4.738235
-1.109806 -3.295097
-3.663136 -3.872518
-6.844300 -1.360897
