-2.363140 6.574807
-2.224460 9.085399
1.521798 9.376577
3.195417 7.006389
7.455065 5.289672
5.716496 2.815855
10.078115 2.503494
5.774383 3.344902
6.203163 6.487300
4.649988 3.480023
7.339178 1.507936
9.277640 4.633728
8.428749 4.813545
9.371263 3.334614
11.363344 3.561675
11.104477 1.574946
16.832760 2.918598
12.449130 2.228357
8.117716 4.842024
10.838800 1.899608
10.853588 1.372204
12.376825 1.747455
7.448291 2.243290
11.955858 3.436831
13.865902 3.351744
14.743876 2.765405
15.711175 1.658966
15.320258 8.687327
15.675526 -1.643421
15.674515 5.786413
16.185856 8.333487
