13.118727 -14.471991
8.362923 -11.893497
7.559072 -14.001077
7.029897 -14.401564
6.228781 -13.405563
7.426451 -18.897085
8.644583 -8.463010
7.741172 -7.290534
5.188698 -7.028220
0.564668 -8.892292
1.773439 -9.092378
1.617874 -10.793140
2.303029 -9.436790
-0.533361 -9.738986
2.230136 -9.923541
2.119052 -8.715398
1.554324 -8.842744
-0.018802 -10.156843
1.915853 -13.034013
1.995067 -11.397902
0.074358 -10.029734
1.783700 -9.389424
2.672513 -11.847316
0.128020 -12.596395
2.140278 -9.877525
0.468016 -11.029738
-1.762754 -10.293178
1.158877 -10.768960
-0.172668 -8.734792
0.590102 -8.433613
2.628087 -5.161737
3.643557 -7.990026
6.112306 -7.844079
1.850567 -9.216380
1.542859 -8.952342
1.087885 -9.426751
2.662739 -8.568385
1.225666 -10.064174
1.940663 -8.664183
0.686839 -9.285490
0.536862 -10.581262
0.991200 -10.190322
1.597845 -7.790992
2.311234 -9.265285
4.944859 -6.973790
7.549490 -5.884931
3.996882 -7.565928
5.709549 -7.734764
3.640000 -5.443097
2.822886 -6.561139
2.578787 -8.931193
2.897483 -15.652427
8.581086 -13.512875
9.640104 -11.240600
8.005045 -11.754984
7.992755 -11.684911
6.696559 -14.389959
6.408495 -13.841987
6.197468 -13.451132
4.405073 -17.882843
0.770009 -11.565131
1.634325 -12.617879
2.296865 -10.385644
2.150963 -12.310924
2.484685 -14.672005
2.543780 -9.149653
2.092578 -10.980073
1.365939 -11.384248
0.805368 -10.994788
1.479393 -10.805593
2.396160 -11.524259
7.083482 -13.849965
5.936720 -13.533161
0.210420 -12.934311
1.678524 -12.583470
1.025670 -10.539748
1.665769 -8.326007
4.050263 -4.326967
3.013822 -4.422739
2.000090 -5.480904
1.450065 -3.692091
0.836439 -2.300335
-2.261160 -1.682372
1.395833 -2.466492
0.191695 -1.036964
-0.700493 0.409639
1.481178 -0.393551
0.520904 0.871521
2.550998 2.235404
2.992228 1.938494
2.756083 1.066905
4.736942 1.297725
6.484508 3.332379
7.316040 3.055759
7.131687 0.660522
6.785024 3.820827
3.648835 1.361423
6.311487 3.137167
7.762326 1.885736
4.909652 1.164148
7.310641 2.642076
7.197515 -0.011328
7.616978 2.546319
6.078162 1.741161
6.058621 1.446761
8.518966 5.166255
9.352786 4.354075
8.950289 5.342045
10.248703 2.855537
6.130564 5.331010
6.343265 9.956802
6.292098 10.499239
7.187543 11.406992
7.253942 10.763212
7.444778 13.450359
