16.262215 -1.163220
14.197677 0.015966
13.967663 -1.357004
16.433479 4.296248
14.067104 -0.498327
14.427152 2.060480
9.584375 3.319075
4.881455 1.533475
2.388234 1.709648
-6.055215 7.008079
-7.743429 8.165847
-7.789252 8.389071
-10.168145 10.158610
-8.556614 8.877757
-4.654743 7.037292
-6.193170 6.268132
-7.438375 3.720557
-7.296490 5.091049
-7.890027 8.328192
-7.140667 9.714395
-10.969301 9.691606
-13.226522 8.516208
-9.883706 9.152991
-13.905198 11.986107
-14.433678 6.406346
-11.732293 10.524847
-14.494946 11.951945
