-6.442987 -3.756994
-8.390148 1.805976
-10.874551 3.317527
-10.156055 2.920129
-6.550230 2.887010
-7.819374 5.625906
-5.669629 4.401988
-6.896081 5.704632
-5.686227 8.250464
-8.025938 9.787612
-7.516356 8.603735
-11.282743 13.680171
-14.912430 12.390704
-13.578732 5.240622
-16.115944 10.476249
-11.674870 10.111962
-10.806137 10.186961
-10.279268 8.718575
-8.478372 8.777717
-5.559243 10.369512
-7.771905 7.748540
-7.873934 5.520647
-7.642111 5.476128
-6.637176 6.236402
-5.569650 7.417543
-7.108752 6.951174
-7.374988 4.983159
-7.778503 5.562779
-7.114852 3.548516
-7.428953 -0.224787
-9.224444 1.715423
-14.424884 2.886969
-14.147972 6.354531
-8.747857 3.007033
-5.330991 5.974452
-7.297977 7.781492
-6.001997 6.436403
-7.917725 4.063652
-7.411911 4.498469
-7.702270 6.201591
-5.419018 6.179944
-13.124002 10.726084
-8.243635 8.985459
-10.234121 8.840223
-7.282478 6.582718
-7.921220 7.007841
-14.503595 7.316644
-14.910806 8.227425
-16.928671 5.739854
-14.245235 6.690904
-9.204524 10.650681
-8.596179 10.448835
-6.984624 8.090024
-7.133621 4.739699
-6.988395 7.530577
-6.023293 6.662321
-9.415096 9.353852
-8.511274 8.605839
-12.787323 8.967771
-9.504066 8.608317
-11.104605 10.850741
-6.909275 8.069182
-7.106693 6.319129
-6.476782 4.358484
-7.565401 3.423739
-8.729208 -0.354872
-13.021997 10.195241
-13.803984 8.931941
-12.016203 9.446073
-17.560690 13.188786
-13.720892 6.798253
-7.935699 6.830296
-7.963593 10.120212
-9.813656 8.923849
-5.023758 6.273539
-6.417464 5.711682
-10.839987 3.366869
-10.235358 2.717233
-9.618454 2.559856
-7.873173 2.441494
-6.374555 3.808414
-6.439540 8.583104
-7.639212 7.461383
-7.408683 7.855166
-11.449368 8.734165
-11.022622 1.051575
-8.093209 2.744474
-13.028395 5.812236
-13.298488 4.493961
-13.576201 5.259149
-14.996321 -2.790059
-10.179423 1.838970
-12.743430 1.978595
-12.747860 -1.419688
-11.796097 2.109930
-9.084820 2.555110
-10.090429 3.406228
-5.540324 2.786770
-4.631051 3.290171
-4.980247 4.882536
-6.976856 7.422069
-5.500655 8.283752
-4.875126 7.622757
-5.661947 6.504688
-8.333784 9.699082
-9.572495 8.604684
-9.752226 9.418584
-14.437445 8.192203
-13.948370 6.638028
-15.067171 7.510498
-10.798645 9.605278
-15.272963 9.497519
-14.365701 7.617044
-9.147145 9.384830
-6.923652 9.722672
-6.222534 6.864329
-8.087397 8.818024
-8.505827 8.696288
-4.880166 9.673514
-3.818952 5.311000
-7.692107 6.500388
-7.492783 6.446602
-5.471366 4.946362
-7.349756 5.519521
-7.561852 6.458293
-13.048272 9.251731
-8.949915 8.832090
-18.162104 10.345302
-12.777536 9.888436
-12.753818 10.394595
-13.835636 8.858377
-10.790569 8.763862
-11.375631 9.707680
-5.680527 8.559656
-7.217081 7.299432
-7.708260 7.923326
-6.867645 7.749891
-6.195321 7.445298
-9.847155 11.130472
-11.233936 10.592347
-7.125796 9.882241
-7.897984 7.314144
-8.662665 3.398393
-12.129354 3.215684
-8.114241 2.619656
-8.735303 2.137637
-9.152446 10.333076
-10.700874 12.300622
-11.015724 2.353158
-13.817599 6.337103
-13.081434 4.282278
-15.885508 4.040731
-13.529148 3.005167
-9.744354 1.393938
-6.644823 4.608090
-6.023028 9.009865
-6.472253 8.936593
-9.513904 9.199761
-8.538913 10.350131
-7.531765 9.691850
-7.665192 7.231420
-7.121757 5.024888
-7.917334 8.221077
-6.271669 6.401295
-7.354164 6.415709
-7.478420 5.514203
-5.615246 5.726915
-8.848851 9.753958
