-1.648038 -12.581550
1.779677 -11.224898
1.083973 -10.766623
2.707258 -9.566782
1.918430 -10.794600
1.416841 -10.120326
-0.336925 -11.122642
2.065016 -12.500134
-0.508576 -9.722867
0.423975 -8.024989
3.724294 -7.201960
3.532906 -7.688934
3.363251 -7.868181
8.167123 -5.410912
7.895431 -6.906550
9.132941 -14.182142
7.345413 -13.989902
4.572231 -17.551542
6.550131 -13.241245
6.573062 -14.321401
3.899753 -14.349307
1.125016 -12.391191
1.808789 -10.858831
2.279387 -11.123569
2.855288 -7.339084
2.943207 -6.266685
3.917897 -8.036650
4.357248 -6.988955
3.251748 -7.750856
4.371104 -7.039183
-1.106389 -10.927740
0.960432 -12.345090
4.137760 -13.219064
3.703034 -14.278309
8.431563 -12.497813
7.967470 -9.569032
8.657158 -10.293787
9.912991 -12.392167
9.025242 -13.564255
4.149031 -14.512075
8.142809 -15.531470
8.431030 -10.621043
8.567805 -10.681838
10.377361 -17.845377
9.881021 -9.610815
8.726719 -7.919648
5.293483 -6.356422
7.701559 -7.353501
7.617517 -7.875540
5.258558 -7.436496
1.952283 -4.821455
2.018614 -8.804788
1.699120 -9.463818
1.495636 -11.184242
3.068794 -7.151370
5.375854 -7.210051
2.475865 -9.882928
2.005863 -10.338138
1.155737 -11.312141
2.290852 -11.093136
0.590317 -12.440831
2.690446 -11.727582
0.136779 -14.230023
9.438498 -16.763872
11.182232 -13.262393
7.221919 -6.824593
3.889926 -6.620191
-0.588221 -4.676682
2.482378 -9.619042
-0.630903 -11.226712
1.221715 -10.142100
0.600982 -9.915162
2.899228 -13.765212
3.789222 -13.877535
10.337623 -19.874683
8.804585 -11.358613
8.702910 -10.294446
9.245823 -10.453139
9.934504 -13.916387
10.781212 -12.451546
9.513311 -10.674796
9.133052 -11.493314
11.439174 -11.486672
7.325508 -7.210662
12.520078 -14.808588
5.868606 -15.255367
4.987043 -14.126392
-1.582941 -11.310470
1.628073 -10.688163
2.430839 -9.208648
2.253231 -8.126245
5.200450 -7.732613
3.141492 -4.638230
1.613396 -12.481574
2.410735 -11.735398
0.328885 -11.987149
2.821572 -10.612137
1.750603 -11.687871
2.425364 -10.106478
0.553700 -14.620119
3.681809 -16.979174
3.532012 -13.396399
0.306222 -12.554091
0.632258 -11.443195
2.714515 -10.682220
0.778629 -11.243134
1.705187 -9.531407
2.688355 -9.193396
1.198438 -7.486864
4.340442 -7.521507
5.415884 -7.478697
