12.880358 -16.910170
9.981776 -12.461122
10.397485 -15.398571
8.621446 -12.410781
11.298279 -7.793177
4.991278 -7.837400
5.488094 -6.879139
5.049740 -7.079403
6.322717 -6.713770
2.929326 -7.387205
1.403345 -11.603828
2.055572 -11.712724
1.091092 -10.500636
1.930824 -15.368032
6.705148 -14.553580
9.677641 -9.102111
6.396336 -14.042949
8.268194 -12.666955
10.726606 -10.454917
2.070055 -8.657027
4.121161 -6.611877
4.097351 -8.004503
8.156772 -9.368155
10.641725 -11.444636
11.186367 -9.386843
11.063782 -9.648234
8.454124 -8.771272
8.357582 -6.585330
8.651642 -11.832101
3.846246 -7.626918
3.645493 -7.569386
2.748055 -13.383397
7.449407 -6.505678
4.707115 -5.372750
3.909302 -7.308010
7.900837 -9.483778
9.715732 -12.834038
9.718646 -8.666782
5.093240 -13.402387
4.757957 -17.020765
0.133069 -12.529197
0.856398 -10.660550
0.705635 -9.399487
2.404296 -11.602391
2.640882 -8.616123
3.108570 -5.973313
6.255660 -5.534761
8.243233 -7.858696
3.783695 -6.428935
3.345909 -7.034752
3.505453 -7.722044
4.777093 -7.613533
2.286746 -11.375722
8.705035 -11.612569
9.281496 -15.002146
4.683475 -13.228808
10.632539 -11.488681
8.450588 -11.878074
9.511573 -12.409646
7.507762 -13.511899
8.469211 -13.147161
9.070255 -12.820469
9.083709 -8.039295
7.877265 -8.712388
8.359219 -9.301291
11.575668 -8.047021
6.642091 -7.736805
5.841975 -7.470923
4.813029 -7.161607
4.402196 -7.724686
8.361490 -7.836657
5.879472 -6.709630
9.997257 -7.291221
8.294641 -12.325509
8.853227 -13.344237
5.533195 -13.468064
6.151328 -14.386422
10.198929 -12.895187
10.093643 -8.462843
9.306159 -8.463370
8.306838 -9.899274
9.075550 -16.691422
10.063936 -12.536380
10.915685 -16.884081
8.612508 -9.094022
12.163143 -15.645467
8.135384 -11.857620
8.271249 -12.158777
8.281282 -16.014294
4.288545 -18.949293
2.418092 -11.859064
-1.374743 -9.981812
1.148671 -11.472669
1.729664 -9.760930
2.478384 -8.794474
2.668757 -9.499901
2.832222 -8.906960
1.107148 -10.842114
0.224061 -10.002046
1.398469 -8.994011
0.874106 -9.522170
1.969416 -10.994439
2.106201 -8.122714
3.502758 -8.187971
5.387553 -7.594726
8.024386 -7.720628
6.871205 -6.877038
5.202075 -7.290555
3.052445 -5.908508
0.149869 -2.453276
1.437762 0.197823
1.653658 1.513252
