-13.028237 1.924887
-10.304287 0.911739
-10.166677 1.721996
-10.648331 0.316576
-12.683260 -2.214120
-9.445329 -4.284724
-6.912219 -6.448587
-8.115019 -4.997048
-5.866093 -4.888722
-5.616117 -5.736400
-1.899519 -2.945777
-4.456573 -1.769748
-4.517818 -3.770591
-3.980305 -1.486073
-4.461236 -4.642579
-6.067592 -5.442188
-5.564733 -4.537974
-5.525436 -5.701435
-5.402721 -4.038240
-3.025585 -3.297554
-3.808014 -2.491886
-4.046779 -3.670179
-0.992397 -2.556341
-2.024771 -2.362470
-3.705432 -2.401198
-1.978742 -0.591925
-4.396244 -2.567751
-3.540112 0.690618
-4.218202 -0.927091
-4.596020 -1.139489
-4.092511 -2.546264
-3.166318 0.796890
-3.689727 -0.191088
-3.266747 0.069202
-4.250794 -1.244480
-3.693266 -4.452526
-9.104923 -5.364456
-10.322949 -3.209955
-10.500706 -1.471112
-12.629313 -0.816466
-10.364593 -3.716076
-11.219490 -3.352693
-9.552233 1.532374
-9.275652 1.514719
-11.569073 -1.220551
-10.698694 -2.554882
-9.568785 -6.069111
-5.493608 -4.300984
-1.838940 -3.633818
-4.181473 -3.165530
-4.388015 -3.269330
-3.242213 -1.256638
-2.530601 -2.657524
7.673117 0.839119
10.956031 -0.657425
17.817757 -0.093833
