2.994071 -18.689909
0.886385 -12.868049
3.607872 -12.063462
5.879158 2.285049
4.487602 4.264699
5.205212 8.245564
5.825746 8.701587
4.938655 8.766855
6.204573 8.655603
4.765097 7.570024
4.542876 9.370887
6.268710 6.833204
4.500970 6.609362
7.388645 3.444757
9.772184 5.425738
12.756083 4.390240
11.739930 7.077297
9.047091 4.586473
8.907572 4.403762
13.349377 3.648681
11.094368 3.014288
11.098495 3.926702
9.670095 5.182477
9.065614 3.904264
7.459493 4.786159
6.205601 4.859694
4.943408 8.003409
6.708555 12.161642
8.659109 12.985392
9.879610 11.459044
4.806421 6.025391
2.488645 4.158237
0.828221 5.782484
-1.075210 6.303588
-1.682040 7.861157
-0.315306 5.384143
-1.215207 5.216035
-2.028055 13.409070
-2.877728 8.418660
5.441536 9.247312
6.444890 7.097688
6.160593 8.305217
5.979863 9.527907
5.400056 7.312290
5.921581 8.036613
8.189508 4.629575
5.382792 5.366137
7.273350 4.823901
7.157023 1.656642
8.652915 5.223200
5.025765 1.412136
7.231399 2.471234
10.004160 5.124529
8.292755 4.645270
5.562482 4.248672
4.826762 11.138995
4.469656 9.320842
6.044564 9.274147
4.666223 7.467052
7.622942 12.761589
6.639049 14.072288
6.328185 9.792965
6.350243 5.397996
7.617293 3.922617
9.444426 4.396751
7.034615 4.290117
7.391013 5.021308
6.715980 4.086992
3.723766 3.353074
4.352082 2.943207
2.202535 3.849108
3.950624 3.378756
7.062521 4.506035
7.273063 4.204976
9.594482 4.104321
9.771682 2.427176
11.060562 4.833415
12.251611 6.123194
11.650639 7.710767
13.529241 8.066716
9.778414 2.313175
8.412090 4.451577
8.828348 4.279746
9.035168 3.178695
9.413614 1.906778
7.236777 2.054933
9.642133 5.472709
8.157927 3.072206
9.317542 4.431724
8.049123 3.207702
9.162424 5.361173
4.500905 1.987675
6.266220 6.429409
4.940010 6.361985
7.001954 5.294663
7.829184 3.518313
10.390043 3.831866
9.196674 3.504513
10.120603 3.134402
11.080742 5.297122
12.926975 3.620539
11.793014 6.547076
12.951162 5.717908
9.988235 3.866142
10.629971 4.102734
10.421076 5.184284
9.671316 4.740486
8.401146 4.260953
5.205409 3.790521
4.707481 8.423676
6.622629 2.670936
6.551916 1.127952
6.938708 2.630497
6.328713 4.600555
5.587355 6.998855
6.974852 4.555717
5.164801 5.679959
7.550153 5.074745
9.610695 3.566984
15.304721 7.289445
12.749491 5.797381
11.336144 4.953380
11.186871 5.460380
11.327573 2.270667
9.751035 5.443596
8.862118 4.157582
9.098612 4.530221
7.907711 5.420011
10.101301 5.099662
11.633184 5.386822
8.072793 4.390359
7.472892 5.078866
6.724112 2.438874
5.781527 6.462932
5.080146 5.922431
6.088666 8.189063
5.929268 7.122890
5.132964 6.907387
5.589358 9.102805
6.045055 9.909389
9.694998 11.579380
8.721819 12.482600
9.068461 11.215548
8.936735 11.250047
11.474989 17.372124
