18.317451 0.389203
8.101061 -0.380141
4.534425 0.404832
3.566546 0.314645
-4.140203 0.513594
-4.373974 0.159319
-2.428300 -1.299279
-3.536477 -2.235155
-3.139761 -3.892607
-5.715392 -3.908787
-4.272595 -5.236545
-3.626089 -1.986562
-3.570092 0.572187
-9.949514 -0.092450
-8.502298 2.093167
-10.111735 8.866870
-12.284210 9.162506
-5.216380 6.560385
-7.030757 7.352051
-6.812678 6.479358
-5.270518 9.190946
-6.599742 9.445543
-5.034209 8.719654
-6.573119 8.199482
-8.722987 10.441705
-10.747422 9.858378
-7.835227 7.405031
-8.211649 1.489305
-9.534958 2.262363
-11.318401 2.723093
-10.416968 1.768839
-10.073739 0.749604
-8.303564 2.400963
-10.098009 1.306726
-10.049358 1.494193
-10.158302 -3.772146
-10.496436 1.475989
-13.676822 6.579719
-9.106866 2.078516
-12.477388 3.020057
-13.430283 5.799911
-7.883116 6.096203
-9.406359 10.081946
-7.309058 8.233310
-5.997963 8.930004
-6.201276 9.183642
-6.603553 6.645800
-3.190421 8.421937
-5.002444 8.508387
-6.359990 8.582394
-4.113668 7.418570
-3.958877 8.571268
-6.702926 7.172348
-3.263984 7.491164
-6.027106 6.946643
-7.477225 7.370609
-7.916885 6.326814
-6.260815 7.634484
-7.487284 6.504835
-5.115611 6.806385
-7.362318 8.016887
-6.992309 8.624880
-9.399392 9.260539
-5.695750 7.749986
-7.910012 6.475336
-6.848542 8.538330
-5.665467 11.499396
-6.831333 8.557357
-6.631270 8.333953
-4.293243 10.595917
-6.747294 8.471841
-7.917311 8.436376
-15.738190 12.677167
-10.723272 8.927110
-7.970035 9.490334
-8.390904 3.465061
-10.474827 1.457903
-8.674925 3.319409
-11.263818 1.850355
-10.889411 3.242828
-10.563069 2.514596
-8.337030 3.349002
-8.249416 3.154373
-6.092465 6.387638
-4.756178 8.500854
-2.807429 6.403899
-2.584107 7.712489
-5.843183 7.735331
-5.343241 7.475008
-6.039388 8.027288
-5.195676 8.230018
-5.089217 6.408144
-4.088408 7.189679
-3.351820 9.900801
-3.247200 7.395504
-1.920912 5.617865
-2.142199 6.301740
-7.925866 6.759632
-5.381863 7.363007
-4.981150 8.452644
-6.621264 6.836358
-5.559341 8.331642
-6.449934 8.819211
-4.490245 8.656707
-0.345590 5.089818
-0.236939 5.332930
-2.469555 6.169250
-2.428854 5.360625
-2.464276 5.343206
-1.895209 8.311376
-4.504250 7.107395
-3.637417 6.588904
-4.706932 6.944996
-2.989903 7.657122
-3.221318 7.436539
-3.506388 8.165995
-3.337226 7.240549
-1.693526 9.970424
-4.597299 7.738491
-7.613919 8.420831
-10.279629 9.669719
-6.952259 9.077487
-8.015673 10.015944
-7.572314 6.960428
-6.271818 6.415735
-5.706775 7.340102
-7.003543 6.914533
-7.949371 6.180996
-7.578297 6.139847
-6.063317 7.601713
-9.501188 9.306727
-6.117837 7.612658
-5.808138 6.558996
-6.643916 6.550374
-5.886899 6.866097
-4.151535 7.764548
-7.342680 7.142633
-7.577745 8.215228
-6.373920 6.466545
-1.641486 6.778785
-3.753225 8.645896
-6.848485 6.620947
-7.948595 8.354184
-8.384524 8.725125
-9.800084 9.142324
-9.977395 9.637981
-13.126937 11.550250
-11.526271 14.558248
-10.793844 8.566682
-10.452196 9.634896
-11.893108 11.709567
-13.609465 11.950972
-13.653700 8.402952
-15.085992 9.731627
-12.642200 2.589287
-12.332261 1.830260
-11.081030 1.509049
-10.939583 1.703396
-16.713539 -0.529769
