10.163371 18.574364
6.693989 14.252327
5.627706 10.885285
5.540271 5.653080
8.299967 4.700739
4.978678 2.230015
6.016212 7.786712
4.748512 7.041733
4.617230 9.527593
5.477427 6.911127
4.503393 5.957421
8.780973 5.316680
10.248084 4.602571
8.856701 4.095283
7.843546 4.481966
8.424509 4.983756
7.880200 4.141020
4.938847 5.548944
5.290317 8.650155
5.673622 11.217612
3.262549 11.205265
5.179606 11.046054
7.881904 11.149154
4.163535 11.050591
5.548448 8.586585
5.396344 7.674139
4.628727 6.249735
3.100886 5.756175
-1.805006 7.630007
-4.078605 10.639103
-1.204996 8.395798
-1.801581 9.131268
-3.168305 11.529128
-4.443643 7.481969
-3.361564 9.530675
-3.377596 8.571975
-1.021662 7.684082
-3.595819 7.611766
-3.117602 7.596325
-1.135901 10.014434
-1.472779 10.102736
-1.325714 8.685104
-2.317075 11.655337
-0.974852 8.094230
-1.997084 8.151886
-1.078725 8.055187
-0.406861 5.123384
3.302639 4.894266
1.789125 4.341652
3.511969 5.273652
0.585450 3.149572
1.867015 5.234096
2.396289 5.312586
1.422886 5.464131
0.941197 5.860311
0.096795 5.217344
0.797459 5.801325
1.025358 5.054828
-0.502773 4.453941
0.941750 5.819396
-2.063739 7.045871
-4.056484 6.693179
-4.559619 6.533465
-1.520466 7.820474
-1.098453 7.637693
-2.022167 9.487096
7.018912 11.352649
5.206336 7.300491
5.457081 6.798435
6.324384 9.749796
5.731430 11.453269
0.066337 11.412715
0.177303 11.282208
-4.469244 10.098134
-1.507053 8.398979
-0.827525 10.260564
-1.033690 9.575624
1.810495 5.843111
0.841804 5.669713
4.736847 7.296328
4.422489 8.192128
-3.781541 7.397559
-3.398450 7.318846
-2.514957 8.948226
-1.854966 8.555072
-0.805833 12.867816
-2.223144 8.176338
-2.053319 11.360924
-0.688238 13.461047
-0.101380 11.146340
-1.449187 11.734674
-2.017474 9.721512
-1.480624 11.295512
0.169287 11.598701
-0.967931 11.274373
-2.074619 10.112844
-6.409050 14.544993
-2.878139 12.447437
1.331264 18.237085
