-14.212807 6.467366
-14.094252 10.368875
-9.107553 9.624602
-6.768212 8.899703
-1.715629 7.239363
-2.271957 8.422740
-0.026001 3.514777
0.494191 4.321504
1.239473 4.963407
1.947978 2.665529
1.968214 5.159997
0.300858 5.268251
4.003042 5.580967
5.448695 4.351120
5.229015 6.333809
5.176847 7.487516
4.750618 8.087892
6.232205 10.505519
4.380660 10.912189
9.824541 11.791229
9.538668 10.671949
10.327330 12.076501
12.472326 11.156002
6.617977 3.486603
7.252864 3.350917
5.579635 5.102702
6.089917 5.225933
4.196875 5.908224
6.397748 5.188651
6.625263 5.127578
8.165216 5.513069
5.270654 3.404834
7.826609 5.291838
6.497157 5.324356
5.886581 7.407388
5.111785 4.483071
4.727272 3.344353
4.691979 3.004146
3.535165 4.046233
5.295993 7.197569
4.942249 7.027131
5.132183 9.318780
5.486207 8.947182
6.328476 10.812104
5.130999 5.729496
6.469836 3.661971
9.352390 5.536018
9.757191 3.720034
8.612386 2.789497
9.105437 4.061539
8.997571 3.811461
11.960165 5.229758
11.602058 7.241571
12.862751 9.270038
13.029210 10.187181
12.879091 8.987959
17.576740 5.520312
10.999409 5.247628
8.085401 3.355694
9.280308 5.609725
10.707952 4.732975
10.526009 5.581679
10.091647 4.735843
10.978389 4.034311
8.064744 4.081136
12.204180 3.851737
12.012472 9.709978
11.702513 15.175200
6.197428 11.397167
10.550465 11.632222
12.701557 10.350597
11.596605 3.369029
15.018726 4.533499
11.186325 5.406510
12.204746 3.087877
14.356549 9.197592
13.411324 8.425559
11.639915 5.786087
11.623744 5.652396
13.904259 9.675107
11.623789 8.734050
16.246939 12.554396
