11.726883 -6.733435
9.578999 -5.894150
7.094037 -5.135164
4.645035 4.977251
5.916797 6.166017
4.919859 8.212667
5.815261 11.427570
5.842176 10.387645
4.509780 7.591290
5.326119 6.139657
5.634406 5.679048
3.128630 4.380874
2.526762 5.863118
8.227312 4.129822
8.783329 4.506941
7.252767 5.407659
7.770195 3.677297
8.241930 3.408952
8.964650 2.237768
8.533175 5.023913
6.191354 3.352361
4.741960 6.481893
6.491643 7.182610
6.308342 8.885268
4.646183 9.868748
4.779839 6.430155
4.469043 6.715627
4.857699 6.370945
6.360114 6.938307
5.147653 5.099346
4.748574 4.317726
2.080484 5.265629
1.626115 4.831006
1.843671 4.651839
3.312958 4.566257
4.288044 3.606016
4.344966 4.909578
4.593648 6.404774
3.241807 3.810960
2.497282 3.592882
0.580031 3.556523
0.740373 5.400201
0.092659 5.258380
-0.040006 5.740686
-1.608520 5.885173
-0.472052 5.280136
-0.786041 7.410058
-0.950024 6.460755
-1.423663 6.758594
-2.277268 7.850464
-0.303044 4.062771
1.568642 5.375477
2.576216 5.539137
1.910727 5.493299
3.158165 5.516295
3.947227 5.661693
5.280231 5.911852
2.493321 4.967893
3.601617 5.331544
5.737746 5.838444
2.809139 5.906463
1.690893 3.794927
-1.345083 6.364354
-3.317331 8.472331
-2.667096 7.308079
-1.088069 7.040352
-0.832654 9.936728
-3.303666 8.248336
-1.940875 7.589968
-2.759617 8.192470
-3.377677 6.885074
-4.621974 6.895418
-5.182457 7.247687
-4.930974 6.871203
-3.826677 6.404139
-3.061115 6.628425
-1.757383 4.351525
-1.064887 4.798652
-1.353219 4.396839
0.233771 3.778714
0.739836 5.945278
-2.153377 5.042027
-1.353120 9.284804
-0.716031 10.147099
-4.544380 9.983777
-3.420888 9.826777
-1.780205 10.220128
-1.494666 9.011297
-1.784894 6.599390
-2.360857 7.893974
-0.613199 11.092930
2.568218 11.094272
2.203021 11.117202
-0.990629 11.109578
-3.238473 9.679233
-2.092778 12.887366
-0.727111 9.319937
-0.768557 5.991453
-0.125397 4.496979
1.962773 3.046023
-1.472839 3.956142
-1.140742 4.849766
-1.008363 9.096926
-1.459191 9.531063
-2.247094 11.254306
1.012870 11.168492
-5.231120 12.087147
-3.372416 15.325974
-0.853130 14.392081
-0.334112 11.641080
-0.206120 14.452147
-0.117646 15.678057
-0.498829 17.729364
