-14.877919 -19.963392
-11.104702 -10.447193
-14.210335 -7.041485
-11.573551 -6.497101
-11.945820 -1.822416
-9.032063 3.421469
-8.314075 3.460999
-3.606920 7.675171
-3.319116 12.587723
-5.660985 11.184258
-6.497550 8.796250
-7.199400 7.282760
-6.127618 9.309798
-9.560904 8.755910
-6.224441 8.439352
-5.096829 7.118176
-5.699647 7.301040
-5.713123 8.547198
-4.726254 6.483820
-7.448635 6.863524
-5.092220 6.869318
-2.701134 7.329121
-3.548018 9.603075
-3.319775 8.889927
-3.997973 9.771073
-7.649374 7.776202
-4.260561 8.234392
-7.619198 6.947106
-4.152526 10.333661
-6.265412 8.327358
-5.691564 8.079375
-7.679089 6.503247
-7.471620 6.646628
-7.720222 6.408130
-7.447103 7.448858
-3.135878 0.696205
-2.999545 -1.294745
-3.380264 -1.541194
-4.049324 -1.032993
-3.796775 -1.438061
-4.074715 -1.533867
-4.333933 0.266044
-3.819707 -0.849560
-4.090127 0.259526
-4.334949 -1.088290
-4.352871 0.426695
-12.274988 0.319122
-11.856362 2.836304
-9.689661 -0.478886
-7.751256 7.193493
-7.837048 7.580411
-10.130833 3.367735
-8.722744 2.851525
-10.811834 0.361091
-9.035106 1.381705
-9.002218 2.014984
-10.410549 1.369807
-10.043479 2.379367
-8.191385 9.510388
-6.676754 8.985863
-7.592824 6.932039
-7.929545 7.331695
-6.522281 7.579679
-7.034438 6.585479
-6.494656 8.562339
-0.650689 3.418004
-1.548311 1.913595
-0.009174 0.774891
-1.811987 -1.042636
-2.308703 1.306424
-2.453607 -0.429571
-1.340652 -0.047003
-1.677531 3.317932
-2.437230 -0.139949
-1.523155 -0.759495
-0.929153 2.651348
-1.797590 1.460773
-2.783100 1.162565
-2.854247 1.273201
-2.031001 1.099571
-1.854219 -0.292601
-2.437844 0.551852
-1.541859 1.153011
-0.930432 1.503393
-8.187518 1.783628
-8.454703 1.403808
-12.255154 10.464816
-16.412983 12.290189
-6.302737 7.364192
-7.430000 8.793104
-10.709425 10.643279
-7.634742 9.815606
-5.696102 6.596798
-7.374259 6.607713
-7.592527 7.102378
-7.463607 6.391708
-6.790154 6.921296
-6.457779 7.604968
-4.666665 6.551918
-4.127851 7.007745
-3.008698 7.169257
-8.266525 11.267739
-10.824295 10.022327
-11.210350 8.713610
-9.507675 8.959757
-7.205255 9.201951
-3.857970 7.706016
-2.961186 7.277200
-5.872752 6.911963
-5.695271 8.045240
-4.942266 8.486431
-5.273480 8.452658
-7.801140 6.414228
-6.090038 8.640590
-4.382610 8.692792
-2.403663 16.362020
