-2.196335 -12.823662
-4.563884 -9.849608
-8.552958 -6.705709
-3.919518 -5.586021
-4.426531 -2.076622
-4.527408 -3.708102
-1.231643 -3.346177
-5.732452 -4.204243
-4.765753 -4.674190
-3.638141 -2.520821
-1.447907 2.520325
-1.557890 4.653280
-1.910317 7.208108
-5.997522 7.615063
-7.463216 7.659345
-6.650287 7.699358
-6.740511 7.946781
-6.900527 8.151945
-10.755058 9.587449
-12.322649 9.571523
-9.766512 8.796184
-12.020016 10.595830
-8.294817 9.087321
-6.270103 6.646317
-6.967653 6.735293
-7.859254 6.843874
-5.734088 8.211187
-8.514700 8.693381
-4.624878 7.884591
-3.175769 7.738627
-10.657068 8.949169
-14.100060 11.138891
-14.081203 7.360997
-13.535004 7.637117
-13.269943 3.444597
-10.923415 2.279356
-8.544026 1.201903
-8.230110 1.631440
-11.034901 0.660669
-10.035280 -0.354700
-11.708544 2.294993
-9.472790 1.880906
-10.365713 9.872194
-13.454149 13.440820
-6.800749 6.479957
-7.803337 6.630099
-9.799235 9.334306
-7.160963 8.182965
-9.391975 8.755249
-6.775961 14.414168
-8.195309 10.249987
-7.799127 7.453144
-7.380685 7.824543
-7.331876 8.694507
-12.289654 8.958309
-8.941672 8.690431
-6.557508 11.830300
-7.191194 10.799136
-9.773190 9.125045
-9.871833 10.720641
-11.783384 11.994806
-7.073374 10.293471
-7.225926 6.485633
-6.303589 6.474501
-6.815585 7.148686
-8.096965 8.951423
-7.601086 10.957053
-10.751074 9.199377
-6.073001 10.499301
-7.638908 6.094564
-7.091017 9.412399
-3.504491 6.770974
-4.762422 9.340952
-5.858209 8.053183
-4.826736 6.576080
-4.357648 6.787111
-6.103812 7.441545
-5.529291 7.039844
-6.842175 6.932782
-5.628181 6.361916
-7.674318 9.660066
-5.841756 7.717938
-5.478543 6.766094
-3.827923 7.900187
-3.637372 9.408425
-5.978647 7.350407
-8.784833 10.907590
-12.082143 9.144773
-8.254401 9.374539
-9.545283 9.855339
-5.767406 6.952514
-6.484234 6.663566
-8.905975 9.887971
-5.470094 6.397245
-7.603417 7.066020
-6.463904 7.194254
-7.614671 10.607177
-9.099615 8.823435
-7.072497 10.497827
-10.088919 11.907922
-7.698711 9.926600
-7.660085 10.305715
-5.607410 7.657541
-10.272569 3.443704
-10.068744 3.223076
-8.673863 1.285095
-9.785021 3.362968
-9.029940 2.163183
-9.639425 2.659285
-10.447929 3.149924
-4.409698 6.479085
-6.887731 8.366134
-3.836358 6.834543
-4.865480 8.053782
-6.648636 8.463239
-5.300483 7.589365
-7.126076 7.954806
-11.348217 8.923312
-10.705578 8.513091
-10.216269 8.786985
-8.796545 8.627320
-11.558060 10.068871
-9.704742 11.916761
-7.399946 8.120728
-7.426592 6.918434
-7.083622 6.644413
-11.495657 2.109819
0.536291 2.529290
-1.176611 2.322062
-1.218753 4.647624
-13.848127 4.965930
-8.527258 2.504955
-8.995562 9.408560
-9.734745 8.772220
-7.512028 11.443910
-10.410703 8.911883
-13.475934 7.248633
-13.569489 7.838105
-14.428030 4.970194
-15.491698 6.320436
-18.293051 4.908552
-11.562745 2.903506
-11.236082 3.380507
-6.466898 8.364835
-8.876068 8.908893
-7.070731 8.070903
-5.950368 8.473561
-6.979735 8.151553
-9.960896 10.409547
-5.533677 8.078185
-6.580635 8.685381
-7.487392 7.333701
-7.445435 7.316782
-6.659789 7.784443
-7.656118 7.962195
-7.840567 9.223880
-6.421347 6.804242
-8.478554 9.269002
-8.723558 9.672261
-10.535096 8.593466
-13.511618 10.198676
-11.565435 11.556612
-9.920987 9.968895
-10.580715 11.740764
-10.871488 10.663135
-9.142721 8.904664
-6.404876 11.861780
-7.947208 7.085105
-7.750830 7.531514
-3.359951 6.315157
-2.670687 6.674844
-1.027317 4.176105
-1.568600 3.738084
-1.638408 3.998630
-0.348913 4.695901
-1.215408 3.638089
0.348571 3.162015
-1.121002 3.471295
-2.403719 4.744810
-2.315924 3.249997
-1.870930 5.824138
-2.502388 8.382854
-0.913763 5.534955
-3.954765 7.691265
-4.374348 6.814888
-3.873762 6.801663
-3.458975 6.895605
-7.666309 6.871378
-7.534029 6.804572
-7.409903 8.493056
-9.637568 9.914281
-10.412940 10.500774
-9.758554 8.589165
-11.291659 9.132463
-10.127760 10.863451
-8.491200 9.104664
-10.571932 11.160782
-12.660703 9.673805
-13.867197 5.226845
-13.368767 4.030022
-11.939337 -2.571045
-11.918528 2.541702
-9.099392 2.331907
-9.442865 3.311917
-11.297856 2.225497
-10.468048 2.167848
-9.421295 3.222493
-10.566677 1.460352
-14.313009 7.261076
-15.703222 7.053512
-15.205399 8.934537
-11.789992 8.785117
-9.080121 8.569293
-8.193782 9.683808
-9.011828 8.859551
-8.169565 10.027148
-7.223410 6.314543
-6.916320 9.068624
-6.331223 6.955474
-5.886209 6.399375
-7.166526 6.565580
-7.566076 7.920251
-6.855123 7.897157
-6.661828 6.705058
-5.344591 6.691079
-5.389220 8.211776
-5.257883 9.278238
-4.772909 8.550864
-8.608714 8.673270
-6.949935 8.578052
-9.446001 11.252347
-9.241707 9.810084
-8.630315 9.013761
-10.116539 9.371949
-7.912230 8.726000
-7.802979 7.209811
-5.755286 9.300829
-6.748673 9.644051
-6.750134 8.902537
-7.402481 6.467409
-5.458772 7.657661
-6.498455 8.316547
-13.966035 9.901509
-13.069382 7.379076
-13.217609 3.191619
-15.275951 7.783149
-10.657576 9.226027
-9.561357 8.664336
-12.244534 8.634766
-9.613881 9.254647
-9.180612 8.806104
-7.571325 11.829254
-7.225117 7.455474
-5.902310 6.514700
-6.258660 7.675508
-8.597308 9.000276
-8.722299 9.957093
-5.175416 6.626892
-2.179849 3.602703
-2.172506 5.775152
-1.593306 2.416442
-9.239301 2.262133
-12.574187 -3.306557
-11.177687 0.840294
-15.790189 6.781083
-13.102100 6.638779
-13.190664 5.797166
-8.355315 2.598798
-8.558775 8.681674
-6.470529 8.231606
-7.475368 8.227374
-10.193607 8.532975
-6.951478 10.270464
-7.782987 9.358393
-9.240896 10.874993
-8.899894 10.566825
-6.248719 10.540302
-7.474658 7.343974
-8.366556 10.583119
-8.859245 10.476665
-9.519487 9.133193
-4.803671 7.765382
-6.294452 8.098755
-4.914095 6.708632
-7.110728 7.039226
-14.961357 6.037536
-16.463207 6.531220
-14.594256 7.092685
-13.776347 6.163457
-13.302305 8.632343
-11.356500 9.219436
-12.990240 11.626096
-9.332684 10.236662
-11.451601 10.255719
-11.154045 10.062415
-8.329481 9.177379
-11.588812 11.660030
-7.419640 9.130818
-7.867119 6.693025
-5.563372 6.641163
-6.243046 6.885808
-5.401748 7.997659
-4.026901 8.896133
-5.452905 6.312932
-7.364054 6.820797
-5.333677 8.832796
-9.019420 10.941718
-10.776284 8.762547
-8.074162 9.209528
-8.845995 11.530448
-7.533251 8.824078
-5.776419 8.358279
-5.234594 6.881981
-6.535762 8.923840
-7.508222 7.261534
-8.288677 3.346435
-6.617570 6.910556
-3.741170 7.113069
-4.121208 7.079874
-6.258483 8.085900
-4.096669 8.484150
-4.035974 7.912965
-3.338327 6.919959
-2.751507 8.648417
-2.757478 6.686871
-2.944329 6.510451
-0.213894 5.511653
-2.102157 5.299127
-2.466280 4.598636
-5.603455 6.770530
-5.069290 6.382611
-7.144829 7.759382
-5.966999 7.999246
-7.357970 7.808807
-3.626765 8.254035
-5.490530 6.867539
-4.312658 6.950349
-4.294844 7.613033
-4.626380 7.521058
-7.875121 6.602059
-7.341565 7.536591
-5.873856 6.620107
-7.301929 8.625169
-6.302927 6.874517
-5.221040 6.837585
-4.434393 8.030973
-8.704006 3.228101
-10.496624 2.126118
-9.456204 2.777685
-10.631520 3.483486
-10.076690 2.291708
-9.928106 1.788428
-8.851783 2.602348
-12.598850 -1.347844
-15.858662 7.797807
-13.826406 5.940063
-13.017461 7.974693
-13.092268 6.549417
-13.956987 7.541386
-7.758314 6.499364
-6.995109 6.456743
-7.400771 7.549796
-7.114177 7.233518
-7.725277 8.076458
-5.682709 9.470457
-8.128675 8.522304
-8.084067 9.313200
-7.176292 8.459682
-5.975995 6.492325
-8.800537 9.678654
-10.041832 9.335438
-12.090082 9.394098
-8.967845 10.381402
-11.115564 9.048095
-11.448828 11.594388
-16.827272 6.876340
-16.201677 6.229397
-12.727446 2.392472
-14.852633 5.108765
-13.555964 4.353034
-14.342103 3.570977
-13.098810 5.755570
-13.628964 2.748991
-14.054697 -0.406535
-11.648874 2.756317
-9.637323 2.557288
-8.955103 2.101563
-8.595657 2.551536
-9.799303 2.287027
-10.229985 3.203414
-9.657074 -0.850623
-10.794550 0.275470
-10.708001 0.651601
-13.241114 -1.425339
-9.444340 1.359365
-8.665800 2.957606
-9.108913 3.405555
-8.113167 9.303638
-9.902555 10.519512
-11.348494 10.403120
-6.807267 8.914330
-5.017965 6.549759
-2.989918 7.191082
-3.890810 7.407001
-7.806036 7.027356
-6.917222 7.701965
-6.479788 8.668646
-6.328826 6.518546
-5.864709 7.339823
-4.208625 6.510234
-7.354363 6.592190
-6.250186 9.084723
-3.705011 7.063745
-1.307980 7.253726
-4.163327 6.576935
-6.934544 6.677973
-7.818189 6.384047
-7.156417 6.694781
-12.183802 8.503732
-10.052259 8.505782
-13.538068 6.238677
-13.130877 8.926649
-9.942905 9.633663
-11.934648 8.686847
-9.162206 10.042548
-10.567123 10.482980
-14.013645 8.389050
-13.107206 5.869142
-13.508795 5.029108
-18.118031 6.919670
-13.224516 5.817449
-9.782249 8.932467
-10.058720 10.030078
-8.942621 9.453001
-6.219580 9.090028
-5.776271 9.863875
-1.492150 9.542575
-7.469170 8.312169
-5.697192 6.906002
-3.927096 9.360769
-4.645486 7.416107
-5.511875 6.891350
-7.617714 8.187931
-7.841938 6.993392
-4.479033 6.461542
-6.412068 6.563169
-6.090534 6.480698
-7.598127 7.930407
-6.857909 7.890035
-4.633442 6.667288
-8.410027 9.695413
-10.341416 8.571644
-7.128567 10.393194
-5.271795 9.404236
-3.912881 6.595430
-5.135594 6.637420
-7.494869 6.430198
-10.201247 9.329997
-5.471919 7.115384
-5.051057 10.280820
-11.453884 3.355267
-8.446858 1.850711
-8.925253 3.273891
-11.919910 2.476182
-9.169619 8.641856
-5.691128 7.972824
-5.729814 10.013729
-5.830159 6.618171
-3.971266 9.340008
-6.061408 6.994862
-5.232940 9.289742
-6.204956 6.399552
-6.976881 7.302647
-6.733822 6.533625
-7.785861 6.839997
-7.200325 8.194041
-5.809441 9.505559
-3.271946 6.339750
-2.425208 4.973039
-4.726507 7.465373
-5.542016 6.536657
-2.148741 1.300530
-2.107747 3.428442
-1.737118 1.638624
-0.728489 1.240459
-2.336511 0.487472
-3.511130 -0.621875
-3.160901 -2.001039
-3.527871 -1.146761
-4.119779 -0.227957
-4.098228 0.313369
-3.033378 0.995704
-4.277788 0.356222
-4.264087 0.933520
-3.712188 0.884047
-4.038254 0.461118
-4.403669 -2.561386
-4.228857 -2.778090
-4.372557 -1.134392
-2.826936 -2.573866
-3.703483 -2.519834
-4.029660 0.922707
-3.019112 -0.544458
-3.695879 -0.370125
-2.746279 -0.026428
-1.535676 0.057312
-3.378747 -0.893858
-2.788743 -0.247866
-3.793495 -0.567709
-2.623703 -2.054433
-5.551102 -5.183369
-6.198574 -4.705633
-9.541402 -4.744192
-10.851140 -3.985057
-9.401044 -3.920648
-7.599861 -4.585341
-5.810639 -5.217350
-4.402251 -4.802408
-4.140298 -3.271858
-5.971760 -5.491852
-5.257630 -4.017964
-4.305932 -5.044825
-4.463027 -3.596871
-3.250443 -3.542553
-2.815013 -2.319049
-5.045968 -6.690874
-5.409231 -4.033479
-3.788486 -3.240953
-6.281397 -5.104758
-5.840358 -5.018705
-5.668759 -4.592324
-5.811580 -4.621192
-6.409955 -3.913524
-6.306398 -4.917358
-3.823004 -4.938004
-8.121155 -6.935635
-6.787286 -4.008103
-7.126710 -6.471429
-7.337118 -8.930142
-6.450739 -4.126660
-6.029191 -5.839933
-6.842007 -7.848279
-7.157990 -5.096851
-7.607494 -4.375117
-6.540659 -7.857396
-6.965442 -4.569065
-7.167713 -4.483192
-4.433238 -6.999317
-2.685928 -2.619452
-4.477146 -3.381627
-3.445754 -3.337351
-2.914164 -2.791430
-4.255593 -1.559199
-4.117111 -3.307298
-3.018608 0.179424
-3.426941 0.555089
-4.083415 0.382816
-2.168985 0.838078
-2.036437 2.808493
-1.906781 4.258919
-0.599197 4.203922
-2.417127 5.221569
-2.355778 4.533704
-1.304936 4.541783
-0.973210 4.528168
2.725351 3.874917
0.077440 3.533545
-1.309298 7.376901
-2.697709 6.328417
-4.921131 7.945155
-5.387218 8.217254
-5.747602 6.979169
-3.483717 7.348730
-6.383804 6.821135
-3.670505 7.625253
-4.127781 6.459768
-2.828713 6.393708
-3.947419 10.232282
-4.735758 10.173043
-7.282738 9.546307
-8.922966 8.953406
-10.104938 10.268875
-7.961040 10.257942
-7.439367 8.134063
-11.239219 11.273419
-10.246033 9.682624
-8.830213 9.382918
-11.029238 9.375127
-13.719174 9.710513
-12.168223 9.293786
-17.052027 8.809469
-13.286687 6.607770
-13.217861 3.629781
-7.834356 7.857809
-6.633204 6.332755
-9.908503 11.560192
-6.695750 10.424499
-7.944953 9.128511
-5.345539 7.699129
-6.227133 9.258498
-10.483361 9.152925
-7.298803 9.133687
-7.564317 8.062898
-4.736618 9.250833
-6.155681 6.370213
-6.398719 6.380986
-7.461912 8.113800
-6.943958 8.871941
-11.529315 9.082662
-9.536844 9.636592
-10.017983 9.814092
-7.286563 8.347347
-7.083340 7.404414
-5.874768 7.077636
-5.753687 9.743340
-6.444031 8.439314
-6.535788 6.800696
-6.413517 6.651247
-7.765612 6.026585
-5.289169 8.191981
-2.927538 6.776809
-2.291763 5.801293
-2.556154 7.193029
-4.896608 8.334992
-5.335762 7.912235
-3.740869 6.341219
-4.438064 6.701571
-3.396890 6.759017
-3.532569 7.498228
-2.472851 4.733716
-2.423313 4.848588
-1.055556 3.673256
-2.035374 5.045934
-1.715432 8.547949
-3.892874 6.514755
-3.831506 6.796894
-5.707553 6.695741
-4.999393 10.616234
-9.658642 9.729739
-7.348845 8.102914
-7.142097 7.323716
-9.372940 11.057682
-9.940835 9.851977
-5.156942 8.221183
-3.400437 8.128479
-1.115384 4.131489
0.644470 4.621183
-9.468470 3.356449
-10.106182 1.441547
-8.353340 2.793988
-9.158631 3.278214
-10.722816 3.244294
-7.591972 7.885102
-4.946239 10.354414
-12.016922 10.043143
-4.379973 8.537299
-7.588103 6.796535
-7.281889 7.509026
-7.048599 7.707433
-6.231476 7.726145
-6.397182 8.544202
-7.717411 7.893979
-8.611686 8.862839
-11.554726 8.944201
-8.927403 10.300194
-9.755280 8.555329
-8.871479 9.396494
-5.420479 6.369632
-3.459626 6.416335
-3.704841 6.499570
-4.064798 6.526800
-6.286782 7.093249
-5.762350 6.623507
-5.406245 6.445288
-7.439367 7.815549
-6.714143 6.643601
-7.924309 6.222091
-7.464569 7.609433
-5.261554 7.368820
-10.305776 1.999533
-15.337149 0.698630
-12.088381 3.497082
-18.359964 -0.816690
-14.079932 5.167888
-14.709081 7.348288
-13.135555 6.709254
-14.237806 6.656997
-10.736726 9.331634
-14.548373 3.344445
-8.689553 2.386302
-11.373400 9.637466
-10.809158 11.033696
-7.506110 9.818827
-7.529500 6.606317
-7.111386 6.328385
-7.912268 9.321252
-3.920803 8.048297
-4.532584 9.900471
-11.823305 8.516435
-10.093635 9.642598
-6.404122 10.982149
-6.204841 7.516412
-4.584691 7.851058
-6.689701 10.503135
-7.620453 6.954937
-7.493787 6.340193
-7.894032 7.512452
-7.785189 6.564929
-6.885832 6.705458
-6.426213 6.604925
-6.133852 7.738945
-7.244841 9.110166
-7.609208 6.205547
-6.016313 7.643541
-8.921728 10.942367
-8.052546 11.487334
-6.899201 6.463345
-6.314594 7.716324
-4.195516 7.280835
-2.563783 6.761814
-1.845377 3.809418
-1.846518 1.803039
-2.100869 1.263205
-2.972335 -0.070865
-4.006151 0.856639
-2.882691 0.278669
-3.652698 -1.320758
-4.534972 -2.424246
-4.200171 -3.912621
-4.299485 -4.239336
-5.763908 -5.088557
-6.340120 -5.668458
-6.681853 -6.199434
-5.882444 -5.008642
-8.577355 -4.702048
-5.328989 -3.952247
-2.919771 -3.396744
-2.669899 -0.599478
-4.273497 0.416533
-3.362437 -1.053118
-2.297679 -0.829997
-2.472437 5.703316
-2.082176 4.946526
-2.384485 8.261606
-3.063746 6.712105
-3.027628 7.313620
-0.717941 3.857599
-0.459085 3.842248
-2.682921 7.819561
-3.449956 7.571838
-7.438505 7.396462
-7.835519 6.043868
-6.293386 8.507737
-7.261976 8.280349
-5.455739 8.020936
-4.514872 -0.895002
-4.085361 -0.474752
-4.252321 -0.389950
-4.379070 -0.097296
-3.146108 0.081129
-2.539480 0.430190
-2.683327 -1.273154
-1.172551 1.136932
-9.723701 1.202821
-9.167974 2.720910
-9.315073 1.232031
-8.570686 2.443593
-9.924576 3.274418
-9.723024 1.826043
-4.059009 0.110316
-6.921545 -4.648563
-7.365154 -4.896833
-6.114905 -4.429196
-6.243175 -6.091619
-7.822364 -7.778010
-11.191443 -0.623251
-10.917732 -0.233021
-10.646324 -1.787425
-11.781524 -1.568591
-8.948028 2.742361
-4.603909 7.111883
-2.817419 6.843009
-4.064896 6.709568
-2.125922 6.223831
-5.368627 6.438208
-10.384637 0.666038
-9.239170 1.284231
-9.571012 1.126193
-11.875869 2.973267
-10.170556 -2.794752
-12.143826 -3.706576
-9.681532 2.424437
-8.369960 2.328598
-9.676085 1.211269
-9.984811 3.291809
-8.425226 2.886403
-6.935884 6.441477
-5.689777 7.551308
-4.693264 6.990365
-5.139570 8.602963
-4.255356 8.304456
-6.558647 7.582292
-7.290084 6.848560
-6.421881 6.969470
-5.858902 7.253493
-5.305250 8.206241
-7.724497 8.770111
-8.863438 9.471078
-5.192092 7.804377
-6.780033 9.359416
-6.986254 6.441250
-7.263574 6.605637
-1.662966 7.051359
-3.740346 6.970416
-2.711473 6.619167
-2.297940 6.148503
-2.246080 1.818652
-1.043259 0.900913
-4.034705 0.434986
-11.745113 -1.154142
-11.963517 1.401229
-9.258402 1.344643
-9.185808 2.822394
-4.144990 -3.174258
-4.168339 -0.205163
-8.753428 8.704615
-10.409415 9.774176
-13.641308 4.109005
-3.993011 -1.416474
-3.474494 -0.333900
-4.203993 -1.107423
-2.617970 -0.020258
-3.694860 0.686355
-5.889805 7.498331
-6.429946 6.946093
-8.798388 2.545586
-8.740355 3.350067
-10.471610 2.015301
-10.849525 -0.111528
-10.249239 -1.785409
-10.903558 -2.660322
-11.725104 -2.463538
-10.739847 0.979083
-8.488688 2.530750
-9.251970 2.137514
-8.838039 2.304663
-9.963190 2.647072
-8.264273 2.644439
-11.612356 1.335537
-2.121965 2.338779
-2.331478 3.614403
-2.135310 4.607275
-2.433423 6.717410
-3.923839 0.043774
-1.836518 1.819998
-1.469686 1.497424
-5.949838 7.100102
-5.878907 7.842659
-8.669059 10.220004
-9.141591 8.873629
-4.867261 7.317472
-5.071958 7.938068
-6.978773 7.283340
-6.137775 8.583919
-7.799558 7.518616
-6.703158 8.623416
-5.114557 6.584271
-5.277285 6.330149
-7.786554 7.999114
-7.707219 6.134887
-6.754810 7.077529
-4.943888 6.851404
-6.442351 6.807991
-5.344430 6.770076
-6.158082 7.475691
-8.035273 9.677156
-7.187118 11.113910
-6.402689 8.708556
-7.055536 7.827807
-5.317145 6.565886
-6.807192 7.799778
-7.886230 6.019946
-7.902092 7.409564
-7.855282 6.567964
-4.362296 10.599113
-6.360795 9.272664
-7.499746 9.119233
-10.415218 9.313084
-11.924574 9.228679
-9.501360 8.679526
-8.944205 10.296567
-10.586162 10.192799
-5.614601 11.886957
-7.119305 6.776118
-4.459027 6.719109
-3.301145 8.054884
-3.001505 7.524665
-0.958083 3.694645
-1.588969 4.883540
-1.359116 5.645431
-1.483273 6.697385
-1.220998 5.375288
-2.140989 7.358785
-3.710963 6.984337
-4.492397 8.342965
0.076874 4.750474
-2.073821 1.975531
-1.968925 -0.160424
-3.099660 0.976480
-2.901735 1.260567
-3.747455 -0.222670
-4.426822 0.807165
-11.669943 1.437623
-10.129507 2.418035
-10.223746 2.816614
-9.438269 1.201261
-9.677233 -3.549857
-8.703762 -4.269975
-6.162205 -4.607478
-6.365057 -4.613704
-7.672906 -4.633786
-9.391459 -5.309351
-10.523138 -4.134899
-8.637417 -4.319113
-7.002801 -4.863979
-8.260086 -7.114345
-9.860951 -1.663452
-8.744837 1.626054
-8.243509 2.544868
-8.731893 1.981417
-9.762293 1.636325
-10.196489 -2.832838
-9.963997 -2.370966
-10.549793 0.804101
-9.754479 2.495106
-13.639274 3.478955
-13.154348 4.478777
-13.626572 6.389416
-13.699380 11.657128
