12.512444 -1.642688
10.335753 2.569359
8.264309 3.096302
5.877059 0.447173
3.883836 0.573629
-0.483724 -0.323789
-1.430661 0.150641
-3.147231 0.842655
-2.078771 1.227610
-1.990051 4.093500
-2.386579 3.547321
-1.623798 4.712960
-1.872928 6.255251
-0.741162 5.210756
-2.304086 4.161678
-1.914844 4.934441
-0.994927 6.907210
-3.961999 9.108767
-5.742529 7.588662
-4.231769 6.647392
-6.085353 8.602660
-5.713326 8.505662
-12.041181 11.749699
-8.957147 9.327853
-7.070553 7.938410
-6.656550 6.665555
-6.178063 7.762281
-6.062241 7.545484
-7.676095 7.320236
-3.163760 6.732124
-5.465479 9.027301
-12.664053 10.111736
-13.124302 12.336569
-8.672237 13.195787
-8.560968 10.869010
-5.281343 9.294768
-6.677308 8.120545
-13.607836 10.430181
-16.133533 12.827500
-12.519773 8.808976
-7.230480 8.586148
-6.291594 7.473427
-4.590450 7.881508
-3.036033 6.803535
-6.720418 10.261909
-7.643815 9.200002
-7.674127 7.145380
-7.850951 7.820950
-6.236805 6.380233
-6.289119 7.548417
-0.073650 4.093558
1.066011 3.685841
-5.778912 6.381106
-8.269421 3.435220
-8.434381 3.027217
-9.441763 1.729371
-11.790525 2.425752
-12.538374 2.759987
-11.062072 3.057403
-10.855515 2.287686
-11.689234 0.437688
-14.303700 5.235902
-12.970407 3.202070
-8.811123 2.744854
-12.945275 1.470805
