-11.545005 -1.294820
-9.340342 2.607173
-8.890110 2.813153
-9.255883 1.417606
-9.171017 1.888103
-8.992471 3.182157
-2.638988 6.338313
-4.411613 7.420690
-7.490014 6.427415
-6.743309 8.320825
-5.954606 8.456134
-3.915997 8.354520
-3.069472 8.995967
-4.719123 6.667843
-1.645770 7.790503
-2.107421 5.045520
-0.698722 2.576041
-1.127468 3.230941
-2.121141 3.164104
-1.338602 7.994792
-2.566106 6.347206
-3.670553 6.737630
0.137938 5.548208
1.760578 5.891847
1.003854 4.394888
-1.758245 5.900177
-2.119637 4.840064
-1.912028 6.336202
-4.953278 6.335840
-3.397097 6.610573
-2.756566 7.778331
-2.089521 5.191068
-1.264415 4.425422
-1.747991 5.563036
-1.969163 4.945351
-1.476684 6.210970
-3.395549 6.617614
-4.347446 8.275069
-4.623320 6.410900
-3.812254 6.419408
-6.574720 6.538002
-6.467397 6.735093
-6.980649 8.734002
-6.531632 8.336280
-9.152325 10.938074
-8.334902 8.615411
-5.878458 8.586694
-9.446896 9.259581
-5.783658 7.454380
-5.375533 6.339366
-6.460372 8.528409
-4.821986 7.850848
-3.095995 7.337432
-4.132893 6.482076
-4.856958 8.169983
-2.465509 8.950163
-1.429017 4.339438
-2.296775 2.976919
-1.127879 2.878708
-1.585990 2.731932
-3.688462 -0.973570
-4.017160 -1.076166
-4.032100 -0.273581
-3.833132 -0.287935
-4.242045 0.773064
-2.857487 6.629813
-3.491003 8.670084
-3.741819 7.729233
-4.759762 10.650664
-3.379992 8.677688
-3.568803 7.256336
-4.364694 6.880142
-6.566833 7.243253
-7.435926 8.357564
-6.510062 10.371047
-4.230416 9.033362
-4.926676 7.636136
-5.171510 7.844503
-4.879954 7.411349
-6.886652 6.534211
0.677053 3.994766
-1.160361 2.910688
-2.200841 4.236701
-2.153801 3.300464
-2.423822 4.792911
-1.720174 6.397893
-2.533233 8.176373
-3.169495 6.674181
-6.116205 6.708538
-6.286767 9.598641
-6.883382 6.892015
-8.532188 9.554064
-11.204775 3.073973
-8.904158 1.452072
-11.806707 2.444832
-12.658349 0.469917
-8.913289 -5.243639
-7.903284 -4.933248
-10.280528 -3.978744
-6.750885 -4.249551
15.222184 -2.126354
