-1.443961 19.033913
-4.242723 11.604861
-5.986872 9.808496
-6.162954 9.151042
-7.634978 8.352928
-6.740954 10.968801
-5.577497 7.632052
-6.086395 10.379113
-6.197575 8.301301
-7.418149 7.896583
-7.738560 7.176544
-6.715619 9.776457
-8.570200 9.006824
-9.174680 8.509513
-14.697649 9.672832
-14.280136 7.300040
-16.319002 5.396840
-15.097979 6.901464
-15.828312 11.334705
-10.458340 8.652736
-13.023327 9.258468
-14.356651 4.963102
-12.968981 2.887446
-13.297872 4.406866
-9.982865 -1.002564
-12.821183 -0.526006
-12.824833 2.118124
-14.080315 6.521841
-12.541368 3.078860
-2.544933 6.613547
-1.762471 4.819658
-2.182048 4.115700
-6.972606 8.408439
-8.342457 9.705308
-8.874239 9.314208
-10.488661 8.987748
-12.587152 10.227542
-14.522718 7.955422
-7.592758 6.252256
-7.641131 5.971809
-7.474992 8.410713
-2.801998 6.757625
-5.549732 7.901908
-2.493252 8.789458
-5.215768 7.504466
-5.735566 7.137224
-6.248273 8.000912
-7.513031 7.369108
-5.916770 7.368191
-7.227187 6.483744
-7.332404 6.777811
-5.262487 6.740755
-6.134940 6.524107
-6.308607 9.110990
-9.186379 10.231464
-11.643821 10.449399
-10.425527 8.584996
-7.544222 8.636913
-7.199407 7.278843
-4.068477 0.578050
-3.329218 -0.271555
-6.141044 6.877160
-5.994030 9.381393
-7.524220 6.236544
-7.536778 6.415049
-12.145704 2.861168
-8.609142 1.411818
-9.505283 1.672256
-8.414918 1.348606
-9.245991 1.273532
-10.610884 3.192148
-8.231620 2.999295
-9.958440 2.796839
-11.240183 -5.896657
-17.441576 -12.692839
