-17.871199 -17.295912
-15.788677 -5.217642
-11.591970 1.795572
-11.888698 2.115246
-13.020295 3.329200
-13.806026 8.534169
-8.217040 8.908087
-7.847346 9.549588
-3.257712 7.817683
-4.093287 9.833739
-5.391830 8.552682
-7.123911 7.301219
-7.706192 6.813500
-5.560048 7.291476
-7.574873 7.975756
-3.987996 8.894258
-11.790411 12.175174
-11.466112 10.082308
-9.866830 9.128383
-14.094825 9.818589
-13.445589 6.988528
-13.450315 6.748992
-13.083682 8.778329
-11.248460 9.222536
-11.208220 11.117051
-8.853720 10.109231
-14.418064 9.959296
-10.934308 8.848927
-9.551411 8.819200
-10.884670 9.620649
-9.631784 9.062081
-13.726645 6.077384
-6.669976 11.679000
-10.365026 10.268584
-7.560431 7.052895
-6.583056 8.034657
-7.717992 7.204730
-11.217379 10.513111
-11.509333 10.219118
-14.029786 11.904937
-11.598557 11.634820
-11.024894 10.622559
-7.279648 9.312055
-6.775136 6.900871
-9.285089 2.557146
-8.753067 8.501204
-11.290871 12.070328
-6.868354 6.429234
-6.431761 6.729272
-6.505607 6.461436
-7.240402 7.755187
-9.532609 10.182635
-4.682816 11.736402
-6.953229 9.149680
-7.306230 6.649820
-2.831073 6.805872
-0.065669 4.030816
0.278094 5.361972
-2.349483 5.086853
-2.387047 3.714199
-1.956524 6.529294
-2.235723 4.755281
-1.799047 2.559639
-2.224599 6.586102
-2.839092 6.713266
-5.272875 6.707708
-5.605551 6.567045
-6.483576 7.553439
-7.204187 6.950790
-7.491461 9.187720
-10.383177 9.863015
-9.340202 9.083060
-5.981588 10.390336
-4.682691 9.135853
-7.222046 6.507684
-7.633252 6.907167
-6.824392 9.275405
-8.158371 10.144813
-8.905592 9.686930
-9.181976 8.734206
-10.019361 8.727222
-6.544339 8.460634
-6.889664 7.067592
-7.854845 7.075355
-6.474136 8.152305
-8.313754 9.470318
-7.467232 8.264340
-5.933281 7.619193
-7.939453 7.222046
-12.841187 9.283782
-16.217888 11.020945
-8.559987 3.492802
-10.922456 1.234734
-10.268010 2.539232
-9.871281 -0.125518
-10.930976 3.084275
-12.908916 0.910730
-9.498215 2.556035
-10.143291 3.186513
-9.706235 3.336183
-10.123328 0.942206
-11.692335 0.946105
-13.833515 2.809815
-10.267855 3.499890
-12.445126 2.803231
-8.930036 3.424630
-9.116621 2.795809
-8.519688 2.011642
-8.212258 3.308357
-9.803124 3.486748
-5.619523 7.122121
-7.788908 7.867276
-6.215716 7.575290
-5.310184 7.092734
-3.818935 7.034797
-3.938048 10.655792
-5.708200 9.632157
-3.803237 8.022874
-3.908144 7.325181
-5.120517 6.698039
-6.021371 9.726110
-7.174422 10.028955
-3.539917 9.252856
-10.223382 9.014483
-6.370580 8.776669
-7.764847 8.047833
-7.738330 9.697904
-8.736483 10.242280
-11.803559 8.621554
-7.492732 10.959503
-5.403389 6.992786
-6.691443 10.382785
-12.555113 9.511058
-14.558882 7.620029
-12.289865 11.010539
-9.830391 9.507982
-9.622108 9.192091
-9.749131 10.095966
-7.281909 9.690752
-7.226187 7.410649
-6.219358 6.427717
-7.313167 8.087347
