19.959595 2.872190
12.155694 7.300724
13.062160 4.668891
9.529093 4.737347
9.893959 3.677252
7.015586 4.466708
4.556892 10.177362
5.666049 9.473753
5.423479 6.086581
4.809891 7.569012
5.146920 8.847782
7.315173 11.861146
7.212751 11.289401
6.032949 12.969635
7.289549 14.990308
5.327516 12.629279
5.660781 11.863766
5.274372 11.179265
-0.804668 11.131177
1.218725 11.196536
-2.263506 8.199154
7.507845 12.261387
9.585196 12.917485
8.402544 15.904935
6.965504 11.089824
11.426409 12.039433
11.980741 9.441622
11.720137 6.982641
-0.454160 5.739100
1.775363 2.644361
2.222272 5.568651
2.360191 3.607945
4.393415 5.073627
4.897957 4.599452
4.410351 7.611588
6.533403 7.234131
6.373614 5.328396
7.646651 5.224803
8.558516 4.427976
6.597048 4.651464
6.511068 6.003103
5.476270 3.253273
6.908134 4.160954
7.720521 5.113371
7.598273 5.573027
8.157969 3.171742
4.828545 6.980265
5.865599 7.445478
6.402414 6.130487
7.900051 5.387735
4.750616 1.895751
6.231409 1.642249
7.250282 5.016059
8.618380 4.950850
7.518285 5.566806
6.503078 3.990212
4.479386 4.967078
4.920777 8.918288
0.001483 5.853846
-1.082066 7.392285
-1.509576 5.790535
-1.778980 8.825025
0.083029 12.090176
-1.774939 9.808739
-1.410527 9.788157
-4.588191 10.023760
-1.777217 7.493250
-1.647879 6.354759
-1.518791 8.507617
-2.018408 7.331145
-1.794374 8.219552
-2.222780 6.922833
-0.928535 8.829452
-2.085000 7.518044
-2.337437 5.362712
3.174940 5.468228
2.061465 5.125385
-1.050819 4.821664
-1.444968 8.271908
-1.756092 8.449491
-1.125244 7.853780
-2.578837 7.836458
-1.344294 5.070617
1.488009 5.549420
2.347749 5.137076
1.203605 4.982288
1.489823 5.924992
-0.473595 4.922331
2.960122 4.277855
2.829294 4.412059
1.035277 4.975760
0.573995 4.768277
-0.610046 4.292335
-1.411981 6.689568
-1.232845 8.033267
-0.823496 8.709630
-1.501104 12.854191
-3.268118 12.003468
-1.721484 7.660526
-3.281235 6.468550
-2.891290 9.204292
-1.227568 6.793307
-2.540056 7.235876
-1.888747 14.274573
0.907838 17.575201
-0.946366 18.971283
