-15.683849 -12.845310
-12.209835 -8.634419
-9.304693 -7.164452
-8.653738 -8.096049
-6.504856 -8.347197
-4.176484 -6.338305
-3.981967 -1.979111
-3.063472 -0.710052
-2.505337 -0.840977
5.472303 3.757020
6.179145 5.525167
6.319356 5.455597
5.864406 7.353465
6.262526 6.576002
5.797785 6.497687
6.953014 4.236111
8.488068 5.350842
9.299026 5.567604
7.958249 5.204584
8.539489 4.853601
8.713769 4.197128
8.130101 4.582752
8.660419 2.277596
8.995749 2.746344
10.818995 5.631332
11.036785 2.071714
12.739245 7.885566
11.672092 7.759240
12.477715 7.958180
12.283038 10.564274
11.334618 3.855053
9.534813 4.157471
9.592581 3.651623
8.791850 3.398924
9.042818 5.473316
9.904736 3.453888
8.392464 5.217846
9.091922 5.573388
8.601852 4.482353
8.774661 5.202314
14.247936 3.125419
11.452639 1.635507
9.180557 2.521475
9.396349 5.598337
8.665667 2.376921
4.766973 4.364914
6.210567 6.511817
5.831715 6.823214
6.224647 6.566852
6.525832 11.148299
5.157194 5.937919
5.107383 8.942538
5.969013 12.078833
6.453588 9.121865
6.113171 11.902221
6.598978 10.738638
6.959740 12.078523
6.167054 9.919985
6.800211 12.296506
11.461639 14.108047
11.332457 13.566032
13.634085 11.690218
15.197822 13.509593
16.477968 12.652362
