-0.494203 4.708085
-1.148517 3.707634
-1.817600 4.240066
-2.011997 6.426940
-3.514424 6.578964
-6.182949 6.486650
-7.168402 8.262124
-6.078434 8.247137
-5.379712 6.318626
-7.590278 7.633620
-6.357424 7.116200
-6.911834 6.749485
-3.465504 6.472430
-2.061651 6.306514
0.408809 4.925726
0.375849 5.306481
-0.832483 5.841773
-0.956148 4.695811
-0.879720 -0.431448
-2.348661 -1.171374
-2.499843 -1.051889
-3.306436 0.279468
-0.958464 0.848234
-1.932929 2.176707
-1.920042 4.330543
-2.783721 7.807337
-4.333727 6.529799
-3.014197 6.573472
-4.669486 6.837459
-4.901445 6.697974
-3.170890 8.437311
-4.184723 7.229452
-5.396093 7.028451
-1.911840 6.832708
-2.355839 6.166431
-2.068957 5.931869
-2.959193 8.056035
-4.048890 6.534142
-4.104554 7.399942
-4.932863 6.403885
-4.818632 7.592072
-5.155275 7.953170
-7.663058 6.640165
-6.333853 6.458163
-8.254690 8.947667
-7.230122 10.125424
-6.651069 8.446242
-6.876821 10.447131
-8.993434 9.391625
-9.451307 13.460786
-6.573868 8.047559
-7.291801 8.215481
-7.528895 8.249496
-7.508754 6.023268
-7.295712 10.216269
-6.805662 6.972993
-7.507574 6.563280
-5.319235 8.292284
-6.913485 6.587180
-5.034420 6.479758
-6.720679 6.468739
-7.906737 6.518317
-8.437064 2.071468
-14.124790 0.871442
-17.314564 -1.428344
-7.243915 8.944998
-7.073184 8.605549
-9.045090 1.810615
-13.489010 5.952270
-13.531796 3.254199
-10.264104 1.902231
-9.203269 3.350723
-8.491405 1.826226
-8.311698 3.055092
-8.972171 1.640342
-9.447144 1.868442
-9.043954 2.964193
-8.289454 2.901219
-9.975792 2.433160
-8.852982 2.108145
-9.599154 1.450912
-10.859682 -2.103818
-9.678274 -5.797232
-11.246101 -5.006087
-7.962460 -3.999140
-6.079845 -4.259984
-5.215572 -6.669544
-3.115261 -2.432286
-4.342714 -3.702791
-3.912350 -2.215683
-3.967854 -1.096942
-4.097012 -2.008930
-4.046244 -0.180758
-3.338692 -0.940783
-3.341419 0.676803
-2.520252 -1.817549
-3.158239 -1.344722
-3.687448 0.082065
-1.681034 1.672252
-0.658575 3.651112
-1.500282 9.032951
-3.671785 6.565409
-5.412651 7.823391
-3.214024 6.888603
-1.524284 9.535720
-7.165820 7.562737
-7.662384 7.420170
-7.870064 10.020107
-10.810354 9.695826
-11.304148 10.572392
-6.276174 8.578655
-13.998220 10.119163
-13.705671 7.462057
-19.797146 6.428517
-13.212984 8.033801
-12.944545 10.181017
-14.122211 11.419518
-14.959103 12.280321
-11.262061 11.755892
-8.533524 11.220368
-7.570445 7.483189
-7.025500 10.009591
-8.913901 9.335056
-4.635239 8.836288
-7.160931 6.421112
-7.843685 9.309826
-10.709181 8.954610
-8.096399 8.764305
-9.960540 8.716610
-14.027548 8.460135
-11.344901 11.210849
-8.021880 10.402344
-7.080091 7.508540
-7.829574 6.641685
-6.639621 6.396130
-6.068835 9.183583
-7.523264 7.232237
-7.660446 7.752875
-6.918294 8.171961
-7.195431 8.686844
-6.831763 7.632845
-4.741714 6.956604
-5.471550 6.421422
-6.520892 6.766086
-7.500473 7.009880
-6.003826 9.546041
-9.510768 8.584093
-9.230358 8.878705
-4.445267 11.984293
-5.501610 7.588883
-7.189830 9.161152
-7.632201 10.395034
-6.943869 8.046446
-6.794491 6.845012
-5.801198 7.562763
-6.262057 8.349666
-9.785606 8.931147
-10.776123 11.939123
-10.151725 8.727781
-13.430560 9.790066
-5.381517 9.220536
-7.836263 8.234625
-6.563187 8.009171
-7.043371 7.608352
-7.434156 6.523807
-6.520130 6.610168
-8.620589 8.864230
-6.354359 8.653324
-6.370859 6.878289
-9.826889 10.533787
-8.433215 3.247777
-6.828598 7.656754
-2.232277 10.353533
-14.743201 9.644054
-7.547171 6.649670
-6.890215 7.300603
-7.225154 7.822877
-6.685725 7.303282
-7.456062 7.491317
-2.434054 2.439491
-2.186372 0.436063
-1.166996 1.202003
-1.691001 3.009315
-3.433413 0.914369
-9.099816 3.174929
-6.039399 9.267985
-7.064635 7.364349
-9.274549 8.643227
-7.761028 8.480599
-6.069104 7.153327
-5.128956 7.818846
-6.891976 9.236735
-9.130175 9.340447
-9.244341 9.830862
-6.028485 7.778002
-7.906886 5.998448
-6.666827 6.931990
-8.747189 9.781835
-10.213691 9.457250
-12.490313 9.039664
-14.523776 7.540758
-14.169714 6.974350
-11.855442 10.322319
-12.238571 10.059594
-10.410767 8.729347
-8.727687 12.371551
-7.620125 8.329455
-6.545587 6.739460
-5.606861 9.820847
-5.015210 9.284256
-7.934481 7.318806
-7.484839 7.295324
-7.897625 7.078243
-7.617120 6.475868
-5.627926 6.417169
-5.390083 7.109309
-4.855875 9.473550
-6.973505 8.507804
-16.513308 10.652635
-7.625834 10.551784
-7.675062 8.471354
-7.848939 7.662452
-5.406713 6.417899
-3.365394 7.358135
-4.359871 6.849474
-10.442495 2.737411
-10.370109 -0.498932
-11.101508 -1.692820
