-19.858683 15.525856
-8.963099 9.282782
-4.798816 8.302348
-5.806443 7.880897
-0.997284 6.972878
-1.376153 7.021248
-2.719170 8.160282
-1.130159 6.327448
-0.727212 4.616048
-1.930885 7.069147
-0.705482 6.256446
-1.693812 8.508541
-0.533772 5.162035
0.705353 5.574862
5.209178 5.836752
5.203113 8.145467
4.392440 6.234872
5.278885 6.715811
4.771832 5.893336
0.935385 4.830927
0.488972 5.784689
2.008774 3.861609
1.929734 5.099702
0.239270 4.582989
-0.370210 4.952699
-1.351595 7.336867
-0.820533 8.024778
-1.240024 8.909845
-2.817426 8.115688
-1.655864 6.989007
-2.207141 2.798374
0.252702 2.897239
-1.844111 2.829455
0.157886 4.232470
1.684341 5.521732
2.765172 4.653390
1.616926 4.513035
2.205445 4.250126
3.020823 5.434415
3.628249 4.628564
5.029499 7.147620
4.886507 10.870469
12.567192 13.214961
