19.721083 -15.279687
16.844793 -11.513094
14.509972 -12.772177
11.295446 -15.064844
5.591718 -13.506074
8.141601 -11.113511
7.021216 -8.046061
7.019749 -11.092235
6.714030 -10.316565
6.744541 -8.607404
7.153476 -8.225501
8.122632 -13.214911
8.641335 -13.953693
5.559380 -13.563153
5.600938 -10.735065
5.133986 -9.395549
7.197558 -8.498624
5.025156 -11.613701
6.052784 -6.812252
4.545438 -3.654747
4.697893 -0.947963
4.794733 -1.409690
5.443803 -0.858988
5.019435 0.262456
6.468009 0.988836
7.998990 0.028831
6.915386 0.360285
7.521002 1.433133
8.266693 0.427442
10.475714 0.880172
8.197850 1.526137
4.895419 3.085558
