-4.119367 -19.996471
-1.691987 -11.576329
0.262739 -11.186052
0.053206 -9.016395
5.014888 -7.476187
5.550073 -7.782761
2.748615 -7.870942
6.988177 -9.936497
7.196176 -8.738791
8.283370 -7.881988
7.762514 -10.701056
5.895527 -8.391360
5.752533 -9.905955
6.140831 -7.658586
3.513383 -7.154856
5.719698 -5.769076
5.701214 -7.262406
4.360281 -5.977871
4.183007 -7.814377
5.209547 -2.917297
4.345974 -5.957823
4.581269 -3.678319
4.493235 -4.216712
5.274227 -0.361714
3.926169 1.046339
6.658395 0.388570
8.956940 1.284606
13.780937 -0.108544
10.936529 -1.186850
10.791229 -1.271859
8.259218 1.405076
7.441642 2.566675
9.630894 0.222711
10.183411 0.408003
12.233404 1.124442
9.745768 0.574199
5.488247 -0.001377
5.277654 -1.075695
4.150034 0.409799
5.622069 -5.343416
5.576230 -7.576937
7.456356 -8.506556
5.332493 -2.065864
5.230191 0.161273
6.111117 -5.582030
18.903767 -8.849120
11.932647 -4.821881
11.848256 -3.772120
11.572514 -2.951591
11.510804 -5.208422
11.874893 -2.589933
11.954503 -0.595937
9.066816 1.897601
1.336818 -1.663206
2.583636 -2.950972
2.022546 -2.128786
3.226149 -2.040635
2.075512 -2.496392
1.925170 -0.735056
5.165653 -1.160558
4.765874 -3.361845
5.310855 -4.797656
4.965258 -3.237269
4.498470 -2.232707
4.244640 -3.201560
4.322916 -2.818716
3.790267 -5.800688
5.318261 -4.694068
6.006155 -7.225173
5.727725 -11.452300
7.263551 -8.101501
7.818914 -8.009768
10.272895 -13.615651
7.673646 -11.923334
8.883196 -10.480695
10.687216 -12.866277
10.048520 -13.096229
10.139894 -17.332558
9.951509 -16.401268
10.863214 -13.078424
16.104858 -15.479018
10.744924 -16.372618
16.733292 -13.356561
14.674787 -8.666868
4.183103 -9.827203
10.961285 -16.791853
6.933266 -12.088464
6.799689 -12.837794
6.808211 -15.524325
7.429632 -15.737391
8.502842 -8.634439
9.306440 -9.867299
3.120466 -6.899575
5.004148 -7.356546
13.638557 -7.196139
17.008656 -8.722481
14.508797 -10.430953
14.654982 -6.939903
7.685871 -10.180745
9.126827 -8.870270
7.594611 -9.803817
9.240324 -12.157378
8.963236 -9.350675
3.416209 -12.192845
9.937279 -15.392007
8.141114 -8.957550
5.756806 -8.926553
5.599093 -8.642462
5.031752 -4.434035
4.027950 -5.530977
4.475896 -6.649310
8.384939 -11.357446
6.483138 -9.259329
9.006992 -10.427608
9.134232 -9.008858
8.122076 -8.788413
5.811115 -8.316659
5.443643 -5.587339
3.991923 -4.972777
3.749839 -6.635828
3.136628 -4.141320
3.441259 -4.760862
3.685931 -3.927665
4.536085 -1.473491
3.742499 -2.435344
4.576193 -0.715828
7.879220 1.587842
8.087813 0.453406
6.778511 0.181068
7.464948 0.766451
8.851090 -0.154486
8.564132 0.235747
8.545637 0.038902
10.017456 1.621972
4.694879 -2.848412
4.657117 0.872187
7.823399 0.565436
8.511671 0.094002
11.888338 2.953011
12.056840 -1.390576
10.743484 0.224193
7.142714 0.734282
8.590466 0.321368
10.002970 0.997367
12.150171 -1.260954
11.964244 0.767368
11.605859 1.379476
13.301018 -0.543622
11.746023 1.463308
11.433163 -7.174527
11.902456 -7.030334
8.849329 -8.078742
6.335309 -10.062150
16.612696 -9.144595
16.261089 -12.603213
12.729675 -13.873382
12.202448 -13.840127
8.706652 -13.687248
9.383564 -10.328637
7.605928 -8.233457
8.476673 -7.900432
6.062939 -8.701278
8.925404 -9.452798
8.619857 -9.861158
8.629506 -8.769513
4.885152 -9.924258
4.558594 -6.757686
8.919786 -10.020419
8.029540 -10.357625
5.076571 -7.027115
5.352610 -9.785148
7.836141 -11.330935
8.737675 -11.240609
7.578104 -14.994939
12.736057 -13.285138
10.900723 -15.077227
12.162821 -16.067749
15.379644 -13.102275
15.327632 -14.861505
17.291357 -16.421801
13.407389 -14.176944
4.771170 -13.046283
5.977220 -10.363919
7.731270 -13.515525
8.982954 -10.277681
8.072512 -12.328130
5.651474 -7.195651
6.325155 -8.207137
5.726931 -9.431967
6.602277 -10.663037
7.743409 -9.141049
6.770740 -9.644424
13.101685 -7.364483
6.091497 -9.912929
5.214168 -7.910737
7.775688 -9.444438
5.416488 -9.259100
9.022593 -10.458825
6.586969 -8.082781
2.117112 -7.606332
5.235660 -5.414740
5.457126 -1.647807
3.307212 2.016659
5.822867 2.090855
7.040037 0.527262
6.615467 0.570547
5.097933 0.292417
5.260930 -0.429749
5.004507 -0.550187
4.586378 -2.548481
7.030291 -8.101840
6.679818 -9.520339
9.245928 -9.557887
5.926383 -8.611463
7.202962 -8.358605
6.133670 -8.368728
5.795150 -5.332007
3.671569 -6.627025
2.981451 -6.925482
5.315575 -7.536524
5.160159 -5.068059
5.303125 -1.912530
5.485495 -5.226369
8.148990 -8.379727
9.428968 -18.176723
8.636589 -14.132194
11.540962 -6.152253
7.022662 -8.992705
4.099057 -7.524457
6.998997 -8.543927
4.243711 -8.358733
5.492550 -7.120717
6.076982 -5.856581
5.824888 -7.995914
5.285067 -7.629077
5.756088 -6.654275
4.167229 -4.008116
4.563262 0.289861
10.135404 3.261715
9.535670 2.539469
9.752426 1.683553
7.447076 2.958540
9.379643 1.058286
9.152151 0.111422
7.049977 0.878170
8.866924 -0.070279
10.762295 0.594917
12.290373 -0.695989
11.064957 -0.201916
4.152164 0.674057
1.318633 -2.723918
0.772606 -4.568720
2.316352 -7.141948
3.787837 -7.862394
4.754739 -7.486965
6.604523 -10.148305
8.484211 -9.976982
7.177628 -9.610238
7.852540 -8.842149
6.311039 -10.389066
8.988213 -9.410117
12.054685 -13.073647
9.265373 -9.977008
6.650747 -8.932717
7.376075 -10.673406
14.821176 -8.760500
16.520760 -11.759130
9.166009 -8.499206
9.264854 0.264553
9.761310 2.409773
7.407813 -0.061758
7.545478 -0.108919
5.689419 0.348345
11.399221 -7.149231
11.628119 -6.185089
11.846542 -4.622116
11.668284 -2.246916
9.678391 1.839786
8.502586 -0.174982
4.754684 -1.037082
11.272400 0.937313
8.434566 -0.198462
11.024936 1.430987
10.645074 -0.528526
7.254196 0.309409
7.827969 0.912597
7.316811 -0.089842
6.643259 1.049749
5.050259 -0.290641
5.394391 -2.546324
3.554077 -3.955373
4.518581 -5.890861
11.220064 -0.250748
8.932123 1.816914
11.084386 0.447661
13.138880 -1.337707
4.864597 -8.582377
5.014974 -9.851320
15.724599 -10.151732
8.386078 -9.310901
7.711283 -11.105649
2.600690 -9.823171
0.801395 -9.884260
6.423462 -10.853419
5.496150 -9.486695
6.938829 -10.047862
6.016088 -9.515453
8.875240 -8.312404
7.696680 -8.709477
5.977017 -10.029822
7.725528 -9.503154
9.049736 -8.032161
6.098797 -5.337351
4.508252 -10.431782
1.629172 -6.272612
11.442944 -5.400068
7.676702 -9.854843
9.049829 -8.528606
8.099140 -12.048058
10.398059 -14.473948
13.308150 -15.031164
14.454165 -12.186734
16.307016 -8.367419
11.240255 -7.656441
13.572921 -7.380182
9.580539 -13.756551
9.329343 -13.429255
11.419061 -13.265553
13.549290 -15.502451
17.482430 -11.850179
14.999863 -12.246391
16.145479 -14.109300
11.915523 -14.933713
11.070616 -13.520049
6.772645 -12.355191
9.142422 -9.228065
9.230887 -8.790612
8.912777 -8.250720
5.576607 -9.738461
5.024545 -8.448249
8.907703 -8.449336
7.959969 -13.307424
5.348010 -11.592947
9.418491 -14.906699
14.279691 -14.297460
13.317650 -13.900636
5.705172 -10.304548
8.978929 -8.039613
8.334845 -9.773601
8.659184 -10.243406
8.538957 -12.034574
7.660887 -12.581674
7.232326 -8.771507
9.153806 -10.294597
10.545443 -14.020346
15.603416 -16.455320
16.834091 -12.806254
16.210302 -14.226732
13.774437 -14.100942
7.231760 -9.677260
7.620290 -11.383809
11.582541 -6.183428
7.710042 -9.999471
3.951005 -7.826478
4.345389 -5.362993
5.380359 -5.903193
5.784048 -6.362919
4.698538 -4.186035
4.935267 -2.146509
5.851623 0.070275
7.409400 1.046423
8.419976 -0.118970
10.148625 0.725438
10.705217 1.574426
10.906251 -0.313390
17.747440 0.457068
17.524380 -2.587841
11.471632 -4.181014
7.605575 -8.939193
5.663751 -9.220666
7.210713 -9.770206
4.805539 -9.498219
13.770615 -7.245691
14.935314 -9.820869
4.921618 0.072808
5.266441 -0.067976
4.409899 -2.245098
8.534998 -8.626248
6.050274 -8.847623
6.687232 -10.587413
7.286110 -8.065434
5.747475 -8.399795
9.085824 -8.045061
12.291147 -13.715108
11.970818 -13.395149
17.244383 -10.891335
14.931187 -12.376775
15.482699 -17.160698
16.307257 -11.050502
19.772537 -10.431746
13.808494 -14.058643
11.588903 -3.708323
8.770727 0.972035
8.218072 0.549206
4.482751 0.709028
5.934742 0.546959
3.943545 0.465376
4.867406 -0.790444
5.593831 1.782457
4.568356 -1.637609
3.613307 -1.989234
4.711239 -1.837017
6.393503 0.354177
7.622895 2.847098
12.199997 1.164043
16.373421 -0.673413
12.621584 1.166006
18.888762 -2.849417
17.292023 -2.064627
17.395256 -7.737477
18.326206 -5.075613
15.880721 -11.852392
15.397175 -11.079061
5.863253 -6.280994
2.845693 -3.976270
5.006048 -2.197497
4.441235 -1.110920
6.064154 1.569642
4.175111 -0.896853
5.749332 -6.643412
2.821134 -9.918635
7.770206 -9.053981
9.090500 -10.140667
15.751299 -15.019518
12.130678 -16.569170
13.981199 -15.155915
18.941504 -12.672624
15.145862 -10.112414
8.465460 -8.024076
6.938755 -9.339400
6.072724 -5.846005
6.084818 -12.641118
8.871526 -13.262897
8.630151 -10.540838
8.294333 -9.858735
7.635796 -10.417890
5.540781 -10.478223
8.845113 -10.874831
8.898543 -13.820321
4.457157 -7.424088
2.796246 -2.953301
5.435308 -6.652562
5.666573 -5.461133
5.419859 -5.799894
4.342318 -8.679606
3.205163 -5.798110
1.428255 -3.226338
2.602631 -0.727713
4.149459 -3.131970
5.645344 -6.782758
4.373749 -8.810149
7.584608 -7.975222
6.997595 -8.814656
3.786776 -6.202920
3.329299 -2.324510
4.861848 -2.148232
5.309163 -1.253321
4.856347 0.719239
7.429385 0.780544
7.475316 -0.136675
6.270223 0.095166
3.057134 -0.745495
5.046036 -0.291157
4.688381 -0.041537
9.562210 0.676893
10.442284 1.672480
11.693494 -1.850985
12.184632 -0.671398
14.231640 -0.708143
9.544720 1.243077
11.764651 -1.905421
9.582462 1.812353
10.515890 1.041675
9.632359 0.955215
9.707724 0.228066
8.808673 1.076991
8.987879 2.733972
14.130832 1.916606
11.518677 -1.987944
4.936640 0.829850
7.327070 0.322981
5.660737 -6.288975
6.092986 -9.508410
8.328963 -9.182282
8.476252 -9.836748
8.495226 -8.565579
8.669727 -17.794605
6.487576 -10.726678
4.500503 -8.943542
8.394454 -9.131141
6.607803 -11.837802
5.839938 -11.782109
6.457536 -10.360966
7.578228 -11.071882
7.757175 -10.947642
5.491415 -8.477589
8.356425 -11.312700
6.860694 -10.318171
6.933829 -10.253345
5.290723 -5.697416
4.594690 -8.142183
6.833517 -7.838129
5.415644 -11.086748
5.981423 -9.864219
6.583786 -8.880788
7.912649 -7.953551
7.394634 -9.791075
3.945912 -4.882157
5.011995 -6.654150
3.271761 -4.968801
4.681285 -5.750226
4.394165 -7.417000
11.691982 -4.761513
7.316526 -8.403234
7.130214 -8.218032
6.267231 -8.492351
9.065468 -8.448769
14.894682 -11.917631
14.655175 -11.676930
11.844827 -5.861749
11.808623 -6.058808
8.662859 -10.046376
5.603114 -8.599679
7.031559 -9.608688
8.091720 -10.730723
6.454624 -10.600613
3.721014 -6.441085
11.723434 -5.767952
11.826379 -4.669720
7.666583 -10.605620
7.136090 -9.460114
14.863281 -10.267767
12.577550 -13.479948
8.736427 -9.301885
9.722189 -15.060763
11.358899 -13.670508
9.234293 -11.559604
8.724277 -10.085179
8.993111 -9.281753
8.166290 -11.113664
8.831140 -9.245175
9.454968 -12.954970
13.922579 -13.029941
14.556751 -12.043433
16.895103 -7.851246
14.555841 -8.049474
6.589817 -10.030614
8.032511 -13.433534
7.960748 -9.593019
5.588649 -13.682190
12.910286 -12.882930
13.209772 -15.289832
8.259356 -11.601674
7.665121 -13.419065
11.876232 -5.969755
6.873624 -10.261300
8.751035 -11.134383
12.626545 -7.307216
14.518179 -9.029674
14.550085 -8.801471
15.965516 -15.735898
18.208176 -17.065409
18.734056 -17.479696
15.790428 -13.876607
14.892684 -12.313541
17.923319 -7.909614
18.155659 -7.331763
11.244276 -7.457486
5.883801 -7.877658
3.021606 -2.425747
5.040967 -1.678978
4.918148 -3.153949
4.872066 -0.099904
4.881843 -2.968907
3.383299 0.578052
9.950509 1.448824
10.833408 -1.269286
10.636826 0.054320
10.553651 1.393133
6.701991 0.327797
7.335649 1.047572
7.383116 -0.149864
4.836494 -0.175022
3.814167 -3.032755
4.908809 -4.491938
5.446162 -7.849873
3.537730 -2.246734
3.590425 -3.550673
3.958770 -5.248537
3.919037 -5.429096
3.830519 -2.048192
4.985373 -2.103857
4.662208 -0.563368
4.673698 -2.808070
4.793042 -4.643616
6.056163 -5.911081
3.727966 -3.137634
4.129225 0.292045
6.297255 -0.201289
4.672844 -0.889532
5.968323 0.216492
5.781088 -10.170168
8.389891 -13.050996
11.412055 -7.576303
11.812757 -7.648017
11.253605 -6.988035
12.159519 -7.619431
16.492817 -14.637016
15.434555 -7.774931
5.726536 -6.293822
6.451235 -13.870545
12.092366 -14.433161
15.787411 -11.517232
7.615082 -8.339344
7.614996 -12.266500
8.202250 -10.088889
8.707273 -8.680749
7.593161 -9.372123
6.975213 -7.911976
6.011469 -8.244914
5.477449 -6.823667
5.723496 -6.053579
5.248985 -9.165482
9.099001 -12.993818
7.207413 -8.042629
7.560610 -9.268836
7.107890 -8.610263
8.607296 -8.922721
5.493484 -8.692787
5.290835 -10.166712
8.058765 -10.094514
3.988753 -10.551883
3.452513 -9.176778
7.968606 -8.937154
7.356689 -8.029536
6.312262 -8.694524
5.225980 -7.779801
5.035803 -2.561822
5.530972 -7.710078
5.337693 -4.404451
4.008899 -6.296499
6.062682 -5.633245
5.729350 -6.148484
5.238732 -7.347659
3.623855 -7.132442
4.564450 -3.406055
4.802676 -3.170860
4.015924 -1.747427
6.387410 1.149673
5.700739 0.248773
7.868017 0.998497
7.853431 -0.210490
8.519604 0.015152
9.699863 2.370056
9.899421 1.727614
8.371687 -0.063450
8.668789 0.424769
6.635245 0.647136
8.868011 1.130877
10.314815 1.905059
10.899039 -1.645467
10.710416 -0.108755
13.343955 -1.575979
13.664661 0.399390
