12.250595 16.950006
11.339148 8.797114
10.267895 8.842286
9.252777 9.490298
11.541564 9.187119
10.583817 12.880611
9.641201 7.809364
9.262877 6.086706
8.259752 5.987957
9.609179 3.247788
9.452521 4.115424
7.905246 4.304557
3.003864 -3.006208
3.332486 -6.050351
4.179393 -4.260372
4.550388 -7.141885
5.778777 -7.508837
5.725004 -8.875553
4.676032 -5.594566
5.172816 -7.274575
4.445001 -3.854831
2.950873 -6.807570
5.427447 -7.947598
7.732148 -8.284792
9.289823 -7.903945
7.828078 -11.728913
8.150624 -9.951545
9.062485 -10.845253
6.951635 -8.549542
4.432335 -8.383502
6.127075 -5.684924
3.936346 -8.054202
6.154660 -8.199169
6.799596 -7.845116
6.237198 -8.418767
