9.516669 18.709919
9.369841 4.232419
8.741468 2.368675
8.634905 0.374792
9.346153 1.535913
10.451786 1.290385
13.411454 0.176557
11.382039 1.815417
11.165768 0.828815
8.758801 2.316609
6.141788 2.238037
6.278164 1.353239
5.222268 1.398468
4.063678 -0.354058
5.476415 -1.328606
4.635399 -0.283073
3.657129 -0.965388
3.703980 -1.713504
4.643832 -2.105854
4.070861 -1.596604
2.096400 -0.471729
3.026327 -0.718921
5.660198 0.248072
7.227867 -0.215343
8.874204 2.825455
9.089633 2.255876
8.041138 3.479744
7.599694 2.314119
8.508217 1.750115
5.069189 -0.378919
4.070614 -3.105815
5.620590 -5.413382
5.439388 -7.438934
6.458864 -8.669873
5.779905 -7.931346
2.796185 -5.872704
5.474104 -3.381400
2.237558 -9.438582
3.586070 -10.957868
7.869010 -7.975787
6.397811 -8.240802
5.424911 -9.647408
5.458040 -5.450127
5.699875 -7.595791
5.788782 -10.093315
3.305366 -8.890752
3.947055 -0.256706
9.471131 0.823980
7.101485 1.782001
11.649155 0.667556
12.626743 0.410775
13.770950 0.308837
11.512688 1.592211
12.930788 1.402881
11.890905 0.292866
11.063900 2.494455
10.045033 -0.123637
8.650041 0.148872
8.892573 1.005905
10.078697 0.588024
9.248638 3.592085
6.190108 1.694256
4.741493 -1.344644
5.132697 -0.825865
4.964361 -3.600487
3.124245 -8.617728
9.021887 -8.968767
6.692451 -12.668329
6.079282 -9.253821
8.601047 -8.923379
8.343310 -9.728929
