7.711220 -9.362503
7.922716 -8.290007
8.245448 -11.939307
8.447195 -11.506460
5.314669 -9.360423
9.137955 -14.379313
9.015410 -11.614244
8.024540 -9.870071
6.343680 -8.103063
7.925402 -9.394128
7.085671 -9.429580
4.068446 -7.896432
4.595649 -6.896457
5.698686 -7.473037
5.423782 -8.359837
7.721687 -9.390700
7.898703 -8.878993
8.654569 -11.535743
8.159782 -10.230525
4.941239 -8.943969
7.263606 -10.178330
6.015862 -11.131059
5.746625 -6.431872
3.788882 -8.266068
3.808070 -8.973077
4.014284 -6.144742
12.514874 -1.165725
9.638548 -0.132391
7.154882 -0.205823
6.147623 0.117123
4.096133 -2.945418
5.303086 -7.878354
8.440475 -8.453732
6.488174 -8.261014
6.759897 -8.571917
6.040419 -8.940204
7.883133 -9.131210
11.573860 -5.322793
7.326233 -8.856765
4.970478 -6.788990
5.027273 -7.634745
11.248163 -0.525033
12.315248 -7.627242
7.835300 -11.786460
5.123890 -3.492923
4.488194 -1.138693
7.060918 1.387138
7.343647 -9.157510
6.680240 -8.320422
4.636250 -11.281959
6.109612 -6.888516
7.766007 -8.714892
5.589957 -7.891395
6.121852 -7.931859
7.448744 -10.629468
8.871771 -10.175224
8.561126 0.193698
11.039661 0.005676
10.395920 2.338937
8.468439 2.483760
13.742899 -1.138583
10.747306 -0.849605
10.393988 2.111137
7.143424 0.660348
5.549559 0.506476
4.228098 0.004389
5.380849 -3.946013
3.306084 -7.361425
1.470140 -5.723487
3.364834 -5.126595
5.954969 -9.705240
8.804927 -10.272681
5.985719 -9.983974
6.771218 -8.908805
5.771727 -6.774108
3.813690 -3.663002
3.069679 -1.501207
1.944391 -2.958516
5.249773 -1.385371
4.767156 -0.398353
4.975445 0.329332
6.462906 -0.094649
7.312501 1.044289
6.482473 0.840067
8.545882 2.738583
8.573848 1.977656
5.303102 0.262785
5.158364 -0.856004
4.795339 -2.166431
4.817232 -1.819016
5.174015 -1.461783
5.253933 -1.689893
4.881444 -2.198396
5.110288 -3.900036
3.994362 -3.483347
3.179502 -7.165893
7.691534 -9.208052
6.061026 -5.934145
4.857407 -8.339402
5.228280 -6.465484
6.614613 -8.157536
6.416406 -7.912140
12.009106 -7.435311
11.451214 -4.262645
11.675489 -1.994514
11.762257 -7.693229
12.929680 -7.565913
13.220110 -6.976618
11.691223 -6.871955
4.068497 -6.293113
1.299973 -7.400356
7.351358 0.592777
8.608939 0.345980
8.982109 1.272648
9.523447 1.371809
10.695729 -0.237569
12.686766 -0.677289
13.441389 -7.515007
4.433788 -3.780405
3.124714 -2.989964
2.516895 -4.649115
8.443930 -0.158560
11.940163 -4.400942
9.239111 -7.952304
11.915703 -5.903978
5.548926 -8.200041
6.943664 -10.608807
4.906369 -8.241950
4.223247 -8.818781
5.082572 -6.741804
5.023354 -4.363278
4.796553 -3.209846
4.174382 -5.063682
5.260413 -4.153846
9.242579 -0.191100
10.404989 1.402666
9.822533 0.409349
10.102941 0.682628
12.964314 -1.027660
11.917133 -0.746063
11.579184 -1.340036
11.781631 -2.455413
11.803185 -0.097137
9.067169 0.173424
10.979349 0.045221
10.265849 0.432545
13.218390 -0.766233
13.508347 -0.295645
12.266169 1.350921
16.115803 0.473158
14.049637 1.799853
14.533918 2.927963
19.158686 -2.355945
11.981758 -7.576062
10.988346 -1.561632
12.262836 1.739135
13.547295 -0.748047
10.680273 -1.245568
11.267722 -1.129634
9.509190 2.187469
7.438127 0.600086
12.827585 -7.187212
8.672557 -10.675771
7.268002 -9.094228
6.700783 -10.476369
7.840492 -11.318871
10.279984 -13.946908
15.288216 -13.431770
14.952492 -7.450324
14.676286 -9.233090
6.351542 -11.694689
7.878097 -9.205472
7.263843 -10.507565
8.469551 -8.208144
9.210411 -8.825475
3.737341 -6.509634
3.537504 -6.397737
4.584876 -8.902095
3.411024 -4.575744
1.054886 -4.163969
4.001997 -6.455366
6.072140 -6.448555
1.784772 -11.664640
8.133632 -13.209710
7.425587 -9.265529
9.313954 -11.119292
14.174036 -12.998611
9.871835 -14.190652
4.094144 -11.458771
4.148270 -10.387428
9.280472 -9.928148
8.470068 -9.669829
9.055993 -13.920420
6.009233 -9.212083
8.722588 -12.965528
15.987749 -14.131963
19.129232 -11.934842
12.932444 -6.894168
8.603396 -8.636688
6.170738 -8.588232
9.041485 -7.877071
9.276558 -7.878961
12.098451 -7.400424
11.637623 -6.967283
13.314648 -7.478675
7.651057 -13.021651
16.542854 -15.003214
6.488729 -13.064929
7.181551 -10.743173
5.654552 -9.470582
5.696256 -5.355799
5.947655 -6.032990
3.839463 -7.100688
4.675303 -12.579003
9.231539 -8.195271
8.788561 -8.328052
8.135003 -9.403739
5.806182 -8.475647
5.296957 -7.113949
7.668516 -10.189874
9.239045 -10.492810
8.414167 -10.733319
8.061357 -11.779918
9.215567 -9.549718
13.508355 -14.143774
13.458668 -17.985947
12.291839 -13.070165
12.361736 -14.143646
19.931061 -13.961660
14.905908 -11.098127
14.249313 -17.096071
9.936978 -18.994204
8.575463 -10.836332
8.560673 -9.390441
8.815318 -8.191028
8.662366 -11.994540
8.274382 -10.682088
9.034743 -8.428650
11.865829 -6.036221
11.751169 -7.689594
15.131702 -16.365786
7.804122 -12.361650
8.259354 -10.073996
2.965898 -7.462492
4.937303 -7.165503
5.574105 -8.754052
6.343236 -9.090219
7.991924 -10.116501
7.263283 -10.432779
5.956322 -9.156419
6.377043 -8.352147
7.396920 -10.822478
8.435318 -12.300822
11.118245 -16.737402
19.947996 -13.133368
13.564830 -13.155330
6.858763 -9.860261
6.229907 -8.915748
3.576248 -10.606187
4.297135 -9.702454
7.737119 -8.715445
7.302689 -12.639060
7.607954 -11.355754
4.867224 -6.502837
7.881266 -11.485902
9.359468 -10.170629
7.540727 -8.023442
7.747210 -8.946115
5.506812 -12.392134
7.197027 -10.173218
7.312428 -9.874478
5.069910 -8.916831
6.412929 -8.116555
9.009832 -10.009950
8.747141 -9.229365
8.746677 -12.155687
6.759706 -8.959908
8.190105 -10.053845
8.423365 -9.977601
4.726266 -9.457647
4.014689 -8.914717
5.821167 -8.593212
5.851880 -7.174490
5.735048 -7.196825
5.713675 -10.290108
7.494067 -8.692905
7.061754 -9.128223
7.864040 -8.441881
8.695735 -8.500401
8.689604 -8.620551
8.266259 -8.401551
5.398685 -9.804404
3.075749 -8.587588
5.054021 -7.978809
8.074674 -8.427001
8.531561 -8.179718
9.318151 -10.196202
8.465569 -9.971736
9.307921 -8.441925
8.599963 -8.820001
6.041348 -12.533091
12.110967 -15.517402
5.398133 -14.615964
6.120976 -7.385515
2.900675 -4.755312
3.054533 -3.652735
4.810534 -7.245148
6.076911 -6.811807
3.895141 -4.299191
4.136591 -1.144454
6.132967 4.503327
9.829439 1.528801
9.904161 3.413857
10.932686 -0.018497
7.664146 0.065445
5.962010 0.089132
3.639174 0.106394
5.073511 -2.406684
3.436658 -2.525992
5.523562 0.264417
7.225643 1.161716
6.522870 -0.027772
6.283119 0.443763
3.465583 -1.716767
3.024320 -1.495172
4.334663 -2.701252
4.154800 -3.351806
5.310992 -3.360940
3.499089 -7.760263
6.885262 -8.385593
5.399935 -8.494744
7.055508 -8.484376
6.231602 -8.626473
9.317107 -8.905824
12.065664 -7.379431
19.801464 -8.406216
14.953853 -10.384511
8.893762 -11.916726
7.862998 -10.354489
4.717904 -8.342732
5.354038 -9.338091
6.516022 -8.663299
8.214100 -12.694236
9.242248 -8.530105
11.062816 -13.334167
13.374847 -13.010265
6.771413 -13.948129
16.409357 -12.252944
15.604480 -12.805360
15.013086 -11.289468
13.665654 -7.387656
11.153405 -7.224426
8.221883 -9.478458
8.053336 -10.613156
7.329619 -8.217586
4.548867 -9.907555
4.833256 -4.636953
4.337413 -2.912608
4.271065 -1.952888
3.888604 -2.708603
3.007540 -0.749253
7.173116 0.617934
8.386018 0.430164
10.000935 0.947525
11.087358 -1.004421
8.458092 -10.633920
8.585927 -11.091893
11.760714 -4.860499
11.454515 -6.044462
11.657537 -4.230987
11.877542 -4.059747
12.241365 -0.171185
10.896930 -0.760653
9.352489 0.500235
5.044386 -0.280090
3.781677 -0.198297
6.777338 0.682999
11.190451 0.496764
11.127148 -0.913679
15.979345 0.397086
12.907250 2.287082
19.404980 -4.218024
13.272010 -19.028908
14.429565 -17.966812
12.318408 -13.080972
11.260237 -7.736329
9.660543 -13.653186
15.809322 -13.274783
8.801621 -12.922487
15.169276 -9.326600
8.208349 -9.609558
8.273442 -8.406695
9.151108 -9.728728
14.857707 -10.573229
17.352081 -11.026465
15.016508 -14.537601
7.601953 -11.607038
7.120760 -9.067417
12.493357 -13.658849
9.280382 -9.113806
8.130862 -8.544956
2.993920 -7.435654
2.241428 -7.282887
3.228474 -3.597488
5.391458 -1.670406
12.399155 2.176285
11.602522 2.345318
11.796085 2.564974
13.304790 -1.553717
13.028448 0.508797
12.325644 1.086704
6.515677 3.623414
9.404438 3.422159
7.058949 1.341234
4.666892 1.454260
5.302713 -4.879049
5.535900 -8.207921
3.515693 -8.933451
7.047956 -13.716710
7.763488 -14.973808
8.366202 -12.380077
8.630615 -13.160790
6.862455 -13.806881
6.770353 -10.972861
9.264222 -9.542460
4.334694 -8.809173
6.042830 -9.664196
9.316844 -10.621421
7.040597 -8.475017
7.733823 -8.662628
6.254603 -9.614884
7.372389 -11.317259
7.232556 -8.941011
7.500223 -8.694848
7.614682 -8.518605
6.958271 -9.511798
8.722174 -8.606238
10.200710 -12.915435
12.788051 -15.519629
11.512815 -7.268131
10.632236 -13.576739
4.047929 -11.707039
5.150319 -8.542559
6.098360 -7.072949
5.339796 -8.990511
9.604914 -14.657668
8.585614 -13.587829
14.790792 -16.094725
16.096563 -12.310283
14.627387 -11.095196
9.065519 -10.090448
7.310843 -8.666283
7.714486 -9.119077
13.322411 -13.121819
16.768158 -12.829678
18.011368 -7.903307
2.878830 -6.607386
4.170703 -7.438773
8.515281 -8.584683
8.427645 -12.607431
7.162982 -12.880040
7.088272 -8.909102
7.518433 -9.056748
6.594928 -8.513037
8.389997 -9.156804
8.267363 -12.045194
7.071412 -9.992639
6.779349 -8.029800
5.306365 -9.083491
5.331388 -6.935496
5.273771 -8.301655
5.805671 -6.264012
3.187768 -1.164557
4.563937 -0.952445
6.143826 0.007502
6.210335 0.067688
7.835933 1.250062
7.211448 0.161366
12.783129 -0.405363
13.160258 -1.062891
10.991521 2.988636
11.301622 1.386365
9.045080 2.871936
9.994867 15.233484
10.966697 19.458704
