-14.871100 -0.380587
-10.076218 -1.399818
-9.610963 -1.877026
-10.033744 1.141477
-7.906652 2.660834
-7.747082 1.171086
-4.567508 1.689444
-3.744020 1.141984
-6.776966 1.709918
-3.216213 0.808250
-5.962855 3.306239
-2.206556 -2.639731
-2.375928 -1.973683
-4.349052 -3.347778
-3.487988 -2.920950
-5.267749 -5.917718
-5.870194 -4.072641
-7.979824 -4.194709
-6.526540 -4.253673
-3.396339 -3.784739
-7.034236 -6.600388
-5.442769 -7.070269
-4.634600 -6.553059
-6.014675 -6.760795
-5.443307 -7.384179
-8.409271 -3.987345
-6.702690 -5.597163
-1.720777 -2.105211
-3.666897 -3.854223
-3.077188 -0.578306
-4.480338 -2.517610
-3.405651 -3.532949
-5.026915 -4.362140
-2.159395 -1.573726
-3.447859 -0.229019
-3.088200 -1.200359
-2.762982 -1.149928
-4.560267 0.357136
-2.575760 -0.477823
-1.895849 0.238483
-3.309676 0.130402
-4.393734 0.528572
-4.597039 1.142845
-5.565112 1.199696
-6.556941 2.072901
-6.484311 1.276680
-8.658467 1.242630
-10.110574 1.724457
-12.155306 -0.206177
-10.770010 -1.168954
-9.948542 -0.112512
-10.214639 -3.214614
-9.074236 -6.381332
-7.778321 -5.170427
-6.015595 -5.263402
-5.660716 -5.620280
-4.435740 -5.054640
-4.275830 -3.301795
-3.848226 0.086605
-3.652873 -0.473719
-5.242216 2.257767
-9.105761 2.470396
-8.703817 1.797821
-15.254187 0.412936
-13.735113 -2.562201
-10.593929 1.343627
-9.658654 -1.702515
-10.228415 -3.604973
-10.203871 -2.677360
-10.730110 -3.762387
-7.580736 2.112865
-5.890296 2.283907
-2.908581 0.030861
-3.232739 -1.380113
-4.403114 -0.403709
-4.239293 -0.068340
-3.531469 -2.013308
-5.218197 -4.915721
-7.575141 -4.851859
-6.251477 -3.903482
-5.198930 -4.456729
-3.436749 -1.401093
-3.873131 0.773426
-3.908562 -0.404098
-4.190267 1.233128
-8.455642 2.861361
-7.865275 2.294344
-9.377449 3.807912
-9.262236 1.195120
-10.281015 3.328966
-9.217095 2.317719
-7.690922 3.039875
-3.608322 0.994249
-1.927936 -2.094891
-3.265576 -3.504732
-3.971806 -2.992756
-3.412446 -1.715869
-3.583768 -3.747281
-7.198915 -5.713425
-8.203913 -4.012588
-8.434113 -4.841692
-11.068888 -3.030559
-8.902576 -4.973423
-4.699187 -4.623624
-5.864561 -4.187797
-6.934006 -6.752970
-3.912469 -5.011677
-3.361950 -0.962301
-4.370090 0.096153
-3.599250 -0.092576
-4.404058 -2.666657
-4.135249 0.995080
-5.328460 1.710965
4.331853 6.276494
6.257368 6.586719
8.758684 6.986569
8.877669 9.307446
11.663345 8.923487
15.504381 10.573356
11.318587 9.006127
