6.216975 5.254910
5.731574 3.764506
8.083866 4.286005
9.951393 2.971478
8.349401 6.663971
8.647497 8.841389
10.893598 10.032077
11.483824 9.796436
9.725272 10.468735
9.493662 6.519109
7.888873 2.358499
8.760714 3.693106
9.062731 5.907214
9.437489 7.225250
7.680201 4.026065
10.175340 2.902585
10.263363 2.301531
11.106451 1.366508
11.604945 -1.518160
10.590210 0.619461
8.285685 1.370180
8.935823 0.781139
9.064555 0.541669
6.750972 0.300952
6.948355 2.243539
4.932364 1.344496
5.198219 4.620661
7.618393 5.335710
6.907755 5.125359
5.121427 3.953847
8.671703 4.542164
9.390724 5.736072
8.053830 6.776999
7.974984 5.376055
9.946940 3.238591
10.179105 3.175065
9.997879 0.524677
7.918241 5.176848
9.025641 6.324684
10.092499 3.063739
9.809671 7.174574
9.383221 6.522548
9.859900 0.779278
12.874323 2.657790
12.049072 1.584005
15.033401 9.083657
15.688910 7.303323
9.930641 2.188663
11.584046 2.872701
12.815414 9.011360
15.119743 11.798005
15.220904 10.207681
15.172914 1.665153
15.565918 12.540639
9.862389 11.114834
9.672593 8.945131
9.435980 7.939621
9.289952 3.654154
9.406617 4.892438
9.414853 4.773737
9.523804 0.015612
11.806210 2.042733
10.517645 3.654032
13.793545 2.513106
14.836182 3.744221
16.646790 -0.157226
13.423806 3.596751
7.856665 2.569555
9.805056 6.426207
9.393829 6.803207
9.019135 7.979060
8.839216 5.781380
8.121027 6.032559
9.528292 7.486236
7.567906 7.166398
11.137306 10.718373
14.056593 11.248736
16.057203 5.404901
