8.276959 15.663448
5.456873 12.652672
4.976461 9.808787
4.787936 12.861188
7.349475 8.916137
7.714834 7.508784
3.396204 5.082543
3.796276 5.696530
-0.711504 5.049283
0.337738 4.378547
-0.184380 3.808519
-1.238877 7.853996
-3.001782 7.957024
-1.149924 8.779329
-1.119182 6.383180
-1.452319 7.484561
-1.059689 5.212411
-0.001607 5.686038
1.128569 5.619405
0.080499 5.753386
-1.457328 4.623875
-1.681450 8.353474
-2.182045 10.591276
-1.631731 9.776894
-3.441331 8.501966
-2.906634 10.857715
-2.015857 11.551658
-2.075313 10.856292
-2.947785 15.012941
-4.003435 19.188974
