-15.768051 -18.066694
-9.461329 -18.594069
6.725572 -14.607446
5.975237 -14.470305
1.977793 -13.269011
0.311664 -12.137395
1.276538 -9.255759
1.131891 -10.730796
2.213622 -9.942619
0.274050 -11.734431
-0.385558 -8.629942
2.337446 -6.704988
2.230117 -5.190182
2.202668 -6.147590
3.694303 -6.025931
6.302989 -5.762409
1.882545 -6.692669
2.416767 -10.738556
2.447351 -8.576602
1.339375 -10.465666
2.690063 -11.531476
2.525676 -10.812942
2.061841 -7.985450
2.727646 -7.806145
5.186273 -6.302690
1.411967 -9.944168
1.199093 -10.527984
0.823632 -9.350264
1.632805 -9.972196
2.179823 -9.367460
2.286859 -9.896436
1.385122 -10.241815
-1.471942 -10.899498
3.819025 -13.265423
5.942363 -15.112713
8.291313 -15.673808
10.352345 -13.161466
9.918974 -14.482736
7.281502 -14.641805
5.052330 -14.088650
2.001007 -13.028978
2.221708 -13.439525
-0.174390 -11.072363
-1.442696 -10.316178
1.085163 -9.312825
1.910246 -10.250550
2.404611 -7.755532
0.050099 -9.427228
2.795377 -10.108480
-0.315621 -11.831453
1.630687 -11.063096
-0.492120 -10.530853
-0.041168 -12.731537
5.229647 -14.553117
8.020323 -16.712748
5.907391 -14.108035
6.879474 -15.156402
3.472434 -13.687746
7.963051 -11.349355
9.262946 -10.622170
9.518764 -14.294303
11.249720 -15.081337
16.535217 -11.564354
8.402955 -9.852874
11.050191 -7.528854
7.269721 -6.504424
2.707077 -10.431325
3.312926 -13.380088
6.035199 -14.300636
9.209949 -9.389813
7.368753 -6.462152
8.676110 -10.633986
8.638603 -11.906816
8.724070 -12.296620
9.310153 -9.629819
8.429758 -8.419772
7.965892 -10.479304
8.001193 -13.341083
14.294779 -15.735507
14.752492 -15.795186
14.801635 -14.340812
14.760311 -5.212370
7.080920 -5.415965
5.578199 -6.062687
8.079006 -7.878887
9.391308 -6.522525
9.472218 -6.452353
8.423724 -10.296284
8.515294 -9.046257
9.326689 -11.433359
8.918960 -9.081645
8.680764 -9.574602
8.992914 -5.929368
1.430897 -6.879988
2.033482 -4.437281
1.807398 -8.749015
17.645872 -12.149826
11.918036 -14.209179
9.202004 -10.091111
6.337130 -15.778140
6.225365 -13.213460
8.350522 -8.853002
6.283825 -7.237867
7.144572 -7.617552
6.687423 -5.417258
12.286966 -7.351001
9.700297 -6.043437
7.602630 -8.150278
5.140934 -5.562702
11.544817 -15.009484
12.915397 -19.445704
11.985755 -15.361953
11.015778 -6.459853
11.440611 -6.748872
8.494322 -11.487271
12.479011 -14.541869
13.721058 -14.506672
14.877621 -19.301167
10.795806 -13.834421
9.006718 -10.785226
8.377584 -8.569925
8.396959 -9.540730
8.892074 -11.336865
8.581432 -10.236660
7.949893 -8.646123
8.079204 -9.103880
3.612651 -6.521776
5.192350 -6.178133
3.720055 -6.743673
5.729459 -6.111843
4.176673 -5.613474
6.725724 -5.807796
4.595935 -6.676505
6.324028 -6.374705
14.790703 -9.234776
14.952495 -11.547028
10.423885 -6.590921
3.804146 -5.860932
4.084510 -8.142222
8.800198 -9.962309
8.211571 -11.561946
0.789001 -9.971306
2.009730 -13.531982
2.497097 -14.051211
6.245841 -5.607394
5.907510 -7.881993
6.349375 -7.484590
17.402563 -14.054307
10.782911 -14.221388
6.653852 -13.294573
10.712934 -17.321941
8.181214 -12.961609
8.219051 -11.073260
9.286801 -12.709636
14.653039 -11.276546
10.564558 -7.678059
6.395139 -3.282156
6.395540 -7.077476
8.847260 -8.574189
15.879886 -12.393682
13.449444 -14.546533
12.271070 -14.429023
10.716152 -13.490019
7.814734 -14.104482
9.273065 -9.271495
8.184416 -9.780776
8.527555 -8.029756
9.976036 -6.748678
7.263310 -7.518923
13.439283 -4.552536
9.802952 -7.112228
7.030017 -5.786374
9.231050 -6.767850
8.459688 -12.242209
8.002538 -8.994548
9.297013 -8.656707
4.720443 -7.192940
1.611668 -6.954318
-0.103268 -9.997319
2.365126 -8.555184
3.117058 -6.810788
2.227112 -10.718068
4.824919 -7.871925
3.595315 -6.279525
8.368824 -11.613353
9.208276 -7.643554
10.045877 -6.503340
11.973273 -7.524441
2.259540 -10.687971
2.277311 -11.847462
8.355124 -11.822597
8.933438 -8.130192
12.357056 -4.901611
7.791155 -5.375875
8.440578 -7.678952
9.103354 -12.171678
1.174367 -8.728341
6.763340 -7.297204
9.164992 -6.137491
6.962983 -7.976307
4.139115 -6.180837
8.013214 -10.211096
7.103258 -7.080084
7.156879 -7.383623
9.497639 -6.386435
8.845028 -9.690856
8.211336 -9.109072
8.914820 -7.050084
9.032144 -8.189595
7.866084 -13.819248
7.550770 -15.487781
8.286150 -12.687461
10.839025 -13.693200
12.198683 -12.838965
14.418324 -13.417963
16.887856 -10.522266
13.880131 -5.872076
11.055022 -7.190717
13.697782 -6.335278
9.941816 -6.236899
8.514168 -9.835111
8.225924 -9.450595
8.254730 -13.236872
8.868790 -13.179303
3.177660 -13.361820
3.344026 -14.936799
1.939263 -11.074498
2.450546 -10.253036
1.845054 -9.830754
0.014956 -9.493772
-0.810986 -10.145818
-0.084509 -6.408763
4.228659 -8.073478
5.532270 -7.102891
9.969416 -7.467875
9.105197 -7.718105
7.858285 -9.297128
9.049440 -10.773367
8.853989 -9.366463
7.989171 -9.857005
7.861602 -9.008574
7.989074 -8.343252
7.949605 -9.263279
9.856739 -14.992293
8.238235 -10.612380
8.072301 -14.840225
8.963753 -6.717568
9.132433 -6.846352
5.261769 -6.989239
3.909076 -7.414907
3.020535 -7.465637
7.226221 -6.604022
8.600776 -6.101220
8.460624 -10.845168
8.767756 -12.244134
8.803609 -15.568437
13.055609 -13.534167
7.365587 -13.268611
-0.870906 -8.651762
0.640999 -9.903709
-1.152247 -11.105078
0.806128 -9.373678
0.122981 -8.744493
-0.623087 -9.918869
1.622985 -9.803165
3.928087 -6.514818
6.720523 -7.263232
7.903101 -8.105920
8.945907 -8.546031
7.380707 -8.020318
4.479337 -6.300659
2.000706 -7.570139
1.109394 -9.040709
2.535088 -7.064938
1.844747 -12.743181
1.090389 -10.028975
-0.532776 -9.023131
0.705765 -8.782882
2.562232 -11.103611
1.621158 -11.235852
-0.667765 -15.331250
1.429428 -10.928938
3.208454 -6.209291
5.766712 -5.592375
4.478836 -7.600763
10.462609 -7.811276
9.205726 -5.363941
6.421224 -8.045595
3.282887 -3.053048
4.326826 -7.805299
8.870787 -7.708410
8.253874 -9.387550
9.454009 -6.798213
8.048935 -9.757316
8.719292 -10.283650
8.999254 -10.347686
8.271319 -8.486844
9.197257 -7.301601
2.723786 -7.630908
5.469274 -6.871690
3.877326 -7.870651
1.964066 -6.961411
-0.260361 -9.059585
1.118154 -9.285138
1.802474 -7.054072
2.536021 -7.295851
6.712041 -7.153133
8.581027 -7.843697
9.133347 -10.169754
6.950193 -6.508527
5.781139 -8.083446
5.548276 -6.267321
4.608159 -6.325667
2.674473 -8.304981
2.583205 -12.938773
3.568273 -14.587773
5.932042 -13.454194
7.007819 -14.192602
2.200151 -13.068893
2.555093 -8.933944
-3.568349 -16.641832
0.825045 -14.470309
1.082510 -10.009122
2.029757 -9.968623
8.953892 -10.039939
7.125409 -17.876947
5.713487 -16.559521
6.479977 -14.778664
9.040572 -7.519890
11.068230 -14.611407
1.194536 -11.908586
0.654228 -11.653526
9.094571 -12.544044
4.164963 -6.736592
1.126631 -9.407092
0.532440 -11.445436
2.038374 -13.555387
3.625567 -7.464157
9.421583 -6.634804
7.193553 -7.057707
5.886233 -7.007310
5.836936 -7.721747
3.745203 -6.603031
1.607076 -9.727384
2.415586 -9.267241
1.244722 -9.974816
2.744841 -13.282202
5.165453 -13.517898
5.641560 -14.400928
8.515329 -10.044995
5.062788 -5.487901
3.874998 -6.573430
7.426055 -6.816789
8.976788 -11.851885
8.134563 -12.701665
8.570423 -10.340760
8.845660 -9.913505
7.603658 -7.751356
4.365005 -14.836267
4.769242 -13.451982
8.392535 -8.301391
5.137497 -8.192796
9.020170 -7.887769
7.951891 -10.789973
12.191810 -5.677669
8.098461 -8.608214
8.969921 -8.099853
8.993170 -11.703954
7.864529 -10.398339
16.067184 -13.644505
15.322960 -13.340121
8.866893 -15.561049
5.634324 -14.835374
7.076377 -7.361960
6.275662 -7.503798
7.857800 -9.243812
3.566847 -7.669359
3.343723 -4.957394
9.088580 -10.263415
10.114526 -6.129251
13.537292 -5.470419
8.133840 -8.886081
8.149772 -8.020813
9.219301 -10.270857
7.967263 -10.398558
1.418005 -8.797099
0.018341 -11.460251
-1.561693 -10.438998
7.910198 -9.846498
14.685937 -11.322927
9.170904 -12.392535
8.360778 -11.556804
8.787736 -7.733598
8.842556 -6.292904
9.241745 -10.728867
7.990881 -10.712108
7.919715 -9.363611
8.120663 -10.923903
8.552292 -10.632230
8.176748 -11.326182
9.106652 -14.843554
6.706166 -15.134909
5.859155 -7.572422
11.708261 -5.354842
8.715117 -5.126390
8.556393 -9.752731
6.545045 -13.937201
6.407701 -13.253877
2.540003 -10.583409
2.514212 -13.242618
4.790041 -13.549703
4.266282 -14.044730
4.610573 -13.892926
8.401771 -13.635270
7.875105 -12.104946
8.116401 -12.060086
8.789266 -10.645084
8.492973 -12.242645
9.329670 -9.404061
17.196047 -13.262605
16.862705 -11.809193
10.119574 -7.462328
11.463487 -16.064423
10.647451 -13.350857
9.582480 -14.089949
2.189103 -9.553750
0.872758 -10.186726
5.270585 -7.807063
1.736104 -12.837861
2.602640 -10.046540
0.149451 -13.146179
4.202518 -15.406983
6.580530 -14.224730
3.284492 -14.232848
-1.749687 -8.403694
-0.817177 -9.706357
0.982764 -7.215329
0.874880 -10.149821
-0.121192 -10.322198
2.777117 -10.744646
2.085259 -9.188518
3.074683 -6.653718
4.273818 -7.325021
5.270881 -6.890624
4.808759 -7.325902
1.496843 -8.362844
1.616706 -9.263915
0.176793 -10.968957
1.431440 -10.625148
2.577218 -10.261956
2.492911 -10.021311
-1.891046 -7.594184
2.323001 -8.266738
2.000949 -10.908395
2.395036 -11.372281
4.562387 -8.041099
3.659825 -8.194949
7.960350 -7.752871
8.400157 -14.861480
-0.957710 -13.094237
-2.750133 -10.349226
3.498370 -15.223145
0.592321 -12.718390
2.020871 -10.403759
0.995233 -8.395676
-0.284338 -11.470769
0.222410 -10.971335
1.333760 -8.412244
0.157549 -13.102905
1.806838 -9.741550
8.764577 -10.420319
8.065948 -11.683462
6.132098 -16.074520
2.816067 -10.746100
8.050434 -10.010341
5.182803 -17.356730
5.668934 -15.050332
6.775518 -14.158500
5.919287 -13.415626
3.297930 -5.800932
7.850209 -9.650016
8.579335 -9.833014
9.004755 -14.596650
7.152039 -13.298231
3.603453 -7.316755
7.972595 -10.895255
6.222307 -7.271630
5.548739 -3.944875
5.840484 -7.414190
4.983958 -8.198125
5.929851 -8.087065
6.292932 -7.250847
6.260386 -8.038010
4.436549 -7.833739
2.216644 -7.718012
6.044471 -7.386325
2.793465 -7.960448
3.566687 -7.771749
7.883514 -8.466077
8.102105 -9.082935
7.964912 -8.146812
6.225431 -7.084002
6.165285 -7.254492
8.695950 -7.455444
9.817553 -7.793787
10.959021 -13.233211
9.291286 -13.502572
10.224505 -14.617238
15.004989 -12.982394
12.880566 -12.882521
11.912203 -13.267467
18.939508 -9.398760
17.274109 -10.668581
10.818472 -14.167063
10.732163 -13.489856
7.242841 -7.647567
7.904270 -10.465936
8.626032 -10.177077
8.923121 -12.152713
8.579566 -11.841488
