19.750574 6.854095
13.964549 9.370032
13.037756 8.924785
10.052582 8.926169
9.308685 9.405190
9.285604 3.391279
11.409580 3.299110
12.961051 2.636015
14.463329 2.150485
13.578732 -2.927799
14.470478 -4.668193
12.558630 -3.662373
14.421513 -7.113595
13.697567 -3.001379
12.690892 -4.686123
8.305344 -3.751307
8.382501 -4.737254
10.030306 -5.682564
5.393909 -5.752050
6.864466 1.131961
9.277835 2.265335
4.981471 1.180915
5.609453 1.963000
11.103586 3.599895
9.881406 1.657355
9.943517 1.595875
12.594806 -3.928951
11.728715 -6.413474
17.667212 -7.174041
15.735068 -11.285647
19.198914 -10.695237
10.205761 -4.579497
10.205695 -6.776744
11.507067 -4.295259
11.648317 -7.638819
7.920705 -15.166114
8.533585 -14.125535
10.861214 -13.019532
11.696560 -13.732858
8.932269 -13.763715
7.693095 -5.430583
8.492298 -6.485125
4.406179 -6.586621
6.580307 -1.797483
6.960989 -0.582675
6.092537 -0.053184
7.386335 1.709047
6.574527 -0.600155
6.989726 -0.711780
6.496083 0.382314
6.328120 1.917343
9.506559 2.442721
10.439384 3.472265
10.915483 3.786372
9.998319 3.203779
10.499876 1.558877
11.305611 3.255265
10.906610 2.815529
8.736509 4.586415
11.479755 1.678545
7.327850 1.147367
6.502955 -3.493439
6.468879 -0.310119
12.541653 0.177087
13.111018 0.076318
12.653776 -0.337410
10.384675 -4.542453
17.958879 -0.539360
16.678883 -1.036707
13.785484 -2.444238
9.768080 2.199728
11.478884 -3.907047
9.048191 -4.232002
3.965714 -1.699406
8.001000 1.882221
8.752274 1.285496
6.339717 1.779062
6.018676 0.447725
6.920441 -0.397401
6.151784 -1.128852
7.363641 -0.438755
6.716408 0.082358
7.744873 2.609366
13.822248 -2.593260
9.764767 1.806729
11.863766 3.726126
7.323263 -0.966166
7.176102 -0.096579
7.514003 1.811411
9.611946 2.557602
7.590734 1.290314
11.098361 1.574320
7.810894 2.010421
9.329029 3.365050
9.745568 3.268300
7.393184 3.044563
7.169773 0.295045
7.853367 2.295834
8.804154 1.568558
10.305307 2.240469
11.418813 1.413857
11.534106 2.468175
4.901104 3.751045
7.494132 3.171935
9.689243 4.154679
9.718950 4.761541
9.803502 5.976631
8.003741 6.095970
7.589738 4.587088
11.963149 2.945455
14.590990 3.696578
9.417063 1.772377
10.677278 1.456619
10.633605 3.567062
9.762884 5.658549
9.200748 7.601727
8.631841 6.524210
9.677441 5.537974
8.012060 3.486884
10.982514 1.929541
10.161661 3.182978
10.716770 3.406047
9.451708 3.428564
14.324097 2.343624
8.715656 4.370389
8.002344 3.028964
6.767456 2.036380
7.444999 0.591562
8.241595 1.559004
9.324247 1.609383
10.244341 2.652571
7.726161 1.850801
8.801447 3.330028
10.880546 3.165501
9.837503 2.800278
9.117794 4.914537
8.770629 2.461277
8.578177 4.748912
9.486096 5.011044
9.514954 6.136542
9.719382 9.420182
14.052231 9.056794
11.392291 1.350251
12.045785 1.851177
12.847347 0.892199
15.049620 5.407620
14.871683 5.499335
16.412918 7.956991
11.457721 2.377648
13.401063 1.547202
9.240012 4.122744
8.039670 5.160261
7.246227 4.500269
9.196998 5.658882
14.943801 0.584400
14.576400 1.925729
8.532427 1.896276
11.778481 1.894246
15.449953 11.433910
16.646065 6.940102
13.760457 9.517595
17.202925 14.301322
12.174477 9.101101
10.216087 10.032187
9.089501 7.035138
8.993152 4.790674
9.436283 5.030632
8.458353 4.226506
9.097955 6.837213
9.635451 4.496098
8.273118 2.880770
13.231839 2.576965
9.948215 1.451373
9.398335 1.452257
9.590730 3.853386
9.153860 3.517104
-8.088973 5.960871
-10.458944 9.342946
-17.632772 16.044228
