4.799636 -16.240067
2.156858 -12.861911
2.828386 -12.227233
2.292783 -8.958701
0.806197 -9.767271
6.597062 -5.271832
12.293955 -6.573113
11.598930 -7.330312
10.733664 -5.817708
8.887312 -6.542700
8.294333 -3.925680
9.715343 -6.744801
9.025032 -8.626803
8.117212 -13.870688
8.288384 -11.687184
8.557811 -10.011661
14.100939 -13.254605
13.018743 -14.396978
11.844505 -13.094501
14.900654 -13.679049
14.859201 -13.607882
10.829226 -13.179320
13.802033 -16.564150
7.729805 -13.342284
3.924997 -5.820424
6.659300 -7.031038
4.585556 -5.814723
4.341971 -6.302495
3.461956 -7.377294
1.159828 -11.190970
0.852264 -10.636378
2.382299 -10.064168
2.706832 -9.894005
6.057240 -7.002069
6.780137 -7.414849
7.047981 -7.623546
6.167192 -7.661637
1.684517 -10.990512
1.613318 -10.045316
-1.670691 -9.942140
2.309872 -8.331625
-1.256211 -9.840031
0.290354 -6.729261
2.547116 -8.795397
3.036255 -7.460432
8.638619 -5.807826
7.196761 -7.351302
9.209538 -6.434102
5.530248 -6.931486
8.566269 -9.785834
9.385619 -11.405017
8.421747 -8.390240
9.353168 -10.260660
8.041858 -8.922893
8.071912 -7.656673
8.002403 -10.159921
8.776421 -9.099332
7.873940 -5.004856
5.797446 -7.542222
5.889256 -8.191493
8.427097 -8.011246
9.202123 -10.487796
8.425426 -11.679722
9.159332 -14.302814
9.508820 -12.825978
8.029589 -13.066065
11.825535 -15.907850
4.704126 -13.309660
8.522110 -17.602438
-0.577885 -13.406747
2.818291 -11.436852
3.941857 -7.637855
3.171575 -7.593717
4.722435 -7.342175
1.315847 -6.344486
2.197293 -9.140943
0.444866 -10.046103
0.556404 -9.959165
0.886756 -8.758046
2.378391 -12.173392
5.791602 -13.988449
1.697105 -10.801479
2.722329 -8.683846
8.079140 -8.349530
4.993193 -7.478818
5.724638 -7.091119
5.533732 -6.492164
4.624822 -7.927924
8.398909 -9.157515
10.684517 -6.364386
7.236631 -7.455391
1.911745 -11.354375
3.182369 -13.607821
4.660556 -14.139868
8.500487 -13.656696
2.445087 -10.488711
4.407029 -14.807541
4.521532 -13.380971
8.954865 -14.138461
9.337541 -12.095846
9.363701 -10.508810
8.737344 -11.297323
13.268742 -18.910646
9.388149 -13.033103
8.085026 -14.553125
7.583312 -13.241256
6.899920 -5.632356
5.632174 -5.771749
5.763420 -8.033593
9.873012 -14.189308
13.952069 -13.210086
8.960340 -11.336565
15.239988 -12.274837
16.191095 -14.741021
15.897032 -9.638968
16.646448 -13.046569
14.889905 -14.690224
14.792677 -12.167107
16.438271 -10.135472
18.175211 -16.780157
19.666676 -16.358902
9.285261 -12.971043
8.473088 -10.300417
9.355014 -14.888472
7.625251 -13.747584
9.876289 -13.913255
8.747744 -14.897255
5.288561 -16.680887
8.531212 -16.738388
5.958938 -15.558490
6.282299 -17.513155
7.610938 -14.365750
-1.616857 -9.778893
1.786907 -10.115768
1.754708 -10.215673
-1.715470 -10.317571
0.899471 -8.202304
1.757781 -10.200665
2.547217 -10.590804
6.058044 -7.202923
5.016164 -6.774121
5.280596 -6.591239
0.871778 -8.415964
-0.112007 -10.431640
2.398137 -11.841321
1.016383 -9.775186
0.599719 -10.461479
0.015919 -11.093162
8.904675 -13.507803
5.247874 -5.755909
6.697164 -7.628026
5.457613 -7.382620
6.394804 -5.258786
8.438805 -9.470437
5.016547 -6.492997
5.247559 -6.117734
4.660910 -7.492830
6.641903 -8.141318
5.566945 -7.546090
6.126223 -6.583653
6.804849 -6.204985
4.047168 -7.739306
1.093894 -10.677321
2.154080 -9.021764
1.924259 -10.850648
1.113456 -10.872655
1.789112 -11.048192
2.648594 -8.085347
1.672534 -10.694744
2.698408 -14.357843
6.207193 -13.305798
0.702884 -10.781972
2.084991 -9.115334
5.390779 -7.861773
1.785088 -7.529471
1.066044 -9.015487
2.821194 -9.053099
1.129444 -9.278930
0.301527 -5.418669
2.494111 -10.336852
2.750352 -9.907053
0.573366 -9.869107
0.044765 -8.208591
0.104626 -10.534064
0.990006 -11.822894
-0.145772 -10.075587
1.450673 -11.282869
2.250412 -8.125375
4.498463 -6.718848
6.121789 -6.249459
7.446105 -8.103458
4.920207 -6.492400
-1.125727 -9.221376
2.687553 -9.402520
0.311361 -9.957761
3.488064 -7.195619
-5.080947 9.310749
-5.844410 13.714431
