-18.131872 16.121630
-10.282241 10.825217
-6.006136 7.683022
3.999310 4.309483
9.092916 5.123178
9.674063 9.926577
8.164375 7.032276
8.306467 6.193020
8.875471 8.841233
12.375973 10.010398
11.172434 9.718804
10.740999 9.604975
17.526285 3.167659
15.917463 5.725993
15.776890 7.618784
15.421927 4.126503
14.964291 2.210798
15.820173 2.957838
14.257842 0.062896
8.136866 4.390082
9.342858 3.079593
10.563538 1.609670
15.456135 2.066535
14.178831 2.025921
13.427445 3.064836
16.865713 3.549365
13.972181 3.726379
11.712450 2.649982
6.628246 4.421987
8.837275 6.854507
10.401155 11.898586
8.876130 8.091499
7.902305 5.782553
7.299945 2.178304
8.072150 2.564632
9.800454 2.338580
13.381672 2.157302
10.846133 3.121721
10.445816 2.941564
12.435844 1.370836
15.885278 -1.549472
14.395439 -2.469817
12.960859 -6.728658
8.703809 -5.702005
6.950574 -6.470906
7.411159 -2.171104
6.939113 -0.303191
7.520379 -4.580819
6.736691 -4.881167
7.789261 -5.185825
8.279390 -5.266166
6.714880 -2.887718
4.215745 0.806950
6.751731 -2.664802
6.800560 0.411114
5.386868 0.185939
10.499632 2.843406
11.819550 3.344467
9.259495 1.728782
9.215372 1.365214
13.143654 2.341795
13.013472 -3.362842
13.083104 -0.121827
14.755896 0.363404
15.595624 10.594880
14.446472 9.852009
