-9.242460 -0.174532
-6.666903 1.736348
-4.286206 4.681034
-2.150406 5.906084
-1.966570 8.062649
-1.539876 13.387745
-1.164019 8.393596
-1.556214 8.684923
-3.333579 11.415938
-4.735760 8.849147
-0.740366 9.680829
-1.249776 9.444789
-0.985566 9.020831
-4.265693 10.789759
-1.103277 8.305108
-2.094422 8.664815
-0.584033 4.875299
-2.387526 8.395883
-0.761796 7.797121
-0.829906 5.610062
-0.317597 4.869544
1.042114 4.655816
1.344741 4.361040
3.493406 4.811440
5.453507 7.028643
4.802312 9.273303
5.098041 12.174695
4.394645 12.085047
5.986649 8.207831
6.643169 8.868670
5.398794 5.127831
3.618971 5.820372
2.328601 5.492930
2.866044 2.493164
-0.215810 5.836756
1.471016 4.461677
1.660755 4.800254
1.145775 5.367578
2.890339 3.570796
1.058530 5.108070
-0.307574 5.646348
-3.117760 4.935168
-1.461336 8.674344
-0.723848 9.894099
-0.862295 7.209177
-1.050085 10.341136
-1.207184 8.232435
-2.404106 9.319121
-2.495032 7.729656
-2.111831 6.932300
1.560880 4.826887
1.133956 4.262375
1.188852 4.765539
1.511557 3.622294
-0.700524 7.441535
-2.126632 7.681805
-1.780557 8.410883
2.979951 11.013306
2.359243 4.842603
5.897354 6.303688
4.750339 8.342134
4.669709 5.087810
3.818647 5.199671
3.557918 5.937693
5.123869 4.554886
6.875119 6.544230
4.699516 10.368683
4.368966 7.201542
4.862726 8.851480
4.863507 7.554712
4.186985 5.364265
4.151032 4.654566
4.262144 5.600314
5.171593 2.974671
6.010055 9.105367
4.588032 11.662151
6.963359 13.462796
4.486786 16.945650
