8.667508 -11.347854
8.272357 -13.041194
10.451948 -15.852499
6.931211 -13.619510
10.991804 -13.592535
10.083985 -14.292516
11.140108 -13.268907
6.726345 -14.766794
7.072144 -13.319411
5.733268 -18.057978
9.075594 -12.628066
8.573406 -10.300374
8.107836 -12.462351
12.295374 -13.675096
15.282173 -14.938313
11.969966 -13.727025
8.837181 -8.165675
5.774053 -7.437220
8.845080 -10.428498
7.830890 -7.449001
8.053703 -9.076241
3.078992 -7.809987
-0.075480 -11.078858
-0.817803 -6.653677
1.575494 -8.627203
3.437491 -8.000947
4.850213 -7.827546
3.692952 -7.603393
7.977107 -7.664561
4.948713 -6.490803
7.927782 -7.442643
6.978733 -14.337399
2.264786 -14.572050
2.781224 -12.799855
5.781399 -7.585686
8.768786 -11.752646
7.947546 -11.208171
8.002583 -12.208396
9.327494 -12.470170
9.090640 -12.537179
11.297794 -7.716808
11.041014 -7.626822
17.645693 -17.086016
13.345003 -14.480849
14.147148 -13.391728
8.767986 -11.216221
9.299417 -11.792387
8.766313 -10.326823
8.013452 -12.146572
9.207224 -8.147008
9.313450 -12.073642
5.354212 -13.490552
4.112060 -13.513177
8.376046 -13.627025
8.872249 -9.581802
1.948021 -10.971931
0.845656 -9.783643
2.112324 -9.877302
0.718396 -8.265666
4.143730 -7.805377
4.558621 -8.026088
5.350503 -7.365153
6.584882 -7.629461
4.411603 -4.771766
5.642768 -7.848145
6.301505 -4.919955
6.159363 -6.443026
12.431895 -15.798100
16.133688 -16.859118
13.147694 -14.654094
8.538177 -13.387725
8.128420 -9.463758
8.144730 -9.989053
8.594618 -10.832628
8.725877 -8.812437
8.610959 -11.246091
7.960965 -10.638346
6.733199 -7.322066
5.439193 -5.866644
8.172507 -6.844728
2.332525 -9.248345
0.831036 -10.608426
0.266675 -7.541883
2.625095 -9.607949
5.006212 -7.705631
7.108091 -5.078146
4.345420 -8.157294
2.972632 -7.998670
2.532904 -8.279864
1.955772 -8.174213
4.883271 -7.822464
6.118292 -7.269231
1.971445 -9.255078
2.053143 -9.479754
0.797465 -7.414390
1.239749 -8.813731
3.708261 -7.043622
7.239368 -8.004980
11.836650 -7.293851
11.605648 -13.609872
11.051588 -15.706449
1.156348 -11.597228
3.686709 -6.162478
6.325163 -7.288467
6.301841 -7.598963
-0.944865 -15.315148
-2.629933 -10.022077
1.059902 -10.376267
2.523957 -10.975285
1.346996 -10.361066
2.640227 -9.364827
4.943288 -7.710346
3.847077 -6.884073
2.755437 -9.518500
2.677517 -10.471387
10.567211 -13.156556
1.318380 -11.440962
1.687919 -8.879924
-0.378036 -9.057656
8.075540 -9.639358
5.679226 -7.626089
3.831242 -8.062913
8.123437 -10.013507
8.836252 -9.926673
1.609779 -10.170983
2.094393 -8.250776
4.367513 -7.930161
-0.375139 -9.709653
1.776373 -9.252007
2.258520 -6.798469
3.742119 -8.046371
3.084669 -7.843804
1.331600 -7.707194
0.782698 -11.798160
1.640856 -9.521742
-0.186977 -9.754136
1.642180 -11.081795
2.279588 -8.082527
10.927751 -7.730197
5.787910 -13.622170
13.574307 -13.615423
8.383321 -9.495438
8.119528 -7.202879
6.615526 -7.508308
7.866335 -6.994976
10.852221 -5.658291
8.856518 -8.204429
8.025245 -8.291414
8.211775 -8.999670
9.266260 -9.586661
8.835300 -10.131246
9.632296 -6.118175
6.692365 -5.439718
6.550955 -7.909104
5.182965 -8.175639
6.924713 -7.292839
3.069334 -8.105073
4.338380 -7.079342
6.843601 -5.522333
3.601191 -7.885951
5.933119 -6.925884
5.076203 -6.364214
7.353673 -6.508747
8.015627 -8.453205
7.057230 -6.989727
2.264936 -6.027207
1.276935 -9.561324
2.452899 -10.274150
2.341418 -8.186341
8.049931 -6.636051
8.396879 -12.318093
1.932192 -9.369753
2.017430 -8.556764
5.047791 -5.966361
7.250125 -5.346919
8.828596 -8.966498
5.768030 -14.418786
6.409191 -15.226167
5.300789 -13.844001
13.156782 -5.829583
15.379761 -8.083271
17.070431 -10.638503
14.521017 -10.095998
10.321531 -13.515347
6.540144 -7.929316
8.200000 -8.038628
1.667014 -10.868690
1.324114 -15.544236
9.708208 -17.204573
7.268636 -13.719096
4.782935 -13.799265
0.613521 -12.534329
4.138556 -14.317158
5.097387 -13.466451
6.710901 -13.667282
12.313500 -13.648149
9.670153 -12.929015
8.253051 -9.373101
6.282522 -7.908688
6.343235 -6.756075
6.250177 -5.038055
6.978381 -7.066122
3.146192 -7.192475
2.750027 -5.218458
1.952060 -8.565869
1.432805 -11.650489
1.157087 -8.932673
-1.977411 -11.676321
-0.437921 -10.058290
6.470384 -8.200149
5.902283 -14.997582
4.368547 -14.124022
1.532150 -8.387927
2.119446 -11.195203
2.608574 -12.053067
0.505769 -9.085960
2.439787 -7.592390
4.057595 -6.127830
2.725604 -5.247639
2.413213 -12.263118
2.760025 -10.307399
2.511611 -10.368615
2.436826 -10.808634
2.090138 -8.516803
4.679820 -6.874253
5.518849 -6.061832
6.345316 -4.265726
4.727566 -6.932705
2.505277 -7.710260
5.622048 -7.536390
3.623287 -6.457800
2.798722 -5.714821
3.507950 -7.965471
7.273337 -4.682431
7.922433 -5.628665
8.483871 -10.628434
10.467376 -13.851027
-1.033783 -13.508805
-1.106488 -10.740730
0.538149 -14.552303
2.390015 -12.162475
2.292071 -13.932742
6.821116 -14.794284
10.484613 -14.193792
2.095623 -8.408540
4.698089 -6.546492
3.236439 -6.792485
2.816807 -8.262137
2.291022 -9.677880
5.431312 -7.958777
6.984413 -4.550419
8.160856 -10.577151
8.889126 -11.461287
8.145997 -9.410627
8.176527 -11.614713
10.879912 -14.657482
11.848820 -13.632126
13.272328 -14.044263
11.063186 -7.803333
12.129518 -7.056240
9.624471 -5.834260
12.887022 -7.592126
9.333145 -4.582941
8.353115 -7.871733
9.090954 -10.336303
7.307066 -6.413235
9.155691 -10.045266
8.997644 -13.141084
8.291624 -11.515055
7.798916 -7.443890
6.017008 -6.229588
6.323426 -5.858927
1.639286 -9.337315
7.605253 -3.853478
6.363165 -6.018879
8.136146 -10.520967
1.663394 -7.315135
5.445996 -8.180643
6.024131 -7.312810
5.823791 -5.508537
5.572770 -6.085669
11.712862 -6.016352
7.936415 -7.543125
8.112432 -10.470815
8.124354 -11.167105
9.077493 -6.413425
7.075189 -7.936012
3.799539 -6.788753
0.499987 -9.404516
-0.751062 -10.267872
1.720783 -8.983027
0.852447 -10.353406
0.080500 -10.187994
1.589290 -10.746800
2.416665 -11.501140
2.823521 -9.194352
2.830825 -8.284217
1.223644 -9.540587
1.430044 -9.553671
4.262695 -6.101748
8.580709 -8.022769
3.947797 -7.601333
-3.055426 -10.024177
-5.372752 -14.910627
