16.688261 13.125693
6.995026 11.405787
4.365780 12.904440
5.632295 12.975547
9.143921 13.280692
6.966501 9.618050
5.054675 9.401082
5.445769 12.434268
7.526872 14.946812
4.814842 16.420469
5.737326 15.319143
7.202481 16.586010
5.904645 15.634334
5.263272 14.597327
-2.575050 8.671681
-2.074561 8.871910
-3.551854 11.603491
-3.340480 11.578024
-1.248065 15.648264
-3.553411 11.797488
-3.668343 11.017646
-3.945793 11.278932
-5.460778 11.566649
-0.063589 16.934769
-2.984821 9.032884
-3.021253 10.096660
-0.948981 11.452218
-2.109057 12.205668
-0.904326 6.077554
-4.097012 7.379329
-4.223435 10.694794
-2.384366 9.533134
-3.569925 7.976076
-1.955287 9.162924
-2.614910 8.825821
-1.075797 9.490116
-2.881772 10.801784
-2.577568 8.160701
-0.942773 7.773580
-1.187253 8.025836
-1.467450 7.126668
-0.422485 5.389016
1.371187 5.856524
-2.201823 5.457620
4.000867 5.315741
4.386160 5.522962
4.422431 5.519659
-0.242679 5.247180
0.176414 3.844377
0.876439 5.789752
0.325549 4.030887
1.507481 3.763679
0.917805 3.704172
-0.834438 3.771704
-0.798310 7.706327
-2.186378 12.491232
-1.093589 10.993019
-1.206486 9.312999
-2.152286 4.985397
-0.879035 7.240689
-4.030210 10.213282
-1.993489 12.568821
-3.594158 15.768407
-5.117529 14.078947
-7.278049 15.286023
