-4.499844 19.182360
-3.076036 13.598081
-2.347949 10.115180
-1.002648 7.176247
-1.954924 6.848321
-1.457423 5.454215
-1.378091 6.542092
-0.990673 4.994332
1.377667 4.514062
1.959181 3.278661
2.900500 5.572734
-0.234238 5.832521
2.961647 1.237032
5.985712 -7.530348
2.699674 -7.167015
2.687004 -8.035241
2.086155 -9.553580
1.496179 -8.441157
0.178758 -10.557415
4.068321 -17.162344
6.367638 -13.465701
6.354506 -14.122905
5.231096 -13.498775
2.408625 -10.701385
0.388465 -11.416835
1.167917 -10.832792
2.080455 -10.516978
1.927708 -11.534655
1.553681 -12.519108
1.357518 -14.209048
0.847777 -14.228194
0.967040 -9.689467
0.711948 -11.182544
0.222661 -8.399944
4.107315 -7.917536
2.831672 -7.999212
2.526398 -12.420895
-1.156270 -12.842008
5.468851 -14.743471
2.432990 -15.942960
1.727466 -12.013827
2.621408 -10.406238
2.153569 -8.477391
1.946233 -12.784191
3.441671 -14.232298
2.992266 -7.011916
4.663260 -4.981215
3.755087 -7.617266
1.077817 -8.091125
2.655112 -9.093484
2.704830 -12.089288
2.296195 -12.440407
1.235881 -6.187323
1.296190 -9.167952
2.057645 -9.305346
1.627186 -8.994720
5.415627 -6.508553
4.877685 -8.032255
5.266855 -7.142737
7.724622 -4.420055
8.659262 -12.925708
8.213977 -11.449450
8.061230 -10.732269
8.213650 -12.694285
9.166842 -11.163280
8.660050 -11.877431
8.973478 -13.669742
6.985528 -14.126441
5.619442 -14.809543
2.345106 -13.080439
5.181513 -14.186732
11.783804 -13.795069
12.169499 -6.132571
10.741420 -6.666939
8.395218 -12.578892
8.454186 -10.250970
9.152865 -13.930670
8.081572 -14.975224
4.822762 -14.048205
9.158285 -14.724378
8.884403 -9.968366
7.193501 -8.079028
8.676704 -9.655064
8.917793 -7.072670
7.967240 -7.033644
3.408083 -8.014287
6.577382 -6.062446
8.681764 -10.066743
7.182452 -6.255486
8.730972 -7.428219
7.113653 -6.592942
8.698591 -6.520689
7.042051 -7.264613
11.396379 -6.598343
10.409814 -5.921179
13.461804 -4.178540
5.971756 -6.602124
6.685846 -7.838809
7.241445 -7.437028
2.452083 -8.666419
2.594346 -7.616759
3.990453 -8.147394
7.894249 -9.270082
6.105464 -6.667648
3.369733 -8.068385
2.585035 -12.278689
-0.806610 -10.417432
3.140412 -13.936476
7.020643 -13.305041
1.014370 -9.519420
0.758023 -10.047528
0.683030 -12.878966
1.382104 -10.393298
2.000323 -10.555041
1.763633 -8.556853
3.512429 -7.690402
1.837757 -8.691894
-0.602693 -10.955682
-0.779136 -10.510558
-0.814867 -10.262164
1.647266 -8.190884
1.769347 -10.189853
2.276226 -10.413674
2.699107 -11.279317
2.508185 -9.546700
2.347440 -11.364093
3.343153 -15.466134
7.456351 -19.995634
9.848858 -15.268853
9.942906 -15.296447
5.244131 -14.231866
5.767571 -13.516814
8.075503 -14.312309
8.360447 -12.092374
10.252419 -15.357736
9.498268 -16.688604
5.591057 -13.469672
5.248250 -7.590402
0.761704 -9.336829
1.702413 -8.260811
1.905361 -9.542254
0.582050 -9.904653
0.653168 -10.582123
0.442046 -9.811275
3.343010 -5.660268
1.654587 -10.888919
0.552749 -8.572929
1.660976 -7.238988
7.582007 -5.620853
6.017418 -6.189354
6.929536 -7.539079
7.009695 -17.748941
3.383315 -13.329597
9.001245 -9.922891
8.670242 -10.834693
5.166382 -13.202807
11.219736 -16.456770
12.657309 -13.907905
15.924297 -15.699791
13.779988 -18.741289
17.397968 -16.130228
14.403852 -13.769191
14.982665 -11.134249
11.002245 -7.450387
10.782815 -7.317479
9.999619 -7.246521
8.384163 -5.691179
8.173532 -7.741912
5.008766 -6.338253
1.768566 -8.099929
0.801752 -11.904906
0.881570 -10.854537
-0.097681 -13.414850
3.582613 -13.439992
-1.685014 -9.514892
0.011265 -10.150887
2.443514 -7.413868
2.188789 -11.266522
3.048242 -5.977471
2.081800 -5.104858
-1.102966 -8.387153
0.744504 -8.638902
0.440054 -8.877076
0.540404 -10.125098
3.263019 -13.862006
-2.014095 -10.370858
2.429734 -9.783637
1.952596 -8.403646
4.404096 -7.833930
6.980485 -7.947001
2.726415 -7.141100
7.830286 -7.670057
7.186812 -7.676363
16.903561 -7.565188
14.628371 -9.906451
7.766687 -15.188025
4.512451 -15.236409
-1.494432 -15.870475
2.609682 -10.465767
1.263546 -11.038762
1.131202 -12.910457
0.087757 -11.733142
1.600960 -7.293772
3.576088 -7.086233
5.537898 -13.303929
6.447962 -7.795483
2.920525 -8.065559
0.473324 -10.233441
2.577706 -11.280797
1.240853 -9.684658
4.895319 -8.087694
5.724577 -7.587484
8.817220 -10.455014
8.727709 -9.147282
9.165066 -10.672429
8.328379 -14.177269
15.038468 -19.762682
