-4.702857 1.795192
0.163667 -1.173302
3.587754 -4.078475
7.825050 -7.929663
11.187309 -6.785765
8.522125 -10.932641
12.733429 -14.080608
14.437937 -14.705978
13.073627 -14.346366
9.992579 -13.211304
13.495363 -14.580153
19.067818 -16.473179
14.534196 -17.486074
12.890794 -14.795853
9.985340 -19.001883
6.834265 -15.880413
6.777539 -13.493113
10.643226 -13.098242
11.366308 -14.845770
12.564835 -14.366089
8.547219 -15.725467
8.830941 -8.437888
8.810085 -9.248591
8.157459 -6.141274
7.917546 -7.143945
9.134949 -11.402061
8.891068 -7.678016
9.179055 -8.957334
9.146810 -6.757522
10.425604 -5.954616
11.094433 -6.467897
10.266829 -7.600602
9.601658 -7.503831
13.122406 -6.219276
14.202034 -6.849270
17.236099 -13.450815
8.931649 -12.938340
8.249792 -13.112851
8.454422 -9.877682
8.951698 -12.959599
8.458892 -8.606062
11.096504 -5.282411
12.219450 -5.177671
12.891107 -7.368231
9.136080 -6.995270
7.136243 -4.507430
5.165229 -7.964986
4.431673 -6.820142
7.840903 -5.072998
8.231362 -10.562680
8.026869 -10.835115
8.976939 -11.436047
2.217984 -10.423324
0.732947 -11.982064
2.385685 -8.328982
2.660484 -9.698583
1.396057 -9.678609
1.319709 -9.434138
3.369414 -6.909600
3.609376 -8.060434
0.515216 -8.987569
1.870619 -12.353827
6.237441 -15.133766
2.237685 -13.333028
8.821734 -10.938460
9.225699 -9.462028
5.106180 -8.166953
5.426203 -5.925878
2.190604 -8.522257
1.027734 -7.838789
1.785239 -8.382083
2.520272 -10.356126
0.888177 -16.317408
6.107870 -14.844862
4.737438 -15.753760
0.990165 -14.591144
2.729667 -10.288715
-0.258896 -8.845185
3.180766 -6.023403
3.324638 -8.128269
3.323220 -7.132900
2.296328 -7.427793
2.004678 -11.417703
1.918402 -9.424661
2.122663 -5.872051
5.071125 -7.150313
3.199044 -8.104369
6.914729 -6.991111
6.785991 -6.898897
6.836113 -6.469728
6.720229 -4.959981
8.501240 -8.410501
8.621137 -10.651269
8.194747 -13.453921
10.154332 -12.918124
5.242105 -8.101410
2.101435 -10.081636
4.490537 -14.862033
3.433521 -14.706647
8.948545 -11.755101
9.164820 -10.582758
8.017511 -9.855180
8.028200 -12.026683
9.035041 -8.694482
7.937846 -10.462241
-0.157527 -9.926343
0.571920 -10.182120
1.194824 -10.949616
0.190232 -11.844832
2.061108 -10.232577
1.797719 -10.671771
5.660873 -13.229606
8.130980 -9.737048
10.284050 -5.643708
8.122607 -9.121257
8.185833 -9.050406
8.422878 -14.577660
6.093896 -15.763810
13.178166 -15.458502
6.383721 -18.983665
3.360077 -15.638214
1.795411 -9.231962
2.669395 -9.345015
2.667098 -12.297152
-1.418196 -10.445741
1.889167 -10.584611
1.282675 -10.297950
1.456390 -8.889915
2.786788 -9.038417
-0.236123 -9.688170
2.708673 -10.027136
0.579728 -10.488649
2.662952 -11.205874
1.282631 -8.727215
8.038918 -8.740249
7.607370 -14.408368
7.258028 -14.034896
8.412579 -8.391280
9.726885 -7.392606
8.406115 -6.703953
10.622705 -6.964612
8.097139 -7.968620
9.015303 -10.894375
7.992023 -8.797812
8.208680 -11.772684
9.199285 -9.801002
8.453107 -8.400615
9.502383 -7.736012
3.987565 -8.097873
6.163658 -7.682696
2.558885 -9.267241
1.914763 -9.362297
2.925498 -7.542522
1.623928 -8.788043
2.716229 -10.359377
2.618716 -9.746965
1.911796 -7.491518
5.316187 -7.919447
5.059384 -8.113927
3.836203 -8.063866
2.666288 -5.490594
2.480571 -8.436747
1.315075 -10.166965
1.917560 -8.168915
1.964945 -12.081031
1.198162 -14.068201
11.258118 -15.246301
18.225403 -14.818999
15.009754 -9.105475
18.598021 -8.660359
14.493784 -9.076772
16.574314 -9.241864
13.335435 -6.196687
11.165800 -7.465434
6.254397 -7.243848
6.692507 -2.732309
8.538521 -7.694671
8.891783 -10.995486
7.169107 -16.391401
8.000723 -17.823538
11.698938 -14.728377
15.026949 -14.026677
14.189385 -14.479043
9.347928 -12.492246
13.350922 -15.969405
15.691952 -11.643360
14.893235 -9.287591
16.374069 -7.734058
15.053040 -6.176969
18.050098 -7.434158
18.229429 -10.299867
14.748541 -10.176560
15.652647 -4.688184
18.986252 -10.671744
19.788456 -9.074119
14.525949 -12.681924
13.755299 -17.035755
12.196463 -13.883889
14.493406 -12.891105
16.238377 -9.550238
11.708368 -4.993474
11.698684 -6.879710
9.229386 -7.421462
8.568847 -8.031625
8.607681 -8.122893
8.075520 -8.396649
9.043925 -12.160783
9.069881 -9.856354
9.234720 -9.720242
8.669174 -9.889613
7.852442 -7.819614
7.182789 -6.573811
4.806792 -7.578547
4.246073 -7.265826
6.769211 -6.377725
4.737901 -6.986362
3.685752 -7.658716
4.552177 -6.441667
2.852077 -7.969004
1.967751 -8.887566
2.756809 -10.145240
2.559257 -8.173015
0.911741 -10.298242
4.166389 -16.320745
1.647393 -10.744247
2.731203 -8.905719
2.570198 -7.044302
3.754669 -7.040389
0.765954 -7.289564
0.476455 -12.748520
-0.458550 -11.995605
2.810250 -12.470153
7.413519 -13.485915
0.204920 -14.894186
0.827548 -11.547138
5.711784 -13.636308
-2.547458 -14.968400
5.475119 -13.480617
3.113426 -13.588433
4.654569 -13.280502
-0.628208 -12.119643
0.995307 -10.428643
-0.220797 -12.922446
6.901682 -14.544453
12.648506 -19.253315
7.972720 -12.245482
8.463033 -9.273138
8.647507 -12.159930
7.984871 -11.087716
8.071298 -8.431518
8.029030 -11.461017
8.456148 -9.382274
8.384792 -6.820834
7.479971 -8.130406
10.072749 -5.592618
15.763854 -7.165267
15.647385 -12.192826
18.291208 -11.959653
17.889404 -14.005961
14.437187 -10.434266
15.100477 -8.067775
11.360689 -5.483042
10.654909 -7.392719
8.084978 -7.378328
6.673649 -7.269606
5.853165 -8.201298
9.665443 -6.865171
11.231085 -16.671061
7.133500 -13.512902
7.551657 -7.823411
8.665569 -8.459731
6.993627 -4.642364
4.275922 -4.905293
8.211023 -8.226735
7.957100 -8.629967
8.735266 -10.777020
7.524636 -7.043089
9.562986 -7.497326
12.539789 -7.733432
11.368275 -6.449911
11.581209 -4.270190
14.734286 -10.650489
17.130041 -7.408676
11.275502 -7.668694
13.036305 -7.746531
11.379634 -6.680426
14.453170 -6.107037
15.482548 -11.761586
14.772162 -10.501243
18.560608 -11.915746
15.808661 -9.251987
15.082385 -13.133323
13.940935 -14.118880
