-0.198192 -12.492138
1.442006 -12.654328
0.888573 -8.085330
2.084188 -10.120683
2.630183 -8.832947
1.112260 -10.510720
2.042431 -10.831477
2.002047 -11.006641
1.773917 -4.805180
3.970495 -6.962008
2.547435 -8.287286
1.256701 -7.065277
2.127255 -8.857853
-1.497986 -13.970677
4.338470 -13.279462
2.598604 -13.548478
-2.156209 -15.495486
11.299620 -12.909845
10.307163 -14.529322
12.939024 -12.788941
9.550876 -13.863435
4.816657 -14.151258
2.680970 -13.168073
2.320980 -10.400945
2.091778 -11.480382
1.825645 -9.551488
2.041706 -9.519431
1.105330 -9.465981
1.057477 -9.720131
2.334697 -9.212467
2.661605 -10.985469
1.951168 -10.687659
2.626453 -7.761177
3.915669 -6.793942
5.053976 -6.040865
8.817739 -8.812353
9.685163 -9.181347
11.090387 -13.183625
