-19.691473 -3.543404
-17.209871 1.485909
-18.128036 3.700974
-15.208990 3.539877
-8.873302 1.859543
-8.193435 -0.418696
-8.467944 2.924324
-9.168752 3.188364
-11.040427 2.019777
-7.999458 8.593706
-8.914413 9.364093
-9.201533 10.854873
-8.789941 8.622949
-7.902339 7.307473
-5.279280 6.729512
-1.753340 6.696556
-0.880205 8.771789
-6.420000 7.227851
-5.672001 7.518601
-7.854071 6.822627
-6.809786 7.835339
-5.887804 7.642137
-5.779181 7.243849
-7.266340 10.318055
-7.373305 6.403389
-5.418039 6.546010
-6.749834 7.557025
-6.348629 6.584733
-4.521951 7.290782
-6.127985 7.623900
-5.661444 6.488204
-5.911725 7.332836
-7.140022 9.273376
-4.790481 7.157178
-6.255321 7.422019
-7.396188 9.800413
-7.907721 7.526666
-5.172030 8.891610
-1.723040 5.891088
-1.344015 6.419497
-1.567402 4.245439
-1.855769 2.647332
-2.429984 3.980585
-2.080794 5.736118
-2.415534 5.564270
-1.116868 2.749681
-1.231675 5.568101
-3.258411 6.806940
-3.641405 6.493964
-6.533704 6.721575
-5.775787 8.288109
-11.649910 10.125306
-10.055723 8.665956
-13.467292 11.087700
-12.602003 9.936154
-18.188372 14.920106
-13.385910 4.971183
-13.090616 7.061894
-13.134420 8.340555
-10.569711 11.166223
-6.345780 8.410253
-5.536510 8.265780
-7.633926 6.555073
-6.606173 7.096461
-6.867507 7.941250
-5.638096 10.789966
-9.274830 10.776408
-12.197200 8.808545
-6.084995 8.597682
-6.260322 6.828043
-7.534332 7.839064
-7.725201 7.236676
-7.724481 6.427497
-7.373937 7.460435
-5.051662 7.375270
-5.992778 11.322657
-9.211721 8.733270
-9.846816 9.063125
-9.277588 10.923942
-9.784868 11.496001
-9.203262 9.195313
-12.769272 8.886835
-12.321275 9.958047
-10.506434 9.886880
-9.414975 10.247254
-6.198686 7.705732
-7.912957 6.823115
-6.346765 7.239185
-7.869426 8.566502
-6.100757 7.966826
-3.645053 7.129792
-4.419967 6.442469
-8.250328 3.134863
-9.231814 0.225280
-10.106066 -0.847417
-9.542265 1.512414
-8.966005 0.763266
-9.940329 1.412612
-9.470406 0.237639
-9.796736 1.831361
-2.406339 3.741789
-1.567629 4.424151
-3.630295 6.371974
-2.694608 6.826517
-1.726245 5.163363
-2.819160 7.310339
-7.504047 6.507170
-5.836013 8.860084
-5.556483 9.409753
-2.459168 8.610667
-2.764310 7.667367
-6.477664 7.016348
-5.991100 7.249383
-9.117574 9.682898
-12.218859 9.032182
-11.313105 9.187973
-9.162779 9.081193
-11.075604 9.366948
-11.018682 8.992763
-10.024431 8.524228
-13.794114 10.832398
-12.992582 7.330892
-15.196781 9.960554
-11.122299 10.453473
-11.165708 10.349869
-11.312782 9.143996
-9.718235 9.899293
-7.021149 8.024922
-7.449564 7.863127
-6.940801 7.041108
-4.016298 9.272446
-10.494515 10.795195
-10.502836 9.648091
-10.999361 9.902678
-7.499436 8.694972
-5.048594 8.344582
-6.065680 7.265174
-7.882146 6.831090
-7.754206 7.032913
-7.731701 6.375703
-8.338284 8.645255
-10.604492 11.374896
-10.391923 10.436131
-13.495777 8.430085
-15.078163 9.009542
-15.107586 9.209029
-11.015925 10.424199
-8.478827 9.523186
-7.336440 9.300245
-7.919240 6.373377
-7.500887 10.117539
-9.934986 11.145986
-11.923200 9.145437
-4.323569 0.353229
-4.077530 -0.028409
-3.579052 -0.834655
-3.130264 0.915432
-7.484842 -0.759020
-6.787419 -3.789226
-9.325644 2.170914
-11.808637 3.291647
-14.522657 0.315325
-10.178518 3.202449
-8.945456 2.731497
-9.087605 3.401925
-8.191986 3.351062
-4.473853 7.883685
-6.194302 7.507477
-2.650003 6.749087
-6.135033 8.818987
-8.054027 9.517154
-13.447160 9.333831
-13.717214 9.009469
-11.559153 8.982447
-13.159245 10.621085
-14.925499 3.610115
-9.497842 10.590755
-6.548221 9.689109
-10.581596 10.332941
-9.098045 9.325339
-10.474406 8.640108
-7.749650 8.831242
-4.858352 7.957160
-6.153233 7.554033
-6.172074 9.223022
-5.585349 7.658363
-7.344552 7.990945
-5.798216 8.837814
-6.345864 7.857647
-5.471081 8.530423
-6.338647 8.253033
-6.528273 6.324162
-6.940112 6.994342
-7.815318 7.348047
-6.505283 8.884649
-7.905344 6.140076
-7.678985 7.156034
-6.914055 9.962588
-8.450749 3.236982
-8.724775 2.400746
-8.463699 0.727945
-5.756451 0.809938
-6.985935 -1.431825
-11.324307 1.978161
-9.949583 3.226386
-9.012171 2.827987
-8.273540 1.188680
-7.383994 -2.491133
-6.773981 -0.097182
-6.064733 0.159345
-7.683527 0.740668
-7.174158 -1.666214
-5.893501 0.643443
-5.069680 0.111677
-0.867858 2.832342
-1.734759 3.782332
-6.551963 6.332910
-8.716108 2.831129
-11.203597 1.820873
-9.234054 1.731920
-11.777073 -0.785668
-14.928453 1.692677
-11.785601 -0.387033
-9.734023 0.359452
-5.148660 -0.556350
-9.931892 0.836372
-11.986055 -0.779269
-9.577217 -0.305991
-10.502724 0.701566
-10.124349 9.291121
-8.754859 9.850057
-13.021342 8.864885
-10.266975 9.454099
-9.308537 10.423050
-5.550980 8.109414
-14.187153 6.493740
-14.077001 4.082520
-12.399761 13.601976
-9.824091 11.666759
-6.703887 9.730470
-6.394417 6.825492
-6.952409 10.117420
-6.229043 10.805273
-9.315797 9.454070
-7.708269 8.330507
-5.324414 10.189179
-9.562418 10.278676
-8.160894 8.524490
-6.289550 8.548765
-6.828975 7.097595
-4.194433 9.229247
-5.342762 9.436206
-11.777181 8.792402
-9.902775 8.904013
-9.907363 8.540857
-7.449447 9.976107
-3.166858 18.875561
