5.214649 19.133244
0.162179 12.311276
-3.003383 7.291244
-3.720140 6.990235
-3.121384 6.525525
-4.623446 6.926012
-3.005350 6.577556
-2.817138 8.936790
-1.823496 5.795167
-0.905427 3.752020
-0.925397 2.226380
0.055581 3.738070
-0.911987 2.867629
-1.665712 4.463971
-1.697032 3.006896
-0.562001 -0.874857
-1.611436 0.128576
-2.630821 -0.707694
-4.020299 -1.206814
-4.471407 -1.732241
-4.789906 -0.144251
-7.944162 -1.594812
-8.442446 2.473430
-8.319750 3.135605
-8.783964 -1.335369
-13.692649 -6.052468
