-3.879931 16.438375
-4.682752 10.502472
-6.181637 7.817623
-7.102136 7.224757
-7.190821 7.542258
-6.041890 7.001757
-7.163721 7.234059
-7.084708 11.802549
-10.190219 9.771185
-8.932434 9.635491
-12.336395 10.229376
-15.918886 11.013176
-13.666582 6.082348
-14.282873 0.418744
-11.395791 2.021676
-11.721036 0.840817
-17.092140 8.515483
-15.005491 7.942494
-13.933098 11.080574
-9.390631 10.074035
-12.644964 9.148211
-9.338038 9.609544
-9.731554 8.606512
-5.732734 8.742912
-6.979076 6.432201
-7.520835 7.079496
-6.767520 10.734340
-7.960497 10.067828
-7.184196 7.776744
-6.223905 7.625387
-6.084111 7.428080
-6.892879 7.989580
-9.757359 3.186101
-8.488174 3.497237
-6.744814 6.425406
-7.427978 8.479877
-10.632617 9.056357
-12.602226 11.360077
-13.480665 6.564925
-12.583670 9.182572
-14.193775 5.564751
-10.993348 10.153434
-5.605308 8.595483
-13.165242 5.072642
-14.590192 3.550216
-10.740913 1.849985
-13.602924 5.836911
-5.053920 7.289636
-9.982613 3.108673
-8.915812 3.196265
-9.746303 3.478576
-7.634113 6.018399
-4.664261 7.418105
-6.685777 8.103073
-6.863180 6.693736
-10.761755 8.861522
-9.917863 9.123365
-4.958934 7.882120
-8.670540 8.879560
-3.658357 7.118986
-7.802245 8.084589
-6.645409 9.245131
-7.941347 7.423770
-8.023176 8.740167
-10.140161 10.084058
-6.717958 12.486444
-7.638262 7.818482
-7.297046 6.726869
-5.466721 6.569798
-2.481895 7.417434
-1.930549 3.905360
-1.408841 5.845888
0.917881 4.742187
-2.676693 6.420925
-1.430339 5.731347
-1.637828 4.040627
0.267831 4.523834
-2.310384 5.758804
-0.263803 3.982022
-1.163276 2.574363
-2.443184 3.329642
-8.059421 9.195186
-13.243357 7.449928
-13.138699 7.637239
-13.998877 5.641598
-13.508071 7.613451
-15.247137 1.102358
-15.959187 6.746569
-13.509050 6.779920
-13.376617 5.200255
-14.215632 2.251356
-10.658064 0.567717
-13.782610 -5.917903
