-8.008896 10.416555
-7.940179 8.976384
-7.953349 9.531253
-7.574520 7.971888
-7.435275 9.363154
-7.573050 7.665187
-5.917520 7.477965
-7.654896 9.069940
-9.485907 8.811503
-11.310483 10.906732
-9.426936 10.801513
-7.043865 9.114233
-7.940002 7.912394
-6.915344 6.645539
-7.354296 8.498918
-6.857569 8.393589
-9.132006 9.673667
-9.905305 9.094689
-6.678149 11.134215
-7.795915 6.920969
-6.489855 9.285372
-4.205489 6.420955
-0.084771 3.623736
0.319421 3.687723
-1.090332 4.154151
-2.021590 6.695819
-6.523019 8.015850
-3.352336 7.325299
-2.391558 3.292051
-1.247612 3.253762
-1.314360 3.327071
-1.958756 2.953863
-1.250856 4.748141
-1.799010 4.749225
-0.578704 2.541051
-1.845592 0.954963
-5.437634 0.719616
-5.298510 -0.355988
0.166278 2.044091
-1.503390 3.036351
-1.413182 1.668152
-1.832839 1.307744
-1.715027 3.792035
-1.376550 3.519633
-1.253836 4.815703
-1.185505 3.753394
-2.206202 4.362567
-4.459430 6.981808
-5.942521 7.093421
-6.323127 7.711037
-7.083172 7.066549
-7.887151 6.775129
-6.500465 7.303155
-6.687995 6.572095
-6.751630 7.231337
-5.557563 7.565675
-3.236386 7.393809
-2.666622 7.556907
-1.421868 6.363264
-1.696403 5.058501
-0.856179 3.286592
-1.207886 4.360939
-1.120820 7.137308
-5.053601 7.319730
-5.437881 6.373088
-6.878325 8.546899
-7.906219 6.784540
-7.556932 6.013273
-6.734588 6.501865
-1.842281 3.138143
-2.148603 2.266394
-10.490016 0.417689
-9.538242 2.326740
-8.335805 3.098406
-10.490454 2.557081
-12.586243 1.332058
-10.571165 2.230665
-9.283381 2.736737
-12.047084 1.067260
-15.074303 4.808375
-14.016351 3.048717
-13.654264 5.414049
-13.046954 6.726331
-14.790916 7.072712
-14.147720 7.349147
-12.403932 9.176783
-7.302424 9.169184
-6.287961 6.899175
-7.238879 7.235188
-7.224035 6.456481
-6.373207 7.509799
-7.659040 6.116142
-7.853879 7.833478
-7.715389 12.570920
-10.879332 10.801485
-8.213099 9.079854
-7.221428 7.649763
-3.834798 9.281091
-9.364217 9.549353
-11.368790 8.652103
-13.441402 11.208268
-12.985286 11.129086
-13.592943 8.478950
-11.930637 11.754077
-5.873940 7.038966
-5.156212 6.564252
-2.111787 6.907536
-2.063412 5.667773
-0.515680 5.806590
-1.935865 4.869822
-1.634648 5.834015
-1.846726 6.101024
-3.709807 7.160172
-3.484359 6.380488
-3.257353 7.745200
-6.031106 8.260694
-5.898722 8.245783
-6.064408 7.850725
-7.601656 7.897464
-7.828018 7.126212
-5.265592 8.028828
-7.819993 10.743136
-16.792959 8.932258
-14.142973 7.485002
-13.221331 5.521098
-13.011808 3.446309
-12.307411 1.716349
-8.634893 0.641752
-6.558407 -0.242031
-10.471311 2.234898
-8.208258 3.085747
-6.158844 8.156381
-8.640819 9.421080
-5.630110 8.069066
-5.335497 10.954751
-9.880059 9.927383
-5.936429 7.228220
-7.566735 6.873980
-4.772373 6.348947
-4.578022 7.753078
-3.747590 8.550965
-5.019248 7.139832
-4.692856 6.618924
-3.940053 7.781942
-3.407738 7.295804
-6.480632 7.968454
-7.654385 6.977401
-7.913778 7.794984
-6.710597 9.558890
-9.435262 9.949919
-9.477593 9.526187
-5.179823 8.091333
-4.467448 7.848842
-6.266360 6.767154
-7.465944 7.116817
-5.965751 6.557468
-3.979566 6.542015
-7.169620 6.508560
-7.491408 7.266552
-6.929625 7.275421
-6.328468 6.335512
-5.780608 9.374745
-6.679535 8.512337
-4.018209 7.888741
-6.527056 7.386245
-7.411872 6.801486
-7.909712 7.626609
-7.005538 8.652900
-7.492656 10.279948
-5.099748 9.153707
-4.764420 9.522845
-5.578989 8.778126
-7.300246 10.552983
-6.209336 7.469221
-6.519477 7.380809
-7.813557 8.139363
-11.343431 1.152868
-14.654657 3.866678
-13.116500 3.575463
-14.575494 5.904638
-11.110979 0.618355
-9.986044 2.617445
-8.271479 2.877849
-8.743286 1.582635
-8.577471 1.372199
-9.549990 -0.706224
-12.040580 -1.217366
-11.844759 0.480707
-17.997763 -1.045667
