-2.156313 7.131839
-0.752668 5.009156
0.774259 2.597074
1.363237 -2.710893
1.603874 -2.361175
1.717159 2.768943
3.286879 1.426324
7.916764 3.162102
8.749842 1.949874
7.876955 0.398735
8.052918 0.380121
7.426241 -3.412956
7.233671 -2.045315
6.852965 2.644368
4.042202 1.136785
4.224290 1.568399
3.629440 1.377755
0.838864 0.992910
0.463700 0.756928
1.654012 0.322653
2.363403 1.077327
4.580212 2.000836
2.083154 1.875051
4.070028 2.202401
2.039325 1.496429
3.340152 1.694597
3.467039 2.165695
3.770406 1.351029
3.463102 1.521868
2.905383 1.065412
1.513372 1.274817
0.453144 0.119410
0.466284 0.682876
1.314493 -0.554012
2.727714 -4.098008
3.469165 -5.097520
3.545216 -8.099706
0.518089 -8.154317
3.755784 -5.002139
1.917641 -4.937122
1.650733 -3.622693
1.179826 -0.508703
1.565766 -0.104426
1.753597 0.187324
1.427324 -0.774668
1.133408 -1.651906
0.446877 -2.464650
1.777094 -3.364719
1.496043 -2.212758
0.784979 -1.269838
0.940657 -1.027541
1.596924 -3.492956
1.120355 -0.297072
0.921983 0.418764
1.473157 -0.192672
4.597645 1.306957
6.672865 2.541729
7.674388 1.454099
8.111363 1.873873
8.705881 -2.435791
7.626997 -1.231946
7.388005 -0.225138
8.817271 -0.616730
6.663299 1.610285
8.962604 -3.143562
7.227645 -2.587251
6.310047 -4.142426
6.135729 -3.986061
4.208294 -5.707261
2.469095 -4.040729
4.944685 -4.785131
2.716002 -6.180635
3.207768 -4.110353
3.064956 -4.036523
3.017937 -3.990673
4.741103 -4.191643
4.451742 -4.371600
4.049532 -5.222547
1.308889 -7.349401
2.757509 -4.222511
3.776653 -4.867328
5.206019 -4.149592
4.758439 -4.283958
3.165099 -4.396081
3.425345 -5.355899
6.110497 -7.042198
5.372378 -7.025943
6.853755 -5.303300
11.024670 -10.144749
9.996538 -11.187579
9.562405 -14.018344
9.425688 -12.367625
13.673603 -16.989471
