-15.126714 -10.878891
-7.564939 -5.864543
-5.006989 -5.750746
-4.876606 -5.490914
-3.291875 -2.583995
-1.813866 -2.402812
0.327171 -0.492776
1.639008 -0.358206
1.796406 0.272913
0.690255 0.593980
2.207065 2.854393
3.582451 1.893529
3.583504 1.895456
4.656782 1.109978
4.197333 1.325833
2.874007 1.362368
0.696398 0.948916
1.260471 1.244732
3.148365 1.206742
3.183193 1.525538
0.887274 1.166215
1.584498 1.160598
0.977782 0.321645
0.882618 -0.115784
0.969856 -1.296502
0.958185 -0.033367
-0.214003 1.262900
3.506329 1.466928
3.972940 1.323573
5.262266 1.747124
4.940730 2.020741
7.810031 1.376280
8.641297 2.827949
9.375790 6.261223
16.028299 9.125580
