-17.387167 -18.612909
-9.299137 -8.366889
-6.283264 -6.197365
-2.348532 -3.387476
1.512915 3.026387
-0.169680 4.993430
0.375435 3.054138
0.062205 2.933245
-0.241963 4.498811
-2.416847 5.266942
-1.231730 4.985277
-3.489486 8.628779
-2.796118 6.710172
-4.660427 6.803628
-3.545871 7.027698
-2.956429 6.609044
-1.397462 6.781968
-0.928369 5.642771
-0.958571 6.713026
-1.021352 6.857763
-1.933451 11.377833
-0.731972 5.914655
3.584146 5.668450
3.439863 5.275588
2.742478 5.589357
1.427327 5.025474
0.146578 5.583987
-1.032955 4.951525
-1.641170 7.245325
-0.867222 6.645323
-2.476408 9.633651
0.480802 14.357947
3.561689 14.323456
