-13.699693 -8.607274
-2.559669 -9.586675
0.874186 -9.356750
1.041221 -8.906096
-0.673403 -9.603408
1.139494 -3.217604
4.168629 -7.865330
1.484660 -11.898750
1.775159 -11.650358
10.399801 -9.985984
8.389264 -13.150811
0.429733 -10.142935
2.725469 -10.355392
1.336420 -10.183572
1.574614 -10.626854
-0.030604 -8.986318
1.168152 -9.839842
2.631793 -9.471080
1.141775 -5.845133
5.176506 -6.273568
5.597542 -6.471413
4.215979 -6.225349
1.381597 -9.441669
2.204887 -8.781589
0.624682 -9.623162
2.049540 -9.183520
1.245450 -9.971486
1.045659 -10.684657
2.460674 -11.690923
1.167547 -10.240413
1.146199 -9.226513
-0.625882 -9.734717
0.357428 -10.332236
1.740167 -10.785596
2.822206 -15.243797
3.587811 -13.771539
5.995204 -14.388131
10.512642 -12.666014
8.781288 -10.326333
10.356909 -13.072109
7.246346 -13.561543
9.748903 -13.415618
10.048989 -11.053075
15.771079 -14.303465
