10.382890 4.522690
6.967283 3.959833
4.350742 3.848374
2.672734 4.552490
0.892917 3.128128
-1.820668 2.498153
-0.648777 3.701032
-0.477219 5.519688
-4.419125 7.318189
-4.886349 8.632752
-5.162371 7.702253
-5.219759 7.064157
-7.354875 6.684900
-5.204541 12.374158
-8.367692 13.224384
-7.624634 6.849375
-5.563325 6.528518
-2.584098 7.485366
-0.920156 4.844289
-2.737771 -0.246286
-1.593259 0.121467
-0.061704 3.253447
-2.798266 8.136802
-3.892876 11.230899
-7.258743 9.980479
-8.301246 10.408916
-7.169375 8.718141
-6.328838 6.878124
-7.000274 7.458109
-6.490576 6.707386
-6.542172 7.884611
-4.874207 6.901205
-7.072937 8.195807
-7.230867 7.993867
-7.659492 7.563075
-7.432178 10.585972
-11.859882 9.625085
-9.312248 8.946474
-11.053879 8.732465
-9.753061 8.577917
-8.808462 10.971757
-10.696067 11.428076
-6.958990 7.591491
-7.547525 6.194637
-7.795889 6.650091
-5.154619 7.330811
-4.879813 6.875972
-4.977283 6.920503
-6.215811 7.134912
-6.604428 8.821123
-7.030743 7.020639
-7.358493 6.456372
-7.176577 8.131370
-5.684647 7.008723
-7.687398 8.001571
-7.224057 6.396876
-3.498222 8.977130
-0.662777 2.284608
-0.162031 1.895809
-1.246110 2.208508
-2.181339 3.483938
-3.957763 7.853182
-3.842693 7.449099
-6.732063 8.892947
-7.919450 8.461605
-7.436374 6.456789
-6.931276 6.513731
-7.081060 6.627083
-10.020858 2.524972
-11.200627 1.488306
-8.736426 2.895648
-11.598078 2.389046
-8.723779 0.388952
-10.713750 2.945766
-10.977051 3.095597
-12.516707 1.523708
-14.267935 4.922144
-13.972260 7.970936
-13.689728 4.776035
-12.422846 2.468162
-14.600368 4.879605
-12.965801 5.231414
-3.782706 6.950632
-2.151178 4.891214
-1.499607 6.745687
-1.078271 3.497956
-7.461547 8.164819
-6.400613 7.415663
-7.090118 8.795547
-5.853690 6.698118
-3.787666 6.670483
-3.038083 6.317775
-1.636400 6.637676
-1.702116 2.350005
-1.716026 2.456710
-2.063188 3.089573
-2.387060 3.619395
-0.767186 3.421292
-2.248847 4.810282
-1.514533 2.545615
-0.574645 3.313939
-1.182075 2.663396
-1.311944 2.276181
-2.116242 1.775321
-2.103090 0.199821
-2.290039 2.613643
-1.524827 2.505622
-3.817138 -1.721102
-3.545542 -1.230602
-4.652882 0.048094
-8.287765 -0.865600
-9.949366 1.577020
-10.654629 2.645095
-11.354415 3.208159
-11.991108 2.881769
-9.959174 2.084620
-12.266904 9.413033
-12.774246 9.807284
-13.898930 7.630806
-7.262774 6.486328
-6.746622 6.606307
-6.331332 7.963406
-8.340059 9.560711
-6.386505 8.505871
-7.580484 7.015150
-8.928322 2.483646
-8.813799 0.105557
-9.991568 1.928936
-10.252295 2.762197
-13.099607 1.093368
-6.533202 7.938858
-7.454914 7.353205
-6.785798 11.583748
-13.838869 6.940896
-11.156269 2.116352
-11.123847 3.206290
-8.723491 -1.128216
-4.253887 0.343802
-6.264783 0.709799
-4.079093 0.301370
-4.918206 -0.912879
-6.888167 0.573865
-8.471598 0.815379
-11.631761 2.380166
-7.330328 6.481357
-7.788455 6.516643
-7.821834 6.421829
-6.603048 9.650744
-11.624552 8.750967
-11.364550 8.963382
-7.695294 10.467706
-8.907228 9.850678
-5.771974 7.801075
-10.073290 10.801429
-19.657183 8.659209
-16.618824 6.494185
-13.310512 8.691516
-16.133621 6.420575
-17.531784 7.889942
