10.289640 -19.930893
4.794217 -16.734146
1.936189 -14.414597
5.138359 -16.714153
9.506783 -13.146555
7.984694 -11.234783
8.455444 -11.680601
7.960683 -14.397424
1.043481 -13.047524
1.733709 -9.638850
2.659359 -11.030005
1.238925 -8.719214
2.150286 -8.843112
2.521446 -8.854314
5.226789 -6.359366
5.364842 -4.368581
1.371063 -7.897395
3.791043 -7.483208
5.843847 -7.546524
2.718199 -7.240720
7.049085 -7.699544
8.425432 -8.317554
9.236829 -9.494372
11.243731 -11.316365
10.253380 -8.586061
5.722959 -7.760105
3.483960 -8.160752
0.988728 -8.010653
1.390823 -10.723920
3.144196 -14.599615
6.232371 -15.765553
2.717404 -13.151580
1.038418 -8.974647
0.758639 -10.011542
4.191469 -8.093177
3.113055 -7.793556
6.107434 -5.460625
5.104527 -7.614718
6.671708 -8.044426
7.363646 -7.871361
7.921248 -6.013678
-1.042017 -9.706395
-0.135696 -10.728927
0.501397 -8.016412
4.507794 -8.015330
4.176107 -7.854073
5.990410 -7.739454
4.562378 -7.688385
2.399187 -9.398887
2.339842 -7.643739
3.044645 -6.567788
0.900419 -11.713098
-1.919731 -10.763024
2.778997 -12.044669
2.589674 -6.338841
2.277795 -4.887819
0.678176 -9.874010
3.358878 -13.969367
4.582256 -13.791237
2.610023 -13.157205
2.601923 -12.346868
2.409595 -13.292884
9.454672 -12.312942
9.186622 -9.258325
8.004781 -12.534664
7.875605 -11.792769
9.456858 -10.507045
10.308177 -11.068023
9.197981 -9.699542
6.369951 -5.110320
5.482405 -7.106879
4.409291 -7.549309
1.505529 -7.261930
1.174814 -9.594237
3.621873 -7.372905
6.269402 -7.953609
1.331298 -7.646068
0.462832 -10.555754
0.497986 -10.572122
1.534334 -11.144050
1.315007 -10.465410
0.440383 -8.497277
2.006035 -9.991516
8.381586 -12.032327
8.299675 -9.892173
9.088944 -10.042341
9.391088 -9.631576
9.153586 -10.523458
8.752499 -10.565165
11.445855 -14.173362
9.121524 -12.982530
10.694548 -11.917911
9.101351 -10.314597
9.687912 -7.351403
7.257973 -7.552818
3.701754 -8.071731
3.706168 -7.511472
3.442804 -7.970094
3.413739 -8.049584
4.899042 -8.079807
0.713841 -6.724265
1.428360 -9.399738
2.673988 -8.568605
1.824229 -9.590343
1.172269 -10.673053
2.051495 -8.035768
3.656193 -8.197051
0.954832 -10.826411
0.026863 -8.092520
1.110212 -8.414827
2.565556 -11.671021
2.167095 -10.348273
2.558401 -10.034414
2.778341 -10.966274
-0.984412 -15.052056
1.575766 -9.917705
1.090296 -6.716527
5.678736 -5.710720
0.334989 -7.233635
2.426332 -7.835488
1.951214 -9.962012
2.550376 -10.172099
-0.909594 -11.127988
7.034818 -16.052820
7.993326 -14.144715
12.784075 -13.388696
9.646676 -13.090262
7.848756 -11.800719
9.224368 -11.107869
10.270657 -11.806005
8.573233 -9.701694
9.121954 -9.073087
6.720122 -5.955248
4.929051 -7.082443
5.485474 -5.682399
6.797762 -7.357025
4.709399 -7.729901
4.592676 -6.757317
3.839395 -6.719644
0.890177 -7.943975
-0.454898 -7.177619
2.655721 -8.586031
0.694436 -8.984924
-0.468000 -11.117898
2.047372 -10.876382
1.380011 -9.041928
3.049640 -7.978492
3.439945 -5.715022
5.661267 -7.112220
5.691851 -8.057305
4.230679 -7.512623
3.756015 -7.188826
-0.410561 -9.064754
1.411248 -10.467964
2.330790 -12.274293
1.248486 -10.091496
1.955920 -9.554818
1.692619 -12.014487
1.656234 -11.876262
-0.436610 -7.610651
4.494914 -7.961938
6.024007 -4.255479
3.799468 -7.717788
2.644587 -8.529582
2.050656 -10.395807
1.067594 -9.311226
1.982862 -10.876235
1.321784 -10.449765
2.060843 -10.361382
3.042718 -7.862756
6.470299 -7.351514
8.859777 -11.437799
7.957916 -12.206050
7.214986 -13.473120
4.445273 -13.533569
10.189375 -14.812589
3.062829 -8.028031
4.669210 -5.569630
9.355167 -6.340666
7.962929 -10.450463
4.899645 -7.141586
6.396312 -7.549235
6.965009 -6.987068
11.954125 -5.323630
8.509238 -8.959067
7.895699 -8.469796
9.183380 -8.825466
7.293121 -17.103067
5.957084 -13.472746
5.031483 -14.975656
-0.356250 -13.882617
0.404312 -15.126689
4.102798 -15.209086
3.058577 -13.473163
0.991585 -12.021787
2.158288 -10.630925
1.992810 -10.362305
2.745562 -10.056266
2.381563 -10.163964
2.067572 -9.197806
3.851182 -5.262153
5.327146 -7.202625
3.925743 -5.085416
-1.104695 -10.384688
0.286465 -9.857191
1.567877 -11.183047
2.647260 -9.118775
1.844564 -8.029836
0.049304 -8.169034
3.088461 -5.363879
5.022748 -4.778411
4.020540 -8.036074
4.070204 -6.108946
4.015301 -6.178301
5.269781 -6.296798
1.774230 -8.383322
1.897179 -6.144757
0.848765 -9.290263
1.852370 -10.421233
2.593655 -12.083680
0.070071 -8.207149
3.999401 -8.198387
6.254005 -7.728626
10.059589 -8.706958
11.484627 -9.890424
10.817126 -11.729806
10.210509 -17.338543
