9.716748 -13.688970
4.761405 -10.737647
2.450791 -7.831641
-8.087251 2.949775
-7.457309 2.850372
-7.725383 3.711375
-7.019884 5.791134
-6.565401 6.081773
-5.528733 6.964670
-7.431058 7.489802
-7.825043 7.264347
-7.562190 4.648395
-5.914799 5.074472
-7.540140 3.484443
-9.184109 3.075293
-11.371890 3.213693
-9.602196 2.267900
-5.785679 0.120476
-7.269205 4.995187
-8.164773 1.109145
-10.890574 2.683107
-4.628276 2.668463
-7.129954 6.198138
-6.152360 4.596959
-6.177366 8.677093
-7.838318 8.094690
-6.863052 6.695029
-6.865007 8.744732
-7.132294 8.960010
-9.539706 3.282448
-13.762974 4.499999
-11.575022 0.142918
-11.347680 2.099145
-10.401297 -1.280030
-13.569307 5.058753
-15.548108 6.797163
-13.049308 5.398187
-11.194038 8.641271
-10.465333 8.974059
-6.501431 5.903717
-5.784402 3.182112
-7.414032 5.070645
-7.739554 3.798926
-4.279203 3.818458
-6.850891 6.836374
-4.528278 8.401580
-12.478157 9.095692
-7.294856 4.274702
-7.490818 5.148289
-7.838813 5.861054
-7.905807 5.781392
-7.930271 5.889727
-7.890032 4.992537
-7.087684 4.889701
-6.377027 5.317730
-7.107534 5.608944
-6.302588 6.766603
-9.449821 10.121663
-9.877030 11.458755
-6.014132 9.068158
-5.925518 3.354112
-7.780203 7.963017
-6.834330 5.825102
-3.579439 4.871152
-8.862356 2.505413
-6.551138 4.818768
-7.655363 6.494182
-5.600234 8.213436
-9.212814 8.790495
-5.075383 7.934521
-7.093675 10.013478
-7.816475 6.349760
-7.679620 4.177564
-5.674538 3.098906
-4.401942 8.024776
-7.769526 5.905627
-7.720158 -1.116248
-7.231848 -1.949887
-7.681721 1.972787
-7.682532 2.458899
-8.343978 3.429674
-7.264671 2.147227
-6.963341 3.828377
-7.936707 5.926380
-7.777698 4.871299
-7.645600 7.404043
-7.775219 4.828122
-7.082932 5.768124
-6.128625 8.230027
-6.441058 7.408921
-5.872612 9.203285
-5.488114 8.040492
-7.666440 6.341626
-7.747536 4.782705
-5.900682 8.847908
-5.130238 7.420763
-8.894908 8.952369
-8.941442 9.203080
-10.545809 9.540375
-15.200018 7.683599
-14.200911 8.528224
-9.038795 8.626700
-6.645732 10.408866
-7.336352 7.345782
-5.681420 6.115801
-6.303514 7.322410
-6.933449 4.770550
-5.161608 5.680703
-5.441896 9.208612
-8.447919 8.941094
-8.610288 8.939509
-6.705235 6.301433
-7.537061 4.748650
-7.660944 2.377407
-7.488842 7.679068
-6.657275 4.392313
-5.404771 3.676153
-7.297800 5.532616
-6.883158 2.842414
-10.659025 1.972736
-10.199613 2.050331
-8.155314 3.403996
-8.348183 1.656929
-7.138667 5.238296
-7.917550 8.153068
-7.738566 8.322565
-5.597066 9.500955
-9.670438 9.663326
-7.570893 9.091106
-6.351016 6.870162
-8.123593 10.865155
-10.491020 8.550500
-9.708765 9.123578
-10.242699 9.351101
-9.636230 10.119666
-8.104224 9.684115
-6.629251 4.663557
-5.657347 7.645417
-6.505798 4.488573
-6.338341 7.471699
-2.980458 3.872966
-10.679430 0.860652
-9.013575 3.145621
-6.430289 6.350441
-6.862331 5.913302
-7.353662 5.130186
-6.260395 8.147478
-7.531696 4.689602
-7.443303 3.988182
-7.255036 8.276065
-6.769492 6.186512
-7.037408 7.919218
-6.582584 2.335252
-7.274832 4.171896
-9.526766 8.643963
-9.123265 9.992761
-9.123178 8.555281
-6.216119 6.700481
-7.216640 5.084378
-7.815461 2.707922
-6.788521 4.854875
-10.731613 2.782749
-9.812753 3.375855
-7.612546 0.779098
-8.989669 2.702322
-13.538631 3.207626
-13.048929 6.728001
-13.747315 6.502754
-13.666965 8.339057
-7.544561 6.273969
-7.200116 3.374494
-7.150571 4.230818
-7.465306 5.081618
-6.644238 6.749021
-5.817139 10.929322
-6.382589 7.771134
-6.635209 8.502083
-7.325903 6.125282
-5.542533 4.637536
-5.544460 7.932854
-5.500605 6.894371
-6.906645 4.464390
-10.688718 3.365419
-11.533624 2.655843
-17.611288 4.995675
-10.371752 3.499314
-6.592617 2.179491
-8.418543 2.807682
-7.010669 11.136016
-8.947798 9.763800
-8.454499 8.548051
-5.870625 8.657632
-6.045727 7.584467
-7.462862 5.663168
-6.976484 6.194407
-8.950875 10.904325
-5.907219 10.008317
-7.018281 4.843861
-6.116348 4.089424
-4.812228 5.637384
-7.346042 4.301408
-7.345275 3.615622
-12.627300 2.044602
-13.201332 4.548276
-14.462144 2.939832
-13.222094 9.122905
