15.872685 6.857236
17.874046 5.013034
16.416943 11.437793
16.383099 8.576772
15.849368 8.072892
10.464573 11.308064
1.336792 4.909365
4.225897 4.211372
8.520415 4.375146
8.859185 5.451091
8.390324 5.431318
6.662747 5.231592
6.767737 4.314302
7.948691 2.666942
8.436512 4.645993
9.198494 3.525623
7.403842 3.391012
7.019001 3.406485
6.368118 3.932041
3.941925 8.668416
5.427909 8.103054
4.934631 7.742267
5.312464 6.995575
6.007197 3.659044
8.439946 4.234812
7.898881 5.488239
8.031771 4.083875
7.279974 3.039069
6.394854 6.104457
4.086791 6.080732
5.894133 7.558475
4.810887 7.233915
5.405241 7.934273
1.103644 5.797661
1.487510 6.865746
4.434099 8.855741
6.368000 4.364160
7.435109 3.820535
5.786426 3.623920
5.571838 9.349630
5.384286 8.964027
6.004896 11.623895
10.215134 11.409041
10.013417 11.963405
11.104814 11.846573
7.438866 4.189068
6.292222 1.977785
7.748187 5.579110
6.852354 5.038569
6.076674 7.290985
4.433309 10.089908
3.715781 10.895729
4.939655 7.000048
6.166477 4.906890
8.904802 5.564064
8.527935 2.150275
6.009168 4.623153
4.885790 8.835629
3.868876 4.481038
5.183215 4.716481
8.295446 4.887289
9.159946 5.132140
8.238070 5.407713
8.538724 3.638705
6.476284 4.269128
6.416548 5.792080
6.249956 6.478020
2.633133 8.190254
-0.195040 6.271712
6.471422 7.360970
3.522330 6.008290
7.127122 11.591661
13.752247 10.960716
12.638170 10.184365
4.309087 7.804045
6.464030 8.823304
7.348047 11.289277
4.287237 9.771975
6.131771 12.371519
5.331076 11.773322
4.178875 11.854511
6.497910 11.311849
5.621756 12.834037
4.154177 16.353449
1.301432 16.297853
6.494254 16.116467
3.390886 11.005692
2.064324 10.979736
3.580556 9.277823
5.955554 9.779133
6.596274 4.629567
4.203282 5.862936
6.197283 5.750716
8.480730 5.352709
7.228561 5.260468
4.529267 4.225826
5.395365 3.938298
5.759328 5.531664
8.496388 5.479689
7.130845 4.509099
5.799072 3.933486
5.123723 7.978808
5.393394 5.776990
7.457782 5.509315
6.375512 3.334012
6.184810 2.247901
8.973269 3.693371
9.665625 5.646004
9.167892 5.370423
9.763459 5.242532
6.600587 5.386318
5.217973 7.183902
7.197598 4.771853
6.957362 5.359806
9.490047 4.605017
11.877224 3.496794
9.621088 4.207825
9.082512 4.350689
9.156252 5.170601
6.299654 7.466867
6.299788 9.919025
6.100948 10.720737
5.474821 2.746572
8.499520 4.597592
6.125581 9.761701
8.047838 4.982390
8.553970 5.075182
8.597792 2.400617
8.732471 3.483917
12.778490 10.051440
10.786373 11.243692
6.607880 11.436290
8.986839 12.439168
5.819443 9.353404
4.460055 8.833525
9.058809 4.822877
8.025805 3.495679
7.486212 2.989155
7.015454 5.002857
7.649283 4.213017
8.224742 2.181723
8.620176 3.082683
6.570327 4.071634
4.356546 7.730742
7.053604 5.017785
5.353854 3.479414
4.904025 3.562248
6.144810 5.275282
3.831160 5.498415
6.021615 5.811875
6.402154 6.452631
9.800318 11.464073
6.494449 10.629349
3.364012 8.905112
6.042721 8.401570
9.323206 13.314512
13.537352 11.721272
13.421278 9.360167
13.069592 11.225913
12.543255 11.555326
13.330593 9.834030
4.444810 6.450014
3.835536 6.186139
6.127083 8.800304
6.210052 8.951270
4.311218 3.543323
6.902804 3.967453
7.606829 3.991848
8.396698 5.584562
5.337540 5.228804
8.438114 3.803023
7.957876 5.031559
3.485683 2.946388
5.620227 6.407008
4.513445 6.721392
7.851441 4.482550
7.393231 5.352042
7.272820 4.520532
9.021927 5.255483
5.289963 4.256355
4.970247 4.147684
9.369746 5.000523
9.459555 4.648260
6.068247 4.565720
4.206262 2.823795
5.887718 6.520575
9.061155 4.426656
5.513252 8.012538
3.456392 8.176213
4.706003 9.768309
9.366314 5.261406
9.654903 4.904565
7.989056 10.944026
12.625216 9.975407
8.993265 4.523959
7.408246 4.567421
7.578232 5.292634
8.497702 3.304588
7.348273 4.395584
6.926426 3.225413
6.122967 5.071127
7.800310 4.580659
7.897353 2.576450
9.599237 5.385895
9.636303 4.059356
15.389299 13.271363
16.210552 13.335300
12.307689 13.020642
5.852587 12.222117
6.008347 8.785296
5.473667 7.655527
5.282507 8.248563
5.509184 9.869568
3.810784 6.293366
4.808639 7.261104
2.071984 6.031295
6.082747 11.883866
9.597659 16.275404
6.788534 13.493041
5.793436 10.251969
10.759851 13.537660
9.924616 11.846973
11.947079 11.239560
8.863212 11.339337
11.802362 10.863469
8.967316 12.282813
4.209052 8.386357
4.099753 8.763625
2.773542 6.948153
6.236257 8.508979
5.709358 5.067366
15.624399 6.775890
6.421812 8.744676
5.593025 6.052959
6.793347 2.391960
9.150969 4.263961
9.732548 3.413473
8.480230 4.042815
2.979701 7.071003
4.620434 12.116208
4.415625 10.256938
11.934806 13.164198
6.901631 10.962859
4.535421 7.728094
5.749375 3.452754
5.374230 3.335459
8.047850 2.750491
7.077310 3.930779
7.628128 3.939184
9.094880 2.814546
7.715804 4.534802
8.361792 2.429446
7.965605 5.420111
8.379580 4.825184
9.575884 3.845257
5.980438 4.113940
6.068232 6.601463
6.268025 5.712567
6.410164 6.826694
6.191135 4.556053
7.518778 3.774699
6.895804 5.344187
8.072925 1.922356
8.594729 2.486519
7.979537 1.500483
8.336795 1.673821
8.050756 4.819088
5.249533 5.416251
9.934793 3.552318
10.008583 3.483263
11.694563 3.767100
6.862043 1.187882
7.956173 1.404346
8.159010 1.360085
6.908948 1.459211
9.065351 1.728362
8.641502 5.610508
6.833637 -0.875136
5.902557 -0.108086
6.288268 0.578882
6.041877 2.649259
8.555868 4.177669
10.059942 3.459740
11.303657 3.438792
16.904221 4.801061
14.403629 3.188473
16.387814 0.905503
14.962337 5.135479
15.378183 2.281158
8.020102 4.950121
8.328352 5.459154
7.571548 3.828559
4.154055 9.766714
8.571861 4.315657
8.952362 4.358331
11.849369 3.588185
7.469030 3.158365
8.370274 2.685948
8.819716 5.048494
8.300652 4.545354
9.231649 4.633501
12.039970 3.560725
8.570879 3.126058
7.507404 5.402528
8.199506 5.111828
8.611270 4.657305
6.438485 5.516210
5.965851 7.420470
6.225553 4.860943
5.447049 4.866363
7.598584 4.029685
4.454400 5.689394
6.381116 6.305722
3.655511 6.665927
3.876194 9.956340
10.727957 11.467647
12.040296 11.217731
6.332981 12.978386
8.844817 12.029572
13.516802 10.821163
12.938429 9.417732
10.241583 12.831357
9.514260 13.431828
8.227897 10.987237
9.200354 4.547036
8.686465 4.680876
15.243243 8.032450
15.290653 9.313197
15.212067 9.265403
11.890028 10.692237
5.340759 8.935041
5.347197 6.006289
5.749035 5.959040
6.091508 5.208249
4.537845 4.301850
5.160953 4.864083
6.860492 2.942723
6.177564 7.523302
5.053411 9.117946
5.920124 6.104681
7.444053 4.484960
9.646956 5.173505
8.624515 2.992542
8.216585 2.204901
9.633125 5.265079
7.578406 4.091003
5.271793 4.991210
6.243240 7.228876
6.475914 6.716778
7.620254 5.534483
9.580872 5.607118
7.362385 5.397795
8.848600 4.797558
7.261363 5.127783
5.956655 5.706824
7.426022 4.854109
7.103836 5.653826
6.823723 4.907455
5.675276 4.865580
5.879882 8.036036
5.371203 8.188723
6.307055 8.521794
5.546290 7.613651
6.816586 3.049573
8.064617 2.930076
6.604090 3.301107
5.150590 0.521209
8.241627 1.667807
8.844637 4.649949
5.568052 2.571646
5.453539 3.136597
5.799944 4.371364
6.723521 3.295357
7.997287 4.952400
8.489389 11.560096
3.829886 7.970245
6.064348 8.900702
5.359656 8.646804
11.571557 10.332015
9.454533 10.733396
5.579272 6.744533
4.843728 7.955926
3.984704 10.315817
5.916357 8.625952
5.248860 3.835684
3.797027 7.788422
7.509503 11.055175
9.247803 10.955770
8.718281 11.902979
7.395468 11.833614
9.878517 11.503098
12.988020 10.460131
12.376450 9.420959
13.747421 11.106533
6.485860 10.671793
8.459342 11.024484
7.916453 3.716980
7.213992 5.481940
6.248367 6.630133
6.069921 5.789081
6.360802 5.394879
7.844608 5.207464
6.687393 5.140028
8.982349 4.372777
9.528502 3.622425
12.120802 3.484009
9.065693 3.873098
8.922985 2.459802
8.490930 5.198501
9.251358 4.534345
6.630119 1.738146
8.702815 1.661777
7.658813 2.615733
8.849642 5.150620
6.466896 4.865279
6.514823 5.458577
5.947135 7.357011
10.652588 10.870195
8.603972 11.640047
11.071031 14.520703
10.945465 11.074797
4.474179 6.234904
5.908882 7.203327
2.999658 5.839428
4.392896 9.819390
6.523398 7.612160
4.747740 6.606017
6.045317 6.941849
7.377806 10.859061
11.358936 -4.010334
8.994986 -4.108265
10.318815 -6.188186
10.976105 14.684777
8.365435 5.612386
7.735506 10.916092
11.970928 10.064768
9.967788 14.084453
12.706369 10.936785
7.873105 2.902722
8.276592 3.331056
14.596674 12.451636
15.417782 3.936691
16.140728 4.512149
9.766502 5.273998
9.650149 4.598773
10.672906 12.559340
6.463752 5.745949
6.885427 4.904063
5.654089 6.768891
5.129206 7.564724
8.095446 5.173072
9.112459 3.786735
12.349380 3.593803
9.164795 3.787901
7.402677 4.768926
8.427853 4.678312
8.026272 5.089217
9.301756 4.854878
9.779840 4.724397
7.397946 4.425582
8.246865 5.326728
10.031206 3.468065
4.343779 6.318163
4.782229 4.096303
7.044443 2.193581
5.308408 3.168850
7.156209 1.807202
7.375657 1.816708
6.629591 3.562617
9.270360 4.481596
7.693121 5.476551
9.717018 4.172942
7.635003 4.330317
5.362057 7.448086
6.114120 9.499801
6.061730 6.128573
10.588263 11.934471
12.592465 13.081334
13.273891 11.037247
15.493946 11.299004
9.491135 11.439912
8.525932 11.760051
14.094033 10.357771
15.361444 4.568330
17.424198 8.014992
13.468080 11.652098
1.464645 10.915046
3.526047 6.116834
4.148852 6.251868
5.988212 5.221905
6.896861 4.334421
10.623691 3.547213
12.500706 3.696469
10.779728 3.554189
11.189482 3.677942
8.535590 3.473883
8.931526 3.373405
8.798577 5.510826
9.745564 5.600019
5.568520 5.251594
6.694779 4.045069
5.745144 4.162669
6.147279 1.762716
5.188773 5.882772
4.623439 9.433739
4.259525 6.145575
4.988180 4.859472
7.480185 5.251901
6.599265 5.098154
5.798350 6.363761
3.570323 6.125980
4.517749 10.208901
8.487761 12.258379
5.512597 7.353593
4.526214 7.914720
4.514220 6.299488
5.231486 7.789544
7.453907 2.647506
6.567253 5.144055
6.437390 6.967060
5.776591 4.076477
6.911682 5.566339
5.435037 7.057546
6.488618 6.565821
4.812835 6.463930
3.793184 5.442908
5.040649 7.806575
6.832743 5.364932
7.774623 5.372183
5.330562 5.555227
5.067443 11.279663
5.036217 8.262753
4.656611 9.507241
4.769794 6.923073
5.630201 6.036916
8.062658 2.352785
7.907721 4.879780
9.440994 5.109602
8.786633 3.468662
8.938951 2.266211
6.863319 4.377292
6.328409 1.449373
6.543618 -1.789306
7.206936 -1.964515
6.925814 -1.669213
7.498285 -0.727483
6.628712 1.539791
8.659755 2.613954
9.448160 4.945616
9.137334 3.525110
7.255613 4.657856
3.559135 2.089173
3.987268 0.378749
5.103690 -1.473840
3.703137 -3.075252
2.283131 -3.682243
0.450925 -5.993560
-0.989824 -8.879996
-2.911977 -14.863585
-6.903066 -15.894211
