-7.583438 -4.940282 3.072651
-4.853761 -7.314307 -0.983753
-6.299838 -7.375081 1.371542
-2.747838 -10.711538 2.102650
-3.562716 -8.156299 3.709635
-7.292065 -10.954517 4.526047
-1.836990 -14.230949 7.382999
0.741449 -9.058594 4.151519
4.078262 -6.789598 5.239283
6.589901 -4.084074 6.278230
4.703883 -4.771338 5.067234
4.682440 -2.362635 0.846352
3.058813 -1.801578 2.144112
4.543548 -3.363034 3.208875
4.893623 -3.669610 3.357476
6.624377 -4.563622 4.947848
7.140501 -6.560347 5.125625
5.502007 -7.312142 4.839226
6.228573 -5.723945 3.979187
4.633987 -7.137981 4.468594
4.802846 -4.244149 5.097141
5.504779 -2.102512 1.894026
5.292616 -2.284097 3.077741
5.055442 -3.773449 5.019113
5.105082 -5.608665 4.166800
5.887059 -4.345960 4.727811
4.257915 -1.567626 2.740554
2.378648 -4.146142 3.565509
2.479435 -2.939704 5.293722
3.081046 -4.818491 5.852586
3.954729 -4.651479 4.698074
9.183647 -4.657770 4.393066
8.712397 -7.487232 2.359531
7.762761 -9.438621 -0.851924
11.796984 -6.950047 -7.083924
8.046281 -8.757372 -6.112318
7.821222 -9.229771 -4.950132
8.393790 -7.714257 -0.500776
8.968152 -8.559278 -0.378571
8.974197 -9.217714 1.540669
7.907799 -8.438283 2.597325
7.570642 -6.251866 2.890701
8.745752 -6.024413 5.918426
7.876442 -2.855660 4.528480
6.020188 -4.418425 4.120585
4.225579 -6.537230 4.950011
-0.080958 -5.401930 4.148778
-5.404028 -3.775022 3.949172
-5.841648 -4.452798 3.243132
-0.741927 -3.563676 3.868270
3.944739 -3.463109 3.948801
1.954137 -3.164708 1.100974
0.005087 -2.860132 0.653908
-5.068442 -3.372906 -2.418779
-3.411978 -3.122735 -1.402488
-4.199341 -3.175561 -0.648059
-4.530191 -2.531256 -1.212556
-6.952573 -5.049860 1.683131
-5.052515 -4.810625 1.671378
-4.277437 -6.798139 3.288056
-7.153351 -5.628885 2.702232
-3.134887 -5.032773 2.510638
-2.683798 -5.914077 3.853220
-3.668680 -6.207104 5.191400
-0.116467 -6.737620 5.524811
-1.960415 -5.995008 7.880669
-0.734522 -5.592880 5.944093
-2.315381 -4.744519 6.392756
-1.412541 -3.766812 3.023133
-0.483588 -3.785774 2.788402
1.713405 -2.412822 2.668536
-1.626199 -1.869270 1.391988
-2.781077 -2.310312 2.930325
-2.593163 -2.753624 0.568705
-4.982982 -1.728536 1.055814
-5.475733 -3.822768 1.308858
-6.230733 -4.853766 3.380169
-3.543391 -4.577109 3.167890
-5.459947 -3.629172 2.594822
-5.157718 -5.221482 0.232373
-5.806708 -6.765097 0.172742
-4.426730 -3.788755 4.096289
-0.914304 -6.808140 5.508218
4.454231 -13.142924 5.307092
1.403536 -10.095991 6.235913
0.282779 -12.600969 4.711242
3.782938 -14.878493 9.288923
4.003578 -14.337809 3.245549
6.722343 -18.091040 0.644553
