9.744333 -0.694907 -7.690147
5.222607 -2.427735 -3.472204
-1.399399 -0.825968 2.411577
0.883103 -2.034884 5.368649
0.625068 -3.114338 1.635690
-3.534983 -2.514328 2.631968
-3.993038 -2.972078 1.939810
-5.584509 -3.830069 -1.762091
-4.948985 -3.807919 1.509137
-4.669027 -4.604696 1.497213
-6.434973 -3.013747 3.181849
-6.141787 -3.780326 0.882034
-3.194443 -2.729745 2.257910
-2.626468 -3.286393 2.983156
-3.177723 -4.772264 4.343591
-4.765249 -7.069282 2.913574
-3.321492 -12.354767 4.223344
-4.291112 -15.056233 5.507802
-3.614352 -12.143791 5.188132
-6.449956 -16.699408 13.644957
