-16.457239 -18.807613 19.063305
-3.663278 -11.058004 11.707845
2.359335 -8.953490 5.827574
4.373132 -3.559880 4.837308
5.211628 1.333074 2.954206
3.163244 1.613902 5.102368
0.244686 4.053277 5.119133
-3.861291 5.190523 2.669415
-2.761385 5.102258 0.235782
-1.613603 4.913576 2.778173
-0.755097 3.309819 2.865587
-1.940426 7.375525 7.532208
1.597090 8.732397 3.365538
-2.950940 4.671435 -1.610688
-1.364593 6.030904 -4.398863
0.377200 7.518420 -2.054003
1.640029 6.578942 -1.392149
8.292974 8.625817 0.641328
11.568673 11.381835 -1.472439
