10.343032 -8.758828 0.721053
8.014486 -5.343008 1.338312
7.950128 -8.456040 -6.433520
8.540511 -4.619799 -4.882133
9.153653 -8.554639 -3.139823
8.103674 -5.778745 0.473416
9.294617 -7.675490 -2.101655
8.413933 -7.354322 -0.448648
7.445226 -5.122936 1.996658
7.551397 -1.597726 3.073406
6.725662 -3.536644 0.546641
5.343614 -2.430357 -0.320313
5.225257 -3.176734 -3.079007
6.001601 -2.943078 -2.400766
5.714490 -4.119425 1.027564
6.720252 -4.153143 3.362845
4.050296 -1.789196 2.110754
6.742348 -3.831396 5.169302
5.052619 -3.142288 2.177782
4.129662 -1.728662 0.447203
2.841371 -2.185583 0.819079
4.736666 -3.391151 3.522629
3.935456 -2.533222 -0.905547
4.811478 -2.058925 1.139948
6.134464 -2.587366 0.748346
5.097685 -2.680061 1.719960
3.283453 -2.727925 -1.717152
6.111149 -2.304871 1.380864
7.355204 -2.654310 4.842427
7.380527 -5.115414 2.463001
8.133134 -5.999911 5.895952
8.358241 -5.675520 6.370875
7.935659 -7.201523 4.961331
4.623805 -4.135826 4.104602
2.387243 -3.967849 3.102217
2.056720 -2.955105 4.829083
-0.601416 -5.769491 4.954727
-3.892661 -4.615437 4.131185
-6.513659 -5.106023 5.782476
-3.466322 -5.037608 4.373853
-2.596103 -3.339747 3.143846
-2.418782 -3.268138 2.105804
-3.777036 -2.902715 -0.489641
-4.871566 -3.512739 -2.018679
-4.687852 -0.893948 0.528272
-9.763363 0.899125 -2.793607
