19.699018 -18.401093 2.315646
18.592966 -16.533779 -3.393250
17.457895 -15.968336 -13.459044
11.668781 -11.933221 -9.483278
8.999257 -9.198889 -4.221024
9.984178 -6.775529 -2.252878
11.647468 -8.592497 -4.063582
9.252525 -8.755309 -2.296924
13.171488 -11.161486 -7.272237
7.637177 -12.131260 -6.819600
8.232772 -15.613174 -4.200353
8.498451 -13.608789 -8.891882
3.575051 -10.618317 -9.403280
6.913247 -7.561283 -6.543963
5.880153 -10.138679 -9.328171
2.110323 -9.295627 -7.733157
0.591111 -11.999825 -9.806007
3.670404 -11.142290 -9.642878
2.966780 -11.963312 -7.779028
11.016646 -14.601068 -7.167871
3.978119 -9.118364 -6.237125
12.249064 -10.200874 -6.580132
11.905457 -13.548553 -4.776520
6.490389 -15.656910 -4.209818
9.161446 -7.403189 -4.868744
11.501225 -7.646699 -1.717874
8.019286 -7.852142 -3.111159
7.339368 -6.635096 -2.355813
9.254433 -7.761463 -3.806430
8.085115 -11.062277 -1.035074
9.253819 -7.080519 -0.851148
8.768312 -6.995492 -1.311203
8.130122 -7.915128 -3.247173
11.414373 -9.313896 -1.216612
8.029672 -9.240299 -3.888687
8.695552 -10.198734 -4.499002
7.645273 -5.787841 -3.808548
8.021242 -7.605668 -0.746222
9.091002 -8.276718 -4.003086
9.829171 -6.091699 -0.981006
9.357868 -8.004313 -5.281182
9.416410 -14.680347 -4.738426
10.924120 -13.726624 -5.617344
11.932439 -13.757109 -6.785747
10.539365 -12.716328 -6.761997
7.837634 -10.635412 -2.378091
8.059538 -3.486821 -4.662213
8.606148 -4.345679 1.722538
6.469724 -3.166410 3.161213
8.844816 -1.607859 1.969369
5.001565 -3.971465 3.416324
6.265588 -4.458698 5.641951
2.407678 -5.804776 5.813322
5.369461 -6.323321 4.899248
5.742747 -5.540469 5.180673
5.337893 -3.044073 4.013629
2.451300 -2.687950 -1.218635
1.135131 -3.001743 -0.012686
-5.089015 -9.065477 -3.210458
-6.502695 -8.526390 0.210436
-7.656000 -13.981884 1.545746
-5.840649 -11.039085 1.551893
-4.107604 -8.703854 3.386548
2.834248 -8.420208 4.084049
3.401987 -4.075376 4.931588
2.602382 -3.886555 5.645808
6.079473 -4.060723 6.100693
5.126898 -4.466561 5.483232
7.341942 -6.112805 3.011106
7.867332 -8.247471 -2.449873
7.933113 -8.549959 1.996031
1.567371 -2.031053 0.835619
3.439954 -2.892774 0.329256
6.844429 -2.600675 -0.708535
7.055709 -4.052608 -0.788943
5.852511 -0.964143 -0.218651
4.434175 -3.187051 1.730485
6.754413 -3.199333 0.747813
8.393499 -3.217378 1.053149
7.522031 -4.580353 1.861690
7.535985 -4.217515 -3.829589
8.795604 -8.880111 -7.618406
3.958424 -4.723576 -7.293143
4.321849 -7.774457 -6.722729
4.550254 -11.890241 -6.547092
4.081816 -13.906880 -7.692946
-3.404443 -3.280799 2.966032
-3.191215 -1.853377 2.302415
-4.082516 -2.028081 1.492038
1.158590 -8.028487 6.904583
-0.574739 -6.523313 4.310283
-5.409969 -6.420974 4.107931
-6.382699 -4.360470 0.415445
-2.095959 -2.877241 -0.211272
-1.658127 -1.435830 1.064468
-2.102129 -1.531912 -0.656031
0.826000 -3.201694 -1.155666
-4.914176 -9.323248 4.027537
-4.879961 -6.122281 1.864669
-3.150688 -8.863043 3.566024
-2.098084 -8.960653 6.505669
1.634420 -7.843258 4.020161
5.031765 -6.058274 5.966882
2.005885 -5.837394 4.400346
3.811287 -6.944466 4.174213
6.027741 -6.492805 4.634950
8.411906 -8.078839 1.765200
7.420452 -4.327673 5.399449
7.592369 -5.664123 3.393362
7.753817 -6.693670 2.588027
7.642714 -7.237720 -0.881193
10.414246 -7.801990 -0.259816
10.052927 -2.927284 2.392744
6.719959 -3.181312 -0.319968
5.800275 -2.781353 -1.566634
9.769511 -7.178800 0.075353
8.919688 -8.498976 -2.578267
9.240647 -4.844418 -5.591043
3.568001 -4.745176 -6.751716
0.408185 -3.047887 -5.225289
0.563604 -3.250106 -3.984302
5.289459 -9.946534 -7.188443
7.964819 -10.187449 -4.500226
9.481091 -11.073704 -8.545032
19.088602 -14.434549 -5.109921
10.976850 -19.197155 -7.734093
9.188321 -17.592485 -4.476451
9.901469 -14.587124 -6.493401
4.424019 -11.790382 -6.639146
6.161002 -10.748448 -8.856005
6.070168 -5.338274 -8.220613
5.581024 -3.068519 -3.905706
3.140176 -2.376673 -4.397541
5.780539 -2.369826 -3.221669
6.728283 -3.947381 -2.354881
8.648027 -4.912228 -3.613275
7.726480 -5.285052 -3.536089
8.844505 -4.358197 -6.896436
8.031242 -5.734312 -4.952077
7.933591 -6.851321 -2.466692
3.949805 -4.878318 -7.214314
2.916288 -4.202124 -6.455402
2.036451 -3.855482 -2.698166
3.468920 -4.016850 -3.143034
7.047522 -4.002964 -2.739098
10.025903 -4.929294 1.869768
7.658053 -5.541485 2.365669
7.759219 -9.425146 -0.364206
7.371215 -9.970426 -3.646780
8.376284 -10.921345 -6.151662
8.652303 -7.073431 -4.211395
8.443682 -8.984583 -3.445202
6.280818 -4.896841 -6.901196
6.855205 -6.828189 -7.130799
4.179436 -10.060560 -7.667744
1.366231 -7.061951 -6.152316
6.594662 -7.888465 -7.194582
8.038048 -6.893551 -6.468818
3.611898 -3.805702 -6.457024
6.978894 -3.930322 -1.475789
8.767799 -4.862587 0.689259
9.637429 -9.412819 1.882362
9.896948 -4.518701 1.376235
5.295022 -3.002079 2.309837
0.767390 -3.275536 -0.727280
-3.051249 -3.097559 -0.745183
-6.275329 -3.396178 -3.160145
-3.811443 -4.867468 -3.186447
-2.692395 -6.220723 -6.680517
1.961203 -9.546402 -8.639503
3.024724 -7.544559 -9.116105
0.789079 -6.536917 -6.207987
-1.655518 -4.590749 -6.088407
-3.724025 -8.397800 0.466980
3.717041 -6.424895 3.987198
4.703662 -7.175975 4.121711
-3.033770 -4.812281 -4.491042
-5.783778 -6.722560 -4.248417
-2.671050 -6.070896 -2.979977
-3.915520 -10.588629 -1.596664
-2.884438 -11.318796 2.067765
-4.020608 -9.921014 -2.292452
-5.094246 -7.630520 -2.299160
-6.516191 -6.386756 -1.219958
-5.545226 -5.431439 0.266113
-7.000029 -4.923939 -1.015537
-6.460285 -3.074378 0.326387
-2.641637 -3.054502 -1.414960
-6.160252 -4.624424 -0.421287
-5.071379 -3.810906 -0.427606
-4.672003 -3.555626 -0.484635
-4.648640 -5.318186 0.626907
-5.893641 -5.085497 2.713174
-8.513099 -4.336631 2.545696
-8.243827 -5.039102 -1.154007
-3.025923 -7.707134 -3.981076
-5.099669 -6.371897 -2.733607
-3.604777 -8.023598 -6.302450
-7.204145 -8.851563 -4.047646
-6.088682 -4.766621 1.558468
-5.132218 -6.493681 2.876270
-5.489689 -7.188759 -2.609997
-2.999399 -8.169190 -3.018631
-3.940052 -12.573956 -1.333955
-3.034250 -9.429855 -0.751159
-3.611427 -9.514657 -4.833440
-4.370490 -11.329290 -4.741028
1.202676 -15.108192 -1.266463
-5.813744 -14.620814 -4.768471
-4.133563 -11.789966 -9.066796
-4.322997 -7.860079 -9.945197
-4.980012 -5.368995 -1.643481
-4.059501 -12.185784 -5.539127
5.128049 -4.113313 -8.793025
2.829924 -5.764945 -7.886922
3.240594 -7.139199 -6.885081
5.711864 -8.186677 -6.728425
8.265804 -7.175952 -0.974264
9.142020 -8.625725 -2.878323
9.016384 -8.340975 0.913917
8.252701 -5.142856 0.339912
9.408750 -6.114617 4.553443
10.310335 -4.512773 3.860983
4.720406 -3.346001 3.399111
3.480239 -4.039421 7.454785
4.880062 -4.666953 4.465530
7.911317 -5.586569 2.797224
7.476266 -5.979664 1.216775
7.544622 -3.662649 1.889678
9.196643 -2.570173 1.691755
10.631734 -6.480584 4.721847
6.995036 -3.294601 -0.948043
6.980524 -3.397944 0.036643
-6.882672 -6.540131 -2.471214
-6.309379 -7.825851 -3.395718
-3.268440 -4.717586 -5.581188
-1.699248 -3.169178 -3.737410
0.104001 -6.876683 -6.137705
1.808576 -6.002489 -6.940063
4.368904 -8.076137 -6.487054
0.890194 -13.385940 -6.323836
-4.271042 -14.791500 -7.293157
2.198004 -13.284016 -7.249141
3.902117 -13.883904 -6.068942
5.851906 -12.715372 -7.102943
6.721344 -17.029984 -9.131454
7.426150 -13.897097 -2.966583
10.454761 -16.541000 -4.989502
10.180656 -8.427180 1.816436
8.275655 -8.444534 3.230646
8.907921 -7.862893 1.205315
10.320738 -19.484207 -2.048733
11.230343 -19.720085 2.355755
12.442740 -19.876865 3.298548
4.328304 -14.283461 -2.504450
6.778316 -16.657135 -1.575005
7.575180 -19.279190 1.806200
-3.528821 -17.680071 4.161139
-9.144485 -19.114029 5.932915
-4.566906 -16.534851 4.225209
11.449918 -19.942255 2.786825
2.255781 -16.172129 -1.147537
6.165833 -15.540468 -2.378482
5.241250 -8.836709 -6.789851
4.677695 -12.309613 -6.232890
7.521653 -13.592539 -3.486901
8.063958 -12.081373 -7.228189
2.084416 -10.421930 -6.653421
2.848732 -7.668572 -7.994870
7.437760 -7.656800 -11.606407
7.992795 -10.294849 -8.110489
8.531825 -15.016985 -10.644183
3.640654 -15.586115 -4.399523
6.838355 -14.959331 -10.278984
8.869224 -15.005009 -7.281832
8.470036 -15.260870 -5.324660
5.920897 -18.332794 1.907749
5.783052 -8.303874 5.180048
10.659517 -7.091614 2.144580
7.491292 -9.595480 3.487436
7.605210 -10.622348 3.567489
5.405536 -3.911339 2.547257
6.738861 -3.496863 2.164701
8.703537 -9.913900 6.342230
2.704511 -7.544275 4.875523
4.472718 -4.686585 4.054727
4.564364 -4.817073 7.911755
3.219810 -4.763202 4.297040
7.404136 -3.292144 2.972072
8.119949 -5.798749 2.207556
9.900267 -6.320891 0.515635
9.356264 -8.119123 3.415211
8.999091 -7.998631 3.642198
10.728493 -8.339921 1.541499
10.238629 -9.143659 2.754121
2.048989 -2.234803 1.792638
7.497993 -4.711499 5.128493
-3.154632 -4.583058 2.951994
-2.503064 -2.502787 2.470687
-3.889495 -2.441429 0.721259
-2.072390 -2.512527 -0.303358
-0.241117 -2.353503 -0.195987
0.166191 -10.746913 7.021627
2.506931 -9.538526 4.747217
2.139159 -6.687772 3.980214
3.235018 -4.619982 5.193788
5.277610 -6.428670 7.889397
2.617494 -2.552161 8.470860
2.887971 -15.539327 0.625556
8.970755 -15.416882 6.307002
13.103270 -5.531659 3.493820
7.784727 -6.932542 4.696565
13.471252 -12.696457 6.123919
7.989882 -10.915412 0.703603
7.554519 -12.610027 3.285615
7.127235 -11.640036 8.874346
1.677246 -9.931062 6.433070
2.431804 -11.008462 7.722725
5.521636 -7.059021 4.017173
7.717767 -7.532113 4.676834
8.091228 -6.209620 1.743051
4.477410 -2.979510 1.590972
6.120670 -2.870093 1.346564
6.343551 -2.070481 -1.181515
8.211678 -5.109849 2.725286
7.768271 -5.255546 5.128849
8.310853 -6.759968 4.642568
7.403346 -6.169317 1.508958
9.610644 -6.072770 2.325207
7.128416 -3.320758 0.645187
6.455497 -3.998329 1.511232
5.965111 -3.937746 -0.084295
8.958591 -4.424540 2.050679
7.403398 -6.729084 2.712216
8.364491 -8.979488 3.602773
6.514155 -11.265683 7.102924
7.049976 -17.272394 6.658762
11.853410 -16.910421 12.715416
10.566583 -12.973938 7.088241
10.586786 -8.889750 7.438882
8.320176 -7.034612 3.079679
6.318486 -7.295571 6.102510
6.677013 -8.494489 5.959632
7.982483 -7.171016 4.898369
8.028995 -5.474095 8.966937
6.346547 -5.298004 5.123483
10.367573 -8.303145 5.842061
9.415611 -12.476938 5.838037
8.191476 -5.580745 6.454683
8.559206 -6.085031 5.017610
8.889684 -7.713563 6.889309
7.256446 -6.499445 5.895256
7.380418 -12.796426 9.807613
3.724152 -13.940451 8.437324
2.538718 -4.355174 6.492041
12.434010 -11.474434 7.848808
7.842604 -10.233118 6.735926
6.313197 -3.646754 8.524082
11.844682 -4.779282 9.823437
8.941907 -9.025333 5.144644
9.765738 -8.256684 6.308208
11.406269 -8.816669 5.012805
10.624441 -9.341143 3.306840
9.822096 -4.514759 1.165784
12.912188 -10.355976 -7.612822
11.583085 -13.433220 -5.452223
8.068821 -5.150042 -5.892155
11.656116 -11.920843 -5.719869
6.755341 -15.632936 -9.038855
5.677963 -12.658045 -6.856900
13.880101 -10.209303 -4.510780
10.966042 -6.284003 0.701809
8.121937 -7.302732 0.705370
11.992225 -7.834279 1.901266
14.406523 -8.112042 1.589100
8.895277 -8.113414 4.283114
12.154690 -11.987856 6.164909
7.652454 -6.324751 7.519402
6.867668 -9.818316 4.689664
6.910689 -11.158905 7.260633
6.792625 -18.326567 3.613175
8.079770 -17.685598 -1.608138
8.125307 -9.380077 -1.086488
8.585470 -9.207520 -1.334186
9.008657 -7.608379 -2.916301
7.537210 -10.922413 -3.553557
7.941194 -8.250253 -3.777666
8.040195 -10.960025 0.467367
7.426253 -8.430813 3.820901
7.571233 -6.471871 6.836033
5.933702 -6.681867 4.265327
7.239824 -10.093935 4.126928
6.473244 -9.068536 5.926586
9.035021 -9.042028 4.266527
4.507654 -4.659724 5.300950
8.641481 -14.007398 6.346955
12.046365 -12.785414 6.838198
8.826108 -10.995189 6.717621
7.012689 -8.771010 5.671764
6.652292 -4.284822 6.436217
9.725398 -6.275963 6.477164
7.768604 -5.186357 -0.262074
7.815059 -5.061113 5.468578
6.571709 -5.037351 4.191465
6.072026 -6.299161 6.434472
3.188466 -5.812964 6.011703
8.196108 -7.088550 4.093989
8.584992 -6.799106 2.448395
6.816349 -5.046511 4.612879
8.288907 -7.503759 3.382668
7.907262 -8.946966 1.858503
7.812438 -8.188512 2.068234
8.083756 -6.167287 2.780571
8.807379 -4.238832 3.320618
7.860889 -6.007951 4.866892
7.640389 -5.552803 4.152564
4.968221 -5.310096 4.742068
7.051376 -4.920611 5.782604
7.952651 -4.271365 0.594339
8.943082 -6.797335 2.208061
7.319274 -3.329295 -2.813582
5.074603 -3.913341 -3.536313
7.992018 -1.893244 -1.158898
8.802665 -4.668332 1.119357
5.046588 -2.876894 0.052568
8.870667 -3.207442 1.313380
7.875785 -6.481957 -0.715055
8.333958 -7.819269 0.385152
8.835632 -7.226583 1.969684
7.572959 -3.375710 1.427729
5.119662 -3.805420 5.252051
3.780102 -4.120057 2.598711
3.886927 -4.137645 4.953463
2.681566 -2.391076 2.023216
0.687519 -2.423187 -1.331800
-3.359815 0.395540 -2.530851
-7.635392 5.231376 -5.197186
-11.462757 7.487718 -2.358672
