15.007100 -8.415055 -18.758251
5.486654 -11.845689 -6.100979
2.141406 -6.420738 -6.432027
2.077842 -4.736409 -7.672689
0.858017 -2.191262 -4.917197
-0.663561 -2.711965 -4.304142
-1.540151 -2.777299 -2.013969
-3.185592 -1.040245 -3.816595
-3.095860 -5.267658 -3.525025
-2.439379 -1.602199 -5.399220
-1.513866 -3.824607 -5.787693
-0.671504 -3.724778 -3.461508
-0.174427 -3.566196 -6.024146
-2.744534 -4.896353 -6.255373
0.728539 -5.866460 -6.295855
-1.714423 -3.859027 -6.292839
-4.881087 -3.109800 -4.231944
-3.845404 -7.109179 -5.639839
-2.384162 -2.252247 -2.432904
-3.163835 -6.037219 -3.189675
-3.100696 -5.801131 -5.127260
-3.625768 -4.497587 -4.710951
-3.470056 -3.354947 -2.683757
-2.290137 -3.562285 -3.527604
-0.996967 -3.679575 -4.451209
-0.416090 -3.305376 -7.691164
-2.099298 -5.995365 -6.500180
0.712765 -4.895976 -7.150819
-0.491211 -4.290696 -7.445866
-0.721385 -5.818730 -6.079245
-0.308209 -3.946901 -6.152455
-1.127972 -7.229391 -6.287026
-1.415067 -5.193653 -7.144516
0.105513 -7.471833 -6.186352
1.721658 -5.114829 -6.446593
1.414765 -6.408947 -7.363635
3.357573 -4.230451 -6.347602
1.635665 -6.192737 -7.254397
-0.892891 -6.185818 -6.045821
-3.436596 -4.836410 -7.842465
-2.821686 -3.832862 -5.688667
-1.911454 -3.090650 -3.839148
-2.867092 -2.781498 -1.822229
-1.657972 -3.080117 -1.583230
-3.503896 -2.735735 -0.637952
-3.280926 -2.679841 -0.754722
-5.699384 -2.880549 0.671674
-4.498282 -5.681113 1.258371
-5.033305 -5.074069 3.407743
-7.957587 -4.508204 0.905254
-7.398022 -6.201026 0.117369
-10.420166 -7.058139 3.934797
