19.368279 -6.890044
11.207243 -8.461959
9.180971 -13.342069
7.919303 -9.428496
7.023401 -9.041463
5.729721 -7.035020
4.414179 -6.598943
3.580050 -4.712542
2.765747 -5.469507
0.396051 -5.313853
1.499532 -1.872145
1.573903 -2.604247
1.270699 -2.981083
1.630170 -2.443050
1.564759 -1.616832
1.470013 -1.367603
1.255170 -0.840578
1.736033 -0.281617
0.443405 0.945330
0.668884 0.309566
3.224535 2.015990
3.001546 1.807565
3.516178 1.841244
1.563794 2.749193
4.781035 1.454319
4.594202 1.404230
5.805443 2.987367
7.838117 0.534526
7.525982 -0.310127
7.199547 0.755249
7.393521 -0.695229
7.907574 0.741820
8.487753 -0.350318
6.915730 3.085711
9.190758 3.560652
10.436003 3.575667
9.643053 4.523586
8.041073 2.664454
8.772573 2.050625
8.887669 0.564426
7.735867 1.545470
7.040673 2.796230
8.812152 1.304039
8.625146 1.761113
9.049410 2.765301
10.573441 5.242469
8.142371 2.238584
11.321509 3.984854
11.134853 4.277265
11.804102 5.087416
11.654236 3.769751
9.487020 6.871908
9.762400 5.015091
7.860157 2.906645
7.116646 -0.837417
6.825609 -0.438309
7.626827 -0.068632
7.915015 -0.320807
6.324985 1.811545
5.354727 2.024836
4.112033 1.482184
5.894361 2.052068
5.485162 1.310465
3.339938 1.626235
4.059400 1.800499
4.613853 1.615358
1.486986 2.025937
2.040598 1.445740
1.445303 1.205069
1.535137 -0.634143
1.711958 -2.040323
1.285848 -5.490724
5.514602 -6.138767
6.614842 -8.444648
4.830142 -6.988596
4.516315 -4.652676
2.570065 -4.709824
0.932792 -3.797013
1.561760 -3.129435
1.581067 -1.387977
1.629914 0.987238
1.611324 0.679135
1.212823 -0.168760
1.929166 2.345106
2.731319 1.333225
3.709648 2.339524
3.430055 1.893741
3.835444 1.625998
5.559186 2.324815
3.817415 1.555861
5.929683 2.075783
7.133686 1.934919
6.053647 2.653756
6.093200 2.232927
6.490757 1.819665
7.619235 2.730488
7.378131 -0.408714
7.392388 0.312550
7.054043 -0.186936
8.021999 -0.822474
6.844590 0.631909
7.052069 1.208366
7.302222 3.172296
8.950567 2.709930
8.969697 2.212251
8.433522 2.063355
4.381508 -6.023444
3.361491 3.280372
4.961819 1.533773
7.875545 0.897676
7.462163 -0.633018
9.055300 -0.561534
11.904596 -1.924643
12.322246 -1.609338
10.695488 -1.616242
7.410177 0.855065
6.933015 0.028244
6.965698 0.018365
4.777151 1.170962
5.113827 1.603926
5.725966 1.114234
6.010169 1.296234
5.230705 1.380911
6.328459 1.179169
8.103280 0.372051
8.676826 2.455881
7.558820 0.764731
8.419978 2.105613
6.485015 2.622000
9.048590 2.571635
6.602148 1.270308
9.441472 5.751344
12.499975 3.968848
12.107130 3.661021
5.058009 1.624018
7.711533 3.769885
6.690660 3.004538
15.309849 -1.354083
1.014460 -2.182530
-0.354275 0.190146
8.584268 -0.162090
7.359348 1.475935
9.014648 0.056246
8.636982 -0.232699
8.511898 -0.947340
8.000033 -0.414777
6.333679 2.349240
12.012642 5.187870
8.348249 -0.668304
8.985294 2.762207
11.505563 5.407384
11.721266 5.156186
9.741360 5.565764
12.003312 3.443779
14.170753 0.712525
7.327548 1.674657
7.479663 4.224966
7.990475 2.249172
10.065770 3.814867
9.485938 3.872456
7.575754 1.518679
8.255610 1.195878
9.104092 2.146836
7.316917 0.200270
7.145688 0.121088
8.731569 1.161150
7.045204 -0.947939
8.083810 2.061082
8.811209 1.476517
7.830764 -1.054735
6.780118 1.316457
5.453454 1.113484
6.253430 -4.487984
11.463749 -4.178957
5.460370 -5.764474
5.552291 -5.430584
4.053506 -5.179362
5.527661 -5.461685
6.523156 -7.097075
7.656514 -7.248480
9.501951 -7.131152
7.218061 -10.287852
4.240605 -7.627694
8.728144 -0.611202
7.697121 0.066180
7.294369 2.611294
8.763311 1.486468
8.168478 2.396297
8.983502 3.507759
8.528608 1.414145
11.192321 4.211349
12.575959 3.434623
10.362774 7.335713
8.389642 2.620146
7.928590 1.267029
8.728138 1.536465
9.060619 -0.453427
7.145998 0.767706
8.806472 1.960227
11.719103 3.513567
11.245813 4.634355
12.164964 4.447649
7.819080 4.218923
8.142927 4.556155
10.314108 4.647782
11.734313 4.161873
6.793936 1.661611
7.693242 1.334441
8.187111 1.494404
6.865305 -1.099482
8.574437 0.114662
7.769963 -1.398875
15.476861 2.784537
14.307348 0.280214
14.399345 0.907001
3.467638 -5.443973
3.705629 -7.877049
4.448944 -6.875979
1.664661 -1.638873
0.922133 -0.984819
1.205871 0.060540
0.546939 0.792165
3.251477 1.921831
6.288905 1.974230
7.053421 0.381572
6.901147 2.613802
10.256704 4.485130
11.520918 4.893103
9.183619 3.518122
13.314383 4.331842
12.664381 4.785800
10.236805 6.459783
10.929752 4.074119
14.261299 4.283084
10.420501 3.592593
12.617268 4.353542
11.976082 4.486394
11.326250 4.396179
9.459205 4.617974
6.272324 2.247394
8.833967 1.474377
7.533185 1.245081
7.553219 0.024619
7.508110 1.102459
7.924651 4.596234
10.208546 4.374041
9.323826 3.878270
8.472716 2.763540
6.909354 2.234069
8.737718 2.935774
7.865668 2.033880
8.119253 2.501642
6.946692 4.352200
9.612938 3.756818
4.833489 1.352788
3.525810 2.846802
1.039115 0.975932
1.356492 -1.282876
1.682620 -0.686640
0.968342 -0.518553
1.483714 -0.473585
0.679789 -2.040229
1.003325 -2.672625
0.747620 -2.638063
1.089348 -4.796541
3.892753 -5.756507
4.006911 -4.912416
5.932122 -6.048464
3.363245 -4.306726
0.298073 -4.205425
1.736678 -0.967433
0.346321 -2.092223
1.400472 -0.033573
1.460033 -0.512685
0.110623 0.801395
0.655830 0.211976
1.589700 -1.040052
2.025179 1.789218
4.516792 1.392123
7.467517 1.630924
5.119143 2.449489
4.920824 1.656720
5.632277 1.581426
8.086232 1.774389
8.916340 4.674579
10.212214 3.796581
11.018965 3.857808
10.903830 6.195217
7.720708 1.510749
7.019125 0.696864
7.784516 -0.245183
8.058126 1.981939
4.626906 1.846279
6.583762 1.063320
8.361219 1.006388
8.279850 4.049824
9.981069 3.964058
11.603638 -1.818655
15.176417 1.486807
17.187389 -3.693749
8.848389 -1.436216
8.811031 0.371511
8.735212 0.940515
15.145301 -0.294401
15.398794 4.715027
11.374417 3.466302
13.980129 3.782264
7.726807 2.609987
9.470707 4.267010
14.150271 3.167507
8.573810 2.402435
8.520947 1.690303
8.822468 3.343423
10.410753 4.063369
10.657820 4.201482
10.527166 4.315661
10.753723 6.349176
9.391863 8.181302
12.475269 6.173053
13.646345 5.062046
12.697496 5.717828
12.777960 6.618702
11.320913 3.435790
10.488356 3.493467
8.052582 4.344807
7.686277 2.704240
6.975544 1.928289
7.008401 -0.042818
1.574167 0.046777
0.243026 1.412234
1.708938 -2.977459
1.371123 -3.330786
3.041239 -6.830468
5.211809 -5.055902
6.270895 -6.078143
7.254231 -9.797756
9.155632 -7.761382
10.189964 -7.031157
10.554792 -7.038227
6.836995 -7.805868
4.188297 -5.701174
6.195685 -5.477459
5.757619 -6.714098
1.193169 -4.797071
1.799851 -0.922107
0.237985 0.281345
1.681108 0.750686
0.599656 1.002863
1.912067 1.134085
3.499293 1.942174
4.021668 2.394689
1.973729 1.144314
4.206378 2.170740
2.228117 1.229069
1.504679 1.610806
7.094112 -0.390046
7.853310 1.039917
5.753515 2.515617
5.100884 1.543651
3.787698 1.414932
3.806983 1.254063
4.545902 1.238505
3.842719 1.791601
6.529439 1.190684
8.530890 0.717948
7.860551 -0.991898
7.288944 0.788380
8.271000 0.136129
8.166810 -1.106585
9.107844 0.049253
8.733106 2.858945
9.048356 2.692393
8.498938 0.695009
8.460983 0.321844
8.886127 1.681764
10.596611 4.346938
9.055698 4.041305
8.920703 2.027525
11.791038 -4.718434
11.447825 -3.752913
8.273126 0.863669
9.091523 4.904865
11.360332 4.721570
11.724066 3.419337
8.724443 5.867795
12.054345 6.822293
12.466549 3.841826
10.765308 5.925364
7.627419 2.615805
7.573161 0.573053
8.549843 1.481418
8.643320 4.220460
9.077722 1.267701
8.425615 0.836034
8.042543 0.255198
9.088943 0.667797
8.810741 3.187213
13.739228 -7.638879
19.314827 -10.793660
9.982811 -15.336019
11.847139 -12.085444
17.262657 -8.394095
11.586928 -2.411877
15.083754 -1.548029
12.211887 -11.197076
7.915087 -7.137154
7.153647 -7.042981
5.652967 -6.946321
5.165565 -7.084098
3.089697 -7.518023
7.733300 -7.849802
7.879795 -11.675017
5.427130 -4.370438
3.203422 -4.752662
2.544498 -5.337706
3.365949 -6.603091
2.584560 -5.566988
1.188593 -1.804116
0.555767 0.093300
3.836434 2.284541
4.762423 1.749094
2.114839 1.300837
5.021001 1.242265
4.407722 2.678538
4.739994 1.205951
4.411089 1.395725
4.726254 1.418747
7.224190 1.443819
8.049721 0.493830
8.600855 -0.885333
6.195786 2.505159
5.701375 1.254840
4.430710 2.199211
2.238575 1.992507
1.198880 2.369315
1.427830 1.938214
1.200308 0.776773
2.960119 2.404326
3.922956 2.901096
3.967058 1.601074
4.787005 2.120899
8.445107 2.341496
7.377654 -0.543174
8.915526 0.813200
7.147878 1.980396
3.443877 1.769506
3.548446 2.260086
2.008150 1.481813
0.281270 -0.393185
1.597928 0.163825
0.466080 -0.324593
-0.146290 -1.280373
-0.033744 -0.782943
1.374591 -1.526843
1.502777 -3.021541
0.907800 -2.791427
0.399881 -5.215881
2.392801 -4.433950
2.009547 -4.435062
-0.718585 0.600864
-0.997474 -0.261167
-0.855122 1.222723
2.068434 1.174063
1.570674 1.751662
1.110735 0.079100
1.481710 -0.614970
0.692768 -3.295413
1.285131 -2.749024
0.743926 -3.582087
1.726549 -3.666423
-0.326423 -5.554140
2.735123 -5.281423
4.974053 -6.684655
5.854383 -6.983850
7.892053 -9.257640
11.159155 -7.997995
11.764056 -8.681794
9.792456 -7.410523
