-9.966391 -3.811927
-4.874087 -3.204051
-0.226767 -1.783222
0.899544 -0.642076
1.693646 -0.300948
0.719108 2.194014
2.735178 1.070101
3.499691 1.725387
1.241708 2.161444
1.580554 0.425971
0.474061 0.485140
0.314061 2.620207
2.268605 2.188370
1.890623 2.160611
2.806850 1.227971
3.224358 1.503430
1.875797 1.198618
1.814220 2.257195
1.713368 -0.030530
1.720614 0.883623
1.550917 1.339636
1.181161 -0.362309
1.028008 -0.190190
1.755083 -0.020826
0.446001 1.770140
0.120146 1.953758
2.055076 2.061743
-0.352012 1.926200
0.485611 0.455141
2.713484 3.154822
4.980994 1.119648
6.238678 1.217350
6.922859 2.045951
7.797561 -0.235406
8.343187 -0.239935
8.707092 -0.565473
8.479033 -0.954702
7.251978 0.744902
7.651253 0.052612
7.897399 -1.086826
8.703390 -0.707390
7.855252 1.113345
7.687358 2.594395
6.055616 1.249973
10.214094 3.847951
8.379406 3.950745
8.216958 1.939877
8.043196 1.637963
7.913854 1.197259
6.049644 1.646514
7.534921 1.334947
4.832480 2.507865
6.958863 2.223981
3.254383 2.531524
1.028288 0.288459
1.654800 -0.474686
1.795647 -1.386657
-0.056508 -2.137998
-0.111711 -2.372122
1.554004 -4.561107
2.518881 -4.242159
2.379932 -4.993347
2.531852 -4.053427
0.418834 -4.093777
1.672528 -0.493185
1.758460 -0.270346
0.879287 -0.665929
0.634024 1.457756
2.225373 1.287027
4.048313 2.263777
2.828317 1.518923
3.877166 2.082837
1.647008 1.974321
3.621204 1.395389
4.983988 1.584737
3.063583 1.591981
1.092601 1.350418
0.331626 0.033993
1.447755 -0.434121
0.557584 1.813475
3.458120 1.219917
4.502610 1.899950
2.967136 2.670212
4.812204 1.221535
5.112429 1.875782
4.453800 2.574456
4.794066 2.228189
4.736053 1.180514
4.743155 2.200708
7.277170 0.027220
7.057113 -0.749246
7.484660 2.254901
6.633244 2.229845
6.982172 0.112282
7.059628 2.227590
6.916048 1.664104
5.119007 1.874653
5.766230 2.664994
2.787203 1.813809
2.249268 1.320704
2.129534 1.176002
1.570378 2.308276
1.731343 0.777738
1.528356 -0.870669
0.313075 -0.637858
1.808225 -1.358886
1.074976 -0.078539
1.175018 -1.227785
1.368916 -2.516722
1.730122 -1.744546
0.800442 -2.539186
1.481507 -2.686615
1.427907 -1.883669
1.810452 -0.259907
1.720018 0.175970
1.537954 1.201817
3.086537 1.189890
2.954441 3.220419
1.770709 1.925879
1.563613 0.424401
1.886836 1.322044
4.628821 2.585034
5.201841 3.387938
3.768123 1.419845
2.439691 1.159172
-0.269280 3.271154
1.300500 0.054430
0.578023 0.420405
0.568680 0.140092
1.333797 -1.059577
1.758588 -6.448194
5.765923 -4.908860
6.334203 -5.918804
5.109710 -7.926290
7.194301 -9.154094
10.116472 -11.506070
10.093491 -7.356936
6.175020 -10.149638
6.371116 -5.051100
5.555985 -5.451224
7.840463 -8.847251
6.108699 -9.420897
10.006811 -7.580428
9.509335 -8.343454
11.550058 -9.777534
11.796559 -4.817420
11.003856 -10.844651
9.006907 -7.851035
10.806243 -7.307423
14.605637 -7.101402
14.588895 -6.691888
10.007414 -9.044430
10.014639 -11.791497
9.945766 -8.726350
8.016272 -11.000439
10.425933 -8.799080
3.085626 -9.769924
3.265564 -8.619609
6.221177 -4.892087
4.989616 -4.596814
6.550022 -7.895313
3.956042 -6.519536
8.047857 -7.573332
6.943378 -9.493061
12.670351 -9.112120
8.701094 -7.493552
8.282595 -6.848137
10.370262 -6.839332
7.471165 -8.640636
3.870745 -5.465883
2.358521 -5.962994
2.095732 -7.584485
4.824478 -6.496057
4.435141 -4.475035
0.536765 -3.396971
1.334041 0.116254
1.602854 0.848330
1.951001 2.209556
2.745291 1.873140
2.372265 3.238111
0.430719 -0.994331
1.698399 0.493994
0.618355 0.905941
0.527747 -0.596695
-0.795553 2.592703
3.726809 1.186182
3.571161 2.130117
3.578119 3.082056
3.412401 2.158988
4.869439 1.288091
7.082742 1.627693
7.469181 -0.114254
4.318041 1.961753
4.484670 1.083948
2.331569 2.717781
1.929473 1.282316
3.803907 1.557991
0.507681 1.372899
2.463399 1.364495
2.559971 2.200076
4.438305 1.121406
4.940284 1.529797
4.671655 1.606569
3.944012 1.348761
3.175657 1.332798
4.194955 1.209771
4.759802 2.254459
7.592355 0.753505
8.817177 -0.988200
7.647624 0.750095
7.653292 -1.153238
6.993587 -0.014399
6.449319 2.029599
5.753532 1.325163
4.000256 2.299181
3.743668 3.175016
3.252023 2.050779
0.105181 0.564178
1.199941 -3.413220
3.285930 -4.017583
4.012597 -5.100207
3.959378 -7.336522
6.364215 -7.225127
10.953028 -9.039804
10.564886 -8.024180
12.603013 -9.365376
15.550216 -12.485618
8.100430 -8.585411
5.675922 -6.994120
4.447600 -4.272660
6.114237 -4.084879
5.400699 -4.793168
7.082714 -8.700789
7.795217 -8.154351
8.563808 -7.510022
6.076889 -7.598186
7.256821 -7.805776
8.734919 -9.172705
13.521903 -9.418006
11.979084 -8.297979
11.866534 -4.794312
11.731884 -3.584441
13.669493 -6.672237
10.786163 -6.861195
7.403588 -10.767148
8.889929 -9.377301
8.088408 -9.300426
12.692980 -8.737573
15.395651 -11.862445
17.706993 -7.676518
10.167897 -6.968149
8.589567 -6.909464
14.011814 -7.460914
9.065523 -8.940604
7.270092 -7.470107
7.873540 -8.320662
9.251449 -7.739565
7.802615 -8.736569
6.021534 -6.147377
7.624290 -8.076130
7.846900 -7.557495
9.253698 -7.946679
8.009508 -8.736560
7.118054 -7.619939
4.208153 -4.280853
3.395195 -7.277752
9.286135 -7.562320
6.855965 -7.216331
6.984978 -6.689237
3.812338 -6.721240
4.656139 -8.246944
1.626412 -5.504953
1.413919 0.344245
1.136758 1.013111
1.264837 -1.447375
5.853703 -4.530890
3.125247 -4.173711
8.772047 0.296437
7.552323 -0.827692
4.375586 1.067596
4.492432 1.540808
6.005654 -4.491025
6.204892 -7.289196
7.630199 -8.487123
3.157804 -8.511548
8.833952 -11.134645
14.250463 -9.733718
12.749402 -8.134968
12.081560 -10.710319
13.250526 -9.659565
11.441357 -5.536608
7.026874 0.515040
5.712262 2.203386
7.377382 2.203293
9.780352 -6.864472
7.708223 -9.079192
9.733207 -9.921117
9.110093 -7.349950
7.545459 -9.044606
7.228484 -7.902058
8.339003 -10.055814
12.911201 -8.699085
8.470708 -7.688257
9.314901 -8.199933
11.361214 -8.598434
11.071848 -10.501530
13.804361 -7.500780
15.604896 -11.395448
18.621365 -2.731466
14.734238 0.226350
16.381237 0.673010
18.869642 -6.917032
