7.433468 10.330096
10.753598 5.970982
12.705311 4.496669
12.964537 4.096903
9.106255 4.880035
7.220165 1.981353
6.828608 -1.116432
5.226645 1.737905
4.356290 1.926910
2.759735 3.632522
7.718241 0.556966
5.976587 1.580733
5.045099 1.230171
2.341421 1.668625
1.813908 1.464265
2.356247 2.500587
2.665676 1.142824
2.674966 1.373424
2.570346 1.486504
2.553717 1.851839
2.777768 1.531919
1.445108 1.288666
1.624494 0.322587
0.450417 -0.631850
1.642295 -1.212688
1.352892 -0.627308
1.226040 0.042681
1.299064 -0.632208
2.103200 2.816547
6.225446 1.354037
5.852777 2.379086
4.562189 2.843046
2.829797 1.325218
6.282248 1.274260
9.092241 0.247502
7.556420 2.156519
5.252193 1.153122
1.801212 -0.218347
0.891540 -1.973634
0.675514 -1.681795
1.102666 -2.775390
0.943911 -2.532116
0.875214 -1.241414
1.234742 -2.681738
1.787613 -1.608707
0.417844 -3.587429
0.795726 -4.626860
3.641968 -4.821448
5.154171 -4.817008
3.906516 -3.964185
1.656206 -4.050291
2.884043 -6.814774
3.279195 -6.714196
8.571126 -7.609475
9.061426 -6.785417
11.591365 -12.452886
11.706055 -5.819364
12.359381 -8.398831
8.942813 -10.103818
16.778513 -12.359327
