18.019690 13.688720
14.416438 6.755007
12.119381 6.410405
12.695529 4.342311
12.827650 5.897691
12.480471 4.338643
12.352087 4.706556
10.480803 4.983987
9.711031 4.094716
7.103988 5.643182
8.900412 -0.510211
6.964584 3.811277
6.821159 1.850495
5.447190 1.924722
7.451197 2.056863
8.858952 2.700835
8.442782 0.176530
8.274870 2.982527
8.927866 -0.163334
7.711367 -1.307572
6.431095 -5.389485
4.390648 -7.138216
3.466056 -5.292702
3.287746 -8.269017
3.742189 -9.125437
3.309200 -7.973985
5.521023 -7.192265
5.884177 -8.146510
10.586820 -7.728428
13.162842 -10.954453
14.368576 -8.395594
15.189571 -10.163763
10.713861 -8.486110
8.875494 -6.740202
4.962125 -5.750288
4.634530 -6.822930
8.176538 -1.621927
8.044770 -0.328260
8.987499 0.596979
7.361453 2.676526
7.401357 -0.723908
6.201524 -7.323764
5.622739 -7.300562
4.697833 -6.302440
4.816569 -4.934085
4.863556 -4.654775
11.565529 -5.692144
13.052514 -10.425615
14.517649 -9.540599
11.091245 -10.640735
6.618638 -8.764756
4.412599 -6.533351
6.081366 -6.117277
5.592557 -6.022713
4.779385 -7.234916
5.620699 -4.717101
4.320516 -5.921987
5.306359 -5.603420
8.059778 -0.720728
7.170323 -0.071722
7.839375 -0.961397
8.338905 -1.584446
7.487865 -0.943160
5.719542 2.447371
3.781437 2.613692
2.048985 1.081067
2.540721 2.663041
4.159417 1.515410
7.042681 1.031617
7.970839 -0.208366
8.695844 0.986637
7.846218 -0.876526
11.893584 -4.829184
8.393963 -7.901497
7.598425 -7.578326
8.121269 -9.154790
9.420695 -7.618931
6.428229 -7.402012
6.000071 -6.204867
4.931972 -5.609224
0.278554 -2.210401
1.276664 -0.669657
0.534857 -0.210302
-0.255536 0.679326
0.776365 -0.040783
2.991423 1.360905
2.154244 1.583027
6.321937 -4.559177
6.033291 -4.616712
6.087012 -4.020851
1.912876 3.404635
3.046208 1.828120
2.914456 1.139415
2.106510 1.409611
-0.703584 1.142711
0.805196 -0.145116
0.965206 -0.333015
0.544428 -1.228003
7.457723 -0.603658
8.734030 -1.309831
6.417357 -6.370163
4.730877 -8.103250
7.581395 -8.717471
7.479812 -6.755842
11.778805 -7.201184
11.855442 -8.639174
10.823825 -8.645642
12.292549 -1.590577
8.272680 1.032399
8.374660 0.108687
7.541869 -0.612812
7.459098 2.194859
5.437019 1.415879
3.062393 1.201214
3.247095 1.472617
2.258975 2.403260
2.108959 1.179645
3.006539 2.067140
9.081298 0.681132
8.364060 -0.684367
8.619331 2.245813
8.800652 0.565226
9.090114 -0.303562
7.031011 0.276786
9.096560 1.839669
5.904492 2.590152
3.368684 1.060839
2.239071 1.760703
1.275380 0.491266
0.091631 -0.918256
0.772805 0.538024
1.727584 -1.640694
1.182873 -2.162510
1.213337 -3.850631
2.432983 -4.530078
2.014697 -4.141535
0.889458 -3.806860
-0.376317 -4.351346
1.238025 -5.577097
3.165200 -4.289824
4.365508 -4.122618
2.270928 -5.511141
5.453519 -6.632838
10.534876 -10.994596
7.535026 -9.608146
7.252331 -6.656251
3.325022 -8.015521
2.493611 -9.143838
4.331079 -6.313782
2.890846 -7.278141
4.040276 -7.663440
2.755567 -8.812126
5.204080 -4.019693
1.656521 -4.439508
2.613503 1.295996
1.685723 1.650849
3.095461 1.121648
5.309533 1.248325
7.105387 2.949725
2.520009 2.289056
4.135208 1.374234
6.410708 1.148154
5.072865 1.289629
6.106540 1.246601
4.911514 1.139749
5.760207 1.316608
6.550588 2.271270
7.716540 -0.965026
6.852409 0.124514
6.991464 1.537252
5.058291 1.749352
3.359279 1.099104
3.236544 1.140025
2.179216 1.626134
1.979564 2.252945
0.700734 -0.644238
0.309703 -2.813743
0.194386 -1.372736
-0.218925 -0.760745
0.651123 -0.117401
1.239555 2.895678
3.548420 2.383432
5.161994 1.243377
4.623182 1.327375
4.773026 1.174096
3.587459 1.607703
6.380061 1.748876
7.034634 2.262586
7.397040 3.120535
7.047858 -0.821586
7.981291 -0.903067
8.186888 2.109873
7.227457 2.037130
8.446854 -0.892090
6.924288 -0.661080
7.598268 -0.465625
9.099034 -0.472398
9.086413 -0.666425
8.201946 -0.103458
7.956053 1.162967
6.784225 1.716074
5.416610 1.375597
6.346631 1.248597
6.155886 3.503512
7.452881 0.734822
7.256103 -0.588354
8.568958 1.601155
7.881051 1.320224
8.379108 0.708667
9.060720 -0.502354
8.218103 0.445651
8.410773 0.153817
6.795405 2.230216
7.869781 2.770983
4.818299 1.724431
5.129440 3.084318
8.038097 0.631398
8.832147 1.224357
8.729502 0.284448
6.842932 3.861245
10.596962 6.380612
8.098391 5.964376
10.149277 4.573738
8.585623 4.255210
9.372580 3.873115
5.354733 1.287409
7.904280 1.263052
11.665436 -1.838773
11.749390 -9.404368
12.218761 -7.564620
16.785763 -9.145852
17.787907 -9.352462
14.315422 -9.183738
12.371643 -10.796468
15.251911 -6.779845
12.850080 -9.390375
8.454076 -7.064471
4.478497 -8.077472
4.595086 -5.010857
4.919159 -6.312034
3.405941 -5.071092
1.687575 -4.033466
1.694503 -2.406213
1.516764 -1.143094
1.549625 -0.660429
-1.365815 0.871467
-0.494400 0.039115
1.200468 -0.581423
1.680711 -1.389952
1.077224 -0.710530
0.846221 -0.186566
0.491534 1.543252
2.316594 1.125796
1.590133 1.063708
0.886324 -0.898590
1.088493 -0.113986
1.140607 -0.012594
1.704409 0.216572
0.681667 -0.756948
1.200533 0.136078
-0.121046 0.664871
1.442442 -2.628465
1.097110 1.010231
0.948724 -0.786547
1.478422 1.184038
0.311465 0.171358
1.157232 0.992315
2.425155 1.307125
3.106965 2.928007
2.151126 3.566622
2.694036 1.470374
4.715388 1.331680
4.500716 1.577734
3.803881 1.267661
3.815094 3.195156
4.202073 2.336132
2.723250 2.219442
-0.469129 -0.964539
0.274877 -1.904885
0.994308 -1.963043
1.356966 -1.326803
0.738244 -0.378401
1.546920 0.108398
0.684555 0.251325
0.606437 0.085001
0.540005 -1.200063
0.702922 -1.032027
1.146308 -0.714393
0.165097 -3.486707
2.330519 -5.347501
0.529697 -4.410566
2.635724 -5.199995
0.378046 -4.366797
0.747994 -4.323066
1.780678 -1.824673
1.110937 -1.804922
1.469581 -2.578284
1.734058 -2.245568
1.672783 -4.476154
1.649606 -2.155646
0.774286 -3.614678
0.624523 -4.331878
2.449572 -3.951532
4.139122 -5.981715
5.205040 -5.891495
3.413291 -6.716744
1.607136 -5.177756
3.597439 -4.986088
2.573816 -5.668017
0.710686 -5.762545
1.780978 -2.431960
1.128531 -0.525277
1.794164 -0.084110
0.204057 -0.730295
0.849065 -0.768398
1.275627 -0.012952
1.738957 -0.616337
0.036541 -2.304552
0.859977 -0.199725
1.494018 0.622658
1.042117 0.169965
1.696642 0.706139
1.840284 1.972244
2.078829 1.115796
4.133768 1.363280
5.882667 1.217421
1.902569 1.979181
4.548181 1.224953
6.793330 1.530319
8.541943 -0.852562
8.033434 0.193585
9.099630 3.750782
10.509471 3.813675
11.088328 4.059719
13.097119 4.710443
12.862341 3.803560
11.526837 4.421894
9.105175 5.115945
8.879445 1.061944
8.636891 3.438069
9.708879 4.458211
14.022676 3.592058
14.432998 3.236282
15.700547 0.070261
14.728771 2.849859
16.344296 -0.673432
14.528811 2.120518
15.569876 1.938748
14.506118 2.425781
14.170617 3.363801
13.495233 6.038763
10.456019 4.552080
11.024626 4.920583
10.841497 5.565951
10.340502 5.248745
12.810331 6.012506
9.590662 6.318054
6.870638 2.980140
10.989094 5.107572
10.822880 3.619945
9.958850 4.386223
8.907619 3.966073
9.090846 3.676748
12.280014 3.927569
9.715352 5.111061
13.394466 3.674927
9.176414 4.502815
7.223336 1.579939
7.427360 -1.029492
8.691747 -0.119783
6.203440 4.489804
11.262139 4.967403
13.255919 7.567937
12.580246 4.269703
9.637144 5.546409
10.554376 4.185722
12.016498 5.624393
11.235786 5.580891
9.883612 5.004530
10.979548 5.453349
9.887663 6.278690
8.520744 -0.509601
9.031034 2.054381
5.796059 3.211815
7.899096 4.222059
7.421960 2.527799
14.770103 -1.399096
15.086815 0.614367
15.868885 -0.208776
17.580652 -2.297604
17.391445 -3.811217
17.370541 -11.160388
18.940277 -10.625964
14.074417 -8.414515
11.261045 -8.859314
11.065701 -12.570769
10.315458 -12.237763
11.578431 -8.366235
16.864502 -11.624942
18.147772 -11.764703
17.227734 -5.575858
13.959964 -7.160112
11.657554 -9.401828
9.786068 -10.744869
8.094966 -8.579436
16.793489 -1.003744
14.907279 3.082299
12.626469 4.596732
8.821645 5.434811
13.567659 3.880087
10.220026 4.068054
9.680839 3.843950
11.021708 4.605033
11.546880 3.655617
7.470617 3.286453
12.158010 4.327590
10.304331 3.947585
13.040216 4.315698
10.453452 8.280264
8.415859 1.297240
4.752288 1.697755
5.089469 1.068780
1.520727 1.202852
2.046633 1.181854
3.120615 2.807693
1.083131 1.762141
1.582188 0.098730
1.352057 -0.568593
1.726661 -1.206174
1.751155 -1.818262
1.275361 2.331449
4.221380 1.907953
3.877831 4.292138
6.292550 3.628825
5.288913 1.935783
8.879310 -0.126349
8.763350 2.095070
8.944227 1.738726
8.900815 0.759543
7.989633 4.576682
9.356001 4.277624
10.207020 3.747078
12.078712 4.961961
10.739189 7.380755
9.141018 6.613884
8.479607 1.654552
8.558735 -0.886826
8.735319 4.531366
6.485089 2.786420
6.180995 1.222420
8.266087 4.856248
12.508973 5.095929
10.503506 6.231651
10.802689 4.821982
10.810238 3.520799
7.621444 0.351045
8.225229 -0.896687
8.859360 3.281527
9.079184 2.950742
8.516693 2.730993
9.378442 3.834202
7.930533 2.263900
8.693755 2.711309
5.202383 2.320941
8.427679 2.233451
8.711821 0.512514
8.556799 1.887313
7.374361 2.607164
8.143603 2.482011
8.670261 3.124940
8.968695 3.799166
10.988623 4.377192
9.613132 3.526225
11.856586 3.868701
10.471893 3.896900
4.552531 3.868837
9.039461 2.580806
9.043411 2.790233
9.049453 0.897892
7.901339 0.109581
7.950999 2.216239
7.874580 3.100300
12.032189 4.727380
12.491782 5.545103
16.187393 2.006688
16.266697 2.759054
12.769783 4.261467
8.605134 4.533193
11.706066 4.429771
9.756367 4.355824
7.633629 1.355451
7.526922 1.214462
5.935724 1.207647
7.473460 1.493163
6.936335 0.737537
2.715082 1.136105
2.885285 2.483131
4.347542 -4.127880
5.482516 -7.462421
10.520584 -9.264943
13.837538 -6.839665
11.962929 4.606306
11.331024 5.302844
11.747813 3.660883
14.674685 0.697489
14.870503 0.637840
15.056793 -0.400467
8.211224 2.732734
5.800452 2.297230
6.391258 1.132391
7.268879 -0.549658
8.381392 -0.463113
8.661337 -1.313992
11.733104 -2.520017
11.761923 3.640792
9.045778 3.470256
14.142679 5.051108
15.651647 -0.805131
8.381832 1.421618
9.084381 -0.266092
8.475386 1.723747
8.729639 -1.284534
8.242487 -1.114059
8.288641 0.427101
8.458171 0.562385
7.240837 2.197258
7.302361 1.689802
8.500742 1.250962
11.091885 3.472284
10.890032 4.485691
10.743736 5.762756
8.921879 3.668622
6.884445 -0.217945
6.876635 -0.333343
7.692999 2.722609
8.422663 4.546199
10.154995 3.979798
8.767965 2.746717
8.381516 2.014054
8.127396 1.443600
8.126839 3.090958
6.726912 3.583605
11.689499 -1.896975
11.475149 -2.001556
8.197163 -8.491747
5.709872 -6.696181
5.981915 -5.542989
7.626902 -6.957640
4.867512 -8.094428
3.465769 -6.703242
3.111751 -7.201160
0.586253 -6.564433
1.311993 -4.979661
1.084252 -2.909691
6.986599 -1.389208
11.581099 4.109746
10.485413 4.466528
11.570885 4.823487
9.894537 4.367504
9.933053 4.483290
7.714560 2.243176
8.430689 3.872202
8.707848 1.569632
8.522087 2.341639
7.961424 1.179812
8.867523 1.185274
7.306015 -0.406699
7.769210 -0.655513
1.180582 -0.624672
1.748059 -0.657032
8.209375 -1.280037
9.746735 3.774948
13.368582 3.860913
11.764021 4.372276
12.666932 3.687233
11.043621 3.556295
9.753858 3.781829
11.504360 4.737806
11.337862 3.744509
8.737339 3.243238
8.248568 1.323376
8.271749 -0.850961
14.380945 -1.007813
15.868769 1.802958
15.447697 3.334435
12.174446 5.189913
9.553140 4.124487
8.350050 2.984487
7.973914 1.704504
7.006604 1.432541
7.799593 0.031921
8.665445 0.027126
7.479414 -0.803002
8.475917 -1.410213
8.219735 0.480383
7.693566 1.701647
8.837198 0.853999
7.288670 4.263424
9.607435 5.291391
7.693231 3.497777
7.881594 0.276202
7.605317 0.844694
7.182276 -0.650175
7.307884 -0.831941
7.289549 -0.678463
9.013289 1.560338
7.661862 1.451841
8.313298 2.214688
7.723107 -0.815782
7.621238 -1.284581
7.816452 -0.752740
6.330837 -5.268212
5.860319 -4.711883
6.366467 -9.135986
7.534087 -8.646831
12.239277 -8.273157
12.272420 -8.286253
10.367459 -10.786747
7.785749 -7.464818
6.174863 -7.307837
7.269294 -7.936954
7.294044 -8.095238
9.466861 -7.954086
10.994349 -8.261538
12.345347 -8.551310
8.486742 -12.657222
10.742623 -10.138160
8.434197 -8.661662
11.665995 -9.776013
13.941710 -11.581062
16.584705 -16.831331
