19.152002 -2.469938
14.425938 3.026660
16.746168 -0.103189
14.109788 -1.219917
11.810773 -1.860414
7.128241 -0.718449
4.664360 -5.659886
6.436665 -8.572552
11.776493 -6.515711
8.979748 0.102009
7.891687 1.880603
6.430838 2.582140
6.963675 1.082428
6.941011 -0.914179
7.262033 0.794836
3.999127 3.214370
6.538534 2.918567
2.434408 1.260370
-0.076570 1.982321
0.321170 -0.255215
1.414139 -0.206529
0.477640 -1.461421
2.263432 -5.024610
3.584979 -5.336963
5.521389 -5.009308
4.646679 -7.077552
1.985388 -3.999454
4.312217 -4.810253
5.202175 -6.376690
7.286979 -6.938859
7.995252 -7.372321
10.503283 -10.328434
10.158571 -10.135018
10.115531 -7.547228
8.903904 -7.492092
11.499393 -6.741214
11.690434 -2.625746
11.823807 -2.910790
8.162261 -8.732388
6.211720 -7.179647
5.390472 -8.093301
13.338273 -1.634802
11.906249 -4.447930
8.384546 -0.895716
8.581439 -1.326744
8.398216 1.046922
11.903253 -2.938615
6.927733 -0.464438
7.561466 -0.605354
1.668659 -0.015178
2.108481 2.210437
1.928360 2.287732
1.682146 -0.944162
4.729026 -4.040203
5.799384 -7.219997
6.693983 -7.501652
8.801971 -6.755583
13.458766 -7.254437
8.034742 -6.961323
3.856396 -6.941073
1.250807 -3.577344
1.031362 -1.788473
1.688841 -1.075192
0.793590 -1.726129
1.829580 -4.272745
3.031421 -6.368101
6.343685 -6.676706
12.488867 -7.850037
14.480871 -8.713533
10.277804 -7.064961
8.967330 -8.534382
7.847673 -7.020614
12.234677 -7.952312
9.805061 -7.541074
10.324484 -7.041386
9.339467 -7.529729
8.808054 -7.892273
9.337469 -9.623982
7.606514 -8.897582
5.999382 -7.506783
6.065228 -4.124227
4.997507 -5.482559
4.078310 -7.084565
3.906882 -6.921045
3.140097 -6.546076
-0.594722 -8.664912
0.521092 -9.507696
1.913138 -8.860787
1.085108 -5.473553
0.819131 2.173243
1.463085 2.245142
1.696767 1.299696
3.295640 1.586564
4.819061 2.173380
3.824890 1.178973
4.504938 1.429515
6.429634 2.626236
6.887206 0.938288
7.331763 0.517325
8.347428 -1.109071
8.539312 -1.375384
9.097100 0.781177
9.066626 3.291471
9.008676 2.384030
8.966875 1.587052
6.832667 3.256580
10.174002 4.043366
7.689347 3.531689
9.627489 3.664551
11.453259 4.794050
11.636472 5.597262
6.233869 1.641415
7.374710 2.366097
6.833395 1.177064
8.176076 -0.695808
8.921582 -0.948109
6.877935 -1.080471
7.226851 0.288812
8.144725 0.476028
8.581995 1.316203
7.945782 1.393459
8.972447 6.223787
10.526518 3.645168
12.194692 4.808065
10.855326 4.938438
8.019678 4.492585
8.449780 2.795707
6.582190 2.387005
6.097694 1.654976
7.716927 1.247816
8.070256 1.368113
8.669072 3.538951
9.779816 3.867634
10.886971 4.155101
10.734596 5.396797
8.030203 4.897085
9.101313 2.410753
7.065255 4.951396
11.899902 3.886029
11.631460 6.064152
12.875040 6.121491
7.872893 5.893587
7.609971 1.263982
8.860953 2.269096
8.781521 2.362649
8.515852 2.029481
6.790792 3.480659
3.642260 4.246777
6.285460 3.312259
11.125017 5.204249
6.963706 2.164454
8.586744 2.864270
5.870822 2.455570
8.976027 0.520333
8.700115 0.261981
9.005219 1.014616
15.377160 -1.316486
14.542566 -1.012799
14.593809 2.079775
14.638500 2.589476
18.719906 -2.298539
17.255323 6.410670
15.813143 7.786052
15.113952 5.912057
8.544319 4.944940
6.974917 -0.128698
7.362578 1.177645
6.969616 1.068970
7.757953 1.434304
8.477097 -0.467230
9.007784 3.686718
11.586428 5.204011
9.699917 5.000770
7.849133 1.651595
7.882844 0.381539
8.377104 -1.266981
7.770959 -1.333189
7.834958 -0.833697
7.185025 -1.326054
8.469902 -0.121538
7.906430 -1.554793
7.465840 0.973225
8.918150 0.851266
7.276175 0.859483
4.987050 1.302356
4.905355 1.249668
3.841392 -6.243362
2.827806 -8.207370
6.236197 -5.737531
6.350349 -6.105232
4.410320 -6.315329
4.773884 -6.961172
6.270224 -5.100984
5.419665 -6.270204
3.667450 -6.530988
4.794845 -5.384622
4.240664 -4.245862
4.200029 -4.485695
3.249420 -6.120832
2.879240 -4.518947
3.022099 -4.592563
1.765362 -4.152339
0.788929 -1.294743
1.626800 0.693171
1.345918 1.245864
2.112477 1.376390
0.677196 0.793355
1.457157 -2.457031
0.989608 -2.807230
1.595604 1.009779
1.311501 0.213663
1.627308 -0.474370
1.506887 0.240828
1.166487 -0.000329
2.747911 2.031307
2.321700 1.731480
2.633062 1.214788
3.897139 1.772306
3.204879 2.247036
4.185967 1.431103
2.531841 2.415870
0.781767 -0.016143
1.096771 -0.157043
-0.439661 1.312596
4.414292 1.681159
2.508412 1.672819
3.464507 1.851229
3.302417 1.060548
6.829422 1.503429
7.926375 1.121937
8.872396 1.734820
6.378246 1.541556
8.561853 -0.737656
8.924814 0.097976
7.380969 0.267917
7.422871 -0.477554
7.044989 2.346084
10.525471 8.695711
13.387064 5.260353
11.286730 8.701275
10.073307 6.510859
11.684046 4.219033
11.064214 4.887061
10.067602 5.113552
9.232989 4.315607
5.051082 2.270566
9.048446 2.792054
7.615149 1.870468
7.030096 -0.285708
7.249540 -1.463700
7.907489 -0.814463
8.925917 -1.498008
8.757738 -0.310229
1.380016 -1.688147
1.161717 0.762855
2.772849 -4.094702
0.826956 -2.331654
0.608880 -1.787357
1.246747 -0.797148
2.665721 1.157585
1.860914 1.829161
2.421189 1.315012
1.141658 0.185190
5.545077 -4.068556
4.751749 -4.344233
3.637060 -5.250647
3.824241 -5.603273
4.394787 -4.097944
2.844660 -8.085076
3.380667 -6.235798
0.610838 -0.836476
0.318940 0.734172
1.327046 -0.196531
1.108433 1.401446
3.779722 1.119180
5.837406 1.533120
3.961827 1.554164
6.374497 2.247415
7.927092 2.754894
7.201014 -0.014222
8.174371 0.405211
5.303273 1.954329
4.750244 1.124665
4.253826 1.293560
3.960234 1.147295
5.645606 1.637078
8.398470 1.051516
8.662865 -0.226711
7.983118 0.688905
5.429984 2.333364
3.129642 1.508210
4.294904 1.568846
4.632565 2.205585
4.175563 1.448833
4.316180 1.568722
4.802525 2.818804
1.656324 -1.984529
1.041255 -0.402001
1.713008 -0.308541
0.474643 -1.585668
-1.805122 -1.171594
-0.800172 -0.366497
0.526670 -0.796477
1.627180 0.168534
5.480098 1.350760
2.805502 2.390131
2.515999 2.887769
2.952938 1.695581
2.895690 1.382185
2.295000 1.531752
0.865564 1.431715
1.630796 -0.593423
2.870161 2.341977
0.028059 1.587745
1.191924 0.131839
6.341198 1.280701
6.666579 1.717838
4.323381 3.406853
3.706794 1.213784
4.780019 1.067803
4.615109 1.724998
4.353182 1.067116
2.505164 1.199667
1.100761 -0.796586
0.397099 0.238830
0.624382 0.581310
1.209101 -0.006503
0.571350 -2.841409
1.668802 -3.181208
1.819985 -6.079772
3.830318 -5.410903
5.371890 -6.333198
4.822681 -4.987887
4.120315 -4.996377
2.978081 -8.581038
9.812820 -7.352508
10.534837 -10.233706
11.638458 -6.180970
12.074123 -9.939816
8.561666 -9.638421
4.689186 -8.284707
9.834672 -7.354315
9.850744 -9.340096
8.185686 -8.461806
7.285296 -7.920681
4.267039 -5.382907
5.275339 -5.049070
5.087608 -3.955978
6.213964 -5.847404
8.201664 -8.253865
7.829879 -7.651581
9.225479 -6.988247
6.448209 -7.232621
5.178661 -5.918562
0.362052 -6.749056
2.348020 -6.912273
5.256199 -4.629533
5.858942 1.400566
8.575721 1.483071
8.418049 2.315448
7.007723 -0.065702
7.840177 -0.794126
8.922405 -0.630750
7.982725 -0.607587
8.535651 1.713162
7.176236 -0.823111
14.736654 -0.052324
19.513231 -2.483624
18.028378 -7.469969
12.106479 -13.405890
13.459481 -9.280862
13.249456 -15.303125
9.708065 -8.680024
12.690865 -9.581651
8.688701 -9.649827
3.734981 -3.992584
8.811809 -9.733148
8.564432 -9.260274
10.922894 -8.930203
3.058112 -10.840066
3.654283 -7.370471
4.418058 -5.363803
1.036394 -4.035365
1.104750 -2.624901
0.421632 -0.600537
1.488558 -1.205099
1.658999 1.429265
5.670660 3.264426
4.120341 1.768326
3.975072 1.251484
5.427495 2.429432
7.925764 2.266426
7.425296 -0.739237
7.257378 0.073555
6.920154 0.071744
6.641585 1.486102
6.520649 1.159636
5.650680 1.523238
4.881406 1.950667
4.922716 1.733395
4.313951 1.290783
4.844154 1.841305
5.429390 1.141693
4.914598 1.384827
4.245925 2.375647
5.006135 1.508942
4.561709 1.345783
4.400543 1.069009
3.729502 2.033858
4.240368 3.438282
3.738054 1.414157
3.748133 2.723268
3.022257 1.758500
1.848256 2.306642
2.631878 2.224862
4.962295 1.233900
6.281651 1.304952
6.973227 0.423400
7.117397 0.866753
6.394378 2.301733
7.632113 0.601238
8.820646 -0.328944
8.958659 -0.507116
7.585914 -0.911340
2.837906 1.411643
2.698362 2.319468
1.620155 -0.119546
1.390166 0.912253
0.004418 -1.766372
-0.292749 -2.178913
0.450781 -4.594704
2.595111 -4.332403
-0.908180 -4.497367
0.128577 -0.985728
0.495853 -0.654341
1.670215 -1.558409
1.652828 -3.026362
1.707136 -7.122877
5.548310 -4.851170
2.651421 -5.501159
2.051338 -3.977959
2.385276 -4.793613
4.606197 -6.346770
10.624780 -7.797343
16.447598 -8.222780
16.215530 -11.070690
18.815407 -5.657600
11.471843 -8.062694
10.325687 -7.511603
10.467962 -6.863464
0.989638 0.484442
1.503529 -0.133785
1.427499 0.457131
2.693842 1.122609
6.913537 -0.209780
12.195374 3.721753
10.145415 4.864271
7.652264 2.139187
8.285913 1.962204
9.012012 3.187875
8.386063 3.524659
14.205589 3.148859
13.666402 4.568836
13.263046 5.630795
12.340563 -1.602126
10.215591 -7.229398
9.387800 -8.788266
14.441996 -6.792183
13.266050 -7.923979
11.747973 -6.737648
9.204525 -7.880022
4.763586 -6.722241
7.067066 -7.841939
7.889776 -7.756364
5.911804 -6.650408
4.956852 -5.156989
8.960857 1.966068
8.048192 -1.374732
7.331181 -1.082109
14.460003 -0.633837
15.066981 0.144479
19.301336 -3.063555
13.478460 -10.213884
15.859761 -7.899354
8.164417 -6.651817
11.665080 -6.708181
4.774724 -7.112171
4.045621 -5.499977
5.100995 -4.722038
4.997869 -9.507737
9.024040 -7.234665
11.321368 -7.290205
8.709548 -12.719855
13.226835 -8.971782
13.801004 -10.604514
13.080490 -12.722301
10.795304 -8.978333
12.808853 -7.413144
12.754848 -10.875573
11.177309 -7.514185
14.434843 -7.779426
10.519976 -7.249225
10.412936 -9.412944
4.087019 -5.169038
4.926300 -9.051955
8.328518 -7.984002
9.861353 -8.335588
6.419710 -8.229568
4.711114 -5.484375
1.815690 -4.933680
3.969040 -5.372523
1.183346 -4.321597
1.783340 -1.818095
8.637007 -1.244040
7.791836 0.423259
7.392782 0.137820
7.618571 0.762482
7.046980 1.893113
5.815126 1.367685
5.526285 1.813655
6.558689 1.363348
8.409330 -0.717587
8.724081 -1.601896
6.015093 -4.538409
9.779908 -7.368531
11.263960 -9.357729
7.679529 -10.305354
7.628193 -9.768195
10.952069 -11.656503
10.465935 -8.596204
7.403911 -7.262652
14.830543 -9.807197
12.394579 -7.057407
11.975588 -7.921447
14.568104 -1.356683
5.779478 -4.851158
3.958131 -5.310823
11.371647 -1.619468
8.075982 0.918062
7.129103 1.484824
3.547156 1.512227
3.766693 1.102685
3.971622 2.225173
7.120491 1.811970
8.748180 1.308221
7.654413 -1.420572
8.226383 -0.164728
6.945117 -0.977177
6.917188 2.691751
5.723389 2.187855
8.349889 1.132924
8.228901 -0.252603
8.082728 -1.582440
7.023898 0.611283
6.958416 -1.307184
7.795172 -0.846698
8.035577 1.746964
6.600252 1.258687
8.014143 1.214200
6.722919 2.160662
7.424357 -1.078799
8.374531 -1.609765
7.476577 -0.836680
7.251737 -0.301542
7.164145 0.042264
8.690528 0.457371
7.648427 1.216954
5.517015 -6.230257
5.324986 -4.440291
4.679919 -6.185759
4.020391 -7.423678
4.346959 -7.809332
9.167371 -7.734042
10.760389 -7.278033
11.025587 -8.975328
11.836600 -4.881095
11.130127 -7.133776
8.554368 -7.228889
8.099408 -6.982028
6.502441 -7.305191
10.134761 -7.708412
9.831850 -9.195772
9.568139 -9.907207
7.976355 -8.153121
9.743605 -9.503232
2.761205 -6.169947
5.421071 -4.691448
4.569079 -7.672973
8.568446 -7.975528
4.192272 -5.575708
0.144570 -2.683141
1.224015 -3.556636
1.451617 -2.782840
0.798974 -3.236309
-0.046833 -1.537098
1.573330 -3.124828
1.316791 -1.341066
1.719171 -2.214923
0.156847 -0.297668
0.253229 -1.114008
0.002756 0.786829
1.468326 1.317696
2.578823 1.094938
8.745668 -0.707325
6.247117 -8.778316
10.668692 -9.610575
10.045673 -7.497547
12.710220 -8.615320
5.266767 -5.323747
4.195452 -7.136610
14.924808 -0.549788
11.767094 -2.012292
5.709931 -6.652303
3.691869 -5.075845
10.802784 -1.613885
13.729700 -1.605546
10.826275 4.264166
11.424729 5.654062
11.507718 6.905169
8.736044 3.260423
8.167458 3.946608
8.522455 2.736557
7.127116 2.236322
8.576621 0.578548
8.549230 1.644907
8.035241 2.180979
7.221266 2.459787
8.102509 3.881096
10.899429 3.470944
11.411359 6.088638
12.021272 3.987548
13.775540 3.734638
10.649934 5.624927
8.296247 5.628408
8.793591 1.417355
8.061652 1.907965
8.966970 4.550849
10.293017 5.043641
9.485142 4.342279
6.266669 3.742079
8.875599 1.038666
8.948372 1.895937
7.703768 0.994061
7.170757 1.301909
5.237005 2.876516
3.480515 1.518294
-0.103282 0.819164
1.697381 0.183793
0.526946 0.990466
2.350410 1.294624
1.405074 1.359192
0.322296 0.326596
1.411678 0.713156
0.994681 0.361541
2.035251 1.914764
4.749315 2.961501
3.620938 1.716094
7.673367 1.440029
8.864017 0.738636
7.938939 -0.232917
7.954854 1.265092
5.330027 1.301740
5.607903 1.679499
10.238285 5.492035
12.226212 4.426494
16.029993 3.135882
14.657818 -0.137509
12.693365 5.671069
12.247014 4.029584
2.478580 3.206883
0.565295 1.364217
1.648214 0.244682
1.429013 0.747516
2.714783 1.867114
3.301282 1.447789
2.819741 3.609857
2.333008 1.071730
1.395296 2.273879
3.215431 1.386987
7.107344 -0.994222
6.940456 0.094394
-0.163875 0.478997
1.803805 -2.547336
1.671428 -0.127970
1.162841 0.622344
0.537771 0.105136
0.898668 -0.341413
0.135699 -2.801370
-0.301988 -3.935516
2.287739 -4.122265
1.847173 -5.587784
1.122345 -4.805734
1.510612 -2.034847
0.935554 -4.150177
3.883612 -4.937782
4.121052 -7.120183
9.468447 -6.986697
9.780334 -8.345256
5.686471 -8.502898
7.693181 -7.872890
12.932990 -8.347873
8.636230 -7.736602
4.850500 -5.761379
4.617215 -6.841738
4.124401 -4.946781
5.835713 -5.188643
6.081894 -5.072801
5.850194 -5.296482
4.570319 -7.129765
1.540690 -9.401005
2.703631 -5.665221
3.719919 -6.433266
4.264159 -5.371356
3.892848 -5.182247
4.741420 -6.442478
1.955393 -4.179274
3.056445 -4.540880
0.748513 -2.257293
1.077449 -0.556431
9.383595 -1.620686
7.082424 -0.902364
7.925753 -0.059495
9.102528 -0.679345
7.698480 2.500310
6.605319 1.881913
8.761440 0.930178
7.857413 3.611992
10.057979 4.865212
8.900057 4.369332
7.409244 1.095229
8.520195 -1.268938
8.756327 0.496510
7.648496 -0.782936
6.970534 -1.504108
7.176291 0.148359
7.026567 3.264961
6.692662 1.061670
5.205085 1.517877
6.226768 1.200652
4.278485 1.508852
2.178970 1.141858
0.568216 0.972731
1.133011 -1.919861
0.592040 -2.918784
0.831207 -2.524987
1.731442 -1.537430
1.143322 -0.188969
0.351687 -1.149506
-0.637996 -0.494517
0.140343 0.002489
1.522003 -3.687217
2.620239 -4.684427
2.146792 -4.178559
0.263617 -4.054606
4.002043 -4.171960
4.925609 -6.740525
7.509629 -6.741818
3.053243 -6.748685
1.447437 -4.304292
1.634394 -3.860603
1.523537 -0.525455
1.368752 -1.484611
1.799319 -1.257023
1.039617 -0.089748
2.239841 2.091002
1.017107 0.689793
1.491474 -0.519958
1.720725 0.807086
2.616857 1.827285
3.481343 1.509742
4.740296 1.376944
5.320042 1.425028
5.250244 1.360624
3.815089 1.698871
3.584196 2.263307
3.486907 1.947146
5.312332 1.235484
2.616359 1.691327
4.990211 1.425613
5.443802 1.532451
6.887830 1.934245
7.070079 -0.287952
7.128678 -1.228852
7.670684 -1.424953
7.678095 -1.485022
7.054465 -1.281034
8.172749 -1.167425
6.994346 -0.138195
8.514822 2.516805
6.457170 1.443834
3.148051 1.572735
3.769903 1.554199
1.440783 1.793868
1.771847 -0.624722
0.989937 0.680913
-0.406611 0.008129
1.175318 -2.069319
1.730994 -1.425198
1.393267 -0.209914
1.061756 1.613302
2.230899 1.894763
2.989753 1.998788
3.590626 1.417999
2.487612 1.679715
1.971401 1.882768
1.678043 1.079114
1.804267 -0.318862
1.611794 -1.320499
0.380755 -1.834907
1.497593 -0.334321
1.078915 -1.844513
1.217266 -0.103919
1.413541 -0.372483
0.517409 -0.162530
1.472668 -1.117036
1.030266 -0.271296
-0.734325 0.352271
0.704907 -0.132041
2.057509 1.072940
3.156650 1.117006
3.481498 2.539180
6.416900 2.371858
2.954415 1.483318
1.549975 0.878836
-0.659664 -0.475601
0.171450 0.170881
1.181409 -1.632937
0.535909 -2.474091
0.191351 -1.982467
0.715222 -0.202596
1.214410 -0.897810
0.410003 -0.887310
1.412186 -1.129632
1.267508 0.352983
1.741134 1.773120
2.002582 1.280138
2.513519 1.862764
3.859947 3.187605
4.900172 2.055112
7.905013 -0.410817
8.736048 -1.440117
9.031306 -0.070134
9.011738 -0.961491
7.586948 3.990834
8.030436 3.257205
8.774970 -0.454425
2.655357 2.393386
0.892684 1.535461
7.278546 0.869672
7.242881 0.913466
11.853674 -3.721186
11.476198 -2.499219
11.543328 -2.872356
11.145347 4.007575
8.733677 1.687181
7.091409 -0.773501
14.765649 -0.501197
12.278505 -1.606396
14.473351 -7.556457
13.076332 -7.162163
12.228945 -10.447936
12.106184 -7.219423
7.123427 -11.272719
6.538780 -8.460135
8.366976 -6.970243
3.697896 -8.140477
4.180062 -4.813319
2.912385 -7.975639
6.143373 -7.973840
7.198804 -1.579572
8.033935 -0.160806
7.383612 1.160578
6.975133 1.101726
6.930357 2.313233
4.953317 2.129063
4.246015 1.786983
4.354288 2.112679
5.635400 1.467566
5.699583 2.770218
15.433068 0.247901
14.345268 -1.540228
19.576591 5.447658
16.728764 0.699916
18.817591 -2.190503
19.231941 -4.637334
14.935699 -8.643031
11.156927 -9.327487
15.995848 -6.784441
14.247753 -8.014627
18.367439 -11.813549
9.400955 -7.168485
11.238661 -10.666961
14.661962 -8.275944
12.359322 -8.933808
4.915979 -7.719186
6.605127 -7.223949
4.984715 -8.017797
7.649805 -9.854015
6.857123 -6.986753
3.928120 -7.240270
7.177975 0.623139
8.914143 0.417411
7.765612 2.844466
8.992969 1.157311
7.343469 2.811316
7.622473 0.798192
9.159573 4.037857
2.324171 -6.035288
4.073453 -5.893282
3.331587 -5.296829
4.579045 -6.004891
6.096379 -5.690063
4.514936 -4.680789
3.484750 -5.123064
11.667491 -4.153968
11.440645 -2.115016
8.026584 -1.624979
8.347167 1.600858
4.433333 1.818128
5.377168 1.681451
8.226649 -0.247987
5.948745 3.213379
4.760358 1.791337
4.749485 1.194511
3.233359 1.216795
3.471442 1.879096
3.188378 2.315605
1.763444 2.295621
2.402289 1.109866
-0.275494 -0.232682
1.311688 -0.209496
1.794209 -1.212835
1.171143 -2.635730
0.499028 -2.334083
-0.331327 -3.636571
0.790819 -1.867865
2.213766 -3.999351
2.480557 -4.496552
6.271120 -4.742333
5.645923 -7.347661
4.107312 -8.620247
5.465945 -5.716895
4.546973 -6.806615
4.122740 -5.363966
2.737220 -6.365698
1.959777 -4.323621
1.612733 -5.019969
1.768050 -2.668550
1.776139 -2.365181
0.551790 -3.860816
-1.158679 -2.120799
1.762359 1.096309
4.687388 1.244309
5.716974 1.264969
3.967278 1.281797
3.873381 1.384706
5.569277 2.830972
11.758559 4.860025
8.052661 3.965039
8.622693 -0.177980
8.930561 2.699968
7.100193 2.893100
10.568016 4.694619
7.446262 5.091336
8.148904 1.071368
9.082434 -0.088071
6.828264 1.255384
6.214195 2.226216
1.274266 2.625741
-1.841966 3.679679
