13.185019 -9.495338
14.075340 -6.872674
8.785240 -7.285450
7.113775 -9.175542
8.833719 -9.373919
3.673439 -4.761199
4.099396 -4.286853
1.816464 -4.134040
1.488504 -2.221026
1.489215 -0.223216
1.527224 -0.379117
1.048215 1.266499
3.093543 2.404165
2.463970 1.834023
5.100347 2.535986
2.932944 1.743874
1.207578 1.462533
1.313893 3.522594
2.585313 3.081621
2.901635 1.084600
3.391890 2.123516
3.347220 2.778546
3.962879 1.405222
3.317376 1.093198
3.701560 1.703469
5.419951 2.324278
5.449172 2.113105
8.888720 0.321419
8.869317 -0.700958
8.779420 -1.344207
8.362824 -0.409433
7.340017 -1.100729
8.002883 0.300914
6.903781 -0.740648
9.096657 -0.547023
8.497343 0.109850
9.009550 -0.748233
8.032165 -0.074369
8.517615 3.973554
