3.649321 -1.781258 13.140222
6.911185 -1.521257 8.219033
6.226053 0.372576 2.589116
6.723184 -0.104690 2.260692
5.096827 -1.475366 2.313812
7.721519 -6.407017 10.545297
10.652312 -7.242748 12.891273
8.429762 -3.729604 13.170610
4.982631 -1.878992 11.717257
5.075384 -0.949227 7.723170
6.353427 -2.006147 9.582066
6.374187 -3.651610 10.474896
6.233112 -1.872980 5.431395
4.199352 2.097305 3.068935
6.207787 3.330420 4.071910
3.058114 4.256391 3.854697
1.431943 5.864614 2.513151
8.759496 3.469706 2.116228
12.181610 4.854550 1.919459
10.892205 4.320931 0.702722
9.804604 7.475002 -0.168506
10.546360 8.931725 -2.203936
10.111772 6.326279 -2.740567
10.706998 6.120352 -1.944636
5.311656 7.257020 2.200307
7.555123 6.275688 3.296490
9.149707 7.070840 4.777704
7.412085 5.128999 4.091350
5.068368 2.811809 2.471248
7.048420 3.347125 5.776266
7.544524 6.125363 4.884958
6.237476 4.150202 2.575674
7.046384 5.486368 4.654774
10.379360 5.678923 4.860599
12.056087 5.105319 5.408773
8.273184 4.824635 2.880164
12.357065 6.471867 3.665977
12.783133 6.132109 1.074628
10.716109 4.836947 0.458248
9.798736 4.486377 0.306333
9.901098 6.401208 1.688999
10.516405 5.851575 -2.723680
5.333321 5.057506 -4.571612
3.664529 5.939298 -5.959644
8.106283 0.094897 -3.326564
6.050949 -0.893540 -4.447486
5.400060 3.841829 -3.379152
7.573133 2.771105 -4.487853
6.771849 0.312638 -5.410828
6.165111 3.147347 -7.695094
5.001193 3.187195 -14.096384
13.852629 9.106025 -17.629662
