13.206601 13.837008 -12.422926
8.638999 8.485062 -3.205614
10.493458 6.126794 -4.783881
11.187552 5.597303 -1.983116
9.916388 7.495692 -1.251053
9.611375 6.356220 -4.550403
9.258853 5.922280 -5.894833
5.787489 3.119660 -5.297806
9.996146 5.203719 -5.607611
10.530958 3.419285 -2.394251
11.247274 5.066712 3.297759
10.499316 4.901427 3.690019
9.102077 5.747600 2.528298
7.269469 4.317519 2.148025
4.554806 2.061551 4.108784
6.684408 4.010797 6.060571
6.667933 1.432468 3.914015
6.964828 -2.693101 6.743346
5.792803 2.154252 6.231560
7.243837 2.429892 12.629324
5.684220 5.015669 9.469124
7.101570 -0.600657 17.601780
11.232288 2.084114 14.748129
8.920758 4.664787 10.945292
9.849779 5.749147 7.372365
10.554821 7.401963 6.938085
9.421840 5.305514 4.363884
12.621830 4.603591 6.421962
4.744894 3.634622 5.521942
5.210927 3.630720 6.306824
7.222529 -1.150366 9.807549
6.809835 -0.052964 10.175981
6.585618 -1.805842 7.583053
6.280363 -0.875961 7.164502
6.072210 -0.215108 7.706976
6.696665 -3.067215 4.406206
3.536405 -1.466564 2.798167
6.099551 -1.977237 4.989490
6.687572 -0.394908 4.182334
9.954177 0.094964 -0.337427
12.022809 2.162793 -6.527951
7.720705 1.582199 -6.965597
13.156574 2.441323 -3.696095
7.846590 -1.230708 1.370493
9.970721 -4.388063 0.674477
7.250873 -3.717079 1.257159
7.795958 -5.122146 1.387361
8.660219 -4.732668 0.518874
8.027507 -2.339876 2.084931
9.420004 -3.304115 2.034579
7.537405 -5.082355 -0.920018
6.544729 -4.445404 2.660882
6.025328 -4.437103 2.914095
6.256055 -2.628499 1.676798
8.547167 -5.508022 3.527381
11.667739 -5.645261 6.999604
8.187901 -5.709329 7.105721
9.173806 -6.496594 6.387072
8.193405 -4.054519 0.359979
10.760999 -5.283996 1.011697
9.901027 -2.701346 1.036889
9.324753 -3.297324 1.422099
6.035184 -0.634124 3.602539
6.542305 0.058015 3.785782
2.358492 3.895279 -5.568117
2.234984 4.949907 -4.091312
10.475052 -0.315476 1.697551
5.913982 0.420791 3.570687
8.748675 -1.372569 1.956073
4.839058 2.883497 2.227490
6.287060 3.956508 6.288093
5.791681 1.279086 5.259343
6.613104 -1.237218 3.953511
9.180344 -5.661783 3.254537
10.545258 -5.455803 3.594558
13.720860 -5.650041 4.064837
6.753188 -4.660306 5.550051
9.523005 -6.896531 6.350744
10.221759 -6.631805 3.998659
11.092117 -7.150428 2.200419
8.025032 -5.955670 3.375917
9.221209 -3.110871 -0.457734
8.979155 -4.831404 1.679761
9.674693 -2.484030 -1.635549
7.241843 -5.568507 1.617707
13.617152 -7.884902 6.796503
9.506642 -8.609435 6.841617
10.493493 -6.098194 8.701712
7.547544 -6.231610 5.510903
6.435699 -4.633430 0.417393
9.029884 -5.877847 0.044860
5.773952 -5.333243 3.316026
6.520578 -3.642297 3.766432
6.005464 -3.690012 1.034227
6.387511 -3.169213 1.089367
8.378555 -3.689620 1.740599
9.453531 -3.885662 0.730295
10.450085 -5.861505 2.528150
7.792469 -6.710809 3.149072
8.396195 -7.096288 0.698114
8.957265 -4.262519 2.045150
8.787385 -4.171810 2.060993
9.511981 -3.408191 1.629314
9.013235 -1.097562 0.994371
9.809574 -6.891280 2.569304
9.788091 -8.593281 8.989050
6.079093 -4.794544 11.749034
5.242071 -4.594826 7.096558
6.337037 -3.471464 4.501464
8.024995 -8.864316 7.674963
9.385051 -5.837736 5.797502
7.147383 -3.642901 6.302047
5.023162 -4.636786 5.788100
6.503624 1.160666 5.349925
6.715647 1.425810 6.507779
7.248196 2.025407 6.739722
6.647414 1.472996 8.196297
7.111764 -1.426364 5.332963
6.313037 -1.258425 5.109510
5.418577 1.043432 3.988773
6.891401 0.619279 5.752709
5.706707 2.641523 3.064456
5.853192 1.079615 4.375816
7.417400 5.087649 4.045229
9.088070 6.477949 6.123662
7.387810 4.581349 3.434634
7.189615 6.022455 4.979703
7.150033 4.837359 5.136090
5.482156 4.959294 4.287936
5.374159 6.750428 3.784878
4.962697 6.756874 5.055717
4.261777 6.571336 5.900174
5.338622 6.205066 2.480252
6.022841 5.893279 5.291325
4.127075 8.171106 8.651357
4.047139 2.560671 10.363198
8.101179 -1.227152 13.056078
7.413582 -5.428576 19.482456
