7.713738 -12.698687 7.454728
-1.884576 -7.576409 5.574849
-1.586818 -9.224636 4.918845
-4.756715 -10.046278 6.358740
-4.625010 -9.309513 5.450351
-4.968650 -6.053684 4.699951
-5.499441 -2.119166 2.174163
-4.332972 -2.433231 5.386690
-4.471096 -2.610532 7.292562
-5.083228 -4.194493 3.753695
-4.350562 -3.288675 6.797348
-4.488119 -1.642588 0.897574
-4.727029 -5.423870 3.096735
-7.013844 -6.411516 4.704924
-5.134211 -8.214420 4.172430
-7.488628 -7.295005 4.444301
-6.575022 -6.421244 4.186692
-7.414038 -6.273172 3.592152
-5.690987 -4.055833 2.356012
-3.629171 -2.701151 2.671680
-3.848414 -2.210520 4.672573
-2.364803 -4.200615 5.970922
-2.618259 -5.105038 6.324896
-2.305025 -3.309169 7.852504
-0.598513 -4.127135 8.328475
-0.799621 -5.647098 9.621344
-3.218865 -1.647359 7.704283
-3.709248 -1.507514 7.732179
-6.032849 -3.288248 5.224062
-2.226393 -1.992473 5.624269
-1.938044 -2.098232 2.734936
-3.510410 -2.140925 1.358985
-5.030075 -4.038921 2.720224
-7.232761 -2.850407 2.997779
-6.214467 -3.559596 1.362793
-6.480036 -5.360772 0.310791
-5.117352 -4.397252 2.783309
-4.475526 -2.538882 0.967409
-5.560136 -4.519699 3.058985
-6.828220 -8.565940 2.837603
-8.045381 -12.050666 5.581502
-8.128841 -6.566147 6.097376
-11.253878 -6.500495 4.558630
-6.952215 -4.524904 3.954206
-7.573971 -4.588783 4.680699
-6.816420 -4.722284 3.421938
-6.596464 -3.900125 0.092448
-7.197120 -2.571600 0.021448
-6.377401 -3.148487 0.745180
-5.773235 -2.047408 1.644520
-5.855789 -3.931422 5.758969
-1.112336 -3.293099 7.987769
-2.188647 -5.947842 6.422172
-1.317701 -6.283022 5.117430
1.111136 -6.549267 5.789074
-0.673220 -5.013592 5.545850
-0.473457 -4.217963 6.696443
-2.419209 -5.360832 8.885908
-2.590032 -4.504791 10.604463
-3.167414 -1.637614 5.739870
-4.395594 -3.241129 6.044913
-2.068864 -3.230442 3.380487
-0.983849 -3.222517 3.751700
-3.181549 -2.327828 2.835644
-4.132300 -2.287381 2.599921
-6.499419 -1.742402 2.230943
-4.446342 -5.316965 3.931369
-5.697742 -6.297169 4.236155
-5.235200 -7.804302 4.560735
-6.387155 -3.907971 1.883063
-9.529456 -5.323706 6.250747
-7.707057 -3.236066 2.290716
-7.260919 -3.239415 6.699765
-9.332289 -3.231192 0.444880
-5.880790 -5.848039 3.806521
-4.629292 -4.820964 2.428941
-7.586479 -3.782815 5.349677
-7.073247 -4.220063 4.395146
-7.893138 -4.579381 3.507129
-6.136469 -4.551275 2.388050
-5.084572 -4.145712 4.562058
-5.229368 -1.114331 6.449322
-8.754729 -4.931159 11.376850
-6.063971 -5.870337 11.556747
-9.304607 -0.897579 7.788618
-8.636067 1.690243 10.985178
-17.241917 6.928638 14.694089
