-15.989810 19.279568 13.358758
-5.553048 10.468311 9.359689
4.007419 8.628556 3.617560
7.976369 4.842759 3.350919
6.008265 4.528081 3.340080
7.002315 2.909257 2.146441
3.678710 3.229107 2.843048
4.844829 3.512263 3.147634
2.254981 7.971584 2.862602
0.904698 5.559197 2.099166
-0.420949 5.448148 -0.615309
-0.905960 3.987437 -2.239975
-0.415205 2.863694 -3.395946
3.512131 2.063939 -4.644724
5.660119 1.116926 -3.969479
6.582043 2.788435 -3.206307
7.841249 2.047605 -3.434662
11.251886 8.663589 -3.624365
11.173544 8.932822 0.795761
11.111282 2.307205 -1.420431
5.242249 5.695102 -5.153923
4.634429 2.962769 -3.371277
5.881305 0.615679 -3.542061
6.650779 1.905684 -4.483290
7.760887 1.152613 -4.004828
7.103386 2.209306 -4.141948
10.366435 2.958717 -0.078862
9.940163 0.042110 -2.494366
10.389009 1.767225 -1.853523
9.701533 0.169285 2.064231
10.374862 -0.147329 1.367460
5.199199 -2.144451 -3.978300
6.090325 -4.442187 -5.638812
6.048291 -3.765676 -5.172126
9.949454 2.047414 -1.510335
10.664951 -0.539015 -1.037920
11.616690 -1.377742 1.056578
6.765869 2.155219 2.655778
3.618812 4.126345 -5.237800
6.055626 4.076904 -3.378473
9.103984 9.185293 -0.786198
8.732877 4.435212 -4.322392
10.168882 3.450454 -0.355666
9.271901 3.745834 -4.746413
8.501915 4.635317 -3.834757
7.497337 1.468577 -3.355169
7.738340 1.706888 -4.153029
9.160772 -0.288819 -4.068692
10.542913 0.190058 -2.264675
11.682419 1.973377 -0.841049
10.739031 3.400288 -1.507929
11.035952 1.083346 1.353444
9.789647 2.780188 1.802924
10.842052 9.207271 0.290440
11.956833 4.777487 2.462977
10.212398 3.631007 -1.012733
11.305292 3.057451 -1.799889
9.156443 1.924322 -4.020956
9.509780 2.793535 -3.020208
9.132482 1.652743 -3.285084
5.074314 0.785808 -3.412956
6.271884 -0.216169 -5.088754
7.434675 2.281369 -3.190686
6.755755 2.827782 -3.406739
3.730180 4.059165 -3.570116
8.254378 6.220283 -6.204082
8.604676 11.690617 -8.284844
10.481334 6.255726 -0.131446
10.414539 2.040354 -0.847278
10.684008 2.412443 0.406476
9.868655 4.837785 1.470317
10.756418 6.651934 0.715199
12.102526 8.781837 -2.359345
18.933212 4.869958 -10.528411
