19.038454 -7.011003 -6.186827
13.951554 -2.528078 -0.699788
10.141917 5.131007 2.429174
10.262386 6.307684 1.048248
9.409230 4.736576 2.991114
9.876539 5.861337 1.361067
12.467757 4.234792 -1.730509
9.607206 0.772089 -3.323592
10.929290 4.032092 -1.206387
9.589129 8.271115 2.955118
8.362192 4.933959 3.827286
8.365070 4.854847 5.175700
5.215919 -1.946754 5.610906
6.784022 -5.869715 8.905377
6.929531 -6.141694 5.117231
6.679155 -6.914942 1.465096
6.891536 -6.163307 3.692480
8.637613 -7.802994 3.239870
7.608589 -4.580433 1.553213
6.269402 -1.007384 3.401560
6.708252 -1.293289 0.588340
6.929418 2.522220 3.612938
4.898643 4.005898 4.040067
4.724064 5.071884 2.052954
1.671468 2.921027 2.933331
6.491936 2.283856 4.392396
5.476458 -1.224014 5.963158
7.037222 -2.721400 7.144595
6.025961 1.503742 2.401195
6.022583 0.502955 6.392660
4.593904 -2.375936 1.721391
12.756638 -1.970964 1.910353
9.800309 -0.158448 1.248667
6.975410 -1.366056 3.790496
6.870503 -1.324784 1.854913
7.013255 -0.965329 1.859574
6.043883 -0.569543 3.250921
5.649776 -0.928072 4.783640
6.828317 -2.942508 3.636277
5.240737 -0.551277 2.155304
4.143036 0.192068 2.496422
6.935126 -0.756890 2.900317
6.618788 -1.821936 -0.392862
9.011918 -3.532950 -0.010416
7.256758 -4.760386 2.109328
5.853705 -2.611551 4.303137
6.872941 -4.629564 7.059203
5.275755 -3.650933 6.444846
4.939903 -4.846733 7.227223
8.007983 -6.062002 7.596529
5.104059 -5.837686 5.443649
5.344046 -4.813365 5.298445
2.398907 -4.245635 5.005253
2.126429 -5.999632 5.188579
1.789379 -6.129907 5.490483
4.118839 -5.574105 5.610118
2.195778 -2.998469 4.265532
4.449453 -2.801492 5.646055
5.810826 -1.819238 3.303444
3.034431 -2.629805 4.229071
4.109855 -3.572784 6.133506
6.270051 -2.857856 3.799018
6.806186 -4.196899 3.345340
5.886231 -5.742181 1.895613
6.238664 -3.153192 2.911098
5.717231 -3.733602 4.543238
5.295259 -2.033629 6.879355
6.186237 -0.286405 8.850598
7.244854 -2.586215 10.441656
7.185999 0.348392 3.887363
7.191010 2.133087 4.582635
6.691734 4.139083 3.776598
7.202338 4.772964 3.217236
8.776875 4.739335 2.769692
10.661976 5.620344 3.736407
8.668457 6.238128 3.416942
8.575831 5.131549 3.289599
9.966197 5.987566 3.748779
6.237161 6.190137 2.541903
6.328918 5.926649 2.155612
6.054243 4.086828 3.520718
8.244040 6.102658 3.145317
10.053100 4.288445 1.761305
10.792676 1.847097 0.742742
5.449944 0.990038 -3.738197
4.787818 0.685780 -6.427415
6.500466 0.819242 -4.469925
3.783171 -1.379142 1.419657
5.559025 -3.106790 5.125766
7.054681 -2.016187 6.592019
7.057261 -1.724768 7.516568
7.187657 2.508123 5.883173
10.036155 0.131784 1.982643
11.924563 0.117530 1.391160
9.355762 5.220635 2.453518
11.277385 6.872389 0.676559
10.546022 3.113474 2.192724
8.729626 -0.472615 2.187608
11.111330 -2.011464 1.577474
6.247552 -3.513987 -0.185481
6.089443 -4.095338 3.693709
6.646677 1.757411 6.814624
6.409202 0.939791 8.117596
7.196877 0.323428 5.479583
6.566932 -0.845165 2.829529
6.709740 -1.288609 7.346597
6.646561 -1.900648 7.201536
6.030137 1.648867 7.446017
5.921740 3.784501 6.298041
6.435184 4.970278 6.840395
9.628417 5.863199 5.142107
13.769931 5.098922 3.573499
13.576684 7.189941 3.005987
12.365467 3.953321 2.000302
12.433392 5.973202 1.705075
10.369287 3.185564 -0.091889
10.415944 5.993147 -3.620077
11.976152 3.803066 0.143387
11.065683 5.556616 2.001912
7.984338 3.179761 2.052786
7.124803 0.707855 2.261735
6.319410 -0.948021 3.016601
3.086753 -2.146716 1.179433
4.462811 -0.520697 3.802977
5.917583 2.925236 3.640242
7.228839 3.947546 5.098281
7.004661 7.215964 5.358197
7.888332 6.561372 4.336573
10.827381 4.662201 2.683775
9.126844 8.196479 3.509045
9.876826 6.922812 5.897721
10.842627 5.877792 5.907551
10.531243 4.712226 -0.979439
11.751838 4.755491 -0.553806
13.370570 6.706255 0.500755
11.590604 5.939899 4.285574
5.954165 6.294168 4.079417
5.363104 6.159706 4.280190
6.110894 5.915255 3.809502
8.873678 4.802369 3.220558
7.409782 4.659593 3.336673
4.801031 5.524570 2.462048
8.211314 5.319633 2.883031
10.001693 6.469870 2.088425
10.073122 6.327472 1.505161
9.633027 4.677977 2.370990
4.835614 7.183300 2.603457
6.654363 3.742588 2.648222
7.671133 5.704663 5.632105
12.954590 8.451601 4.233861
9.482662 9.815469 6.142134
6.767099 15.292165 11.207202
