15.443518 -12.901048 9.197309
11.207513 -6.891812 6.286154
7.777425 -5.795120 3.062284
8.489629 -6.791926 2.114192
10.550765 -4.421072 1.314306
10.729561 -3.225064 -0.272952
6.759067 -4.687486 1.640400
8.500110 -4.445552 2.092576
10.748682 -2.106476 1.284847
9.657009 -5.648201 -2.015364
8.859293 -4.075336 0.133925
8.209096 -2.838873 -0.817487
9.612569 -3.418245 -3.841070
5.287406 -0.995060 -0.097138
7.151511 -1.558351 1.199031
6.063382 -1.031199 0.797768
5.429387 -0.990768 1.290369
7.477954 -1.734843 -0.556320
7.784884 -4.669731 0.587600
6.879926 -2.324516 3.219866
4.523281 -0.583563 2.307889
7.636748 2.070099 2.134838
5.117676 1.309225 2.713793
7.607313 5.781223 3.222229
7.650032 5.716611 2.123514
9.746028 6.868804 3.979509
10.307741 6.692739 3.424283
12.434181 10.262690 1.821467
9.173614 4.427486 2.225837
10.663318 5.015579 -2.358116
10.459256 0.455828 -2.662387
10.596369 -0.160867 -2.181990
14.960819 5.911114 -1.314622
11.141134 5.165924 -1.785073
11.447368 3.773969 -1.430876
10.756300 5.045930 -3.088133
10.282679 0.685425 0.394964
9.767646 4.991643 -0.968147
0.144223 4.576833 -4.457868
1.836575 3.629586 -3.104180
6.882138 9.041700 -2.379398
-0.592195 7.428246 -0.242679
-0.705617 5.202291 -1.989655
3.470525 5.600048 -3.547926
-1.369775 5.709718 -1.178006
-1.461903 4.468913 -1.557814
-1.399201 5.923803 -0.242648
-1.143613 6.748281 -3.162303
-0.722747 6.583161 -2.147878
-0.173616 7.590918 -4.789250
1.892371 7.484230 -3.847386
4.616208 4.799759 -3.633084
2.626656 6.242272 -4.383171
4.342244 7.054985 -5.372770
3.478886 3.039451 -4.301250
6.012552 4.797707 -4.202299
5.623975 6.110193 -4.041364
5.912173 6.509319 -5.052626
7.186857 6.627383 3.329492
9.680718 4.950938 6.076361
7.824463 5.226614 2.576054
7.986439 7.834820 2.554480
7.071798 4.124758 4.525125
6.241608 2.157884 3.010301
9.701127 3.701160 0.766593
12.440094 1.092591 0.807002
10.396663 0.723944 1.547805
3.495934 3.784609 -3.264960
3.781827 -0.769605 -3.505002
5.334897 -2.518151 -0.374224
8.198375 -1.249515 -2.999824
7.017044 1.360826 2.357947
7.034919 3.990879 2.874604
8.947649 4.559984 4.449036
11.045784 -9.332704 0.061222
9.500523 -6.523352 2.416720
11.859659 -4.190654 1.929250
7.123325 2.565269 5.989161
7.642178 6.816643 2.591108
7.353028 6.504907 2.649292
9.713873 5.609184 4.584698
10.806503 6.373503 1.379902
8.617477 6.612999 2.763039
10.041600 6.780102 2.857763
8.935074 5.188786 3.348960
8.119394 5.811119 4.183603
5.690699 3.850472 3.904154
6.803639 2.214193 6.264649
5.934513 1.826799 6.045277
6.997092 2.235918 5.264321
6.855071 2.772450 3.501265
5.060362 1.466156 3.824973
6.576149 4.174420 2.577885
7.187076 6.567018 2.678316
6.347589 5.067682 3.059232
8.632288 7.535689 3.035002
9.932594 6.232736 2.359804
8.019052 2.368481 2.000294
8.753174 3.969652 2.221882
9.298623 6.037411 2.654099
9.445576 5.622411 4.902537
9.614340 8.146583 3.386717
10.482306 7.677302 3.025957
9.685093 6.494399 3.130631
7.841346 8.435711 4.343555
10.727921 4.915504 2.415794
6.857733 5.712339 3.828101
8.133040 4.661939 2.141597
6.871156 2.406408 3.700745
7.609365 5.310175 2.193437
3.287004 6.966949 2.219102
8.004240 5.419011 2.712874
7.037114 2.390703 3.238142
5.833336 -1.422547 1.987938
6.781347 -1.218589 6.108553
7.226266 -0.147852 3.905308
5.753302 -0.561260 3.539210
6.735426 0.480713 2.183683
10.031065 3.619004 2.160150
7.827354 4.700151 2.068273
8.268757 5.712630 2.602704
10.096148 6.957932 3.880006
8.113544 5.005001 2.860195
8.624270 10.628700 2.621320
7.959108 10.148054 -0.689502
6.533668 9.225570 -2.414942
4.391110 9.090140 -2.450099
5.350781 11.026148 -8.482603
2.228855 7.852983 -3.359007
1.434815 8.721877 -3.188828
1.040763 1.285459 -4.438552
2.592623 2.047155 -7.560025
-0.058011 4.371570 -5.277487
-0.707788 4.035102 -1.225036
-3.071317 3.480669 -2.018087
0.400466 6.543739 -3.900497
4.828489 6.381435 -4.123626
1.715115 4.958122 -4.046026
-0.690526 4.884542 -2.994932
4.073400 4.996716 -4.996424
1.904192 8.204368 -4.583838
4.926715 6.999690 -3.629075
