-14.331855 -3.472532 15.686956
-11.248466 -4.895554 11.234822
-5.547259 -3.262236 5.926723
-6.614995 -5.489778 2.240054
-5.130055 -3.788886 3.714238
-7.487149 -3.075691 3.203110
-6.286621 -2.813035 6.669466
-3.881897 -3.053255 7.964346
-3.289678 -3.194234 7.069877
-2.524631 -4.989868 5.424851
-1.662225 -3.299469 7.189580
-3.519894 -1.544528 3.104378
-3.099604 -3.288366 3.933791
-2.224511 -2.682244 3.815836
-5.333728 -4.428586 2.629101
-5.390606 -3.834803 2.621358
-6.517781 -6.940305 2.735918
-7.466469 -5.249834 2.240523
-5.786171 -4.733906 -0.638110
-5.886764 -4.956326 4.355796
-5.867569 -5.760394 4.875583
-4.512374 -3.455842 2.685704
-5.229408 -5.491259 3.702773
-5.807695 -3.952620 2.522959
-5.220026 -3.713646 3.439402
-4.044623 -2.809970 2.888263
-4.460063 -2.562631 5.023588
-2.596838 -4.181293 7.653804
-2.938583 -4.551930 5.373106
-2.902882 -6.504206 8.315619
-1.541878 -7.192282 9.141136
7.200547 -5.690685 5.594173
8.535854 -9.000154 1.463101
14.946895 -12.491322 9.189023
