-6.179584 -11.471783 7.601801
-1.600352 -8.335174 5.071215
2.253592 -5.929425 6.284775
2.501875 -6.915029 6.072531
5.475075 -4.409289 5.090795
-1.252802 -5.615067 5.973414
1.127334 -2.614462 5.183284
1.000545 -3.170482 6.321878
0.402286 -3.897891 4.944591
-0.263254 -4.689643 5.147330
0.077478 -4.845407 6.186819
0.535072 -2.558171 6.305177
-3.095150 -3.975080 5.747948
-5.000777 -1.344055 4.110628
-5.682683 -1.816263 2.257488
-5.682051 -5.306587 4.159858
-5.096195 -6.139703 4.272129
-5.826859 -4.637227 4.335832
-6.016167 -1.673248 5.914659
-6.365013 -2.259061 1.245519
-5.052391 -4.919153 4.727840
-5.185371 -7.230892 3.729453
-7.704497 -7.151067 2.984484
-7.847706 -6.149580 4.602422
-4.450445 -6.291611 4.862196
0.464845 -4.502545 6.429725
-1.719827 -2.806711 5.670918
-5.423412 -1.800221 4.053929
-5.498877 -3.672472 5.576397
-1.038908 -1.294250 3.813729
-4.433779 -1.550589 5.697186
-3.298495 -3.266719 3.415229
-2.728851 -5.235537 7.911933
0.104056 -5.769614 6.727991
-2.802586 -8.596684 5.965526
-2.343889 -5.365068 6.426558
-2.729013 -5.914154 6.758549
0.476612 -5.260041 8.017694
-1.804466 -4.485848 8.380393
-0.357049 -1.201279 6.532807
-1.233195 -3.237203 4.256442
-0.370280 -1.786978 1.751731
-4.403105 -3.104774 1.147473
-4.809813 -3.775320 2.176286
-4.437815 -3.901086 3.648427
-5.980157 -4.341213 3.320022
-5.671517 -4.272298 3.934784
-4.467568 -2.732497 2.125047
0.515892 -3.205054 4.739965
-2.821527 -2.104785 4.426477
-1.614575 -5.014334 8.175870
-2.451610 -4.900413 4.920527
-2.421319 -5.166891 5.853909
-0.138095 -6.176373 7.262275
-2.917719 -5.384510 7.128315
-2.451213 -3.977990 5.597242
-1.063744 -5.553166 5.217639
-2.303808 -7.032190 5.431421
-1.861620 -6.467546 6.840487
2.881291 -9.906829 4.049824
-1.439060 -9.881279 7.871974
1.073027 -3.507808 6.675539
0.726941 -2.761754 1.720908
1.292579 -3.146441 0.321812
1.406963 -2.808531 0.494926
0.992407 -3.012812 2.520051
3.051287 -2.832613 2.326525
-6.544762 -2.905278 1.710318
-4.459332 -5.787556 2.845154
-5.582212 -4.066691 0.409046
-4.837629 -2.328307 0.019145
-3.657476 -2.921271 0.822363
-2.282380 -2.554233 0.696484
-4.938988 -6.393385 -0.511006
-6.355433 -4.250014 3.009358
-6.136494 -2.873743 1.466333
-5.735302 -6.102447 4.300139
-5.363247 -4.971344 3.983309
-7.323611 -5.611980 4.716038
-6.361014 -0.762040 1.208440
-5.863073 -3.296556 2.484001
-2.687974 -4.383157 5.522063
-2.370362 -6.857661 6.247873
-1.799678 -6.697776 5.308470
-2.401305 -5.508392 6.300292
-4.714496 -5.174127 3.400583
-6.209172 -7.569384 0.452026
-5.056046 -5.495021 -0.198453
-4.626414 -8.820231 3.118685
-4.502141 -7.956347 3.359009
-5.701116 -9.548562 -0.811823
-3.993668 -9.791381 0.887746
-3.894651 -9.586707 -0.474084
-6.182391 -5.659354 0.858038
-4.855931 -4.437163 2.743422
-6.247944 -7.560872 1.812208
-5.485157 -6.931731 4.759082
-4.779108 -10.653819 3.182144
-0.722872 -7.424446 6.617491
-1.593396 -4.873509 5.665559
-6.873421 0.230833 6.310642
-7.473569 -4.273773 0.997992
-9.041881 -6.776366 3.977527
-9.036414 -7.435145 5.692063
-6.457309 -7.249362 2.672003
-6.148903 -6.581660 0.896232
-5.339612 -3.100168 2.909499
0.075613 -3.100518 1.969216
1.908284 -2.771867 -0.295748
2.122268 -2.084888 0.539103
2.730283 -2.468474 -1.128993
6.670298 -2.180610 0.075965
4.679731 -1.659945 0.017048
7.762938 -4.083650 -3.192351
7.152690 -3.839769 -0.563254
5.731264 -6.308765 0.171236
6.243166 -5.780794 -0.078867
6.515343 -6.240784 1.420449
10.206757 -2.426662 -1.472454
