-18.682415 -7.805894
-16.926266 -13.036107
-19.511395 -10.918811
-17.331051 -12.597716
-18.315212 -17.294455
-14.809620 -10.287165
-14.349110 -10.265113
-14.322947 -12.053535
-11.323146 -11.571334
-12.122679 -10.371259
-13.036007 -9.123115
-14.183211 -7.097031
-13.961843 -8.165267
-11.977494 -8.128375
-13.738260 -8.164989
-12.001438 -12.092088
-9.645603 -10.080655
-9.295227 -8.117320
-9.400080 -8.067312
-10.817163 -9.150996
-8.495119 -10.690480
-6.550721 -9.036912
-7.094719 -5.442286
-7.515420 -0.783576
-9.298953 -0.685496
-14.449276 -3.925073
-11.457215 -1.339921
-13.630745 -3.331229
-14.801629 -5.847017
-14.951428 -6.036510
-16.098160 -8.690856
-15.211894 -5.094289
-13.333114 -8.105194
-5.873583 -6.818332
-6.899451 -3.376896
-7.029302 -7.657332
-7.758823 -6.316017
-5.715689 -4.221808
-6.576971 -5.897611
-7.256744 -8.091065
-7.152559 -6.644807
-6.607033 -6.934836
-7.748957 -7.550017
-6.612041 -13.049232
-9.404488 -8.027671
-11.502324 -9.971643
-14.197395 -7.929187
-13.091698 -7.243754
-15.156956 -4.813781
-14.822674 -7.403970
-16.894672 -7.288899
-14.155415 -4.190990
-10.390024 -11.343100
-11.760895 -8.109027
-10.338662 -8.813869
-8.488080 -9.394711
-11.728193 -8.476830
-12.110567 -10.393906
-10.470643 -12.384965
-9.142085 -9.279422
-6.588407 -9.169883
-7.647577 -7.152935
-7.243529 -5.550517
-7.767969 -6.376050
-6.512962 -4.895100
-6.665202 -6.696745
-7.525830 -6.879069
-6.734313 -6.626820
-4.797462 -8.535501
6.549579 -7.982998
18.941965 -9.424202
