-17.551880 -4.012021
-13.371750 -5.531481
-13.512810 -5.013093
-13.808542 -5.907056
-13.776802 -3.517795
-11.624039 -0.105983
-11.714331 -0.089538
-13.387388 -0.532498
-13.280684 1.552374
-8.566252 -2.837116
-8.660417 -1.490296
-6.673119 -1.846659
-7.785640 -9.327760
-11.707136 -8.830631
-9.094618 -11.699999
-15.121804 -11.056149
-10.366686 -8.585383
-7.575236 -8.923718
-6.633794 -9.265718
-7.566417 -2.846274
-4.949290 -2.583609
-7.028037 -6.706326
-5.650913 -7.776293
-4.814645 -5.764030
-5.790221 -2.649956
-1.768468 -1.789691
2.694746 -1.741596
5.075790 -0.395634
6.055083 1.473773
8.969610 1.431634
9.143968 1.830168
10.651468 4.004194
6.507251 0.631072
6.428505 0.804519
7.683740 2.617097
11.611130 2.672459
12.757802 4.013394
12.709478 -1.946321
14.818324 -0.358107
