-15.137457 -19.375566
-18.895575 -14.113395
-19.501465 -12.587258
-17.963306 -12.995666
-17.402332 -6.351770
-10.775145 -11.354392
-17.434221 -6.856914
-16.334795 -7.650078
-17.466351 -13.880700
-13.152245 -4.557346
-13.529428 -9.295068
-14.845211 -11.594491
-16.213205 -10.058932
-16.786478 -8.798671
-17.473625 -12.657479
-14.615829 -8.806088
-6.812199 -11.145355
-10.334414 -12.485484
-5.204759 -10.042915
-8.679767 -14.528249
-9.324329 -10.385285
-9.805533 -13.667865
-6.708462 -9.076480
-7.647521 -6.677027
5.814642 6.847448
5.778346 7.574247
6.478073 11.564990
