16.778826 -17.835854
12.490053 -10.611882
9.085913 -9.904180
8.791399 -9.432548
9.442711 -11.837478
8.022200 -7.552107
8.382654 -8.875360
6.483812 -8.094829
9.918795 -9.164689
6.715155 -6.796976
4.333952 -6.271362
5.344791 -4.851005
5.108547 -4.853579
4.657568 -0.819064
5.206805 -3.740565
3.947270 -3.642718
4.160256 -4.125773
4.958107 -4.580622
4.749562 -1.452210
2.327182 -1.120885
6.506127 0.991109
8.377268 3.138663
11.174993 -0.561864
11.759746 1.590342
5.520323 0.268940
5.528064 3.518453
1.896486 6.912589
