3.995411 -10.891346
2.116770 -9.308272
-9.110946 3.467571
-10.144304 3.432564
-6.287523 3.137099
-7.188396 3.598546
-7.903792 5.732858
-7.786096 6.813550
-5.626557 7.228470
-8.276110 8.921952
-12.297352 9.455460
-12.372018 8.736269
-9.576200 8.503942
-7.324961 9.871676
-5.196916 5.923948
-6.146639 7.756588
-4.978552 8.627423
-7.301321 6.195560
-5.366540 5.467088
-6.820829 5.598621
-6.631804 6.636364
-7.625117 9.401604
-11.726193 9.479003
-15.343653 6.834904
-14.178944 6.221252
-13.258034 7.084456
-13.001854 5.341234
-13.738890 6.124620
