10.520221 -0.774181
11.961926 -0.104108
12.463820 1.308758
12.110508 1.395647
12.773890 3.060783
9.712812 3.825121
8.016644 6.076136
10.045284 9.558108
9.643993 8.300573
9.563652 9.247070
8.101549 8.004177
8.870337 5.876095
5.761262 3.390671
11.479940 3.658007
12.172813 2.589125
15.315187 3.421929
15.946661 7.317863
14.639742 10.745288
16.164331 6.000503
14.451699 0.141424
11.687908 1.287410
11.170950 3.012461
8.310991 3.189449
8.967290 0.062097
9.357080 7.151736
8.537394 1.478181
8.306579 4.600931
9.046297 5.789720
6.512659 5.455421
11.147440 11.535955
13.875748 9.664943
13.661451 9.412792
12.359312 9.285985
9.879326 9.193925
14.052305 12.593173
7.404298 10.875418
9.333454 4.526059
8.504888 5.512629
7.207880 4.070309
11.482731 2.525080
8.179720 3.174338
8.907331 1.843019
8.017906 3.933561
9.173668 5.563878
8.332190 5.570942
9.356079 1.434711
11.277394 0.027753
11.836927 2.249181
12.704272 3.342645
13.112190 0.497624
10.741734 2.071569
13.684271 2.182989
9.076035 1.756252
9.133116 4.812337
9.172682 5.234615
9.082392 5.082036
9.075762 6.150416
8.738340 1.444552
9.981082 3.673210
12.887426 -0.366149
11.599871 3.625785
13.572084 3.567984
18.222736 3.508328
15.558776 5.298833
17.353556 -3.615967
