7.452074 18.178654
12.301183 11.409881
10.182183 10.818549
8.254585 2.924342
13.096036 3.329198
12.555486 -1.173662
12.474316 -1.399948
12.666830 0.064011
9.293839 0.502862
8.571465 2.747204
5.874564 1.253201
6.102597 0.673876
6.550928 -0.135693
8.883396 0.360982
7.942051 -0.170905
2.598690 -3.333215
6.898444 -7.338441
5.786444 -7.543520
6.070550 -8.589981
5.744822 -9.410886
9.296887 -7.364418
10.659786 -8.463069
8.232206 -11.927867
18.293762 -12.191978
14.349060 -12.021259
14.352319 -9.464406
10.943051 -10.315452
14.151862 -11.029545
9.624934 -7.618963
10.771899 -7.893890
9.512007 -7.818346
6.426964 -9.942606
4.896184 -8.612720
5.968402 -6.602211
11.691235 -8.839263
11.719774 -5.078755
11.656592 -5.596214
11.883406 -6.442469
11.792390 -3.441445
11.617338 -6.303136
13.372515 -8.432925
3.877119 -10.638559
5.536480 -9.393335
7.340347 -10.632828
4.619051 -8.598323
7.860984 -7.202764
8.770508 -7.573040
6.360992 -7.823057
6.053482 -6.000886
3.052040 -3.602109
4.352670 -2.112589
4.559500 -3.355385
4.918532 -0.522739
5.173781 -1.858086
3.055207 -2.434590
3.718847 -1.319155
4.981160 0.882075
6.531707 0.221379
6.730957 0.264780
6.105766 -0.165855
7.427117 1.353080
6.563287 0.835713
7.008648 2.153375
7.030072 0.717044
10.685223 -0.156234
9.549878 0.412377
6.955482 0.191300
6.831983 1.311316
3.598433 -0.353300
4.771056 -1.056990
5.146193 -2.370541
4.467689 -0.603161
3.600023 0.017821
8.470896 -0.143196
7.255882 0.664044
7.660612 1.673305
7.139052 -0.132976
6.673512 0.879139
8.156668 2.909222
7.004520 0.872924
7.772713 0.229946
8.940279 -0.077715
5.753127 1.248796
4.137023 -1.509638
4.470642 -3.214983
5.433942 -1.537112
3.530762 -3.119526
4.242439 -6.018043
7.038061 -6.866322
7.128921 -8.037442
10.722692 -7.297576
14.591160 -8.010235
10.399945 -8.877670
7.419995 -6.676572
8.335998 -9.427484
5.051889 -5.001820
3.516411 -5.865586
4.362319 -4.214787
3.757084 -5.812791
4.053619 -4.429105
5.127895 -4.094748
3.383175 -2.952375
3.147131 0.280236
4.877811 0.623920
9.522674 0.071226
10.175603 0.815269
11.604317 -0.398204
10.954821 1.470674
13.454380 0.744422
8.960622 0.901248
8.088474 -0.161601
3.572315 0.570591
3.170570 0.666827
4.500886 -3.004824
4.434324 -7.357258
7.318149 -7.913757
6.692070 -8.092458
12.816442 -6.787672
11.953928 -7.024366
8.480342 -8.666701
10.906188 -6.658811
9.986973 -7.740843
2.937964 -7.559698
4.499289 -3.937806
3.529326 -4.527107
8.560450 -8.303725
10.321222 -7.924622
8.326339 -8.474637
13.947366 -9.241292
13.922743 -7.606500
11.443332 -1.672020
1.994748 -6.985096
2.482596 -7.121619
2.320783 -3.674203
11.554544 -2.995834
8.714133 -7.929993
8.303326 -13.826346
11.112793 -13.237979
9.117618 -8.067487
9.009123 -11.916188
8.499043 -7.351125
9.451221 -7.948712
5.932010 -8.683454
6.483274 -6.830297
4.445286 -5.913401
5.015079 -6.071709
5.092406 -2.727641
4.361382 -7.089204
7.318624 -7.884776
13.295166 -7.044323
11.831300 -14.072753
