-5.522584 18.942232
-5.644006 14.102760
-3.155828 13.297888
-4.706060 8.909715
-2.629164 9.734124
0.849769 10.618586
1.724975 8.380474
2.196182 8.235092
1.189833 9.406886
-0.781902 10.614949
6.444084 9.779806
6.509300 14.770124
4.819471 13.040722
4.660913 12.960646
3.917348 9.757188
3.568392 10.488613
0.610076 10.452098
3.365088 10.454892
2.650949 9.711421
1.036217 9.062567
-0.256027 8.590193
-1.596244 10.751087
1.237039 9.282929
-2.671971 8.142018
-0.813421 8.250607
-1.215805 8.109633
0.638048 9.468147
1.765899 8.205347
1.727205 9.050204
4.254608 10.317599
4.118776 11.394516
4.634953 11.848249
3.169825 9.534793
