17.276272 -4.115787
8.537777 -7.728315
9.659288 -6.707087
10.364536 -9.273134
15.514830 -8.492715
14.284494 -10.226076
16.772160 -7.312826
15.833887 -9.118884
14.097408 -7.975669
10.718592 -9.566820
6.254802 -9.261165
8.415518 -7.448466
4.400310 -4.612953
4.354940 -1.589098
5.129753 -1.894428
8.641385 -7.580204
7.551046 -7.015399
6.437993 -8.414733
11.655351 -6.062163
9.489336 -7.519155
5.887874 -8.102079
10.487531 -7.298302
11.353839 -7.448560
11.389057 -0.233044
14.017078 1.299682
12.867214 0.970508
12.780453 -0.740864
14.857634 -0.954688
4.707819 -3.708473
4.806658 -6.409332
11.467808 -4.817405
7.114574 -8.405163
4.648345 -6.646390
7.489670 -11.015726
6.131942 -9.540978
8.624572 -8.238732
14.036939 -7.236992
7.957117 -6.875077
11.198531 -10.600235
9.994854 -8.691934
8.218647 -6.701893
4.772216 -7.487969
11.872225 -2.970872
6.482636 -6.846187
5.222637 -7.721982
2.809516 -5.903266
2.247613 -7.481544
2.469255 -5.817986
5.058331 -8.641986
10.247221 -7.071835
10.217491 -11.678592
9.199179 -9.027974
10.328852 -8.653969
10.349755 -7.199088
7.592264 -7.608057
9.443340 -8.041426
11.271708 -7.508990
12.062101 -7.355945
13.149180 -12.522569
9.550112 -9.241177
6.069615 -8.479090
8.943983 -9.520868
6.154716 -10.423278
4.596251 -7.659901
5.464963 -4.591046
10.714521 -0.321094
11.371395 -1.603775
11.632349 -1.242218
11.694422 -3.483373
8.987556 -10.661396
9.628547 -8.794734
9.496940 -9.231410
10.744903 -9.299827
12.516249 -10.108109
11.458490 -8.427600
10.358606 -11.939657
10.129309 -8.887097
10.445309 -9.060218
11.706156 -7.057284
4.049201 -6.772828
4.394846 -7.037739
8.113450 -6.686532
10.166362 -7.472116
8.806945 -9.029588
5.618600 -6.076765
5.356417 -2.663146
4.511024 1.056868
4.818730 1.157550
6.203116 0.766559
6.348698 2.665487
4.046215 0.553218
6.443683 0.855684
2.835781 -3.734373
5.414143 -3.794485
4.083302 -5.670034
4.254575 -7.059886
8.245871 -7.115964
12.190441 -8.041351
8.229169 -7.727241
8.110600 -7.681433
9.814367 -7.880115
9.525537 -7.679173
7.002532 -0.162743
13.158799 1.183096
12.716195 -0.428202
11.874514 -3.045268
7.706076 -6.931727
5.308002 -7.205063
11.909435 -3.246003
11.148751 1.231666
9.742215 1.584272
5.761854 -5.254525
5.685762 -7.281192
6.310227 -9.686009
10.042485 -9.891622
7.482936 -6.879730
9.280117 -8.662177
7.276178 -8.234020
7.428473 -7.265679
5.409604 -8.795217
6.159999 -8.615845
5.938310 -5.683331
7.396793 -9.363372
10.259922 -8.971337
12.265592 -9.386715
10.791230 -8.066184
12.666322 -7.400354
12.000788 -10.553358
12.540673 -10.864465
11.635897 -4.845723
6.312512 -5.582429
3.752660 -5.722946
4.734737 -4.845481
5.469088 -5.635345
4.451236 -2.933822
5.650296 -8.558640
5.628823 -8.663142
7.142618 -8.538852
12.678606 -9.495292
13.863785 -7.742660
16.868353 -11.460172
12.305363 -11.643871
10.269894 -9.446597
10.571406 -11.445590
13.993736 -10.270284
13.323723 -9.874057
7.798903 -6.685915
5.645380 -6.663671
5.980540 -7.927305
-1.577037 -11.299365
-12.209240 -13.812301
