-7.165858 6.627283
-2.664328 7.361715
-4.523348 6.332388
-5.109400 6.706673
-4.510315 6.500818
-3.269763 7.955624
-5.950614 8.056590
-5.646374 6.398430
-6.331050 6.500617
-4.616343 7.590817
-5.232965 7.259861
-4.023341 7.193451
-3.879042 7.861217
-1.043843 4.828527
-0.723348 5.288222
-1.122311 4.703679
-1.788592 5.219757
-1.928102 4.539284
-4.978139 6.863959
-13.874899 5.345714
-13.995319 7.153749
-13.970355 5.688398
-3.896764 7.494360
-5.757710 7.647236
-4.990016 7.236963
-4.423298 7.103898
-2.985346 6.708022
-3.338959 7.139568
-1.477787 5.613781
-2.020697 4.524085
-2.377775 5.426631
-1.720852 4.873442
0.345271 4.427423
-2.472405 1.578659
-0.534869 1.177607
-3.043373 -0.230176
-5.120940 -1.160157
12.709586 -9.921320
16.253462 -18.955702
