-16.403685 -5.194555
-12.997377 -6.465094
-13.013981 -6.983088
-13.022285 -7.213083
-14.191115 -9.575238
-10.240982 -8.061857
-11.275316 -9.012388
-10.248030 -8.038844
-10.177877 -8.025128
-6.543979 -8.198255
-7.304038 -5.085058
-7.410514 -2.010334
-5.882184 -1.786624
-7.765821 -3.550966
-5.999175 -6.152417
-6.215425 -6.259953
-5.328294 -5.822634
-7.884881 -9.009767
-9.224472 -8.616397
-12.591387 -9.907638
-14.303576 -8.525447
-15.514127 -8.980404
-13.065132 -2.754721
-10.995086 -0.390878
-11.547451 -0.289943
-15.439071 -4.342552
-13.559956 -4.435255
-8.006007 -8.173301
-10.653193 -8.850034
-10.156808 -8.814710
-11.024711 -8.402743
-7.243573 -9.223990
-6.228371 -4.176673
-4.036626 -2.857253
-4.962782 -1.013616
-7.717041 -4.674197
-6.734846 -8.367588
-7.290964 -3.773315
-7.545295 -5.709963
-7.027648 -1.185473
-9.022311 -1.612710
-12.618887 -2.974567
-9.220335 -1.676521
-5.769653 -3.988681
-6.099270 -1.927682
-4.726451 -2.349925
-2.495772 -1.578872
2.309388 3.734212
1.522466 5.143020
1.717747 4.152819
9.764004 3.750354
6.601192 2.778656
5.975527 4.755288
4.591857 6.453932
4.771612 8.526286
7.389710 12.046821
12.825385 13.336142
15.120296 16.935204
