5.448446 13.112343
5.172345 6.890369
9.259595 2.500030
5.816606 4.358673
6.318718 5.989662
5.306588 7.441982
4.006676 5.276527
3.513738 3.123325
0.756953 5.945555
2.221581 5.945785
-1.018799 4.516546
-1.508135 7.292637
-2.235710 7.109688
-1.609087 6.039813
-1.178831 9.670968
-1.148212 9.718535
-0.959636 8.522813
-2.915968 7.472994
-0.339991 4.801434
0.583323 2.679650
0.824513 5.362575
0.840391 5.928732
2.925299 5.543974
3.319644 4.881392
5.023816 6.141543
5.286663 7.814837
6.316610 6.459305
2.909178 5.168541
3.611193 5.922278
3.276170 4.518850
5.830696 6.991079
5.336464 9.526083
5.760852 10.449701
4.861119 10.227029
4.529304 8.291713
5.213125 9.373932
4.430534 11.051939
7.575075 12.656224
6.369517 9.991091
6.615376 14.454564
6.353503 7.637503
8.891132 4.676430
8.216913 5.604624
9.400856 11.748157
5.953938 11.335450
3.483670 11.153149
0.339645 11.257852
-4.430631 12.075372
-1.998986 9.024208
-0.335382 11.641997
0.090577 12.624719
-0.605832 12.085776
-0.745923 10.361279
-6.764507 16.772427
-1.975731 16.252529
-2.414391 18.207443
