5.734934 -3.242932
6.012872 -1.144403
2.639629 -0.251614
0.024003 1.581784
-2.705384 0.074975
-2.719804 0.995901
-3.478356 0.478668
-3.119840 0.363356
-3.323343 0.194547
-1.528292 -0.767896
-2.646473 0.422697
-2.199634 1.219152
-1.721029 2.849463
-2.369356 4.102679
-1.883011 4.554121
-2.092153 4.354890
-2.158853 5.399971
-0.431970 4.511010
-0.680822 5.480532
-1.538168 5.890804
-1.832216 5.026124
-1.621549 4.751046
-2.021799 5.767614
-3.470908 6.802664
-5.136511 7.177854
-4.387677 7.679480
-3.027047 7.342774
-7.511108 7.872015
-4.442684 7.324364
-3.634433 6.723035
-2.470362 7.053687
-5.634168 7.812100
-4.704197 7.093299
-4.811929 7.276230
-3.336910 7.740614
-3.827889 6.654897
-3.313440 6.889802
-4.786857 6.901554
-6.705582 7.349542
-7.631000 7.738403
-4.362126 7.443476
-5.488068 7.335359
-6.787693 7.330463
-7.767529 6.355460
-6.579272 7.652925
-5.017755 7.993533
-7.880894 7.173625
-5.170827 6.999757
-4.285310 7.376612
-3.850380 6.432945
-7.376654 8.999619
-10.362617 10.066978
-11.776114 9.519166
-11.431422 8.695340
-5.783848 8.550994
-5.276647 6.511562
-3.518780 7.109238
-5.009080 7.467635
-3.626203 6.356898
-3.837243 7.116439
-5.449949 6.617985
-5.812952 6.602915
-5.857640 6.315693
-1.094870 6.073965
-1.188358 2.449225
-0.138579 2.142314
-0.952042 3.480803
-0.485548 4.224827
-0.090917 3.382129
0.678221 3.306447
1.080431 3.942613
-1.782803 2.987304
-1.850811 1.180121
-4.445706 0.457577
-4.244170 0.629135
-5.429448 0.372971
-4.563640 0.906838
-3.857710 0.359339
-2.188962 1.370372
-0.898632 3.335301
-2.126427 2.700210
-1.203537 2.305090
-1.958010 1.032973
-5.298295 0.705473
-5.417746 0.868024
-12.179479 1.669394
-12.382544 2.944467
-6.260418 6.820509
-5.279279 8.920814
-4.748260 10.234062
-5.468843 8.301245
-7.504644 6.221582
-1.873103 3.266676
-1.733330 4.336654
-2.433550 7.983164
-2.942767 6.909018
-5.755013 6.795037
-7.453727 7.094423
-7.284473 8.195533
-4.463272 7.075666
-3.429282 7.139852
-4.365847 7.887874
-2.241777 7.969244
-2.462942 6.100311
-3.429146 8.624574
-3.839128 7.252741
-5.161570 8.528305
-5.687966 6.439777
-4.520897 7.371843
-4.038268 7.007134
-0.322756 4.568428
-1.538426 3.291611
-0.819925 0.772692
-1.400607 -0.074291
-4.717691 0.794075
-3.205031 0.210318
-0.700575 2.062557
0.266874 3.016784
-0.945463 3.898234
-2.061430 4.343379
-1.574041 4.495506
-1.117546 5.079835
-1.308408 5.417031
-4.768861 7.035357
-5.150853 6.595329
-4.556327 6.427036
-4.386452 6.965960
-5.445374 6.567967
-2.923718 6.767920
-1.352554 5.798910
-2.070307 2.444346
-2.423974 0.607783
-2.996133 0.426985
-5.073902 0.666479
-6.855788 -2.906183
-9.365230 2.962286
-9.436110 2.942121
-8.251215 1.228088
-9.583586 1.667305
-7.642258 -0.988999
-7.334399 -0.364045
-11.132605 1.416387
-10.847584 2.777346
-14.503931 2.565175
-13.473063 4.892513
-14.680984 3.870705
-13.419025 7.622007
-8.130303 9.517798
-10.940056 10.066948
-9.325773 8.881567
-7.875994 6.599755
-7.656915 7.564052
-6.271052 10.313730
-7.378032 7.164053
-6.962774 6.391035
-4.132564 9.615346
-7.917647 6.308218
-3.715051 6.445567
-3.635212 8.078159
-3.537153 8.632311
-6.898143 8.064614
-7.244817 8.634160
-9.346483 8.741177
-8.395102 9.701653
-6.614105 7.363989
-7.418798 6.522932
-7.118526 6.425734
-5.997355 8.697108
-2.277786 7.578331
-10.994061 10.113105
-10.777161 10.345796
-12.497342 2.757379
-14.163248 -1.335137
-12.504686 0.221864
-12.101170 -0.004549
-8.752906 3.425292
-9.789565 3.436910
-9.939272 2.572697
-1.939503 4.994005
-4.745902 6.790080
-4.553265 7.086570
-3.207942 7.406097
-4.922194 6.429718
-4.703287 6.381638
-2.779967 1.233980
-6.421916 0.527704
-4.632792 0.756646
-3.333102 6.887578
-4.974390 6.738217
-7.115727 6.450965
-7.071440 7.375539
-6.541306 7.903409
-7.517054 7.809391
-2.278556 8.633630
-1.933221 4.696462
-1.218413 6.935913
-4.998605 6.312060
-7.362546 7.682331
-6.335699 7.191988
-5.841835 8.075793
-7.811776 7.148326
-7.384642 8.885589
-5.779955 6.777263
-6.687093 6.879966
-6.276765 7.752223
-7.767592 11.311269
-12.555635 9.018765
-9.295546 9.548980
-10.430983 11.410107
-10.294600 11.082138
-6.234407 7.257938
-5.833883 8.465225
-7.153214 6.376561
-5.772983 9.152187
-7.631663 6.084659
-7.414442 7.324276
-6.850834 9.889918
-8.136929 8.579775
-10.017615 9.358992
-8.428593 8.770118
-5.392654 7.093593
-6.558181 7.348681
-7.330770 7.208897
-7.738487 7.698071
-6.803638 9.512109
-8.557202 10.449103
-7.577857 7.388366
-5.174260 7.759459
-8.851439 9.636495
-8.509787 9.069201
-2.042093 5.228051
-4.460353 8.260741
-5.389294 6.714599
-4.166888 6.462422
-8.454558 2.718252
-9.151052 1.915480
-9.511127 3.469002
-10.267782 2.689230
-10.521646 2.855554
-8.650419 2.456711
-8.879422 0.386872
-4.653577 0.547581
-2.967880 0.680823
-2.993338 -1.898402
-2.248263 1.795161
-1.882807 3.302916
-1.355479 5.992074
-1.201092 6.246735
-1.995122 4.285170
-1.940318 4.657892
-2.424145 4.759632
-1.265765 5.298525
-2.148853 9.000860
-0.925466 10.536874
-0.932802 9.969386
-2.027850 9.210538
-3.956834 6.586993
-1.333356 7.414489
-2.662000 7.855121
-2.806965 8.123661
-0.399082 5.159115
-2.285096 5.829655
-2.123517 4.240776
-2.047898 3.848492
-0.721427 2.570682
-2.701217 0.137680
-1.514544 0.424519
-4.998399 0.828752
-9.199520 9.235714
-3.334393 7.089856
-7.776003 8.319610
-9.756652 2.630200
-8.076802 8.732471
-10.834641 8.832618
-8.293255 8.774829
-7.467340 8.700633
-7.741225 7.439780
-6.066082 6.900262
-3.946722 7.872941
-6.070046 6.594353
-7.561635 6.638593
-7.668668 9.544974
-11.317543 9.305790
-5.291101 8.196429
-7.392095 7.319103
-4.414376 6.836777
-6.742725 7.862297
-3.808362 7.378464
-3.282220 7.194128
-2.499557 7.189861
-2.303046 6.364018
-9.207236 2.272808
-9.255955 3.088359
-10.115510 0.543183
-2.106663 5.804196
-1.295687 4.508529
-1.821909 4.857665
-5.738177 7.145499
-6.574048 8.001571
-7.550062 7.902476
-10.606535 8.709068
-10.636017 9.926068
-12.220097 9.042276
-6.254677 8.907512
-6.412137 10.951069
-7.600730 8.261130
-7.542373 7.533350
-3.399760 8.237312
-7.096591 9.364519
-8.562314 8.543832
-11.717407 8.585086
-7.762995 9.129535
-7.478270 7.002654
-6.189709 7.544050
-6.016376 7.817403
-7.295187 6.858570
-6.571792 7.061240
-6.977602 7.088954
-6.956714 9.927881
-10.854277 10.765669
-11.135885 11.095896
-5.183539 6.399816
-3.693565 6.468853
-5.058685 8.166173
-4.678077 6.717068
-3.614244 6.364223
-3.922065 7.113567
-4.598426 6.834852
-4.783303 6.830403
-4.670869 6.960207
-4.445016 7.245025
-6.164651 7.477592
-4.752923 6.407734
-5.355980 6.800658
-6.892105 6.329361
-5.394783 7.444543
-7.888570 7.020848
-5.118548 7.775455
-6.033396 7.152869
-4.327446 6.344339
-9.064407 9.689269
-8.844558 9.675861
-10.946998 8.967072
-15.411938 10.686199
-13.166441 9.195067
-10.723943 8.589071
-11.959804 8.605462
-11.277474 9.103611
-17.247072 7.627405
-13.076338 7.910651
-17.460648 12.419995
-12.324797 9.749215
-9.649727 9.983922
-7.085348 11.215171
-7.401992 7.322586
-7.033861 7.298946
-7.634871 6.517944
-8.424772 2.955227
-8.931231 2.042294
-8.661283 1.513601
-8.656783 2.334411
-8.404331 3.272410
-8.261157 0.741947
-5.981944 -0.280791
-5.962339 0.807995
-6.802188 6.383718
-6.332011 8.525975
-2.117199 3.244613
-0.440063 3.059465
-1.185881 2.474568
-1.771664 1.671818
-2.662457 1.235258
-1.450673 -0.056500
-2.033074 1.769298
-3.009476 0.349160
-2.275655 -0.227345
0.045013 0.153991
-0.687389 2.157253
-1.371000 3.850058
-0.514772 2.486615
-0.475737 0.539037
-0.843244 2.141218
-0.413519 2.974225
-1.477859 1.606602
-2.857889 0.171232
-2.106470 1.318867
-1.804929 0.808128
-1.507472 0.852663
-2.203513 1.073574
-2.391668 4.748066
-1.148917 3.236783
-1.463933 4.068113
-1.688978 5.185668
-2.227583 5.924983
-2.430440 7.112719
-4.615485 8.186790
-7.618617 6.844769
-7.910378 7.199549
-6.393260 6.488391
-8.401563 9.070524
-10.021771 9.356557
-4.506324 8.614732
-7.649605 6.345578
-9.910996 3.138226
-10.194684 3.276683
-8.949146 2.464372
-7.835252 6.308826
-6.992021 7.095154
-7.374360 8.071717
-5.907969 9.414507
-7.757913 5.934161
-7.017008 6.414642
-3.841193 6.493561
-6.689015 6.748734
-7.245343 6.614418
-5.891045 7.166734
-13.915599 4.916588
-11.094589 -2.009354
-8.897512 -1.299941
-11.642603 0.125618
-11.472929 -1.408286
-9.261336 -2.208843
-11.060423 0.049760
-9.190067 3.429233
-9.988286 1.307913
-8.020350 8.841630
-9.867179 9.115739
-13.948225 8.766845
-14.775420 4.168486
-16.835949 3.272319
-10.819862 8.630774
-12.132745 13.575509
-11.650908 8.576909
-15.731371 5.142638
-15.266917 7.070971
-13.232950 7.176542
-13.350128 8.203737
-16.101200 6.288147
-15.250566 5.529018
-15.862229 3.676872
-15.264215 2.766375
-10.743544 3.454159
-7.900199 6.923288
-10.986336 0.089484
-9.360889 0.924802
-8.661881 1.210458
-7.729284 6.903800
-6.613972 7.647330
-6.369171 8.045328
-6.628732 7.395529
-7.192947 9.716517
-9.798335 8.962559
-8.698183 2.551556
-9.374382 2.994855
-8.004634 0.615285
-7.425074 -0.528282
-11.232855 3.197257
-9.919063 2.131330
-8.500544 2.172572
-8.478122 2.629931
-10.076209 3.203703
-13.254171 5.037654
-13.689677 9.571284
-10.115870 8.625943
-8.189924 8.770881
-7.781804 7.026014
-9.039853 8.789996
-4.190735 8.078443
-7.104219 9.464468
-8.155634 8.645700
-10.305238 8.808719
-6.712223 6.713919
-5.692960 7.347228
-5.049239 7.958692
-5.442768 7.954113
-6.682210 8.486730
-7.482787 6.285470
-7.545954 6.113836
-8.447252 9.276011
-8.953589 8.758664
-7.437492 6.360052
-7.874742 6.747964
-8.189816 3.410931
-8.549204 2.174872
-5.609282 7.039454
-8.145420 9.971011
-9.329729 8.774972
-8.653486 2.518774
-11.963672 9.829630
-13.115904 8.632495
-15.063686 8.623233
-14.468934 3.376828
-8.741879 8.929653
-8.558337 3.073204
-9.174663 1.048412
-10.931565 3.084575
-13.715828 3.506364
-14.369421 7.913473
-18.367893 11.075050
