-17.567041 -3.248887
-14.820856 -6.380263
-16.823484 -4.931356
-14.703903 -9.806646
-13.765592 -7.296373
-13.060855 -6.480333
-14.656621 -8.304174
-9.874834 -8.015736
-10.611912 -10.554218
-8.858824 -8.416419
-7.881392 -8.294895
-10.081926 -10.040755
-10.435285 -8.551844
-10.329765 -8.180221
-12.183107 -10.451268
-8.395662 -8.105534
-6.617678 -8.020402
-7.457295 -7.167819
-6.298135 -4.131164
-6.496418 -2.626755
-9.550512 -2.913177
-6.046364 -1.315162
-7.519664 -4.186554
-7.001941 -6.156349
-7.303775 -5.621325
-7.392625 -5.450989
-6.640300 -4.247790
-7.189649 -3.873735
-4.386575 -6.901208
-8.674174 -8.393255
-6.966693 -7.996820
-7.901201 -7.661426
-6.561297 -7.582066
-9.758427 -9.996169
-5.888764 -8.784761
-4.959097 -10.448361
