14.028213 16.402628
11.280218 13.773627
13.631159 5.097917
11.780785 5.571684
8.022297 4.022557
5.771604 2.989237
8.701326 4.425480
8.228825 5.142322
8.556057 4.878295
6.366814 4.992340
4.894186 5.113935
4.236121 3.762516
-1.028741 2.850681
-2.211616 2.967856
-1.249663 -0.628427
-8.335375 0.906363
-8.678307 2.185354
-12.058977 2.907218
-11.288720 1.966854
-18.850395 3.221101
-15.214535 6.189959
-13.838495 10.612525
-9.897533 9.224955
-10.260674 9.335374
-9.619811 9.239220
-7.636437 7.440876
-6.246793 6.341795
-6.091925 6.519102
-6.152542 6.580257
-6.715123 7.445369
-5.118774 7.051155
-4.417525 7.503688
-3.904687 8.044810
-5.104367 7.710018
-5.386497 0.619213
-9.401866 1.648025
-8.995473 2.233356
-9.768532 3.276712
-1.615019 5.049466
-1.268379 3.076807
-0.826502 3.601233
-1.596698 5.307098
-1.756753 5.413141
-0.268163 4.595169
-3.344966 7.068088
-6.825037 6.848380
-7.008445 7.961185
-6.834454 7.198270
-5.702426 9.234699
-10.312538 9.176360
-11.304013 8.876249
-12.678822 8.565612
-9.802197 10.832206
-1.926720 3.023896
-1.326071 4.654671
-7.676075 6.945931
-6.560436 6.857467
-7.255329 7.624655
-5.587393 6.620432
-6.949571 6.315046
-7.909698 6.604318
-7.675206 5.956568
-7.652729 6.082716
-7.646131 9.489091
-9.667554 10.231258
-5.526315 8.199304
-11.376225 3.138787
-8.666002 2.603991
-13.569782 7.347726
-13.009671 8.031192
-14.460097 4.448766
-13.701086 7.246067
-13.522207 9.921821
-11.241409 8.562020
-6.729907 8.762355
-7.716692 7.535810
-7.488400 6.756915
-4.361012 10.108596
-7.913248 8.030422
-7.712417 7.034559
-6.332211 7.013603
-8.514725 9.748567
-8.785924 9.302561
-6.973017 9.352886
-7.883736 7.056719
-6.826480 7.188851
-7.184877 8.482909
-7.011235 6.385261
-5.134662 6.331658
-4.595103 7.420997
-6.036891 6.554485
-5.061321 8.047882
-7.355086 7.780468
-7.808630 6.933004
-3.471125 7.894979
-5.282745 11.000073
-5.344479 8.380476
-7.901193 8.135465
-7.859688 7.659381
-1.669748 6.221475
-3.482617 7.437657
-4.713356 6.803009
-6.767342 7.745223
-8.203117 9.155837
-7.715467 10.068338
-10.802118 9.030091
-10.082428 8.538585
-8.775022 8.671981
-11.689687 8.945453
-10.332780 12.491239
-13.690195 15.263049
-14.765319 5.185503
-15.181753 7.105473
-8.752435 10.222850
-5.689825 6.726885
-7.904777 8.099033
-5.903776 6.982237
-6.397231 6.445866
-10.866572 3.206752
-9.997584 8.924358
-7.869926 9.827039
-9.654546 8.955414
-8.996093 1.947598
-8.643003 -0.072443
-6.484847 0.295124
-9.188535 1.529182
-11.771685 2.628281
-8.339537 3.070577
-8.905107 3.171656
-7.832767 8.494148
-7.190828 7.315892
-14.450975 6.054725
-13.356384 4.124238
-12.709862 2.592448
-9.183179 2.073526
-8.907331 3.098169
-8.153109 0.781602
-9.970174 2.492252
-9.970697 2.197127
-3.704669 -2.898789
-3.510271 -0.863828
-4.237676 0.807223
-5.334772 -1.392788
-7.618637 0.380350
-13.669418 3.584413
-13.460924 7.490077
-7.635282 6.799153
-6.311302 8.576543
-9.192015 10.723679
-7.714276 9.749147
-7.453037 7.878347
-4.424225 8.380796
-10.134195 8.817240
-9.442718 8.583735
-11.114381 8.886264
-12.167797 9.229654
-8.160459 9.074015
-7.613054 8.197506
-7.059110 6.925373
-4.604649 6.447101
-5.739702 6.375384
-6.996064 7.312256
-3.171667 7.962095
-5.105147 6.609347
-7.813469 9.042115
-7.708571 7.462985
-7.588322 6.127482
-6.345305 8.760714
-6.483084 6.863149
-8.309942 9.937365
-9.696154 8.823152
-10.909403 8.808628
-6.854178 8.866812
-8.781442 9.295591
-6.538764 7.710498
-6.485138 6.609275
-7.534521 7.041809
-6.254088 6.559475
-4.909012 8.689465
-4.139286 6.642748
-7.077710 7.527715
-10.280804 10.083219
-13.188138 6.449247
-12.845234 8.627744
-11.787690 9.828564
-12.732761 9.854386
-13.278561 6.516531
-14.587167 5.733103
-13.738397 8.318351
-13.050462 6.959474
-14.069723 7.180768
-15.663137 7.194767
-15.783381 5.921898
-11.605834 8.828938
-10.937245 8.693624
-7.823974 6.784070
-8.876647 3.422702
-8.469255 2.616597
-8.739084 2.797404
-8.306675 2.956246
-6.575005 7.792446
-5.521248 9.624631
-5.968724 10.273409
-13.826880 3.855853
-13.199338 6.535543
-11.753698 3.092191
-7.568069 7.915335
-6.794799 7.705438
-7.627353 6.296419
-11.395172 8.934493
-12.957865 10.427301
-10.619294 9.660908
-7.798762 9.245963
-7.481158 6.505896
-7.732513 6.150174
-7.607386 6.008554
-7.535363 7.282578
-3.762918 7.978091
-4.552867 8.047296
-6.073781 9.200434
-7.716430 5.999527
-8.964193 3.142034
-9.928089 1.226639
