-13.177724 -11.740501
-8.238128 -9.863925
-6.109486 -5.171869
-8.727585 -1.147248
-11.087079 -0.692765
-10.811618 -2.619318
-12.024807 -2.444695
-12.129692 -0.337230
-10.285742 -2.700535
-13.385946 3.429746
-7.916591 0.169535
-4.228179 -1.133126
-3.006284 -0.769492
-1.942685 2.620693
-1.790830 2.570399
-2.434580 5.158638
-2.346961 6.408602
-2.060416 6.914929
-5.405463 6.788679
-6.832189 6.844182
-7.457020 7.042667
-6.109390 7.184083
-5.038607 6.376165
-6.667966 9.776818
-8.216184 9.943368
-9.138762 9.285857
-5.732660 10.401782
-6.915808 7.484039
-6.944623 6.354643
-5.219408 9.570793
-9.735313 8.600089
-7.803027 9.478486
-7.109339 8.132655
-8.974684 10.345359
-6.202218 11.343963
-7.736815 7.075058
-6.217351 7.687238
-6.290708 6.379149
-7.005009 6.919153
-7.159359 6.371318
-6.342758 6.333969
-7.703236 8.457479
-13.606388 9.642129
-5.891603 8.724189
-5.768079 7.483113
-6.100757 7.632411
-5.227793 6.687763
-4.793881 7.926744
-6.858629 8.291730
-7.164513 8.313609
-7.137131 9.111068
-9.461998 8.785583
-6.719354 8.286029
-7.613804 7.801122
-4.450786 8.013995
-6.375286 9.573796
-9.024381 8.574828
-11.054716 8.627369
-10.381242 10.299023
-11.500210 8.840245
-17.407982 8.146625
-11.055027 1.447220
-11.722764 -0.953462
-8.265100 2.844879
-9.578239 2.755424
-10.333598 1.728536
-8.326918 3.269746
-8.144025 -0.233769
-2.981357 -0.447508
-4.382831 0.330958
-2.226938 5.670821
-2.437730 5.600167
-2.074527 3.791800
-0.590101 3.484918
-1.197764 4.083521
-1.934719 7.801762
-5.766772 7.798692
-7.948550 6.288251
-9.243958 3.199214
-11.680441 8.767135
-6.871198 7.671550
-6.685133 7.854350
-8.261175 2.792753
-7.867873 0.371468
-9.718457 2.181032
-11.567530 -0.231429
-10.431544 -0.117438
-10.207944 2.718643
-14.119164 4.761046
-13.539133 7.900657
-15.017359 10.244811
-7.964841 9.948719
-8.915379 9.278712
-10.114402 10.598031
-12.441936 8.689920
-14.422316 8.197669
-12.469301 10.062953
-9.269656 9.105267
-12.700550 8.866603
-11.292816 8.809093
-9.581865 8.855441
-10.415458 8.696486
-11.857069 9.398593
-7.975927 9.093364
-7.257380 7.491845
-9.506608 2.417886
-12.187507 1.180537
-7.802207 7.904691
-7.030526 6.564482
-7.177543 7.395284
-4.789400 0.469204
-10.705742 0.887486
-8.643288 2.580263
-7.538383 7.357080
-7.338806 6.846088
-12.403774 8.928427
-10.557154 9.435822
-8.456465 10.574361
-5.987153 7.256594
-4.918036 6.777605
-7.226115 7.411612
-0.707499 0.950273
-2.069455 2.508667
-8.362248 3.114856
-9.073383 -0.516229
-6.159774 0.820965
-7.579004 6.295138
-2.311301 3.915086
-2.219801 4.051460
-2.120960 4.052618
-7.189498 7.010739
-7.378957 8.321279
-5.792734 6.963950
-5.600622 6.379223
-6.293881 7.169446
-8.521367 8.955350
-7.297795 0.561472
-9.027007 1.104245
-10.328740 -0.216508
-11.563886 3.084876
-14.666619 2.478648
-9.555479 1.387429
-10.672045 3.363825
-8.368424 1.350013
-8.687524 1.102386
-7.956139 -0.629647
-2.642092 0.742556
-3.498307 0.659266
-2.509428 -0.299238
-2.442853 1.995586
-1.625552 3.769922
-1.698827 5.718418
1.754552 5.403236
-3.055647 6.433572
-3.856554 8.429453
-1.829354 8.873190
-4.967327 7.193750
-6.573801 8.420102
-6.285548 7.360654
-5.808095 8.215679
-7.891361 8.781297
-7.946503 9.444624
-13.825243 11.164586
-13.607797 3.895580
-11.988835 -0.215710
-11.343157 2.739813
-8.451338 1.710967
-8.335794 1.614939
-9.926300 3.081660
-11.900147 2.259249
-7.942211 6.745511
-5.635631 8.283131
-7.691918 6.212406
-13.122755 6.226275
-17.118286 4.117748
-8.934019 10.684370
-10.337490 9.160197
-7.490029 9.120937
-7.123143 8.758989
-5.563529 6.827790
-6.401039 6.909249
-5.704589 7.456612
-5.972175 6.899353
-7.440474 6.878611
-7.082221 6.930292
-7.848066 6.980160
-7.229831 7.908899
-7.052780 8.238755
-7.266462 6.725515
-6.410790 7.889537
-7.736560 7.004127
-7.574499 8.531675
-7.141826 7.060602
-7.931215 6.605376
-7.948380 6.160262
-5.152748 7.269964
-9.581007 9.267844
-10.138365 8.556305
-14.792210 13.144552
-14.390512 7.052543
-14.916087 0.518230
-10.785694 3.190556
-10.126260 1.097250
-8.480065 2.660937
-9.141865 3.080615
-8.576014 2.317802
-8.311766 3.302622
-13.779181 9.677677
-15.360086 11.169263
-4.326696 7.538599
-5.413936 6.797175
-6.880777 6.793100
-4.918524 8.943736
-6.393562 6.620901
-3.534579 0.923383
-4.479042 -0.167001
-6.892432 0.927276
-7.126959 0.898423
-7.802595 -3.801114
-5.040870 -2.842627
-8.260927 -2.262636
-8.654139 2.581753
-9.214111 3.478062
-8.236099 3.143266
-3.827948 -0.166603
-4.068290 -0.095579
-4.376566 0.179688
-2.876005 0.713504
-1.387720 3.510957
-2.237042 5.230011
-7.093961 7.177433
-5.151640 6.496259
-7.425912 7.499749
-6.103807 7.246933
-6.830470 6.554433
-15.001599 9.662744
-16.466890 11.170768
-8.598069 1.680204
-8.628770 2.785392
-8.611174 -0.417069
-7.498477 -0.620405
-8.619316 1.328620
-7.701945 0.197809
-10.003668 -1.241612
-8.262033 2.839320
-3.859671 11.388297
-8.050714 8.883353
-6.496825 7.567046
-7.171269 6.357727
-7.568451 7.767627
-8.095738 9.154460
-16.548300 8.480700
-15.065466 9.620149
-6.076498 9.304405
-5.756450 7.397124
-7.512216 7.107617
-5.227099 9.274982
-7.032111 6.901257
-6.033530 7.457551
-1.603511 3.607070
-2.181300 3.583435
-3.030786 1.241602
-3.557072 0.422586
-4.588631 0.369487
-6.591887 0.439296
-6.733761 -1.047076
-3.770597 -1.304377
-0.048076 -0.051958
-2.478247 4.049868
-1.609094 4.772908
-2.035891 6.508298
-2.190338 5.741822
-1.994972 5.716688
-2.343164 2.304642
-1.415668 1.968651
-1.490736 1.821930
-3.234555 -0.609041
-0.773426 0.092865
-1.576891 2.476713
-1.434662 0.814420
-3.263876 0.920793
-6.005122 0.789335
-2.630025 -0.010368
-2.561901 0.884331
-4.717355 -0.604621
-1.837509 -0.508230
-2.296822 2.354035
-1.120023 2.350496
-1.552967 7.468302
-4.224415 8.586310
-5.749382 7.696609
-6.144963 7.102301
-6.141894 6.316786
-5.718126 7.135126
-6.711648 6.841968
-6.987428 8.400111
-5.780065 8.455671
-6.994335 6.674684
-4.976141 7.258838
-4.629592 6.823075
-4.935371 6.432049
-3.295497 7.727726
-1.923393 5.990488
-1.981701 4.356453
-1.868111 6.236663
-3.153091 6.551353
-2.990919 6.337079
-4.068305 6.467367
-2.281928 6.429780
-4.493931 7.173457
-4.211343 7.339960
-5.031246 6.360473
-6.641159 7.138467
-5.383944 7.715147
-6.655253 8.367881
-6.100062 6.836869
-6.710569 6.398469
-6.574813 7.190972
-4.068235 7.506222
-7.474154 7.645621
-4.888626 8.225019
-3.728743 7.772558
-4.660821 8.812632
-7.624080 10.365582
-8.944923 16.794754
