11.881281 19.143400
7.743190 11.856159
5.470206 11.467551
5.755601 8.552923
5.699663 7.745856
3.853195 4.363116
3.071677 5.697739
0.050725 4.899132
-1.416067 6.873490
-2.480453 5.457603
1.374684 4.322791
2.793376 4.789904
2.681769 5.500945
-1.146225 5.258881
0.052104 4.446423
-1.774563 6.629305
-0.868327 6.168024
-1.137001 4.321512
-1.339906 6.923878
-3.617950 7.048397
-0.182837 5.725778
0.272613 5.730701
-0.817068 5.730172
-2.031432 6.790884
-2.099908 9.279018
-2.402262 10.462712
-5.750535 10.156806
-10.681563 11.316914
