9.408066 13.861672
7.649961 10.866888
9.857965 11.151309
9.159216 3.439048
10.325069 3.901329
8.706009 5.383780
7.587846 3.916319
6.595432 3.296692
7.421050 5.384612
5.434973 4.087317
6.908952 5.173052
6.982187 5.411201
4.274679 3.017963
8.629843 5.530132
8.294296 2.823739
8.867714 4.058501
8.369556 5.555720
7.811305 4.919651
9.358768 4.686658
7.479806 3.582222
4.248439 3.767841
7.387813 3.302150
7.179514 3.588897
7.696163 3.245696
10.533980 5.463097
8.759512 4.237877
8.115746 2.584758
7.173607 3.380423
6.509054 2.831423
6.685922 4.542508
7.050602 2.808182
6.355806 5.588624
8.722604 5.027159
7.948249 3.641166
-13.245108 -3.018636
-18.778389 -10.199302
