13.249109 -6.969214
12.731130 -5.147284
13.518959 -1.797013
10.511848 3.422063
8.652871 -0.113759
7.153502 0.200730
4.612666 0.104445
5.292420 -1.045172
5.467612 0.245785
11.031033 2.787891
9.450491 -0.062548
7.798631 -0.067004
6.110236 0.995397
4.491930 3.191524
10.533293 -0.048632
11.982297 -1.141920
10.776735 1.075452
9.767956 2.435741
12.060561 -5.370061
6.793154 -5.441348
6.889603 -7.760597
5.518270 -5.401269
4.798379 -3.805195
3.875009 -3.737216
5.204680 -1.600515
3.859791 -1.519149
4.705157 -1.362392
4.434625 1.926117
4.699013 1.406163
5.782238 2.374283
6.050052 0.152057
7.098097 0.290589
7.527895 -0.100105
7.514443 0.979257
7.997031 -0.154295
6.804019 -0.155912
3.619909 0.334389
4.545776 -1.779877
5.079288 -0.023735
3.956482 -1.445400
5.355350 -1.923838
5.025736 -1.523413
5.488791 -0.457335
3.846999 1.938964
