-10.250518 -19.597652
-10.788939 -10.813479
-7.147345 -8.961655
-8.822067 -8.223812
-6.274201 -8.741113
-6.984685 -5.471758
-6.976145 -5.579182
-6.168108 -8.792672
-6.028946 -5.825887
-2.613869 -2.483220
-1.937700 -2.130232
-1.614209 -2.789025
-3.166314 -1.063183
-3.057844 -0.413393
-3.917830 0.567086
-4.378705 -2.417025
-3.879420 -1.653799
-3.906598 -2.016811
-3.094995 -3.489547
-5.335180 -4.238046
-7.588531 -5.256634
-6.420950 -6.868199
-7.752681 -8.174633
-9.675598 -8.064893
-7.755771 -9.425599
-8.951479 -9.523109
-10.208530 -8.935286
-7.179625 -8.262327
-7.581093 -6.167183
-5.537858 -8.367383
-5.973161 -7.111718
-4.911735 -6.103426
-9.008554 -8.390916
-9.014948 -8.807799
-5.249892 -8.346222
-6.672543 -7.941270
-10.541515 -8.557479
-8.743593 -8.743393
-7.954824 -8.169024
-9.094282 -9.282842
-6.442443 -9.057118
-7.770922 -7.009210
-6.727680 -6.241274
-7.033213 -5.950094
-7.892962 -7.557835
-7.518067 -9.158561
-10.587482 -2.814207
-6.457411 -8.048464
-6.664413 -7.719527
-5.772425 -9.617152
-11.140940 -10.393506
-11.669113 -9.929394
-13.022934 -0.728584
-11.458364 -2.875347
-13.957746 -2.903345
-14.396757 -8.128643
-11.443691 -11.740573
-10.091879 -8.441657
-16.819584 -8.394170
-13.474124 -8.282784
-7.832271 -4.327797
-5.621469 -3.992179
-7.876103 -6.220831
-4.956928 -6.240668
-6.352457 -8.588654
-8.858159 -8.493916
-9.305365 -8.129500
-9.577293 -9.416598
-6.505136 -9.049836
-6.895575 -7.829299
-5.804946 -7.538442
-5.924850 -4.742471
-6.845655 -6.103695
-6.261424 -6.113610
-4.194499 -1.361694
-3.635484 -0.430618
-4.539478 -1.323079
-4.370903 -0.877866
-4.403687 -3.014750
-4.259694 -2.803810
-5.060814 -4.360762
-9.987907 -0.796908
-10.067410 -1.269931
-10.272274 -2.788038
-9.969265 -1.527695
-9.747587 -2.490647
-11.387601 -1.519594
-6.833094 -4.388762
-6.543221 -7.755820
-7.668072 -6.687750
-10.378931 -8.732951
-14.271704 -8.819980
-3.688431 -1.938785
-3.903435 -2.927196
-3.502821 -5.082359
-5.268978 -4.556490
-6.365892 -4.306537
-6.040608 -4.382616
-5.383428 -5.040255
-4.063231 -6.264171
-5.447904 -3.895635
-4.468883 -2.106749
-4.389703 -2.822729
-3.957836 -3.413342
-7.483758 -7.681351
-6.403391 -6.639072
-5.550474 -5.492517
-4.196713 -6.338289
-5.075404 -6.880037
-7.438908 -5.270368
-6.450885 -8.081944
-6.632833 -7.612126
-5.141155 -6.349638
-7.010174 -8.732043
-5.705222 -8.502329
-5.940011 -5.832573
-5.945334 -7.517391
-6.664537 -7.465710
-7.358737 -7.209060
-9.424316 -12.498418
-6.716509 -9.509342
-4.268958 -9.085309
-9.108400 -10.000751
-9.438931 -9.267529
-5.990091 -8.120723
-7.057556 -7.435670
-6.504914 -7.874578
-8.619094 -8.118786
-8.311133 -10.549968
-15.698153 -7.482396
-16.150475 -6.644006
-10.442984 -9.400540
-10.666142 -8.304335
-8.790192 -9.578594
-9.327461 -8.927186
-8.878996 -9.358363
-7.103048 -7.003433
-6.292670 -8.937392
-8.531124 -8.719016
-5.812196 -5.833461
-7.586301 -5.578468
-5.475477 -9.932213
-7.869702 -8.673985
-10.992011 -16.490162
-9.136686 -13.080339
-11.569507 -10.081929
-13.755733 -10.719748
-14.611361 -11.961602
-19.440228 -11.153769
-16.849146 -14.621762
-17.925098 -9.491747
-7.337730 -7.964785
-8.809241 -10.114974
-7.726381 -11.046120
-8.992867 -11.999054
-6.928679 -19.932825
-11.492904 -19.359789
-15.248761 -19.550240
-12.816670 -11.683949
-11.401129 -11.637460
-11.119234 -9.609180
-9.108435 -11.724526
-11.319763 -10.592322
-8.047543 -14.829142
-10.445657 -16.035994
-6.035072 -15.087049
-9.498853 -11.545302
-11.444540 -11.928680
-15.912622 -11.258372
-11.337568 -10.207299
-8.376200 -12.834142
-9.148639 -11.554355
-12.101712 -9.662410
-11.720387 -11.627521
-12.911972 -18.953974
-5.914949 -12.267936
-10.798232 -15.263400
-17.568661 -14.047400
-16.638103 -16.256317
-17.706135 -14.975436
-18.808975 -10.081664
-13.179282 -8.005182
-11.174446 -9.622567
-12.640378 -9.218242
-11.848204 -9.348568
-8.357170 -8.811553
-8.738276 -8.305322
-8.889584 -8.691199
-7.386114 -9.629416
-7.250704 -6.307027
-6.802478 -6.964404
-7.532141 -6.396850
-3.853485 -4.172383
-6.682111 -7.449982
-6.489026 -9.778343
-9.183794 -8.037037
-6.923111 -9.277183
-6.689314 -5.968088
-6.913447 -5.290970
-5.809814 -6.090331
-7.000389 -4.597658
-6.342598 -7.852718
-7.626246 -9.627334
-11.085225 -10.002492
-16.257988 -6.935593
-12.164336 -1.912653
-18.657740 -7.267770
-13.160002 -3.968893
-17.601809 -8.618423
-15.042435 -7.461093
-13.039095 -4.647775
-14.164341 -3.704978
-15.260336 -1.373239
-11.419445 -2.653548
-11.391924 2.381656
-13.398365 -3.484231
-13.659245 -5.186815
-10.183980 -2.432081
-7.870333 -7.613333
-6.859345 -5.024634
-9.749361 -8.191998
-12.895084 -9.985545
-10.617826 -10.043475
-8.448763 -8.098213
-7.265662 -11.144546
-6.544218 -6.740157
-6.285360 -7.299671
-7.056955 -6.160372
-5.221041 -5.538213
-7.130105 -8.589320
-8.170017 -8.194858
-7.726390 -8.690063
-9.960965 -8.655573
-10.719834 -9.707011
-7.110807 -7.975807
-9.768684 -9.221107
-8.701097 -9.257401
-9.715168 -10.027102
-7.888161 -8.462542
-7.245329 -6.462723
-7.369488 -4.805428
-7.116899 -7.306312
-7.729904 -8.273706
-11.758188 -11.644168
-14.290771 -7.317417
-13.096724 -6.598784
-13.139006 -6.200457
-15.437534 -5.281208
-13.910593 -7.241910
-11.136213 -8.017159
-5.696037 -8.113732
-6.993269 -5.451921
-6.066302 -4.320115
-6.691331 -4.991946
-6.680450 -7.988540
-6.742240 -8.194765
-7.285203 -5.326209
-7.874966 -8.977122
-7.503151 -9.918040
-5.917526 -6.607642
-8.153173 -11.734080
-9.573412 -8.713309
-6.180548 -7.680498
-6.324676 -6.310481
-7.712215 -6.488666
-7.045855 -7.041025
-6.458058 -6.746127
-8.544474 -8.847366
-6.636113 -8.323983
-8.589720 -8.282484
-9.856260 -8.441839
-8.283475 -8.778123
-9.551649 -10.863265
-6.467833 -12.213747
-6.330466 -9.093111
-10.373680 -11.101149
-12.350327 -8.879446
-9.515432 -10.554379
-5.626877 -5.506401
-7.322762 -4.577723
-7.558963 -9.282186
-7.431018 -9.321328
-3.723521 -9.088954
-4.943686 -6.827477
-7.028913 -7.579550
-7.341208 -7.665791
-6.710350 -7.908215
-5.509354 -9.153603
-8.813421 -8.301867
-6.989836 -4.556335
-6.674706 -7.645198
-7.538394 -7.951784
-5.916266 -5.005343
-13.128513 -6.327699
-13.071253 -7.834936
-14.152027 -7.572032
-14.815750 -5.180005
-13.233681 -5.518968
-13.587844 -4.811491
-16.123108 -7.531779
-13.610253 -3.281109
-13.094587 -1.424635
-18.868422 -7.406694
-16.729816 -10.119552
-12.354467 -8.424941
-18.816805 -7.152413
-14.298771 -10.098256
-13.034091 -11.248992
-14.635241 -7.451597
-14.329632 -8.837573
-7.016026 -8.521446
-8.550562 -8.233544
-8.324379 -11.056398
-7.059711 -8.195495
-6.182661 -5.050707
-5.421585 -6.226937
-6.529061 -6.871847
-6.796778 -5.798730
-7.405201 -6.875053
-5.650338 -6.658183
-6.496705 -8.757556
-8.780722 -9.253157
-9.226465 -9.976832
-10.714798 -9.755955
-9.591353 -10.856365
-13.858152 -6.023877
-15.134095 -4.645177
-11.959463 0.653046
-11.359468 -1.659597
-9.953595 -1.841093
-11.058876 -2.918207
-11.669797 -1.614229
-14.824530 3.114318
-8.297640 2.314813
-10.608906 2.187828
-9.861454 -0.598534
-11.724406 -2.291798
-12.646566 -1.872399
-16.564348 0.563003
-12.770811 2.652929
-14.887486 6.162488
