17.319901 -7.900446
9.302515 -5.800823
9.080986 -9.562139
5.615291 -9.991940
7.240808 -9.861521
8.584862 -8.848621
9.155008 -6.060738
10.347776 -7.810527
10.769579 -4.189306
5.482972 -1.696718
4.195923 -4.514634
5.466648 -7.293537
7.870175 -10.353339
9.120414 -12.788738
9.049738 -11.799798
9.054223 -16.741972
13.565195 -18.531561
14.969308 -10.444270
14.602358 -9.063269
17.434217 -12.332053
11.244690 -16.821434
7.542077 -13.158114
14.850050 -18.191099
7.787836 -6.805707
3.079802 -10.331688
6.876066 -9.051835
7.271674 -9.145149
8.428301 -10.511930
6.748439 -11.186497
5.246709 -16.033270
7.852158 -9.197957
8.918579 -7.812881
12.942310 -6.955833
11.934890 -7.760359
10.035503 -6.311398
8.542504 -8.286780
8.692085 -7.863702
7.582822 -11.733346
9.247155 -9.372962
9.186089 -10.557822
8.100960 -11.725095
7.683362 -10.824744
7.628363 -11.560372
-4.860756 -7.160894
-6.491485 -4.823919
