12.200796 -15.677418
6.305149 -10.155837
7.732811 -12.033183
12.472974 -15.088305
12.860655 -13.286704
11.826417 -14.785414
10.431004 -14.561286
8.453347 -12.009267
5.384386 -9.192445
6.459536 -8.450788
8.739270 -8.931464
9.840732 -5.889659
12.966617 -7.033931
10.711550 -7.436769
9.735662 -6.769192
9.010674 -8.522431
9.340601 -9.508544
8.830839 -11.118365
8.270564 -12.201638
8.801516 -11.226590
8.813168 -13.759934
8.787239 -7.297731
8.874478 -8.930924
6.445199 -11.663178
8.074582 -10.288987
7.804707 -10.426226
9.204486 -7.533091
8.283517 -7.315391
9.992093 -7.447840
10.897814 -12.852802
12.891054 -15.235056
15.544355 -14.938466
18.143555 -13.157609
13.959539 -13.610770
7.833847 -13.389849
6.277661 -11.820442
11.595461 -14.114933
8.536589 -13.109870
14.096098 -15.045930
15.585929 -11.604505
15.641381 -12.582265
15.107310 -12.261189
15.580809 -16.954922
15.600706 -17.768301
14.890011 -11.536726
