-14.771912 2.067249
-9.839939 1.875900
-8.608666 1.790967
-11.090809 2.156569
-9.792069 -1.196375
-9.621962 1.370534
-9.021872 2.522369
-14.754293 -2.458357
-11.005468 -3.007563
-9.889952 -0.363063
-7.089128 5.984931
-4.804257 7.096119
-6.411933 6.579638
-4.545277 -0.958239
-3.813637 0.744066
-1.803867 0.976648
-2.863812 1.288359
-2.871830 4.577093
-2.512469 5.714193
-0.551506 3.605721
-3.569821 -2.716768
-3.875373 -1.498926
-3.745334 -1.038913
-4.435749 -1.982296
-3.779451 -0.333933
-4.384952 -1.737503
-9.311619 1.173280
-11.592474 0.692734
-10.908221 0.061662
-7.812518 -5.704743
-5.910701 -4.112404
-6.956304 -8.761150
-6.068319 -9.156848
-7.125478 -7.086656
-7.087385 -5.707747
-7.970416 -10.270825
-8.876746 -8.372397
-6.121663 -4.576206
-7.399354 -4.199372
-7.436795 -4.476707
-6.228037 -4.298623
-6.364481 -4.697604
-6.255144 -6.004871
-4.696377 -5.737191
-4.222465 -2.269064
-3.774246 -0.417918
-4.540671 -4.547622
-5.562962 -4.156893
-5.947842 -6.725000
-2.751139 2.279181
-11.018947 1.361833
-9.760777 1.964931
-8.987794 1.849415
-8.609743 4.862515
-8.133764 7.011816
-8.490355 1.177653
-10.695147 5.526046
-10.359916 5.899460
-8.292050 4.086811
-8.876857 1.615490
-10.090739 -0.884063
-10.381199 -1.769920
-11.762618 -10.065224
-10.114262 -9.516774
-10.454597 -8.412036
-7.223499 -4.217043
-6.308166 -4.724576
-5.795884 -4.012859
-4.682061 -3.931463
-4.651095 -5.464558
-4.427446 -2.899392
-2.329105 -0.988726
-3.896008 0.556256
-3.875720 -0.806152
-3.318916 0.793160
-3.940314 0.897184
-3.012062 0.522397
-3.502072 0.686222
-3.128981 0.655042
-3.758744 -0.380928
-2.889009 -0.548551
-3.232636 -3.316008
-4.852910 -7.613526
-4.011052 -7.988187
-8.398829 -8.368669
-9.529675 -8.336189
-7.937246 -8.911693
-7.036317 -6.818268
-5.908777 -4.226298
-5.663795 -5.943471
-7.048418 -7.926459
-5.265781 -9.517397
-6.302376 -6.558987
-6.597397 -5.222806
-7.896466 -7.621898
-6.848560 -8.846490
-5.512744 -6.336237
-6.308700 -8.284012
-8.974010 -8.378114
-9.371172 -8.758423
-18.405731 -9.482373
-17.224541 -12.116341
-16.108444 -7.220171
-12.822369 -9.167929
-9.346597 -10.518793
-9.802359 -12.650345
-7.301531 -5.008999
-7.041221 -5.049457
-6.369281 -6.457294
-9.818058 -2.605746
-7.674887 -4.229872
-4.951018 -5.502357
-4.641345 -6.732328
-4.672053 -6.012423
-3.261729 -5.313881
-3.519011 -4.148776
-5.024978 -5.406650
-5.569001 -9.309188
-5.810362 -8.230523
-6.381918 -6.949368
-7.944180 -8.249255
-6.651668 -7.325626
-7.503930 -5.031848
-7.621691 -6.225564
-6.875675 -5.291334
-6.549946 -6.973964
-5.210458 -6.013955
-4.875681 -6.159242
-7.586555 -6.669054
-11.079237 -11.251501
-10.368941 -8.738006
-10.575771 -8.750108
-1.903570 -1.228890
-4.094510 -2.436641
-7.182352 -4.018379
-13.177183 -2.664906
-10.603058 -1.663309
-10.009855 1.801527
-11.786798 -0.438436
-8.805073 4.020343
-9.167150 5.212472
-8.417051 2.841866
-8.244835 2.303779
-8.923707 2.202081
-11.772779 -1.875072
-12.114193 -0.462330
-10.650992 -2.354305
-18.407486 -2.901848
-13.537052 -5.945498
-13.278801 -4.900960
-17.533409 -0.864578
-12.280796 -1.545264
-12.039114 -2.167288
-10.157988 -1.211150
-11.280809 -1.396862
-15.187820 -1.679335
-12.456814 -10.446422
-14.076851 -5.403001
-12.150698 -9.678330
-6.816348 -9.623700
-6.734590 -6.659927
-5.539867 -9.338470
-8.694112 -8.547856
-12.230669 -8.742476
-7.109096 -8.835469
-5.332701 -10.767793
-8.380466 -8.253672
-6.729835 -8.486548
-7.175742 -6.202767
-6.474771 -3.932932
-7.604354 -5.898468
-7.198464 -6.902646
-2.934904 -3.186229
-3.900732 -0.990419
-4.247955 -0.391770
2.928794 -4.451201
5.462587 -1.330792
3.773608 -2.061895
4.489727 0.149386
4.714077 0.186918
5.407356 -2.796277
4.958275 -3.532262
4.737257 -2.144089
5.466800 -5.035061
4.322753 -5.251706
6.609387 -5.504696
2.791286 -7.217922
4.507394 -5.706357
4.691236 -1.773667
5.457742 0.070957
8.344766 1.323602
8.362707 0.685599
8.018778 1.279558
7.111355 0.928511
5.667857 1.088649
8.340428 -0.032201
10.070786 -0.134603
8.776924 0.364304
11.189650 2.492079
9.431786 2.177758
12.026440 -2.601098
12.062936 -2.432311
10.191975 1.803603
9.115707 0.143268
11.524064 -0.239255
8.544456 0.427292
9.145941 0.498438
5.109555 -0.665967
5.255575 -3.077291
7.280230 -8.255897
6.962251 -12.122532
10.184602 -15.241435
10.964186 -14.239546
7.685154 -13.766376
9.156240 -9.736657
9.527603 -5.934996
9.000209 -7.237484
10.801227 -5.791704
9.404741 -5.695691
8.076617 -6.983282
11.183305 -4.845449
10.617161 -3.919857
10.863836 -6.438786
5.696571 -6.217490
4.772912 -5.699798
4.175776 -2.541216
4.976979 -0.664649
5.234685 -0.946059
4.960046 -0.271495
7.512287 0.088076
13.060223 1.560745
11.522255 -1.411389
10.956371 -3.943371
12.185965 -2.165773
12.433157 -4.281085
15.101382 -7.452312
