-17.753181 -17.372808
-15.752156 -11.761682
-11.525904 -11.708442
-10.522993 -13.866467
-9.546960 -10.582963
-9.181355 -11.951329
-7.979921 -9.400640
-7.931176 -10.823947
-9.363848 -16.111446
-7.334993 -13.690565
-8.656969 -8.578961
-10.411769 -11.299718
-13.184431 -9.918265
-11.281628 -8.304452
-12.203970 -9.823892
-8.684942 -8.209325
-6.724354 -8.354228
-3.494390 -1.573591
-3.437066 0.749107
-2.426540 0.785231
-2.740339 1.950131
-2.816418 2.977014
-1.612247 3.572202
-1.436806 4.469102
1.249515 6.154775
5.770576 9.666731
10.177446 16.070404
