-5.336386 -16.830191
-8.580656 -10.719224
-10.011562 -8.353338
-8.321220 -8.892039
-9.311529 -9.084316
-10.965632 -9.410018
-5.542524 -9.050317
-7.619936 -5.920557
-7.621981 -5.564880
-4.728009 -7.935711
-12.889723 -10.285301
-16.317398 -10.534967
-13.182487 -8.397986
-14.713213 -5.338182
-15.237167 -4.751612
-11.920457 -1.490096
-10.563569 -1.041255
-10.378092 1.012484
-14.856878 -4.360413
-16.394377 -5.013985
-13.420155 -5.081601
-13.482862 -7.729968
-13.912219 -6.599450
-13.822920 -3.887083
-13.052883 -9.462776
-9.400882 -9.622528
-4.759235 -9.983760
-7.106751 -4.998423
-7.117954 -7.814784
-7.508677 -6.486610
-7.770523 -8.096255
-7.989081 -8.454993
-11.172550 -8.101701
-9.454863 -9.726335
-13.203992 -8.816898
-7.801895 -9.179539
-7.814676 -6.316032
-6.801350 -4.112200
-4.626040 -5.303758
-7.211827 -6.965231
-8.123615 -9.968856
-9.422121 -8.704301
-8.966005 -8.874113
-11.755039 -10.048032
-9.438586 -9.751313
-7.432554 -7.655874
-7.847929 -5.969766
-6.416900 -7.210390
-7.678512 -6.864636
-7.820931 -6.737637
-6.707756 -6.624430
-7.871854 -7.866632
-5.228482 -8.706205
-9.446569 -9.464049
-15.963715 -10.119626
-17.231606 -9.230543
-13.240573 -8.767508
-14.191634 -10.856118
-13.182541 -9.222304
-15.550210 -5.596676
-17.444832 -9.478131
-7.504511 -8.515796
-12.013770 -8.804999
-8.611258 -8.452667
-5.828513 -10.229899
-10.436096 -8.684186
-8.589308 -8.630631
-12.576645 -8.566669
-13.545351 -7.752620
-13.150759 -4.519913
-14.193332 -7.056907
-10.758291 -9.917518
-9.135168 -11.686707
-11.002909 -9.051417
-13.978905 -7.979415
-10.230194 -9.959738
-16.494421 -6.212694
-11.942085 -0.512841
-13.817660 -3.933382
-13.520446 -7.460477
-14.314299 -8.508361
-10.594138 -8.408324
-9.553611 -8.710451
-6.322783 -9.029110
-7.404619 -5.489721
-7.575459 -6.588609
-6.972643 -8.676929
-8.676866 -9.551917
-11.216448 -11.516021
-11.666972 -8.770053
-14.247064 -10.277219
-12.962639 -5.458671
-13.588680 0.346758
-10.516821 -1.467780
-10.907475 -2.522213
-10.252238 -1.155573
-14.724071 -0.589149
-18.203182 -0.151640
