10.900852 11.169565
9.901669 5.311620
10.568386 1.250308
9.792545 1.080085
9.044222 0.002571
7.769387 -0.097808
7.755188 0.869551
6.631142 -0.150445
10.684852 0.302877
16.262957 -4.263426
13.700990 -4.227495
9.790121 -7.365674
6.329151 -5.922659
7.819637 -6.337603
6.082547 -5.470833
4.310609 -6.051692
4.127147 -5.601455
2.804116 -6.521610
5.161427 -4.516677
3.762126 -3.226099
5.316242 -1.228308
5.235933 -0.974727
5.194959 -1.423234
4.771489 -1.566491
3.981779 -5.462392
7.463744 -6.465951
10.204460 -5.442767
