2.134100 -12.130476
-0.800347 -8.735099
-2.488069 -7.963949
-3.630984 -7.851157
-5.053658 -7.040285
-5.589622 -5.424920
-7.516214 -3.959085
-7.661178 -6.368466
-6.095352 -7.528802
-7.808722 -7.684080
-7.606150 -7.834048
-10.519184 -13.939061
-11.482517 -9.138536
-12.220369 -8.644062
-10.967314 -9.582819
-8.027423 -9.296360
-5.927090 -7.564723
-4.249075 -9.212404
-7.900437 -6.715666
-5.923651 -7.675103
-8.937685 -9.877331
-11.922060 -8.860499
-14.282551 -11.236322
-15.487675 -10.619490
-14.937881 -10.028717
-12.836211 -8.793913
-13.397996 -10.486299
-13.816893 -7.078305
-15.671577 -8.136964
-10.193272 -8.290307
-8.616607 -9.256133
-6.394044 -7.327438
-9.450867 -9.624589
-6.210222 -6.396615
-4.305264 -5.534227
-7.807138 -7.920668
-7.209651 -5.430352
-6.022120 -3.906339
-6.720886 -7.924350
-7.260310 -4.706371
-6.168193 -4.332033
-7.562106 -6.870813
-6.845417 -7.432133
-8.515974 -8.554499
-7.712313 -8.257844
-9.273321 -9.357493
-5.530684 -9.089030
-12.762113 -2.689657
-12.749120 1.439011
-11.484930 0.143150
-11.154205 0.330994
-9.796873 0.811364
-9.690083 1.768123
-10.323349 -1.085235
-7.538013 -6.849436
-5.640893 -7.551077
-5.522158 -6.453004
-6.108500 -8.318886
-2.662938 -6.250034
-3.276222 -6.288514
-10.614244 -1.410131
-3.524683 0.317118
-2.720615 0.429252
-2.555638 -0.297924
-3.625358 0.276030
-4.440851 -1.997671
-4.136229 -1.238837
-4.419183 -0.196164
-3.861432 -2.600077
-4.448625 -3.577485
-4.225238 -3.487744
-5.828540 -4.236297
-5.756555 -5.036689
-5.549184 -4.009933
-5.171712 -3.939104
-5.191697 -5.110546
-2.413434 -3.612716
-4.095336 -2.252928
-4.052832 -3.313396
-4.209938 -4.749314
-6.927068 -4.246507
-14.025835 -0.725460
-13.123269 -3.569942
-18.318401 -4.432488
-12.125854 -1.371612
-14.215132 -1.239802
-13.690392 -4.847487
-14.518637 -1.043841
-10.351271 -0.567793
-9.973765 -1.163379
-11.112020 -1.741043
-12.025629 -2.754165
-14.559523 -0.600162
-15.694182 -4.744012
-17.103254 -4.926317
-14.059506 -4.706733
-13.187096 -5.450544
-16.549721 -10.532294
-12.315330 -9.002633
-8.908007 -9.989552
-4.889605 -6.654723
-7.151681 -7.642840
-6.526674 -9.516744
-7.352259 -10.475285
-11.386889 -11.241336
-10.599340 -9.660234
-8.782774 -8.916875
-8.319317 -9.411662
-8.185463 -9.645719
-9.507692 -8.324553
-11.816248 -9.775651
-5.650898 -9.147428
-6.352623 -7.206419
-7.285793 -6.630683
-14.030911 -7.360871
-13.419877 -7.176360
-7.234591 -7.640031
-5.558920 -11.097364
-11.518977 -9.609731
-10.033745 -9.236219
-12.909792 -5.730889
-13.110849 -4.842184
-10.658129 -2.324732
-6.268811 -4.095649
-3.472900 -3.998291
-5.236086 -8.278053
-5.981236 -8.980792
-6.559449 -6.047642
-5.450035 -6.935516
-6.523721 -7.926682
-7.652351 -4.141123
-16.199602 -6.687549
-15.031015 -6.553833
-13.452127 -7.222435
-8.972036 -8.672465
-11.379850 -9.183761
-8.547115 -10.012134
-6.130356 -4.022216
-7.274122 -8.108042
-7.137990 -5.048977
-5.727892 -4.522748
-6.220516 -4.147235
-7.040245 -4.080118
-9.911079 -2.996812
-11.500967 -2.810241
-9.153965 2.941439
-10.210291 4.291147
-9.663392 2.077964
-10.562584 0.100247
-10.880802 0.613109
-8.261990 1.635472
-10.510534 6.405297
-5.199200 7.601587
-6.061444 6.053178
-4.575783 -5.426769
-7.564191 -5.968886
-6.888654 -5.054032
-7.109332 -6.672334
-16.970066 -7.377809
-13.949354 -7.028091
-12.205335 -8.073703
-11.480633 -11.754435
-9.281790 -9.023062
-7.332149 -7.610041
-6.301375 -4.134802
-6.711037 -6.327363
-7.821920 -8.808661
-7.653514 -9.745296
-10.509253 -8.254113
-10.399958 -9.068642
-8.493200 -10.457864
-6.157165 -7.850330
-7.123549 -6.005014
-7.896404 -6.302509
-12.448149 -2.940945
-9.813068 -0.165120
-14.607076 -0.088840
-10.430128 -9.059796
-8.450315 -8.188285
-6.829878 -5.178539
-6.712870 -5.948932
-7.318494 -5.713015
-5.114297 -5.477453
-3.771129 -7.101846
-7.888648 -5.251028
-7.686536 -4.453070
-7.166366 -8.350238
-8.199036 -8.239165
-4.297615 -6.588377
-5.702475 -4.730033
-6.072960 -8.084686
-7.772206 -8.338338
-14.774567 -6.065802
-6.044381 -5.695972
-7.400449 -7.654721
-8.650670 -8.412854
-6.891830 -7.935855
-7.391134 -5.279646
-6.434439 -7.306176
-12.381175 -9.008103
-14.740998 -9.281588
-9.562881 -9.812793
-12.112737 -10.079813
-15.138233 -10.065045
-13.247709 -5.033689
-8.534822 -8.299665
-10.782236 -9.975787
-15.196015 -6.229373
-14.100069 -8.797969
-14.354761 -5.160066
-6.673717 -5.185215
-8.409618 2.483209
-8.349756 1.837358
-1.834998 1.936107
-1.614654 0.098748
-0.660889 3.356096
-1.380888 2.092424
-4.070139 0.898166
-4.105849 0.589316
-3.399683 -0.003111
-8.404901 4.662662
-9.662453 5.214010
-10.444006 -1.006805
-10.944480 -2.654146
-11.596568 -2.204834
-10.944514 -0.397404
-10.853786 -0.915990
-13.135525 -3.015829
-13.049175 -6.287415
-13.750723 -8.134578
-11.552002 -9.315019
-10.884995 -9.151524
-5.933575 -8.257811
-7.776204 -6.439695
-6.343643 -5.957850
-4.209491 -3.732468
-6.023300 -5.352615
-6.871557 -7.107272
-7.085981 -6.321068
-6.739472 -6.275321
-8.508115 -9.056930
-9.720548 -8.302058
-9.651040 -9.134184
-8.976074 -8.577147
-6.629406 -10.530218
-6.253534 -8.494262
-10.962696 -10.266749
-18.641922 -5.675413
-13.517879 -4.344221
-13.849224 -6.327528
-11.266773 -11.086410
-7.704091 -9.391114
-10.032995 -9.011568
-12.509010 -10.135185
-10.551420 -11.000789
-10.359407 -8.313132
-8.623274 -8.706622
-8.474428 -11.120986
-11.045599 -9.029063
-7.568954 -8.355021
-6.535357 -5.905715
-6.406666 -6.794629
-6.538967 -4.577572
-5.559494 -5.046200
-5.354934 -4.076848
-5.070219 -4.569539
-2.409701 -1.254892
-3.852506 -3.512997
-3.768208 -2.372275
-4.060211 -2.489220
-3.825656 -3.519483
-3.915994 -0.679440
-4.033875 -0.053897
-4.094031 -0.993507
-3.469007 -2.086041
-4.110336 -2.314498
-4.062965 -1.253956
-6.203136 -4.622780
-5.245475 -5.867588
-5.081629 -5.532569
-5.636758 -6.706986
-5.749387 -5.417250
-6.322850 -4.598413
-5.869019 -5.446590
-5.519780 -5.277951
-6.596683 -6.927675
-6.179932 -3.974868
-6.651429 -6.247007
-7.345821 -6.752203
-7.531756 -7.721352
-5.858474 -7.133554
-6.272778 -8.939758
-5.927203 -6.785332
-6.793577 -4.843073
-5.745010 -3.989026
-6.722357 -6.176750
-6.910623 -6.647481
-6.810541 -7.595497
-5.605369 -4.746134
-5.263769 -6.433566
-7.414381 -5.621957
-7.364500 -4.344172
-5.551558 -5.191844
-4.732343 -4.069199
-5.356231 -4.481320
-5.740882 -4.834947
-4.025129 -2.128473
-4.089540 -2.839243
-3.745418 -2.102441
-4.009220 -1.282389
-4.451383 -2.522412
-2.780284 -2.659516
-6.141857 -5.797205
-6.777303 -7.690161
-8.978016 -8.955616
-10.961514 -8.203452
-11.502679 -9.515850
-4.235065 -2.651885
-3.843434 -3.313465
-3.881563 -2.023129
-7.722195 -6.279645
-7.721964 -6.143141
-7.717777 -7.633369
-7.660620 -7.500156
-5.897915 -4.182099
-6.676201 -4.911695
-6.512501 -6.480845
-9.383451 -12.983072
-15.043228 -7.376304
-15.765282 -9.166814
-11.482656 -9.008224
-13.701208 -7.600564
-12.920846 -5.060021
-10.708790 -0.094563
-10.543460 0.131917
-9.657781 -0.158350
-12.947117 0.789107
-9.695859 0.607100
-10.961266 -0.891091
-10.484224 -2.602457
-11.111245 0.123988
