-3.494063 -11.510149
-7.108059 -8.670005
-10.084561 -9.811948
-8.150031 -8.305577
-5.644717 -8.002728
-6.037304 -7.566195
-8.251740 -9.010899
-6.797241 -7.768975
-7.766414 -5.767660
-7.505095 -6.813707
-8.852552 -11.191965
-10.335972 -8.513106
-10.727726 -9.038665
-10.714054 -8.768246
-10.380648 -8.061615
-11.800453 -8.247014
-14.513142 -8.431960
-9.393431 -10.180882
-10.464539 -9.485957
-7.624511 -9.852056
-7.012579 -4.395226
-7.723558 -6.935199
-7.218683 -5.828828
-7.698952 -5.880008
-6.108422 -6.435262
-7.353988 -4.614223
-7.449991 -6.904815
-7.743129 -6.097678
-5.855546 -5.073670
-3.530571 -5.479642
-2.822596 -4.780640
-4.088270 -4.767970
-5.410841 -6.881424
-7.231037 -8.218697
-5.743191 -6.774169
-6.301017 -5.631325
-3.265363 -2.911855
-4.081126 -2.455422
-4.225328 -0.573467
-3.514395 -0.616949
-2.234724 2.230207
-2.682272 3.778208
-0.788669 0.160984
0.135478 0.069642
-2.960893 -0.784784
-4.519917 0.721037
-9.993696 0.233429
-10.338391 2.361615
-9.234192 2.358383
-9.570505 5.917458
-8.670873 2.260209
-11.420724 -0.082241
-11.479944 2.325282
-11.348388 2.284395
-11.132095 -0.856050
-11.165022 -2.390866
-12.207303 -0.255098
-13.361614 -4.836184
-13.467075 -5.508250
-11.596884 -8.376248
-9.049459 -8.964309
-7.789567 -7.915517
-6.488288 -5.006072
-3.982120 -4.362535
-4.802451 -8.773324
-7.563859 -7.040184
-5.166744 -7.976998
-7.995342 -9.909795
-8.599356 -9.841951
-9.294273 -10.533890
-14.794592 -11.633613
-11.073916 -10.371739
-11.018997 -9.857965
-6.612192 -8.373416
-7.759379 -6.876558
-4.806849 -5.529734
-6.371022 -6.720345
-7.126571 -5.215917
-6.359829 -7.621445
-7.375178 -4.730114
-7.502885 -8.360808
-11.807179 -8.836610
-13.432552 -9.205882
-14.638889 -5.780203
-15.417828 -6.053203
-12.781824 -10.023835
-10.226862 -9.217350
-11.689445 -8.508679
-7.909818 -9.881643
-6.468251 -7.333228
-6.713445 -5.508627
-6.117757 -8.180501
-6.652338 -9.704675
-8.358627 -8.830100
-5.966531 -7.001900
-4.599502 -4.715250
-1.905773 -0.427754
-3.858701 -2.723817
-2.386258 -2.992099
-6.610684 -5.483410
-5.931358 -8.527825
-5.311376 -5.371583
-3.601135 -3.870327
-4.395496 0.022847
-8.716937 2.984811
-10.725154 0.346550
-10.291495 -0.972216
-9.994797 -2.541274
-10.820677 -2.412276
-10.709511 -2.126737
-10.869770 -8.927028
-8.044048 -8.337131
-10.108193 -9.928635
-7.457376 -6.248323
-7.462690 -8.645633
-6.351457 -5.083070
-6.297647 -4.166999
-7.230682 -8.082967
-3.310141 -3.491756
-6.381019 -8.122540
-6.126752 -6.216714
-7.823065 -9.278528
-7.009142 -9.457890
-6.933048 -8.052113
-7.275217 -7.183115
-4.403913 -4.198457
-3.377464 -4.588816
-4.197259 -2.313578
-3.100275 -1.793619
-3.319263 -1.335309
-3.696398 -1.799576
-3.950534 -4.051684
-5.350332 -5.058514
-7.000122 -4.463901
-10.280208 -2.828338
-10.246821 -1.765180
-10.461710 -1.221555
-12.773398 1.504488
-13.430984 0.247220
-13.374788 -2.980754
-13.708372 -4.358642
-7.677693 -5.920524
-7.051516 -6.850668
-7.027872 -7.460357
-5.443115 -8.189810
-6.559252 -9.601529
-7.203596 -8.659385
-11.066544 -9.139400
-5.084236 -8.324417
-6.418169 -8.418342
-6.122488 -4.437633
-6.409534 -5.631590
-5.853150 -5.169765
-6.894955 -6.782428
-6.911565 -6.829768
-7.204343 -5.017815
-6.361066 -6.719995
-6.180857 -6.560371
-5.229398 -6.256062
-7.698719 -6.394392
-7.518528 -9.202340
-8.887576 -8.276890
-7.283257 -9.515084
-6.964771 -6.484870
-6.213664 -9.639381
-10.697468 -8.398182
-10.212016 -8.226699
-9.849001 -9.966667
-8.949615 -8.553849
-7.909727 -8.635394
-7.404976 -7.361135
-7.633630 -10.533423
-6.160451 -8.098056
-8.167717 -10.295285
-11.712870 -8.413648
-10.238806 -10.823860
-13.510583 -6.341886
-14.531088 -8.361086
-11.785231 -8.326219
-8.828318 -8.370367
-5.417099 -7.950831
-6.991240 -7.252841
-11.534487 -12.169614
-9.394533 -8.175828
-13.608063 -5.465706
-10.046124 -1.916804
-11.325335 -1.838718
-10.950421 -2.739413
-6.701793 -4.913429
-13.779256 -5.536385
-14.751575 -8.864749
-11.742371 -9.394788
-10.185252 -8.147444
-7.098801 -6.805590
-7.091764 -6.435861
-10.086437 -8.235718
-8.508503 -8.940788
-7.326874 -8.793223
-8.732687 -9.517835
-7.132122 -8.383347
-8.864040 -8.282124
-10.831755 -9.020331
-11.103254 -10.312559
-11.581928 -10.783116
-12.587761 -10.965041
-13.457390 -9.869441
-6.770767 -9.773565
-6.149947 -5.830371
-7.772164 -4.951519
-7.878530 -6.415415
-6.217057 -8.124779
-7.267985 -8.744514
-9.576897 -8.594098
-14.821044 -9.326811
-9.823660 -8.527600
-8.670210 -8.673206
-6.807210 -7.606416
-7.630280 -6.668019
-6.533726 -6.107746
-6.471211 -8.495172
-7.683902 -5.527667
-7.068042 -6.170242
-6.729817 -8.248708
-9.146120 -8.033254
-10.445539 -8.980394
-14.360156 -7.989205
-14.393015 -6.526220
-13.677929 -7.589799
-15.357381 -10.815579
-17.892742 -9.658424
-8.704339 -8.071977
-10.982420 -8.193421
-9.469499 -9.404303
-7.921829 -9.947147
-7.670591 -7.272970
-6.773926 -6.031300
-7.776612 -7.533180
-6.686690 -4.846982
-12.807402 -8.603583
-9.135820 -10.020325
-10.072603 -8.819601
-12.203274 -9.158492
-12.427359 -9.804925
-14.694458 -9.729242
-15.948235 -11.744622
-13.204325 -8.807487
-8.964895 -8.102552
-7.671789 -8.053737
-7.438082 -6.657990
-6.463963 -7.093965
-7.865214 -6.456098
-7.214740 -7.239628
-7.714858 -6.519992
-6.019576 -9.251693
-8.323858 -9.394700
-8.474001 -8.340917
-9.071420 -8.054078
-5.679620 -7.235483
-6.524600 -7.789692
-4.293415 -4.766201
-10.145702 -1.990391
-11.145620 -2.036368
-12.603870 -0.557483
-11.185349 -2.704139
-10.095207 3.282840
-13.116763 4.974302
-12.056981 8.855113
-13.942228 16.870806
