15.290918 -18.137190
10.788706 -5.172071
11.496506 2.457550
10.302264 2.827410
8.671287 2.271592
7.792685 0.431114
9.424404 1.233325
8.774277 6.202680
9.819519 4.276256
9.281326 4.844350
8.372459 7.394503
8.961429 3.509761
11.847027 3.292078
13.801637 1.722422
11.526355 3.196659
13.831478 2.590527
12.936130 2.659884
12.515327 0.755446
9.434548 3.937446
8.904822 5.855053
9.502201 6.776437
8.686354 9.878675
11.006281 9.765293
12.219627 9.103449
12.543457 9.063539
16.762175 10.588460
15.769083 6.298420
15.278592 6.221623
18.395254 6.210696
14.753865 1.734175
13.604918 0.537250
12.227607 2.450612
14.857327 2.879004
12.755173 2.768368
11.681145 2.800221
11.507230 2.449160
13.999613 0.425661
14.780020 2.307995
16.472858 8.201056
16.009663 4.089242
17.253668 7.627167
19.611183 5.432339
15.331778 4.268406
16.557079 4.932474
15.437356 4.562888
13.989729 1.305727
10.299097 1.108813
8.199892 7.070995
7.705118 5.353623
9.199845 7.934511
9.701871 6.327038
9.834270 5.029364
7.799725 5.592412
10.989896 2.461658
12.113058 0.827931
13.009023 3.631042
10.649004 3.450508
10.244269 1.355090
14.299601 3.642614
14.390665 3.684356
9.419270 3.343285
11.194395 1.516480
10.731466 3.152231
8.733059 4.170755
12.303598 1.864122
13.004895 2.375581
12.844622 2.949759
13.185007 3.737485
13.929456 0.565474
15.709597 2.231996
15.422686 6.158650
16.609831 5.380260
14.952530 7.002402
15.709393 6.569729
14.169596 1.963624
13.863957 2.869976
10.675568 9.329707
10.686020 8.951142
12.429098 9.039351
13.155395 10.154531
13.678135 9.513083
15.167302 10.524765
16.955824 6.554521
12.522706 2.149200
11.456800 1.915029
8.142660 5.504810
8.621962 3.880095
9.574599 4.559618
9.059461 3.060466
8.516287 3.446649
9.027549 3.979046
5.902763 5.510592
6.559184 7.887754
12.287292 10.231772
11.177857 10.988208
8.399639 7.904779
13.841887 12.326394
16.043999 8.832352
11.798841 9.407755
13.843966 11.554538
9.314993 10.083144
9.657784 5.864646
9.639858 6.441547
6.261607 2.507984
8.645626 2.534972
9.252445 3.171463
9.387901 8.625377
9.362031 6.524840
8.841132 5.612621
9.795033 5.874173
9.629858 7.778104
8.917957 3.446373
8.327724 8.760330
7.872110 7.265696
8.728601 6.348976
7.574282 4.627789
9.750399 3.115361
11.521891 3.192292
10.776873 3.689077
9.010197 2.454293
7.973070 5.157825
8.171692 5.847220
