-11.685823 -8.819665
-8.300263 -9.120818
-5.194880 -6.920943
-6.382051 -5.603905
-7.256679 -5.249242
-7.117612 -4.236122
-7.341600 -6.082199
-6.152046 -5.308341
-2.923157 -3.165419
-4.309880 -0.100447
-4.584971 -0.583075
-3.503432 -3.135659
-2.446957 -1.977894
-4.363186 -1.644055
-3.214714 -3.401285
-5.362814 -5.029169
-5.431919 -6.205909
-7.326241 -6.534160
-7.254713 -7.655738
-9.215796 -8.746116
-11.726744 -8.839696
-13.874189 -8.239690
-7.172324 -10.264184
-6.488338 -9.180382
-7.514980 -7.549240
-6.737234 -6.904403
-7.540778 -7.003711
-6.840729 -7.572389
-6.250003 -4.311711
-6.319582 -6.157655
-7.069466 -5.070713
-6.023407 -5.203413
-7.289515 -8.727857
-9.628543 -8.551405
-6.377749 -10.634288
-7.413550 -9.564647
-8.695620 -9.731997
-10.068300 -9.673516
-12.538687 -9.254035
-12.141052 -8.351353
-11.613317 -8.798667
-14.362572 -12.243331
-13.011860 -5.704653
-16.010670 -4.777297
-13.827518 -0.944974
-14.194250 -6.485953
-12.019676 -0.639113
-11.666976 -2.369117
-11.610416 -2.789028
-9.952648 0.232263
-12.611261 -0.146375
-11.904737 -0.596269
-7.486143 1.230980
-6.706683 3.374073
-8.860082 3.009697
-7.950568 1.798608
-10.851650 -2.795606
-12.579588 0.697687
-10.901653 -0.969206
-9.599442 1.192294
-7.225624 4.731443
-8.583118 1.720883
-4.375679 -1.244888
-6.470212 -5.454318
-5.630950 -5.625101
-7.690972 -4.629857
-6.968799 -4.626597
-10.845140 -2.946722
-11.304476 1.144438
-12.900955 0.708630
-11.216093 1.128582
-9.932693 2.635454
-7.160273 2.200577
-7.312872 3.961733
-5.691928 2.270420
-6.188525 2.362789
-8.039437 1.224808
-5.469929 1.466251
-4.247560 -0.998807
-2.843034 -1.199837
-2.403784 -3.101570
-6.914745 -5.616865
-7.092067 -7.283895
-7.255717 -6.428334
-7.619159 -4.409258
-7.522078 -4.523713
-7.558065 -6.544786
-7.266502 -6.346954
-6.708598 -7.086560
-5.817190 -8.680595
-10.048735 -8.841716
-11.445488 -9.167943
-9.371614 -8.211479
-8.558785 -8.918101
-8.409700 -10.295133
-7.117995 -5.527387
-13.543295 -5.776731
-9.943392 -10.727889
-14.424175 -9.180975
-15.239538 -5.327959
-10.074279 -2.662272
-11.346592 -2.404867
-10.020088 2.558912
-8.141032 2.289648
-8.761546 2.100795
-11.881014 0.625921
-10.246656 1.692089
-10.808949 2.701829
-9.884553 -2.588628
-13.075529 2.387175
-8.061864 1.485972
-4.868647 1.364876
-3.645001 0.654265
-3.938068 -2.726192
-4.078179 -5.684742
-6.182757 -5.244713
-5.955012 -5.560999
-7.117445 -6.715156
-5.997984 -7.773832
-6.358348 -8.213826
-8.670304 -8.015374
-9.895085 -8.427670
-10.003153 -10.418697
-9.360196 -8.659357
-8.029097 -8.720969
-7.805655 -7.793059
-7.712028 -5.656224
-7.078132 -4.277716
-4.754328 -6.013242
-4.320839 -0.467010
-3.794351 0.001431
-4.454541 -0.575542
-3.661515 -1.320428
-3.944566 -2.156250
-4.209396 -2.775901
-3.921904 0.728570
-4.466432 -0.366829
-3.736201 1.666567
-7.561631 1.165078
-4.432738 -0.844793
-3.895490 -3.115412
-4.488071 -2.519184
-4.338348 -1.499195
-3.155540 -3.862059
-4.703006 -4.443973
-4.228265 -2.476030
-4.265198 -1.132748
-3.287550 -2.786540
-2.886883 -1.960258
-4.191669 -0.769454
-3.772097 -1.115700
-2.674314 -0.716457
-5.485051 -6.357559
-5.805136 -5.647321
-7.837196 -4.374471
-7.008028 -4.238163
-6.955867 -5.646703
-6.704435 -8.310796
-9.069780 -8.233630
-8.653996 -8.392756
-13.650780 -8.839162
-13.457701 -6.893172
-14.771843 -6.122780
-11.114964 -9.918770
-11.426001 -9.403440
-11.393450 -8.448207
-6.714999 -7.363076
-6.219459 -6.433912
-6.704974 -7.702083
-4.318760 -4.806824
-3.850170 1.236271
-6.528112 4.376117
-6.011503 3.794405
-10.004678 3.028790
-11.462673 3.355865
-10.010103 1.601358
-10.258976 -2.406051
-9.495818 2.123219
-13.891462 1.227355
-10.300317 -1.199283
-9.409706 -8.289978
-12.504985 -8.523856
-12.917937 -7.036123
-9.136192 -9.189691
-11.928537 -8.019582
-11.719290 -9.368014
-6.150714 -8.684089
-7.608274 -6.912298
-5.369308 -7.743091
-7.157994 -4.738870
-12.452047 -2.275765
-13.729107 -0.297930
-15.281610 -3.143163
-9.723673 -0.661480
-12.313891 1.519181
-10.384699 0.138435
-6.315073 4.016421
-6.684322 3.045395
-4.044592 1.641826
-3.524386 0.340389
-4.374807 1.741245
-7.087084 1.324138
-8.229517 2.325833
-6.519814 1.411893
-5.109898 -5.218392
-7.265553 -6.002272
-6.997982 -4.942033
-7.374725 -4.588820
-11.288345 -1.813530
-12.573792 -0.941307
-10.400373 -0.951179
-15.249241 -1.652409
-11.535789 -1.852036
-11.778180 -1.315701
-10.161305 -2.033770
-13.363626 -1.552207
-14.191111 -5.849522
-17.634434 -8.905730
-14.538648 -9.367473
-10.104257 -8.758613
-6.658613 -7.659571
-5.977933 -6.850676
-5.270847 -4.126220
-6.349061 -5.969797
-3.984869 -3.646622
-6.338292 -6.185146
-7.694174 -3.926031
-7.737519 -5.377407
-6.933120 -5.890573
-9.738011 -9.992818
-10.195251 -8.129451
-12.685927 -2.745553
-6.066006 -5.571084
-5.631283 -4.409201
-4.063372 -5.547042
-3.961021 -1.510226
-11.195161 -2.330081
-13.526624 -1.460149
-13.271612 -2.249080
-9.982471 -2.572382
-11.645233 -1.433432
-13.649575 -1.489073
-13.955175 0.032884
-10.339124 1.988208
-7.234292 -4.453205
-7.291461 -5.349674
-7.045301 -4.562714
-6.630942 -6.735353
-6.062042 -6.378046
-4.449687 -10.279492
-5.719533 -10.107954
-6.902743 -8.949470
-10.518844 -9.460399
-7.907293 -8.165263
-12.950867 -7.130673
-14.755453 -5.520966
-12.764031 -9.185628
-8.698441 -8.233706
-11.915264 -10.973271
-10.385699 -8.588847
-7.479628 -8.098516
-9.900680 -8.557769
-11.452377 -8.826618
-7.290761 -6.045528
-7.755127 -4.523538
-6.096316 -3.922637
-3.647459 -4.297043
-3.256889 -3.058842
-10.368341 -2.606777
-9.320662 -9.136106
-9.079067 -11.846178
-14.919485 -9.337026
-13.384774 -2.505567
-11.777441 -8.204186
-15.914742 -6.907903
-13.009895 -5.839719
-11.313751 -10.877062
-12.196415 -12.408229
-11.956522 -8.014642
-7.138462 -9.190021
-7.831411 -5.369313
-7.517528 -9.309545
-12.126025 -8.320935
-9.173611 -8.356593
-7.386029 -7.750124
-7.958138 -8.711093
-10.445503 -8.730277
-9.808542 -2.259399
-9.635044 -0.380046
-9.937383 -0.763521
-10.336904 2.009937
-9.093518 2.639614
-8.674419 3.436957
-6.555649 2.417266
-7.713163 1.799445
-5.703677 2.308357
-5.987058 2.406282
-5.822021 1.339785
-3.066239 -0.023892
-3.117090 -2.544738
-4.365531 -0.124488
-4.382167 -1.300367
-4.470521 -0.455151
-5.378992 1.497583
-6.633391 1.690406
-6.173267 2.172145
-5.070913 1.311506
-4.464478 -1.744852
-7.525974 -4.524662
-2.314149 0.469680
-2.648838 -1.579627
-10.785021 -0.890221
-9.746881 -1.241404
-9.782259 -1.555905
-11.069258 0.637473
-9.646910 -2.422041
-10.785057 -0.007903
-11.376176 2.812317
-10.481050 -0.211296
-13.006763 -4.849056
-10.324901 -2.095945
-9.646779 -2.312086
-13.821703 -4.946849
-13.113652 -6.320389
-7.437159 -4.812054
-9.158569 -8.428887
-6.508444 -6.391749
-6.665780 -4.598763
-6.761049 -8.296971
-8.480138 -9.749770
-7.372084 -7.152790
-6.114413 -8.624290
-8.591854 -8.337660
-9.476213 -8.166307
-14.356358 -7.571187
-13.129535 -6.207865
-14.241635 -3.131458
-10.320873 -2.530057
-10.600336 -0.649617
-9.003742 2.210818
-6.939421 1.992571
-4.878582 1.314650
-6.821292 1.994842
-5.596121 1.170371
-7.043505 1.533494
-4.336648 0.168131
-2.303319 -0.992862
-2.602381 -0.665801
-2.965475 1.196497
-4.262814 -1.445291
-3.946009 -3.465907
-5.699594 -4.983171
-4.974853 -4.286601
-7.614248 -5.148139
-7.295679 -4.787337
-6.094129 -5.304089
-7.310048 -8.377288
-7.778048 -5.671872
-7.056167 -5.551847
-7.406128 -6.025191
-5.176799 -4.647822
-7.813663 -4.398866
-7.040522 -4.218147
-7.285829 -4.394002
-5.461895 -5.876194
-2.205075 -2.550041
-3.126885 -1.635871
-2.775690 0.423268
-4.462450 -1.218912
-4.123945 0.835100
-4.691396 1.563570
-4.655537 2.576750
-6.045767 2.171478
-8.377824 3.146973
-9.878803 0.758639
-11.333014 2.771249
-10.592295 0.834790
-11.869648 -0.715007
-9.098519 3.371249
-9.225060 1.141158
-11.058869 2.887720
-9.644546 -0.125749
-10.432925 -0.874893
-9.832312 -2.198056
-11.925865 -0.058604
-13.524956 -2.959270
-12.860109 -1.587416
-11.279985 -1.911930
-11.033141 -0.806235
-10.241587 -0.239916
-10.964453 -1.163466
-14.755623 2.451389
-11.715792 3.425719
-11.160646 3.391591
-8.113272 2.059532
-4.543277 5.181399
-7.497359 7.808467
-5.022862 10.060910
-8.495687 8.613705
-7.500003 9.418563
-8.949207 8.550793
-8.583604 8.834750
-7.351784 10.092779
-6.324125 7.457593
-8.102712 11.288177
-7.417777 7.201787
-7.844085 5.814915
-6.676973 9.018661
-7.581649 7.349244
-6.905371 10.122595
-4.553177 9.580747
-3.378206 5.896810
-7.931963 6.885116
-7.631866 7.880790
-6.939193 9.125704
-8.602864 8.871877
-12.362139 9.921379
-7.500798 5.436518
-5.048783 4.606712
-6.658072 4.080542
-6.849634 6.061670
-6.140026 8.349182
-6.524486 5.542860
-7.951874 7.599171
-7.517180 7.237889
-7.286274 9.282755
-11.901691 10.543787
-13.154567 7.255735
-13.581537 6.546007
-7.098674 10.467220
-6.227927 5.773566
-11.126150 10.984258
-11.578512 9.874606
-16.641430 8.988331
-16.757172 10.232409
-11.576448 2.622055
-7.346496 2.542544
-7.605106 4.672284
-6.378182 4.324854
-7.845537 5.174120
-6.150931 5.254034
-6.416686 3.173758
-10.588605 2.974119
-13.417681 1.424852
-14.467160 2.724874
-15.611128 7.282299
-13.065635 5.774247
-14.172733 8.445314
-17.444918 6.326813
-13.687479 5.047730
-16.244476 8.794403
-12.222648 9.264767
-4.473354 8.108215
-3.918179 7.312683
-7.876019 4.548555
-5.029055 6.905684
-4.228061 9.166916
