-10.900549 14.537488
-10.743525 13.363663
-6.957036 7.650953
-6.917114 6.607715
-8.097372 1.458276
-9.282181 3.188014
-10.149829 -0.480395
-18.026669 3.402225
-11.481704 3.485523
-6.073358 7.307432
-7.547097 8.363109
-9.528841 9.396137
-4.266052 8.039487
-5.561265 8.436678
-7.697958 4.570405
-7.781034 9.475170
-7.556571 8.152560
-10.584332 3.265508
-11.933949 1.283629
-15.982002 4.880886
-6.177832 10.902317
-12.335953 11.240052
-11.678189 9.850875
-10.757853 12.824109
-12.121702 10.336532
-12.368694 9.239950
-15.817009 13.549989
-11.960431 9.664471
-14.492131 13.330287
-14.418106 4.880652
-13.749605 8.900337
-12.755108 9.786092
-14.681618 8.754457
-5.462747 8.687830
-6.505208 12.170010
-7.220841 8.066801
-8.312697 9.762039
-8.021134 9.450065
-7.908989 8.487057
-7.825645 11.739923
-11.736790 11.254964
-11.597701 8.661265
-10.392151 8.861904
-10.330681 8.539531
-9.694911 9.975442
-7.160978 8.739045
-7.425502 2.643417
-7.555743 4.113351
-7.947440 7.169921
-7.380208 6.844204
-7.740289 4.391284
-7.296371 4.668568
-6.605645 6.149513
-2.992476 5.484033
-7.682666 6.909259
-6.492948 5.886253
-6.905631 6.212775
-5.426050 6.668545
-6.486738 5.972418
-7.350495 4.916855
-5.916794 5.719810
-6.069517 7.977699
-9.309402 8.931055
-8.851488 8.635706
-10.357370 10.885047
-10.180880 10.113376
-8.578536 8.810431
-8.555983 8.825765
-7.693285 7.276333
-7.864854 4.449444
-7.883391 5.566507
-6.874072 4.290087
-7.097625 5.559093
-7.897743 5.622401
-7.512599 7.537296
-7.389598 7.753364
-6.206044 5.387991
-9.410240 1.600439
-9.158810 2.849034
-4.705887 4.458937
-7.651754 4.934506
-7.402998 4.811057
-6.603987 7.109680
-7.703867 5.147695
-6.674061 7.997244
-5.640990 7.787083
-6.123100 6.551685
-8.019087 8.643922
-6.742235 8.222147
-7.945822 6.515685
-7.318261 7.828599
-7.310858 6.719154
-6.959857 5.013453
-4.608927 2.788373
-3.923274 -0.994574
-4.200425 -0.271536
-4.226512 2.294785
-4.849364 1.770164
-7.397060 2.364903
-9.856507 3.178491
-9.955448 9.562007
-7.719697 7.120519
-7.897155 5.976390
-4.494491 5.108683
-8.122527 3.020682
-13.595982 8.920290
-14.647552 7.825292
-6.155220 5.026047
-6.607754 1.432066
-6.189788 5.576511
-7.309975 6.839499
-4.015296 4.146827
-3.728201 8.457752
-9.276524 9.432338
-10.789511 9.607554
-12.502626 10.021554
-11.168457 9.280275
-11.483841 11.083986
-6.054442 8.396365
-7.320822 7.792011
-13.084357 5.395679
-14.833636 5.829754
-13.896612 8.426440
-9.415975 10.895594
-6.939344 8.123144
-7.553920 8.247054
-9.243965 10.466286
-8.426572 11.161572
-14.222328 7.772009
-13.831842 6.577002
-13.032495 8.877276
-6.389506 8.505380
-9.414983 8.781140
-12.649559 9.175632
-12.527067 11.287419
-11.521590 8.963655
-16.489822 8.667533
-14.846959 7.223254
-14.080050 8.503226
-12.487885 0.936118
-9.808910 3.412359
-10.839296 3.300581
-7.095079 9.138617
-7.726446 4.899485
-7.065110 3.954898
-6.372974 3.646654
-6.621409 3.584773
-16.464375 8.100213
-13.494733 8.016543
-13.052620 7.167778
-13.531315 4.030509
-13.444885 5.123270
-9.960037 -0.786624
-5.131192 -4.319357
-5.518058 -4.459460
-7.186096 -6.419051
-4.087563 -6.810584
-10.428328 -9.355386
-9.707769 -9.417910
-10.864495 -8.290299
-9.644181 -2.107062
-10.961315 2.690682
-9.737803 2.838716
-4.793651 6.100677
-4.091871 5.360645
-6.747982 5.436313
-7.793643 3.006901
-12.684796 8.549906
-13.720713 10.262542
-12.469851 10.206583
-7.145129 6.490855
-7.902030 4.453689
-6.486225 4.679401
-7.435657 6.452104
-6.030899 7.015763
-7.533034 6.860423
-7.854283 4.845482
-6.695214 8.564125
-5.498775 6.272445
-7.378559 8.786222
-7.426153 10.901420
-6.746470 10.029717
-4.929536 4.782306
-4.366333 4.562484
-8.479189 3.057680
-10.162634 2.480113
-11.160468 1.838501
-10.615992 1.868188
-8.918418 3.388750
-7.802918 1.418667
-7.377777 6.113863
-5.412735 6.301270
-6.819837 8.709362
-7.042998 9.562841
-7.197835 9.404234
-7.752883 12.589500
-6.701617 7.614327
-5.827195 4.588341
-7.715979 4.455070
-7.386702 6.299640
-6.117126 3.669483
-9.526973 2.328805
-9.644466 1.640543
-11.788833 2.079710
-10.180598 3.380584
-9.929758 2.129901
-9.023278 1.957439
-6.331332 5.044002
-7.517858 6.514385
-7.699074 4.834931
-7.333017 5.134617
-6.741104 4.669671
-7.881612 4.046031
-6.229370 2.150636
-6.531176 4.738620
-2.492295 -2.100443
-4.020365 -0.213672
-9.862779 0.301775
-10.348876 1.831464
-8.652729 1.653893
-9.048981 2.124752
-5.582388 7.056597
-6.688096 6.255321
-6.855132 5.855917
-6.335630 4.539639
-15.214434 -2.363398
-10.501711 0.970527
-14.487328 4.093224
-13.116238 6.090965
-13.467433 7.062972
-15.524021 10.276816
-12.358995 9.239572
-9.173107 9.933749
-10.129910 9.212809
-11.925185 8.506255
-13.861676 8.787601
-15.828249 9.576185
-18.249025 0.522901
-13.278336 -2.423701
-18.270584 -5.889941
