-4.790350 -8.900004
-7.548865 -7.560731
-6.740866 -6.847858
-7.714335 -5.662183
-6.801398 -6.640957
-6.055977 -7.270355
-4.983898 -6.277378
-2.875764 -3.630345
-4.480528 -1.703089
-4.429355 -1.495573
-3.869895 -0.123986
-3.965407 1.738981
-5.777791 1.982951
-6.884294 3.465601
-7.185274 2.773564
-7.527119 1.457722
-5.364177 1.789112
-5.755693 2.382263
-6.714183 1.293901
-6.801289 1.775807
-6.833609 1.497974
-4.677839 2.409646
-4.010956 0.686609
-4.545105 -1.664067
-4.107065 -3.097799
-3.637149 -3.273076
-4.424541 -1.928484
-4.854145 -5.417544
-6.204742 -5.783150
-7.847555 -4.776471
-6.788177 -6.617243
-6.112657 -4.330160
-6.704134 -4.426438
-5.679643 -5.902025
-6.995703 -7.089712
-7.632820 -6.518145
-5.620178 -6.724575
-7.518070 -6.532817
-4.877663 -6.530581
-6.525239 -6.464076
-4.853053 -5.166507
-3.761994 -3.619946
-4.510140 -2.320601
-2.033186 -2.243439
-2.831912 -2.840832
-3.585258 -3.671738
-3.448534 1.839745
-3.166765 -1.233907
-3.656084 1.765793
-5.209892 1.362708
-5.859276 1.219024
-8.185712 3.262455
-6.525723 5.805846
-7.451142 5.363539
-8.164510 2.657532
-10.598405 1.537386
-8.615548 1.744772
-9.907757 -0.131251
-10.366883 -0.840273
-10.822861 -2.953218
-9.731891 -2.595912
-13.194294 -0.661770
-19.354565 -3.106016
