-18.394178 -11.265018
-16.615692 -6.903432
-14.949959 -7.833163
-13.145829 -8.367009
-10.382683 -9.199512
-7.200290 -9.954182
-5.249615 -7.116704
-7.670048 -8.127512
-6.389336 -5.650237
-6.015705 -5.931538
-7.542899 -7.268178
-7.634300 -6.311729
-6.611670 -4.399867
-4.801064 -5.320394
4.603725 -1.715816
4.944961 0.888428
8.324689 0.453214
10.334053 0.656139
10.781862 2.006496
8.056965 4.395944
9.158945 7.931616
8.871675 6.572027
7.535293 5.490176
7.052573 6.180663
8.308701 9.382132
10.739879 9.194737
12.567377 11.446457
9.300590 12.117875
7.032850 13.511503
10.854579 10.038619
12.883204 11.586074
16.840528 10.825532
17.525103 11.154536
13.535596 10.216188
7.005640 5.819288
7.228746 6.870391
7.570950 4.477011
7.649207 5.448012
9.371243 6.237644
7.956691 5.163488
7.850514 6.163418
9.446546 7.386816
11.004854 3.250374
12.077911 3.255538
12.442886 1.982428
11.385740 2.369739
11.060547 3.551901
10.425553 0.739059
9.681819 0.432597
12.336799 1.212241
15.758492 1.608690
17.407904 6.864956
