-18.202244 -16.991261
-15.169003 -4.504850
-12.099534 2.379427
-8.577544 2.139733
-8.173636 3.057963
-5.996553 3.543252
-7.099420 5.742709
-7.736086 6.753215
-7.530460 7.709820
-7.809508 5.837535
-7.102065 4.139265
-9.113056 1.287060
-11.063921 1.723350
-10.028806 3.233890
-8.407011 3.294199
-6.042049 2.846621
-9.653051 2.435637
-9.719485 -0.498368
-10.316722 0.582431
-8.636753 2.342650
-6.665548 3.069453
-8.540544 3.005618
-10.902128 0.912188
-10.123641 3.119645
-7.021433 10.102069
-7.943892 7.531456
-8.609464 10.353250
-10.675209 8.607885
-10.231907 9.740499
-17.382866 10.573261
-12.032322 8.997474
-11.626200 10.394765
-14.159295 6.800123
-7.716805 4.429032
-5.443302 3.470399
-4.619978 5.005473
-6.739081 5.817947
-6.330381 5.072590
-6.225262 5.804505
-8.558108 2.716625
-10.413929 3.039281
-11.869441 2.990122
-8.582007 8.675447
-10.728603 8.739282
-5.868356 6.877012
-6.570694 8.310575
-8.883060 10.577515
-6.369596 8.907708
-6.657276 6.967142
-6.983558 8.074554
-5.645509 7.023230
-7.623924 8.445852
-10.504212 2.770687
-12.998360 3.770134
-13.808813 2.580075
-11.977028 3.000518
-11.309756 1.768711
-10.705560 2.929734
-7.830712 3.491458
-8.692657 3.347171
-8.046626 2.141609
-7.747916 3.737833
-6.997817 5.580749
-7.260333 8.720216
-9.879607 8.519586
-9.483650 9.132358
-6.580542 9.834685
-6.007178 9.474902
-2.318683 12.389296
-4.700537 15.366251
