1.604283 16.669411
-0.338722 16.199640
-2.309364 15.642206
-0.925990 15.642189
5.652455 12.841016
5.429294 11.731459
-1.348593 11.665013
8.054468 7.504673
5.898325 11.216352
2.947473 10.214895
0.971376 10.727242
1.802317 9.412371
0.112867 8.184307
1.145829 10.488774
2.576504 10.869508
0.212024 10.723544
3.104681 9.781862
1.640746 7.841969
-1.220161 10.220833
0.658677 10.037688
4.340878 9.948702
3.847860 9.653792
6.301280 12.489284
6.496795 15.723175
5.914995 17.225924
5.675457 14.636949
10.568322 19.780392
