12.764565 -16.216730
0.959016 -13.545737
1.154975 -9.508683
-5.805186 -4.996316
-6.779250 -7.003488
-7.012920 -4.559882
-7.881835 -4.483908
-7.457751 -6.108005
-8.985600 -8.945881
-10.413050 -8.087934
-6.867171 -8.146542
-8.537103 -8.438676
-12.440250 -13.354527
-6.962728 -8.166032
-12.140257 -8.161679
-13.066547 -9.626876
-14.521629 -7.254558
-10.133316 -9.826012
-9.009155 -8.142488
-8.283694 -10.111367
-8.019405 -8.712609
-7.563706 -8.705909
-10.340665 -9.024925
-9.152519 -9.149860
-9.023611 -8.042651
-9.325859 -9.147753
-8.030169 -8.683450
-10.416636 -8.414946
-7.695483 -7.985078
-6.851409 -6.574342
-6.722957 -6.122196
-7.587173 -5.390133
-7.182462 -5.832314
-7.633900 -7.717427
-8.199604 -9.248638
-10.434778 -11.539075
-7.328269 -9.016938
-7.029763 -5.864570
-7.673013 -6.357886
-5.870002 -7.621726
-6.813422 -9.294473
-6.883431 -7.613858
-8.037696 -8.404018
-7.257195 -11.581839
-8.833654 -10.113150
-10.025249 -8.640207
-10.322454 -8.381753
-9.657913 -2.671617
-7.305304 -7.010561
-6.127211 -8.734864
-8.896275 -9.951673
-9.618551 -8.421529
-5.585236 -7.545009
-6.703675 -6.133729
-6.862534 -6.307204
-4.534499 -5.113109
-5.614640 -4.247049
-6.302345 -7.456430
-7.033474 -7.519918
-5.716626 -4.829682
-2.924896 -3.262794
-8.764780 -8.671810
-10.723621 -8.270058
-12.585003 -8.231125
-11.099934 -8.248113
-9.307146 -8.555923
-13.897522 -6.109868
-13.892046 -4.594141
-14.228214 -3.903016
-13.962648 -8.622050
-8.897042 -8.120694
-13.351462 -8.723754
-7.732405 -8.958812
-13.540348 -5.702511
-9.710224 -8.318027
-9.867817 -8.506215
-9.119442 -12.253952
-9.472333 -9.893600
-7.886885 -9.433014
-6.152807 -7.214013
-6.499145 -5.329037
-7.028114 -5.964387
-7.360110 -8.132198
-8.757701 -8.222909
-9.899977 -8.849618
-7.850021 -8.938811
-7.569343 -5.859875
-6.673638 -5.562014
-7.188459 -5.118141
-7.800179 -5.648573
-7.431326 -6.075555
-7.710003 -8.109536
-11.039436 -9.265249
-10.935499 -8.578527
-8.437729 -8.226523
-10.274560 -9.649777
-6.605868 -7.390985
-5.563236 -6.300951
-8.453299 -9.728835
-5.012512 -5.767488
-4.073856 -4.259098
-4.375015 -4.609190
-3.871885 -1.712186
-3.881739 0.033503
-4.236429 -0.625200
-5.762050 -4.342481
-9.729555 -2.615300
-10.407732 -2.334963
-13.609463 -1.568888
-11.893064 -0.475334
-10.097486 -2.629740
-9.805394 0.719311
-10.830511 -1.782599
-11.229387 0.721796
-12.706369 -2.770756
