18.797571 -3.900957
12.262665 -2.300056
7.566136 -1.404440
6.958431 -0.372245
7.818669 -1.476525
6.445134 0.119713
8.958642 -1.309393
9.515572 -2.522589
11.281664 -2.400368
6.481929 -1.634153
8.091216 0.490633
9.000601 -0.623414
8.655586 0.317292
8.656736 1.469263
8.070073 1.767230
7.499821 2.306052
13.610577 6.541096
12.550138 3.885926
11.774469 3.930789
10.324965 3.692153
9.297135 4.506659
9.006471 3.191782
9.102508 -1.452734
8.391834 -2.319942
11.249645 -2.035270
10.799635 -3.206609
9.232062 -3.906248
15.145791 -2.942100
17.186340 -1.896892
17.361197 0.493070
15.334480 1.761533
14.589713 1.842180
15.733597 4.225249
12.404951 7.937483
11.866536 4.080317
10.728986 5.003536
6.338772 2.084264
8.737362 0.653508
6.013204 -0.000093
1.245888 0.400111
-1.409325 1.765867
-2.254066 2.941431
-3.534660 7.964704
-5.505527 7.593923
-7.319312 6.943224
-6.519628 6.766899
-6.855358 6.759681
-9.797757 6.182473
-12.133331 5.735102
-18.678146 6.009605
