-18.746902 -5.974165
-13.382434 -4.782167
-13.929386 -8.703870
-9.986776 -9.376598
-6.749531 -7.333507
-4.520859 -6.356345
-6.955863 -6.280453
-6.206321 -9.223173
-7.773495 -8.653488
-7.393127 -9.141437
-7.538127 -5.860948
-6.148401 -6.779000
-6.416212 -5.551723
-7.863043 -6.661939
-9.083073 -8.544351
-8.669832 -8.160913
-8.502682 -9.347206
-14.841441 -7.670171
-16.831963 -11.229775
-13.566137 -4.991118
-14.588505 -3.949811
-14.921877 -0.767438
-9.830955 2.008739
-11.621948 -2.367485
-10.947468 -2.676052
-10.171678 -2.197301
-13.983467 1.152734
-13.201849 -5.251303
-13.220829 -3.966195
-9.874180 -8.893447
-5.937754 -7.656742
-4.898169 -10.854563
-10.846248 -2.984035
-11.970478 -8.122933
-13.361614 -4.681509
-6.316256 -8.441442
-9.682068 -8.100350
-8.490879 -10.121755
-11.106930 -9.120517
-13.255630 -5.673736
-12.284916 -2.841784
-6.202149 -8.777710
-10.888943 -9.665568
-11.410688 -10.200608
-7.540943 -9.225997
-6.419308 -7.250253
-7.035063 -6.166488
-4.052557 -3.076110
-7.286468 -4.885869
-8.440140 -8.807521
-8.488470 -8.110490
-10.986229 -0.981334
-12.134665 -2.577897
-13.290112 -1.075904
-13.501636 -4.093800
-11.309734 0.131093
-11.161180 -0.425409
-11.238567 -2.357794
-11.689022 0.254271
-10.270975 0.104200
-10.728132 0.238795
-10.035337 0.322598
-12.236354 2.877489
-8.245192 2.640847
-9.462431 4.885156
-7.444088 7.563024
-7.261580 6.986342
-5.821116 7.156668
-5.527556 7.392262
-4.483342 8.606604
-5.448912 8.002316
-6.506284 6.999980
-6.168176 6.470508
-6.203266 6.783860
-6.238946 7.906611
-3.062142 5.549655
-2.979712 4.862367
-2.991376 5.932050
-7.051239 7.035890
-7.814868 8.969133
-8.616621 4.345147
-8.530049 2.360086
-8.403631 2.676144
-12.279621 3.191488
-9.129111 5.895580
-8.213460 7.545491
-8.445701 6.723498
-8.444092 7.299554
-8.961542 6.621448
-9.096796 4.677783
-10.664774 3.066015
-11.474033 3.412931
-10.254187 3.289269
-11.398366 5.765306
-5.961584 6.217884
-5.742295 6.800068
-6.766498 6.516375
-9.572185 7.385511
-6.365759 6.750358
-6.779028 6.227754
-6.258779 6.147858
-3.163927 6.849216
-3.136740 4.909609
-2.563185 3.756906
-1.205264 1.803067
-4.368522 -0.154260
-3.350017 -2.863479
-5.180560 -5.252770
-4.944930 -4.062778
-4.986791 -4.092745
-7.629600 -5.089462
-7.709795 -6.832251
-5.714236 -7.129027
-6.266913 -7.273666
-6.968183 -9.113481
-6.472764 -8.415094
-7.227886 -10.715320
-9.303267 -8.089601
-7.776335 -8.759961
-9.337580 -8.139828
-7.303496 -8.421937
-5.769591 -6.194918
-7.731331 -5.497314
-8.296465 -8.722199
-10.709381 -8.398486
-8.733227 -8.706174
-8.443405 -9.774011
-7.540279 -9.464314
-5.755331 -10.065288
-7.267807 -8.259112
-7.557048 -8.455066
-5.954313 -7.193745
-7.585436 -4.113119
-7.754512 -3.989316
-6.598705 -4.134083
-7.147588 -4.274827
-7.159825 -8.178342
-11.580489 -8.290627
-8.651014 -8.275243
-6.780029 -9.349124
-4.954181 -7.530082
-9.921524 -0.889599
-9.916010 -0.279216
-9.726113 0.518489
-9.732860 -0.077542
-9.753680 0.519773
-9.924896 -1.799196
-4.518937 -1.870830
-4.452749 -1.431413
-2.794608 1.504863
-2.284157 4.373013
0.279239 1.687726
-2.365557 0.700210
-2.336027 1.244858
-4.433078 0.681124
-3.836282 -0.146120
-9.820995 -0.696786
-9.428381 1.140573
-9.299163 2.210221
-10.159885 1.525837
-11.235405 1.287389
-9.585821 3.215713
-4.054755 5.965554
-5.110658 6.078771
-6.383236 6.522148
-7.633681 6.404088
-4.369445 -1.398338
-2.436836 -6.468934
-5.044449 -4.726972
-6.331694 -5.369259
-5.476163 -4.112697
-6.926611 -3.922110
-4.957250 -5.471578
-3.439841 -5.869843
-4.562532 -3.625783
-7.116670 -5.616650
-5.368475 -6.160131
-6.061677 -4.463513
-9.906492 2.780857
-9.518488 5.166517
-9.130942 5.302964
-7.126129 6.784747
-10.521158 6.016613
-9.225798 3.757167
-10.991585 4.651527
-10.711950 1.269524
-10.442169 -2.268679
-7.494303 -4.379163
-6.881198 -5.065285
-5.594205 -6.091781
-4.472368 -2.769773
-4.414015 -0.572609
-4.344701 -0.190086
-3.156323 -1.188091
-4.373427 -2.194404
-4.226936 -1.994176
-3.519697 0.302305
-3.527150 -0.052415
-4.074750 -1.415801
-2.752403 -2.862024
-6.429227 -5.472763
-5.149396 -4.739265
-6.194869 -7.641098
-7.557590 -5.991061
-7.421357 -6.066432
-7.289169 -7.790067
-6.936260 -8.705593
-10.813791 -8.130100
-9.430980 -9.006857
-9.230499 -8.560399
-8.221684 -9.952348
-6.837018 -10.076198
-9.055814 -9.587104
-11.575150 -10.372151
-8.295236 -9.367913
-8.920624 -9.241459
-4.447560 6.098859
-8.681510 1.774994
-9.223913 2.283678
-8.524650 3.055449
-15.520505 -6.692306
-15.565346 -0.000181
-13.933626 -4.952028
-13.604675 -4.302042
-13.903124 0.947819
-12.626242 -2.622086
-11.410376 -1.073033
-8.495601 2.538379
-9.942147 1.180898
-10.562278 -2.652752
-10.554362 -1.822069
-9.670504 0.043059
-9.672856 1.049522
-10.462480 -1.606833
-9.659303 0.290920
-10.749434 -2.300451
-9.449825 -8.165177
-5.833970 -8.917218
-5.642569 -5.507173
-6.498259 -6.200547
-6.525986 -5.542479
-7.040576 -8.796805
-8.095904 -8.183991
-12.046183 -9.705201
-14.944328 -8.147137
-14.649628 -9.693793
-10.492804 -8.722988
-9.873474 -11.484005
-4.167005 -10.341983
-7.138053 -8.282771
-7.085442 -6.803275
-7.855065 -6.991612
-14.648731 -9.275676
-10.744968 -9.847711
-12.318251 -2.379874
-10.651665 -1.917199
-11.005521 -2.548772
-14.093998 -7.244736
-11.927280 -12.836326
-5.965768 -7.318678
-8.865343 -10.398059
-5.216695 -8.940787
-6.334246 -7.525017
-10.417408 -8.887166
-4.669928 -9.315182
-7.087757 -7.256589
-7.623606 -7.148733
-7.118636 -6.209413
-7.035696 -8.183726
-9.083897 -9.903726
-10.783716 -8.120881
-9.576762 -8.953959
-14.510249 -6.937078
-15.021286 -3.759381
-16.621418 -6.267558
-13.199594 -4.528604
-4.684458 -4.536283
-6.613106 -6.875750
-4.871807 -8.118402
-11.308784 -9.367392
-13.296801 -8.701183
-13.008829 -10.656103
-6.044449 -8.921109
-6.927795 -6.190514
-9.709476 -2.916932
-9.647171 -1.741055
-9.663930 -2.713373
-3.481091 -0.057851
-0.213468 1.380869
-2.044346 0.049325
-1.715943 0.688879
-2.823183 2.327053
-2.560001 3.338655
-8.885804 5.229262
-8.274333 1.369665
-8.505438 3.134399
-5.151163 -4.118745
-7.732231 -6.739908
-7.324751 -4.460658
-7.387192 -7.431990
-9.310476 -8.882400
-10.656050 -9.517449
-11.884174 -9.735937
-9.692847 -8.033916
-13.916533 -11.006400
-13.658417 -6.267607
-13.275206 -7.360731
-16.759739 -2.499775
-11.177329 -0.262323
-9.392094 4.188536
-8.704136 1.211943
-8.737939 1.344394
-9.603199 5.110157
-10.157844 0.693315
-9.961820 0.764089
-12.496761 -0.444602
-10.584887 4.158157
-10.074860 1.075868
-9.627853 2.164907
-8.474586 4.779157
-9.224442 4.826573
-8.479362 3.473767
-10.790453 5.950679
-10.096117 0.685070
-8.989414 1.411613
-4.833052 -5.341859
-6.753500 -6.537742
-5.961018 -6.796659
-7.868364 -7.617482
-14.840101 -7.100758
-13.147532 -7.728919
-13.738055 -7.178114
-7.853952 -5.899838
-11.930817 -8.701090
-8.479828 -8.330296
-8.794862 -9.789515
-10.931538 -8.590122
-12.485867 -9.925563
-8.650023 -8.315846
-9.070528 -10.408990
-9.429451 -8.610388
-9.019442 3.238893
-8.959183 2.721193
-9.569416 4.417439
-4.425087 -0.933994
-3.952485 -1.387184
-4.458561 -4.274027
-3.700475 0.131549
-4.498110 -0.804215
-2.930326 1.556955
-0.993698 -0.081949
-1.873594 2.224166
-2.167016 2.116298
-3.125715 4.460988
-8.481051 4.323570
-9.461710 4.786068
-3.798148 5.993592
-5.026193 7.311239
-10.496017 -0.529576
-8.261147 1.277663
-5.105130 -3.981606
-5.623672 -5.596681
-6.683041 -5.183803
-7.117867 -6.664570
-7.621017 -4.242976
-7.133113 -7.921649
-9.945866 -9.744823
-13.483404 -11.263678
-13.021990 -6.737753
-13.485937 -7.186361
-14.242360 -7.313956
-10.871363 -9.110133
-10.261593 -10.700953
-5.324570 -7.590020
-3.706988 0.007956
-4.492173 -0.699723
-3.842936 -1.073182
-4.192134 -0.839474
-4.448045 -1.760217
-3.702623 -3.998959
-6.230058 -5.595647
-5.438772 -4.803435
-5.162203 -4.144008
-3.974557 -4.272466
-3.921787 -2.691067
-4.053731 -2.852653
-4.348441 -7.053410
-6.554453 -5.217860
-13.128198 -10.407356
-15.188787 -10.335051
-13.532233 -8.975041
-15.134476 -8.489335
-14.268526 -6.844763
-15.217352 -5.735575
-11.287890 -1.674632
-10.549566 -1.314310
-7.483936 -4.105627
-11.757084 -1.261175
-14.472023 -4.481084
-10.083046 -1.933456
-10.726059 0.384451
-10.453180 -2.321819
-16.296232 -2.337919
-11.590919 -2.527739
-9.867045 0.371660
-10.415949 0.942357
-8.542004 1.630531
-8.401817 3.702082
-8.359324 3.947493
-8.557685 2.373067
-9.371900 6.016070
-3.895411 6.377643
-4.446083 10.551420
-4.706178 6.745965
-6.064795 6.393717
-6.021123 7.805107
-3.947539 6.493109
-5.264277 6.534317
-2.551625 6.479927
-2.794792 5.606012
-2.112220 7.912229
-4.190390 6.636717
-4.250282 6.204998
-4.184349 8.200519
-3.909507 7.290754
-2.527164 5.101997
-1.906956 4.122382
-2.480219 1.640705
-3.037462 0.935814
-4.137932 -0.864187
-3.800482 -0.425550
-3.785068 0.023625
-4.078868 0.289304
-3.009685 -1.149276
-2.077123 -1.758615
-2.630762 -2.502840
-3.426419 -1.231276
-2.290666 -2.262122
-0.032213 -0.694734
7.071631 3.290192
9.546721 3.691936
10.924923 5.377922
6.608387 4.070044
4.287852 4.075656
7.970186 3.167089
6.110714 3.338949
8.479824 5.270658
6.827566 3.802329
5.225792 7.771134
4.473604 8.350639
6.563771 12.256001
3.692464 3.896876
8.209193 4.476723
10.882171 4.130681
10.521690 3.716148
10.888342 3.428955
10.201502 4.133008
9.951226 4.330933
8.463506 5.096172
8.195223 1.928530
8.994826 0.394481
8.637120 3.081286
8.508389 4.025413
7.379880 5.611804
9.884390 5.292220
10.406164 3.749203
10.295495 4.513190
9.064874 5.094812
4.634194 6.914585
6.090587 5.882251
5.302577 9.070575
6.337339 7.967979
11.779647 9.339521
11.611920 6.157321
11.835747 8.161572
12.528044 10.488210
11.552380 8.114359
14.614524 6.797632
12.306980 10.329333
9.242205 12.977677
9.291656 12.745190
4.519657 10.184755
3.802928 7.085755
1.662664 7.363725
6.395822 7.571729
5.172714 8.908327
5.414410 8.233506
7.236187 3.077793
4.127045 4.693795
9.190166 4.019965
5.287022 2.260352
7.227818 0.888837
9.245560 3.799719
6.518364 3.846016
4.299211 9.372138
6.535560 8.168528
5.263803 5.724792
6.019241 8.624751
7.284330 4.828513
6.073913 6.370065
8.745575 10.850626
5.753896 10.609057
8.164077 10.865057
7.761578 11.025200
9.347828 10.712243
5.863305 10.663174
6.324934 4.409956
5.479759 7.383732
5.871438 9.196269
7.039836 13.448717
7.963440 11.336163
6.634093 12.784212
5.212190 6.739470
6.296465 3.993107
7.590550 5.560524
7.663899 4.801575
6.700766 4.119528
8.907784 4.214571
11.912109 5.644347
11.734217 6.551085
10.109199 4.456656
8.786308 3.920154
8.883760 5.162694
4.909906 3.975400
4.161321 6.431554
8.185911 4.399420
3.691790 6.240851
4.926878 6.934671
6.367819 7.224964
5.598078 5.144603
3.914023 4.729996
5.675875 8.251266
5.509308 9.013957
6.494156 5.998021
5.046881 3.527709
5.382016 3.464209
8.279993 5.291527
7.907257 5.231794
8.597071 4.673759
8.741191 3.026237
10.158928 5.117590
8.941853 4.721674
11.648723 5.397172
12.308191 9.448951
12.426558 13.065092
9.281746 12.086834
10.663088 10.977186
9.912657 14.532683
8.678247 13.386652
8.024829 10.689031
5.669627 9.889615
6.498948 9.192943
6.062142 9.391389
5.748117 2.308537
6.829753 3.464269
5.513594 5.922561
7.064346 5.083241
5.491391 6.669624
4.933322 7.588582
6.428287 6.140989
6.488250 4.265872
8.573658 5.125063
9.029047 2.731891
9.021735 0.071040
6.975644 2.794983
17.827101 7.942514
11.069715 3.866205
12.701544 6.751486
13.072948 4.995115
10.334609 4.605048
9.415378 4.291181
12.319847 4.741920
11.590933 9.386706
15.451906 11.112481
10.433893 10.870675
11.517735 11.969181
12.826187 10.135996
12.041966 7.531314
18.742846 9.765554
