9.774364 -18.614950
9.005550 -10.961046
6.084043 -3.716774
4.932602 -1.485300
7.571970 -0.440918
8.075187 4.194953
8.629578 4.346322
5.082876 3.886360
4.463168 5.056253
5.082643 5.189955
6.391688 7.916731
6.530578 6.569352
5.696805 5.557319
7.269283 3.003088
7.892753 3.516467
4.572884 6.259568
3.805829 8.801053
5.765090 10.200325
5.296462 6.966243
5.787431 4.502162
9.695145 4.829003
5.580037 5.840577
6.549111 5.649971
7.517733 3.562473
10.197128 4.123198
10.300900 3.754696
8.746422 5.198431
10.617786 4.816501
8.276932 4.077544
9.200768 5.168896
9.178286 4.415409
9.086019 5.466058
6.040280 9.177868
6.202730 7.124129
6.015434 7.407381
5.591793 6.747396
6.304111 7.554136
7.386383 11.513159
4.682843 8.803371
4.594615 8.661620
5.102255 6.900356
5.432068 8.545797
4.698041 5.131673
5.950321 6.175645
6.710222 4.581883
7.380241 5.030030
4.915713 3.573394
5.811974 6.746381
6.427909 6.865896
3.931302 6.427291
2.372464 5.848379
8.517786 4.273883
7.784605 4.716331
8.920635 5.366183
11.730619 8.193252
15.997542 9.235962
16.452227 3.224697
11.309656 5.635225
6.912160 4.293263
11.090604 4.328037
12.381226 5.751099
12.778858 5.221227
11.877129 7.422788
11.824085 8.835875
11.620033 9.140817
12.723017 6.812383
12.423263 6.600320
8.825986 2.162117
7.500245 4.758218
9.652629 3.600393
9.523402 4.499592
8.332297 2.862779
8.774324 2.752292
7.698966 2.839198
7.957038 4.719820
6.530268 6.946810
5.842896 2.029779
5.616467 2.497409
8.177223 2.680822
7.294860 4.282693
9.618168 5.306311
10.009611 5.005928
11.961200 9.367337
11.774044 7.515546
9.102057 5.392809
8.060901 5.560754
12.826252 6.816271
13.105370 8.776696
6.399400 7.135854
5.477226 8.605023
5.856881 6.099860
6.481807 4.967212
7.323513 5.133284
8.068566 3.440227
9.143316 5.221528
11.733041 10.060788
12.794761 10.483298
9.781830 11.387358
10.419767 12.582447
12.257221 8.868602
10.808372 4.216446
8.270573 5.430898
11.601603 7.359243
14.143559 7.245105
8.063415 4.632045
10.453354 5.255377
8.099713 4.465950
8.191397 4.993795
4.280538 4.737563
6.024026 7.649857
3.067644 11.109210
5.886985 8.095885
5.625805 4.622911
7.586746 4.899159
4.906504 3.489849
4.865520 7.265155
5.553679 4.343659
8.684972 4.065221
7.327757 4.128856
6.931994 3.507046
8.073287 5.177330
9.275852 5.408335
10.782734 5.122973
7.688560 4.357067
7.328866 3.953248
10.811775 4.812116
8.700375 4.591384
4.746245 6.463020
6.212968 7.189542
6.494243 5.913790
5.142211 4.567829
4.600435 7.321733
5.654598 5.567996
10.963835 5.115541
9.823483 4.537070
9.115776 5.031104
6.512237 3.925826
5.207369 7.084671
4.128316 4.890471
6.146992 6.457107
5.761706 6.827638
3.526024 8.215210
6.507706 8.844541
6.159082 8.704247
5.805046 7.676030
6.337117 6.586465
6.416806 5.992448
8.638941 2.878697
8.209341 3.995698
8.373129 2.691302
8.489431 3.175089
7.976584 4.432346
10.661115 5.365591
9.847370 4.378079
7.204170 5.577936
8.002324 4.503530
9.748011 4.015739
11.187169 5.367849
15.956633 5.714263
12.535447 7.873765
11.567519 6.891293
14.973934 6.292828
12.105688 5.002263
8.328825 5.649951
4.993102 5.021930
6.499679 7.618359
4.752527 8.017385
5.297570 6.662327
5.655202 8.808899
10.885464 5.166964
10.599894 5.276182
11.026212 10.669242
7.817533 10.874791
10.186968 11.157510
12.768579 10.460540
11.799164 6.838114
12.945491 7.905192
11.657564 5.531312
8.517582 4.827996
10.422834 4.917872
7.996772 5.332582
7.335025 3.539598
4.757748 7.510412
6.510393 9.584216
5.156202 8.783704
6.582477 10.904201
8.943176 11.163100
15.247134 14.817794
11.811623 11.167539
13.863057 12.301479
14.069295 11.875401
12.081102 6.554262
11.746418 7.891164
5.385156 7.432880
8.270855 1.505202
8.638727 1.332176
11.677195 5.968283
10.220032 4.219866
9.402457 4.198275
10.615709 4.757572
8.147625 5.007290
7.232022 1.876094
10.259346 14.836577
8.056111 13.186917
6.715913 11.141661
12.399734 12.906243
3.414743 7.869226
6.319719 5.446143
4.888182 7.193297
6.287674 6.387661
5.453148 5.757117
9.382576 4.546813
8.802570 3.403766
9.046032 5.465887
9.090427 4.900519
11.229365 11.734633
7.631497 15.525965
4.874781 9.568738
7.597997 5.153200
8.148429 3.860293
8.465369 4.381392
5.217840 6.203331
6.280187 6.647460
6.070487 5.270140
4.182816 5.145909
6.361343 3.668900
7.743774 1.723426
7.675531 2.594840
10.101799 3.993975
11.303974 4.719887
10.003290 4.127589
7.061323 4.865163
9.607061 5.115322
9.657887 4.454338
6.266328 1.970028
8.316474 4.870821
8.929187 4.290538
9.947462 5.324642
4.081858 9.665408
5.461859 11.097331
6.300067 7.677112
5.848760 7.721122
5.640058 9.168699
9.469824 10.788314
12.368521 7.090913
12.687766 7.989089
12.271226 9.919377
12.732363 8.711787
13.696169 11.301831
8.882572 11.378581
8.986205 12.888366
14.588818 13.620031
8.857668 11.643155
7.483861 11.085247
8.707309 10.676159
15.860145 13.051337
15.385139 15.542535
