-10.771686 8.808205
-9.150777 3.597779
-9.218919 1.451128
-9.266346 2.860746
-9.294974 1.846776
-11.404964 2.040617
-9.784037 -2.588062
-10.294436 -2.758741
-12.057970 0.268815
-11.487597 -1.208602
-10.509211 -2.349026
-12.437810 -0.676851
-13.215774 -3.164005
-14.265442 -5.098282
-12.537430 -8.964767
-11.826752 -11.159624
-10.350897 -10.569336
-12.152801 -11.781902
-11.973119 -11.193574
-7.929781 -9.541434
-6.830210 -5.222905
-6.138372 -5.261024
-4.663390 -5.102407
-6.668299 -4.388336
-7.146006 -4.267256
-7.498542 -6.136260
-6.568041 -5.222021
-7.265697 -4.668701
-5.490798 -9.151870
-4.768106 -6.946231
-4.466927 -1.560438
-4.270938 -1.325852
-3.211389 -3.516266
-4.493740 -1.260877
-3.492594 -5.739293
-4.906590 -9.367208
-2.515785 -14.275803
