6.896015 13.889598
10.145795 14.522547
6.687869 11.244084
5.571986 12.008029
5.351804 11.407454
4.208731 8.449704
5.860027 8.118111
4.044591 7.120606
6.502748 8.897515
2.619599 7.589681
4.568636 7.880235
6.273480 8.144519
5.930652 8.551481
3.642618 8.594948
3.057254 10.964924
8.216562 11.423229
8.239639 14.200375
9.627694 13.747767
13.881639 6.950450
15.538876 11.889702
13.897770 12.344248
11.845776 8.259750
12.012779 9.204179
11.949284 6.569871
11.267184 3.530036
11.589204 3.756572
9.135837 3.736374
8.579165 2.740682
7.875597 0.419395
9.078794 3.445802
10.979715 3.837040
11.640476 4.728629
8.481566 3.931623
8.813871 2.102716
5.036863 0.488739
8.442934 1.082242
8.330930 1.903698
8.584963 1.586407
5.642851 1.771689
6.708186 -0.191133
7.499663 0.970407
8.028745 -0.016137
6.427312 4.919320
9.086078 5.542574
8.403026 4.936502
10.599445 4.472429
9.799784 4.123436
14.037683 3.460403
13.348270 9.189957
12.748150 4.677529
11.099580 3.850884
15.080377 4.114944
12.683411 5.177791
7.984568 0.893458
8.135854 1.467523
10.087741 -2.011141
9.240875 -2.582601
10.493141 4.140234
11.291877 -1.599666
10.204523 -5.934627
9.890696 -2.828044
11.494874 -4.653369
10.105395 -6.575071
8.197420 0.969595
9.017197 2.718599
11.328722 4.784903
7.249013 1.105381
4.802258 2.116031
5.943199 1.664121
9.333061 4.001285
12.102934 4.696770
9.871307 4.113833
7.854927 3.407006
8.198519 1.316832
8.953403 1.660935
8.472549 -0.418014
7.264669 1.165414
8.512328 1.708375
6.773896 4.433606
6.118192 7.003808
9.687130 4.645155
10.060205 4.198168
7.757992 2.208590
9.299071 3.518228
12.284846 3.801713
7.160042 4.223147
8.630908 4.930868
8.461227 2.959244
13.132670 6.790798
16.079681 -2.526929
15.009996 -2.646238
12.528566 -4.609712
12.418673 -6.590100
10.818398 -7.560867
8.494880 -1.800838
9.051544 -1.357807
6.518160 -0.883105
7.513384 3.325215
9.879765 3.882010
8.472471 3.493475
8.448744 -0.283665
8.365478 -0.404580
8.936189 2.715984
8.775881 2.110569
9.220026 4.707200
8.693343 1.698523
7.704161 -1.299472
10.612701 -3.061327
10.011003 -2.195960
11.093073 -1.801336
7.831058 1.568203
8.499613 0.692191
8.405842 2.917637
9.247718 3.528122
8.955225 0.657351
7.686887 3.686235
6.748959 3.383436
7.852535 5.634030
6.437544 3.275022
7.310645 1.627929
6.653286 2.856456
8.159290 2.509444
8.998768 2.813086
7.853879 1.608381
8.510051 0.994216
8.522724 -0.297194
8.643957 -0.547779
6.487237 0.517471
9.897902 4.500862
10.836515 4.393734
12.163925 3.791465
11.708934 4.261400
12.805746 6.060723
14.017967 4.323972
13.398922 3.742607
9.495106 5.366199
10.383153 4.297477
7.939829 3.584518
8.686455 -0.072011
7.840963 0.572127
7.557953 0.603317
6.141796 1.575905
7.876041 3.290944
10.385429 3.653211
12.465837 3.536977
12.249520 3.779690
10.092567 4.244225
8.532062 3.142512
10.872053 5.619046
9.875544 5.616234
8.667654 3.950935
5.378500 3.299980
5.584633 4.036014
9.663881 3.688748
11.849060 6.236454
13.168616 3.613370
9.669039 4.244184
11.525688 5.546657
13.273153 9.541038
12.898518 10.601714
14.792694 9.301681
11.895327 7.406696
8.409925 1.938157
8.204533 -0.816445
8.579803 -1.868765
8.947628 0.446513
6.630928 0.075579
7.154971 -0.433056
6.809650 -0.697192
9.559725 -2.746038
12.026224 -2.360173
17.514215 0.862650
12.136786 4.920434
12.415809 4.533890
10.690865 4.780759
9.691759 4.623132
6.294797 4.501419
10.215295 3.490052
12.814378 4.692440
7.413349 5.508754
7.990552 4.580660
7.707398 1.064617
9.383053 4.250133
11.305592 5.177639
11.694992 4.704520
12.546787 4.034632
11.170568 4.256990
10.155083 4.795897
7.182599 1.635874
8.661549 1.360310
8.558372 -2.397420
11.290212 -3.047794
9.686069 -1.923307
9.393909 -2.560040
14.773550 -6.029940
15.685421 -7.486773
