-9.031903 -14.127992
-7.228997 -10.289656
7.594828 5.098914
8.444816 5.292758
7.525795 3.416724
7.437922 5.594263
7.616775 4.942089
8.712395 5.200374
7.879086 3.124707
9.133265 4.444313
8.494338 4.101354
7.339539 5.059588
7.099594 5.182692
9.806741 5.325577
13.658143 3.801561
12.500793 8.743440
12.915598 5.753673
15.915287 15.164554
13.063117 13.267049
12.841243 10.082582
15.206688 8.534700
13.819304 11.665583
12.009518 9.280178
14.508528 6.251705
13.380453 8.811001
12.692438 5.710513
9.358601 5.274150
9.709472 5.645463
9.975713 3.846612
9.877265 4.216761
7.269524 3.167007
8.807261 2.600739
8.959347 5.076889
7.183406 5.596486
6.635010 1.318477
7.810342 1.623900
5.182596 3.281171
8.359045 4.282104
8.153030 3.488019
7.062335 4.980096
10.287548 3.611990
9.390285 5.221830
7.987587 3.874110
5.536276 4.857570
6.253856 7.099029
5.476009 3.356213
5.931427 4.774187
6.764978 4.597891
8.817235 4.352011
10.023554 4.572711
10.874805 5.056604
8.877140 5.635790
10.309765 4.192383
15.576086 8.486333
11.897668 7.393819
14.351753 9.146487
