-10.903244 -9.747186
-9.810165 -8.234179
-11.232193 -8.790995
-9.960131 -8.766964
-7.615396 -9.390260
-8.800666 -8.949075
-7.135523 -7.216913
-7.716052 -7.758947
-7.248407 -8.162962
-7.469365 -9.712940
-3.425105 -5.463744
-6.188540 -6.844627
-6.670522 -7.611844
-8.276778 -8.297488
-11.290246 -8.644865
-9.195940 -10.727870
-6.681656 -5.711615
-6.687188 -6.964644
-7.572171 -6.596164
-7.600846 -8.005392
-11.521296 -9.680442
-8.593895 -9.427682
-6.844577 -7.408625
-5.927010 -5.302845
-5.130737 -5.849933
-5.474911 -5.014281
-3.309392 -3.246401
-1.855036 -0.241375
-2.856426 -3.788305
-3.033344 -2.336465
-2.613210 -0.345260
-4.337139 -1.935339
-3.948288 -2.003189
-3.715731 -3.371965
-5.331467 -4.543694
-7.037722 -5.833819
-5.872803 -6.824912
-6.622466 -3.925953
-7.018495 -4.584877
-5.150903 -5.315370
-4.731889 -4.005110
-3.264405 -2.972068
-4.762919 -5.415338
-6.443481 -7.023974
-6.343642 -4.412436
-7.008635 -6.372255
-7.383390 -8.484695
-9.238758 -8.145286
-11.127249 -9.950418
-12.154676 -8.275922
-15.325586 -7.866494
-16.059593 -5.956261
-12.769341 -2.800790
-9.823583 -2.814764
-11.103317 -1.131796
-11.964914 -2.542548
-9.868751 0.054857
-9.980048 -2.724185
-11.014931 1.033249
-9.347323 3.317827
-8.238718 3.318001
-9.197371 1.547153
-8.668379 3.485111
-12.140736 0.255656
-10.384056 -2.561163
-10.007331 -2.096636
-10.127369 -0.850667
-10.697549 -0.859336
-13.040942 -3.063770
-13.918730 -1.103879
-12.325438 19.337114
