2.941088 -13.993825
0.049620 -13.362326
1.617118 -10.081614
3.160329 -5.326511
5.165710 -5.738222
5.397741 -7.742446
9.455990 -8.218255
11.134180 -3.863872
9.248157 -2.247574
9.392028 -2.894667
9.820144 -1.676785
10.771097 -1.913882
7.994357 -1.404839
5.675007 1.323781
6.948307 2.136696
8.185959 0.271407
8.096889 4.537152
7.844589 2.558343
11.356314 3.796339
15.327352 4.984494
15.224798 3.623743
17.030777 1.531694
14.266932 4.256739
10.699774 4.252608
8.510796 3.397026
8.533506 4.746325
10.813303 3.431455
9.846380 3.832532
9.051331 3.747836
8.331778 1.978546
8.931980 0.719593
8.140942 0.334991
9.184269 3.663828
12.891005 3.527843
12.169587 4.713445
12.473360 8.520679
15.482040 10.757798
11.929184 7.915780
12.943383 8.937674
13.536627 4.103875
9.199937 3.981205
10.247698 5.321116
9.974576 3.884753
10.215997 4.535366
11.170153 4.003190
8.389996 3.241257
11.611814 5.264624
12.782187 4.676568
15.431285 3.745248
19.739975 -3.610929
12.662546 -5.634669
9.920444 -2.592241
13.923141 -3.974619
11.093375 -3.371301
13.869568 -3.175344
14.621594 -2.862245
14.299448 -0.234196
