8.965482 -13.654463
9.925651 -11.140494
7.600763 -6.852226
8.919255 -6.924170
6.992989 -8.018981
9.302031 -7.389671
11.134665 -9.239008
11.829641 -9.926064
12.684118 -10.902262
6.437345 -7.962236
5.182756 -4.432052
5.737108 -3.914956
5.683567 -2.303620
5.978064 -1.321041
4.574086 -1.614484
7.463197 -1.608203
7.735895 -1.261128
5.890047 -1.586685
4.228614 -2.600390
6.970751 -8.213233
7.294966 -8.663294
6.827206 -7.286074
8.663444 -7.388352
7.561944 -8.735199
8.093729 -7.703362
7.754068 -6.694748
6.626158 -6.962061
4.978929 -4.304495
4.909110 -1.984756
5.594647 -1.110174
8.003543 -1.391299
8.823053 -1.544281
8.112309 -1.439273
8.761306 1.244905
6.881956 4.197329
11.226927 4.593318
12.679437 3.935954
14.835775 4.328980
14.484339 1.035670
16.175724 3.503528
15.202610 7.660634
16.969233 10.140604
