-15.989602 -3.935988
-10.549479 1.536934
-7.724914 3.383720
-7.914409 6.106905
-6.206538 9.125194
-3.359484 7.295308
-1.633797 6.176716
-0.785235 5.375682
-0.670384 2.153647
-0.997183 3.197634
-0.367509 1.585578
-0.016579 2.033844
0.236192 4.384356
-3.376214 7.455967
-5.043729 6.417723
-3.273776 6.950695
-3.521495 6.820154
-3.410897 6.995136
-2.553080 6.673176
-0.707168 5.551817
1.167592 5.784103
-1.667651 5.468525
-1.698750 4.403740
-2.404784 6.250810
-1.489060 6.839011
-3.343266 6.590350
-0.505866 5.824046
-1.718355 4.722845
-2.954730 7.719556
-2.096452 5.416756
-2.164412 5.567743
-1.525888 5.087339
-1.266837 6.721901
-0.841463 8.145353
-2.295347 6.947132
-0.514731 5.587048
1.389897 5.062844
4.056684 5.725477
5.093615 5.959288
5.693978 9.975519
8.431035 18.126637
