13.106495 15.189679
11.367287 7.929092
10.936802 5.524663
8.101189 2.987129
8.666691 2.222356
9.066117 2.695894
9.086641 3.974340
6.607358 2.561816
5.955576 1.508658
7.693947 4.011329
12.000912 4.356483
11.008022 4.008872
12.221683 5.638495
11.126120 6.731753
10.999319 6.728717
11.023405 3.598030
11.013807 3.998331
7.858015 6.808939
8.241204 3.078964
7.913263 1.739097
8.516968 1.243338
7.721992 -1.441846
8.569500 1.418722
6.436872 -1.376704
8.565538 -1.270127
8.720764 -0.933460
6.997235 -0.424717
6.667635 2.087927
6.370005 0.074015
6.208639 0.214173
8.861506 0.092011
6.371619 -0.830079
6.400002 -7.729636
7.634147 -8.782564
9.048544 -7.382565
10.067492 -10.659701
8.337038 -11.055659
5.087536 -9.278867
3.893998 -4.507808
5.153508 -1.866122
5.459929 -2.132685
5.026103 -4.455917
4.566750 -4.635793
6.270139 -6.331099
4.094834 -6.950223
5.297915 0.228658
8.854925 -0.783296
5.945090 1.786093
7.658015 0.803730
8.412584 0.125480
8.294135 3.967748
9.809735 5.024129
8.144629 2.043185
7.276011 0.301395
8.598074 0.786988
7.646929 0.776041
5.956196 0.283606
6.849760 -6.656149
8.857172 -1.386203
6.252206 -1.284376
11.009598 -1.637675
8.710123 0.808428
6.722406 1.018901
6.321339 3.170565
9.121281 3.415445
9.570906 3.775831
11.760614 3.752027
16.123381 0.515182
8.324702 -1.521527
7.522494 -1.530791
6.625214 -1.293195
4.411885 -2.577131
5.888060 -3.917644
11.702690 -5.201522
8.466873 -1.456710
7.173962 -0.592594
6.994220 0.527733
7.846203 0.910955
8.931515 -0.707409
7.934331 0.096071
11.194337 5.301051
12.124969 3.709219
14.265498 -0.908296
12.429009 -7.680573
14.567273 -9.381943
5.952743 -2.002704
5.762626 -1.964508
8.319202 -1.460629
6.753742 -0.203820
7.676723 3.748130
8.209421 3.625276
8.531540 0.245151
7.367917 0.810825
4.081859 2.321859
8.006152 3.521986
10.076278 3.764691
7.451400 5.052442
8.976950 1.870329
8.635480 2.777469
8.833286 0.587364
8.400046 1.679973
6.395131 2.487071
4.062045 0.924226
8.567133 -1.223584
8.521778 -0.468700
6.328430 -1.393461
4.754810 -4.455364
5.551882 -5.187825
5.754498 -5.604690
7.380175 -7.417136
6.079432 -3.620780
6.273402 -3.145432
5.176837 -2.182271
5.962172 -2.065429
8.203207 -1.117741
9.764799 -1.629729
9.463378 -1.592849
12.213723 -11.549512
15.999899 -6.903306
6.038564 -4.199039
7.720890 -0.199169
5.563947 -2.545082
6.316937 -4.327217
5.214963 -6.454468
2.026518 -7.008486
2.662726 -3.684775
7.417982 -1.438262
9.483175 -7.402047
8.489042 -7.726854
6.872834 -9.151410
7.492826 -7.240033
6.449974 -6.661469
3.780591 -6.609720
8.973781 -0.390369
8.826338 0.787083
7.954174 0.813769
7.996859 2.433476
8.820971 2.087173
9.061744 4.068810
12.310794 3.699170
11.413338 6.101698
13.263865 5.995527
12.012883 4.800398
14.401497 1.096844
14.748968 0.500799
14.354544 1.334283
15.311876 5.207635
13.474116 4.095556
12.654179 3.490058
10.062021 3.724311
9.939905 4.678767
6.619281 4.010205
13.535652 3.954968
9.922461 5.104054
6.507025 3.554300
8.522192 2.808475
7.355993 2.702726
8.449178 1.567937
8.740124 1.373118
9.031456 -0.957506
5.751930 -0.448710
7.761831 -0.596003
7.263102 1.817866
9.716537 4.015966
6.215139 3.448025
8.386202 2.004037
8.589490 1.206476
5.243372 -0.810816
7.555028 -0.912832
7.437644 1.093479
8.434580 1.137334
7.470579 -0.460022
6.030731 -1.741692
6.605315 -0.020042
6.529504 0.404105
8.128576 -1.345179
11.471541 -5.837389
11.920533 -2.780346
13.218553 -6.868848
7.990272 -8.385501
14.835730 -9.585841
11.747828 -6.369274
10.979670 -8.995753
11.214420 -7.070515
8.579149 -9.843228
9.264886 -9.428082
7.007643 -8.693707
5.378962 -7.170016
6.407393 -4.675461
6.127145 -6.405399
11.143066 -11.722583
9.620339 -6.776948
3.988981 -2.421643
5.912918 -2.525032
8.396431 -1.031288
8.360678 -0.565905
8.478242 0.429397
5.481658 -1.509776
5.738817 -7.906308
5.677845 -6.528982
4.598101 -4.953124
5.363272 -5.811927
8.664931 -8.620914
10.214495 -6.882673
10.994819 -10.587089
12.010176 -11.487144
11.652041 -3.770047
11.919548 -2.597492
8.393379 -1.283921
13.971621 4.299872
11.675613 4.234034
11.037512 5.003356
9.002754 2.931197
5.906873 -1.599011
5.762370 -7.536262
7.029566 -9.273957
7.537550 -8.424184
5.043153 -7.410375
9.481256 -8.561204
7.443992 -7.254358
8.774740 -7.777326
9.133738 -8.059443
2.179403 -7.632707
5.897462 -8.240342
6.105384 -4.454433
6.960967 -10.579881
8.815529 -8.392732
9.799917 -7.095031
11.882772 -7.275049
15.522449 -10.771216
11.799430 -8.556602
12.527128 -8.821371
10.983345 -6.752236
6.705564 -8.860244
8.790172 -14.471836
