4.868207 18.459763
3.511214 18.184292
0.612575 18.776171
-0.337763 14.629947
-1.764870 11.503594
-1.215864 11.589602
3.283927 18.961897
7.020274 14.726653
13.457491 19.838160
8.711500 15.986241
9.005975 14.166673
9.956554 10.583720
7.003081 10.407616
6.996028 9.858958
5.150229 10.072351
4.374714 8.498423
4.542392 8.271977
8.500685 7.225168
3.842996 4.812027
5.007679 4.764134
4.646039 7.284286
7.383504 6.468374
4.143642 5.914119
6.315626 5.859922
7.381729 8.185777
7.085456 11.497073
8.708857 12.284145
8.885951 8.477808
10.252374 7.986771
6.976158 7.695424
4.966614 7.882157
5.796683 4.107964
5.188836 3.854219
2.535113 5.248529
3.269894 4.409667
2.522192 5.247878
-0.272855 5.682237
-2.432683 6.935750
-1.649603 6.678545
-1.421648 7.232706
-1.352616 7.781401
-1.298912 7.618375
-2.142963 8.172897
-0.727753 7.872689
-1.931310 6.517573
-0.870708 6.994591
-1.745597 7.785582
-2.468765 6.673409
1.121631 3.994106
0.642029 4.023527
1.574432 3.848644
4.123255 5.097747
5.094354 7.918064
7.708023 6.982165
5.429319 8.319850
6.668269 11.039912
6.101183 8.126731
6.959232 12.011510
5.331320 12.271064
5.516885 11.683829
4.566185 6.285339
6.019044 11.329038
2.635933 11.275410
0.364510 10.966866
6.123836 7.995115
6.669785 7.478923
4.873914 10.097847
5.504214 8.306730
6.487665 6.891315
6.222748 5.458937
4.766568 6.923649
5.151561 7.927305
4.282551 5.540180
0.539462 5.207341
0.900262 5.167027
-3.673732 11.555795
-0.527336 14.175626
-1.249520 10.145623
-0.716249 9.499828
1.204908 5.784488
1.373400 4.586207
3.243863 10.976111
7.367673 10.959616
4.461388 9.480030
5.874397 7.555299
5.033559 6.714076
4.494382 8.634583
5.579895 9.244283
5.577627 15.257621
6.080374 13.217374
7.157613 12.094234
9.499018 16.344412
5.726886 11.718833
5.527665 10.298077
5.641975 12.125689
6.613964 13.552512
6.819359 12.001522
8.630488 9.204226
5.219803 8.822105
5.022519 7.447618
2.598023 5.419626
2.051886 4.663282
2.687113 11.018826
4.705069 8.669299
7.024059 9.356165
7.973468 9.710782
6.150694 7.701437
4.352920 6.378043
5.131592 5.860836
5.919118 6.564147
4.772087 8.898547
8.044728 4.766282
5.636364 4.739952
5.266056 3.964711
1.955467 4.882919
2.604181 4.945145
-0.132907 5.613636
2.985618 4.278528
4.525339 7.922426
4.388792 8.318695
-0.827388 7.590370
-2.289404 8.688931
-1.015738 8.338555
-2.010403 8.326098
-1.294003 7.973251
-1.734474 8.974545
-1.006001 9.798951
-1.279775 8.481672
-2.095625 8.019834
-0.337065 4.782861
2.968005 5.683667
-0.021141 4.890769
-0.509173 3.549337
-0.067442 5.486892
0.909044 5.947546
1.778133 5.240408
1.642256 5.070613
0.285113 2.901015
-2.700933 7.446838
-2.895944 8.774630
-0.785558 8.836774
-1.831468 7.720576
-2.718124 9.093506
-3.180892 9.287309
-1.485143 8.519528
-2.362934 5.525389
-1.343125 7.755044
-0.759688 8.205766
-1.873380 5.890440
-0.037113 4.674336
0.671517 5.475188
-0.817268 5.812528
-0.699122 6.472866
-2.088070 9.406526
-1.505500 10.949820
-0.334525 11.012858
1.109412 5.601985
3.765990 5.825189
6.023885 4.236761
4.244157 4.304743
6.397243 9.168073
3.380992 3.873753
3.378465 4.242354
-3.564902 6.859957
-2.241985 7.325122
-1.209249 8.068512
-2.461488 6.344069
-0.364093 5.088413
1.579589 4.030926
2.161416 2.632479
1.522894 4.997440
0.497121 5.820218
3.343956 4.540250
3.657914 5.300301
4.503062 6.227120
4.757276 8.629537
5.090227 8.072311
5.557757 8.766828
5.386033 7.445114
3.855412 4.365784
3.299875 4.666757
4.577262 9.078452
5.167855 7.859651
-2.902371 8.046004
-2.135030 9.251138
-3.842158 9.066973
-1.042790 8.578526
-1.357140 7.357377
-0.374941 4.427097
0.344031 4.867701
-2.261186 7.062520
-0.707275 9.064880
-1.449029 9.243847
-0.174419 17.377028
1.407593 17.771721
4.892526 17.576942
7.328177 14.250564
6.672342 10.907947
4.333972 10.969689
5.473446 9.857314
4.333121 9.315513
6.261557 9.866545
6.154693 14.120451
5.296862 16.117756
5.377670 12.476279
5.128180 10.711484
4.959316 9.422161
5.255408 15.773799
5.548401 13.384770
-0.898198 11.149647
-0.233708 12.907792
5.819558 10.257203
5.735952 8.561399
5.388769 8.835434
5.523094 9.838670
7.451160 9.031482
4.875243 9.589722
-1.023649 13.006207
8.440117 9.849380
9.830916 10.071820
4.184773 11.115540
4.489754 11.107502
5.319942 11.282585
7.077739 14.609233
7.266770 15.680531
5.966955 11.261961
6.760085 12.551383
6.673210 11.284373
5.788709 10.353102
1.541436 3.972567
2.009953 3.152095
2.946999 5.641496
-1.771821 9.046469
-2.344606 9.258404
-1.397347 8.414946
-1.075935 7.562822
-1.767516 8.843318
-1.832803 11.623171
-1.396142 10.519597
-1.813446 14.045999
8.858168 10.855849
7.814167 8.818582
0.919618 16.444956
1.362627 18.204699
-3.749424 14.788753
-0.469418 13.034209
-0.265098 11.922316
-1.220666 12.718005
-3.612639 9.863729
-2.814361 8.441862
-2.318016 5.515553
0.181845 5.509529
1.719569 5.389721
4.447972 5.123583
4.577629 5.438877
2.438549 5.888514
1.284906 5.735756
4.518619 5.757029
5.310045 6.898912
4.281782 4.526710
5.259358 4.098879
3.850213 5.667465
1.965549 4.841155
-1.181294 5.892622
1.890368 5.700039
0.728577 5.164526
0.826991 4.254242
2.035732 3.763709
0.870153 5.724932
-0.474818 5.947204
-2.216661 5.977458
-2.415678 7.487541
-5.567158 6.379171
-1.578133 9.120862
-1.047417 9.047273
-1.417036 9.121293
-1.061660 9.017411
-4.910808 10.762485
-1.697327 9.313212
-2.860713 6.951386
-2.777922 8.224540
0.062868 11.515165
-2.963510 11.175557
-0.240599 12.998101
-1.433564 8.874269
-0.874704 7.053411
-0.690247 9.794817
-1.354509 8.744522
-0.728212 3.715041
-0.486602 5.900046
-0.132157 11.123927
1.996298 11.255733
4.999359 11.216736
6.323082 9.159061
4.851198 9.871657
6.398922 8.480477
6.734203 5.500921
6.509281 8.476012
4.747574 6.508219
4.600123 6.550248
6.309952 5.618077
3.372612 4.719432
3.331318 2.679473
1.403076 4.405970
-2.081141 6.335773
-2.558418 9.006520
-1.623072 9.025243
-0.228859 12.784533
-3.105282 11.291711
-2.119212 11.586797
0.205623 11.011292
-2.127677 11.092957
-1.916676 9.835185
-3.919957 9.426710
-3.579754 7.053144
-2.477114 8.944908
-1.861211 5.988321
0.956592 4.856538
3.348716 3.466892
4.481492 6.126859
6.363303 10.581047
7.867774 9.331872
5.561010 11.512139
7.114147 11.594772
9.225448 9.917877
2.659680 11.120102
4.701251 11.284170
5.416098 7.574468
7.053259 8.208682
6.405140 9.858401
5.804463 13.849138
8.348415 13.544452
5.791375 10.432801
5.047238 11.280004
0.906466 11.219444
0.878756 11.197274
-1.073306 11.393398
-1.292415 13.051447
-0.766265 19.029274
-0.007946 11.116865
-1.009323 11.950665
-1.449220 6.904480
-0.607916 3.480718
-3.536198 -3.339008
-5.688226 -6.757252
-10.296414 -10.651575
