16.129112 12.484894
14.639277 7.011089
10.731184 4.926819
11.819208 6.756539
13.059736 4.744163
10.093014 4.125883
8.775365 4.194168
8.735043 2.096388
7.775813 2.422243
8.845841 5.723421
10.669916 3.669001
9.910284 3.715862
11.495062 6.521095
11.993143 3.763522
12.731241 4.297586
18.083294 1.219970
18.787361 -7.111574
16.369118 0.978716
16.340469 10.741223
11.311916 3.439639
11.402117 6.472946
12.849014 4.202096
11.092426 5.385037
2.751175 -2.874230
3.758574 -4.732737
5.035070 -2.841456
3.244485 -3.789230
7.170471 -8.477378
8.770466 -6.924006
8.125904 -9.203407
9.787368 -9.325923
10.205031 -7.000375
10.051684 -6.925855
7.792228 -10.179801
4.306863 -9.217420
6.315642 -7.476707
9.016292 -10.275713
8.377522 -10.251421
12.707940 -8.555306
10.627891 -8.736362
13.109825 -8.832952
11.484387 -6.929821
11.949373 -6.772735
15.646030 -7.755435
8.008761 -10.644000
9.053820 -9.043305
10.657846 -11.360886
6.972470 -11.180668
10.899457 -13.508707
7.647100 -9.648566
6.105177 -7.708800
4.896515 -7.670822
5.098987 -7.625122
7.678865 -6.922080
7.948611 -8.785796
5.582738 -5.961938
5.281935 -1.691415
4.452138 -1.782559
3.620219 -1.390529
3.519869 0.213081
4.497240 -2.027086
5.643480 -3.604345
5.351472 -3.674265
5.120853 -5.469406
5.848690 -4.295665
6.130509 -1.009299
7.966941 -1.261321
5.625017 -0.622394
4.724276 -2.215793
6.141779 -2.274961
4.901282 -4.936011
6.587229 -7.739546
7.859752 -7.772936
9.810492 -6.803486
14.096230 -10.285304
13.099434 -9.752351
13.233644 -10.271008
7.925642 -10.144729
7.649648 -7.966842
2.465219 -8.594394
7.369575 0.649600
8.999605 1.720235
8.079195 1.172680
8.564943 0.841636
8.940830 -1.198880
5.200962 0.090188
5.418593 -5.319784
6.043425 -9.033359
8.721049 -8.057917
7.801708 -9.681727
9.712699 -7.637863
9.743671 -7.966197
9.809527 -7.738002
7.651955 -9.224541
8.551635 -9.784505
7.891756 -10.087350
8.180893 -7.621711
9.614172 -8.799273
8.398142 -1.530236
8.743487 0.942805
8.647518 2.278416
8.725918 -0.957995
6.105909 -4.707493
4.280251 -5.313991
7.375650 -8.267370
7.315611 -10.215294
10.611311 -7.971438
11.470737 -5.344711
11.608034 -3.270994
11.903250 -4.272170
11.833888 -2.912025
9.019184 -7.768111
6.238070 -7.484503
5.932199 -2.515603
4.962326 -0.932215
6.068495 -2.311028
5.013489 -1.917893
7.524015 0.126246
7.989712 -0.592368
8.165813 1.867909
6.550596 0.461330
6.869949 0.645612
8.541145 0.667850
8.966352 0.116533
8.500927 -0.489556
6.333981 2.806496
10.259239 4.000686
8.402752 4.187841
8.816779 1.254369
12.226264 6.305082
17.113853 6.358238
14.627768 5.334480
19.818218 6.556043
14.252304 2.387317
14.605791 2.232652
14.322001 3.359489
12.594473 6.180756
11.547163 3.517045
12.440907 3.967525
12.011135 5.009565
13.435965 3.853855
10.898615 5.069147
10.121011 5.094356
12.287400 5.514727
14.371304 2.247846
14.215283 1.770063
14.703711 -1.541039
10.961382 -7.551245
10.236263 -7.497252
9.153963 -9.896518
9.550717 -14.068627
4.262881 -10.482038
3.065776 -9.541718
7.806694 -9.160552
8.286997 -6.812425
8.503562 -6.973838
3.243726 -5.823716
3.780900 -7.164732
6.259709 -2.859517
8.137747 -1.616244
8.642462 -1.225464
6.592828 1.135912
7.145993 2.933342
8.800079 6.106058
11.955975 3.864685
11.607308 4.406755
14.967519 6.300157
15.406934 0.258207
16.908031 2.256552
16.147007 5.748425
10.680558 5.449102
9.775172 6.334963
8.742861 2.819150
7.735510 4.163001
11.695363 9.337043
10.889921 3.952003
11.367529 3.706309
9.965940 4.119174
9.784678 5.063051
10.789696 3.681319
8.134646 2.203997
8.414391 2.012623
7.983735 -1.255915
8.891101 0.057668
8.619641 4.261700
10.860886 4.331005
8.577426 5.337194
8.939590 2.367642
9.027582 1.246319
11.485533 4.024606
8.404091 3.303920
11.137053 6.356716
11.562065 5.355912
10.823330 3.813842
12.148619 3.973219
9.062792 4.182356
8.562838 2.655691
8.772084 -0.025020
8.458588 1.250524
8.087236 1.007879
8.560575 2.513389
8.163198 2.179610
8.196554 4.281513
12.957502 6.231427
7.248193 2.128003
7.696071 2.028402
12.074697 4.405052
9.249419 4.069438
11.318602 5.277593
14.066227 5.307302
10.455095 5.027452
10.970789 4.967036
13.492721 3.570542
8.876472 5.515087
7.632982 -0.444764
8.714598 1.583762
8.105627 -0.060466
7.730573 1.949788
8.676656 1.357311
7.758162 1.077797
8.158860 2.792086
8.991728 2.127164
7.162153 7.288490
9.886147 4.081934
8.094425 4.266757
9.102979 3.003045
8.459271 2.912124
8.389321 -0.292861
7.004048 1.144664
6.973977 -0.355764
7.352331 0.639767
5.197380 1.158738
4.851080 3.054190
11.652536 3.661898
12.397953 3.899271
12.705666 3.731344
12.658671 5.205766
5.758137 2.476182
5.740385 -6.416999
5.150668 -6.559579
5.041105 -2.543297
6.968445 -1.219670
7.497983 -0.502164
9.071721 1.009982
7.541494 1.441719
7.229999 1.176974
6.754284 2.394827
11.562515 5.972925
10.705706 4.689662
9.538283 4.812699
11.575005 3.824762
10.491716 7.607180
14.747561 2.934307
14.663139 -0.138684
15.994728 2.354949
16.548893 0.909839
14.139394 4.292102
10.687486 3.594809
6.918617 3.356824
8.325483 0.576488
9.086984 -0.117643
8.310082 0.347672
8.615529 2.785969
7.842160 6.136131
9.681666 3.764166
9.423537 5.182062
10.317835 3.963636
15.252101 4.171579
16.592590 -0.213345
16.251904 0.962505
10.796734 3.899192
7.513285 -0.412243
11.749372 -7.542637
11.835283 -2.025404
8.826145 0.905135
8.399361 1.342374
9.025935 0.487734
9.087543 3.848584
12.505619 4.016870
8.517886 0.656799
8.196901 0.226588
5.457515 -1.644714
3.764001 -0.827928
5.647758 -1.351875
7.693350 -0.923921
8.029984 -6.953119
8.269851 -7.659348
5.340765 -4.786954
5.667381 -5.356963
3.082870 -4.379935
5.715823 -3.909214
8.130101 -7.894995
7.158008 -7.304740
5.775928 -6.926856
9.389321 -7.483843
8.585077 -8.551270
9.660566 -7.121826
8.609312 -10.100852
3.269087 -4.012981
4.675710 -1.539647
4.724560 -1.252996
6.353619 -0.391304
5.211107 -4.320544
5.221780 -7.189016
10.572087 -11.552172
8.356159 -11.900481
12.686130 -13.576892
16.651188 -10.709861
16.413847 -12.128587
11.342428 -7.384257
11.826886 -7.077207
9.564791 -7.638259
11.403868 -7.267784
9.246120 -7.483716
8.079288 -8.458325
7.851227 -7.323113
5.048861 -8.695168
5.817767 -5.855890
3.547726 -5.334691
5.896608 -2.969428
6.380527 -1.639139
3.999796 0.269664
2.353583 -3.104842
6.590236 -0.439351
7.556828 -1.070987
5.083027 1.262982
9.360415 5.247967
13.456631 4.337893
7.668530 4.952480
8.124573 3.059310
8.636139 1.702790
8.413659 0.910444
8.925177 4.374023
10.320066 4.894275
11.136065 4.306728
9.860928 3.644337
9.507734 3.425694
14.580007 5.295078
14.688579 0.988346
14.130872 2.760386
14.609924 -1.359116
17.140093 2.286477
17.616131 1.231869
17.323496 -4.385303
18.092604 -4.848527
16.565378 -7.849921
8.410722 -7.877567
7.554366 -8.123708
5.428120 -5.373686
5.824241 -5.476472
5.938291 -2.309541
5.109863 -0.579458
7.756305 -0.848060
7.647083 0.728593
5.340650 -2.349987
4.816935 -4.666311
7.313732 -9.679064
7.921570 -8.799912
11.594466 -7.333870
14.112451 -8.739596
19.599850 -10.062555
17.617302 -5.252169
18.014421 -6.751171
15.784249 -6.753178
13.989738 -8.823244
6.445360 -7.881195
6.959105 -7.164871
4.863893 -7.806284
9.151384 -7.809701
9.548622 -7.413587
12.864734 -11.070045
11.572250 -5.884417
12.219387 -11.696369
8.683517 -8.086482
7.317931 -8.736650
3.884667 -4.447734
8.304827 1.927979
6.924824 1.114456
7.287755 2.871069
10.021408 3.842227
9.343751 4.014196
6.870058 -1.012727
8.867226 0.793792
8.748087 1.155668
4.746473 -3.225106
5.495115 -1.474000
8.588205 -0.665502
7.541593 -1.631618
7.897728 0.027109
9.110168 -1.595507
8.208487 -0.721262
8.493302 -1.193618
6.923494 -0.098048
8.865258 -1.509249
6.874844 -0.303895
7.630470 1.497503
6.779213 -1.072835
3.946281 -4.436066
6.349461 -2.645334
5.648471 -4.324044
5.224293 -4.439911
4.019972 -2.654586
4.048470 -4.970722
4.108565 -3.598778
7.017785 -0.356148
7.259185 -1.537554
5.419448 -3.343591
3.924884 -4.136926
7.359146 -7.846717
7.290565 -12.564668
6.987458 -7.989506
6.906300 -8.227920
9.781974 -7.266725
7.423896 -7.459239
8.013300 -9.673881
8.635970 -8.619856
8.027388 -8.001439
5.577884 -6.718788
4.699652 -4.826955
5.363922 -3.844942
6.612113 -1.177684
7.982522 -0.997077
8.172197 2.252137
7.099595 0.548990
6.755249 -0.375894
7.461536 0.913836
8.147687 2.606441
9.016258 3.814435
13.947967 5.617813
13.394172 6.587558
11.659964 5.532619
10.924039 5.068111
11.132466 3.809981
14.998648 2.032283
15.537340 2.887424
14.549244 -0.291883
8.890114 2.651110
8.404718 1.937632
8.789034 -0.740148
9.107510 -1.189977
8.718761 2.825058
9.047850 4.414937
10.894310 4.981619
11.762470 3.469661
10.398842 3.425416
9.111755 3.417005
10.191123 6.776816
8.780540 7.212781
9.080956 2.343387
8.489351 0.500855
8.151036 -1.111830
13.502447 3.425995
15.612983 -0.500364
6.110837 3.235886
7.186155 0.005238
7.554358 0.712184
10.350376 3.441366
11.124112 -1.594724
4.746691 -4.324158
6.733468 -7.370118
11.863760 -4.373573
11.705671 -2.759391
8.794144 0.347126
6.725945 -1.598420
5.678226 -2.128597
4.475656 -5.548968
5.515967 -4.530982
4.486623 -4.513470
4.328089 -7.038541
3.141933 -5.140415
5.358504 -3.234928
6.321141 -3.417404
6.317907 -4.102558
5.123900 -2.767899
3.083291 -3.204252
5.644193 -3.738054
6.643480 -0.952504
7.558115 1.091810
7.586394 0.493897
4.936037 -0.199485
6.422102 0.225876
5.724796 -3.419531
3.122658 -7.283126
5.479510 -3.725091
5.881529 -3.764582
4.524352 -8.105369
4.191426 -7.925024
6.163807 -4.746067
4.826896 -2.521817
6.930305 -0.652605
8.698231 -1.175793
7.896690 -1.091129
7.208862 0.347298
6.058238 -2.095514
6.304222 -6.295707
4.843667 -7.778448
6.696140 -6.671897
9.667986 -6.820921
7.934477 -9.625349
5.180281 -4.895578
6.111069 -4.012598
3.876545 -4.092944
2.903730 -5.569091
3.659662 -6.864563
10.813879 -7.652674
13.009790 -7.246334
14.948292 -9.960994
14.031717 -13.484741
