-12.868610 6.573233
-9.651619 2.353727
-9.017606 1.552943
-11.904123 -0.501595
-9.880335 -2.982486
-11.374712 -3.214982
-6.541821 -5.210491
-7.851805 -7.317923
-7.973286 -4.224261
-8.403532 -6.199269
-7.736218 -6.199337
-7.387770 -6.814741
-7.839299 -6.368017
-6.682604 -5.909761
-6.565568 -5.205430
-6.448911 -8.221958
-10.835578 -7.104344
-12.810663 -7.395683
-12.369244 -0.981081
-10.357353 -3.238337
-7.802361 -6.729022
-6.395196 -6.059595
-10.244791 -6.230222
-9.652528 -5.862502
-8.355649 -5.741103
-7.313288 -9.167952
-4.958645 -13.878829
