19.405199 0.602372
16.362026 -1.131505
16.053942 -1.434999
11.133472 -7.252139
8.569034 -7.035743
10.685442 -7.845446
12.268635 -8.519784
13.874272 -7.868656
10.220902 -11.943450
8.069260 -9.456809
9.865257 -8.178899
9.662533 -9.470221
11.686157 -6.987025
11.187006 -7.205404
9.715734 -9.485309
9.751720 -8.269008
8.195167 -6.744503
8.181503 -9.184289
9.232954 -9.550625
5.487383 -9.854808
9.728892 -7.873780
12.791997 -6.647678
10.564969 -10.237007
13.241930 -10.237138
11.457979 -5.438252
11.819646 -4.823508
11.686935 -3.922343
11.856551 -10.998601
11.499125 -8.316368
10.828753 -8.569958
10.890616 -7.149341
8.049265 -0.891150
7.271845 1.232481
11.509258 4.435414
8.500372 3.705002
9.765913 3.831336
8.450729 -1.336404
8.694576 -0.520170
8.176068 2.252698
9.085211 -0.924241
14.550402 3.891470
12.580641 6.319798
14.458716 -1.161822
18.128290 -1.836012
13.765474 4.472914
12.860275 4.174016
12.687590 7.035447
10.660867 5.806094
9.739981 3.762055
7.414587 4.593074
5.939641 0.204396
8.202723 -0.220142
8.325092 -0.863928
7.592033 -0.559992
5.211817 -2.411970
6.103312 -2.498357
5.716922 -0.008628
5.461019 -0.884254
5.550934 -1.319685
6.437835 -0.363147
6.826432 1.805729
8.469612 0.209621
8.228106 0.643396
8.004866 0.721112
8.525773 -0.314476
9.076544 0.169768
8.951576 2.325548
8.964236 1.928936
7.066206 1.159583
8.190704 -0.978265
6.739758 0.163899
6.123038 -2.808330
4.124595 -2.028465
2.827169 -3.135951
5.329283 -2.449494
6.349032 -3.886757
3.706205 -6.636057
6.157115 -6.265248
8.068341 -9.929118
8.755959 -7.016024
10.983724 -7.570289
7.998191 -8.284122
4.397342 -7.547697
4.461359 -5.292555
5.906828 -4.449153
6.437577 -1.724660
4.052649 -3.467570
6.259442 -4.532218
3.826293 -4.262597
6.078409 -4.684570
4.804548 -3.905592
6.338169 -7.245500
