13.603530 10.742700
7.679660 6.909006
5.583841 3.936392
2.804732 2.265399
0.634430 1.452366
-4.574749 -1.974689
-4.296526 -3.139932
-4.486300 -1.854060
-4.296991 0.979684
-3.852550 -1.517538
-4.214531 -1.223001
-4.019008 -0.499401
-2.933996 0.034811
-6.320364 6.357615
-5.731409 8.263154
-4.053855 7.270373
-6.276846 6.550526
-7.742994 3.524546
-8.943298 4.846805
-9.002131 3.823315
-7.822110 2.432894
-8.287172 4.058383
-9.138191 3.950206
-8.806421 2.943413
-7.521181 1.398986
-9.232600 1.818993
-2.910297 -0.097121
-2.066808 1.952420
-3.397764 -0.022413
-2.555006 0.766244
-6.140743 1.229783
-4.013945 0.966496
-2.952055 0.334741
-2.083703 -0.265515
-7.948519 2.180054
-7.807279 1.192553
-9.657020 1.603145
-10.828294 3.929656
-10.225184 -0.073612
-3.282866 -2.657608
-2.888713 -1.685042
-2.665430 0.805727
-3.012401 -0.013854
-1.970039 -1.050881
-4.209412 -1.485237
-4.167230 -1.897213
-4.066582 -3.116231
-4.150651 -0.713903
-3.271154 -3.670346
-3.007984 -4.251547
-4.256500 -2.841505
-4.294354 -1.548000
-3.805010 -1.039979
-2.618309 -1.121405
-1.778481 0.331211
-1.748837 -0.226800
-2.472911 2.813720
-2.410340 0.985446
-2.232586 3.427058
-7.954172 4.785293
-9.137355 5.283417
-7.779600 1.821734
-9.779329 1.774105
-9.974627 -0.220681
-11.376456 -3.263055
-9.618814 -2.655489
-9.861576 -2.259194
-10.638796 3.290040
-9.677144 -0.814833
-11.758947 1.345424
-8.040096 1.780923
-10.339071 -3.020262
-10.117697 -6.197280
-8.898363 -3.948225
-5.267529 -6.286027
-11.141727 -4.975095
-9.897710 -5.477280
-8.653946 -4.492329
-9.724749 -4.218724
-9.651327 4.813862
-10.019150 1.004708
-9.779285 3.915741
-9.287631 3.049893
-11.191464 0.714504
-12.500186 2.591927
-11.065050 0.758553
-9.659546 3.547528
-7.776802 3.667686
-8.461393 2.682841
-8.449293 1.893257
-8.683475 3.445600
-4.583279 -2.832102
-6.961132 1.263380
-6.935086 1.143125
-7.279564 1.170068
-2.800086 -1.953579
-3.506226 0.755698
-2.471685 1.551449
-4.105432 0.735800
-3.608267 -0.572565
-2.269077 0.091928
-3.412343 0.807798
-4.959658 1.213222
-6.524931 1.118496
-2.720931 1.169189
-3.621780 0.721521
-3.075853 0.352044
-3.870920 0.243678
-3.057447 0.187353
-4.232780 0.896794
-4.544015 0.554616
-4.352943 0.305006
-3.994210 -0.235190
-3.009307 0.382246
-1.849417 1.286654
-2.616633 -0.785719
-3.926897 -2.129128
-4.041903 -4.146483
-4.596338 -2.983078
-3.475309 -1.789643
-3.874978 -3.117810
-3.760033 -3.587333
-3.253690 -0.331466
-4.135868 0.613772
-3.288335 -3.339159
-5.236575 -4.770793
-8.257103 1.140761
-8.849833 1.495849
-8.435332 1.326115
-7.630794 2.774336
-9.575030 2.180790
-7.532707 1.421691
-7.995465 2.476854
-7.711179 3.796163
-10.510221 0.208287
-10.800800 1.543146
-8.951998 2.749311
-8.614721 4.558421
-11.445494 -0.719211
-9.859455 0.513640
-10.784209 -5.691312
-7.823205 -4.194640
-5.821206 -5.634549
-8.762315 -5.278563
-12.861629 -6.158896
