14.842533 -16.400045
6.925610 -9.656508
5.115665 -10.693727
3.086431 -8.890525
0.865725 -5.452780
-1.755456 -1.129831
-4.001497 1.245512
-3.588196 -1.444437
-3.458876 0.448204
-3.811594 0.878738
-2.636995 1.073310
-5.045451 1.293180
-3.222390 0.601512
-4.100287 0.514260
-2.232944 0.669618
-1.802194 -1.386252
-3.328754 0.127687
-3.654632 -1.081449
-8.040361 -3.941854
-8.825823 -6.454985
-6.524678 -4.323639
-9.986499 -6.089717
-7.684252 -3.910742
-8.401555 -4.093758
-7.561890 1.386031
-4.093351 1.270981
-3.550036 -0.954860
-3.973021 0.179550
-2.511594 -1.117389
-4.411832 -1.128727
-4.461842 -3.375359
-4.147369 0.056458
-1.719987 0.230321
-2.131826 4.658709
-1.078252 3.707697
-3.872400 1.232095
-5.468038 1.181821
-7.410177 1.279281
-8.682009 3.786146
-9.063847 6.640529
-8.346470 6.082989
-8.443026 5.769718
-7.625760 3.825847
-10.896260 4.170281
-8.192166 1.831376
-8.001543 1.850128
-8.640905 2.795876
-4.715450 6.655100
-4.995829 6.610865
-1.528077 6.378104
-0.504484 2.872322
-2.012620 3.724957
-0.731113 3.156209
-2.180289 3.467000
-3.976421 6.834079
-2.050744 6.685076
-4.025149 6.400169
-3.853592 8.621476
-4.149209 6.330784
-6.341343 7.667116
-4.948742 7.186097
-1.970721 1.821242
-3.627672 0.002976
-3.948977 -0.027697
-4.283420 -2.207367
-4.316469 -0.408481
-9.440512 2.126590
-5.883251 1.263438
-8.499724 3.050418
-8.152207 1.652563
-10.421234 1.642669
-10.084121 -5.127959
-9.723628 -2.520838
-10.260523 -5.227911
-9.100674 -3.901981
-9.449514 -3.919763
-8.246355 -4.690519
-3.037699 -4.768957
-4.816809 -4.990271
-3.986349 -1.692646
-3.783357 -3.045487
-5.797027 -6.312171
-4.539965 -4.751731
-4.181352 -1.174626
-4.245658 -1.716920
-4.174235 -0.517235
-11.143406 -2.652988
-9.734931 0.680187
-9.211231 2.701777
-7.805935 4.888995
-6.184965 1.132720
-1.374253 2.819496
-2.400857 4.000997
-4.524729 0.347374
-4.202298 -0.407522
-4.418357 1.005604
-3.765103 -0.199841
-4.546869 -1.098063
-4.508195 -0.532444
-4.166239 -0.240367
-2.324332 -0.034199
-3.791885 0.441578
-3.572349 0.957324
-0.929657 0.921267
-2.063278 1.800279
-0.582829 3.278378
-1.021892 3.937097
-1.406268 5.309844
-2.091801 5.748167
-0.720119 5.667281
-0.262885 3.637620
-1.553977 6.635776
-3.354730 6.541587
-5.616834 6.858472
-4.634053 7.707395
-0.860518 5.728549
-2.176261 5.041609
-3.328521 6.633714
-1.553710 3.948788
-1.091274 5.882887
-2.719828 6.394936
-1.321417 5.762993
-0.833372 3.895567
-2.252962 5.377626
0.681869 1.677206
0.381159 2.638175
-1.236858 3.924059
-1.672558 3.563276
-0.693827 0.631529
-1.643990 0.762082
-1.958895 3.136955
-1.671731 3.720636
-0.552407 3.463306
-1.318620 3.996432
-1.765756 5.967653
-1.840661 4.306910
-7.909580 7.370066
-9.678328 7.114935
-5.956399 7.349889
-8.101543 7.085444
-7.933829 6.323741
-8.394411 7.395590
-7.842392 4.719587
-9.774950 4.398737
-7.951351 6.074243
-8.946033 1.328549
-7.699565 4.159399
-8.564489 3.256935
-7.816987 2.781517
-7.824085 5.039712
-8.923589 5.350052
-7.582760 5.276285
-9.284160 2.093282
-13.821946 1.562984
-19.521944 10.109607
