-13.243102 16.831234
-6.396380 13.561570
-5.793047 10.419987
-4.316233 10.046677
-1.189700 7.046832
-1.240926 7.772039
-1.311464 7.135500
-1.248838 11.243802
0.272311 11.199032
-0.627660 11.706692
-1.613893 8.484205
-2.818865 8.137316
1.476516 2.980541
1.695691 4.408756
1.377385 5.807348
3.582480 4.744356
6.757605 7.142403
6.002564 10.576062
4.599113 9.449805
6.461406 7.763915
7.456449 9.098686
4.559756 8.320770
4.883375 7.375038
4.635361 7.470058
4.650262 6.282617
3.910640 4.149097
2.151450 4.154755
4.685597 6.145108
7.796819 8.920872
4.946110 10.651148
8.525702 8.427803
