1.525885 -5.451429
-4.044842 -2.165717
-4.084566 -0.368543
-4.712623 2.210799
-7.212729 3.358475
-6.433739 3.643449
-7.636087 2.990572
-10.264417 3.358840
-13.609395 2.216141
-10.852665 2.535411
-15.588133 2.853481
-16.505505 7.180794
-9.394173 11.366723
-8.455697 9.057166
-10.578545 9.399703
-11.256670 8.670558
-10.990512 15.506742
-13.366615 7.754240
-12.633701 12.319903
-8.983996 9.117933
-11.785349 9.096673
-8.128977 8.831022
-7.187821 9.329403
-7.008060 5.914202
-7.591646 2.250178
-11.260780 1.286096
-10.200329 3.436158
-8.947526 2.473600
-7.742975 2.762646
-6.951256 4.686069
-6.218721 6.857069
-5.295342 4.832478
-8.367729 1.713223
-12.025335 2.540874
-13.826060 3.099557
-11.792539 1.885127
-7.009656 3.129928
-7.058101 4.279452
-7.790381 6.824172
-7.473142 6.784754
-5.880440 7.522867
-5.167579 8.062221
-6.610288 4.224886
-7.108501 4.758181
-7.783685 6.768569
-4.695790 7.763502
-13.232583 11.641133
-11.588058 13.129813
-8.876407 9.311293
-8.238784 9.691736
-17.230688 15.281357
