-7.733985 -5.347342
-10.035248 -6.620319
-9.907461 -3.363353
-10.099262 -3.346743
-8.617250 -5.502151
-7.384815 -5.702958
-7.642077 -5.298496
-6.795276 -4.095384
-5.520413 -4.026030
-8.263783 1.775805
-5.076127 1.321920
-4.600719 0.660746
-3.781480 -0.505285
-4.417840 0.804309
-4.490582 0.080243
-4.026127 -1.251139
-3.167504 -0.817483
-1.889377 -0.370354
-3.415801 -0.771693
-4.091363 -0.039017
-4.733130 2.224580
-6.357416 1.817210
-6.467766 2.093493
-8.187208 1.156879
-5.470825 4.148018
-5.792009 2.719642
-5.136408 1.179229
-4.963758 1.859317
-4.159454 0.375522
-4.553816 1.941189
-7.100246 1.691771
-8.853401 2.209010
-6.099020 1.902664
-6.760729 2.630841
-5.970593 2.543449
-9.811781 1.543144
-11.111036 -1.292786
-9.924225 1.032202
-9.957623 0.248083
-10.006375 2.155120
-7.502821 5.860293
-15.297894 6.733591
-19.219503 -1.724118
-11.439083 1.467155
-11.502525 9.706988
-9.313455 10.697562
-9.468706 12.962341
-14.405605 7.373505
-8.681949 9.013974
-12.144681 8.573875
-4.010780 1.988126
-6.214541 1.797290
-7.425306 2.830466
-7.799974 7.394533
-7.528969 8.752250
-5.695615 7.191966
-5.513284 5.724212
-9.293382 2.416025
-8.046359 3.291089
-8.415982 2.434488
-8.476303 2.862196
-12.683653 2.837722
-12.176332 3.218352
-15.496099 3.478246
-13.297282 5.606161
-14.455059 8.520536
-16.084415 9.806733
-12.789352 8.517616
-13.260590 9.694887
-14.974147 7.918272
-14.368464 2.384517
-8.535337 3.150120
-11.277750 -0.996353
-10.134435 1.093108
-9.000105 1.249654
-7.153492 4.693092
-7.271862 5.595401
-6.919346 4.757245
-7.124644 5.521748
-7.862571 6.280925
-6.377524 4.794649
-7.822187 2.028845
-9.478343 1.144888
-5.159113 3.597995
-7.380167 5.228134
-6.435562 1.881721
-8.176979 1.260783
-5.883399 1.749243
-4.329626 1.163936
-7.331942 3.708922
-7.898852 3.925524
-6.727184 3.384478
-9.110100 1.960885
-9.770306 2.131167
-7.770027 3.206984
-6.789168 2.759031
-7.637870 5.133345
-7.944182 4.466070
-7.201889 4.155978
-9.324947 1.414217
-13.792727 0.211149
-9.608532 0.564996
-9.687795 2.729546
-19.126904 2.616137
