-9.669942 10.712352
-11.253613 9.376008
-11.180132 10.163931
-12.603703 9.282056
-10.881947 11.094775
-9.870026 10.234138
-4.854510 8.451105
-6.527042 5.931304
-7.253528 5.241436
-4.650701 1.265443
-11.991564 3.217347
-11.421316 3.294178
-10.997608 2.343369
-5.969875 2.019396
-6.419433 5.829529
-6.063530 7.042762
-7.744674 5.881889
-6.952804 5.107539
-5.553425 5.746775
-7.542052 7.253912
-7.369832 6.910066
-7.581960 5.195264
-3.729874 4.378911
-8.761438 9.295873
-6.617036 7.422996
-8.213694 9.699194
-12.048838 10.234603
-15.154338 10.037014
-9.357089 9.389541
-9.801548 9.881861
-10.306737 10.112988
-6.092801 8.480403
-3.554310 4.938217
-6.155896 6.104574
-7.138053 4.285488
-7.334318 5.413189
-6.900227 5.617433
-6.880724 5.896819
-7.852964 6.475477
-5.870233 8.178052
-4.022369 6.719723
-7.901020 5.773597
-5.462163 3.897311
-7.330545 3.817443
-7.392973 6.165544
-6.398589 4.957326
-7.823247 2.978106
-7.080738 5.247056
-6.281272 6.158068
-6.131172 7.787792
-5.384232 9.379312
-5.641858 8.636960
-10.207844 9.861352
-10.323734 9.573106
-7.437518 4.491034
-6.323423 4.662580
-7.131688 3.889900
-8.871524 2.650896
-9.301726 2.378129
-10.738834 2.118473
-11.802044 2.502752
-8.396165 2.812039
-11.484450 1.299032
-14.635242 1.889871
-13.040051 7.348056
-16.492662 -3.372613
-12.208292 -4.104611
-17.129416 -6.362861
-15.988773 -0.391730
-12.371826 -0.877406
-8.796232 2.505921
-16.025816 -8.475672
-17.754251 -16.559031
