-5.366024 14.125971
-6.168359 13.057246
-2.747007 12.087704
-0.891175 14.716298
-1.791312 13.876414
-5.604517 12.110444
-0.500117 10.739318
1.249721 9.902052
-2.513273 9.929897
-1.293411 12.915817
-2.070682 10.662103
0.572641 9.518239
3.509300 9.095096
-1.932896 9.413743
-1.013418 12.450108
-3.311565 12.709460
-0.978633 14.432035
-3.134223 12.487550
-0.376054 6.889236
2.806226 10.964263
4.611211 10.825372
5.516557 11.510150
8.525744 18.200329
1.461664 17.280760
5.722383 16.353331
5.667561 13.690338
6.005651 13.136909
9.420218 17.559792
8.194546 19.329716
5.586763 14.429233
7.959322 15.565251
9.654848 18.287643
