7.982355 -11.100476
7.377473 -9.386670
8.370037 -5.375930
7.470233 -8.647688
7.931074 -5.693464
8.365002 -6.599048
2.937473 -7.021233
4.670452 -5.269760
3.367924 -5.445230
3.431161 -3.222415
5.083421 -3.449087
4.631902 -4.082062
5.587079 -7.837468
6.752028 -6.410981
6.000523 -5.550749
3.237592 -4.627817
4.252706 -2.345188
4.140635 -2.766637
6.611370 2.716834
9.865442 2.191924
9.008299 2.990102
5.989333 0.107133
3.857108 -0.260066
5.397061 -1.644889
4.693128 -2.941841
5.419987 -2.419134
5.446196 -3.673951
2.329884 -6.428305
5.998437 -5.570669
7.783008 -7.370540
9.131130 -7.750933
10.152326 -7.070403
10.728007 -4.652410
