-13.422830 6.212502
-16.358751 -0.102477
-10.995829 1.574159
-12.539817 -0.337880
-10.725985 1.453427
-7.029717 4.134174
-7.264556 3.826045
-7.099477 2.696140
-7.531605 3.664000
-6.726086 8.090155
-6.252781 5.925921
-7.548604 5.706135
-6.193803 4.717926
-7.130852 7.348015
-6.960118 8.435944
-9.631517 9.401628
-7.874701 8.818925
-7.083943 8.305906
-10.451832 12.324046
-10.021602 9.430427
-6.615720 8.161139
-6.885961 7.199985
-7.842733 7.599288
-5.452380 7.855538
-8.593152 8.716289
-10.182850 10.522466
-9.673773 8.784334
-11.192191 1.994229
-10.314249 0.808840
-10.263781 0.981305
-7.835772 3.979317
-13.910126 6.233765
-11.668739 3.356018
-11.985964 0.999445
-8.129826 8.559361
-12.083437 8.898239
-6.817663 7.743386
-6.435552 5.630820
-7.903929 8.309766
-7.130685 9.518256
-8.301942 9.248962
-4.673808 5.591953
-7.744076 3.810341
-5.558147 6.613691
-6.441615 5.532694
-6.016715 3.773685
-8.369489 3.209408
-9.858152 1.465390
-9.951396 2.729640
-7.997724 10.346731
-8.264461 11.443564
-8.956640 10.028819
-13.558682 6.599916
-15.879349 0.412813
-11.619261 1.522723
-10.801332 1.828880
-10.343240 2.789499
-8.772823 1.846158
-6.894292 4.525517
-6.356828 4.135464
-6.475278 3.892925
-7.159521 5.565393
-13.226493 4.166482
-14.982141 5.001809
-11.742167 13.864854
-9.186961 9.757818
-11.392588 9.268749
-8.114251 14.078695
-7.575990 5.844266
-6.437061 8.066696
-8.050727 9.008536
-5.664815 6.524528
-3.811578 7.994194
-7.681767 3.572640
-9.728062 2.078374
-11.857098 2.361580
-12.948451 2.408168
-7.878128 2.703292
-6.610559 5.305423
-7.824296 6.392426
-7.793789 5.641788
-6.629376 4.954694
-7.705537 2.646624
-9.733695 2.869676
-9.778235 2.952239
-8.385712 2.983411
-7.768119 3.063484
2.393723 -2.663733
5.117383 -6.215882
