10.022017 -18.646664
6.166306 -13.094188
7.688028 -7.270391
13.215372 -3.465410
12.287717 -4.709462
11.011759 -6.176520
8.896648 -7.821387
5.293741 -8.848577
4.610985 -3.004471
4.690276 -1.792737
4.498666 -1.456449
2.660312 -3.708687
4.402573 -6.435146
8.530799 -6.740864
8.734319 -5.564595
8.168228 -5.925327
8.104299 -6.245737
4.894206 -5.964413
2.931843 -5.313110
3.832401 -3.302151
5.063936 -1.965936
2.465240 -5.561507
8.121317 -7.368027
7.021662 -8.596436
12.937369 -5.670095
13.205486 -3.612288
8.511512 -8.760235
6.791907 -9.228852
3.635997 -2.812623
5.270963 -2.917971
4.885252 -1.508734
4.322980 -0.559835
4.962412 -1.835879
4.864224 -4.146066
5.352832 -0.219552
4.724476 -1.492268
5.662533 0.765776
5.318882 -1.144448
5.339272 -3.911259
6.232613 0.582482
8.694292 2.236969
9.963808 2.313753
8.474976 2.966387
4.792925 -0.297939
5.143213 -1.467927
5.234967 -5.941009
4.877563 -1.249191
5.190551 -3.207462
3.976713 -2.966687
2.742314 -1.495792
4.286835 -1.913941
5.429767 -1.079956
4.322149 -0.488137
5.540468 0.830197
3.440058 -2.984973
4.185000 -5.974678
6.559205 -5.623873
5.240683 -5.521129
5.392637 -5.100347
4.062554 -4.588445
3.217988 -3.713125
4.347860 -4.628499
5.523263 0.469596
6.564563 0.636960
7.936246 1.709056
7.089461 0.940569
5.804094 0.189162
6.558772 0.156765
6.365160 0.468255
6.868299 0.490823
6.156664 -0.085166
7.431015 0.117243
6.257739 -0.135566
6.727331 0.044736
6.061882 0.057278
5.978595 0.821273
4.815846 -0.408000
5.375368 -1.025600
4.949611 -0.846811
5.705585 1.341007
6.082480 -0.172689
5.249110 0.385226
4.854219 -2.009431
4.737119 -1.238796
5.652995 0.741370
7.363153 1.403417
6.645509 1.302381
7.428147 0.775154
7.357302 0.198830
6.498355 1.857565
7.497031 4.196443
9.035576 4.060086
8.610703 1.442354
8.638069 1.907791
8.352578 1.976160
8.570990 1.329833
8.166686 3.157974
10.007261 1.396827
12.033921 8.670179
