14.966016 4.771873
16.485062 5.237456
15.010607 8.659626
15.446487 5.227801
17.299326 5.159145
13.351583 1.482777
14.793201 -0.104290
12.419065 3.175076
9.113709 1.918766
8.551617 1.678513
8.587755 1.281031
7.639858 2.214719
9.716809 3.197950
9.217176 3.901327
7.878702 4.971828
9.752142 2.425508
10.737123 3.731889
8.748151 3.014157
8.435957 6.614723
8.951632 11.636549
8.047185 11.878227
9.667070 8.785131
9.019753 5.115515
9.016750 3.443787
9.670465 4.786940
8.148783 5.068353
11.660668 2.440145
8.286955 2.228319
7.397223 2.473660
1.264789 5.217213
-0.828024 5.264818
-1.197920 4.514151
-1.495114 3.583548
-1.137181 2.836677
-2.359475 4.437109
-1.734474 5.625466
-2.247002 6.519359
-1.207309 4.431306
-0.820877 4.194256
-2.356455 7.222872
-4.277315 6.353989
-6.261398 6.808631
-9.020617 8.550766
-8.390655 7.665927
-6.015606 6.941932
-3.802161 7.153551
-5.001548 7.253398
-4.592163 8.093737
-7.905331 6.118524
-3.025813 8.786913
-4.995601 6.950561
-3.611480 6.823458
-5.471952 6.878912
-2.691667 8.021175
-0.366315 4.797888
-0.979735 3.417729
-2.473875 2.673595
-2.162831 3.903386
-2.383753 5.766943
-2.549549 7.056944
-5.238432 6.422593
-6.113558 7.539383
-4.125883 6.942792
-5.543531 8.009194
-6.424594 6.808638
-5.074919 7.584743
-6.093398 7.592481
-8.120959 6.718248
-8.064315 4.998034
-8.040603 3.849642
-10.057657 5.120845
