5.590234 -16.740194
2.487172 -9.838866
-0.737396 -8.529752
-3.047700 -4.394435
-3.960695 -1.784712
-5.050802 -1.328204
-4.461165 -1.521899
-4.281362 -1.877681
-5.023220 -0.714156
-0.667796 -1.554022
-1.682198 2.364112
-1.372903 6.728014
-0.637867 4.139540
-2.393153 4.682602
-2.474260 2.903148
-1.524987 3.299716
-0.417839 2.122492
-2.471915 4.701818
-2.015070 2.929068
-1.750972 3.375136
-2.077645 4.816931
-0.730949 2.164532
-1.240374 0.832015
-1.685269 2.140409
-1.128026 4.284711
-2.769939 7.487123
-4.960697 6.409117
-6.744286 7.586876
-5.606984 7.755867
-7.248652 7.125005
-7.478951 7.964032
-9.554016 6.086685
-6.790769 6.484384
-7.401696 6.867316
-4.858915 7.928458
-5.827307 6.796627
-4.808861 6.439469
-4.398499 6.354308
-4.690184 6.625142
-4.796893 7.692842
-4.074682 7.370225
-7.842211 6.391599
-9.245027 5.602668
-9.264344 6.364218
