15.958780 7.658428
15.369602 9.175064
9.686386 12.493468
9.221016 6.721352
9.208590 5.267240
9.757381 4.953651
6.841762 4.968003
8.903255 3.566740
9.576517 8.674403
8.900117 8.453188
8.371700 3.647655
8.977746 4.319232
6.128095 3.531811
6.839898 4.252696
9.931909 3.512140
9.833405 3.533504
11.292231 3.760449
9.422379 3.451909
9.137255 4.367282
10.932697 2.230824
9.880569 2.776987
10.970407 3.446513
13.221546 0.312238
11.265749 3.140999
9.486513 1.400556
8.611894 1.684288
8.520180 2.538142
12.016617 2.346826
9.681797 2.998976
7.423197 2.015042
5.019258 0.160437
4.944320 -3.049276
3.867014 -2.841273
2.633087 -4.379792
8.974688 -8.956553
8.852598 -5.881093
7.988519 -9.826197
5.774584 -7.550954
8.995142 -6.796348
8.958845 -5.259514
5.704865 -9.287684
4.376380 -2.864335
4.951104 -3.112920
5.292889 -1.433949
4.236777 -5.609713
5.993317 -6.515619
7.965033 -5.460203
9.861107 -5.783446
11.869639 -3.980978
7.462686 -8.394183
11.815548 -4.696849
11.327888 -4.855154
10.238132 -9.733302
13.712805 -8.452003
12.638815 -6.829177
9.597270 -7.273638
16.167809 -12.413457
10.355934 -16.386248
