8.782848 -12.089896
13.335067 -11.934281
15.120369 -11.447497
15.872074 -13.052435
17.521837 -11.808436
7.991882 -8.589343
11.641310 -4.482694
7.308149 -7.817489
3.215785 -3.631015
4.480641 -3.837309
4.680502 -2.009980
4.668634 -5.199664
4.379119 -2.830362
4.491250 -5.483809
5.941228 -6.552380
7.112092 -6.210562
9.517313 -5.705623
8.663230 -5.645422
8.023532 -5.634579
3.569996 -5.084144
5.294126 -0.705498
4.775778 -1.155704
4.246032 1.401969
6.334541 3.539206
5.604654 4.811145
9.084968 16.236128
