-7.266217 -11.877128 2.494282
-5.003623 -6.867210 2.325459
-6.199531 -0.969862 3.509990
-6.550076 0.475600 0.807160
-5.569587 -0.604398 -1.077963
-4.954364 0.035218 -0.106643
-3.459762 1.264164 -1.266816
-5.964337 1.072952 0.096719
-7.265819 -3.258970 4.207157
-7.273584 -2.296784 2.385075
-5.726778 -0.300778 2.526451
-6.077830 -6.036063 2.105309
-4.683921 -3.809402 0.954429
-5.116755 -3.996222 1.434515
-4.390840 -6.324532 4.420969
-4.438210 -4.078866 7.617503
-1.507541 -5.433216 8.144032
-4.070001 -5.199220 7.702366
-3.577362 -4.364764 7.159856
-3.956280 -3.613773 7.186592
-3.596454 -4.074824 12.080026
0.098627 -4.399301 6.222167
2.629116 -3.491555 8.275766
4.670645 -1.890834 6.834053
4.512115 -0.910237 7.479495
3.330547 -0.375540 10.749821
4.831516 -1.198183 11.859854
3.211438 -0.564907 10.828764
2.462315 -2.669091 11.261999
3.010729 -3.420911 11.581174
5.356883 -2.552142 7.736155
5.504405 0.925981 8.075905
5.393543 -2.496574 8.708305
5.387167 -1.379407 8.440379
4.289412 -1.761295 8.758247
4.667481 -0.606846 6.360629
-1.006301 -4.918079 10.959576
0.660385 -4.622077 10.283918
3.868976 -3.709420 11.107073
3.475307 -4.749721 8.671448
3.675889 -3.280253 6.051573
4.508460 -2.807539 5.050078
6.143875 -0.615925 8.492369
6.438191 -1.794799 9.069381
2.329443 2.563818 8.707098
-0.147887 4.272040 7.633325
-2.798792 2.454584 8.283668
-0.906233 3.057610 9.662601
-3.854713 3.159894 7.963229
-7.448160 2.676414 7.103567
-5.505957 2.451764 3.933733
-1.242926 -0.803842 10.728443
-0.626186 -3.521093 8.592693
-1.579940 -0.941200 13.095492
2.292113 2.496286 9.406444
1.587076 2.431752 8.500158
1.435773 3.905551 9.918499
-0.978265 3.611905 6.647046
-3.246149 3.114207 7.710534
-0.925883 2.941846 9.849672
-1.353517 2.831197 7.579388
0.774226 2.404547 7.859833
4.014878 6.464406 11.607150
1.193452 -0.613850 10.814249
1.873228 -0.787669 11.502506
-0.702827 -2.273633 13.047138
3.877310 1.360861 12.230139
3.002191 -0.467251 11.598587
-3.741987 -3.351326 11.234593
2.946109 -3.767261 8.562298
0.017977 -3.002683 9.679955
-5.915318 -4.211708 5.717873
-3.202465 -3.222616 2.600553
-5.209096 -3.854364 4.541752
-8.432165 -2.697537 10.623711
-6.834126 -0.739922 10.596865
-3.181097 0.055961 11.062140
0.031753 8.387505 18.924520
