17.247513 13.557665 -8.164119
8.987123 5.653813 -8.000546
6.021748 3.511472 -8.207818
3.675385 -5.517418 -3.360696
-0.930039 -3.147206 -2.917344
1.617911 -2.874133 -1.836789
-2.019538 -3.180590 -0.915377
-5.497422 -4.253280 -0.751132
-5.076935 -6.214916 -0.891837
-5.838382 -6.385566 1.333926
-10.788983 -6.142926 -0.404308
-4.741136 -3.880351 0.850683
-5.401899 -3.361217 0.502750
-8.147391 -3.641813 0.025746
-5.173240 -5.208932 4.143555
0.172626 -4.244857 3.480862
-3.758904 -4.125670 2.470103
-4.520183 -3.752827 2.453563
-1.925472 -4.613103 2.739995
-3.655613 -5.735226 2.782175
-5.216274 -4.314716 2.483788
-4.927464 -4.388872 2.027188
-4.692893 -3.600525 5.473864
-3.108953 -3.740588 3.270566
-6.386411 -6.484735 1.898180
-6.713612 -5.364425 2.888016
-5.192426 -5.061262 0.723106
-4.313652 -3.369376 3.169954
-5.716204 -2.942518 1.974930
-1.037407 -3.140332 2.030776
-2.640689 -2.999104 0.487595
-1.743733 -2.682132 -0.166059
-2.727228 -3.048380 -1.588810
-1.822413 -3.528447 -5.007030
-2.453216 -6.568256 -3.778274
-6.608829 -5.492103 -2.710828
-4.603941 -5.644476 -1.030468
-4.466546 -3.418777 0.674784
-5.620403 -5.506457 1.738151
-3.911439 -6.884518 3.944791
-2.192203 -4.734869 3.142333
0.976169 -7.911128 3.061212
0.553395 -8.185558 3.540439
1.185879 -5.852607 6.094831
4.763264 -7.137682 6.310423
5.147420 -6.793933 4.894142
5.888137 -7.235927 6.253793
2.731606 -7.811838 7.790198
3.783068 -10.239935 5.942349
4.866726 -12.032934 7.734266
2.502148 -12.208911 4.599116
1.550410 -15.589378 5.817929
