1.423097 -16.021872 6.284422
-0.496323 -7.702210 5.010080
1.349698 -4.844470 5.982089
0.472843 -5.114674 5.152192
0.389443 -3.587251 3.687418
-2.187839 -4.450675 3.045619
-3.921942 -4.875158 3.821357
-6.857372 -6.058888 3.414020
-4.991813 -4.326726 0.545906
-5.337660 -3.772657 -0.569764
-6.769641 0.071332 -0.235436
-6.795780 -3.586251 -0.688174
-3.019005 -3.137888 0.701421
-3.436524 -2.934114 0.122481
-5.023229 -3.339356 1.650214
-5.010113 -6.157484 3.966346
-5.886173 -5.175195 1.599777
-6.207541 -3.824526 1.212958
-5.331141 -4.609325 0.978240
-4.948930 -6.403518 1.047463
-5.352903 -7.378330 2.917739
-4.249994 -6.694015 2.491354
-0.545453 -3.802376 2.683337
-3.732135 -3.866998 4.471593
-6.857704 -3.743665 0.593680
-5.901865 -0.214434 1.644927
-7.277253 0.705862 3.757331
-5.808534 1.472646 3.548344
-6.580002 -1.847525 2.852473
-5.964890 -4.070898 3.179547
-2.902012 -3.986547 2.843403
-3.981858 -4.471015 5.012725
-2.565528 -2.996267 2.403519
-3.534830 -3.216331 1.764156
-6.096623 -3.340977 4.483613
-4.039391 -3.895217 4.784857
-6.030441 -3.169223 2.781360
-5.758609 -5.066369 0.873514
-4.518017 -4.748681 0.819066
-5.790601 -2.681189 -0.132662
-4.114623 -3.102851 -0.511473
-1.801810 -2.610758 0.295369
0.781136 -1.352148 -0.564131
1.259958 1.006322 -1.233121
5.763695 5.842121 -3.895152
5.570837 16.911518 -4.164411
