-1.399653 -3.073404 -18.108061
-4.960314 -5.167916 -10.465817
-4.452952 -3.295357 -7.218924
-3.654972 -4.028826 -3.109092
-1.884457 -4.684270 -3.840570
0.015874 -5.288343 -3.718074
-1.121596 -7.142067 -2.667165
-4.833536 -6.954772 -3.197041
-4.856307 -3.368775 -0.299073
-5.166347 -4.686400 1.213154
-5.496097 -7.707783 2.897504
-5.648978 -4.905501 1.532396
-7.003506 -3.686089 5.770948
-4.804005 -7.052610 0.056565
-5.313037 -5.098024 -0.020947
-4.986817 -4.966451 0.691896
-6.379280 -2.706513 2.564663
-6.484255 -1.857733 4.337962
-6.573421 -3.873816 3.746222
-2.918169 -3.932294 4.924460
-3.475524 -8.541201 3.587067
-0.522541 -4.609894 3.148118
-0.593125 -4.013215 2.657945
-3.876613 -3.161515 2.797618
-6.219776 -2.914343 1.683933
-6.249380 -1.824948 0.911920
-5.894530 -0.930633 -0.723108
-4.733396 -0.167765 0.011915
-3.014176 -1.337108 -1.478465
-2.256840 -2.169601 0.318649
-3.071219 -3.099206 -0.578519
-4.404000 -2.495035 0.705308
-7.205921 -0.682170 0.111463
-6.386257 -1.423553 3.312958
-7.785672 -4.113523 1.219461
-4.668139 -4.013868 2.283502
-5.969121 -3.455720 2.299050
-3.617914 -3.038148 1.915156
-7.297101 -3.268032 2.737410
-6.049418 -4.773865 3.540511
-7.093119 -4.075481 1.257980
-4.804464 -2.132551 -0.055950
-7.491651 -1.257795 -0.573406
-6.399519 -0.757610 -0.804732
-4.317718 -1.213746 0.255382
-5.145366 -3.600503 0.242717
-6.556620 -4.293498 -0.797510
-6.752756 -5.607369 3.350080
-5.442703 -7.629275 0.594146
-2.503321 -9.615872 0.531655
-2.032567 -9.040020 4.559883
-2.207176 -9.077923 0.688887
-0.101992 -8.850935 -0.852700
-0.629679 -10.407860 0.368157
-1.252171 -9.420777 0.924157
-1.459434 -8.293139 2.633487
-0.431645 -7.132359 4.014001
-0.343620 -6.048183 3.917341
4.020678 -5.644382 6.042328
4.471094 -5.995706 4.723148
5.560240 -6.646133 5.663709
7.240525 -0.059254 7.336234
12.961720 -7.814487 19.301180
