2.244233 -14.559639
7.114130 -10.453780
6.783002 5.515233
7.010074 3.099055
8.985258 2.939533
11.033970 2.301247
8.692595 4.431792
8.187153 2.638364
9.586870 4.320324
9.900814 3.455266
8.233135 4.049606
6.739550 2.913869
4.974456 1.988520
5.888643 5.981302
5.788872 6.840697
6.635814 2.932756
8.640144 3.733151
7.964766 4.050872
8.762010 5.021643
6.769913 2.852757
4.289296 4.877692
4.943363 2.721139
6.724452 4.088819
7.477691 4.822429
10.940779 2.441185
9.235022 3.535374
9.331919 5.520511
8.920290 3.746150
10.002733 3.661777
9.479502 3.576523
8.869277 4.264361
7.869918 4.333974
4.891744 5.037271
4.316224 3.499835
6.293205 3.944423
7.774815 4.759964
17.369101 6.086464
14.963428 4.043650
9.177113 12.030332
12.517727 14.333591
12.346466 12.241616
13.644554 10.903260
16.681168 11.548793
12.803785 9.294030
