-4.954757 7.739598
-5.943113 7.545448
-5.803903 6.668352
-2.512758 7.901707
-2.955722 3.763134
-0.752091 1.681367
-2.413234 2.051965
-2.987075 -0.130336
-4.146419 0.051856
-3.988817 -0.188049
-6.290197 0.662183
-5.486793 -0.122210
-5.867901 0.598038
-2.716597 -0.032691
-4.625009 0.687891
-4.586550 0.632993
-5.330077 -0.612385
-9.302585 1.493138
-8.765424 0.501384
-9.998447 3.640110
-8.669295 1.805676
-8.650393 4.154955
-8.190011 2.168432
-9.546772 4.910784
-8.286442 5.073127
-9.097987 7.584412
-6.348573 6.915295
-4.830662 6.519214
-2.405152 1.839872
-6.475497 6.385496
-6.852517 6.493139
-6.107174 7.479063
-2.805996 2.565900
-1.966506 1.430626
-1.987316 1.807533
-2.684529 -0.207951
-5.710155 0.492619
-5.914597 0.472108
-5.823061 -0.721962
-3.806168 -0.219754
-2.809406 0.835521
-2.393750 1.663013
-2.491204 2.714554
-3.090645 4.792215
-4.920610 5.935030
-5.294458 7.537957
-4.573999 6.748406
-9.886316 7.040791
-7.931298 7.418963
-3.158500 1.170131
-4.493083 -0.185273
-3.688572 -0.807497
-3.907737 0.689669
-1.725864 0.935379
-1.758476 2.220687
-1.895528 4.126668
-3.450729 0.185102
-4.342286 -0.364977
-5.074923 0.835618
-2.786565 2.826530
-1.410109 3.321147
-2.319396 2.919779
-3.756036 0.356034
-2.537698 4.138851
-1.944741 5.249197
-6.530982 6.477888
-6.212248 0.820284
-9.046623 0.369910
-9.611183 2.343982
-8.252892 3.334717
-8.879221 2.744327
-9.677157 1.322698
-9.233381 2.778124
-8.530593 4.054077
-11.429132 5.279229
-8.385361 1.156205
-9.155502 1.726985
-9.517073 1.743847
-11.565870 6.628511
-10.500160 9.847818
-9.344340 11.299201
-8.430123 9.809757
-5.908111 6.763587
-4.949240 7.416224
-4.554120 7.049541
-3.629489 6.540138
-2.817191 6.205859
-2.531004 6.529725
-1.541673 4.060642
-3.170167 5.313476
-2.895872 2.990697
-2.428230 2.312995
-1.725918 3.057918
-2.461409 4.521032
-2.319520 6.552926
-5.819099 6.784835
-4.309457 6.589661
-7.578948 5.951994
-6.502947 6.146414
-6.675070 6.578224
-9.850169 11.067909
-8.226772 6.331463
-10.493271 4.070582
-10.722587 3.721004
-9.231524 2.916533
-9.243865 1.337726
-7.110026 -0.539357
-7.694324 -0.881905
-5.874732 0.330134
-3.859246 -1.134763
-5.842425 0.472499
-1.257104 0.847552
-2.524419 1.313815
-1.229343 -1.180352
-2.956447 0.197967
-4.491011 -0.976968
-5.186494 -8.982877
-3.224890 -12.798221
