-16.391804 -13.140631
-15.595764 -8.843825
-11.575706 -8.092893
-16.667742 -9.223480
-13.510593 -5.408272
-13.199903 -9.275017
-13.134074 -7.895030
-11.823095 -8.674640
-7.332053 -9.363945
-7.757270 -8.433494
-6.956586 -5.563351
-6.887990 -4.201464
-7.831306 -8.258200
-8.987323 -8.034266
-13.614589 -1.395840
-11.587488 -0.635003
-12.802745 -2.192512
-8.299671 -2.850055
-6.335731 -4.583335
-6.053264 -5.703475
-5.390983 -5.332409
-7.323069 -3.277554
-5.558278 -4.641679
-6.514636 -6.028705
-7.863557 -8.209270
-8.590413 -9.536448
-10.064703 -11.178805
-11.465520 -10.105213
-6.401960 -7.140649
-5.812388 -5.502593
-7.796693 -5.356243
-6.853947 -1.911054
-8.762468 -2.578494
-10.446575 -1.717473
-7.242855 -1.667464
-7.507975 -6.985305
-7.312094 -7.879253
-6.434206 -5.953250
-8.109659 -1.032831
-9.442713 -2.894238
-4.821843 -1.204943
-7.770535 -5.214951
-5.646467 -4.606467
-7.743832 -9.019365
-14.335941 -9.712472
-15.176947 -6.811600
-17.213497 -3.824758
-8.663646 -2.003200
-9.747507 -8.170304
-13.589099 -11.910108
-10.792570 -8.376567
-9.756693 -8.423827
-10.444485 -8.335691
-8.605825 -8.028081
-8.204425 -8.790330
-7.410830 -7.368494
-6.895164 -6.608703
-6.072862 -5.482129
-6.610230 -5.433059
-4.263714 -6.747765
-5.437521 -8.919177
-9.625481 -9.098340
-11.226435 -9.386924
-9.228446 -9.208815
-7.208949 -12.479915
-7.286074 -7.332908
-7.644506 -5.477916
-7.242218 -4.768588
-5.495367 -3.398592
-9.618499 -1.860428
-9.233796 -0.942903
-7.348887 -2.439645
-6.792006 -5.436378
-5.715637 -6.513772
-8.403726 -10.445450
-9.955046 -8.814504
-6.747740 -7.766490
-7.715055 -6.791643
-6.117962 -7.543050
-10.178639 -8.744399
-8.812244 -8.075438
-5.516410 -8.536222
-6.522369 -9.239695
-8.740873 -9.037916
-7.552011 -8.298410
-7.956263 -9.835384
-9.055730 -8.335044
-6.936479 -8.523520
-10.283622 -10.796714
-15.607049 -10.465096
-13.126866 -5.867546
-13.344860 -3.275844
-14.248612 -1.665065
-12.763165 -0.614104
-10.122957 -2.198305
-9.929863 -2.361181
-8.926210 2.572697
-10.194807 5.971962
-9.776036 3.659631
-9.431771 5.213840
-7.832523 6.933006
-5.293477 6.230074
-4.958082 8.321445
-1.415206 11.629273
