16.563683 4.512314
12.673342 -2.781379
14.119390 -1.715596
13.260633 1.603270
13.905903 2.093040
8.116463 1.274896
7.089410 2.062319
7.503072 0.798326
5.848348 -1.765073
6.636431 1.089673
3.911261 1.661195
6.864568 -0.353546
6.334127 1.150906
4.787417 0.587188
5.690809 -0.078640
5.996052 -3.419857
4.635648 -4.309653
7.215870 -6.267230
6.391034 -4.478377
6.769443 -2.998596
8.202742 -6.560265
10.783865 -4.284459
9.192889 -3.744170
8.227984 -4.850037
9.417252 -5.111274
8.617280 -4.247721
8.840372 -4.110240
6.277421 -0.990606
5.856785 0.075101
6.875516 1.327213
6.511902 0.219424
6.515835 0.957212
6.360836 1.800717
13.213742 2.994677
11.605057 2.624220
12.586185 -1.974074
13.815073 -0.519279
14.722305 -0.297040
9.945362 -8.139122
9.324245 -4.572148
7.984568 -4.095064
6.823148 -4.461939
5.448865 -1.837437
5.223006 -0.566015
7.418777 1.834221
10.623379 1.266409
11.946144 3.000838
8.245741 1.987695
7.576774 2.678177
8.340809 2.420907
9.591455 3.382360
14.098133 2.996896
14.357788 -1.302819
11.073278 2.102631
13.702116 1.525996
13.758645 1.160936
10.780527 2.028152
12.376333 2.186691
17.918104 1.456676
11.701884 -5.378946
7.985149 -4.257142
13.128651 -4.262610
8.937656 -4.088417
6.014767 -1.672459
6.809839 -0.899848
11.576748 2.022533
11.390971 2.488883
6.547691 -0.206638
7.147953 0.645768
7.398546 -1.209697
6.240209 -1.150303
6.423451 -0.771001
5.084251 -0.291630
6.245522 -1.196853
6.765281 -1.647311
7.294725 1.615575
8.703598 2.325647
8.150612 1.588347
5.045030 0.913461
6.954642 -1.405093
6.832033 -1.473149
7.491170 -1.097943
5.479942 1.631812
8.569692 1.698096
13.371157 2.894801
10.806249 2.464220
10.124745 1.772408
9.402490 2.424009
9.676560 3.311077
11.159739 2.180731
8.248598 1.340016
9.832798 2.030680
9.115172 1.680264
10.433668 2.544804
10.261236 3.260190
13.325598 3.379567
9.278313 2.218919
7.519114 2.409841
6.955497 0.133925
5.939286 -3.483917
7.734852 -3.776479
9.729712 -4.150583
11.001316 -5.686266
5.894942 -3.356636
5.425205 -4.294814
6.572945 -2.656083
7.375616 -1.249507
5.549232 0.659857
8.453159 4.015296
7.789240 2.969982
10.124829 2.117979
9.684394 2.842448
10.123365 3.584325
13.835662 -4.463935
8.782286 -5.324205
14.072361 -1.323238
12.574978 -2.419277
12.786007 0.760933
12.592837 0.867775
17.300585 3.668323
13.868805 -1.326791
15.737219 -0.845840
11.632917 2.838865
8.619888 2.849936
7.829673 2.987840
10.645738 1.326297
8.274881 2.507720
7.071577 0.870789
6.969741 2.993093
9.961238 2.032565
11.495136 1.486471
8.907345 2.450844
12.168959 3.101840
9.480227 2.890972
5.126362 1.617347
7.201672 -0.809479
7.369367 -4.456584
5.368131 -5.765224
5.553258 -1.416643
6.492886 0.168350
6.707016 0.520569
7.079100 1.903278
8.797217 2.355744
3.047855 3.236799
