10.664937 14.654614
12.369547 10.966966
13.195104 13.593665
15.877987 7.256620
17.178391 8.346492
15.479317 5.362392
16.685251 7.569856
16.675165 5.364190
15.123747 4.800972
19.758507 0.492301
13.522997 -0.218552
13.069593 -2.165191
13.676007 1.264066
10.805758 2.924247
9.874634 2.543165
8.613598 4.832732
7.898877 3.787840
8.907189 4.355808
7.450678 3.517804
5.747801 5.893692
3.161703 4.634285
3.642326 5.296258
3.890211 3.682990
0.330372 4.766083
0.659209 5.738275
-0.368050 4.848550
-3.039735 6.955901
-0.813471 5.546134
-5.393555 8.447471
-6.605606 11.293498
