17.896244 -3.101090
14.220633 2.777428
12.941975 0.877750
12.803795 -0.565282
13.092517 2.586010
12.583318 -1.087710
14.432062 -6.801688
15.307451 -9.673394
11.453089 -5.923701
9.087710 -5.574447
9.556835 -4.648473
9.226175 -4.006285
9.501894 -4.041875
12.075689 -4.845689
9.448043 -4.270815
6.964654 -3.792979
7.522455 -6.622608
10.196928 -5.706014
10.098527 -6.113503
8.135828 -8.578009
7.177278 -8.309142
10.684564 -9.847467
9.152254 -7.995108
9.139673 -8.521842
8.840492 -4.181998
13.480308 -6.500237
18.476337 2.145257
15.499142 2.421576
14.853061 1.365382
14.862797 1.527071
12.224459 1.860040
9.536617 1.794141
9.363136 1.268623
7.658188 2.729963
6.992709 -0.022655
2.288302 0.759874
1.350161 0.696147
-1.007671 -0.962501
-3.621472 0.769600
-5.439844 -0.845857
-5.888639 -0.058223
-4.109650 0.729479
-7.359670 0.256032
-9.057440 1.035372
-8.971047 4.875451
-8.763090 4.381344
-9.302524 3.765776
-11.068516 4.121922
-10.258739 -0.076853
-8.035123 0.901604
-5.774459 0.165576
-6.112214 0.556054
-3.342922 0.537334
-2.335440 2.401180
-2.117563 2.290276
-2.830779 4.658422
-3.100987 3.281312
-1.273050 1.997954
-3.072718 0.746390
-2.252705 2.896873
-2.776403 2.897321
-2.659719 4.365235
-1.580805 6.604478
-1.771110 4.410060
-4.529854 7.671748
-3.988225 7.175425
-5.053970 6.172510
-6.498389 6.279062
-6.133982 6.019594
-8.206015 6.944845
-5.634930 6.208003
-7.149292 6.777358
-9.021774 6.369874
-7.112062 7.665921
-7.370334 6.286095
-3.850939 6.154352
-5.731168 6.585935
-4.465309 6.808759
-2.440765 5.662630
-2.878478 4.748736
-3.096230 5.007117
-2.795560 4.241773
-2.091549 3.787739
-2.691086 4.543487
-3.315199 7.583731
-3.429095 6.213236
-5.482495 6.234540
-7.728796 6.230301
-8.068610 6.049457
-7.060221 7.484484
-7.095678 6.206031
-6.654881 6.490743
-9.515755 8.042241
-9.733370 5.620494
-9.164208 2.625702
-11.827717 1.061513
-8.376791 4.875221
-8.562141 3.164342
-9.071539 2.231369
-10.263382 1.129611
-8.449039 1.871516
-11.109137 0.464072
-6.991089 0.722044
-5.933760 -1.483034
-9.330521 1.709694
-9.520241 4.247968
-8.239348 1.766793
-9.669186 2.066041
-9.065578 3.730744
-8.919955 6.357636
-7.247343 6.259612
-8.150329 7.851178
-9.927263 5.407818
-9.539482 4.437254
-10.662319 4.628457
-10.245231 2.724434
-8.594435 2.671941
-10.861406 6.332104
-8.758253 3.392034
-8.236067 4.277793
-8.339962 1.808047
-8.371663 1.985664
-8.698525 2.803086
-9.558559 4.298952
-10.761040 2.033789
-7.568183 -0.622342
-6.073314 -0.360483
-11.355471 1.448351
-8.315142 1.862266
-11.111521 3.960806
-14.896976 5.218777
-18.695288 7.011756
