-15.994089 -5.478831
-13.353861 -5.992270
-15.646368 -9.221565
-10.916262 -8.387782
-6.833210 -10.141574
-7.073459 -6.807784
-6.547009 -3.381140
-7.135552 -4.245426
-5.279612 -3.487269
-7.689331 -5.011698
-6.468460 -3.968127
-7.379831 -6.300344
-5.439193 -2.780639
-7.505648 -8.651013
-7.938105 -8.185430
-5.695064 -9.973901
-6.078252 -7.553577
-9.890573 -8.588712
-9.092825 -8.041041
-8.826381 -8.830037
-11.969812 -8.762531
-7.307508 -8.322938
-7.027125 -5.545442
-5.217589 -6.315128
-7.823819 -6.545629
-7.635056 -4.784635
-5.734463 -6.517701
-6.050451 -6.955871
-3.583385 -5.837379
-5.507915 -7.603236
-5.291453 -8.348397
-7.545169 -6.829155
-2.271990 -5.055082
10.760258 -4.342457
10.928753 -7.106399
15.807894 -2.080940
14.620317 0.729490
