-5.778210 -18.191225
-11.154402 -12.276151
-15.406181 -10.272450
-14.316091 -8.693500
-8.768030 -8.103686
-9.232668 -8.166343
-9.304950 -8.563371
-12.376219 -9.229234
-10.266788 -9.156080
-10.267718 -8.692913
-5.152189 -7.824927
-7.653804 -7.848177
-6.958190 -7.087776
-6.572599 -5.825759
-6.182284 -4.519895
-6.634225 -2.518423
-7.747844 -4.319378
-7.593306 -6.098061
-4.295170 -4.338114
-8.803185 -9.143044
-6.904962 -6.830476
-7.848761 -4.413886
-7.728792 -2.234898
-12.939978 -2.127443
-15.237566 -5.677735
-16.846611 -6.475369
-15.514870 -7.584499
-13.204460 -2.074978
