13.564403 -1.234537
14.871723 -0.560055
12.187811 -6.100678
9.094082 -5.386137
8.045864 -7.048707
7.486703 -4.595282
6.267411 -3.845032
10.897018 -4.618371
11.567841 -5.772929
13.538679 -1.697635
13.740948 0.606444
13.221407 -1.633347
8.085417 2.071972
6.241616 1.507311
6.301417 0.667930
7.361347 2.015534
10.110854 2.343127
10.806839 2.500533
9.077808 3.254119
9.097614 1.618477
9.831656 5.138764
5.772178 1.903013
9.137931 1.733634
6.996341 2.854908
6.216939 1.240986
6.649571 -1.032491
-0.402871 -5.537005
-5.052674 -9.826307
