0.448883 19.281040
-3.255550 12.343998
-2.937320 10.301743
0.481510 9.927328
0.804931 10.315061
1.382326 8.819796
3.021454 8.346786
4.528438 11.744189
4.536880 14.628150
6.190332 11.359364
2.804067 10.561442
-0.267152 10.227792
-1.242550 10.846817
3.542461 9.221275
6.514768 9.799596
6.217633 7.689644
6.118950 7.148261
3.008423 2.037285
6.920401 5.291079
3.847225 7.254083
6.816867 4.820389
9.112976 3.813670
10.393332 3.620173
11.699301 3.443625
8.897473 2.755765
9.045756 2.979782
9.296934 3.937476
9.195364 3.429818
4.229905 5.284988
6.508887 3.543422
7.897234 2.929183
9.009430 4.305687
8.470354 4.942146
7.109230 4.511512
9.593703 4.497273
9.622044 3.622021
16.845837 2.488930
15.381077 3.314238
15.855286 4.617354
15.538207 -0.112720
13.188253 2.718683
9.839162 3.485621
9.095889 2.412161
8.747152 2.286399
9.104082 5.654202
9.668532 5.591295
9.101206 3.336159
9.518468 4.554562
8.609522 2.619449
8.841247 4.885733
6.500547 2.692121
6.512185 6.106400
3.943465 2.872671
9.787085 4.437696
9.032108 5.302445
6.169359 6.464594
6.415919 7.385140
12.354727 9.436584
14.856726 9.117538
12.052713 8.977646
9.699454 2.882165
9.175817 2.027657
10.010944 3.145370
9.200693 5.023280
9.117676 2.948255
10.592916 2.688605
13.326801 2.147163
14.274021 3.728029
15.111149 4.578675
15.370666 4.435621
15.260925 2.909293
15.107758 4.950622
8.923558 2.700259
10.953295 1.831985
12.971750 3.598352
7.939904 2.311428
7.286892 5.551126
6.755510 4.906313
5.688403 7.277805
5.739998 11.642408
8.793093 15.059479
11.581989 16.696514
13.370468 13.157021
11.905758 9.279795
13.445685 12.954223
14.053641 12.765639
14.113664 11.555521
16.652378 7.463209
15.041945 3.686337
11.727515 0.548539
9.400211 2.071895
8.608343 2.685477
7.352202 2.281011
7.057205 3.309289
8.562813 4.234958
7.087700 3.093294
7.012219 3.318404
7.934640 4.133711
7.075642 2.621487
7.757057 3.257484
7.939946 3.393906
9.685821 3.189457
8.891548 4.394040
10.039895 3.526461
9.816501 2.753233
10.173439 3.231419
7.286199 -0.012849
10.407022 2.960665
9.119158 3.803513
12.249103 9.234589
12.330039 9.423640
8.617813 10.884393
8.256968 11.600064
7.147852 4.934593
7.148806 4.575632
8.192846 3.149869
9.035276 4.707707
7.815790 5.052169
5.721692 10.376025
9.193020 12.953641
10.044820 11.823910
5.772182 11.459285
5.974669 12.078648
6.302149 10.183125
1.851211 8.975562
4.911937 10.972048
6.240821 8.250572
6.156156 9.023831
6.157098 6.409528
6.831248 4.360457
8.235127 4.164383
8.438519 4.536813
9.102756 3.635218
7.140225 4.588953
8.143106 4.802565
6.935460 5.535759
7.783075 3.638737
6.632019 4.906365
6.659510 3.456775
5.686689 4.282949
6.623146 3.858941
9.333130 3.970649
9.315712 5.335523
6.761104 5.148863
9.547148 5.318989
8.765649 2.444389
12.651917 2.549417
11.607509 9.816352
11.971816 8.840364
6.960346 5.376829
4.655922 2.114151
6.627238 1.640046
8.132876 2.754113
9.528956 4.495317
8.421615 4.106763
9.424370 5.570273
9.256168 4.923676
9.053276 4.857502
7.823040 2.285088
8.720314 5.097278
8.042298 4.728570
8.909364 3.562131
9.137316 5.103349
5.475991 7.077044
6.488618 6.567562
5.481997 5.792833
8.744972 5.052233
6.588455 5.318750
8.739567 4.347828
8.976682 3.986653
8.444382 2.931758
9.193708 2.760619
4.489948 3.997993
6.890830 5.520752
7.467896 3.425926
8.653035 5.060869
8.567798 5.036288
8.522173 4.431902
6.752492 2.943775
7.310083 2.503382
9.052186 3.085449
9.818031 4.016462
11.410624 2.959294
9.637391 3.554622
9.376373 11.652537
7.087399 11.151501
13.056488 12.230242
13.973908 12.431235
