12.741796 12.970140
10.773604 12.037019
13.411270 9.052603
15.234400 10.851790
16.519753 13.612200
12.968561 9.344487
11.832375 8.796454
11.870348 9.472100
11.096916 3.449028
8.716801 2.205164
9.191507 5.193670
8.542282 4.592371
9.241632 3.839156
10.465855 0.587888
11.672264 3.706766
13.764774 2.027982
13.494740 0.380132
12.188782 3.185843
11.877470 1.099822
13.581831 -3.220471
13.487848 1.792025
11.398328 1.133298
8.932913 4.794124
7.843500 5.358492
10.067570 0.111923
12.216740 3.050377
12.742584 2.084010
11.020843 2.280181
10.131947 2.732095
8.736090 3.235752
8.461306 3.263683
6.535753 4.016783
9.125362 4.979906
13.814678 9.890513
12.031315 9.955767
15.907701 9.218057
15.457197 8.191723
15.524925 9.974029
16.034986 4.747827
12.797616 1.503650
10.187218 2.627244
9.558863 4.134068
9.259609 3.529016
5.142053 0.419857
7.042408 4.826427
8.716027 4.251753
9.340484 5.551063
7.957770 3.623243
9.830629 5.503036
10.074695 2.929560
10.286299 1.654999
10.431404 1.271363
13.688674 2.903563
11.264097 0.480534
14.379099 2.765069
15.808452 5.340776
16.205076 7.607864
9.748356 4.223570
9.670560 5.084573
10.844827 2.797447
10.674852 2.704757
10.432972 2.903324
12.145703 8.797062
7.971465 1.646345
8.262575 4.503008
8.675766 4.084705
7.928507 3.319906
5.337396 4.160114
8.944111 4.601120
5.809409 6.880607
6.306839 6.193970
5.298365 9.636166
4.056256 5.898628
4.325656 6.080146
8.016607 3.682724
6.736619 5.269733
4.638508 5.855512
7.710660 13.238815
6.196052 11.499980
5.867217 9.179258
6.307209 5.052550
4.965901 3.264366
7.810009 4.825171
9.310847 5.314619
6.651018 5.116657
7.402148 4.809989
6.878970 5.495581
7.232641 5.406209
7.979875 4.665183
7.501750 4.867022
11.690001 8.972162
11.604555 10.467088
10.963357 3.166960
10.980923 3.686187
10.171974 10.780473
7.477993 5.506429
8.093858 1.480106
9.691083 3.561435
11.697451 1.338459
12.111357 -3.570434
9.672703 -7.337649
9.211733 -6.669070
12.472904 -8.227404
11.706118 -1.394625
9.523039 4.691113
9.851783 5.495355
12.009351 3.256740
11.193374 3.504577
10.053951 3.354135
7.021210 2.924142
5.872339 6.386241
8.632580 4.492157
6.095432 3.259727
5.324535 2.307645
7.560340 5.123026
9.137283 3.689544
9.058565 4.172159
8.497424 5.565382
8.526156 5.289405
10.626501 2.617797
11.556993 2.692230
11.714300 3.723673
9.107965 5.412002
9.180845 4.176565
11.424042 3.214480
13.800940 -1.409334
9.177308 2.553156
8.749126 2.780070
7.827454 5.406331
5.581010 4.824624
8.238909 4.907646
5.856575 6.262985
3.450181 5.391829
10.275333 3.226370
12.497294 11.086372
11.028316 11.142681
12.986549 11.045777
12.761383 14.173140
12.528224 12.840758
7.862734 11.517859
5.949533 10.593101
6.092711 5.389996
4.652421 5.668160
2.975053 7.094283
3.147567 8.195440
3.930321 8.923418
6.004280 5.941224
5.991278 7.301589
5.814213 9.129436
5.695451 3.038799
8.552694 5.116946
7.314999 4.974616
6.842678 4.644658
8.451871 4.425350
12.465837 2.473079
12.238102 3.646358
9.770686 1.332659
10.108126 3.622254
13.795177 0.423196
11.338202 1.720025
14.139366 1.457046
9.718527 2.580824
11.981102 1.099884
14.774253 2.741368
15.100822 3.792003
12.949451 3.621885
13.976925 3.305869
10.980911 3.262805
10.880609 3.344260
10.995798 1.301844
10.287687 3.461306
11.770250 2.324720
10.123384 2.737731
10.565056 0.908699
9.434569 3.344503
9.435406 4.906411
9.811644 5.246163
7.082506 4.384343
11.732390 -0.312905
8.134119 2.660146
11.846938 3.604887
12.607626 3.039361
9.316054 2.297825
8.621196 5.609199
7.990326 3.845383
8.589642 2.053569
6.472268 5.289559
7.996830 3.003780
9.758516 3.459400
13.873327 9.470477
12.055101 10.853305
13.162888 10.023117
13.779219 9.953861
16.748476 7.349507
16.167887 9.146943
16.903654 8.904630
12.900181 8.994784
13.496042 9.300921
13.971031 15.068117
15.284771 8.092425
13.843450 -0.641908
9.763293 3.123729
10.316566 0.300353
9.219162 3.536137
12.146395 2.902098
13.021399 2.867948
13.105004 2.353147
13.552534 2.435477
13.712339 3.374806
13.946169 2.314701
12.295868 0.324991
15.473100 1.705259
14.974434 5.702599
11.483262 3.507855
9.870849 2.494095
9.766939 4.776449
7.737240 3.903244
7.269308 5.356070
8.662811 5.499982
7.993680 2.316735
12.669258 2.405991
14.418007 3.790140
9.288691 3.326429
8.304513 4.867946
9.144255 2.675580
8.704611 3.576607
9.638657 4.364917
9.146584 5.290390
7.547661 4.882333
8.304294 5.399234
6.032556 4.217174
5.344596 8.831623
5.363442 7.570085
5.983080 9.618335
6.283993 10.893456
9.448982 13.194180
9.317917 10.686271
7.675064 11.358834
5.679510 9.696584
3.271924 7.021251
7.699695 5.507135
8.584322 5.610063
6.402021 5.281068
5.692667 7.102025
4.426638 2.661253
6.166683 5.915577
5.219131 8.514430
5.641639 7.590174
2.415977 6.377350
3.612952 8.733132
5.951569 9.062627
5.831049 8.254485
4.756090 10.161065
8.729206 11.386977
10.253585 11.791021
9.826611 10.672208
9.761143 11.929867
9.681389 11.624349
6.745537 10.849937
4.358580 8.935211
5.171413 3.496303
7.644860 5.549999
5.628881 4.687925
5.190124 5.636502
6.106915 8.211575
5.358851 7.793892
5.016768 7.961619
5.498181 9.392941
5.485131 6.226471
4.043198 8.459775
6.105928 7.178943
6.882412 3.138178
7.928735 5.207497
9.364695 5.470028
9.392381 4.577388
7.741742 3.290393
5.770300 7.115342
5.975931 6.949565
5.401408 3.103082
8.989225 4.064766
10.078860 3.621849
9.532223 2.848453
7.228050 2.298572
9.248718 5.351469
8.255343 3.232823
11.557435 3.040014
10.768875 3.443545
11.976824 2.076371
16.358150 2.139732
16.199142 3.428727
15.357138 6.485235
14.954580 10.939027
13.925432 9.524909
18.433397 6.915985
17.926178 12.006056
13.676785 9.247569
14.870825 6.721725
9.628420 4.116843
14.995382 6.236392
16.701540 2.084435
10.845701 3.617991
8.772932 2.714817
8.004513 3.914227
10.842106 3.568608
6.931190 3.981895
7.776008 5.124718
9.708296 3.198026
9.454084 5.089507
8.945610 2.883735
9.367037 2.294167
9.826418 3.898059
9.092298 5.317008
15.082306 7.372262
10.214040 3.319131
8.688256 4.868465
6.375691 5.358424
8.190386 4.421947
7.616367 3.965371
8.852429 4.989833
9.777186 3.404475
8.642694 4.861656
8.616936 3.091491
8.034669 4.735559
9.249955 1.999706
12.280251 2.769919
17.732895 4.388309
16.623859 2.325019
15.268381 5.939723
14.917825 -0.586009
13.381933 3.184672
10.602737 0.319672
9.169224 4.651088
5.155929 5.648300
4.529072 7.077106
4.363221 7.582504
6.435966 6.627229
1.249566 1.921086
