-18.746576 -6.455664
-13.728430 -1.352603
-14.838949 5.377288
-12.892781 1.309282
-10.219757 1.946851
-8.936942 1.866112
-8.134821 1.357330
-1.986873 1.249577
-4.551827 -0.003100
-1.327878 1.727883
-2.200901 1.606850
-0.940114 2.328564
-2.386928 4.472848
-2.266391 2.351459
-2.598530 -0.392916
-4.113571 0.559180
-3.797200 0.877910
-2.022408 1.409817
-2.317613 2.502324
-1.849857 -0.281962
-3.032351 -1.012803
-3.422202 1.244433
-1.969983 0.260354
-2.020491 1.061440
-0.361885 2.074154
-1.779611 1.379914
-1.626401 1.229993
-1.892510 0.029597
-2.170595 -1.124043
-1.556214 0.758720
-2.541831 0.815781
-3.909682 0.574917
-4.520733 -0.190794
-4.203274 1.213555
-1.842115 1.157643
0.347283 3.535099
-1.399672 4.066892
-2.300799 6.925692
-7.779538 7.705993
-7.293905 6.856910
-5.009686 7.627577
-5.851497 7.728587
-3.448183 8.207527
-5.533162 6.693470
-7.582036 6.506895
-9.338514 2.131750
-9.845701 1.323571
-9.749666 2.299032
-9.481166 3.471509
-8.865705 3.135504
-7.569489 3.290224
-6.824519 7.737237
-6.308581 10.225247
-9.966240 9.381959
-7.542657 4.134900
-5.234426 6.724470
-5.622038 7.463552
-7.148440 6.756480
-6.604159 7.780036
-6.825703 6.895614
-7.530666 5.699622
-7.925032 4.412185
-7.834640 7.898340
-7.778948 6.505975
-5.501249 7.262119
-3.943892 6.875638
-5.609835 7.188636
-3.978334 7.887177
-5.124711 6.864574
-5.973506 8.321802
-6.410010 8.207128
-7.946489 7.718227
-7.567900 7.146403
-7.502430 5.226102
-4.169718 -0.776068
-4.285084 0.716134
-7.143151 1.240637
-2.130607 3.065849
-1.635252 4.458931
-3.106122 6.816367
-2.346113 7.318245
-5.537923 7.308440
-7.178168 8.725348
-7.734039 5.333104
-7.911422 3.020533
-7.748375 2.560818
-0.586208 1.402486
-2.412729 4.332362
-1.354145 1.729985
-1.616139 0.861561
-1.813550 1.474213
-2.362609 2.050246
-2.413510 0.421437
-2.703274 0.538958
-4.330581 0.076778
-4.353415 0.129619
-4.358379 -1.591943
-3.944075 0.660857
-4.180694 -0.385348
-3.157566 -0.426270
-2.300738 1.554394
-1.773072 1.614093
-2.751765 1.154042
-2.103778 2.256183
-0.667384 3.006286
-1.268587 3.050033
-0.764053 4.368114
-2.944721 6.977454
-2.509399 6.632125
-1.496669 3.234725
-2.007099 1.032883
-2.216372 1.233781
-3.282144 -0.013674
-9.047205 -6.100905
-10.451834 -6.476136
-8.982238 -5.282108
-10.719275 -3.014451
-11.866660 -4.215534
-11.861813 2.130141
-8.309287 3.422013
-11.041559 -0.992172
-11.364682 2.134789
-9.570304 2.174515
-5.655049 1.201749
-4.765088 1.195682
-3.819751 1.041992
-4.253393 0.760837
-3.775439 -1.272398
-4.390229 -1.155435
-4.579019 1.048504
-3.298631 -0.616754
-1.956385 -0.129125
-1.927291 2.712306
-1.701801 2.765522
-0.027551 0.970264
-1.223732 1.761723
-2.139183 1.535374
-4.058696 -0.008923
-3.618589 0.403460
-4.532318 -1.614703
-4.073795 -0.068612
-2.153779 0.164476
0.037496 1.137854
-1.872827 1.593089
-5.259039 1.120250
-5.195504 1.167616
-4.749634 1.198669
-11.325184 11.500559
-6.123409 7.640208
-7.518352 3.379672
-7.495670 5.863009
-7.917485 7.381454
-7.510754 8.156510
-7.464284 9.690469
-9.784691 8.584136
-7.070151 7.290197
-7.042315 7.793112
-7.810314 5.372527
-13.334666 7.536485
-13.209384 4.200973
-12.257684 -0.633142
-9.607446 -2.457991
-9.302473 1.789981
-8.807295 1.716090
-7.852781 3.451069
-7.569741 3.408247
-7.017797 7.944826
-5.564067 7.521782
-4.541777 7.434009
-5.711276 6.412723
-6.556257 8.163086
-5.495831 6.825752
-5.992518 6.381705
-6.442040 7.502256
-7.586685 8.616262
-7.621625 5.558648
-6.150531 6.780272
-4.683161 9.968970
-5.005207 11.083087
-7.752857 8.047717
-7.774409 6.446186
-7.675426 6.448970
-7.875996 3.439729
-9.730298 3.199270
-10.575956 1.477816
-9.152605 2.073796
-9.938908 3.495188
-8.308693 2.327446
-9.111282 3.020131
-9.717742 2.725148
-11.225029 -0.452641
-8.265526 2.665132
-8.177098 1.377915
-9.225851 1.466599
-8.698120 2.143762
-7.104905 8.052671
-5.537637 6.377676
-5.654965 6.603351
-7.007232 8.933547
-7.888738 6.424327
-7.937429 5.292177
-7.444031 7.493944
-7.672879 7.352901
-6.363519 9.035604
-6.071920 8.200619
-6.085067 9.932424
-9.760489 10.418243
-9.361706 8.774906
-10.954527 8.704981
-7.340640 8.485227
-6.017972 8.537740
-5.742535 7.029063
-5.445762 6.409280
-7.408061 7.800524
-3.702216 6.445831
-4.097660 8.008386
-2.600665 7.284939
-6.270931 8.485964
-7.641574 5.271946
-7.820374 8.285954
-9.383744 3.438641
-9.859946 2.978944
-8.172705 2.712412
-7.509187 3.438577
-7.933029 5.440173
-1.894762 4.588524
-1.928062 4.848344
-1.441109 4.230720
-1.306819 2.509297
-2.550365 6.398586
-6.151170 8.539748
-5.742996 7.021290
-6.257764 6.624493
-6.157603 7.366295
-5.431106 7.309261
-4.360847 6.852220
-1.116492 3.986213
-2.069764 3.256989
-2.142483 1.336487
-3.919920 0.482386
-1.776835 0.829678
-1.201660 1.302319
-7.004320 1.214116
-7.922445 1.332462
-4.515332 6.450524
-6.526546 6.925407
-6.705665 6.517436
-3.819628 -0.054125
-4.091804 0.834436
-4.450923 1.001834
-2.944157 -0.210740
-4.100248 0.466106
-3.294059 -2.100001
-3.262237 -1.388069
-2.755682 -3.305923
-5.614265 -5.118111
-2.953473 -4.230736
-2.793215 -1.681856
-2.715219 -0.807576
-3.713014 -1.160946
-4.557240 0.492928
-2.699063 -2.485584
-3.016488 -1.743958
-2.954866 -2.279465
-1.576263 -1.494719
-4.831748 1.297761
-8.718006 2.521351
-7.834466 1.636637
-9.391251 2.497858
-10.524406 -2.644145
-12.740008 -4.152746
-10.952530 -1.608214
-9.931078 3.475579
-11.838346 1.650085
-9.949821 2.437696
-10.575726 1.656002
-7.962686 3.456551
-10.213268 2.619135
-15.967834 3.829610
-12.690510 3.368083
-15.182529 4.980210
-17.103613 7.730444
-17.359709 8.976739
-10.320832 8.826636
-6.530693 7.634702
-5.281014 6.501272
-7.738862 7.825974
-4.805433 10.021518
-5.590110 6.864679
-5.619712 6.767602
-4.250033 6.947098
-5.206275 6.804078
-5.391771 7.748187
-6.583019 6.661438
-6.434242 9.111496
-9.350099 9.293313
-3.041821 7.267855
-3.319221 8.781562
-3.533023 7.575943
-4.902039 7.162560
0.323043 5.864013
-3.432638 6.936458
-2.047598 4.066731
-2.102221 6.735226
-5.568900 6.445910
-5.055464 6.518027
-5.594670 6.535443
-3.346732 6.584825
-1.663777 3.834751
-2.261177 6.236008
-1.489163 4.321302
-1.281338 4.807786
-2.423589 4.574602
-2.216406 4.989640
-1.805821 6.609737
-2.473907 4.140029
-1.788821 4.049749
-1.055155 2.441936
-1.776280 3.272514
-1.934681 6.363503
-2.435100 6.894224
-5.052490 6.710983
-3.383794 6.798127
-3.383139 7.552187
-5.526655 6.484891
-8.272861 8.862826
-10.846495 8.951298
-6.451081 8.307066
-2.605195 8.750544
-6.970418 7.089506
-6.135897 8.404468
-3.847884 9.189541
-0.009802 18.852776
