19.065187 5.490771
18.594244 4.090757
15.333854 3.218038
13.230744 2.437024
13.799950 3.577122
12.791178 2.698585
11.313160 1.937417
14.158424 2.152424
11.621347 3.435363
8.109854 2.147304
5.888019 5.455964
7.736376 4.942367
9.847399 2.645123
9.252704 4.083594
12.249094 0.597680
11.051253 2.590850
11.533537 2.214252
8.022585 2.380054
10.702927 3.436639
8.247499 1.614955
9.323994 4.848332
8.658074 4.001441
10.346174 3.056615
11.234350 2.842314
14.996986 -0.623465
16.839359 8.131529
16.131432 8.331143
13.951994 9.721239
7.723803 4.011239
8.038373 3.933440
9.029388 3.101858
6.870263 3.651454
5.950000 8.205296
6.129017 6.099073
6.723353 10.664837
9.877684 11.438266
9.290134 5.491583
9.690186 4.169877
7.816059 5.640205
8.208950 5.257569
10.044565 3.345516
12.754478 2.415323
9.439188 1.713447
9.734360 4.130046
9.836842 5.276060
8.850124 4.369606
8.403885 2.681546
8.885790 3.812522
7.341688 3.602594
6.145153 5.862379
5.946975 6.180022
6.153508 5.736591
7.710434 3.219068
10.702010 2.772575
13.688805 3.348792
9.418592 2.422850
9.389301 1.603613
10.362442 3.110895
9.026487 1.633272
8.529169 4.918759
9.646962 5.495327
8.536396 4.614470
7.849897 2.240789
8.664392 2.582178
15.250266 1.816464
