1.155132 1.822356
0.232954 2.594231
0.846451 0.757624
-1.984388 2.208622
-1.390180 3.259377
-1.437164 4.092493
-0.681622 3.139679
-0.826640 3.416387
-0.528427 2.858435
-1.875765 4.341603
-1.949216 5.171178
-2.146296 5.040608
-2.481435 4.304840
-1.283495 4.904047
-0.130407 4.154980
-3.654760 7.392118
-5.305169 7.278594
-3.898391 7.174853
-5.159103 7.131909
-1.480276 6.788502
-3.096443 7.412272
-4.825277 7.164184
-4.907157 8.206551
-4.944824 6.882931
-4.437093 7.021798
-6.395618 7.158509
-4.441483 8.800761
-3.786250 7.221889
-7.221533 8.265352
-6.761610 7.132348
-4.769180 6.704000
-7.688077 7.924021
-7.486320 5.870314
-7.769807 5.680769
