-9.215972 14.287941
-2.263904 10.133367
-1.820203 10.267009
2.331099 7.837654
6.181884 7.715043
3.972706 8.778379
5.963047 6.875141
6.743317 4.343918
11.373446 2.215784
8.924234 3.188690
9.125021 3.527903
6.479393 4.710416
6.491707 8.034398
4.845382 9.118840
8.148163 13.316202
5.585262 12.282577
6.202588 9.689981
6.243416 7.263059
6.487302 12.748383
7.199336 12.321286
9.074422 10.853702
7.950889 14.051284
9.745085 11.661674
3.863173 7.574299
5.610941 7.925092
5.380927 5.766010
4.657841 7.987397
6.105400 6.991202
5.689496 6.768513
6.185204 5.704141
7.706780 5.377991
7.209529 3.601102
8.782938 4.611630
7.848645 4.339891
8.371103 2.649810
8.425453 3.355838
6.752059 5.226361
5.494967 6.324617
4.255613 8.381009
5.536095 6.151965
6.065383 8.033483
4.341271 11.615605
7.040646 11.588288
10.389303 10.936927
10.924862 11.339754
7.376572 3.646276
6.729553 5.128911
6.001221 7.652557
4.393476 7.733581
6.441711 8.565173
9.682505 5.633187
13.535464 3.562479
12.799254 3.760904
13.421413 3.595351
16.764778 4.287030
15.304896 6.455122
14.039536 3.195796
9.351553 3.103046
7.498665 5.158939
8.418763 5.487883
10.924957 3.254788
15.512288 5.584104
17.413099 3.882887
12.707966 3.668272
11.388327 3.495562
9.780694 5.238006
11.370676 3.519413
12.780951 3.311905
10.238811 0.851524
11.775126 1.526830
8.704399 3.934140
4.981458 4.489822
11.983989 3.453400
10.838319 1.990469
8.757738 4.526504
9.300321 5.244109
9.741324 5.562025
8.131262 4.332186
9.109278 5.243673
9.325948 5.263027
9.411743 3.675274
10.575480 3.404029
12.888410 1.703668
12.899691 3.338566
11.782604 3.337070
10.869804 1.787788
10.030899 2.479756
11.296942 0.657330
10.357290 2.269474
11.380990 3.627729
6.313418 5.161298
1.149431 6.386692
9.847139 4.170832
10.747327 3.071496
11.090675 3.677651
9.662346 4.659025
15.930655 5.087061
18.434296 6.192292
9.478521 4.955717
14.041393 9.613146
13.663088 9.739192
6.178472 8.492927
9.395964 4.227209
8.873610 4.569532
8.722317 11.356191
15.174166 5.609887
15.075376 3.354114
14.754604 0.386392
12.987932 0.782231
11.664844 2.712072
10.516556 2.834117
8.772333 3.964617
9.695063 3.856365
10.986152 0.560085
11.629303 3.060552
13.120470 3.730575
14.939726 9.975398
13.660382 10.688335
10.423340 10.701259
13.757681 13.820128
11.288168 10.826283
10.786673 11.334120
10.907726 12.480981
12.423199 9.910270
5.827079 5.665164
4.304738 6.397946
5.571315 5.788163
5.130660 6.672203
5.832544 5.730633
6.254486 4.466609
10.308075 3.182407
10.669798 2.743476
12.295624 3.448669
11.893001 2.831619
9.907854 3.532288
8.708878 5.027207
9.692944 5.552377
7.855972 5.242029
9.365619 2.079280
8.185596 3.157328
10.262592 3.730590
10.754007 3.343956
11.665413 1.374008
14.951937 1.950813
12.910210 3.110012
12.443981 -0.885056
17.052498 0.769770
15.152079 7.644106
16.232954 6.241166
15.462681 4.395636
15.526689 5.633798
15.225893 5.858908
15.403334 9.704549
17.787104 8.660336
12.242096 12.895176
