12.429842 -14.921599
13.566841 -6.956905
13.252919 1.693101
11.236353 3.774333
10.508755 2.989172
5.656735 5.484792
5.313083 4.801266
6.319852 7.300132
3.241271 5.487935
5.806507 4.491538
6.591471 4.027822
9.768185 4.811619
5.750693 4.864999
6.386417 5.568960
6.979594 5.101530
10.120690 3.397096
11.890930 3.001692
9.924450 2.965312
9.724567 3.980152
9.869938 2.491871
11.600885 2.331218
12.083069 2.066428
12.271957 2.034488
10.302919 3.524559
6.716393 1.936490
8.185874 5.482102
7.495237 5.229326
5.260000 4.995566
4.405210 7.776498
3.589516 6.586434
5.439857 3.724654
7.418309 5.469219
6.331542 5.173538
4.833178 8.905451
6.011992 10.753815
11.467640 15.413513
13.032701 10.052766
14.814831 8.821762
