9.283532 -9.773683
10.092348 -8.502363
10.902294 -5.475745
10.608503 -3.370576
11.816381 0.484800
9.626455 2.624698
10.420486 2.223370
11.717072 2.628822
11.378074 3.062100
12.654821 3.738975
15.923468 1.967734
16.058258 4.439156
18.270496 5.015035
12.395325 -0.289198
12.744596 2.988283
12.354418 3.126403
11.246670 3.314024
10.270339 2.334884
9.846249 2.374075
9.223923 5.332500
9.699648 2.116516
12.666227 3.058673
7.871481 1.755234
8.132084 5.157115
7.648803 2.422963
6.532175 2.661337
7.228953 4.222262
8.361034 5.077496
9.084848 4.276294
7.032994 4.215065
4.497724 6.356777
5.678662 8.175311
4.119787 8.961734
4.381951 10.657669
6.933874 10.676214
9.925961 14.215965
5.332280 12.036255
5.373062 7.986650
6.052228 7.862202
6.306617 6.720552
5.544444 4.735358
7.051186 4.134432
9.101380 2.792808
7.764959 4.278596
8.497796 4.214577
8.868451 4.886082
8.052907 3.001516
6.625113 3.536083
4.369619 10.955946
7.702256 11.440240
8.607275 11.367116
8.719175 10.711390
7.483673 11.633286
5.350062 10.203324
5.796335 3.867372
5.600525 5.917562
9.019003 4.805996
7.426656 4.539621
6.461886 2.545722
4.840970 9.757884
6.363791 8.688090
4.850035 5.862357
9.649826 4.315647
9.795146 3.228307
9.717365 4.773763
9.008812 5.505279
6.368550 4.611906
6.650467 5.280805
5.165080 8.126744
6.238565 9.293446
6.476763 7.782609
5.453297 5.371989
8.595977 4.798657
8.015159 2.389882
10.639894 3.629848
11.106697 3.320608
10.798357 2.425018
14.091025 8.815986
13.650942 2.535110
10.957231 -3.321826
8.717475 5.079974
9.853285 4.058146
12.100733 1.529593
11.365132 3.730298
13.757137 2.647041
12.526321 1.048335
14.880477 6.230307
11.140256 1.317571
10.524282 0.912047
10.348243 3.726858
11.681349 9.745761
5.276064 12.247243
4.324657 9.461504
4.726566 9.215322
9.495168 15.708583
9.131491 14.954765
11.275990 10.706069
12.197577 12.114028
15.370804 10.255349
15.381498 7.013114
10.939457 3.785285
10.098103 3.308988
13.709137 12.832469
12.328915 10.375692
12.586740 11.466134
11.881115 11.341544
16.797497 10.121445
17.333782 8.089560
18.483288 5.197666
15.686527 3.625559
15.435375 6.307076
14.875550 7.361912
14.881166 8.289975
9.605907 5.338310
5.580413 8.350843
3.991185 8.899927
4.291654 4.037360
7.595185 5.605619
13.450180 9.657042
12.744802 9.361770
19.491514 19.148386
