14.317627 8.807036
12.804317 8.884976
8.327534 12.514167
7.574721 12.894786
9.798384 5.050525
9.852859 4.888918
5.360059 5.312899
7.328974 4.543075
9.083797 5.351451
9.636972 5.255602
9.473492 2.763574
11.000681 2.603500
10.130175 3.522543
11.248301 2.124391
10.974857 2.175060
11.659254 3.156678
12.179942 3.696741
7.550490 3.539138
8.075061 5.366559
6.178153 4.866194
6.657851 5.329911
6.937974 4.962190
9.833170 5.274993
8.779418 5.462263
9.283001 5.296248
9.079778 5.646945
7.848239 2.614559
7.991488 0.576193
8.222329 2.179184
11.926866 1.113676
13.602039 -3.148071
11.627487 -3.376450
12.454356 1.903718
13.250179 0.853275
15.512810 0.294389
15.523155 8.583736
14.899833 5.229891
16.801910 4.866733
12.685789 1.593856
12.420179 2.571856
14.191854 -3.459595
