-19.838116 -12.859145
-13.669070 -7.257183
-9.550034 -1.767591
-6.557735 0.150264
-6.696303 -2.194966
-7.601751 0.830459
-7.688112 0.958647
-7.655967 2.542114
-7.511434 2.710894
-11.250296 1.505719
-9.260265 3.069132
-7.737095 3.470413
-7.916572 5.302617
-7.767554 7.940414
-5.726213 7.871727
-7.473026 11.152208
-5.425753 6.388455
-6.951547 6.896686
-7.819983 6.792593
-4.260212 8.869231
-6.031610 7.036803
-4.726783 8.516398
-5.844844 8.229569
-9.618164 9.204470
-12.205896 10.291771
-10.040441 9.404183
-7.596423 8.715611
-7.627981 6.512827
-7.640989 8.174782
-6.565353 7.819449
-5.289308 6.484114
-4.236165 7.772098
-8.000371 9.769213
-10.745991 8.924075
-9.908198 8.837745
-11.818925 10.283405
-9.115438 10.896707
-6.339998 7.198768
-5.726473 7.050833
-6.299923 6.414048
-3.701743 8.745046
0.026455 9.794744
7.927713 18.473095
