15.841682 10.450760
13.311171 9.074484
11.856829 9.884231
9.738685 9.075346
6.832014 6.834502
7.332678 6.867223
9.283661 2.849746
6.941831 5.778713
7.919875 6.231592
9.207011 7.780507
8.635925 5.846210
9.508768 4.325435
10.982387 1.985281
11.386943 3.493279
11.770782 2.749232
11.542757 3.745358
10.858507 0.067507
11.558818 3.252017
9.901677 2.234902
9.553385 5.042436
9.162191 4.852746
8.508392 1.302943
8.965645 1.911374
11.014132 2.231548
10.092772 3.379219
6.986932 3.512181
5.189080 3.624665
3.126930 5.744032
-0.749170 7.783847
