4.071790 -15.749076
3.246280 -11.456716
8.554287 -8.400605
8.177371 -9.622151
6.715177 -10.358315
8.718008 -9.955576
6.597635 -8.130002
9.594068 -7.726037
13.748227 -6.984644
12.369993 -7.124771
12.588308 -4.137004
11.553473 -2.211016
11.436402 -6.984907
17.211212 -3.806396
16.052277 -8.451875
19.553249 -13.353276
14.838268 -13.071426
17.887562 -11.007722
15.816467 -11.755275
16.413401 -10.121625
14.791640 -9.885003
11.448518 -7.543545
12.465823 -4.470554
11.744854 -4.149645
12.875948 -4.745839
12.496658 -1.651426
12.614153 -5.515872
13.725444 -4.686658
9.906933 -7.212631
11.074256 -13.684661
8.897344 -10.100771
9.013475 -7.710480
9.876467 -6.769250
7.910957 -9.675694
8.916294 -8.992736
7.941842 -7.691204
9.463920 -7.078152
10.998178 -7.601532
7.730650 1.708447
7.301057 4.615351
6.343362 1.938236
5.701102 1.438178
14.418441 -9.333724
9.216106 -8.800489
7.946686 -7.101416
14.536579 -10.021409
10.403097 -13.167397
12.072880 -14.404834
7.986344 -12.870534
7.521791 -12.236882
7.164277 -18.569563
8.676411 -7.147491
9.104407 -11.880855
7.875764 -8.240523
8.686752 -8.584390
7.885897 -7.991832
7.088446 -8.199999
8.805482 -8.413973
4.859452 -8.464658
8.707041 -8.926660
9.035936 -7.269947
8.215099 -9.995529
6.251554 -8.344888
8.107385 -8.048268
4.857290 -5.497563
11.553994 -6.400925
8.888398 -6.855404
6.822324 -8.291150
9.333651 -11.372486
9.244319 -7.694378
8.936554 -9.825160
7.613655 -6.818243
4.656129 -8.843362
2.738304 -14.166835
13.988887 -13.616881
9.655252 -14.856759
7.179962 -11.088109
6.212930 -7.930116
6.655873 -10.041300
8.202504 -10.740948
8.370714 -8.249563
5.722102 -8.152137
5.110820 -7.271654
8.637520 -9.705665
8.523871 -8.859169
9.264557 -9.659966
4.977356 -12.309259
9.296837 -12.180835
7.404695 -9.938249
4.886756 -15.393993
10.125175 -12.828583
11.873785 -13.286452
7.191522 -12.651951
8.104590 -11.215425
8.967485 -9.300220
8.031943 -11.006255
8.645151 -8.123065
8.595238 -10.622901
8.970341 -7.448476
11.438911 -7.035048
6.216904 -8.745059
10.277506 -6.801922
8.963461 -8.182655
8.030258 -11.666929
6.472080 -8.886396
7.243320 -10.926951
9.428347 -12.857530
10.125896 -17.998798
13.773703 -16.652571
16.135370 -15.403434
17.144987 -12.353097
14.711017 -11.249358
9.715018 -7.267801
8.965895 -7.880296
8.368100 -10.087396
11.321917 -7.597655
12.987224 -3.769994
12.036911 -6.759083
13.225204 -7.375636
14.870464 -7.671807
17.627962 -10.672790
16.421150 -11.038575
14.311037 -14.189681
16.219835 -16.085793
13.578191 -12.906194
14.710918 -16.103523
15.217974 -12.891801
18.089157 -9.535039
14.856754 -12.449411
15.653333 -8.845316
14.956549 -11.050529
15.743292 -12.479323
11.637959 -13.927703
13.269126 -14.328572
14.056913 -14.260245
16.845129 -13.887651
14.491559 -7.690523
11.604282 -6.172834
9.339050 -8.473939
7.769496 -10.606863
7.091838 -9.396649
6.103686 -9.512917
8.997086 -8.154179
4.832181 -6.753562
6.328532 -6.984958
10.267574 -7.490825
10.304501 -7.583722
11.948641 -7.214308
11.662711 -4.072937
5.476276 -10.482143
4.352507 -9.816292
6.450608 -9.708666
7.949324 -9.363807
9.395487 -7.119771
8.327971 -8.599698
6.531485 -10.325113
8.087585 -9.019576
9.793461 -6.883018
9.163480 -8.037656
6.306406 -7.940223
5.727254 -8.451166
10.374116 -7.392694
9.031556 -6.761367
8.484945 -9.938810
9.147412 -9.787972
6.118117 -9.315337
8.614498 -11.374450
8.634933 -7.770587
9.181396 -8.398936
9.237690 -7.680439
10.067509 -7.635508
10.175743 -7.012673
7.674667 -9.417253
5.517973 -5.651721
4.858976 -8.565808
8.587875 -7.943134
6.675593 -7.801634
12.674479 -6.326111
11.844255 -3.827801
13.757071 -4.614853
13.025460 -6.631929
15.356088 -8.397091
11.540406 -4.862237
11.745063 -5.143873
9.626499 -7.600240
8.709320 -11.574824
8.883733 -9.574810
7.411765 -8.254210
6.077902 -7.599770
4.039119 -10.518516
4.764669 -10.560685
7.798093 -13.269864
4.556318 -8.795896
7.693894 -9.464238
8.690967 -10.887598
6.464032 -12.269710
4.969989 -10.533943
6.669638 -13.276723
10.402888 -17.194841
17.950497 -16.702274
15.079349 -13.647968
9.217742 -10.327889
14.397901 -11.579945
14.948849 -6.638655
18.980013 -7.382517
8.360323 -7.343558
7.990686 -9.710353
8.345628 -8.720507
8.600718 -11.631036
8.944261 -14.086926
8.065290 -12.752187
11.285521 -12.992805
13.502659 -15.650752
8.880879 -14.818907
3.985556 -8.323568
8.711341 -11.962852
7.599295 -11.220477
5.443500 -11.157200
6.878595 -10.941672
9.140543 -8.359448
9.227759 -8.247239
9.522560 -7.434634
6.722697 -7.127667
4.010594 -12.080451
6.911461 -14.414436
9.025365 -10.254241
8.009877 -12.628041
14.126867 -14.902247
14.876957 -6.752246
15.863829 -10.971059
12.730824 -7.278364
15.870740 -7.815217
18.676605 -7.253719
19.295124 -9.816363
16.599979 -9.949514
15.805696 -14.046607
5.631106 -11.824901
7.795111 -12.447263
8.944592 -8.230161
11.956611 -7.182638
10.582941 -7.630657
17.584869 -1.052865
11.703013 -1.111009
11.921744 -0.481238
10.567327 -0.109561
12.414549 -2.075922
3.613807 1.064377
3.975706 1.143684
5.277345 2.041267
5.282648 1.403370
5.431822 -4.657894
8.217656 -8.496083
2.795624 -4.908481
4.646130 -4.449567
7.432347 -9.536486
8.788649 -9.434411
5.372298 -6.814322
4.448082 -4.786984
4.647142 -4.500618
8.520717 -12.266671
7.144634 -9.708911
9.146110 -8.747000
12.869351 -4.859720
12.412051 -3.458473
14.035222 -4.125254
12.384779 -4.841749
11.441313 -6.767316
8.497987 -6.698538
8.702820 -8.706379
8.813068 -7.915105
10.558737 -6.672184
9.544378 -6.835924
5.654763 -6.788156
8.002746 -7.265965
4.588323 -10.860805
8.558681 -8.703238
8.848075 -8.618458
8.510649 -9.223348
8.650996 -9.563945
5.667584 -7.412800
4.612378 -5.978504
8.602394 -7.949187
8.259932 -7.777951
8.001079 -9.548706
3.101237 -8.462506
5.589077 -5.440587
6.974252 -0.011611
7.304603 -0.214602
5.328324 1.495395
7.784051 2.453307
7.271370 0.589463
8.033576 -0.206187
12.355728 0.620037
11.691234 -4.802464
12.796831 -3.138719
11.540594 2.300850
8.719150 1.880587
7.676605 1.125600
9.434902 -0.090289
9.773647 2.510505
10.591005 -0.284806
10.192781 1.442239
9.131584 0.860801
10.297976 0.841357
10.461721 1.437364
11.809093 1.065734
9.855555 2.053228
8.899375 3.467824
12.353205 3.361415
13.352139 3.579556
10.739548 1.709529
11.337029 3.070394
10.610439 2.964712
8.533829 3.950059
8.710213 5.988675
10.196680 10.944031
9.698133 7.848510
9.821567 5.533610
9.760332 3.601512
8.662531 5.357682
8.668022 6.254507
8.553570 7.021304
9.382956 9.786555
12.671964 9.716165
14.923166 9.510612
15.153899 9.908121
17.309719 9.332119
17.349195 7.302455
15.833496 1.620563
10.773691 3.349258
8.809286 1.600583
7.988640 2.497368
8.848473 1.298448
11.141096 3.125537
11.457519 2.504951
10.041406 1.114061
11.322769 3.470529
10.083977 2.554965
13.507862 1.470104
17.511559 6.079762
14.863389 10.235310
15.382099 1.911564
12.299913 2.818318
10.862229 1.610106
9.462811 3.515832
9.825058 5.033319
9.687431 6.180143
9.493301 7.823342
7.385819 8.401978
13.490911 9.481807
14.762890 9.963743
19.234581 14.904920
16.783339 17.268795
