10.950668 -16.813503
6.629840 -8.792302
2.779394 -8.251528
1.847300 -7.306947
1.203432 -4.105785
1.811647 -2.988921
-0.232279 -1.458107
0.047809 -4.273439
1.421000 -3.178615
-1.415851 -4.609744
-0.673595 -3.624207
1.182874 -0.219823
1.237743 -0.398052
0.885737 0.295038
1.799918 0.046104
-0.155101 -0.356341
1.452979 0.607428
1.579311 0.494454
0.930303 1.590958
3.660160 1.139158
3.115665 1.386976
1.717055 1.650736
4.040123 1.689595
5.760960 1.676367
4.008777 1.340935
5.979888 1.762467
6.265261 1.226166
3.851750 2.017691
3.536016 1.616387
3.768481 2.352744
2.039841 2.002995
1.261093 0.314935
1.801454 -0.020702
1.429878 0.135043
1.854760 1.726773
3.185139 2.144169
3.684762 2.836759
3.352833 2.421069
1.976668 1.384913
0.445357 4.676680
0.538507 7.003003
-1.848451 10.716565
-3.731311 13.984209
