8.654011 17.120735
10.097565 11.182555
7.183928 6.353308
5.353153 1.740087
5.069187 1.216515
3.963017 2.492260
4.812411 1.478721
5.479466 1.438092
3.935350 1.360083
6.515448 2.580793
3.613135 2.386351
5.495598 3.766030
6.701595 2.010900
6.994500 -0.170469
8.398149 0.577991
4.277110 2.305023
5.490842 2.195863
5.582412 1.928906
5.008752 1.348010
2.200927 1.520451
4.390733 2.176123
6.211744 2.940510
6.044701 1.191330
7.795765 1.655393
7.679001 0.495399
9.651250 1.761542
7.865928 1.736686
8.501980 1.823128
3.062742 2.126233
3.553622 2.220549
1.538617 0.888168
0.858098 0.062189
0.766590 -0.141887
0.508410 -1.159734
0.297424 -0.202695
1.586897 -0.146195
1.790039 0.582249
1.766801 0.277024
2.648592 2.154701
4.832499 1.295517
4.772044 1.848385
5.768509 1.503198
3.729011 2.202339
4.365778 1.456766
4.591234 1.201950
6.683744 2.118575
2.945866 1.062136
1.741128 -0.140936
1.370606 0.379717
1.328153 -0.942787
0.997009 -1.443367
1.334341 0.886196
-0.669783 1.115241
1.342917 -0.200273
1.645068 -1.831329
1.580447 -3.062167
0.858448 -2.490879
0.593684 -0.590285
-0.552089 -2.632143
-1.275311 -2.446987
1.158915 -3.652073
2.706527 -4.120082
5.213003 -4.715948
2.394481 -5.168723
4.234882 -8.385090
4.556555 -8.256520
6.265329 -8.644320
6.843382 -7.391363
7.557419 -7.610385
8.645925 -7.444661
4.380143 -12.629978
