-1.077565 -11.395024
-5.047581 -7.779771
-5.319317 -2.949606
-4.398753 -2.775428
-2.765193 1.288079
-1.572775 0.889470
-1.051316 2.836367
-2.476385 4.288709
-1.522579 3.948042
-2.383519 5.950443
-2.010228 4.276451
-1.573933 4.166974
-0.877802 4.144380
-1.573899 4.920643
-2.410572 6.188416
-1.002222 6.845142
-4.859887 6.557584
-4.480828 6.755389
-7.732390 7.512420
-3.887928 6.667346
-5.273893 7.360015
-3.919084 8.410461
-6.453962 6.723911
-7.538686 7.233795
-7.374889 7.334263
-8.107320 9.353830
-12.912726 10.618205
-16.187553 17.746365
