4.213766 -15.132155
4.357880 -10.594335
4.466915 -6.158124
4.969016 -6.222813
3.738555 -4.990130
3.527864 -4.427673
2.253335 -5.226380
1.572453 -3.347374
1.089502 -2.803540
1.070891 -1.812358
1.749169 0.241315
1.524393 1.382189
1.921407 1.234518
2.898781 1.608644
3.363167 1.334746
3.290475 1.152824
3.308107 1.978626
0.581203 0.830686
1.477047 0.213751
1.170413 2.361602
2.482590 1.437874
3.367043 1.729022
3.601777 1.198957
2.540373 1.072699
2.862880 1.912040
3.449780 1.488431
4.223379 1.439709
8.708816 0.898679
7.214537 -0.206148
9.602348 0.359313
12.538013 3.619997
12.675190 3.699218
12.604710 2.456683
7.111132 0.145830
9.755949 4.991657
9.771511 1.600339
12.610144 1.948893
19.199627 4.528359
15.613708 6.324645
18.053402 7.737012
16.987997 6.761179
