7.623775 4.828831
9.722921 8.191951
8.280756 9.030841
12.403508 10.621947
12.181604 10.456105
16.974277 11.887263
16.234715 7.047531
14.646664 -3.672472
12.779871 3.220360
10.057453 2.569025
9.470017 6.047090
9.931540 2.096694
13.984132 0.185795
16.263317 5.152081
15.908166 6.916564
14.333464 9.868984
16.067816 6.933610
14.855429 3.720201
11.627755 3.611212
10.478552 3.161866
10.414703 1.212574
13.819175 1.877980
9.742462 5.595470
7.592032 5.362659
16.332027 7.825065
7.416867 4.994874
9.456471 5.128603
7.374518 4.395402
9.460794 3.207155
11.301685 3.772514
11.172959 3.366071
9.420234 1.643291
9.574125 2.795613
9.862652 3.248430
11.271543 2.175560
16.003040 2.575777
9.236197 6.472222
9.570085 8.080781
10.305542 9.016695
18.861904 10.882541
13.130152 9.137108
11.339561 12.271970
12.235382 13.630872
9.099566 12.100821
10.850019 11.359727
10.443110 12.945804
11.696280 12.132080
13.027369 9.245019
9.898918 9.441451
9.026842 6.764857
9.792673 4.888148
8.284178 3.971053
8.820454 4.013399
7.715537 4.695014
8.692968 4.349833
8.320736 2.660913
12.616432 2.486087
11.874352 3.527582
15.580546 3.613441
15.284225 4.072498
9.758833 0.532294
10.953368 3.253432
11.352520 1.751427
10.175644 3.233945
9.525459 3.994191
8.763512 3.958202
9.879345 3.371052
11.490115 -0.669629
11.520225 0.955024
13.441029 3.207730
14.527499 1.807026
