-19.759701 16.812500
-11.304814 9.418527
-12.011885 9.885224
-12.715059 10.776412
-14.315929 8.449967
-12.887206 2.324379
-14.280861 3.723631
-14.970224 4.168445
-11.174559 -2.477331
-9.111971 3.238617
-7.948871 0.027788
-3.220576 0.482160
-6.338992 1.113495
-6.677406 1.255287
-6.061960 0.569781
-6.350513 0.245831
-7.722820 0.564480
-7.581561 2.829799
-8.722217 2.884107
-7.847014 3.451675
-9.247100 2.499887
-3.877641 -1.816535
-4.626921 0.993823
-5.050468 0.380914
-3.644484 0.659115
-2.322275 0.630698
-4.581447 0.540010
-2.784142 0.830109
-2.406336 -4.495721
-3.554961 -8.842332
-0.935536 -16.092592
