4.237722 -17.771751
7.599178 -14.853601
5.056747 -9.750484
6.424933 -7.748897
6.350324 -7.600304
6.659028 -8.123604
4.456788 -7.010576
7.067513 -8.997422
5.249776 -6.048578
8.501291 -7.704194
6.628464 -9.187598
7.866972 -8.375008
8.976917 -7.926932
3.364635 -5.752524
5.845077 -5.641083
8.334055 -11.180255
7.826177 -7.879438
9.471383 -6.662906
7.440725 -8.241860
8.253921 -7.519804
4.656194 -6.462636
0.246349 -5.916463
1.015720 -3.133574
1.708347 -0.784331
0.632832 0.299240
0.677251 0.654546
2.625260 1.540821
2.933372 1.302737
6.113132 1.578633
5.432909 1.490081
5.303830 1.087563
3.151848 1.164993
1.642607 0.152320
0.983495 0.162287
4.913233 -4.353559
4.134107 -6.695851
8.680754 -11.910783
8.581688 -9.846110
8.381024 -8.251023
8.555596 -12.197062
8.079306 -9.855359
11.829813 -7.299100
11.810783 -4.606299
13.819952 -6.117100
12.410268 -7.668021
11.743155 -2.438546
13.445639 9.592599
9.601107 11.230164
9.852023 7.767762
10.162323 2.249602
9.846495 1.379142
6.306756 1.594222
9.216420 1.692493
10.066246 0.223666
7.587779 1.776272
7.139367 2.448508
8.423395 1.602493
7.321969 0.295633
8.375275 -0.193228
9.035102 0.701119
6.880727 1.100231
7.774464 1.370492
7.835830 2.655520
