6.799412 3.473938
3.495912 1.114267
6.321400 1.573810
4.983175 2.331326
5.213651 1.724438
5.111687 1.437631
4.710283 1.497107
4.134458 1.460476
3.892570 2.137245
2.737530 2.765338
1.750932 1.011513
1.007820 -3.293565
0.795412 -6.525284
3.171139 -5.477884
0.582590 -4.737013
3.362590 -5.205936
1.999381 -5.175169
1.306188 -1.613828
0.792654 -2.379634
1.645858 -2.187405
0.890274 -0.672048
-0.111825 -4.302620
1.305326 -6.923529
2.969047 -5.151363
-0.519233 -5.026019
1.711751 -4.333144
1.399083 -1.052127
1.400432 -4.660527
3.856666 -4.174597
4.578918 -5.098318
4.018180 -4.184059
4.276299 -6.716631
3.139935 -5.460339
3.531587 -4.775578
4.642872 -4.376616
4.307032 -4.583775
2.707381 -6.632243
4.342232 -5.203084
4.145153 -4.086355
3.686677 -5.133580
3.985930 -4.755276
3.262152 -4.605043
1.058352 -9.245638
-0.057893 -12.300331
