12.482578 14.234369
6.774492 14.314071
7.288785 13.674580
5.260014 12.456382
5.125565 9.322011
4.583064 8.411346
4.619492 4.847667
3.219469 3.649870
2.648174 4.336083
2.357877 4.449000
3.290102 3.589015
1.897118 4.272738
-0.118474 4.241955
0.592810 5.488682
0.258598 5.864275
3.659487 5.153090
5.270697 6.255746
7.821602 6.364747
4.320085 9.613438
5.021262 5.600684
4.606756 5.251876
2.074481 5.193455
0.773325 5.824114
0.123281 4.712978
-0.887744 5.516212
0.882100 5.673490
-0.183711 5.082747
0.261713 4.510259
-0.996647 6.157444
-1.373765 7.375866
-1.289606 7.329008
-1.108261 6.578165
-1.837980 7.332594
-0.709307 6.614439
-0.880749 4.881292
-1.164492 7.435757
-1.446715 5.274333
-1.701666 8.618869
-1.184199 8.409164
-1.704488 12.824980
-0.204876 11.430969
-0.413365 11.381074
0.119486 11.276713
-1.391546 11.915094
-2.991136 8.112919
-2.181244 7.364738
-1.865879 6.132884
0.126358 5.675007
-0.666142 5.838474
-0.889816 6.510190
-0.099186 4.312496
-3.111428 8.625985
-1.203894 8.740620
-1.991624 9.714765
-3.418907 8.581403
-4.173182 6.523516
-2.684777 8.113294
-1.796482 9.187028
-0.902993 7.469556
-1.244813 12.481170
-1.051494 10.881677
-0.428168 12.009883
-0.246854 15.964046
-0.175642 14.937105
-0.922634 10.510246
-3.706388 6.923484
-1.341467 7.695602
-4.314366 8.672595
-2.629197 8.117756
-1.290577 7.352331
-2.118480 5.562752
-0.235450 3.910558
2.044059 5.110147
1.040379 5.447655
3.457919 4.678486
3.885080 5.744690
5.018511 5.721697
5.581194 10.395042
5.178008 9.434354
7.270310 11.388574
7.383752 14.072190
5.700610 14.630866
11.014042 14.527472
1.623631 19.192011
2.682657 19.069757
