-3.272105 16.934427
-0.138345 12.912907
-1.773289 8.048805
-0.759423 10.517668
-2.229371 10.386781
-0.886348 8.964227
-3.369470 6.935454
-1.800940 8.283231
-1.100432 8.519001
-1.372472 7.286820
-0.347613 5.890162
-1.882575 5.328712
1.306772 4.659123
5.207519 5.768198
5.529536 6.960939
5.505590 5.298716
4.600392 7.173872
4.814205 6.639028
5.536084 7.721314
4.346581 7.403379
5.006800 1.289986
3.352695 5.350512
2.199117 5.071181
2.408285 5.423119
3.160820 4.858751
3.243998 4.940312
5.861327 5.078200
4.456451 7.321121
4.930983 8.276558
4.600100 7.788580
6.337121 8.684796
5.201259 8.651436
6.507314 7.809722
5.117948 4.717226
2.345944 5.013858
3.941478 5.402355
3.920036 4.351890
5.450213 4.711810
3.018318 3.231038
3.393583 4.625082
1.304844 5.391503
1.128508 4.974228
0.833641 5.254634
1.207925 4.656747
3.611974 5.422540
7.139400 6.948673
6.366165 7.106564
5.579036 4.691519
7.662762 0.980564
