13.618086 0.757256
12.436878 -2.570073
11.567741 -3.861851
12.723370 -7.447145
7.663101 -8.328163
6.610485 -9.520909
6.113954 -4.620767
3.789083 -5.214686
6.744736 -7.000767
8.375587 -9.285249
9.363073 -7.211240
7.171893 -8.241897
2.467042 -7.788572
4.795093 -6.801522
5.289101 -7.640313
4.026997 -6.629055
8.765141 -8.142719
7.908130 -10.141007
10.358897 -10.082736
6.842466 -8.740436
4.152349 -5.968066
2.340441 -6.542351
5.097430 -6.065794
5.014181 -4.239236
3.461873 -4.436329
1.401009 -5.619299
1.224890 -1.955832
0.967190 -0.520059
0.063561 -1.387568
0.755327 1.455765
5.128329 1.735611
4.212056 1.199786
3.842810 2.715942
6.582438 1.721527
8.110473 1.970953
8.383545 0.269644
7.762173 -1.331321
7.005501 2.943208
7.393336 -0.456065
6.676482 1.464719
4.813321 1.062334
7.640316 1.840016
7.316852 0.063120
7.434680 1.368575
5.708470 1.604856
6.516639 1.068506
2.269188 1.184315
4.048990 2.296109
5.230479 1.271470
3.631711 1.484326
1.875827 2.518043
1.632180 -0.164407
1.271102 -0.412239
1.516256 -0.010567
0.475015 0.689025
1.374098 -1.209557
1.555362 -1.754152
1.704764 -1.641481
1.351149 -1.596680
0.449171 -1.776808
4.210103 1.148545
5.750032 1.384461
3.424224 1.127167
2.805401 1.245757
5.132944 1.514230
5.539483 1.862828
2.048722 2.378404
2.762201 1.177328
6.129725 1.315046
4.162149 2.589780
2.394773 1.660740
3.181909 2.784942
1.556828 -0.884923
4.545778 -4.105989
4.072338 -4.164804
2.632186 -4.140828
4.294314 -6.090158
2.843606 -5.189171
3.488945 -4.351120
1.146549 -4.448055
1.270352 -4.769092
1.424771 -2.719867
1.771968 -3.470696
1.168056 -4.838995
2.413416 -4.061612
1.615310 -4.093364
1.487396 -4.255322
0.545716 -4.439353
1.626223 -1.975470
1.000291 -3.261532
-0.148065 -6.912833
-2.184610 -7.067489
-2.768086 -9.139192
-10.235166 -18.067097
