16.533831 3.857456
9.975577 -1.611027
8.646490 -1.189444
10.208902 -0.063209
11.836213 -0.764568
14.521215 -7.868339
12.280786 -6.416410
9.947792 -8.855602
6.256323 -11.428821
4.907249 -7.229616
6.221684 -5.484321
4.114660 -4.193484
5.896247 -4.633529
4.977876 -6.032106
6.016012 -4.298705
5.239676 -4.954632
5.265388 -4.190107
6.351111 -4.498336
5.379261 -3.994409
3.707107 -4.296976
7.397221 -7.827471
9.753979 -10.204104
7.573972 -9.501118
9.960323 -7.983442
8.873749 -8.926776
10.277894 -8.388337
13.981024 -6.165199
9.328938 -12.392674
10.396369 -6.667303
9.191526 -6.702116
10.363882 -7.718361
6.890531 -7.010825
10.902961 -6.665525
10.276064 -7.609540
6.926567 -10.647241
8.003256 -6.648049
7.225890 -6.831102
6.501195 -8.190825
5.562572 -6.715695
7.034344 -1.232011
7.920360 0.132901
6.922461 -1.479412
9.142883 -1.571480
9.011959 -0.678273
10.346117 0.925594
9.116465 0.605967
8.588695 1.911982
9.127390 -0.465956
11.522617 1.478846
9.888672 -1.131682
9.112638 1.435941
7.745008 -0.245239
10.263014 -0.405993
7.588895 -1.563278
8.420176 -1.498033
6.918643 -0.182841
7.784876 -0.999736
7.964446 -1.236421
7.993883 0.757686
9.593307 0.908405
3.267887 1.874879
1.791839 -0.020671
1.317958 2.168716
0.599447 -0.085454
1.589893 -0.564656
1.534123 0.150415
1.601610 0.226293
0.169771 -1.408280
1.152215 -2.608807
1.525976 -3.121594
1.445501 1.414882
1.235807 1.211620
0.496256 -1.115408
1.772780 -2.201966
1.472667 -1.296740
1.714939 -1.293722
1.589085 -2.729687
0.638410 -1.789020
3.263786 -4.345342
8.747625 -0.798352
13.044474 0.673707
6.235539 1.717874
6.643234 2.790913
8.024310 0.976671
5.347152 2.840398
6.374609 1.576604
3.031086 -5.106014
3.217938 -5.427530
6.285847 -4.126644
5.869094 -5.584187
3.227513 -6.089206
3.712514 -4.703151
2.715382 -4.065179
0.582984 -4.895916
0.765269 -3.065335
1.718539 -1.913603
1.763357 0.451414
1.379469 0.709365
2.680156 2.492293
4.597609 3.246145
4.295904 2.716703
3.719480 2.209503
2.505591 1.083858
4.228770 1.483977
3.676630 1.193003
2.664560 2.235471
2.117758 3.291558
1.614512 -0.287051
1.128421 0.119585
0.926887 2.520851
3.069988 1.831327
3.666848 1.595258
0.704362 3.019189
1.728654 0.993906
1.745893 -0.386252
1.211834 1.078983
0.426294 -0.136430
0.427783 1.613426
3.799947 3.361946
5.846619 3.270885
4.495429 2.113837
5.529161 2.082702
3.777045 1.137787
3.549390 1.149918
1.747172 2.977289
1.365515 0.343798
1.806366 -0.418444
1.379611 -3.185280
2.084691 -7.507185
5.024710 -4.410054
2.542944 -5.106052
-1.091959 -9.931915
-2.759474 -9.966852
-4.336166 -11.577989
-15.806434 -16.024195
