1.682627 17.584282
-0.015605 14.817271
-1.692231 12.796542
-0.819375 13.277277
2.196384 11.081500
0.306689 11.259533
-1.104125 8.664617
-1.334970 6.938464
-0.965110 5.863154
-0.211417 5.686571
2.043494 4.922575
1.804731 3.871436
0.512348 4.250411
5.212622 8.738787
3.165869 4.253298
3.573892 5.640299
-0.780762 7.737057
-1.570028 8.906880
-0.705267 7.655826
-0.988923 7.167201
-1.022014 8.584071
-3.321840 8.541770
-1.383475 6.995775
0.199865 5.392204
0.138984 4.633282
5.190581 4.357505
6.665032 7.103534
5.691343 4.903496
7.176074 6.999605
6.850574 10.815772
4.556328 8.576382
4.422346 8.512007
5.307579 8.111217
6.515532 8.830300
5.540318 10.559630
5.506690 11.826893
5.230999 10.020615
6.928935 11.626926
3.124905 10.993575
1.116144 11.071488
1.564069 5.001088
1.917835 4.923161
2.484886 5.549793
6.375751 10.596420
6.370927 7.880591
-1.225126 6.470067
-2.637601 7.127182
-1.862895 7.236707
-2.457332 9.126659
-1.927534 10.752107
-2.335492 9.855561
-2.158919 8.856955
-0.682390 12.228806
-4.021491 12.875066
-0.727499 13.386194
-2.767456 11.263456
-2.430350 7.322208
-2.107764 12.867736
-2.924237 11.199146
-1.189734 12.231047
-0.956910 11.075933
-1.061392 17.910383
-1.007229 12.103574
0.023461 13.329651
-1.218676 11.844151
-1.073828 10.082932
-1.003507 9.043746
-2.207393 6.100276
-0.259943 5.837756
0.657789 5.191007
1.706938 4.647074
3.715043 5.785336
7.350195 6.885840
6.219460 7.405159
5.466805 7.545210
5.339506 9.164899
6.361846 11.492322
5.742273 12.408265
4.955645 10.144368
7.116449 8.079494
1.969891 4.076637
2.640104 5.683070
1.431432 5.812600
3.452526 5.795336
6.192028 6.135278
5.592485 9.795718
6.326550 15.816177
5.408265 15.287520
7.609865 9.866108
4.582111 6.867395
5.328741 3.196359
2.887191 3.757658
3.184447 4.971158
-1.985831 6.280039
-0.997688 6.506154
-1.950232 7.841330
-1.083624 7.704678
-3.006664 6.491473
-2.436947 6.505792
-1.304754 5.536976
-1.916235 5.961510
-2.289133 6.021328
0.105929 2.507763
-2.122514 7.054197
-0.296738 5.305403
0.858783 5.797371
3.030829 5.306491
5.390888 5.612628
4.550113 8.846738
6.197106 7.116373
4.712605 5.819930
0.917780 4.264922
2.209278 5.645080
2.487806 5.339843
2.542500 5.100540
3.981505 1.527725
8.026344 1.087128
9.576643 3.326031
8.312108 1.800185
6.218620 1.248638
6.160895 1.758430
8.455623 0.773871
7.204296 0.039031
7.891046 2.145372
3.635079 1.555126
0.210006 2.505106
0.430285 0.009459
1.463471 -0.607770
1.941537 1.684511
5.011760 1.238923
5.324666 2.085462
6.140671 3.949571
7.232072 0.631544
8.090967 -1.410148
7.054770 -7.588186
4.930748 -8.907858
6.490824 -10.614430
6.338057 -5.511487
8.441319 -8.456306
8.107535 -8.143102
10.329646 -9.296954
8.774717 -7.258111
10.750369 -8.448363
7.016392 -7.541785
6.323240 -8.486056
6.218975 -3.945445
4.152119 -8.178985
6.921006 -7.166401
11.635705 -10.472425
9.637556 -8.094326
7.689487 -7.779447
10.886999 -9.222191
7.966647 -6.913870
3.615634 -7.200652
3.004912 -7.593515
6.200630 -5.603636
4.276824 -4.198600
0.299047 -5.659853
1.432473 -2.854423
1.811761 0.746845
1.293702 -0.260012
-0.079618 -0.100571
2.039716 1.347137
0.212982 0.667635
0.681993 -0.827102
1.606526 -3.823917
2.228368 -4.262066
3.734453 -4.334059
1.778417 -4.553678
1.516533 -3.149788
-0.123176 -4.506648
6.049995 -5.191408
6.193982 -4.099815
5.934330 -7.612547
5.524537 -6.181081
5.619120 -6.839325
11.132308 -7.768090
17.640148 -12.576478
