3.585387 17.966881
6.921395 19.907660
0.857815 19.249121
6.206539 15.878386
6.205326 10.925264
6.447380 9.056239
6.119538 6.911655
4.677555 6.844984
4.386800 8.093275
8.325142 8.703760
4.883230 10.510159
4.951126 7.011672
6.213698 8.399467
4.665803 8.653769
5.449445 7.691081
4.211442 5.788756
2.206443 4.117939
0.566329 4.264663
-0.426972 3.697645
0.034463 4.026205
3.313272 5.361588
4.569422 4.502143
5.902654 7.607423
5.429673 3.923179
1.879522 5.907252
0.916505 4.654774
-2.918205 6.680660
-2.498365 6.470313
-2.772030 9.276994
-0.598665 11.894448
-0.901694 14.054708
-4.521533 13.837636
-1.446000 11.692361
-2.392054 14.617272
-3.554244 11.806389
0.122852 11.207464
3.471670 11.177704
6.814481 10.324649
6.686422 8.915069
5.890845 8.228230
7.485579 7.907495
5.012435 8.216328
4.491014 7.965588
6.123931 6.854991
4.556534 7.446380
6.720038 8.012160
4.558414 9.811772
5.079230 10.329442
5.600917 11.214546
6.177124 10.803817
3.973742 11.142838
8.584192 10.047622
5.087514 7.887082
4.450536 6.470455
3.121375 4.056918
3.197748 4.328613
3.151808 4.384450
2.916700 5.836495
-0.034664 5.743905
4.804222 4.739951
4.480218 6.190183
4.920971 11.069777
6.236872 10.857077
5.777089 7.588027
8.616887 5.010497
2.949893 5.488035
2.457529 4.516008
-0.567941 5.632379
-1.559483 6.236899
-2.282267 5.103749
-1.205847 7.450662
-1.190780 8.981236
-1.337666 7.773040
-1.744822 7.247123
-1.314418 9.272759
-1.862254 7.223423
-1.479113 4.339791
1.773825 5.323889
2.448645 5.770271
0.217556 5.431289
0.717671 4.969137
-1.995437 6.516846
-2.524479 9.882360
-3.161277 9.786529
-1.114319 8.352549
-1.865713 7.976206
-0.979863 7.916818
3.778217 5.727189
-0.788716 5.930724
0.251964 4.879034
4.451417 9.039236
6.666503 8.081390
5.476128 3.628120
5.693398 6.902525
5.351674 9.776587
7.456089 9.981215
5.172258 10.781292
4.542721 10.386894
6.742291 7.608087
4.979736 9.508557
0.039686 12.273507
-4.212978 10.664055
-2.938311 10.574634
-1.604772 8.465788
0.644359 4.993857
1.720741 4.992154
0.523134 4.966797
0.342913 5.365215
-1.148382 5.194685
0.193878 4.000792
-0.082948 4.495884
-0.723597 3.907093
-0.685251 7.861531
-1.621648 10.068673
-2.656664 7.937611
-1.081931 7.145109
-2.440529 7.572119
-2.520677 7.433550
-1.899898 10.112247
-1.008396 10.122178
-1.365751 9.239636
-3.156731 6.833671
0.140568 5.496351
-0.087358 5.802688
2.139417 2.897621
2.089397 4.358739
1.999470 4.357369
5.144412 4.116817
5.615169 8.074644
5.904129 8.131268
4.354134 6.293677
4.870231 4.879748
3.252036 3.143328
3.417848 3.351875
1.995168 4.751166
1.176084 5.726464
0.016275 5.106155
-2.298901 7.685579
-1.909277 8.280621
-0.745537 6.776755
-2.849396 9.319196
-0.360283 11.680114
-0.797219 15.105165
-12.103013 5.378954
