17.586575 17.200834
12.251966 4.851286
8.616224 1.746793
8.934851 2.474669
8.058167 -0.006583
6.151455 1.967993
5.638645 2.410316
3.424691 1.943020
4.288293 1.639249
8.167692 0.811263
8.927291 -0.201655
12.060331 1.383338
7.121996 -1.559450
6.897517 -0.335157
5.913809 1.576024
6.640162 2.085508
6.221051 2.314533
3.777859 2.283661
3.028198 1.563428
1.496773 1.995238
1.350482 0.208276
1.276693 -0.245824
1.488581 -1.670227
1.668046 0.519439
1.666183 0.805431
0.401024 1.001537
3.206750 1.301777
1.892215 1.127177
3.313189 1.585748
3.163873 2.277423
3.082675 2.326495
1.667211 -0.395258
1.622811 -0.542733
1.394919 -0.783711
1.050579 0.016252
1.705681 -0.219890
1.535051 -1.113453
1.685108 -1.641942
1.021955 -1.256090
0.986178 -0.434611
2.340295 2.169474
2.762950 2.413775
2.454377 1.116929
2.948480 1.733135
3.406541 1.476994
6.189264 2.004278
6.519882 2.132630
7.172276 0.292314
6.904938 0.456690
6.655099 1.439691
2.689441 2.723807
1.181726 1.412043
0.831254 0.829684
1.698548 -1.060453
1.416435 -1.572752
4.040108 1.589303
3.157521 2.221397
3.072805 2.583179
5.056526 1.477376
3.628526 2.004683
4.173081 1.214622
5.163881 1.873685
4.093624 1.284576
2.509040 1.378297
2.555757 1.375351
2.957404 1.732225
6.034623 2.574392
4.657157 1.364568
5.587013 1.920208
0.655566 -0.741451
1.037961 -2.219009
1.792279 -1.377837
1.643553 -1.927396
0.258463 -6.062397
2.708270 -4.161650
4.942837 -4.526453
2.872423 -4.466637
2.414809 -4.594803
6.049382 -4.870943
3.550879 -4.573433
0.568099 -3.937025
1.541844 -1.098125
-0.548458 -0.257953
-4.680209 -2.004693
-6.025302 -5.191936
-6.663009 -9.916902
-10.715065 -8.466510
-14.806950 -8.450683
