-16.047543 -14.486097
-10.582109 -8.450664
-10.932391 -10.557168
-10.585972 -9.423532
-6.802144 -8.648232
-4.202694 -5.960603
-7.332048 -6.309163
-6.831427 -6.838485
-5.523404 -7.056845
-8.255994 0.663655
-9.817778 -2.316790
-9.557371 -1.312985
-10.494845 1.770129
-7.803647 -0.604140
-10.452135 -2.837722
-9.334728 -2.979857
-7.123016 -2.607984
-6.180653 -7.116928
-6.752759 -6.999812
-6.756685 -6.456802
-6.174040 -6.137061
-5.502472 -7.287479
-7.771921 -6.514611
-5.749230 -3.446462
-7.488980 -5.807247
-6.615768 -10.234533
-7.488376 -10.433828
-6.170012 -8.977521
-5.445343 -10.283944
-8.746446 -9.503736
-7.794972 -7.888491
-9.281132 -10.371024
-14.559681 -7.004424
-13.940521 -7.084811
-13.025085 -10.177456
-6.588957 -8.136941
-8.806133 -8.180675
-5.290538 -9.289191
-6.356786 -7.504779
-11.348474 -10.689559
-9.516435 -8.147182
-12.292757 -8.371711
-11.996244 -11.568908
-16.371223 -4.392686
-14.079716 -5.420956
-15.110480 -4.253227
-13.046429 -3.622549
-12.960159 -7.001708
-13.051326 -3.773160
-15.402205 -5.414501
-14.397806 -7.720378
-11.885864 -9.387606
-8.718433 -8.529338
-6.047890 -8.523175
-7.496421 -7.476388
-7.625649 -8.042221
-8.649748 -8.045689
-9.625408 -10.039947
-9.932085 -9.385898
-8.062414 -9.636282
-7.041985 -6.992517
-8.277813 -8.652020
-6.521368 -10.135585
-10.385652 -9.317899
-10.423748 -8.577132
-9.384180 -8.902267
-13.456274 -7.018718
-13.749123 -6.774698
-11.375557 -10.932303
-8.409569 -8.858970
-8.428905 -8.449656
-10.410383 -8.145543
-13.492167 -8.065850
-5.224574 -9.127458
-5.547535 -6.680331
-5.710976 -7.835455
-5.390126 -4.442149
-8.532416 -9.374377
-7.632744 -9.076013
-10.061981 -10.040002
-8.279932 -9.617593
-7.361237 -7.398696
-7.156115 -5.622510
-7.870237 -7.305292
-6.014913 -3.680258
-10.137701 -1.570478
-11.872308 0.340779
-11.536572 -2.960844
-7.404299 -3.119443
-6.264103 -3.326530
-13.545691 -6.436701
-13.355460 -10.719001
-13.105124 -5.889683
-13.827797 -2.817231
-12.271120 -2.321314
-8.173731 -1.997642
-10.377245 -2.339828
-10.817039 -2.898163
-6.953074 0.493730
-6.205550 -2.868626
-5.699708 -4.385110
-8.617693 -2.012124
-8.583950 -0.769452
-8.374931 -1.420160
-4.503932 0.016392
-6.528281 -1.879305
-5.265658 -3.370162
-5.481419 -4.407150
-8.592813 -2.397111
-9.883758 1.196411
-10.220114 -2.837177
-10.094103 -2.423685
-9.395117 -2.575495
-9.511198 -1.895382
-5.873178 -3.952197
-7.806654 -4.647984
-6.756886 -5.371896
-5.558482 -5.753499
-7.686845 -8.592915
-11.118226 -8.605770
-13.102926 -8.949096
-9.896702 -9.502465
-7.768055 -8.330909
-6.639249 -6.625928
-7.300611 -6.040391
-4.222605 -5.851798
-1.079896 -4.930266
1.207641 -2.039117
0.056369 -0.101222
1.200662 -0.216025
1.310867 1.847839
2.554922 1.387345
6.855789 2.041444
6.242924 1.210142
4.037501 1.902139
3.584356 1.144597
1.709021 1.139122
1.110519 1.704074
5.119798 2.233924
3.485841 1.182077
4.140893 1.206129
1.682920 1.149051
2.956514 1.530517
1.725327 0.481806
1.600852 1.194161
1.603972 -0.456016
1.764389 0.709804
1.824620 2.304151
1.286576 2.228681
2.975646 1.858648
4.176292 1.293825
4.204393 1.758590
5.968936 1.301106
3.279234 1.271828
2.928262 1.106089
5.820707 1.269398
2.255210 1.332414
3.179979 1.694560
4.318054 1.175808
1.585824 2.387529
-0.387528 0.390995
0.875591 0.379278
0.850079 0.135823
0.929143 2.155786
2.154418 1.121684
3.528729 1.874237
0.644971 1.137340
2.316476 2.317257
1.773317 1.617878
1.774080 0.500728
1.595742 0.045996
1.301095 2.094069
3.878490 1.090614
3.603294 1.653633
4.395333 1.177548
5.352967 1.833219
2.855221 1.212040
4.171164 2.537273
4.422344 1.550433
1.515814 1.807139
1.442816 0.535317
1.543028 0.585031
1.748728 1.539342
2.672368 1.669974
3.977293 2.202163
4.988003 4.534311
9.171346 6.391654
10.406561 6.340207
12.246090 7.378120
16.980747 14.998973
