14.465223 18.574921
11.824251 8.915522
9.067789 7.056474
7.169557 10.594112
5.277561 8.116911
5.602715 7.122676
4.502090 3.108943
3.130732 5.146115
1.722063 4.961456
0.303582 5.890421
1.695624 5.822204
2.651512 5.848908
4.157068 3.919911
1.346401 5.849782
3.233731 5.272049
3.289671 5.376035
2.704829 5.127501
1.478170 5.822801
2.291889 5.535853
0.615185 4.683630
-0.450823 3.844654
-2.476442 3.948117
-2.342397 4.782516
-1.311328 5.464913
-0.555425 3.181292
-2.076012 4.224960
-3.481512 -0.627508
-6.008448 -0.253433
-5.821502 -1.246881
-4.262512 -1.852973
-1.989947 -2.249278
-3.215152 0.878090
-0.789279 1.032202
-0.931964 3.198140
-3.007389 6.606628
-2.759806 6.391640
-0.770196 6.448762
-0.676950 4.709380
0.571529 5.370487
1.719339 3.900853
0.025839 2.191853
1.173753 4.520600
0.098418 5.897129
0.676259 5.051253
0.728094 4.225943
1.916488 4.693151
-2.410369 6.361957
-1.904688 7.832388
-1.402432 6.944197
-0.989477 5.378270
0.376222 5.081522
-1.500097 6.551892
-0.929737 8.672626
-1.641663 7.637184
-0.847578 6.835140
-0.883206 7.885091
-1.114839 7.767691
-1.267090 7.412597
-0.937580 6.481195
0.318972 3.824558
0.109160 5.589172
0.115592 4.473001
1.283475 4.706864
1.583316 4.072117
1.082435 5.773567
2.254001 5.160171
2.414883 5.190560
2.879673 5.181882
-2.325689 4.464333
-1.381509 6.318335
-1.704475 7.359449
-1.530798 9.282816
-1.659554 10.223586
-6.960514 12.621944
