14.403907 -3.179932
12.946093 -2.546363
7.240835 -0.207303
7.677373 0.924224
6.554366 0.226940
7.397022 7.332921
10.582886 4.302884
12.169554 3.877917
10.948107 4.038611
10.814152 4.223297
12.256504 5.455113
6.557199 2.215817
6.892797 -0.168792
7.524366 1.371990
8.334445 2.916115
10.229934 4.707200
9.888397 6.029946
10.448153 4.052624
5.836441 2.660628
5.077938 -0.057712
4.380227 -0.724808
3.756619 0.304893
5.218094 -1.611100
6.346036 0.674253
8.033773 2.157130
7.497483 2.892389
15.925466 -1.918047
14.941887 -0.330368
14.935188 4.191247
13.280872 6.461086
8.966449 5.190035
11.873739 4.735654
9.186663 5.619560
8.002577 0.643943
8.387744 2.354922
9.105772 1.360865
9.046972 2.324063
6.907325 2.766702
8.577240 1.537861
5.699307 0.395541
5.035390 -0.789241
5.252229 -2.310750
4.971967 -0.288734
6.888888 0.771024
8.586176 -0.037679
8.074458 0.473863
8.635482 0.235047
8.584264 0.729860
8.154185 -0.124900
8.620819 4.266735
8.585060 0.129071
8.982328 2.976639
8.818453 3.585495
10.324261 3.512944
10.038486 4.899928
6.461721 3.173055
4.964551 -1.973934
5.298872 -0.180906
7.900187 0.259544
9.026136 2.212894
5.997481 1.065186
9.041816 6.049881
12.461407 5.151321
10.153828 5.510211
11.685545 5.123393
13.300746 3.492750
11.681732 3.779504
9.344162 4.468518
9.190670 3.913844
6.801463 3.331223
7.803462 0.979695
10.411742 4.640121
16.187454 6.566316
15.355020 2.659313
16.280941 4.974049
14.374183 2.943896
14.509010 2.282643
11.345913 4.779834
14.591056 4.157918
11.923770 3.961482
9.876641 3.643917
8.190358 3.424502
7.682490 0.926003
9.026741 1.699052
8.261286 6.747064
12.108849 5.420468
10.651492 5.445718
10.779638 4.095288
16.802170 3.285354
16.335609 -0.985324
14.922721 2.704857
14.924230 1.790407
16.025856 2.684483
17.132542 5.746874
12.039603 3.735707
8.513533 7.048797
11.263027 3.719533
10.363131 4.705236
9.343927 3.620476
10.514629 3.527831
8.875704 3.581421
8.523159 5.524979
9.048967 3.109839
4.769564 2.398106
8.082453 0.718240
8.733841 0.157091
6.019386 0.004684
7.141277 0.442050
6.424234 0.276995
7.465127 1.861575
3.601078 0.448075
4.773401 -1.746485
4.475508 -3.614535
5.869736 1.573199
5.703153 1.685501
6.339911 1.196520
5.809651 0.103132
4.660757 -0.193524
4.459053 -3.113325
4.738053 -2.280566
3.102186 -4.128115
4.128703 -2.803327
2.767623 -3.626591
3.507176 -4.024438
5.276864 -3.530485
5.413034 -8.433455
7.630713 -8.015389
8.208138 -8.296130
3.522105 -9.912176
4.091592 -9.396028
6.842963 -9.351970
6.638121 -8.943542
7.063780 -8.233168
4.244881 -4.918962
5.539441 -7.249884
3.424406 -3.675196
2.555813 -5.819165
5.720213 -6.123138
5.411110 -6.016055
5.728935 -9.953468
6.635883 -8.370595
6.891714 -8.962768
4.924427 -8.742416
12.048204 -7.795212
11.560102 -2.771783
12.487592 -2.561134
12.638666 -7.827297
10.981814 -7.960306
9.074623 -9.501770
11.364635 -9.194890
9.586958 -9.241389
0.662350 -7.838932
3.591290 -5.654528
3.264430 -6.645236
2.287608 -3.017977
2.785523 -1.080234
4.392532 -2.220089
4.926503 -1.070876
4.433831 -6.345068
6.058523 -6.905859
5.372437 -5.204485
4.569902 -0.391413
5.752682 0.375263
7.071358 0.150378
6.575650 0.824939
6.577960 -0.071158
8.348839 0.585195
9.006768 0.843280
5.860831 -0.064157
7.241899 -0.060492
5.447933 -0.497614
4.796746 -0.719013
3.011849 -1.750633
4.746334 -2.893003
4.333305 -3.862819
4.542948 -4.761313
5.608110 -8.418332
7.973885 -9.706969
9.987206 -9.547360
8.216511 -8.509734
3.690350 -9.950574
3.168831 -6.384156
4.936983 -5.384640
5.139219 -7.419190
5.094399 -5.110136
4.955833 0.411921
6.132723 1.580503
7.079178 0.390262
8.647928 -0.036848
6.573176 0.271127
7.381118 0.284860
6.146697 0.715760
6.037145 -0.077235
8.052136 1.547430
4.357469 0.576380
5.365477 -2.629671
5.219832 -6.002978
4.764991 -8.407096
5.726381 -6.766192
6.163513 -7.969635
8.975109 -9.312966
8.127357 -10.278230
12.839128 -7.446149
11.446868 -3.209838
13.206647 -4.730056
11.832435 -3.519911
13.321873 -2.683371
13.833882 -4.152099
11.637012 -2.091070
12.875920 -2.403386
13.109538 -1.624099
10.708830 -8.882974
8.270926 -9.561844
8.970778 -9.156018
8.607635 -9.283655
12.064961 -8.955272
11.786858 -7.079678
9.139735 -7.980389
6.554543 -8.917868
3.548479 -9.173022
8.237532 -11.901986
8.635096 -8.497650
6.853273 -9.195872
5.938255 -10.439511
5.230568 -10.933560
10.094402 -8.680598
8.834869 -7.833431
9.556792 -8.277935
14.435879 -9.161657
12.161333 -5.829473
11.557961 -4.616584
10.192835 -11.668383
8.168438 -9.471860
9.929009 -8.762515
9.056091 -8.745048
13.337410 -8.087176
12.097767 -9.956919
10.477459 -13.560424
4.998677 -6.906840
3.169960 -7.359770
2.676967 -6.706674
3.186114 -3.367043
3.266122 -3.092466
4.011884 -0.489490
6.548636 0.246222
6.778763 0.270363
5.133513 0.338063
6.561872 0.094737
8.564060 -0.170143
2.618979 -8.914176
5.278261 -8.591945
7.763942 -9.205670
5.353154 -1.234627
5.226753 -1.526003
5.481382 1.169333
6.306062 0.474712
5.004750 -0.796721
5.467968 -1.336773
4.331744 -2.821461
4.563726 -2.806668
5.235075 -4.430802
4.522680 -1.561341
3.353194 -1.643636
5.342943 0.016399
2.324003 -2.372860
3.670095 -0.653383
3.936872 -0.856176
5.241414 0.038414
7.399381 -0.045145
6.776718 0.263223
7.280918 0.093719
8.805094 0.233425
8.443888 0.205385
8.621115 1.276896
9.076021 3.208681
7.454759 4.304653
10.571241 3.512406
10.094275 4.218733
4.944647 2.245128
6.966943 2.584992
6.454856 4.307169
7.043203 3.454738
8.178258 1.247296
6.373118 1.797798
8.377026 0.648490
8.747627 -0.144720
8.354595 1.144340
5.967813 0.233963
2.582723 -2.007442
3.082110 -0.376460
4.203990 -2.085020
5.391998 -1.003934
4.547884 -2.578120
4.489254 -5.438899
4.518150 -8.092360
8.046764 -10.532534
-7.658344 -2.708899
-10.535840 0.405205
-18.233690 -9.023163
