14.527544 -14.540188
7.919048 -11.123271
5.763296 -9.375161
3.884977 -2.939826
4.212021 -0.804480
0.622751 2.134408
-0.480203 3.993918
-2.355774 4.623527
-2.117806 3.968594
-2.285172 2.916193
-2.380367 2.938686
-1.668540 7.203427
-3.552948 7.187992
-6.939416 8.359681
-5.775517 7.147571
-4.635821 6.658807
-4.113050 6.947251
-2.412107 9.018242
-1.000130 4.470800
-1.047897 4.103964
-1.849250 3.626609
-2.454876 3.231769
-0.599369 3.395860
0.646559 3.556288
-1.833003 4.443828
-0.080077 3.661627
-0.919009 3.521319
-1.440104 3.034737
-1.363532 3.169638
-4.707739 7.156739
-4.259670 7.341328
-5.775588 7.004867
-2.277047 9.142826
-2.868175 6.473086
-3.712949 6.367665
-5.872614 6.591029
-5.156148 6.421414
-3.130315 7.221939
-3.425244 6.704278
-1.179164 6.845047
-1.080482 4.894120
-1.985314 8.096698
-2.996480 7.205618
0.026983 4.839154
-1.415748 4.671525
-1.951993 4.644582
-1.417760 4.393567
-2.950206 7.608957
-4.526105 6.823305
-5.947606 6.567692
-3.464987 6.418342
-4.064762 7.165994
-5.283893 7.942948
-6.426671 9.425965
