2.052823 19.134996
-1.609977 11.898275
-2.699022 9.451865
-4.727972 7.387645
-5.719602 7.648416
-3.297621 7.517041
-3.201557 7.679863
-1.472394 10.662462
-4.815360 7.145298
-3.761166 8.486812
-2.104657 5.853743
-0.855768 4.112411
-1.708091 2.725840
-1.626133 0.021513
-3.176786 1.109456
-2.424785 -0.208579
-1.301552 3.185024
-2.428576 3.028895
-0.956010 4.672952
-1.493412 1.539448
-1.153766 2.425231
-2.402407 5.597439
-2.465588 5.351239
-2.467152 6.045645
-2.197305 4.016401
-1.884650 1.101199
-2.874893 0.596089
-1.324789 -1.635626
-3.202661 -0.871430
-3.513501 0.192952
-4.895591 -0.187869
-4.423707 -1.131276
-4.283026 -4.998313
-6.525757 -8.404943
-9.357028 -15.153983
