13.543233 -15.784740
11.878485 -16.338152
12.503265 -12.692145
7.644389 -9.598922
11.561892 -8.766412
13.334059 -5.145451
17.307417 0.961111
13.970509 8.915953
6.883062 2.638242
7.974029 2.097518
5.827650 0.892870
4.606058 -2.652195
4.620950 -4.112404
3.563475 -5.372275
4.742112 -6.457469
3.286141 -6.348902
3.942555 -6.561580
3.811730 -4.368497
4.754873 -2.892000
5.157126 -2.478030
5.153028 -2.132585
4.758169 0.248748
7.039939 0.697605
8.414006 -0.063399
8.096642 1.464293
7.313616 1.002907
6.702287 -0.160986
7.920855 1.728179
8.469793 0.959713
7.899108 1.403895
8.729065 4.918607
9.701052 4.238043
9.887831 4.238311
5.332751 0.980898
5.069324 -1.050481
5.110276 -4.253926
2.365116 -7.659234
6.650240 -8.211041
8.955713 -9.151597
7.899751 -9.581453
3.270495 -11.352883
5.470379 -5.726614
6.140193 -6.898355
4.694343 -7.659336
6.621231 -8.173782
8.984532 -9.158191
7.906368 -10.218620
7.842589 -9.135666
5.964390 -10.071320
5.411336 -6.234759
3.637229 -5.321525
4.811824 -3.401708
5.708494 -10.018073
7.338955 -9.053531
5.565375 -9.754491
4.958681 -4.252713
5.372204 -4.182281
5.302995 -0.422863
4.978902 -2.066357
4.674560 -1.403216
3.983386 -2.183816
3.154705 -3.867826
4.337543 -1.931890
6.137527 0.855445
6.612792 0.242242
6.625152 2.276082
8.542387 3.538900
8.617988 2.506614
10.032660 6.214742
7.932420 2.899279
7.697961 5.189923
11.016441 3.756393
11.812109 4.228598
9.658391 4.849598
7.876576 0.421277
7.408857 0.679737
7.767193 3.477035
8.158652 1.646357
8.653709 1.914090
8.321830 2.262034
8.765204 -0.118797
7.317160 -0.034045
6.570470 0.940113
8.738240 0.931888
7.775784 3.210777
8.910673 4.300982
9.839462 5.017478
9.285488 3.977598
7.980183 3.501778
8.225020 0.330074
9.105532 1.546573
8.228322 1.077195
8.574815 2.601804
8.890533 0.848335
8.879713 6.977618
13.539528 5.423677
13.269553 4.924511
8.742077 2.788139
12.989540 -2.795151
7.031627 0.268185
4.439436 -4.690548
4.351513 -2.594801
4.982825 -1.449218
3.439903 -2.668585
3.974967 -2.722422
4.124815 -3.742955
5.186550 -2.028035
9.460620 -8.011328
6.356133 -8.855463
7.202121 -8.245854
11.535267 -5.965818
7.908115 -8.691817
5.743397 -9.702064
6.924942 -13.532948
11.150892 -7.389341
11.185598 -6.711393
8.442171 -8.397056
11.572986 -9.373260
9.991317 -7.860664
8.324193 -9.036317
11.430693 -7.699823
9.447139 -10.776010
5.859230 -9.954873
4.988577 -6.088838
4.617420 -5.859096
10.336366 -8.572270
9.190989 -8.353224
9.040653 -0.103642
11.520598 -2.421611
11.584551 -1.910376
8.086961 0.925383
8.508978 2.208465
9.954096 4.047890
10.917223 3.645792
10.071719 4.954775
7.295796 0.965757
6.603495 1.543501
8.623960 3.168890
8.126030 2.069842
6.872391 4.341071
9.899040 4.309172
14.565365 4.678251
14.870296 5.617750
10.248360 6.018619
7.287835 7.050054
14.383297 3.912026
11.500487 3.719502
9.732502 3.900110
10.207500 3.448803
9.388028 5.251799
8.696234 4.655134
7.986766 2.674237
8.686005 2.495474
7.251364 2.801671
8.670177 2.439014
8.214520 0.567156
5.575358 0.872386
8.201873 3.844024
8.305832 0.683921
6.741369 0.019700
4.175834 0.294082
7.898688 0.220292
11.720484 -1.802691
4.957398 -4.514303
6.047605 -10.512555
5.170726 -8.610846
6.917634 -9.645860
4.729288 -3.980802
5.136686 -5.189525
4.410103 -0.225458
3.005268 -7.491964
2.040269 -4.587612
4.298802 -1.028514
7.250132 -0.118191
8.237843 1.308944
8.122798 0.393961
7.041352 1.673120
7.357025 2.507189
8.295868 0.188385
6.425093 0.603338
7.689625 2.323404
7.537041 4.343138
9.076411 3.396610
8.206079 3.374561
9.851453 3.490760
7.691911 3.900657
5.767392 1.298677
6.088539 1.051741
8.362032 1.649347
5.828429 1.371914
4.986045 0.461243
7.995636 2.790228
6.011059 0.482515
5.896252 0.961820
6.371633 0.392594
8.861759 0.582873
8.786201 2.501800
9.704481 7.383759
9.996306 4.805020
10.796253 3.499268
13.498579 5.653226
14.910051 2.007573
15.772326 4.834831
11.955706 4.184595
11.358497 3.640683
12.816372 4.594748
11.820685 4.975405
10.321150 5.721026
