15.832910 -10.686422
14.708272 -6.834965
12.162933 -2.938290
12.331322 -5.741245
14.584328 -5.909204
11.152993 -6.832725
13.851915 -15.954417
10.671319 -10.881158
6.486448 -12.355014
13.382006 -13.302285
11.115957 -10.439872
6.814404 -8.237369
8.354618 -10.839753
7.525229 -8.447747
5.313622 -8.621922
4.347407 -5.340241
4.508817 -2.590832
5.146296 -0.858806
3.059705 -0.046331
7.404284 0.468114
7.601737 1.799838
7.957332 -0.016792
6.481414 0.229140
5.767924 0.593137
5.765419 0.980164
8.846367 2.631626
5.645931 0.415699
8.998548 -0.114894
7.984192 0.628731
8.373422 1.858296
8.334595 2.394835
7.962134 1.549595
6.174645 1.992467
4.577283 -1.443981
3.377936 -2.876600
6.463369 -8.400813
7.052569 -10.375875
7.877760 -9.430031
9.638904 -9.164874
10.305340 -8.996682
9.073691 -7.929383
7.332392 -9.176665
6.370856 -9.451158
5.493077 -6.201293
4.839911 -2.159113
4.586899 -1.421830
4.807473 -2.976432
5.255274 -2.293886
5.229056 -0.814188
5.544115 -0.086981
6.495686 1.127643
7.549630 2.239996
10.359531 5.686166
9.403737 4.465554
11.964815 5.655710
11.039641 3.424021
9.079103 5.048728
8.976315 2.888677
7.522649 2.874450
7.278590 2.691945
6.279747 4.130934
7.442411 2.226823
5.380781 2.541512
10.887617 3.968755
12.910784 5.354645
11.040778 8.961384
