-12.047741 3.044456
-8.535973 3.461727
-9.376162 6.841268
-8.013320 6.144514
-8.202028 6.769977
-6.375073 6.411996
-2.736388 7.160455
-3.523998 6.712887
-1.852034 5.845537
-2.155483 5.956489
-0.719213 2.083855
-0.953127 3.231118
-1.967104 4.861162
-1.961806 1.874689
-2.397561 3.415553
-2.381707 4.883743
-2.364724 4.665849
-1.166018 3.951658
-0.502085 1.188397
-0.437022 0.454980
-1.508848 -0.917509
-2.910366 -0.768984
-4.190230 -0.462807
-3.220928 -0.317948
-5.900764 -2.027780
-7.935457 0.339500
-10.843594 4.721851
-11.392876 6.140224
-7.368568 6.876359
-3.814841 6.535355
-5.029162 7.169860
-4.572988 9.501579
-4.347263 7.424805
-3.251102 9.495754
-3.588651 7.898462
-2.057373 5.768683
1.211024 5.594635
-0.608544 4.990757
-1.543316 5.493260
-2.272738 3.463455
-2.201236 3.419009
0.521344 2.805429
3.085312 2.911774
4.734247 6.401366
8.862089 10.051861
11.515259 10.973214
15.446419 11.330132
