-1.901346 -14.133916
-1.628681 -9.402656
5.748024 -9.147098
4.714612 -9.460194
8.327572 -7.826385
9.013327 -8.313887
5.353400 -8.636896
7.264149 -7.820131
6.575481 -7.998413
1.498937 -8.667209
5.077921 -4.005065
4.964615 -5.862677
4.693897 -5.718660
4.279027 -4.098930
4.308385 -3.875095
5.141052 -2.272880
4.735896 -1.964036
4.462827 -4.420604
5.466514 -4.567037
4.851760 -4.217813
4.585174 -2.546470
2.073325 -0.893214
7.715116 0.316826
7.820509 0.209396
8.577427 1.538730
7.965559 1.410706
7.406611 1.516351
6.852328 0.893128
6.771738 3.250960
10.764746 4.768934
8.258389 6.201723
2.939466 -2.701197
3.507569 -5.666910
3.551487 -6.976302
3.279985 -4.046497
2.824271 -3.771849
3.962466 -3.444731
4.045098 -2.287609
4.473689 -4.406896
5.126219 -5.615742
5.503232 -8.914540
3.023552 -8.633304
8.010374 -8.647967
8.310431 -8.095769
5.007889 -8.433909
7.907507 -11.247523
8.365870 -9.729487
9.185369 -11.563081
7.437840 -12.314858
3.567634 -8.967629
3.826837 -6.186701
4.583427 -4.150631
3.354969 -7.566839
7.681253 -8.925033
13.225460 -3.971782
14.024370 -3.747435
15.247927 -1.953036
14.617446 4.847131
13.342058 4.103585
17.315342 3.689742
16.396091 -3.529332
11.710546 -3.602558
12.133617 -5.035350
12.261049 -3.511251
11.658483 -3.872074
12.129058 -6.011023
11.225138 -10.874793
11.409245 -11.169730
8.004265 -7.842075
7.133109 -10.510001
8.720414 -10.695231
8.252476 -8.172928
5.632226 -7.855227
3.571637 -7.258846
3.457457 -7.602310
1.694377 -8.902897
5.527974 -6.244202
4.907709 -4.018551
5.868581 -9.063031
10.626530 -9.975048
11.990988 -7.608636
14.437792 -4.338624
14.114863 -2.535875
14.528641 -0.388034
15.823738 2.812359
13.680050 4.460946
10.844028 4.865708
12.741800 4.355874
12.865232 6.429524
10.882350 3.461547
14.525740 3.618556
14.559915 -2.191632
15.946000 1.987521
14.296674 4.927874
9.632519 4.987776
10.482141 3.549498
9.066587 5.305173
8.855263 3.221896
8.436960 2.631463
8.620907 1.265391
6.995567 1.552763
5.924855 1.896706
5.664385 2.631949
7.478729 2.056962
6.402812 2.552540
5.688814 -0.165711
6.692561 1.082376
4.449427 0.003630
5.295026 -1.845463
4.559732 -2.064429
3.408363 -3.708964
4.327101 -4.275175
4.989782 -8.283422
6.673850 -10.713212
9.471247 -8.966681
11.663955 -8.892436
11.991581 -6.941144
13.358118 -5.516954
15.067053 -2.016305
