15.205010 4.391129
14.182607 1.704008
14.662020 -1.547620
14.537405 1.905551
15.987467 4.218364
10.510549 3.528290
9.181417 4.856078
13.367953 3.997384
12.939907 4.136819
14.669825 3.715740
10.983427 5.543416
9.312948 3.863255
8.294870 2.204477
8.219316 0.558173
4.918739 0.967421
4.056311 0.147763
5.342503 -4.345782
4.150724 -3.782307
5.614294 -7.370161
9.037986 -11.141900
10.137647 -7.832323
6.678355 -10.285460
10.498873 -7.889216
10.984630 -8.884892
13.202332 -6.137204
11.817413 -4.827268
12.021626 -2.942019
8.998198 0.986846
8.456792 0.626425
7.500379 2.066704
4.783862 0.147228
8.451530 1.605863
8.160259 -0.200117
8.825546 1.060692
11.116308 4.303746
12.099263 5.390981
13.108839 7.262290
10.627020 3.793591
10.214003 3.966861
9.904625 3.928055
11.801789 3.563181
14.196738 5.350092
14.404147 0.562077
15.034548 0.959148
13.500202 -3.254259
15.140029 -3.588085
12.390203 -7.301216
10.733461 -9.671018
10.413410 -8.001647
9.481040 -8.127246
6.549409 -8.027263
6.875137 -8.393970
4.849596 -5.136814
5.075249 -4.467000
7.958148 2.026944
6.662749 1.223114
10.765991 5.077273
12.152190 3.502169
10.728096 5.905749
13.274918 6.612752
11.389540 6.013857
11.491789 4.384183
8.506726 0.270639
8.103680 1.160722
8.149815 1.916225
6.576064 2.084098
10.549604 4.016069
10.356984 3.623461
7.998363 1.552421
8.776517 0.162142
6.026448 0.237865
4.323671 1.424583
3.749462 -2.049321
4.652729 -2.944090
4.945253 -3.097921
4.124646 -4.096552
3.212355 -4.897876
4.275544 -3.033983
3.991943 -3.217312
5.364607 -2.440863
3.999290 -4.265018
4.732753 -9.513466
8.876698 -8.035842
6.560374 -9.159577
4.486600 -7.694664
5.380160 -3.578041
4.077399 -2.161146
5.646065 0.721447
5.362836 2.431643
3.984386 0.640463
4.476878 1.093985
5.830344 0.992070
5.228931 -0.736138
4.207440 0.228265
6.897686 -0.143400
5.002701 0.654568
5.112057 -0.326320
5.537524 0.781283
8.829550 1.817147
8.951391 1.755722
9.016259 1.566386
7.079274 1.242225
7.760536 0.562037
7.946237 1.321002
7.879369 0.626890
8.891537 0.949209
6.409743 3.311471
10.654653 3.668380
7.959038 3.440717
8.354002 2.288445
8.913824 -0.013904
6.939318 0.102463
8.076178 3.195860
2.484650 2.853897
-0.584327 2.729069
-0.121819 1.721144
-1.124487 2.042591
-2.671573 0.552278
-3.723208 -0.055948
-2.979511 1.071059
-1.779616 0.852928
-2.156456 4.422599
-2.027791 3.101328
-1.844201 2.704497
-2.421533 2.989734
-2.308050 5.035950
-2.094005 3.910228
-0.370504 3.215210
-3.257254 8.191764
-4.632651 6.720253
-7.080631 7.214240
-5.556853 7.309299
-7.702881 6.757978
-7.692582 6.916444
-6.405913 6.690298
-5.881064 9.772545
-6.245140 9.878672
-6.282755 7.045829
-6.255440 6.477011
-6.097356 6.812673
-5.130958 8.911934
-1.122677 5.730582
-1.149961 4.802845
-2.216409 2.512901
-1.388075 2.826367
-1.659945 4.808334
-0.864661 3.561419
0.043611 0.777735
-3.850329 0.000377
-5.033876 0.147193
-6.031611 0.454678
-8.016223 0.132315
-8.862267 0.377463
-8.624174 3.719637
-9.321338 4.331207
-8.779235 3.763216
-11.112015 4.275446
-10.234699 2.370131
-10.950775 3.283169
-8.892698 6.246391
-8.763067 6.271817
-7.602281 6.249246
-10.230534 5.991886
-9.767122 4.057474
-12.980875 4.637373
