-16.153347 -2.948209
-11.166147 3.183321
-9.462104 0.763682
-8.911544 3.190166
-8.821700 3.386166
-9.051990 3.401850
-4.384439 6.531914
-3.253087 7.212411
-2.527810 5.259096
-5.500026 7.102322
-6.284394 6.732945
-5.984920 10.562787
-6.235495 6.128335
-6.201441 7.389305
-5.360096 8.445808
-7.253350 6.381077
-6.639498 7.154279
-7.049966 7.653478
-6.687023 10.438335
-9.631001 9.594192
-7.160950 8.377255
-7.297616 7.389348
-7.662842 6.203205
-7.174675 8.517228
-10.071163 8.906528
-13.130862 3.324949
-8.717072 2.302655
-9.118282 2.806771
-6.455450 6.162076
-6.354033 8.939214
-7.913594 6.760150
-3.846241 8.210996
-3.968798 6.287810
-4.878932 6.213883
-3.168188 3.629451
-1.664820 1.770619
-1.430174 3.660038
-1.824938 2.762202
-3.006011 6.656467
-6.132943 8.125853
-7.908412 7.040936
-7.522197 7.155077
-7.136393 6.677550
-7.440203 6.492316
-5.763217 9.062346
-8.407231 10.160300
-8.525784 9.627309
-9.290875 10.705781
-10.537454 10.046325
-7.502667 6.127622
-7.835775 6.300958
-12.470352 0.907768
-10.391577 3.048033
-10.252925 1.944407
-10.044389 -0.986356
-8.934483 1.694094
-9.680202 2.690249
-9.183683 2.134465
-10.870522 2.636858
-14.242301 -0.338039
-10.793054 -0.458819
-7.727624 0.742204
-11.044175 -1.349849
-9.969185 2.854748
-8.598424 2.121635
-8.585122 3.016140
-4.430089 -0.161909
-4.245114 -2.955182
-5.814672 -4.546572
-5.687270 -3.175677
-5.811267 -0.919941
-4.271517 -1.477238
-3.758959 -3.455052
-4.949559 -3.370941
-7.257467 0.899317
-5.195411 0.567084
-1.109663 -0.005717
-2.044227 1.274208
-2.936927 0.248783
-2.763465 -0.445685
-3.142639 1.221974
-2.444242 0.081486
-4.636232 -0.598424
-7.343281 0.295267
-8.459385 -0.117894
-8.249637 1.760188
-8.241168 3.043194
-9.735250 2.112401
-7.436172 -1.426413
-8.520089 -1.357520
-9.633289 0.350249
-11.248772 0.335271
-7.536839 6.030990
-7.396237 7.521871
-7.979184 8.955683
-11.201063 10.459787
-7.052438 11.955227
-6.423785 8.902208
-4.632953 7.715240
-3.493840 6.915194
-1.282258 6.502330
-3.049955 3.287634
-0.603122 1.118764
-3.430534 0.076600
-2.170828 -1.272851
-4.382510 -0.643515
-2.837501 -0.708246
-3.274790 -1.443997
-2.478263 -0.115434
-4.372279 -2.806766
-4.688159 -2.084002
-4.186323 0.365046
-4.201690 -0.598932
-2.735690 -0.799983
-3.458590 0.305750
-3.444250 0.730956
-8.015377 -1.782862
-0.977127 1.507978
-0.787534 2.204538
-2.386707 3.310519
-2.474338 4.933764
-1.315457 2.776969
-3.566101 6.780739
-4.158058 6.480423
-4.850534 7.236438
-5.650090 6.617631
-6.332428 6.399325
-5.390498 7.240300
-2.109477 7.769577
-1.832014 4.577052
-2.771617 2.698361
-1.844833 3.830449
-1.857018 1.774310
-2.576731 1.446440
-0.885757 1.502923
-1.069201 5.051188
-0.240060 5.622820
3.301672 5.133410
