5.103158 -16.772169
8.954221 -7.448446
9.207855 -6.401981
7.421646 -8.766170
5.423582 -6.153396
6.469765 -6.816228
4.990541 -4.557580
5.367172 -0.061019
4.313684 -1.856943
5.922196 0.525137
7.279538 0.453882
7.671206 1.421415
7.384537 0.177187
8.304098 1.859722
8.239897 0.893896
8.775230 1.076356
8.156966 0.820065
9.020815 1.309726
8.578617 0.447254
7.379656 3.835896
9.369094 4.733454
11.664551 4.083236
11.728228 3.931848
14.591229 9.492166
10.454424 3.608003
10.236969 4.583369
9.039687 3.523670
9.010939 2.171345
8.133512 0.582644
8.997355 1.429678
8.540426 2.172442
8.235497 2.037484
8.931469 0.543514
8.648237 2.179474
8.376852 1.165908
8.043613 2.238541
8.663434 1.389468
4.927193 2.543825
9.877924 4.421726
11.569065 3.608641
6.545614 4.025376
6.875398 0.709237
8.721546 2.495797
13.208233 5.094521
10.818125 3.710587
8.885920 4.140763
12.125158 4.435503
10.549491 4.019370
10.370222 7.188793
7.725290 2.040473
9.076876 0.402299
8.282461 0.762509
4.588071 0.547701
5.445988 -1.023556
5.193313 -0.933881
6.860816 0.396459
6.540360 0.707464
6.945163 -0.010196
6.386226 0.546665
5.753382 0.065145
7.188301 -0.171867
7.219715 0.196190
5.199002 0.165443
8.270819 0.493813
6.174839 1.038836
5.548952 1.408590
5.916396 -0.073170
5.397863 -0.103889
5.669619 -5.242465
3.940042 -6.518928
3.969301 -8.252041
5.254471 -8.867438
5.055727 -0.848739
4.867517 2.302514
6.416675 0.878881
8.492895 1.523269
12.543566 4.055641
12.906824 3.664907
14.038130 5.224854
10.019136 4.940853
8.123093 1.657913
8.286357 0.020461
7.586154 0.227117
8.958110 0.111627
9.766269 -7.701066
5.608425 -5.973557
5.372552 -1.246156
10.687010 -1.683510
11.435095 -1.667492
12.923076 -2.545845
11.512548 -2.406592
12.793819 -3.501290
12.163935 -1.683963
11.014911 -4.933494
13.454283 -1.723701
12.408297 -2.331624
15.007357 0.821166
16.018463 -4.285699
11.158898 -3.277705
8.054649 -0.119698
8.292637 0.687762
8.293021 -0.031853
5.559003 0.462456
7.782279 2.000452
6.046215 0.937984
4.503424 0.890466
5.330186 -1.208622
4.873755 -1.402952
4.542867 0.078513
6.398266 -0.029181
6.783532 0.544394
8.267908 2.288879
5.564152 2.915895
11.186405 3.738412
9.507900 4.210242
9.769966 4.662293
11.421934 4.184621
12.482887 5.779890
10.645335 3.465884
12.008200 5.569727
13.493754 4.183548
12.598703 4.708203
14.291914 3.061971
14.466288 1.147478
14.315799 -4.120167
13.774508 -1.699306
11.607586 3.907665
8.629164 3.833787
6.406613 5.102838
8.489489 5.620718
8.661636 2.387922
7.572134 1.481002
8.781965 2.065409
8.330817 0.954041
5.922762 0.045789
5.955518 2.217226
9.065092 3.365773
8.549927 0.723720
8.025351 2.028628
8.367588 1.337656
7.172634 0.384285
6.016445 0.268697
7.291666 0.742128
8.792174 1.289961
8.117938 4.777727
8.474868 3.708536
8.894586 5.437183
8.005046 2.776228
6.772151 -0.010063
6.471741 1.277280
5.286484 1.505914
5.058187 -1.686172
3.627678 -1.777210
4.655762 -1.082780
5.304495 -3.714374
5.149620 -1.718067
5.192412 -1.765993
5.525668 1.730300
7.962325 0.219135
8.124984 0.460927
7.267892 0.314620
7.949412 0.474884
6.462273 1.448216
9.069757 3.553319
12.229175 3.677120
13.297298 3.606211
12.270127 4.590358
11.999207 4.586606
10.055611 3.906381
10.845929 4.254248
11.935831 5.400606
7.184991 5.048954
7.383866 2.660668
7.418447 2.378864
6.943305 2.412624
8.367659 1.406444
8.521446 4.237298
8.139056 2.108069
5.838490 0.225536
5.645625 0.830961
7.663687 2.154777
6.785484 2.223927
8.290661 1.097245
8.361553 3.522543
9.906612 4.296968
12.437004 4.301005
14.302372 4.015697
13.542067 3.761658
10.537217 4.293758
13.611753 3.843356
9.223714 4.385341
10.263054 7.433636
9.419788 4.229485
11.289257 4.314194
13.311049 4.262773
16.461208 1.080961
12.524118 6.434954
12.375055 4.141750
13.397127 4.928330
10.181116 5.422060
11.836584 6.086284
8.864702 0.971931
8.778698 1.832182
8.332288 2.205258
9.216787 5.299003
8.821861 0.688424
8.988400 2.142207
8.036077 2.982738
9.615236 4.056311
10.768515 3.851372
12.701839 3.925205
9.587047 3.857743
7.592425 2.418483
8.279646 2.341694
8.456591 1.063866
5.035596 0.027643
5.234212 -0.625790
5.403014 -2.274089
2.826500 -5.357957
9.543644 -6.503574
8.022388 -8.673130
7.727109 -9.859006
9.502241 -7.596862
15.548339 -7.395602
10.502147 -1.655622
12.318344 -2.258686
10.984113 -7.628010
14.319473 -1.470599
12.946706 -2.792626
12.434185 -4.833316
15.703114 -2.497422
14.241035 -0.488996
14.252129 1.728869
14.351511 1.554484
14.255626 2.424346
15.939770 2.827786
13.276737 5.694578
14.041529 5.772059
12.195234 5.536845
13.715919 4.302414
11.247568 4.788094
12.715312 4.964522
9.855230 4.355436
6.453063 4.587499
8.324167 2.966659
8.298752 2.524404
7.421460 0.316016
8.333716 0.719221
8.951488 4.074097
9.901204 3.428152
7.133839 3.902705
6.934941 3.108257
7.116395 1.122744
7.378577 2.826571
9.971392 3.917993
11.462231 4.402631
16.234257 5.831610
17.881359 4.764993
11.820035 4.372766
9.310564 3.932991
10.480692 3.928324
7.319895 0.016143
6.638666 1.490863
6.102006 0.924023
9.027931 1.611458
8.577150 2.529974
11.416058 5.263236
10.090565 4.569132
8.644228 1.311300
11.532960 -2.524051
11.550608 -3.044303
11.291828 -3.135496
13.531128 -2.305811
10.625229 -7.105959
12.743130 -2.158519
11.635967 -2.878062
11.243278 -3.196785
19.201950 -5.342258
15.851915 -0.407522
15.280192 0.516143
15.760077 -0.231195
14.742609 0.242455
14.755417 1.586082
15.641941 4.656209
13.563854 5.150244
8.002306 3.636090
8.607452 1.399651
6.445888 1.139606
9.030289 1.520658
8.058468 2.964662
11.479675 4.463511
10.649936 5.062959
11.361691 4.089605
10.303394 3.747153
11.048716 4.495293
10.617680 6.182158
12.225583 13.155581
16.222719 12.692665
