-3.109998 2.777834
-1.594567 4.695726
-2.840171 5.677356
-2.043422 5.534407
-3.299022 6.288292
-3.957606 6.257170
-3.900562 6.750015
-2.494223 5.199282
-3.007600 5.502191
-3.099565 5.142791
-3.231888 6.703733
-3.503278 6.332500
-4.925849 6.470598
-5.264982 6.271206
-5.564715 6.712909
-5.153434 6.531115
-4.256880 6.276582
-6.259186 7.630540
-5.794120 6.685100
-3.403987 6.770140
-3.863598 7.356496
-2.328204 4.925829
-3.129848 4.853649
-2.361663 3.201351
-3.112932 5.518097
-3.302664 6.662971
-7.045208 7.917186
-8.825779 10.236561
-6.314842 10.254440
-11.448470 8.668653
-9.397804 9.603373
-5.743929 7.258940
-7.213690 7.057335
-8.756057 10.584208
-9.368155 10.688831
-10.680563 10.824516
-13.603022 10.693789
-9.521595 8.776857
-9.377479 9.185522
-6.963816 8.035283
-6.445849 6.839642
-7.289284 6.803833
-6.008268 6.639164
-6.779535 6.461076
-7.008525 6.070674
-4.067717 6.896229
-0.744990 3.687878
-3.392240 6.577694
-5.827185 6.543829
-4.989867 6.390030
-7.421289 8.276514
-7.911894 6.042438
-5.527876 6.931083
-7.694386 6.436705
-5.731781 6.458605
-7.643414 6.948290
-7.140343 6.472535
-7.937333 6.226096
-13.227288 6.689865
-12.970997 8.763570
-10.880919 11.130773
-5.286860 7.822572
-6.573731 6.949836
-6.581324 6.417090
-9.322131 3.182686
-8.797616 1.599676
-8.714233 3.178916
-11.006866 3.065334
-9.657197 0.175289
-7.786851 -0.298871
-6.046278 0.029818
-3.357254 -1.609895
-2.560662 1.350445
-3.395088 -0.246719
-4.017218 0.460950
-5.293985 0.570922
-7.444403 0.718754
-6.482758 0.632833
-4.478220 0.125182
-3.551302 -1.711858
-4.203583 0.601770
-2.385607 -0.766033
-3.841971 -1.903230
-3.130198 2.488130
-3.172484 1.431736
-2.102657 2.829052
-1.490499 3.176096
-2.743776 2.778312
-1.344230 0.103915
-4.304051 0.460758
-3.552061 0.187436
-3.825509 0.870020
-3.976090 0.714876
-9.241123 2.648934
-8.989222 1.714960
-8.750236 -1.308007
-5.003604 -0.502548
-3.955585 0.177874
-3.178395 2.742927
-0.076197 1.324121
-1.021888 2.241289
-1.168491 3.747468
-3.894453 6.483388
-5.909347 6.157936
-7.174914 6.226825
-6.710532 5.952037
-6.164810 6.515695
-4.887416 6.716847
-5.601160 5.938698
-5.958735 7.888616
-5.145442 6.305821
-2.797385 4.305164
-2.843624 5.383690
-4.847573 6.485602
-5.896791 7.579718
-4.065701 6.010184
-2.128879 4.154739
-2.865399 4.577773
-1.029208 3.439730
-2.101125 3.128700
-0.796684 1.856045
-2.525653 2.190780
-2.566384 4.761096
-5.161449 6.665869
-5.861883 6.486958
-7.068332 7.541841
-7.797002 7.104278
-1.476838 6.093635
-3.657367 6.855666
-2.437796 4.545558
-2.301946 4.898355
-2.334051 6.488708
-6.178725 7.157321
-6.545310 7.123950
-4.215338 7.143131
-7.215188 6.611903
-6.520036 8.850421
-8.822012 9.705825
-10.714298 9.653865
-14.061640 9.428585
-9.237781 3.492014
-9.287930 1.981026
-9.107270 1.376857
-8.899487 -1.012216
-8.693384 2.038141
-9.117225 2.852749
-10.012462 1.937348
-7.298034 0.602553
-6.419224 0.451689
-7.183701 -1.171242
-8.479785 -0.132054
-8.414259 3.172179
-5.783139 6.093011
-5.020723 6.478346
-9.766457 2.716807
-8.293262 0.314325
-7.799135 -1.194421
-7.256098 0.434844
-5.571078 6.520853
-2.643835 4.089264
-2.496662 4.136870
-2.558884 3.793910
-6.079124 -1.124608
-6.222394 -2.081545
-6.122034 -0.066009
-5.203636 -0.461551
-4.015384 -0.432902
-3.352215 -0.006960
-5.056421 6.008538
-5.759832 7.243412
-7.572460 6.370958
-7.463904 6.136035
-6.064658 7.172083
-6.344717 9.253037
-9.660770 8.542800
-9.016285 11.595523
-5.894960 7.113325
-6.683058 6.563205
-5.143883 6.176534
-8.722309 9.355788
-6.661079 10.296691
-13.814132 6.927228
-13.849052 4.425784
-9.351312 1.673216
-8.852963 1.271089
-10.936121 2.075683
-8.516773 1.786476
-8.741390 1.712518
-9.367684 2.966288
-8.963708 1.529938
-8.431303 1.499543
-2.967870 2.628750
-2.554212 5.606750
-5.073185 6.221610
-7.107175 8.006306
-6.187942 7.960685
-5.561084 8.433206
-3.126395 7.353339
-6.360625 8.390515
-7.091314 6.317176
-7.879683 6.371762
-7.830619 6.769259
-3.293751 11.372692
-8.579113 10.521459
-8.747526 9.453546
-10.058986 2.352744
-7.108356 -2.384577
-12.125248 0.943184
-13.959700 6.366280
-13.649048 0.710788
-9.537541 3.328890
-8.588787 3.127988
-8.221151 2.419508
-1.626646 2.369287
-2.125654 4.515114
-1.585221 4.693222
-5.002377 -1.371989
-5.321967 -0.127888
-4.034098 0.818185
-4.246409 5.978318
-5.756426 7.174652
-6.720714 6.307878
-4.367682 6.422643
-1.850382 2.368516
-9.386032 1.815127
-4.967955 0.572778
-6.950120 0.647057
-3.563614 0.731034
-1.889540 1.289333
-2.160656 1.189275
-4.226165 0.584433
-7.140412 6.079917
-8.188927 12.166923
-8.994994 10.027785
-13.613003 10.085956
-15.818079 4.768734
-14.323902 10.310304
-7.354017 9.623155
-8.560015 8.802821
-9.465462 10.480548
-10.600018 12.513105
-14.744596 6.211307
-12.557777 3.099561
-7.632008 0.524681
-6.968803 -0.573490
-5.155043 -0.109981
-8.483328 1.714062
-10.177955 3.306037
-11.328112 3.050040
-15.152238 3.735634
-16.637756 9.551553
-15.418996 11.309260
-14.681873 6.433504
-11.871292 0.901292
-11.103958 2.311721
-12.761478 2.024732
-12.776697 3.432683
-14.710245 1.343381
-13.312229 7.225252
-13.009072 9.270946
-17.942648 8.972841
-15.209042 7.455578
-18.335369 6.469410
