14.970674 3.743355
10.141494 6.032063
7.381157 4.685004
5.397675 2.446724
1.236446 4.312650
-1.332677 5.037872
-3.166050 4.228826
-3.036067 3.489988
-1.421708 3.168657
-1.206826 2.941258
-1.381710 4.596315
-0.934173 3.982829
-0.170908 3.464849
-2.137717 5.350406
-2.759416 5.314874
-2.964769 3.113827
-1.827213 3.002286
-2.748338 3.878212
-2.908839 3.755904
-2.893345 6.593374
-5.228144 6.645496
-2.757567 6.107474
-3.004332 2.046410
-2.880607 2.296883
0.026627 3.355804
-2.475868 4.016387
-1.399212 6.696873
-2.152646 5.615274
-1.979365 5.240387
-3.038793 6.296444
-5.464313 6.277521
-4.364018 6.111902
-4.861557 5.977162
-7.464025 6.746794
-6.956524 6.654044
-7.254103 9.385891
-9.065817 11.452550
-5.977634 9.981409
-10.069413 11.403105
-19.234865 8.481409
