3.275861 2.939346
2.209404 2.253659
-8.957739 -2.742083
-8.022412 -2.284613
-6.085360 -7.986290
-6.313694 -8.567182
-6.925633 -6.397603
-7.613220 -7.378129
-7.087588 -7.656783
-9.417662 -8.965846
-11.429529 -9.952705
-10.570435 -8.396467
-8.494669 -9.236709
-8.033871 -8.863761
-7.563736 -8.914663
-5.143826 -7.037050
-7.271757 -5.599557
-5.848868 -5.722436
-6.569337 -1.251683
-9.072392 -1.861564
-7.733820 -2.920621
-6.998518 -3.155521
-9.597218 -2.636677
-10.616488 -0.681624
-12.200535 0.099684
-11.206267 1.647596
-11.059320 -1.099124
-8.860743 -2.402315
-8.969458 -2.675682
-11.447155 -1.388842
-8.398796 -1.206955
-10.134935 -9.297029
-10.230429 -8.205009
-7.328435 -6.096215
-7.225629 -9.350190
-5.784173 -7.777261
-7.601910 -6.185966
-7.884452 -3.632354
-6.089563 -4.371020
-5.724500 -8.424651
-6.247995 -8.097483
-9.524704 -9.930287
-9.182532 -8.036521
-11.735449 -9.278732
-14.092955 -10.933269
-13.137332 -6.336987
-13.418125 -1.960303
-10.278753 -2.461408
-10.267447 -2.438949
-7.205570 -1.447509
-5.676715 -4.716693
-7.375990 -2.756880
-13.051798 -2.363929
-9.303753 2.761237
-4.664869 -6.382616
-7.396463 -7.458953
-6.790760 -6.791900
-7.641441 -7.669215
-7.051561 -8.173046
-8.359817 -8.199377
-11.604555 -8.975905
-9.117538 -11.358622
-6.876017 -9.226287
-7.777144 -7.176358
-7.008537 -7.247181
-8.143126 -8.425265
-10.235374 -9.791802
-11.050936 -10.358163
-10.377603 -10.641016
-9.235876 -10.250270
-3.853216 -5.065364
-5.746010 -4.277181
-6.481891 -4.549975
-6.830425 -3.310982
-7.647883 -4.221314
-7.868064 -6.181306
-6.283228 -6.654384
-9.621730 -10.031650
-8.088834 -8.015002
-10.523804 -9.835233
-10.664410 -9.657043
-12.393970 -8.273595
-6.094275 -7.722165
-7.672400 -7.231924
-7.509054 -7.019103
-5.699503 -8.700398
-5.539804 -7.569516
-11.105341 -8.774500
-6.672876 -11.049452
-7.482300 -4.987367
-7.339073 -5.485149
-5.863471 -3.248840
-4.706398 -1.814265
-6.159027 -4.040232
-10.182608 -1.828352
-5.798314 -2.158609
-6.992224 -1.025777
-9.286659 0.251144
-9.588378 0.268085
-9.014649 1.937782
-13.646210 -3.428460
-13.708923 -5.421788
-13.078049 -9.722792
-11.081723 -8.345090
-11.164123 -9.178294
-10.058432 -8.511542
-10.509241 -9.049321
-7.300840 -8.057727
-11.348381 -0.690468
-14.940477 -4.685592
-11.181812 -2.470361
-10.374686 -1.336510
-13.333630 -6.792819
-13.557040 -7.230824
-15.367718 -12.089445
-13.551918 -4.160767
-17.317139 -7.073619
-12.945375 -7.634716
-13.364614 -8.958797
-13.014165 -6.186521
-14.462607 -7.871583
-13.067323 -6.879525
-13.371676 -4.605073
-13.930210 -0.247902
-10.627816 -2.120889
-11.200557 -1.232895
-11.481774 1.384091
-9.234452 -2.898353
-10.083603 1.890233
-11.832649 -1.283961
-11.269821 -0.869299
-8.834612 -8.535457
-6.034427 -7.653502
-6.185458 -6.697402
-7.880349 -5.876158
-2.498051 -3.272653
-3.972733 -6.880672
-8.315139 -10.179637
-8.129870 -8.013727
-6.449944 -9.946255
-6.747882 -7.807592
-6.612169 -5.018133
-7.555917 -7.497836
-5.537120 -7.612434
-9.078637 -9.068205
-9.361296 -8.720565
-9.698648 -9.188305
-8.918077 -10.493737
-8.645299 -8.702544
-7.647621 -2.886484
-10.490943 -2.342220
-9.336626 0.690486
-8.257854 -0.392632
-9.273201 -1.165145
-7.755178 -5.879647
-5.805747 -10.060152
-7.706247 -7.326548
-5.521740 -7.304301
-7.086624 -4.684172
-7.003591 -8.385457
-9.807966 -9.830234
-13.053111 -5.904932
-14.251081 -5.712937
-16.357559 -8.278975
-11.582545 -8.437676
-11.306485 -8.739615
-10.272095 -8.691736
-8.655529 -8.880299
-7.927082 -10.261067
-7.340848 -6.538139
-6.638094 -4.191187
-6.677372 -6.232886
-7.108306 -6.114936
-5.995070 -6.466079
-5.747056 -5.716665
-4.483108 -8.279820
-9.508081 -8.808190
-8.583891 -9.911090
-6.218905 -8.129585
-7.787177 -8.437712
-7.406139 -7.241675
-7.535507 -7.608092
-8.769402 -9.085803
-13.110016 -8.374647
-13.203285 -4.343030
-14.039381 -2.231120
-6.900141 -1.610723
-7.662359 -7.498898
-6.120407 -6.169744
-6.501687 -5.203104
-7.622426 -6.434931
-7.013367 -7.121718
-7.593925 -8.671104
-9.379621 -9.064316
-7.880152 -7.759700
-12.987012 -6.495617
-15.156363 -5.971811
-13.764503 -2.424744
-7.591959 -5.929429
-5.458498 -8.848044
-6.032327 -10.067416
-8.197690 -8.494391
-8.159531 -11.253172
-12.961869 -5.909380
-12.651703 -1.423730
-11.095065 0.049152
-9.464324 -1.211483
-9.999943 -1.044498
-6.017591 -3.264519
-9.439859 -2.731903
-9.646014 -1.283645
-7.809342 -3.702416
-10.828697 -0.664204
-11.557552 -2.137215
-12.638772 -0.863594
-12.947935 -2.908818
-14.060135 -8.250667
-15.457470 -5.968363
-11.715258 -1.165251
-9.592236 -1.666281
-9.166773 -0.652975
-10.564527 -1.111847
-10.233320 -2.642014
-7.376495 -7.146698
-6.617073 -5.480272
-5.673425 -4.488101
-6.410769 -1.493438
-5.761666 -7.868348
-4.388546 -7.642906
-7.871484 -9.142858
-10.743980 -8.926126
-8.356245 -9.527616
-7.738065 -8.817343
-6.653529 -8.598552
-6.263001 -7.884138
-8.932419 -9.155153
-8.199039 -8.398972
-4.985572 -8.065017
-7.146132 -4.794651
-8.010271 0.504396
-9.523069 -2.775548
-7.358679 -0.788744
-12.449065 -2.694239
-9.908772 -0.380637
-12.199480 -2.908372
-12.553944 0.096666
-11.408188 -0.904858
-11.386290 -2.785269
-8.750345 -1.495371
-8.792772 -8.073887
-7.634868 -7.117675
-7.236709 -8.002969
-5.375268 -6.154422
-7.298138 -6.438628
-14.676275 -4.582935
-13.642702 -6.872906
-10.978794 -0.943753
-7.674870 -6.691663
-6.803308 -5.965423
-7.871959 -4.654509
-6.991970 -5.381219
-7.749939 -3.999069
-7.117812 -5.798029
-7.762471 -4.075041
-5.016733 -4.102597
-6.768867 -5.979517
-7.315240 -7.217488
-5.840367 -8.920341
-8.630644 -8.087189
-7.649661 -9.665243
-7.767278 -6.391202
-5.772772 -4.418122
-7.208522 -4.622773
-6.953575 -5.059857
-6.061517 -7.326283
-7.226804 -7.677874
-7.747344 -5.995358
-6.543334 -7.202211
-7.753589 -5.268184
-6.915414 -6.347898
-6.887649 -7.871175
-9.063306 -8.418095
-6.037409 -9.260851
-7.121068 -4.415826
-8.450449 -1.892427
-8.931511 -2.654027
-9.613573 -2.763317
-11.359868 2.479503
-13.861248 -6.269042
-13.743856 -5.617373
-14.153578 -5.479601
-13.164341 -3.840293
