11.983837 -3.954670
14.751041 -5.562387
11.533045 -1.688562
11.021823 -2.617727
13.153501 -2.223934
19.039152 0.982116
16.103540 0.574707
15.388248 1.595752
15.023937 4.009804
11.209524 3.666759
9.182928 4.064488
8.994642 4.588003
9.467655 4.106638
6.472284 2.263531
8.892458 0.140284
8.857622 1.141218
8.822401 0.820611
9.106279 1.044758
8.992013 1.034427
8.098094 0.585077
8.878172 2.411994
8.632887 0.072158
6.593597 1.204870
4.346862 -1.370551
5.405374 -7.052704
8.968292 -8.271708
7.600618 -8.711083
6.532578 -6.202685
7.657571 -6.277466
7.259133 -9.418733
8.397408 -8.001328
7.850789 -6.864522
11.231416 -7.636585
10.988539 -4.381484
10.827486 -2.657493
11.801079 -5.295312
9.157107 -5.389945
8.642684 -5.790129
8.300816 -6.811588
8.764983 -5.904225
8.844643 -5.404218
10.817560 -6.044057
14.377468 -5.856936
14.951468 -8.561284
13.565321 -4.355557
10.763063 -4.189976
13.778075 -3.997245
11.093988 -1.840410
10.714972 -3.222769
9.237715 -6.752166
8.223042 -5.233111
6.247225 -5.746645
10.790876 -3.206626
10.485414 -5.310021
11.352881 -4.648837
7.570629 1.461414
6.158102 1.004070
7.589027 -0.024040
6.674881 3.446066
4.552605 0.898685
5.468943 -5.109272
6.986390 -7.627661
7.737649 -8.052956
7.405643 -6.560489
9.858306 -7.521174
9.507809 -7.266918
8.498143 -5.455734
6.663190 -5.375493
8.775898 -5.304818
8.684714 -9.537755
8.380445 -6.904297
4.469307 0.719621
6.880040 2.226760
7.885569 3.936736
7.948829 0.748368
7.040209 -0.149726
5.358220 1.256651
5.416302 -0.283482
5.333734 1.485209
5.644929 -0.131486
8.468544 -0.211326
6.571699 2.918598
8.271008 0.980570
6.817816 2.654023
8.819647 0.381753
8.013714 0.478066
6.520864 1.956322
8.750957 0.578560
8.052294 0.007853
6.722296 0.252812
4.621575 -0.318509
2.369750 -1.580803
4.263277 -1.002269
7.111186 1.068210
7.490357 0.826065
5.744882 2.484902
9.506959 4.408481
9.526999 4.003062
9.876431 4.478511
8.030548 4.434370
11.730442 7.503062
12.898930 5.939948
13.650694 3.610484
14.581554 6.003614
12.334570 3.892455
13.201130 3.638383
9.619383 4.443816
7.680334 2.568156
14.186005 2.340539
12.028700 6.306178
16.181679 4.204357
12.110125 -1.796663
11.896862 -2.799318
10.706545 -3.653003
10.786009 -1.732075
8.994766 2.478508
7.269640 1.338600
5.179333 3.559942
8.009108 3.828323
7.680967 5.424875
7.293544 2.038632
8.018126 2.264665
8.322737 0.158562
5.853354 2.265917
5.885334 0.515590
8.593866 1.291451
7.345077 1.770743
8.253722 1.901222
8.290468 2.774954
8.275612 1.260139
7.856567 0.103162
8.843241 0.647474
6.111058 3.216883
5.514480 2.008219
7.518649 1.357775
7.349914 1.248887
7.331306 0.907554
8.376640 -5.853038
5.247719 -5.867744
5.487706 -6.924129
11.982382 -4.371313
7.815781 -9.546742
9.349885 -6.401877
8.469217 -8.754039
7.966117 -8.103951
7.578889 -7.604174
3.725038 -3.649001
5.334779 -4.235945
5.591169 -6.798168
7.317479 -5.364801
9.101358 -5.765111
7.226487 -5.902421
5.844097 -5.265738
5.137444 -0.096592
3.876665 -0.867618
3.937058 -2.097078
5.393565 -0.515310
7.113781 0.257218
8.773060 1.934578
6.445520 0.269977
3.056503 -0.413575
5.031130 -2.538078
4.811949 -5.540543
6.699994 -7.385677
8.393711 -6.446409
8.611250 0.028551
9.045362 2.794960
7.653006 0.825445
10.489852 -3.422503
13.138553 -4.060584
17.427166 -9.242230
12.962029 -1.879785
12.059457 -2.152717
10.313871 3.789117
4.928114 -0.022366
7.248287 1.319390
9.065344 0.456476
8.339705 0.883792
8.649230 0.752023
5.628868 -5.733535
7.463939 -5.868490
10.508680 -5.681092
13.887369 -4.656380
8.076048 -6.832358
6.566572 -5.310797
4.726856 -3.645418
5.105529 -4.727429
5.598595 -7.330057
9.159902 -9.277328
3.902026 -0.920500
3.852714 -1.909742
7.951225 0.833014
4.729209 -2.724779
4.843574 -1.283299
5.425749 -1.315474
4.900519 -1.202346
5.419706 -4.043185
4.524815 -5.011956
5.000216 -2.247077
4.512876 -0.971271
5.071986 0.806640
7.291338 0.243960
8.341894 1.208773
12.797199 -3.026736
14.787524 -0.972703
10.591659 -2.032238
14.116578 -6.596465
6.205392 -7.108767
8.036943 -10.290128
7.914886 -9.020521
8.625383 -9.814286
12.901560 -15.917369
11.218264 -14.814721
13.440723 -16.053286
7.875614 -8.429667
11.474407 -15.901265
11.280674 -19.365307
15.100389 -4.447059
14.379776 1.231247
16.139400 -0.973966
14.783415 -0.280280
13.378145 -4.600893
10.826126 -2.350152
11.529984 -3.592081
14.102758 -4.385480
10.544550 -2.373837
10.935705 -3.529390
6.537332 -7.557769
6.820084 -11.397929
8.812071 -10.477595
8.014890 -7.299849
12.500155 -5.667926
9.353304 -5.931139
8.624622 -5.904189
11.258254 -5.063575
11.781324 -2.066712
8.420286 -6.351863
7.710669 -7.149218
5.815935 -7.025671
3.262728 -2.866761
5.932796 0.289891
3.663414 0.746330
5.211475 -1.432221
5.028983 -1.101391
6.350210 -0.046924
7.389520 0.269074
7.944634 1.199418
5.436294 -1.153078
9.439048 3.650367
7.153118 2.587914
8.106368 1.591372
8.854530 1.256374
8.906379 2.866310
8.161367 0.463651
6.123391 0.616026
8.016855 1.734901
5.516230 2.088525
8.835814 0.683829
8.758463 3.088259
7.700399 -0.055428
6.133525 0.034358
3.378177 -0.683315
5.359665 -2.188036
4.683335 -2.192942
3.726555 -3.250697
3.383542 -6.732958
3.289540 -7.184365
5.993350 -7.818669
7.515171 -10.778075
10.198891 -5.536156
9.333292 -6.258584
7.901007 -7.264131
5.974692 -8.831382
7.727803 -6.606874
6.571541 -5.344007
4.548875 -6.978820
4.732267 -4.374907
5.003694 -4.457451
4.424059 -5.024613
3.631548 -5.720669
3.343663 -1.940806
3.925225 -0.484541
5.535052 0.763791
7.495211 -0.134007
8.487953 0.065972
7.051194 1.607515
7.974617 0.967846
8.096231 1.322696
6.610920 2.043428
8.147692 -0.042174
8.097906 0.457936
9.067191 0.566477
8.342949 1.523500
7.901218 0.004303
8.318746 1.060185
9.123494 4.190620
7.064833 0.002496
8.386841 0.646407
7.813166 0.839748
13.852597 -1.846998
10.608109 -2.085748
11.196205 -1.753831
12.017573 -6.987016
7.419931 -7.792659
9.150844 -8.374559
9.377807 -8.617732
9.081483 -9.798620
8.451073 -9.438174
3.583143 -7.313258
11.220219 -6.446743
11.166624 -4.424830
11.799624 -3.670070
16.598991 -7.357274
15.428862 0.941593
15.403073 -1.823703
17.045719 0.010561
12.365513 6.976768
12.072565 4.735440
10.765993 4.342440
12.213680 3.950862
6.610847 3.654577
6.222122 2.955340
7.544586 -0.007542
7.907569 0.355813
6.374450 0.282088
7.732424 -0.158599
8.450863 0.442436
7.788789 1.367842
7.644067 0.451605
8.426363 2.180541
8.034837 2.319320
9.291551 3.793140
13.785435 5.535343
10.246107 3.664716
10.988369 -1.991376
15.281301 -1.978851
14.770426 3.672788
13.032485 3.530262
12.103189 3.750981
13.703140 4.517169
13.899149 4.067724
8.367778 4.958524
8.138573 1.081530
8.338352 2.573977
8.637698 2.432695
8.171041 1.850415
8.849344 0.093993
9.038822 3.505516
8.898172 -0.000739
10.972840 -2.129229
13.352062 -2.858235
14.966858 4.347594
13.471953 7.447016
14.450829 8.031458
11.808310 4.274415
8.543324 4.045797
11.809850 4.895631
13.942030 -1.721186
15.041607 -6.095529
15.812732 1.801513
15.063408 0.397998
8.872890 0.882164
10.658304 4.576073
12.131726 6.124393
12.182339 3.691494
13.109091 4.037535
9.064254 2.132683
9.106053 1.157603
11.484287 3.815764
10.227753 3.744303
12.163521 -1.743231
9.000351 0.998765
9.035917 3.354230
14.367987 4.156276
15.752613 1.996024
14.560652 -0.208644
13.046069 6.026287
10.171478 4.820558
9.108747 2.625168
11.439036 3.477115
10.262241 5.037598
13.294500 4.559686
9.901934 5.670254
7.977015 1.594174
8.374259 0.559348
9.076922 0.819275
8.484583 0.360703
8.921661 2.582695
8.885816 3.430897
4.406899 0.679006
6.676142 0.458794
7.450176 2.319887
8.470579 1.267159
9.069324 2.513554
7.328479 1.006634
5.831059 0.245242
8.584555 1.323706
8.832217 0.139378
8.041508 -0.107136
-0.001753 2.496526
