-4.216147 -1.071519
-6.909678 -3.579976
-7.359929 -7.689692
-6.888123 -8.000226
-10.036382 -8.685046
-12.357253 -9.955999
-7.286701 -8.111992
-7.696534 -6.686525
-4.536368 -7.553117
-6.060368 -6.636262
-7.075443 -3.994351
-7.203975 -5.257817
-7.121752 -5.803056
-6.672543 -8.030150
-6.449660 -6.127938
-6.398285 -9.532537
-8.727030 -8.301787
-9.119079 -9.770875
-4.755510 -9.819397
-9.715050 -8.234205
-13.080206 -8.460498
-12.329976 -8.524545
-8.088143 -9.185869
-8.112872 -11.829255
-7.758852 -8.595735
-7.684324 -4.281210
-11.332443 -2.752672
-10.483979 -2.660176
-12.918778 0.405113
-17.526411 -2.149509
-15.233439 -9.828228
-13.032186 -3.846668
-13.313206 -4.365213
-13.893158 -6.447946
-14.671218 -8.018041
-6.149665 -8.371083
-4.272253 -7.534316
-7.951077 -9.081690
-7.440700 -9.184100
-5.518149 -7.337727
-5.617818 -5.875012
-6.317424 -6.441514
-5.636393 -6.299363
-7.539673 -6.637263
-6.163802 -6.875961
-7.040206 -7.828242
-7.383955 -10.069148
-6.739230 -7.777479
-9.710765 -8.540059
-9.390890 -8.412534
-6.814377 -9.481374
-8.327618 -8.335797
-9.166866 -8.691926
-6.390756 -8.570295
-8.703701 -10.365639
-5.900583 -2.817182
-9.497637 -2.862885
-9.876899 -2.037724
-10.656820 -2.841877
-8.032206 -2.207612
-7.081622 -4.879809
-7.392686 -9.000243
-7.514527 -8.656717
-7.264767 -8.105345
-8.394898 -8.155892
-6.013925 -7.743484
-7.706977 -5.583513
-5.395866 -4.076517
-7.331832 -6.672799
-7.558531 -8.669669
-8.934167 -8.483171
-10.644520 -8.344563
-11.331836 -8.854011
-5.939406 -7.931241
-4.829796 -6.726687
-7.683852 -1.477546
-11.095937 -2.399183
-14.197649 -2.172283
-14.776619 -3.778330
-18.470560 -2.104174
