5.735338 18.167212
7.466848 11.173201
8.194845 7.268260
7.110617 3.054783
8.155831 1.476761
6.790606 0.393240
5.400607 1.353926
4.758202 -2.317339
4.442662 -2.092346
3.186852 -3.250438
4.520244 -3.772524
5.267009 -5.087656
5.850197 -6.294437
8.822692 -5.431025
6.902370 -5.496328
7.347184 -8.603501
9.668243 -6.377153
6.848473 -9.087750
6.907054 -5.644605
11.155161 -7.100440
6.599219 -12.235706
11.333510 -14.423253
15.530747 -12.771432
12.837213 -14.573347
17.474043 -13.642402
17.305691 -12.053752
15.822249 -11.262105
17.855618 -17.701870
16.127817 -12.054162
13.866380 -14.511733
16.114866 -13.083802
11.415967 -13.871296
