-6.488094 9.994786
-4.480079 6.771602
-2.158988 7.197341
-1.538658 7.452756
8.898708 1.210619
6.223522 -0.099555
8.773947 0.156980
7.314778 2.146364
7.379769 0.497330
8.396885 1.609717
8.193462 3.257075
8.972322 1.497160
10.970511 -2.331724
12.600957 -5.173882
11.960278 -2.632144
16.374659 0.439422
15.564974 3.646081
12.767927 3.481181
11.832392 3.553791
11.320611 4.065156
13.363304 5.269492
10.237619 3.705192
5.984642 4.052279
8.897292 1.411172
8.242016 1.889791
4.442639 0.006917
4.771411 -2.222937
5.147453 -4.476467
5.351718 -1.036157
4.714100 -2.549062
5.348782 -1.889594
4.920965 1.671668
6.589639 1.143463
7.982033 -0.017345
9.012722 0.319425
8.271780 3.579179
8.974040 1.568012
5.972210 -0.115005
4.385769 0.228451
3.246915 -2.451258
4.498916 -1.608031
4.245877 -0.270276
4.722099 -0.027865
5.798528 -0.114772
5.764275 1.443589
4.311672 -0.715394
4.317862 -0.125439
3.582156 -1.726100
4.773607 -1.346957
4.696661 -0.248768
3.146667 -1.626507
6.635243 -0.201630
6.998867 0.611958
10.848258 -2.315000
10.601336 -3.766778
14.935142 -2.269245
14.707315 1.573602
13.862897 3.907427
13.201193 3.965400
12.175515 -2.230306
10.500190 -4.089427
12.143486 -3.816763
12.208584 -2.405670
9.105274 0.954443
7.236990 0.340595
11.626188 -2.163327
8.407076 0.168846
8.689465 0.924575
10.598570 -1.846703
9.059078 0.023386
8.492666 2.225963
9.309316 6.503150
9.325744 4.296976
7.705620 1.810403
7.955307 0.254677
7.818199 1.402041
6.866797 0.935598
4.622225 -0.368757
5.195669 -2.277225
3.834218 -0.820555
5.923801 1.257075
8.092393 0.550133
5.256007 1.906714
8.735974 2.976126
8.948837 0.858720
8.869806 0.771819
8.456144 2.418380
7.319748 2.589526
10.556134 4.822875
10.919239 6.088326
15.255188 5.146839
16.075623 -0.702334
15.076970 -2.431445
13.856038 -2.117293
14.378654 -2.628040
12.205462 -2.011828
13.142799 -3.115425
15.163766 -0.889735
14.510826 1.712580
15.468946 -3.000639
11.712927 -2.181513
8.931317 3.485476
10.452785 3.847999
9.820051 4.116998
8.548505 4.306394
11.340175 -2.294705
15.834361 -1.958564
9.757895 4.480001
6.126434 2.675380
14.619728 2.320149
11.547368 5.504714
11.117203 3.653327
7.098665 5.863917
10.033031 4.094056
9.215752 4.403700
7.855558 1.747341
7.602167 2.636199
6.448040 2.724956
8.610304 2.440356
11.178916 3.467923
9.969505 5.396967
8.829889 2.921746
8.736250 1.873404
4.287029 -0.918914
8.096405 1.783225
7.746039 4.073066
9.782305 3.424154
11.053761 4.718530
7.677156 5.554388
8.781184 1.541054
8.910414 1.230972
8.403183 1.873857
8.711868 0.887275
7.747999 0.244535
8.993028 -0.209707
9.037947 2.713676
5.672463 0.383976
7.048404 0.777669
7.883848 1.388069
6.607305 1.767642
7.888401 1.387638
5.465712 -0.669459
5.009366 -1.873162
2.833165 -2.867971
7.150886 -7.064300
7.635781 -8.406407
6.209700 -5.441569
10.050218 -7.626102
10.629129 -4.720040
9.102661 -9.474471
5.569556 -8.479085
9.858551 -5.318931
8.436520 -6.728216
8.282843 -12.091720
6.942453 -8.083097
7.121642 -5.736940
5.616563 -6.818409
4.912307 -3.104276
5.259764 -4.223486
9.755836 -5.741417
7.871144 -5.283965
5.979084 -8.152564
6.035186 -5.794529
8.677452 -5.870796
10.304272 -6.434331
12.587560 -5.280419
10.471655 -6.276759
12.526841 -5.217314
12.596164 -2.396948
14.078449 -2.325295
17.057159 -7.774752
14.717457 -0.083907
9.559763 3.493649
9.323999 3.937191
8.159809 0.148395
8.993904 0.422467
7.804215 0.102395
5.154623 -6.043601
4.486397 -7.336356
3.191792 -6.011082
5.835697 -7.897231
5.525573 -7.585046
1.367155 -8.695351
4.853266 -10.370801
8.743103 -6.655758
8.188826 -6.905855
9.295954 -8.706109
5.502289 -6.152323
7.941718 -5.337923
7.386778 -6.946119
5.950508 -6.962168
3.745169 -6.891392
6.358279 -6.810392
6.966732 -9.957824
7.312656 -9.520238
11.324313 -3.154141
9.930761 -6.839190
11.873787 -5.024067
13.016299 -4.224975
10.385044 -5.793369
10.957649 -5.422721
9.189960 -6.441662
10.104633 -6.804338
8.788766 -7.860653
9.215691 -5.772918
5.925358 -8.312187
8.131814 -6.947731
4.337435 -6.974692
8.450657 -5.665514
7.180263 -5.275133
7.823129 -5.274868
4.873824 -6.548662
4.164521 -0.881254
3.382792 -0.712770
5.187092 -0.448079
6.844629 0.489160
5.383138 1.495904
7.806003 -0.142490
8.598488 0.914550
7.487950 -6.507641
10.228816 -6.653931
10.897263 -2.414213
12.921814 -2.684631
14.818685 -1.674076
10.555143 3.609652
12.371925 6.168261
10.768617 3.881694
12.565572 5.323025
18.883415 0.759963
15.007614 1.037323
10.777512 5.853793
13.744530 3.459064
15.395645 3.834420
10.878009 4.513123
10.147767 4.009836
9.143412 5.709186
11.264640 5.770529
8.029634 6.292428
4.596013 -1.722438
5.925659 2.101395
7.914254 1.552989
8.089711 1.790174
11.869091 4.013072
12.862783 9.160179
8.349724 2.824324
7.570161 0.922010
5.180922 0.730006
8.477392 0.011168
8.990170 6.608042
10.167122 3.855568
8.637726 3.357224
6.864736 1.902234
8.751399 0.750735
8.656893 0.754351
7.891151 0.131180
8.918827 -0.143915
8.430364 -6.753345
6.993045 -7.139393
6.004206 -5.974125
5.742054 -5.436389
3.873781 -6.827811
7.516510 -5.392990
6.192720 -6.339708
2.813919 -6.790408
4.189122 -1.570570
4.565785 -2.022999
4.806999 -2.164315
6.458146 0.894619
6.514520 0.752261
5.435101 -0.471253
4.838990 -0.410368
5.848676 0.634133
7.313325 1.837410
8.566576 3.221413
8.487594 0.701161
7.727619 0.054520
7.911895 -0.184381
8.684172 1.654206
5.431134 0.058309
3.293276 -7.386629
7.300889 -6.354799
7.740670 -8.541924
6.341735 -5.829921
7.936321 -5.248689
5.469351 -4.122154
8.224991 0.115408
7.482440 0.709336
4.905169 -1.071671
4.593597 -1.443005
7.348052 0.977728
6.099292 5.241638
9.105620 2.276990
8.426688 1.797353
9.215014 3.833060
12.712829 4.534429
11.846073 4.971464
13.153950 3.897672
9.479095 4.586966
8.415924 2.788169
8.585835 5.855442
10.318005 5.180928
8.991922 4.420914
11.564699 3.597151
14.245103 1.398078
14.589689 2.285736
14.417734 3.595472
10.997181 4.208972
6.518778 6.109767
7.445376 5.379948
7.646248 2.867651
8.472167 4.712967
12.435951 3.773112
13.215991 3.858170
12.521831 5.519420
16.743328 2.501626
15.263380 5.009884
11.213558 3.929235
11.119393 3.443857
14.603563 8.510690
14.483027 1.725291
14.218120 0.580844
6.661255 1.097164
6.866348 3.915586
8.845964 1.093420
6.196497 0.703200
7.659531 1.104294
8.135897 0.446711
8.990359 3.050079
7.990431 2.557685
9.522314 4.006145
9.836409 3.435506
13.410425 5.219452
10.090234 4.454066
9.332265 5.324244
8.160059 2.219944
8.214729 2.598079
8.963600 1.086651
8.822786 3.343937
10.798685 4.590254
10.451250 4.656902
16.565186 1.934273
15.282170 3.331667
12.915999 3.738541
8.708261 2.570859
14.574636 2.965883
13.963562 4.579173
11.587395 4.210157
10.407412 4.014971
16.081741 3.774602
10.098585 5.693017
11.426255 4.300001
17.458195 3.592696
17.221554 -0.743705
17.519056 0.851142
15.234066 3.311709
11.872334 4.632218
11.560835 3.459768
8.222383 2.170633
8.704057 0.555876
7.445210 1.652829
5.174080 0.175012
1.863787 -2.491199
2.893291 -4.603579
4.319019 -3.762091
5.137160 -0.850671
5.410895 -4.838165
5.433074 -3.309545
5.316384 -2.568439
6.498245 -6.362751
7.130681 -6.406281
4.406553 -4.711078
5.053089 -2.249651
4.998777 -2.883672
5.299162 -7.794222
9.086433 -7.967743
8.647329 -6.253266
11.684849 -5.312227
7.780817 -5.490153
8.964260 0.195620
7.418863 0.770453
6.974444 0.047961
6.491569 0.226779
3.923531 -1.098839
5.290745 -3.984565
4.601549 -4.284385
4.901805 -0.694875
5.245252 -4.693685
3.756472 -3.095866
5.355826 -0.587840
5.125513 0.113798
7.678122 1.534220
3.377968 0.845078
2.016492 -1.627263
3.885484 -0.702061
5.084196 0.348349
6.740518 0.149002
3.794925 -1.449894
5.363142 -1.611491
4.005683 -1.777269
4.585254 -0.954192
5.172533 -0.411038
6.683037 0.598430
6.791218 0.900130
4.926631 -0.942590
6.330263 0.862813
5.256757 -1.181614
4.577259 -1.893200
4.376029 -0.311965
8.282494 0.178199
8.524381 -0.033692
7.881807 0.717923
8.310946 1.059524
8.832876 3.039828
8.716312 0.553967
8.044296 3.984125
6.977392 3.059076
9.630740 3.895210
10.915955 4.379027
12.128164 3.599537
10.846376 3.413082
10.065845 5.615999
11.860799 6.529061
9.425952 4.519504
10.474457 5.495986
8.718515 3.337365
6.473564 3.111354
5.119591 2.353833
8.707609 2.040954
4.813712 0.654377
5.221292 0.932366
8.829088 1.409266
7.182482 -0.056130
7.685446 0.441859
8.772416 -0.151391
8.776161 0.901777
8.751385 1.890237
17.791887 1.445437
13.145135 3.629908
8.467037 0.456023
9.858765 3.878786
10.274814 -5.350795
10.908702 -3.195323
13.365144 -2.233606
12.307894 -4.828340
10.937372 -3.920619
12.782228 -1.674011
13.582566 5.396895
11.935171 -2.662403
11.179562 -1.787255
12.143419 -2.265599
14.299394 -3.593160
11.005222 -2.032175
12.451359 -2.169973
11.425043 -2.959703
19.330219 -0.569981
16.863657 0.962213
15.371768 -1.094266
16.216991 -2.894094
11.900032 -3.465693
11.804314 -4.025164
11.501274 -3.967652
15.820181 0.111945
14.385564 1.002698
8.296294 0.524078
7.558258 0.874879
7.320242 2.513469
7.892100 1.047882
6.835283 0.527650
8.821131 2.131717
9.483036 6.465608
7.120261 4.860300
10.293720 5.959427
16.453051 4.068174
13.720695 3.933538
12.404160 5.373843
12.877293 6.216380
14.315992 3.600573
11.190645 -2.177414
10.228336 4.124002
10.256632 5.072489
11.527489 3.999672
8.399377 1.797001
8.012618 1.233653
6.988337 4.198803
8.708571 1.792797
8.732524 2.705215
7.273164 2.656278
6.709537 0.491534
8.794458 3.038252
8.245718 1.119838
7.350565 1.049434
11.847571 -1.994853
11.141270 -4.236949
12.445332 -2.101620
11.884654 -2.434814
12.826216 -2.073146
7.206450 -5.552577
4.386482 -5.550944
14.552958 0.277388
16.494732 3.592197
12.474035 4.724799
11.954988 7.480634
10.906964 6.378458
10.441723 3.862964
8.604288 2.361504
8.411306 3.215393
8.554825 1.913559
7.496366 0.653688
4.655672 1.310296
9.055426 2.692561
9.033538 3.753837
10.717665 3.908744
8.739535 5.832286
10.689126 3.466324
8.520483 3.486271
10.765659 3.648601
4.409897 3.957313
8.114571 0.839633
7.356974 0.762191
8.764561 1.008751
4.841224 1.030407
4.438907 -0.748134
5.406234 -0.919089
4.796525 -1.607441
4.596393 -2.799032
4.865014 -4.029157
4.302296 -6.571446
3.832335 -6.389124
6.329151 -6.162229
8.486408 -7.409540
9.583478 -5.583237
6.669193 -7.949251
7.517353 -7.544973
6.786174 -6.684943
6.214495 -5.725785
4.178593 -4.867643
4.400592 -5.361320
6.509130 -8.838855
10.444981 -6.687761
5.971991 -6.494021
10.631411 -3.730426
12.024014 -4.978857
7.515460 -7.597468
7.610404 -8.547410
6.563813 -8.248683
4.267358 -6.924361
5.442398 -1.454389
4.877297 -2.523155
4.614930 -0.622684
5.323931 -0.638233
5.254033 -0.442741
6.670588 1.280499
5.820523 -0.021467
6.112202 0.205503
8.214449 0.032683
8.376076 2.463124
6.853418 0.866035
6.165880 0.482712
7.807042 0.163455
9.075396 2.345479
8.862171 3.222898
8.464571 1.462884
8.271266 0.170642
8.343475 2.232350
8.351078 2.362088
9.787040 3.492677
6.931809 0.584500
3.498974 -1.575412
3.746208 -0.833787
3.760011 -0.213517
14.196498 -1.389704
12.728216 -1.608219
12.701462 -2.798563
12.638433 -6.649011
10.934891 -4.921064
11.758637 -3.228570
11.457002 -2.862622
14.997027 -1.729473
17.316696 3.304195
15.839054 2.822045
16.263996 -3.060396
12.201218 -1.951620
12.881519 -2.182786
12.497420 -2.490977
16.539305 -8.664500
14.612525 -8.527706
14.604697 1.580317
14.788808 3.065173
19.481260 -3.419996
