2.529077 -19.800768
6.509613 -10.493293
7.983323 -7.026193
10.286444 -6.546850
12.005790 -7.148219
10.794496 -5.012839
8.317122 -7.703209
13.913058 -4.212706
18.259224 -2.773109
13.522552 -2.635572
14.706785 -5.030035
12.813101 -3.054211
16.991579 -5.843385
14.005589 -2.331704
13.309149 -3.516537
14.833578 -4.133221
9.574894 -5.747592
3.623018 -7.792559
5.034777 -4.181461
5.293469 -5.050666
4.984513 -5.465676
6.764095 -5.775615
7.445741 -5.449718
5.136008 -6.636385
4.834720 -3.012760
4.373496 -3.596366
3.757647 -1.221944
3.958947 -0.826541
5.074831 -1.010951
7.698538 1.369236
6.169571 0.464500
7.920283 0.006652
8.572802 0.082800
12.983692 -7.683305
18.175117 -1.038469
16.429256 1.838774
14.539618 -4.564615
16.848774 5.119373
13.512854 4.917153
15.140556 4.126697
14.530275 -0.043570
10.607365 -4.987389
6.648080 -5.808496
8.085180 -5.701239
6.961667 -5.836176
11.035568 -2.333489
6.824071 1.206219
6.485313 1.692244
5.175212 -3.296821
5.809042 -5.639333
6.860287 -6.989525
8.711751 -7.618100
7.934537 -5.424127
6.839274 -6.397723
4.302121 -5.909040
5.074885 -3.751341
7.632079 0.500378
7.517385 0.024415
7.733291 0.524230
6.532646 -0.088979
4.705896 0.235777
7.048310 1.011281
6.852104 1.054593
6.179688 1.580635
4.918167 -0.017902
6.160223 0.919487
5.102232 0.837331
16.900923 -2.723402
14.473541 -1.871969
15.205303 -1.610475
10.609152 -4.059073
14.359469 1.254191
15.046742 0.385880
6.912228 0.045170
7.143498 1.820096
6.985894 -0.122783
8.215821 0.038070
7.757278 0.328070
7.541081 0.650474
6.392599 0.686913
7.242401 0.609544
8.936061 1.774792
8.918262 1.844738
7.631050 3.757276
6.462436 2.317248
9.868923 4.125934
12.149062 3.821472
15.691374 4.736120
15.142683 1.499280
14.386964 -2.156366
7.737427 -7.384820
11.456833 -5.238948
12.354820 -1.631105
11.775650 -5.818614
8.726965 -7.499518
4.917656 -7.561050
5.031862 -6.926601
3.641781 -8.301208
4.194107 -5.513374
8.013560 -5.950099
6.943233 -6.013407
8.121195 -5.954251
6.564926 -7.167598
9.366530 -5.602685
8.268650 -7.684379
8.410117 -5.794350
7.759233 -7.040777
7.230045 1.728699
8.292219 0.845544
8.752347 2.131781
6.790519 0.281859
4.823020 -0.639474
4.882930 -2.686570
5.187439 -2.168829
3.857765 -6.422415
7.213990 -8.702048
7.013919 -6.234133
6.866361 -5.332183
9.813802 -5.612597
7.759181 -8.363751
4.641332 -10.658525
6.679892 -8.755339
8.220831 -8.699747
12.184663 -4.277664
12.309976 -2.049582
11.529609 -2.234701
7.688352 4.207425
11.072825 4.409159
10.661581 3.900380
8.722383 3.900189
10.979778 3.686566
10.687071 3.629589
13.060456 4.341661
14.053663 3.742966
17.825682 0.037740
14.417462 2.026203
14.184923 2.816045
13.924971 -1.782695
10.836819 -3.189234
14.986451 -5.322742
10.617123 -13.301686
7.974289 -10.569264
5.963733 -6.278846
8.210069 2.739616
9.109160 4.391753
7.988572 0.510987
6.800718 0.571819
6.486918 2.379502
10.318174 4.689265
7.921861 2.789841
12.581255 5.480296
13.515560 7.219713
14.555969 2.302677
15.850275 -2.224142
14.469635 0.929940
9.339874 4.409505
12.240432 -7.393331
8.599038 -6.035758
11.784431 -1.914264
11.070334 3.705328
14.151022 -0.147046
13.534078 3.934321
15.878370 3.113342
15.104950 -5.551945
11.667615 -1.895207
11.990568 -2.273601
11.244601 -2.577005
11.773136 -1.680769
8.892572 2.812882
6.567564 4.194232
11.190277 3.528066
10.872321 5.137939
10.834827 3.773540
12.137047 6.508968
8.513784 5.824232
9.505407 3.717246
12.984700 6.004502
12.507929 5.142827
12.751709 -1.615180
13.425436 -1.648968
15.797653 2.096716
14.718129 0.862747
14.067154 4.620664
10.305510 6.131547
10.613383 4.627693
8.866165 5.685232
13.329659 3.661390
13.313321 5.800320
14.623925 1.986826
14.201345 3.073255
14.222000 -1.420054
14.671938 -0.239121
12.720070 3.488890
11.749702 5.341615
13.453482 4.704245
10.711160 5.259612
4.456080 -0.103674
8.147844 0.172617
8.490294 1.381163
8.546169 3.264509
11.720638 4.939654
8.930766 -0.117046
8.777178 1.331987
6.251759 3.694403
9.235003 3.482069
13.347902 6.749894
14.200041 4.616402
12.793328 4.521968
13.639992 4.262411
12.453079 4.370441
11.660912 5.253317
11.443508 5.917088
12.053997 4.554820
14.149994 2.365654
16.028807 2.609227
16.162077 7.269091
13.153732 3.986526
15.485052 4.295249
15.853577 0.617780
16.732317 -2.213898
15.657978 -1.151968
15.924585 1.834487
19.036819 4.202366
12.293200 3.836009
13.037544 3.700208
14.332701 8.040859
11.772742 12.340569
16.705305 14.539730
