8.763373 -13.602633
7.989398 -9.679001
8.859009 -10.831954
9.123995 -7.183630
7.094110 -8.101843
5.588933 -6.919515
4.043412 -7.840180
4.158731 -5.457356
3.493293 -4.256578
3.283243 -4.465767
-0.303923 -6.618337
1.183386 -2.772409
-0.564175 -2.087728
0.197979 -1.537223
1.661207 -2.511576
1.250836 -1.274448
1.302711 -2.077799
0.401636 -1.222720
0.330436 -0.104434
0.493708 -0.494693
0.361570 -1.021570
-0.241122 0.234479
0.892914 -0.847304
2.135075 1.980300
4.314920 1.075429
3.286768 1.556150
3.431360 1.068177
4.331266 1.277202
8.070926 2.237936
7.036925 0.706322
7.380644 0.522514
7.022038 -0.959587
3.815642 1.830237
3.811852 2.365330
2.833421 2.155450
1.318965 1.344177
2.626240 1.173442
1.602965 1.141478
2.239105 1.059404
0.904756 2.650552
1.050754 0.909064
1.088853 1.194940
2.326933 1.339029
2.296559 2.251965
2.443738 1.272966
1.426060 2.009254
2.375082 1.416470
4.597075 2.127347
3.286508 1.884814
2.176064 2.626347
1.352923 -0.423153
0.544858 -4.658351
1.547150 -3.486855
1.694009 -1.922644
1.696175 -1.203230
1.728456 -0.038243
1.640546 -1.014388
1.175884 -0.045291
1.757566 -1.526595
3.392709 1.579832
6.000903 1.821249
4.129627 2.675663
3.490316 1.068573
-0.000918 -1.965211
2.281372 -6.117248
3.821808 -4.043821
2.075179 -5.596486
1.529944 -2.368243
0.977521 -2.252872
-0.156864 -2.723301
1.166229 -2.063282
1.647693 -2.600438
1.180981 -4.697959
1.932932 -4.269704
2.548773 -4.212601
0.506655 -4.570896
0.946725 -3.504022
0.755946 -5.080940
4.422471 -3.986413
5.303839 -4.728425
5.541102 -4.306993
5.389269 -6.313583
1.035045 -5.624302
1.737109 -3.037210
1.446531 -3.713372
1.500801 -2.739966
1.114512 -2.715561
1.605310 -5.099019
2.430377 -4.031374
3.951984 -4.586858
5.291590 -4.490258
3.037479 -4.406425
1.656689 -6.620446
1.626792 -2.791402
0.839070 0.256457
2.297006 1.649258
1.556906 2.843525
3.664669 1.673222
4.024459 1.823512
3.494517 1.238786
2.015007 1.662094
3.660127 2.341608
5.640148 3.736645
3.104958 1.892853
7.054628 1.483126
6.933767 2.584893
7.963680 1.314402
5.601240 2.900798
5.144780 3.338084
9.086010 2.025220
8.255227 1.320387
7.150365 2.053710
11.740203 5.464024
10.160808 5.161016
8.091147 1.969599
8.430983 2.172670
7.558712 2.928736
7.924164 2.326322
7.222569 0.974152
7.401475 0.581449
7.021084 -1.102769
7.251575 2.699681
7.889477 1.831993
9.459779 5.035863
10.380705 5.635897
10.158661 5.387165
2.827307 1.102924
1.865465 1.330648
3.226037 2.577510
0.840444 0.114198
0.011097 -0.595344
0.619563 -3.430974
-0.041346 -7.454504
-0.321566 -10.982581
0.946783 -9.970658
3.923977 -7.114134
5.678885 -5.104359
5.682359 -5.814763
5.886986 -4.436176
5.952881 -5.298318
3.316952 -7.717029
7.536332 -7.317839
8.878790 -8.546712
7.463785 -7.110747
7.286028 -8.102814
8.985711 -8.260865
17.895308 -9.355474
12.664023 -10.565797
11.501936 -6.524530
13.778473 -3.935419
15.399496 -2.129550
13.168157 -5.375906
15.264141 -1.373013
13.931797 -2.853685
14.735802 -0.892634
14.902506 -0.178378
15.949728 1.380759
18.269594 0.108877
18.748602 -2.017586
16.771465 3.660921
18.242105 2.896317
13.131573 3.939584
12.066247 6.372892
7.933747 2.504888
6.614002 1.615395
7.001455 0.739625
6.872319 1.617563
8.102716 1.842151
8.611650 1.577177
8.080963 2.271281
7.344018 1.541134
4.077616 1.619515
2.643911 1.731165
6.032565 1.517328
5.821534 1.746395
8.515099 2.373065
8.723629 1.517597
4.039590 3.347776
5.047760 1.236517
4.386018 1.550505
7.319469 1.192847
7.208958 0.798321
7.993041 2.580868
7.327660 2.507210
6.410088 3.257636
6.438203 1.815587
7.323881 4.710628
15.402444 2.821097
9.751836 5.560332
13.706852 3.733446
9.283694 3.724455
14.264907 1.871718
17.836992 1.110123
11.677525 4.417528
12.487553 -4.359133
13.824337 -7.903980
17.192062 -9.483713
16.934345 -9.287137
15.731301 -7.055964
16.510632 2.535013
16.667953 0.584020
15.785404 6.061668
12.760380 3.934774
13.278377 3.514297
14.339321 3.092840
15.907588 3.624275
13.480805 3.497146
14.578735 -5.611605
14.865979 -8.106812
4.400647 -4.918196
3.309509 -5.640852
4.356175 -7.631951
8.219473 1.551211
7.193930 0.939391
8.487358 2.474827
8.314391 2.792933
8.927864 5.053563
10.091433 3.798232
14.860044 -5.643154
11.820126 -5.981504
8.604188 2.188811
9.998110 4.163855
10.037334 4.156671
9.543135 3.815914
12.952877 3.898513
8.862238 1.706745
8.995689 2.310666
8.209967 1.819590
6.583287 2.318321
6.662032 2.149245
7.466187 4.773490
11.180941 4.360369
10.760765 5.421650
9.622599 4.442210
8.807255 4.493525
11.566328 5.289238
10.731722 4.049443
11.193010 6.033453
12.729235 4.263596
14.963213 3.090999
9.754549 5.751440
13.092458 8.394097
12.691849 3.818020
16.077747 6.046292
15.236082 -0.442858
14.740771 1.691544
14.517893 -3.145845
12.546082 -4.621554
15.325937 -5.289672
15.428652 -1.743278
14.333626 -0.538828
9.809639 4.608416
13.612416 5.812615
9.079110 3.684967
9.648306 6.165680
8.315216 4.932932
8.933884 2.404560
8.241230 1.833935
8.707222 1.765397
8.203751 2.498168
7.365144 1.637767
7.023060 1.018811
5.507173 1.384280
7.260109 -0.209771
8.006343 1.830110
12.970848 6.849709
13.986382 3.760963
11.144270 3.694526
8.349057 1.283576
7.189923 0.597975
7.006260 -0.021869
4.599958 1.374701
8.613195 3.783165
6.713463 2.424746
6.899529 0.244273
7.162090 0.559006
8.192424 1.498885
7.896757 1.901516
8.506589 2.293455
6.151516 3.521851
7.436292 -1.257992
6.156265 -7.637817
6.184947 -7.091131
6.226150 -5.575087
5.915956 -7.483778
8.145814 -8.305671
6.401433 -6.724308
9.263577 -6.678222
7.913539 -11.223055
7.877135 -8.585370
7.844141 -7.562665
5.922553 -7.997388
9.293468 -9.886580
9.298962 -10.118771
7.844724 -8.813087
9.221980 -7.366208
11.694629 -7.653184
9.653589 -8.144763
12.721621 -4.673366
5.806608 -7.388845
6.899344 -7.084958
6.094982 -5.931620
4.330686 -7.582812
4.257595 -6.413702
5.862389 -5.917888
13.495670 -3.154346
15.797232 -1.230449
14.746784 -3.860020
15.324027 -3.050566
15.900229 -0.552463
14.135239 -2.143500
16.862976 -9.884774
13.945048 -10.252048
14.136234 -8.975547
8.181417 -6.692595
8.833576 -11.673999
8.788981 -11.935100
8.274033 -7.756787
8.407715 -11.641498
10.381513 -11.102330
1.705580 -10.881147
0.155170 -11.513320
0.584890 -12.958163
0.128691 -12.027551
1.367800 -10.786791
2.620479 -11.374082
1.665479 -8.039830
5.012342 -8.179178
5.483763 -6.626750
6.798978 -7.854513
8.498870 -7.450485
9.599823 -6.893239
11.061821 -8.321951
9.756227 -7.972099
7.182782 -8.061173
9.922006 -8.431622
5.022044 -7.204168
8.922614 -7.027757
6.996413 -8.058064
3.921209 -5.061015
4.486739 -7.080256
6.068637 -4.947001
3.415867 -5.578585
4.873986 -4.304159
4.096616 -4.020375
4.290234 -5.047248
4.154893 -5.000108
3.774783 -4.916795
5.415116 -4.224380
3.291237 -3.950837
2.035580 -4.057556
1.014131 -1.326676
0.803903 -0.512874
-0.651146 1.792695
-0.794113 2.662508
0.885671 -1.617983
1.136121 0.221779
4.135458 1.862794
3.539046 2.067745
7.184155 -0.693992
7.066376 -0.247452
7.234952 0.326069
7.003065 0.228110
4.554833 1.084334
1.459737 -0.807764
-0.231458 -1.627298
2.290238 -5.479932
3.377429 -4.505658
2.778219 -4.400829
-0.104288 -2.957699
0.881946 -1.475720
0.336563 -0.800087
-0.039684 -0.324953
0.363614 -0.269340
0.125882 -0.893286
4.709652 1.336043
5.167174 2.030781
6.426645 1.710975
4.718905 1.300816
3.814524 1.471396
3.067153 1.515300
1.805738 0.166748
3.408140 1.171353
5.720894 1.382343
3.384746 1.561654
0.645830 -0.212287
1.027550 -0.466410
1.774810 -1.256401
0.491126 -3.556984
2.797087 -4.729333
2.638698 -4.727051
-0.614012 -3.797646
1.043850 -3.207321
0.876589 -1.592456
1.242738 0.320831
1.732965 -0.785212
5.973122 2.294850
3.476970 2.916193
3.376948 2.545092
4.719560 1.075821
3.953327 1.072912
4.472087 2.165393
7.002920 -0.612855
7.182237 -1.371255
7.120086 -0.193211
7.241648 -1.061505
7.638289 3.608361
8.233154 8.059303
11.159032 3.604894
14.755678 3.643054
11.314029 3.684348
11.240371 4.423007
8.802149 2.962031
9.086665 1.408061
5.788750 1.724411
8.913158 2.201092
6.035583 1.442685
8.153525 1.608795
9.441795 4.105511
11.012494 8.068489
12.263433 5.636423
14.228638 6.216028
14.561813 4.871372
14.479420 2.103560
15.667195 1.761636
15.399553 5.822636
8.812523 6.518800
8.695288 2.671655
9.405897 4.539526
7.951277 2.187107
8.598124 2.450759
8.997516 2.883637
8.701641 3.438704
7.799512 2.703843
5.153115 1.611323
6.570551 1.825678
4.684891 1.744905
4.397617 1.842706
2.648942 1.445096
6.392237 1.906879
7.442776 1.424644
6.959636 -0.908646
6.967558 2.298108
5.990648 1.600865
6.682801 1.321252
6.639787 1.425831
8.564746 1.747595
4.417994 1.599857
6.815794 4.245263
8.233074 1.756063
8.999964 3.652500
13.582092 4.417809
8.826284 4.245634
7.728325 1.278256
8.131329 2.075346
8.742876 6.545721
10.081278 3.567645
10.768019 4.071881
13.104258 3.427497
10.838272 4.050993
13.297923 6.332134
12.354322 3.556201
11.341536 5.112339
9.483799 3.594009
10.412069 4.222883
10.345163 3.713314
8.949574 1.283117
8.675721 1.519768
8.713472 2.360646
6.764113 3.642483
8.326229 2.668079
6.668583 2.062502
5.142167 2.564218
5.465561 2.226419
4.721370 1.187282
5.851663 2.875870
4.171599 1.997373
4.937572 2.713692
8.332922 1.974904
8.505559 2.360940
8.697010 2.977343
7.583303 2.995080
13.847758 4.741015
9.860287 3.527234
7.423626 3.199495
6.930357 -0.361319
7.007879 -0.234935
7.261381 0.827372
6.096836 3.202529
2.153840 1.102338
2.447251 1.271320
1.627301 2.007649
1.273174 -1.467133
1.539970 -0.666003
1.653472 -0.800120
6.095437 2.263851
4.644196 1.377283
5.397145 1.170344
4.790370 2.352303
5.139341 1.968161
5.899624 1.127963
3.867759 2.686819
3.413174 1.097431
4.628255 1.357176
5.319312 1.467899
7.404978 0.806234
7.419445 -1.596223
4.821633 -4.174477
4.555680 -4.485976
3.948592 -4.691582
3.945578 -4.148722
5.116831 -4.169636
3.563573 -4.803985
1.342814 -4.485577
0.389354 -2.951332
1.151057 -1.682914
1.329817 -1.652932
1.357894 0.291861
0.475706 0.988364
2.985699 1.206604
2.479187 1.228417
3.463276 1.270535
5.508654 2.069231
4.075706 1.148534
3.924618 1.395237
3.659600 2.723987
1.258853 0.807956
1.620415 -1.070225
1.045861 -4.483540
1.254205 -3.032930
1.505803 -1.242803
1.635618 0.818388
5.234281 1.156040
6.281277 1.281587
6.477648 1.724216
5.805120 1.420317
7.840733 3.550857
7.087910 2.385434
7.462029 0.456323
6.452603 2.432606
6.439931 1.282045
8.478457 3.155094
6.729314 2.343711
6.844583 -1.218216
5.715323 -4.518090
12.630097 -4.918215
8.892402 2.234140
8.736488 1.269231
7.767142 1.517243
8.044138 2.285786
7.091605 4.299310
9.649778 3.515518
8.475469 3.475837
10.269633 7.323887
9.959029 4.018512
7.828273 2.337203
8.224363 1.390544
9.085258 3.166102
9.111763 4.376564
9.306326 5.166695
10.883709 4.038190
10.467625 3.459255
10.952703 4.385549
11.969183 5.301003
14.234454 7.155870
14.906058 4.246620
14.228159 1.578364
16.648335 2.728890
14.473570 0.579708
15.529948 -1.928951
13.423727 -1.752311
12.927127 -3.978992
11.893434 -3.767885
11.248011 -9.102985
9.233862 -7.778935
9.048836 -7.374850
9.077363 -8.064960
0.441022 -13.165563
7.082027 -15.350665
8.472611 -13.791626
0.964383 -11.066092
2.135921 -10.118408
-0.587805 -11.210967
-0.850680 -10.273692
0.570811 -13.663436
2.516403 -11.128498
0.244092 -12.225785
2.840010 -10.837531
0.675848 -13.437857
5.672913 -13.720803
8.602051 -15.250522
12.848028 -13.255016
8.750959 -9.872062
9.687096 -13.373000
2.650250 -11.601187
2.785578 -7.791700
2.064965 -9.803489
6.283271 -7.957216
4.900215 -6.606169
5.725607 -6.615884
4.930976 -8.004096
6.328744 -5.922940
4.696338 -5.708227
6.795244 -7.209592
8.271983 -8.594096
8.184933 -9.066637
9.776213 -9.799519
8.428040 -9.580209
10.033981 -14.055033
-0.647819 -8.466061
2.387806 -6.714987
4.524443 -6.273477
2.475079 -11.728625
0.469392 -10.859527
2.647485 -8.211455
7.780706 -6.845195
6.993475 -6.911033
7.681631 -7.345052
9.443746 -8.442348
7.333603 -7.331637
8.282928 -7.702322
5.293697 -7.546453
4.570664 -5.936268
4.089025 -7.213887
4.516718 -4.375762
5.469592 -4.345074
4.303096 -4.534014
3.064446 -4.775541
3.349650 -6.531887
2.640461 -5.004169
0.727022 -3.602742
1.005051 -0.878961
0.678076 0.256392
1.199926 1.244530
2.556317 1.307439
3.439233 2.754235
3.584039 2.165473
2.763520 2.366549
3.566289 1.746469
8.842916 2.629402
7.528136 2.068524
6.857698 1.574429
7.387589 -0.544412
7.030935 -1.255078
1.809461 -0.593478
0.729042 -2.512480
1.877454 -4.122621
3.775467 1.978474
4.369514 1.901960
3.357105 1.464823
6.386822 1.158943
7.358080 1.066919
6.930932 0.866035
5.322104 3.277227
4.716530 4.475482
6.116711 1.708729
4.473581 1.398602
5.399010 2.905761
6.876489 1.331657
6.817136 0.743611
7.869521 2.142448
6.525901 1.299625
6.206672 1.830103
6.808009 1.984511
4.385271 1.101954
3.516261 1.452602
3.813477 2.128888
6.301052 1.691373
6.595554 2.492620
7.092803 2.194216
7.027912 1.339416
13.043890 -4.325536
13.140270 -5.017285
11.873886 -6.246772
8.480109 -8.804669
11.503366 -7.053339
11.994622 -8.975947
10.561905 -11.235822
13.332054 -10.955180
11.558663 -8.037226
7.738421 1.451816
6.494627 2.991431
7.263028 -0.472558
7.459293 1.194708
8.791580 5.389756
4.942404 2.792707
7.374728 0.104952
6.887629 -1.141359
7.158683 -0.353649
7.456508 -0.932121
5.764738 -5.482453
3.850013 -4.061650
4.810643 -4.417017
2.101885 -5.615226
6.067424 -4.542228
4.956028 -5.988513
4.547013 -7.246755
4.822779 -6.766206
0.454531 -0.025744
1.713717 -0.092164
2.563861 1.439847
6.621494 1.570740
4.033115 1.318627
5.905135 1.113156
6.696935 1.869922
6.533555 3.307861
7.814070 1.689385
9.024616 2.323656
8.102089 2.575949
9.134958 4.749830
6.125363 2.611335
5.969317 1.662684
7.410134 2.258281
7.354050 -0.799083
13.245204 -6.837482
10.951525 -7.979222
7.225193 -7.484922
8.034682 -6.788444
5.636033 -7.600307
2.822179 -8.801951
-0.546420 -10.675640
1.515121 -12.967425
0.088198 -11.729287
1.547346 -9.154956
-0.107739 -9.039344
-3.001723 -12.879367
0.966214 -16.229408
6.540505 -13.296927
8.418442 -9.049228
8.802499 -8.090541
9.153708 -8.089315
9.104603 -7.259364
8.189538 -8.373850
8.477209 -9.109206
9.883293 -7.502036
10.574215 -12.710044
12.100065 -14.722045
12.150410 -10.182485
12.945017 -3.413540
13.842997 -3.575446
14.899927 -4.869687
14.062936 3.921808
14.951330 0.071105
14.259762 -0.756352
16.049335 8.068351
13.998056 3.461973
15.646309 4.607229
16.786825 0.349251
16.585779 -3.289662
13.445839 -1.753669
13.247164 -3.806690
14.126176 -2.020812
15.468100 -5.191450
12.223488 -7.053807
10.085274 -7.654698
12.062046 -4.962470
11.649555 -6.251814
15.431913 -2.141737
11.743324 -6.167019
15.626050 -10.807248
13.653896 -9.733920
10.392435 -6.688018
7.725144 1.379522
6.208676 1.472918
10.808317 5.785420
11.181954 5.525109
8.576650 6.323628
7.223082 0.327721
7.307319 1.715807
5.126132 1.844905
2.034853 2.275753
2.950087 1.447737
4.015481 1.878393
4.788023 1.314924
6.137240 3.316270
5.256190 1.589915
6.901242 0.995464
3.219400 -4.168993
3.080764 -4.496970
2.953524 -5.830894
2.836129 -4.780340
1.845459 -4.118568
1.576631 -3.449473
1.808486 -2.120293
1.312269 -2.111861
1.378134 -3.547204
2.589202 -4.817941
2.883834 -5.484251
4.453280 -4.265794
3.105898 -5.032046
2.193390 -6.904515
3.605197 -5.330515
2.783774 1.163061
2.538498 2.042529
1.554224 -0.624538
3.430928 1.081644
2.097581 1.086069
1.378188 -1.118874
1.681727 0.180536
7.230950 0.154795
11.710327 3.652135
8.762466 4.882460
7.313530 0.160250
7.178299 -0.079389
6.884788 1.227941
5.194684 1.567053
5.158209 1.580066
7.426818 1.371344
8.798067 1.444549
8.553964 2.347052
8.286542 4.928814
11.153377 4.724592
11.171288 4.281461
9.638445 5.574905
11.765793 3.986092
10.350357 3.646566
15.230603 5.901845
10.075045 4.058076
7.403958 3.793975
8.268776 4.383674
6.222165 3.763514
4.996231 1.195592
1.481676 1.257540
1.975115 1.486201
6.482313 1.679571
7.490856 -0.220566
6.898840 -0.024128
14.508231 -0.944606
10.033522 3.529941
6.985615 1.461654
6.988816 2.950438
7.357663 -1.438501
8.708245 -10.438566
9.431126 -9.451617
11.742535 -8.003799
11.303446 -8.841187
13.251371 -2.791430
13.980179 -3.671276
15.588705 2.440121
15.828094 -0.244467
16.123419 1.786825
13.929818 5.091739
12.571583 4.336861
12.336224 5.044085
12.539564 6.091115
14.020779 5.413766
12.771888 3.751590
9.715091 3.446221
9.361283 3.793540
8.599012 2.953957
9.114258 3.918651
8.851174 1.302290
8.377518 3.056134
8.535269 6.284066
16.187239 4.371469
15.063042 4.064030
12.927786 3.934228
14.151539 3.632864
10.569769 4.069229
10.197855 3.571508
10.554480 4.971339
9.817019 4.490727
11.423078 4.402425
12.900272 4.689736
6.228572 3.290799
5.463487 1.433401
5.783874 1.721983
5.028092 3.031311
4.081459 2.740676
5.517867 3.110429
4.236953 4.336234
6.220084 1.724057
6.217957 1.354361
7.725728 2.512214
5.538282 2.640891
7.349571 1.133842
7.408590 -1.374108
5.147356 -7.113100
9.981976 -6.734520
13.179310 -6.578402
11.751814 -4.919589
6.508636 -6.794628
5.822644 -7.193884
3.057840 -7.180364
6.119009 -4.857563
1.560057 -9.390521
1.642569 -10.255599
8.534534 -11.665443
9.906655 -7.909387
6.851420 -17.117569
12.312084 -17.925629
9.827359 -13.941766
-1.304711 -11.473186
1.315647 -9.394463
0.845087 -11.225631
2.268521 -7.070420
2.494259 -9.470343
8.502035 -11.434583
8.293297 -11.919576
6.363659 -13.613397
10.320343 -18.043886
8.885777 -15.624858
11.046442 -9.232801
8.471600 -9.813037
7.844022 -9.572914
8.683151 -9.846437
9.543388 -9.566300
13.776412 -14.511590
7.199123 -13.355311
0.657848 -14.424031
6.968864 -13.738579
8.297291 -13.368318
5.822974 -5.866818
5.510113 -8.053572
4.863265 -5.436092
8.733468 -9.194794
8.992579 -7.731035
4.757157 -7.125548
3.844369 -7.546597
1.390721 -12.700678
2.560955 -10.224251
1.190889 -10.670602
1.824669 -9.982495
1.261071 -10.249965
-0.289880 -12.299985
1.696587 -13.137784
1.756909 -12.352225
2.405267 -10.360765
2.346843 -9.376012
-0.490837 -9.179806
1.833226 -9.558434
3.742350 -6.902899
6.602952 -8.114364
7.426185 -13.371825
8.592019 -13.285018
8.575768 -11.060983
10.226607 -10.005911
8.292897 -10.999272
10.063814 -12.256836
8.993279 -9.104354
8.083818 -9.673900
8.502226 -10.512043
8.444950 -10.511616
8.075607 -10.784448
8.387355 -7.551117
8.661168 -8.469095
6.279646 -6.890952
3.548225 -8.161479
4.385080 -13.394278
8.133074 -15.255113
7.909309 -14.409715
10.350253 -12.166568
8.196385 -8.870219
8.700657 -10.936135
10.386457 -10.044560
8.742662 -9.304917
8.289080 -10.168575
10.618509 -8.412329
12.094146 -9.094999
12.472267 -8.619696
12.041740 -6.366259
13.203174 -3.344647
11.859838 -5.834093
14.166005 -3.722291
13.450167 -4.608907
12.184765 -8.114255
3.197534 -8.036462
2.741850 -6.719934
2.770704 -9.579993
2.701146 -11.906960
2.558955 -8.752880
1.430612 -6.290185
3.760319 -6.537633
4.774529 -7.228542
8.309532 -13.007473
6.060777 -14.091720
2.305633 -11.927058
-0.062164 -9.816263
1.481578 -11.674373
0.589846 -14.696809
-1.094017 -15.780277
2.798308 -9.127398
2.248088 -8.069226
1.580759 -5.769129
3.637854 -7.659376
11.796460 -6.732144
7.151644 -7.795951
4.549632 -5.774532
-3.712964 -10.716121
-6.517263 -11.636103
0.658159 -13.287322
1.841800 -11.675445
2.049939 -8.521530
8.352144 -8.298127
8.219592 -13.488952
9.004648 -10.593652
9.459227 -12.393466
11.000005 -19.338205
5.071752 -14.189450
6.837897 -13.350551
9.844053 -13.275874
9.214157 -9.938367
10.390903 -9.045454
8.286417 -11.023225
8.291003 -11.834017
10.045386 -11.118262
8.710873 -8.809323
6.841403 -7.102603
10.865764 -7.781830
8.070740 -9.982425
0.759861 -11.211907
0.777182 -9.002789
4.607498 -7.891138
-1.477119 -11.501667
0.218847 -11.286241
0.809705 -13.790231
-0.116887 -11.336467
6.575557 -17.298830
7.690261 -16.249651
7.921421 -12.373057
1.749928 -10.093983
2.622277 -9.659133
0.395902 -10.554931
1.648170 -12.839240
1.116989 -9.832116
1.248577 -9.529676
1.564800 -8.448736
5.951160 -7.574472
10.071775 -7.621609
8.373297 -8.842536
8.087285 -11.429021
4.194243 -14.141559
6.016633 -14.963956
6.675654 -7.665599
9.241780 -11.317434
10.542607 -11.255267
9.867797 -6.775688
5.625793 -7.443943
8.112606 -11.209231
8.562215 -11.060474
10.650930 -13.193088
8.971123 -12.014947
9.664701 -10.581479
7.764874 -15.409981
11.492602 -11.301869
7.871755 -11.885554
8.602954 -9.539664
8.782449 -7.743663
7.381737 -7.192722
9.863898 -8.654133
11.191704 -8.047970
6.005722 -5.172577
5.172231 -4.776417
3.276476 -4.204855
2.880490 -6.430496
2.651097 -9.222651
2.127096 -11.760455
5.906193 -15.041660
3.496272 -14.674457
7.732870 -7.136591
10.372122 -6.883967
8.137918 -8.790284
6.703317 -6.708175
9.700321 -8.656545
11.252825 -14.484876
6.445760 -16.468115
4.776373 -15.721770
9.000449 -9.688746
7.876730 -10.134908
2.775753 -9.854624
7.205369 -8.094702
0.909145 -12.684117
5.727624 -14.905522
8.564995 -11.277403
5.451450 -8.156234
2.246370 -12.647716
2.096195 -12.660319
0.972655 -12.554614
8.736867 -10.484556
7.982686 -9.176448
3.962045 -7.409790
5.528138 -6.773707
5.246092 -8.023874
5.626007 -4.713774
4.631657 -5.533657
6.537793 -7.351888
3.326630 -6.993980
4.994515 -7.695171
7.424789 -7.637547
6.594075 -7.606818
10.679475 -8.153970
10.312324 -7.377844
10.032928 -9.604438
8.322933 -9.141925
10.252847 -7.552798
11.690509 -8.444806
8.652534 -9.579355
12.019990 -7.600698
6.904641 -0.312654
7.267193 0.071135
6.815733 0.014777
6.854442 -0.776434
7.401966 -0.578019
6.984385 0.594872
7.125358 3.144998
4.804958 2.968303
3.652386 2.259168
4.213847 1.441990
7.940363 1.360655
6.317533 1.807802
4.929368 1.436426
3.362358 2.121267
3.614882 1.956829
1.151111 0.766385
0.746349 0.442255
1.837289 1.386932
1.225270 0.395528
1.206452 3.086481
1.010239 0.962886
1.351075 0.173525
4.581796 1.865010
0.446016 1.417824
1.486930 1.296092
3.532018 1.149763
4.817313 1.100176
2.750144 2.735549
2.937385 1.139269
5.347660 1.833128
6.861616 1.083715
6.855770 0.871368
8.230173 3.446415
4.647927 1.633677
6.130190 2.138990
5.435303 1.669812
6.178918 1.079207
8.298795 1.629529
8.112391 1.498868
8.927994 2.647606
8.032072 1.982391
8.813502 2.929163
8.386977 1.499010
9.719803 5.373368
7.890347 3.879726
9.843565 4.210306
10.305400 3.429289
10.154869 4.208716
5.890239 2.896283
7.644511 2.088346
9.234976 4.688506
14.967937 3.364072
15.308263 3.518969
15.377960 2.936124
13.211315 4.208159
11.103472 3.489930
14.993706 4.670024
16.116356 2.526276
17.654461 1.049631
17.814335 -8.651761
13.139732 -5.828125
14.824494 -2.015213
14.846939 -3.048979
15.505966 -2.784631
12.108503 -8.079259
14.789959 -4.669435
15.783265 -1.140623
11.364610 -8.822821
11.277927 -8.379601
14.059476 -6.621710
12.726665 -7.383325
9.715508 -10.456380
9.173818 -8.936925
6.190910 -5.911705
3.331069 -5.010619
0.707390 -4.290498
1.787891 -2.995933
7.147608 0.783418
8.786079 3.190306
6.937803 1.800488
7.002312 -0.402157
4.272244 -4.340151
4.259924 -6.944153
9.028423 -8.039562
13.819418 -6.998842
13.961856 -5.993883
8.350104 1.419899
8.571308 1.273083
6.789793 1.445250
7.807145 3.117818
8.803239 1.424986
7.253005 -1.595670
1.130608 -1.993998
1.220517 -0.172173
3.254245 -7.175127
3.919631 -5.779277
6.227936 2.172058
7.472787 2.083807
6.962847 -0.103429
7.370683 -0.476738
6.883825 -0.081110
1.777753 1.302641
1.411095 1.806461
0.657417 -1.498924
1.399058 1.092568
4.200388 1.084216
5.961867 1.111000
4.849042 1.882783
5.305444 1.177358
6.853165 -0.430863
1.774013 -0.542696
0.478821 1.614467
3.365070 1.230989
1.079836 0.259615
1.017371 -0.064614
8.833982 1.485324
7.986065 1.896676
7.296537 1.592342
8.491521 2.450085
8.638130 2.707831
6.872393 1.536101
8.668440 1.879922
8.626181 1.667518
8.236221 3.122644
7.096333 3.338058
7.428730 2.517188
7.781820 5.266050
9.087937 8.162684
11.924203 14.608169
