-14.501679 -8.048938
-7.310922 -7.667147
-4.723401 -6.550455
-2.694903 -4.223224
1.078374 0.425371
1.698451 -0.449730
0.918240 0.089030
1.436042 1.361800
1.135962 1.255923
2.268302 1.143477
0.927446 1.003306
0.725244 0.827990
0.849861 0.945898
1.321169 -0.382595
1.176565 0.198575
1.696481 0.021369
0.953669 -0.014463
-0.024013 -0.252724
0.303949 -0.037384
1.091759 -1.379693
-0.030876 0.209467
1.178155 0.836813
1.981818 1.598705
2.353034 1.128909
2.168382 1.169195
2.634804 1.109485
5.410919 2.139079
9.510325 4.319489
