17.014822 -10.130906
12.677967 -5.240923
12.706394 -6.881295
14.077810 -11.614615
13.133718 -13.235848
11.716815 -13.518292
10.040276 -12.858607
12.110865 -14.994558
13.645706 -11.870657
9.758011 -7.150424
8.404547 -7.604854
11.087710 -7.601329
9.730022 -7.714749
8.637718 -9.945195
10.784313 -10.307663
12.838312 -4.293046
13.188727 -4.837077
8.932203 -10.242192
8.578961 -9.580400
8.664650 -7.652544
8.985388 -8.320593
6.066169 -6.977704
5.242105 -5.508737
5.137394 -6.055193
5.536249 -7.742475
5.584461 -6.812252
5.240970 -4.427112
9.527916 4.365386
8.411462 2.322972
9.087166 1.676625
5.736406 2.945953
6.273618 2.365184
7.597377 1.874400
7.507528 2.906126
8.828944 1.906872
6.846387 -0.959719
6.916592 1.453045
9.023985 2.525264
6.915455 -1.544468
6.959641 -0.162714
2.856689 1.625128
2.204802 1.623024
3.243601 1.547476
1.761798 0.841611
0.676778 1.136891
1.710950 1.907455
1.674175 -0.389001
3.065874 -6.478382
3.658459 -5.007595
6.249892 -4.015600
6.016387 -5.933528
7.048511 -7.670747
9.202469 -9.093690
11.024516 -9.417727
8.287374 -10.027784
8.580656 -10.881066
11.912423 -12.193065
11.448179 -10.330039
8.168825 -9.244937
9.735808 -13.274400
7.742522 -13.713183
8.967355 -7.796583
7.874904 -7.714447
5.488122 -6.888006
8.993685 -7.225973
5.744935 -7.849267
6.356304 -4.402048
4.730800 -4.397604
2.183426 -9.331304
2.034158 -11.315588
2.300765 -6.177557
5.713604 -7.587848
5.994095 -4.340218
5.428918 -6.652271
10.862891 -6.891334
10.384165 -6.962831
11.625725 -12.596487
10.982591 -14.303441
8.643712 -11.186046
7.945170 -11.102506
0.916713 -10.870904
1.383656 -11.809531
1.138404 -9.065045
-1.566009 -11.011896
-0.018962 -10.736646
1.015791 -11.063519
2.323691 -9.465129
3.499192 -13.266438
5.992175 -14.904562
2.914137 -14.698480
2.261704 -10.755683
2.216811 -8.279647
2.048802 -10.126519
6.176155 -8.188759
2.596079 -9.002537
2.200409 -10.591592
2.216429 -10.379029
5.147545 -14.772420
6.216257 -15.668073
2.417479 -9.440206
5.988855 -6.210327
5.774964 -7.886512
6.083042 -7.571071
4.844306 -7.990634
1.792022 -8.218410
2.394680 -8.884658
3.216219 -13.869559
5.486535 -14.191548
4.009534 -14.416547
1.728854 -12.054305
3.860096 -13.350195
8.010796 -15.351522
6.466228 -13.517261
7.779703 -7.098693
3.507466 -7.891587
8.107045 -10.539554
9.082756 -9.912197
8.088861 -10.986363
8.192116 -11.497878
8.176710 -10.974982
1.192971 -10.384257
-2.670650 -14.400982
7.961073 -11.313770
5.292665 -5.420713
0.839695 -9.158961
2.090005 -9.059157
4.227259 -5.988599
4.229359 -7.436177
4.075704 -5.975194
5.882856 -5.967979
3.073423 -8.188245
-1.079840 -10.123965
2.240054 -9.748149
2.327579 -10.209655
1.960337 -9.133651
1.874254 -8.644193
0.236393 -10.490739
-2.943165 -12.625247
3.679513 -13.354177
1.989658 -15.117493
2.801161 -12.393651
2.070277 -9.971325
3.020818 -7.745636
0.987257 -11.523026
1.182637 -14.697692
8.438588 -14.154439
1.647886 -15.042403
-0.940385 -11.802436
1.055166 -10.950064
1.962694 -9.566264
-0.183344 -9.758162
-0.818605 -9.961415
4.736466 -7.053329
6.269687 -7.661976
6.662616 -7.399212
5.925578 -5.684076
5.209749 -4.778624
5.443331 -5.766760
5.106043 -7.355214
10.647058 -6.957522
10.980155 -8.576181
6.788157 -6.731816
9.384948 -10.014756
8.962868 -8.675535
11.210296 -9.597926
10.380070 -12.127602
9.458343 -7.900064
4.035610 -7.158178
5.799514 -5.419464
4.150106 -6.443056
4.416089 -4.774794
4.188553 -5.868123
3.264972 -6.563775
4.140820 -4.023784
2.220093 -4.734497
0.600379 -6.804130
1.271493 0.645998
1.693820 0.562296
1.515352 0.561659
0.443148 -0.328107
1.219596 -0.768011
0.111534 2.237591
3.662385 1.707644
5.550427 3.505331
3.429997 1.651583
3.349191 1.771237
3.327734 1.540795
6.119489 2.727123
8.625582 5.360371
11.664772 4.923684
11.314236 5.646281
14.927667 7.235039
14.647207 2.559614
15.021854 0.265728
14.342890 3.352551
13.117846 5.373986
10.838270 3.508179
11.153916 4.426635
10.744940 4.100742
7.594678 6.161718
9.062817 2.876970
8.875278 2.338029
8.156300 2.001478
8.782752 2.246611
7.475553 1.306282
7.284060 1.699466
8.008177 1.308257
5.604362 1.394534
6.835670 3.319790
13.576397 4.979172
13.757542 4.316860
11.741274 5.951581
9.498404 5.606388
13.359268 6.274591
11.221576 5.034523
11.925594 4.710469
12.415452 5.905725
9.740960 3.428769
9.563106 4.436337
10.473322 4.208892
12.603921 3.620509
12.104465 5.032227
13.432091 3.784640
11.703362 4.778338
10.085316 3.665306
7.468969 1.719608
7.102346 3.013278
9.663809 3.737298
6.642227 1.611081
7.417626 -0.559755
6.938254 1.053200
5.256167 1.492218
1.720375 -1.653612
0.455529 -0.385257
0.017792 -2.038342
1.693201 -1.240996
1.309309 -1.129191
0.562445 -0.409055
-0.386152 -1.244534
-0.222903 -1.988984
1.293468 -1.141475
1.625026 -1.415012
1.338436 0.320161
0.670935 2.043727
2.853808 2.030968
2.407452 2.364242
2.833064 1.648046
3.332333 -5.628817
7.419891 -7.034951
5.240360 -6.607967
11.726273 -3.807004
12.109251 -4.431470
6.416087 -4.586791
9.058180 1.859571
8.973788 3.071181
8.471298 4.924968
8.913935 3.178950
8.509980 4.962305
7.695256 1.521074
11.758186 5.605014
14.384908 1.172108
6.443251 2.288541
8.859970 2.341129
8.784689 1.909048
8.923468 2.678043
11.778673 4.573705
8.696887 2.847965
6.639366 3.753030
7.831070 3.638702
7.436270 2.434265
9.929685 4.589750
10.697798 5.214175
9.180338 4.208020
9.950993 4.353666
15.207270 3.201141
10.419252 4.193271
8.554098 3.358153
5.447892 1.123810
5.615554 1.526992
5.592761 1.098332
4.719488 1.150586
8.939330 1.283126
8.862303 1.614669
8.752867 2.172028
6.972697 2.681726
6.180782 1.106757
7.976621 1.377866
8.384024 5.825988
11.420731 3.586087
8.370739 4.805221
6.847946 2.649612
9.052777 3.018238
8.592985 3.604143
11.886395 7.747263
11.869494 6.169769
14.305678 4.707016
15.571959 0.723942
15.238569 3.965342
11.951355 4.364377
11.963184 4.683095
8.825538 5.156216
7.199077 0.817738
6.020406 2.733340
8.630143 3.924496
10.783741 4.409769
9.955971 4.576510
8.850525 4.060336
8.647669 6.126709
8.168162 1.973202
8.757099 1.881099
8.697979 2.654788
8.904078 2.338433
8.977781 4.063924
9.689831 5.390135
10.112667 4.224218
10.973516 6.976281
9.634907 6.714674
10.930704 4.925912
9.573561 4.774566
14.155424 4.911936
13.423679 4.211418
10.467359 7.813870
10.559439 5.763302
10.254512 6.437636
6.174497 1.618614
8.935674 1.964943
8.770653 2.451875
9.056955 3.686511
-1.920767 10.214659
-6.599870 9.708479
-12.236757 13.730016
-15.213123 18.438232
