0.927466 -7.725780
4.807703 -5.532898
5.898931 -4.555323
1.839146 -5.499140
0.580925 -2.377869
1.103677 0.303869
0.955730 1.415521
1.495870 0.126580
0.298299 -1.437447
0.791555 -0.843900
2.297595 2.010335
3.476776 2.248961
5.230526 1.406954
5.442685 1.957057
6.215136 2.516178
3.380716 2.371770
4.891799 1.429059
9.943207 4.444376
10.145587 7.544152
7.718079 1.481218
5.708900 1.434584
6.594847 1.226461
6.664155 2.389507
5.932719 2.990740
8.309995 2.958717
9.921638 5.160778
12.312081 6.415512
16.565777 2.232040
