5.305942 -6.759437
5.471204 -6.440497
4.405997 -6.024887
4.483762 -6.857974
6.351871 -6.150932
5.808795 -5.698909
6.095917 -4.950403
-0.450895 -5.810310
1.668434 -4.595564
6.143059 -5.843969
3.277312 -5.494746
2.197457 -5.675175
7.161748 -7.061522
7.357721 -6.813226
9.225611 -11.179685
10.716692 -8.719998
5.836078 -6.825958
8.742798 -7.133218
6.487480 -7.077162
5.732811 -4.231606
7.032168 -0.825205
7.055084 -0.019300
6.894985 1.221240
7.392883 -0.593028
6.844012 0.145118
6.256273 2.266708
6.732331 1.216123
8.151627 1.743360
6.394483 1.199897
5.548351 2.090073
5.160002 2.049083
5.319073 1.502829
7.113215 1.553014
5.546264 1.255279
6.646408 1.542208
3.817346 1.500931
2.867832 1.323245
3.102793 1.311176
1.533119 1.574424
1.437492 1.471970
1.473332 -1.695918
-10.714978 15.253257
-15.472544 17.178690
