-4.555860 19.115210
-4.076140 7.510359
-7.270726 7.002235
-6.378746 6.534530
-4.832047 6.161467
-4.176122 6.329587
-2.913650 6.739361
-1.944406 4.349494
-1.667735 2.181351
-2.853071 2.915403
-2.940210 4.140275
-2.190794 4.375604
-2.996628 4.447219
-2.627139 4.342400
-2.549524 4.581151
-2.433515 2.482570
-3.921709 -1.169811
-5.551694 0.293126
-6.630858 -0.720692
-9.091514 1.548696
-8.146363 -1.698994
-5.363969 -0.462204
-4.476346 0.511746
-6.423460 0.354695
-6.923499 0.219381
-6.554020 -0.927889
-7.866394 -2.022028
-8.553001 3.388711
-9.127482 2.851456
-8.472593 0.333913
-8.823350 2.498134
-8.700564 2.351151
-8.232010 0.529520
-8.929379 0.224185
-9.159662 2.850145
-13.057739 6.170416
-12.331459 9.921403
-8.598777 8.927991
-11.292488 11.244723
-9.893376 10.622456
-12.759542 9.336963
-14.486755 8.039121
-12.040554 8.960725
-8.552238 8.895698
-10.726687 11.350455
-6.376368 7.055832
-1.505072 5.532289
-2.548815 3.261739
-1.740170 5.203377
-4.976539 8.399590
-6.169473 6.304717
-1.498285 5.853458
-1.546320 4.747321
-0.471694 1.916229
-1.808984 2.883174
-0.497637 1.869859
-3.042553 4.685935
-1.527758 3.837318
-2.166770 3.684305
-2.831386 4.112409
-0.747238 3.672891
-3.675598 6.707409
-2.062044 5.690736
-3.009619 4.548511
-2.150063 4.873883
-2.931345 5.162121
-2.317384 5.118073
-4.573221 7.279462
-2.377903 6.603951
-4.062407 6.669633
-4.159505 6.346411
-5.939566 6.844441
-7.873682 6.721282
-7.736255 7.299235
-6.041838 7.444776
-6.236157 6.088191
-7.067633 8.404483
-4.994641 8.061727
-7.096169 6.060747
-7.907632 6.239270
-8.939177 3.265041
-10.615038 0.636462
-10.916271 2.871906
-8.214174 3.283762
-8.197309 2.848086
-10.499006 2.104122
-9.525897 2.920657
-10.625463 2.162405
-9.567764 2.302142
-9.978893 3.390936
-8.642943 3.009213
-9.219087 2.072503
-11.262120 2.597007
-5.945868 -0.409267
-6.524582 0.207973
-5.787707 -1.516391
-4.648060 0.698500
-5.889263 -1.180872
-7.620624 0.402708
-11.167640 3.131932
-8.582211 2.086096
-7.304476 7.500451
-5.363572 10.150022
-6.322397 8.450679
-7.179171 7.933883
-6.755632 7.060008
-6.820410 9.432580
-14.024479 10.950686
-10.083251 9.013005
-11.015606 9.285456
-9.264973 9.621896
-7.239797 9.770226
-7.344430 6.767580
-10.543195 10.723872
-7.158834 10.106111
-12.940789 11.257216
-13.102299 7.596987
-13.862061 4.567406
-11.799651 3.373462
-10.353318 0.894761
-8.953962 2.522287
-6.280169 6.534359
-4.348382 7.536202
-3.978413 6.460061
-4.288945 6.271009
-4.221100 0.085570
-8.477535 0.112805
-9.137461 1.445634
-9.271183 3.431415
-5.622342 6.114440
-4.972075 7.000022
-2.351735 6.726236
-3.119329 8.478783
-5.381046 6.850840
-3.849069 6.228452
-1.984473 7.285655
-2.101781 5.142788
-2.667160 5.655726
-2.259686 4.934510
-2.598443 5.348114
-2.263884 1.776704
-2.948647 2.525053
-2.910814 2.553988
-3.348628 0.782183
-4.806049 -0.815080
-3.771323 0.377882
-5.403088 0.278408
-5.411854 6.422537
-6.031474 7.689043
-4.637409 8.251746
-8.214386 2.514984
-6.479065 7.971476
-6.218469 8.585487
-7.766931 6.077582
-7.871261 6.173481
-6.900162 0.817104
-4.430383 -0.855696
-5.558517 -1.672376
-11.068707 3.288052
-10.868993 2.536941
-9.260645 2.513821
-8.669326 0.304146
-10.392395 3.095184
-10.060560 2.659107
-7.942008 10.160484
-7.183666 11.498053
-9.246866 8.993295
-9.793679 9.796122
-11.087988 9.053944
-7.951997 8.730619
-6.723447 7.737577
-8.861773 1.412810
-8.446695 -0.111200
-7.057585 -2.052929
-7.478361 6.392055
-9.983850 9.790550
-13.074866 6.762393
-17.896330 8.080950
-12.249846 11.027220
-10.606969 8.920148
-12.389400 11.339911
-10.051379 10.445615
-6.963963 8.347166
-6.783517 6.600418
-6.431249 7.311544
-3.149859 7.329804
-1.361587 3.214549
-0.703975 2.728236
-1.463001 3.027547
-2.842690 3.398244
-2.247680 1.165341
-4.250592 0.006138
-2.410052 1.229652
-1.244651 0.765865
-3.159487 1.785386
-2.670862 3.592044
-2.671131 1.643830
-2.560270 2.930361
-2.722554 3.122828
-1.863998 4.476434
-2.153109 4.080064
-1.596362 3.508732
-7.429766 0.350270
-4.908245 -1.446237
-4.899754 -1.439684
-4.305503 0.120277
-3.887690 -0.704388
-5.835709 -1.915705
-7.744917 -1.230800
-8.427489 0.138555
-9.351437 3.404654
-6.018943 6.402029
-5.303480 6.114398
-7.749894 7.166251
-5.144742 6.338871
-7.198893 8.338869
-5.209742 8.579954
-6.048574 8.152978
-6.673168 8.451444
-7.529923 7.076505
-7.522690 7.097845
-7.319028 7.157156
-7.698826 7.531291
-6.782132 8.879980
-9.298735 8.830381
-10.067752 8.502892
-6.298493 10.597997
-5.061539 8.112194
-10.180903 8.949609
-8.322037 1.810620
-9.820894 1.981502
-9.216802 2.906797
-11.461307 -0.884552
-6.260876 0.000525
-7.395719 6.954938
-10.264256 8.958764
-7.899046 7.882255
-4.817047 6.131054
-13.467716 6.849108
-13.037867 7.836970
-7.943613 6.654131
-13.398262 8.770908
-10.774051 12.271969
-12.577836 9.145717
-13.447691 7.343593
-8.889828 8.917701
-6.676926 7.474886
-6.790702 6.255769
-7.224813 8.275688
-7.312407 8.148174
-7.488653 7.862227
-7.822721 6.886173
-7.515403 6.822988
-5.917858 6.009079
-7.371100 6.964087
-7.657486 6.703923
-5.527635 6.930115
-7.931808 7.074489
-6.068412 6.390142
-7.539724 6.608787
-5.179081 9.855417
-11.428657 8.743841
-9.546361 10.375245
-11.753803 9.447741
-10.075056 8.854912
-8.401534 8.879022
-5.490465 7.963711
-4.511930 8.767737
-7.634071 6.949434
-7.620059 6.547448
-6.522394 10.685181
-8.679558 11.236118
-8.374394 11.362704
-9.786704 10.810399
-7.187242 9.587066
-7.151335 7.504939
-4.997773 6.647256
-13.297632 -0.942138
-12.364612 1.667397
-8.891481 2.005130
-9.174124 1.998476
-9.023053 0.970985
-7.335738 -1.294368
-8.372274 -2.317487
-6.634459 -1.161634
-9.369233 -0.774881
-4.362359 -0.500955
-10.606828 1.679125
-9.213462 1.309909
-8.229540 1.731340
-8.243568 0.770282
-4.442409 -0.432130
-4.407574 0.862700
-4.800819 -1.242162
-3.785228 -0.762797
-1.453887 0.290664
-2.158252 -0.226529
-5.031111 0.921732
-6.381442 0.613708
-7.769117 -0.111242
-9.447285 1.912152
-9.686238 2.009698
-8.992608 3.391502
-8.580226 2.283321
-7.645527 6.218204
-7.649740 5.989168
-6.516386 7.647720
-5.779267 7.266846
-6.974432 6.858550
-6.746061 9.575768
-6.452696 7.886541
-5.473166 7.269660
-5.528802 7.826312
-7.678148 8.226142
-5.764284 8.718330
-8.513618 10.933788
-7.508315 6.795974
-5.660216 9.090970
-7.043801 6.770867
-7.776258 8.125732
-6.274271 9.374327
-9.199745 9.395841
-6.627334 10.518697
-7.903208 6.162695
-7.125665 9.718863
-5.816254 11.988660
-7.061397 10.399633
-7.319457 8.141341
-4.790238 7.382718
-7.246474 7.732256
-7.113009 7.072236
-7.781732 6.190999
-8.075138 8.561228
-10.131301 10.606365
-7.656809 10.274071
-7.886148 7.533781
-5.240027 9.366458
-7.226466 10.281043
-8.357366 8.928254
-7.483273 9.669614
-8.428512 8.652402
-5.831833 8.555878
-7.775546 7.469327
-7.921456 7.168833
-6.715868 7.346287
-8.107399 9.425694
-12.233783 9.207925
-10.229782 10.301052
-3.224206 5.966538
-6.533385 6.064821
-6.943814 8.237097
-5.393210 6.300909
-6.291023 7.872972
-6.605311 10.006213
-13.800763 6.372406
-15.412284 6.680843
-13.157125 6.828803
-13.221363 8.372443
-9.635392 11.304043
-4.936369 8.912339
-6.776582 8.284134
-7.531888 8.080035
-4.860272 8.178287
-4.287232 7.122573
-6.103440 6.658393
-10.262634 1.742520
-11.406260 2.388224
-8.920326 1.592234
-9.094774 -0.784825
-9.714982 2.310122
-8.968066 2.298486
-9.493998 3.188925
-8.662043 2.854302
-8.865078 2.982786
-10.136931 0.018715
-5.739728 0.370644
-6.351973 -1.666408
-10.619486 -4.936733
