0.605288 -17.891237
1.846938 -10.935840
1.882127 -10.115952
2.501769 -9.894677
1.044594 -12.040942
1.332399 -12.101979
1.495844 -13.150336
0.375966 -11.950438
0.724494 -12.423423
1.923967 -14.498713
7.149215 -13.467550
5.127083 -14.049859
3.993148 -7.450504
2.340525 -7.828995
7.882389 -11.758691
10.745688 -12.294438
6.116572 -7.743535
4.075316 -6.605547
1.946825 -10.728730
1.844628 -9.799107
2.302426 -6.825916
4.201996 -6.855018
-1.130712 -9.921955
-0.633207 -8.200818
1.284550 -10.581308
1.383712 -6.853219
6.170522 -8.002961
7.407213 -7.931272
5.191251 -7.739621
3.632964 -6.910133
-0.467193 -10.062732
0.584355 -11.159596
2.335855 -9.133397
2.638232 -12.060760
1.672711 -12.158484
2.065020 -9.154010
1.744507 -9.267817
3.465697 -7.483706
4.894461 -6.826871
3.760525 -7.961349
5.470878 -6.821846
2.044647 -8.875982
2.144401 -10.301723
1.833236 -10.451674
2.492515 -9.135371
2.578415 -8.370527
2.203783 -5.947704
1.466871 -8.397017
0.244406 -7.541813
9.349465 -10.944218
6.652211 -7.881217
5.132443 -4.741241
2.870085 -6.448611
5.285224 -5.239515
4.127232 -7.677572
6.030825 -5.520942
4.861372 -5.346385
2.808194 1.505065
0.999515 2.169516
6.426405 2.198978
8.915878 1.283198
7.740385 -1.962475
9.333912 -10.021082
11.076786 -11.676536
8.291609 -8.664049
8.203337 -10.839610
7.813179 -15.335648
9.598599 -16.357454
7.460277 -15.225982
7.883194 -12.146091
10.690813 -16.145451
8.610201 -10.416400
7.857575 -10.283264
5.515362 -5.491057
3.281309 -6.812770
2.269059 -8.232654
1.024043 -8.125983
5.495187 -7.505498
5.635671 -6.192106
3.451561 -6.786780
3.330663 -6.086223
1.719357 -9.459058
2.708977 -10.312590
2.244694 -11.440322
1.504406 -13.080367
1.394833 -9.304229
1.001868 -11.728674
-1.004892 -8.159638
2.084473 -10.406743
1.765564 -9.550830
0.005537 -10.299711
4.617031 -18.045444
5.756569 -14.631888
7.803364 -13.634053
9.869925 -12.100276
8.171144 -12.177763
3.513435 -14.154567
3.741378 -14.144731
2.022269 -13.148075
2.464669 -12.234540
0.970728 -10.799516
2.121762 -10.122752
2.634258 -4.558625
2.714457 -8.132590
-0.828346 -12.424805
-0.332083 -11.595136
3.872224 -13.664124
-0.289598 -12.565587
2.078461 -9.801950
2.700592 -10.853381
0.679077 -9.450058
-0.839617 -11.104922
3.911763 -15.087882
0.862835 -11.500852
1.406034 -9.533420
2.742129 -9.554581
1.690948 -10.713681
1.015861 -9.882009
2.080819 -8.414218
2.753666 -7.309597
4.223862 -4.510828
4.462070 -7.097083
5.623913 -7.770380
5.060772 -7.224527
1.963708 -7.644956
0.209745 -10.001870
-0.254620 -14.383943
2.145504 -9.070254
0.869968 -9.235948
2.075902 -10.357755
1.984815 -10.785794
2.335141 -12.791132
-0.375498 -9.619649
0.829600 -8.984660
0.802215 -12.036211
1.391508 -12.360014
-1.396154 -10.178941
0.693834 -12.364070
-1.031988 -13.975437
3.666197 -13.225136
4.636075 -15.517432
0.923464 -14.108342
1.617071 -10.207242
1.053205 -9.601068
1.171423 -10.726483
2.681118 -12.378879
10.583786 -11.174155
10.791865 -9.714164
7.934046 -11.692149
7.871583 -11.541924
3.505210 -7.214538
5.266837 -5.539404
4.284867 -7.945612
3.165731 -6.839334
0.513394 -11.705501
-0.037823 -9.533682
2.079522 -8.648030
2.211097 -11.445178
0.311915 -9.756497
-0.585878 -12.921220
0.197888 -14.026704
2.184640 -9.777693
2.622762 -9.915562
0.300876 -8.020237
0.602158 -8.538016
1.317923 -8.372237
0.355380 -9.992515
2.778464 -9.098987
0.288602 -9.201264
4.564143 -7.366072
-0.001866 -6.337590
1.929736 -9.521169
2.775017 -9.295066
2.647956 -10.591441
1.407080 -9.844172
1.993872 -9.088965
2.508863 -10.709067
1.654528 -10.173205
2.527970 -10.515481
1.942155 -9.498931
5.293139 -3.964791
3.603537 -5.740187
4.332111 -6.274951
3.920233 -6.725993
5.929020 -5.517968
4.201259 -8.084126
4.658405 -6.699969
3.923249 -5.339802
4.250127 -7.282187
4.634510 -6.564525
1.213422 -9.586905
2.220727 -7.861613
2.473334 -8.785380
4.254482 -5.461061
5.351625 -7.351882
5.005308 -6.924515
2.880006 -6.272998
5.013536 -6.075851
2.228975 -8.756559
1.524484 -10.747055
2.602970 -11.255070
1.666504 -13.352298
4.826291 -13.888427
8.691280 -17.352390
9.645439 -17.760212
9.137312 -10.983481
8.754737 -8.797523
8.444099 -9.468602
8.363420 -7.975006
5.674232 -7.929998
8.269619 -8.018054
9.564761 -10.025971
7.800619 -13.372703
3.591465 -13.221917
10.891951 -13.809331
4.494225 -6.136851
5.520365 -6.991921
11.772150 -4.259082
12.154174 0.641678
9.833849 -0.063409
8.246641 -1.101666
9.192828 -2.493695
4.723671 -7.461555
6.395517 -8.041566
8.144073 -8.216472
7.454988 -7.870361
0.626482 -11.150583
3.000120 -7.658599
2.606435 -9.662242
1.783383 -10.308858
1.976941 -7.023370
5.959578 -6.057434
4.309594 -8.028339
0.928623 -8.017999
0.437813 -8.730842
2.794176 -12.877205
2.829167 -12.715234
1.588906 -11.992583
2.750299 -8.291558
3.977894 -6.743998
5.256236 -6.438846
2.922688 -5.760847
3.859184 -8.198449
4.412099 -7.469077
4.706869 -7.142202
-0.074156 -7.565661
-0.134161 -12.195433
3.633244 -14.619416
7.331758 -13.266138
13.548008 -15.260404
9.042176 -11.606330
8.215439 -10.961507
8.637121 -12.615432
8.030540 -13.151858
2.824208 -16.424341
2.418114 -12.440188
1.830321 -10.924773
2.272727 -9.307714
3.250319 -7.032922
2.489832 -7.850938
6.826225 -8.147506
3.057639 -8.177212
0.370773 -5.763672
1.502461 -8.428302
1.148774 -5.301567
0.488584 -4.847365
3.402883 -7.635094
2.490524 -6.886301
1.371193 -9.229182
1.658153 -9.880992
-1.747153 -11.025149
8.020125 -10.800746
10.008348 -9.088549
8.308369 -11.353883
8.095611 -12.498004
8.033566 -11.110620
4.315073 -8.082203
3.004881 -7.379907
2.153744 -10.142830
1.307914 -10.415194
5.892881 -6.709505
8.604766 -7.981573
8.347506 -11.691560
4.970132 -14.115518
9.702944 -15.637424
8.525795 -15.104988
8.194794 -12.259739
8.060817 -8.687810
8.321678 -10.649598
0.945694 -4.759638
1.745059 -7.445421
3.259130 -6.972011
3.594797 -7.314546
0.768805 -7.500041
2.068848 -10.486543
0.937240 -10.382913
1.086024 -8.869227
-2.596038 -11.537109
2.068970 -9.976258
1.688326 -9.560243
3.299639 -7.505018
4.790754 -8.021260
3.152072 -7.951541
3.883249 -6.814391
3.566221 -6.289183
2.466800 -5.672820
2.930566 -7.003829
3.654639 -8.180022
5.286127 -7.934623
0.816817 -8.772844
-0.368721 -10.399283
1.153985 -10.854200
0.980602 -11.037206
8.448614 -10.161440
9.014671 -11.308860
8.658304 -11.455516
8.080317 -12.320149
8.467173 -13.219722
10.846593 -12.534308
2.126600 -8.786397
0.744939 -9.024051
4.684386 -8.145249
3.003581 -7.086711
1.443129 -9.578291
0.243478 -11.521031
2.065313 -12.653605
1.356128 -7.459218
8.909350 -8.069799
10.085039 -11.475760
11.319352 -12.311837
8.100260 -9.503881
10.733354 -9.170033
12.376564 -5.585515
10.323361 -0.704237
10.136786 -1.857771
10.583033 0.309437
10.433523 -2.740729
9.574600 -1.710199
7.496944 -0.451472
4.704570 2.717117
5.415399 1.832544
6.945077 0.986102
4.870896 1.256936
4.339004 1.751401
5.265920 1.156743
5.660253 1.358824
5.063054 2.019348
0.832090 1.023659
3.139185 1.908837
6.004458 1.867178
9.609631 0.833444
7.538815 -1.467250
8.431282 -0.324669
7.274069 -0.215906
8.131246 0.717088
7.337540 3.170562
3.966701 1.490147
0.030105 2.237478
4.111063 1.211180
0.208560 0.970902
0.544258 -1.334944
1.217570 -1.286326
1.194627 -3.464136
2.430252 -4.133914
4.507608 -4.175548
2.093649 -3.946584
4.502467 -4.297015
4.930684 -6.885502
4.933589 -4.989750
6.056036 -6.773655
3.253685 -7.267437
4.383658 -7.155785
5.746826 -6.214038
5.111318 -7.872622
6.669769 -7.908637
4.370258 -7.957421
6.718760 -13.918392
5.698426 -15.146523
1.186281 -12.309098
0.426248 -12.396207
2.240566 -10.652942
0.563685 -11.929859
2.239451 -9.729073
2.263667 -11.223768
1.867272 -9.435019
2.435758 -9.021241
2.586325 -12.093223
7.997953 -13.458755
12.069674 -16.772692
6.455037 -13.938472
12.642008 -18.252180
8.759674 -12.683366
8.379065 -12.010981
8.119383 -10.493154
7.984351 -15.226963
4.752334 -15.574929
8.583019 -13.066140
8.599723 -9.143683
7.891751 -9.338275
9.200841 -9.260716
5.499167 -6.634849
5.676126 -5.814049
4.460340 -5.088550
2.012058 -6.033202
4.415207 -7.106313
5.852519 -4.756148
4.449615 -4.798103
2.198907 -6.282673
7.166283 -7.839545
7.186532 -7.898818
5.812649 -6.881351
4.653509 -7.877979
2.184283 -8.944025
0.661265 -10.551538
0.708524 -8.062375
5.558692 -6.615220
5.578162 -5.530228
3.458429 -7.590913
0.497647 -10.048591
2.161974 -9.820756
1.411143 -8.909804
4.703348 -6.661454
5.675048 -6.718930
4.522220 -6.926067
3.535603 -7.379772
2.815257 -5.920490
3.148938 -5.781047
4.007650 -6.087349
-0.103793 -12.298827
-0.479662 -11.051128
-0.373734 -12.042215
0.311526 -9.389392
0.830200 -8.374136
4.288728 -7.832183
4.157130 -7.376333
2.401404 -9.493163
1.894206 -8.067434
3.309657 -14.065026
7.403899 -15.154099
10.195508 -8.454968
9.434119 -12.209590
8.633993 -9.933323
5.499176 -6.918088
8.894718 -8.640910
9.770546 -2.284625
7.305082 -1.742962
5.080908 -7.645036
0.216460 -10.572337
-0.566734 -9.637845
1.272211 -12.259786
2.768211 -9.230029
0.623783 -8.662974
3.536013 -7.750053
8.963193 -8.802400
4.162156 -6.001915
8.191341 -1.720750
8.839394 -2.584723
6.861623 -2.611071
6.316176 -8.083706
3.970281 -6.896116
4.586187 -8.140335
2.472280 -9.727420
7.137589 -13.541324
8.724705 -11.696599
-0.198081 -9.359941
2.650231 -10.618544
1.914078 -9.104596
5.899692 -8.113549
8.992136 -9.363916
14.193191 -6.385751
10.378041 -8.423078
9.995770 -11.676649
12.250935 -7.578719
11.643652 -4.716964
10.062242 -2.221295
2.449998 -10.054406
2.594088 -11.005590
9.031507 -8.787749
11.417839 -9.755833
7.416952 -7.824401
5.713981 -6.559598
2.374414 -9.146371
2.579328 -9.470284
10.110233 -9.733379
9.625467 -10.129473
9.628758 -13.018280
12.371189 -9.068475
10.291360 -13.046999
5.059661 -13.216544
9.223929 -13.876946
8.136478 -7.837135
8.280733 -8.328564
8.435230 -7.848916
8.542948 -8.327796
9.074764 -9.085011
8.680326 -8.735916
8.835266 -8.451095
4.936633 -6.560184
5.106237 -5.372379
2.442579 -8.166318
5.527936 -8.021649
2.010119 -9.830851
1.720883 -9.814532
2.693694 -8.385662
1.939533 -10.506152
2.824092 -9.681833
4.024793 -7.147558
7.760139 -2.581368
11.729197 -2.319184
11.232088 -7.273762
12.635828 -10.863660
9.887508 -11.268217
11.300513 -10.880257
8.655618 -9.545547
9.334877 -9.009341
10.510944 -9.200677
9.753279 -8.139383
5.889807 -5.988980
3.838469 -4.020420
3.372464 -6.948359
3.266557 -5.354296
3.977843 -6.530103
3.605465 -6.948390
1.728681 -6.604193
3.893603 -8.171383
2.603348 -7.595871
0.539892 -8.655506
1.212781 -8.363231
1.411781 -11.415845
1.236487 -8.683971
0.185264 -8.306966
3.694009 -8.007506
6.568427 -8.114636
3.645369 -6.445416
4.109840 -5.098795
8.115622 -12.096151
11.740289 -10.003633
12.563073 -12.181277
12.172224 -13.169105
11.391306 -11.646528
11.429797 -12.120934
9.865223 -10.379307
9.544796 -11.152354
8.144094 -9.464347
9.750334 -9.819555
10.816622 -12.081450
5.777935 -13.952501
8.976144 -12.861979
1.743499 -16.995985
6.467742 -15.606809
9.801974 -12.045663
7.984463 -8.464194
5.262197 -7.834166
5.570983 -6.485569
8.437078 -9.497727
10.820925 -11.335096
8.049613 -10.200119
6.891832 -7.890669
4.539798 -8.045489
5.917487 -4.370381
4.794813 1.853629
5.492966 1.106130
5.405934 1.497177
4.801965 1.560549
3.616823 1.183286
4.828804 2.214219
1.988242 1.773163
1.648989 -0.650234
1.875384 1.567585
2.003077 1.344562
1.738757 -1.764792
1.567443 -1.862432
1.698536 -1.972669
3.951559 1.919802
2.702573 1.707046
6.650320 1.747593
7.148976 0.570447
9.638844 1.582352
6.909205 -0.846544
8.546130 -1.246958
7.443290 -2.553025
10.120158 -1.998367
14.461739 -3.145094
12.081827 -4.017658
11.773014 -6.280343
12.642281 -8.318205
9.185126 -11.480495
12.166910 -14.011712
8.133940 -8.373999
10.034199 -8.944531
12.728506 -7.411304
13.274136 -7.371475
12.873363 -7.670183
11.714622 0.993192
10.469468 4.106316
9.296947 -0.661121
7.911430 -0.288280
8.770741 -2.566368
13.138928 -6.479614
10.378191 -8.906455
7.502028 -8.084956
5.625788 -6.717351
5.577516 -7.397285
4.974085 -8.086104
4.934381 -7.985355
7.878040 -12.128766
8.399242 -10.925374
11.829009 -14.697497
8.831073 -9.406248
9.312255 -11.814427
3.226321 -6.867598
0.983795 -4.314399
2.225942 -7.276813
7.453176 -8.178983
9.122841 -7.869516
13.097437 -9.318477
15.451401 -6.885773
13.294146 -3.004183
11.246068 -1.212512
12.627656 -6.837140
9.576344 -9.471326
8.063955 -10.889395
10.063176 -8.505288
5.937174 -7.609669
4.812259 -4.640486
4.554768 -5.222100
3.239041 -7.212215
4.289789 -5.714978
3.213566 -7.689501
5.126898 -5.936076
8.439002 -8.292102
8.283292 -8.188099
1.384614 -8.364713
-0.189210 -7.667308
0.990835 -6.873176
2.348521 -5.510514
0.639591 -6.528200
3.816384 -6.920088
4.718159 -6.976998
5.926719 -7.655723
5.323966 -6.816545
4.844661 -7.227794
0.813735 -8.656007
2.804822 -8.824162
9.702621 -11.166403
9.273834 -10.480199
9.807064 -8.042657
7.276242 -1.469831
9.033916 -2.673586
7.608920 -0.087965
9.242275 -0.494025
8.412579 -1.110488
6.825927 -2.552205
7.187677 -2.607151
7.936731 -1.474001
6.991734 0.033491
9.155190 3.571656
8.567222 -0.120541
7.472235 0.676893
8.031235 -1.131230
6.841990 -0.931233
6.991055 -2.533144
5.251343 -4.320723
4.164581 -4.473468
4.194716 -4.055594
3.505370 -4.796958
0.398042 -3.872345
0.436347 -2.767116
0.983142 -3.500719
1.399263 0.047150
0.946802 1.773733
-1.312259 1.941997
-0.296937 1.518995
1.738254 1.937166
3.657475 1.077579
4.353552 1.624644
4.438019 2.134420
3.677693 1.399858
5.750194 2.372741
2.701513 2.373273
3.913446 1.478698
9.590421 3.057992
7.971667 0.323481
8.278637 -1.020095
8.193614 -0.456168
6.830455 -0.208776
6.900310 4.425897
5.198923 1.944411
6.835349 1.269235
7.618549 -2.308123
2.327652 -4.266326
1.120378 -5.486927
1.416946 -3.059402
1.855801 -4.597101
4.034683 -4.863094
2.126995 -5.137702
4.882542 -4.151774
5.017923 -6.091691
3.806274 -4.694357
3.287793 -5.788655
4.430742 -5.794137
5.014241 -7.892730
5.365383 -5.849405
5.666968 -8.093638
3.303567 -7.415455
3.730074 -6.531278
2.518132 -10.795171
1.009284 -10.858008
2.299349 -9.355304
1.963067 -11.306978
1.087812 -10.080669
2.574613 -9.545230
-0.434785 -10.120208
7.338224 -13.514413
7.988999 -13.674067
6.539613 -15.024094
6.303312 -13.928053
8.542345 -14.388757
3.064011 -7.984792
4.426512 -7.504995
1.060837 -10.984153
-1.289486 -12.157437
-1.913847 -9.673941
1.771313 -12.834418
4.391656 -16.462431
7.278226 -14.421036
6.165440 -13.553853
11.718446 -13.057401
14.798558 -7.950444
15.441038 -11.627161
9.894083 -8.235473
8.774451 -10.805015
8.268613 -11.461793
10.042126 -12.232173
12.489103 -14.250564
8.258854 -10.891177
8.575378 -9.347334
8.647107 -11.057137
9.280830 -12.117219
7.916768 -8.122866
8.844222 -10.841094
9.530581 -11.445167
9.021284 -8.955362
-0.954911 -9.807334
2.748979 -8.248079
2.425720 -4.559030
1.127399 -3.449467
0.745232 -3.380671
3.063124 -6.505869
3.989247 -4.591065
5.128681 -6.201150
8.906332 -9.777190
9.886373 -11.518691
10.700833 -9.117635
5.472009 -6.929423
8.269495 -10.647187
9.842625 -10.979799
7.961631 -10.523458
8.385344 -12.348203
8.615833 -8.428288
9.408695 -11.097825
10.219831 -12.600536
9.737635 -16.531820
8.557036 -10.664116
6.121182 -7.908908
5.836745 -6.946234
5.001745 -7.219199
5.703447 -4.278585
1.284303 -9.175979
4.310067 -6.345794
5.318704 -7.553627
3.931292 -7.547981
2.232527 -7.212889
1.747969 -11.259892
2.707090 -10.592916
1.109095 -12.413538
2.127198 -10.928905
8.831119 -11.515443
10.203174 -10.859212
12.758120 -7.505566
7.946290 -9.003228
8.288052 -8.166013
10.601778 -8.605677
7.820951 -7.978602
4.172516 -8.082606
7.359373 -2.772527
10.353536 -0.889088
8.851614 -2.463448
7.790473 -2.523969
10.545794 -1.967832
11.264980 -3.735047
7.995830 -2.501410
8.956169 -1.370887
5.247445 -6.376902
5.153278 -5.835768
5.004992 -6.860296
5.015352 -7.779096
6.782475 -7.981391
4.434419 -7.065489
2.126265 -8.044286
0.913631 -8.922350
1.994016 -9.176667
0.535800 -8.270118
8.602513 -12.620337
4.042421 -16.116228
2.661944 -14.493209
5.753581 -13.720439
1.869336 -13.557343
7.372749 -14.612304
10.532806 -9.849066
8.356959 -10.006810
8.428899 -9.228028
10.153111 -10.281872
9.397864 -15.895010
12.851774 -13.844653
10.274063 -12.389215
8.975862 -15.197206
8.925944 -11.075882
7.974092 -9.243741
3.656757 -7.762118
4.712951 -4.889150
5.877291 -6.830567
9.768407 -10.920354
7.282090 -8.060439
0.932390 -12.298820
2.814399 -10.633613
1.381434 -7.253938
0.506316 -9.450810
1.299277 -13.401490
2.238573 -13.728660
0.817454 -9.103667
0.179483 -9.321157
3.026603 -7.939932
3.590896 -7.910169
0.069885 -7.653100
2.244641 -9.197914
1.472072 -9.542295
1.831425 -8.899941
4.677691 -8.093059
9.778240 -10.743496
11.008780 -14.622498
8.078463 -14.719485
11.702282 -11.730755
11.647071 -12.583451
10.011452 -10.353229
8.093142 -14.547975
8.427782 -11.036918
8.180134 -11.615096
13.963636 -12.480014
8.061975 -12.349621
4.272289 -6.879290
0.074163 -8.131225
4.087636 -6.711888
3.590388 -5.922968
1.301076 -7.990835
2.779868 -10.489489
4.480737 -6.915902
4.557796 -14.663356
6.040284 -13.363286
8.283517 -11.159902
2.573833 -9.225768
2.405794 -10.662934
7.018598 -13.512158
3.867895 -13.805419
-1.427548 -12.770149
4.956205 -13.471622
5.236598 -14.627213
1.589620 -12.665416
0.848708 -9.520837
2.501493 -7.636601
6.061521 -6.811572
3.817449 -6.808197
4.693538 -8.028729
5.713144 -7.502209
4.503293 -6.826388
4.747107 -7.652851
8.963478 -2.495342
7.224799 -1.220374
9.495832 -0.709236
7.531997 -1.115485
8.375853 0.653663
7.301357 0.954877
8.910458 -1.964529
8.076031 -8.757399
9.483937 -8.764077
9.177431 -8.394120
9.134547 -8.679338
11.347104 -9.113092
7.140385 -14.876492
4.163948 -14.847344
4.655538 -14.026973
8.540229 -14.043431
7.138214 -13.760346
1.781297 -13.575830
2.749728 -9.900865
0.309124 -8.588569
5.017165 -7.142391
5.007303 -7.893478
3.457173 -7.642165
8.319683 -10.971568
8.631040 -11.876622
1.845376 -10.036243
1.702386 -15.812135
9.745636 -13.094750
8.321514 -12.091079
8.898760 -11.721726
9.681986 -9.248261
12.972841 -14.867485
11.365485 -4.786309
13.984910 -4.212996
12.586952 -3.992769
11.741047 -3.810948
5.626875 -7.366201
8.374412 -12.057433
1.496979 -9.440809
3.512508 -6.225023
5.037740 -6.416957
3.331786 -6.896760
8.250251 -1.475524
6.840400 -0.896888
9.413837 -1.773427
7.112657 -2.089489
10.161404 -2.427938
8.347773 -2.522845
7.453211 -2.579916
2.406703 -4.417293
0.668223 -6.459232
2.902373 -4.695281
2.352911 -8.749696
2.738570 -9.477781
0.549581 -9.208293
1.623371 -9.497781
1.032763 -9.129685
1.489533 -10.587881
0.202708 -10.742082
4.313483 -8.116035
6.291574 -8.079721
2.348357 -10.704240
-0.483097 -9.260115
2.816106 -17.028326
8.882411 -9.928308
8.711278 -11.976382
9.925959 -9.883548
8.566435 -10.582944
8.476794 -11.319072
9.929421 -10.344575
3.990245 -7.939785
4.299338 -4.815591
6.064573 -6.691511
6.068534 -7.822765
9.313251 -10.506977
8.497925 -10.985864
2.029244 -7.662595
0.172112 -11.501450
2.010957 -11.495411
1.312617 -10.491321
1.186889 -8.040627
2.873662 -7.871585
5.018358 -7.264221
3.165376 -6.846174
1.566598 -5.781193
2.173920 -4.306660
8.508950 -9.183906
8.813107 -10.666196
8.802426 -9.905135
8.058217 0.750275
7.552366 -0.046835
8.465839 -8.430518
5.291312 -6.695640
10.565026 -13.835753
9.867018 -11.993150
8.174484 -9.173640
8.510347 -8.630574
7.917091 -7.981280
7.913269 -9.606412
9.667456 -9.933646
8.529291 -8.549891
9.585797 -11.483681
8.688453 -8.568581
1.443688 -10.845420
2.508950 -11.515579
3.211413 -7.059739
5.107954 -6.058238
4.060124 -6.685619
4.149890 -7.734601
2.318021 -4.529945
4.722658 -5.072424
5.926751 -7.609758
5.994750 -7.847403
4.129215 -5.297088
2.662606 -8.578032
3.148992 -7.266010
8.777748 -8.347017
8.167557 -8.323435
10.048193 -10.542623
9.103035 -10.142871
8.380821 -12.593806
8.812476 -10.508357
11.535888 -8.861320
13.000816 -6.982913
11.600362 -3.831937
12.050787 -10.094171
8.974226 -10.609588
10.928162 -9.705924
9.989504 -8.374160
5.138514 -7.817168
8.624634 -8.594498
5.785821 -6.626289
3.806170 -5.805486
5.397293 -7.506970
2.477343 -10.027746
2.339467 -8.698801
5.577015 -13.746775
9.395171 -19.135359
8.671003 -11.602761
8.621748 -12.644390
3.215883 -6.228312
4.429117 -6.374046
5.715794 -7.621189
5.551108 -6.239295
6.066595 -5.162289
6.947555 -8.068690
4.011282 -6.199056
8.975440 -2.303725
5.254975 -5.106030
2.461910 -11.621470
1.760860 -10.131955
1.990576 -11.155812
2.053762 -10.638648
1.705209 -8.357983
9.122587 -2.341887
8.864672 -2.372806
9.653570 -1.986685
10.202483 -1.630848
12.715153 -3.665566
13.024666 -6.326407
10.974299 -2.130615
8.540037 -2.678853
3.529488 -7.697083
1.870734 -8.235880
9.226695 -8.637697
9.229396 -9.934714
9.981444 -7.899936
10.134576 -9.983708
7.904089 -14.790706
8.653832 -12.725480
3.948977 -7.642203
-0.305565 -8.013336
-0.328733 -10.699912
0.952082 -10.152926
-0.283619 -10.830033
0.389509 -10.363399
2.681051 -7.657004
6.040227 -7.741835
5.054231 -6.614325
3.231054 -7.579697
0.070738 -9.234270
2.726035 -11.313857
8.008570 -10.706416
0.216631 -9.614960
2.644458 -7.750581
5.920214 -5.325417
4.259974 -7.381694
6.278305 -7.876354
7.697929 -14.892903
4.797262 -6.860033
0.654863 -7.601913
0.229220 -15.604475
0.994275 -11.183608
9.726683 -9.527501
7.989681 -11.740211
8.289829 -10.651425
11.036810 -8.527848
9.584904 -9.842364
9.196455 -9.706902
8.089288 -9.840349
12.684087 -5.637479
11.246012 -10.357360
8.702432 -8.694621
6.774731 -8.014142
8.966150 -10.399102
9.777621 -13.433196
9.889859 -11.726842
11.208508 -12.091827
11.266766 -12.548606
1.461041 -9.763835
1.639818 -11.779902
5.359211 -7.083398
5.695084 -7.854556
6.040521 -4.924988
3.757888 -4.580670
3.587186 -4.612393
4.079239 3.836010
4.778665 1.903306
6.717361 1.072289
7.004868 1.127953
6.138530 1.327911
9.148506 0.735340
7.640164 0.854637
7.573143 -0.489667
7.781053 0.183459
7.037211 -2.091258
6.855865 0.030618
8.612394 2.675098
7.378253 2.349082
2.945380 1.532373
1.799178 -1.128109
1.519346 1.825590
4.461812 1.508863
7.233003 0.791094
7.917937 2.217618
3.418963 1.407466
-0.074128 -0.040620
0.961622 -3.536245
2.691971 -4.465624
2.242946 -5.998020
2.852190 -6.470924
5.906410 -5.135695
4.965289 -7.707743
4.951470 -6.751993
5.292330 -4.933946
3.772097 -4.299860
3.626791 -4.599882
3.309024 2.324941
1.557353 2.981654
7.952382 -1.894472
8.548759 0.463618
6.306476 1.274824
5.365047 1.108770
6.469335 2.337269
8.617442 0.874309
7.467023 -1.831049
8.547540 0.690518
7.529018 -0.231373
7.476073 -0.827306
7.076422 -2.467123
10.452038 -1.200933
10.769888 -1.996558
11.683654 -0.619079
11.276453 -4.277234
11.793499 -4.578714
12.530944 -2.492163
9.843902 -1.134312
7.488352 -1.160056
10.080187 -1.663342
8.712467 -0.321112
9.341207 -0.969480
7.574084 1.091403
10.124083 -2.054504
10.938557 -0.720035
11.862877 -3.761756
11.861423 -5.386138
11.394253 -4.677102
11.832720 -2.140206
10.060349 -2.468387
10.372689 -1.998367
9.151436 -1.504286
9.193296 -0.808138
8.478159 0.982755
8.949491 1.030641
10.500053 -0.415279
7.846729 0.347064
7.171209 -1.279606
6.992320 0.432133
6.071343 -5.114686
4.348119 -6.652534
3.748185 -6.685330
5.756230 -6.640794
8.366058 -2.750136
8.748060 0.221661
9.420546 -1.987592
10.945478 -0.068824
11.970821 -4.006323
12.292765 -6.297576
9.695436 -11.243294
10.333378 -12.908629
9.593247 -12.829240
8.501601 -8.130570
4.084752 -4.883786
3.796881 -5.169923
2.041320 -3.982138
0.616088 -4.112713
3.486213 1.665275
3.056769 1.269298
4.214916 1.876093
7.740182 1.461569
8.859291 1.905900
7.157079 -0.083548
10.432842 -2.338670
11.152521 -2.104496
12.910535 -6.480970
11.478541 -5.347885
13.316687 -3.729455
10.761225 -1.880278
8.285737 -0.848945
11.152136 -0.627013
8.672537 -0.246171
8.204253 -0.539860
10.993789 -2.497893
12.273590 -2.416380
12.265594 -5.352861
11.382810 -6.015246
13.719092 -8.048766
9.530540 -10.418803
8.190045 -13.149751
7.354888 -14.250468
7.273033 -13.273453
5.663415 -13.262826
2.138832 -13.577481
-0.606614 -8.253614
6.218489 -7.875063
7.225528 -8.121584
3.398495 -7.888072
11.022902 -8.755785
10.869362 -9.017098
8.605191 -11.478250
9.647353 -8.100493
8.251782 -8.005665
4.232529 -5.546348
5.366880 -7.611417
0.717458 -8.327874
5.882308 -5.710891
5.390622 -6.003213
5.639066 -5.168930
8.997686 -2.587071
12.105059 -6.152051
12.847290 -3.974569
8.372980 -10.532275
10.154085 -11.962172
8.033584 -9.213235
10.546018 -13.868781
9.158816 -10.009501
7.934413 -8.801805
9.236599 -11.398153
10.858841 -8.578980
11.149399 -10.092511
2.605488 -10.948722
1.067347 -9.183326
3.455661 -4.460168
3.733105 -5.078047
9.434088 -12.336501
2.813897 -8.341639
2.513126 -8.210063
1.506310 -8.738341
1.789328 -10.360885
3.151874 -6.571848
2.640210 -6.166076
4.783469 -8.099368
1.330689 -7.636057
1.203186 -10.371467
4.588237 -13.253798
4.648540 -7.593558
5.597183 -7.157109
8.634547 -9.778975
9.595645 -9.875126
2.163748 -11.249557
0.264030 -7.666573
1.405155 -8.838628
2.105709 -9.220263
-0.475379 -10.433310
2.018107 -12.189878
0.829071 -6.016330
1.313015 -9.385301
2.826270 -6.272057
4.658254 -4.504984
3.433754 -5.461490
4.959694 -5.944280
7.966335 -8.393826
8.376753 -8.344544
4.207050 -7.183814
9.768254 -14.175987
7.361347 -13.608242
6.873199 -13.221359
3.876327 -14.344815
5.951487 -14.229623
0.897810 -12.945577
1.920395 -9.843589
1.230327 -9.073369
1.266294 -11.723445
5.221922 -7.694646
2.736429 -8.672398
-0.280252 -14.139310
2.727701 -11.369441
3.472438 -7.660602
9.981278 -11.094336
8.489878 -13.457199
7.539485 -13.525102
5.180829 -14.365039
6.174076 -15.311897
4.764938 -13.369135
9.451439 -14.496488
8.605474 -11.493022
1.969739 -11.171872
2.320513 -8.692188
1.995067 -11.502195
2.475830 -8.974323
3.954269 -7.961521
4.913215 -6.915064
5.401136 -7.262816
5.472658 -6.510162
7.844425 -10.658387
8.675903 -12.282317
9.354314 -8.854002
8.096281 -13.273307
10.040776 -12.884669
1.631667 -10.669221
1.860853 -12.573647
5.059621 -5.149655
5.607276 -6.758414
5.055943 -7.472139
4.986188 -4.176594
0.086142 -10.099260
2.346623 -9.889529
2.074826 -10.181009
8.526844 -10.487866
8.317786 -10.566866
8.820419 -11.490428
9.773760 -10.057308
8.813580 -8.971820
12.050073 -8.646552
10.950933 -8.274440
4.650845 -8.012523
4.425031 -4.770874
1.946760 -7.575850
3.216624 -6.461286
4.971505 -6.032897
4.870862 -7.553930
3.088228 -6.813113
3.263947 -7.286534
2.203409 -5.152128
2.033419 -5.097646
2.737350 -4.661145
3.376603 -5.111309
4.067484 -4.954575
1.299680 0.898160
1.255921 0.186779
1.080424 -0.760967
7.265916 -0.436604
7.860322 -1.578332
8.170140 -0.704937
11.292223 -1.577080
9.865637 -0.452315
11.242819 -2.927417
14.861487 -4.230864
9.369664 -8.864072
8.401867 -8.561722
12.858175 -14.690831
11.931244 -5.438271
11.630093 -4.122434
11.460304 -7.352180
12.660659 -6.117981
10.422474 -9.891765
8.397380 -9.047882
9.194466 -8.102708
11.155960 -9.700930
7.627514 -7.826643
1.588729 -8.274162
1.276413 -7.754233
3.792672 -8.155778
2.271550 -4.989815
2.654913 -8.792348
2.002450 -11.034726
2.713426 -10.936324
2.462951 -10.835834
2.819377 -10.767858
7.484198 -14.269893
3.750079 -13.681769
-0.468582 -13.466521
2.593460 -16.722677
3.152851 -16.997019
2.255266 -9.215548
0.955704 -11.027161
1.545405 -10.601068
1.800636 -10.473791
2.556257 -9.820458
2.829092 -12.142491
2.251618 -9.894348
7.894136 -12.706389
8.640793 -10.755158
8.384611 -9.751332
8.239636 -8.135406
10.739705 -9.694312
9.277063 -8.460961
9.709042 -9.623756
8.164536 -12.037791
8.122462 -8.632025
9.948902 -9.616160
8.919300 -9.847104
9.468457 -13.373416
0.373439 -11.684625
1.240801 -11.824071
-0.453431 -12.638576
1.897223 -11.156591
0.707966 -9.930657
2.950557 -6.451975
2.437599 -8.329491
1.632403 -8.387655
3.383497 -5.818505
5.181694 -6.510101
3.824287 -7.544079
3.979073 -6.153043
-0.196727 -10.929404
1.471687 -9.838712
2.805711 -10.432971
0.999407 -11.302146
-0.298464 -9.501338
0.510375 -8.680519
3.241419 -6.205811
2.435403 -8.335698
5.952313 -5.354436
5.035021 -6.162138
4.242149 -4.920191
3.108399 -4.678694
2.949473 -7.773832
1.338075 -10.497596
1.329586 -10.297405
1.571218 -11.211713
1.480965 -11.733344
2.489862 -11.547051
1.800540 -8.219344
5.200200 -5.334672
3.894151 -8.189058
5.979729 -4.758111
6.043557 -4.325862
10.241605 -10.634729
4.803234 -17.509979
6.131330 -14.920557
-0.343003 -17.658255
2.594391 -12.094943
2.399190 -10.104285
2.304242 -9.596111
4.159575 -7.818626
4.052516 -7.430382
8.558220 -9.471539
8.343287 -10.045003
8.028993 -10.280950
9.010658 -11.210729
7.955737 -11.971276
7.849555 -13.894457
9.781713 -9.099061
8.859861 -11.955496
9.250307 -17.381716
13.929998 -14.201751
16.608509 -13.169974
13.556334 -7.211586
15.482360 -6.924521
14.539942 -1.207021
