-4.457158 -19.122108
-0.488442 -11.909462
3.727728 -5.572779
4.680301 -5.118718
3.688888 -5.604597
4.451432 -3.976700
5.114791 -4.077518
2.080710 -4.187763
1.082368 -4.045206
1.252668 -2.830081
1.454141 -0.236789
1.679087 -1.312436
0.587539 -1.740179
1.324668 -2.005075
1.414297 -2.302177
1.287876 -1.533242
1.508505 -2.319802
0.808493 -3.021132
1.487634 -1.558788
1.723814 -2.208108
1.238939 -1.301756
1.901974 1.616199
3.476693 1.490126
3.796649 1.361710
4.302777 1.359208
5.555054 2.372287
5.535734 2.955476
4.565085 1.556955
4.547062 1.084310
6.491223 1.476883
3.088964 1.484239
6.792084 3.187102
6.895468 0.757533
7.290007 0.037158
7.807041 -0.790794
12.688239 -0.136566
15.085007 4.696344
