18.545816 -16.689476
16.128416 -12.239942
11.539632 -10.088859
9.315184 -7.979240
8.447088 -7.979588
7.950065 -9.308257
10.367925 -10.128432
9.051563 -10.037031
8.770802 -10.562078
7.875081 -10.317798
8.947798 -8.790820
13.176985 -10.474165
10.900919 -8.725650
7.000617 -8.000869
7.672759 -7.858373
9.239751 -9.310607
8.828841 -10.538294
8.316013 -10.291913
8.253044 -14.670342
8.964103 -12.349813
9.900263 -10.565377
8.559132 -10.836353
8.611034 -8.564186
8.907452 -8.283844
8.390471 -8.012313
8.445675 -11.972175
9.414585 -17.264090
4.336062 -14.517459
-0.023159 -14.003694
2.337305 -11.861867
2.035894 -8.923800
3.331300 -7.728850
3.169834 -6.416547
5.383074 -4.875858
3.436702 -3.962379
1.574804 -2.059539
0.613815 -0.998842
0.556985 -0.058370
1.019674 -1.926132
-0.562611 -1.822116
1.433753 -1.173990
5.522611 1.962169
2.826064 2.553309
3.913017 1.094599
3.672989 1.313840
6.621894 2.691097
6.917186 1.703715
7.947211 -2.697300
8.080468 -1.683810
8.454884 -1.484850
7.054035 0.943600
5.864244 1.656804
3.556932 1.098361
2.922424 2.081023
2.097080 2.186883
4.585770 1.375199
3.891015 2.541785
4.615613 2.227410
2.680457 3.020641
2.909287 1.836203
5.149200 2.050403
5.239033 1.728083
3.850118 2.318704
5.465023 2.120201
6.341052 1.124495
5.692926 2.263062
7.903923 2.395393
7.519480 -2.331846
7.340683 0.151633
8.797035 0.544602
8.939635 -0.721033
7.068942 -1.395489
7.850843 -1.087419
9.354444 -2.475626
6.907363 -1.850400
8.190727 -0.693108
8.546921 -0.794555
7.519499 -1.064252
7.165344 -1.549315
9.063620 2.449799
7.709193 0.885885
8.554419 0.407531
8.680240 0.986273
7.584995 0.405074
7.147710 2.994767
7.326184 1.352278
8.019168 1.624727
9.303289 3.048225
5.133133 2.506409
7.455704 1.128660
7.053753 -0.599409
4.430721 -4.178006
1.986596 -6.322656
3.085781 -4.752737
5.424796 -5.049071
1.394561 -5.344439
2.060312 -6.126738
3.569940 -4.331664
2.877889 -7.021750
3.030411 -6.693486
4.131817 -7.147915
5.450929 -5.332409
5.531105 -5.052296
4.123552 -7.172663
4.977105 -7.503317
6.143447 -5.415057
5.377722 -4.728190
3.693351 -7.068436
5.075135 -7.192523
3.083772 -7.052295
0.174672 -9.660283
2.650014 -9.632196
2.819900 -10.691947
2.737136 -9.966182
0.389941 -9.334464
6.788961 -7.829564
5.128720 -8.153678
9.610178 -13.008902
6.981563 -13.741920
2.475805 -10.640798
7.823849 -7.872172
5.643999 -13.873984
2.971731 -14.952249
4.321726 -18.757074
5.612333 -15.499494
9.169413 -12.556404
7.869616 -10.944388
9.627893 -9.133323
7.884809 -9.978068
9.086669 -11.261506
9.764723 -8.718677
7.955637 -9.097547
9.205494 -8.597451
5.526428 -7.309444
3.359753 -5.462962
5.529603 -5.213560
4.849106 -7.116235
7.123489 -8.044705
3.504931 -7.623250
5.389130 -5.415508
4.223281 -8.024907
1.706011 -9.359251
1.521452 -9.646292
2.455080 -11.839788
4.860017 -7.801192
7.946988 -8.152009
10.035569 -13.815252
8.499113 -11.266913
9.716395 -11.169271
11.151105 -13.047964
8.826118 -11.301057
8.134205 -10.937007
9.816233 -9.989527
9.157242 -8.446919
4.380274 -7.239500
5.521652 -7.993954
5.880568 -4.567850
5.046915 -5.264855
5.065527 -6.860574
4.427256 -5.134068
9.451135 -12.966640
2.644772 -12.328735
2.349267 -13.338524
5.513618 -7.380437
5.940213 -7.628162
11.159153 -7.344906
11.987187 -7.050447
11.346799 -2.504086
8.353092 -2.561335
8.350786 0.244260
10.149136 -1.919207
7.929671 -1.177094
9.678622 -2.739923
3.934657 -5.221611
-0.925184 -11.043998
1.085135 -10.178271
4.304654 -8.086820
8.416253 -11.088931
9.392935 -8.830935
9.750467 -8.606631
10.131816 -10.283681
11.903843 -10.736943
12.009892 -8.681708
8.116150 -8.844118
5.368964 -7.573481
1.655827 -9.135191
2.196694 -12.535146
9.539382 -11.489006
10.716522 -13.691728
9.275805 -10.888495
8.919124 -9.178752
8.836605 -8.584526
9.575936 -11.496625
8.146498 -9.020289
6.030628 -6.464808
5.964194 -4.313964
6.092655 -5.623097
3.983959 -6.759118
5.547617 -5.363962
5.105351 -4.968987
4.396303 -5.974291
6.106311 -5.271757
11.301359 -4.505028
8.471867 -9.669091
9.069259 -10.761369
6.044340 -7.623481
2.361999 -8.231732
-0.463514 -7.203448
8.141001 -10.352919
1.771758 -8.143942
1.648696 -8.592843
2.318222 -8.538409
0.964858 -7.744054
3.748569 -7.987972
0.464657 -7.336718
2.629161 -9.696418
7.125994 -14.113227
12.792576 -14.633338
8.709737 -10.616013
11.060513 -9.202024
9.732069 -8.239627
9.758427 -9.439269
16.467836 -8.563425
19.903749 -11.114522
10.208847 -9.249784
7.224386 -7.834783
15.840895 -8.681960
13.261635 -15.038167
10.724224 -14.050733
10.274071 -11.977771
8.334286 -11.572180
8.366964 -11.352700
9.487162 -14.228918
11.282392 -15.272508
8.672948 -16.481581
1.950833 -16.463598
5.326410 -14.673534
6.072475 -13.731305
4.031194 -13.721797
2.007971 -13.838016
4.855601 -13.897149
2.321833 -11.111197
2.277767 -11.926467
2.466848 -12.871830
1.339419 -9.720349
2.614067 -8.465183
3.656473 -6.553795
5.986706 -7.645269
1.504020 -5.428344
5.894996 -4.453260
5.739393 -4.959969
3.315688 -5.679208
1.927719 -11.115996
0.268233 -8.612702
3.210624 -7.955236
3.846517 -4.205186
1.526490 -6.398839
1.326610 -12.989903
-1.752348 -10.674847
2.086884 -11.625682
2.145616 -10.314303
2.641571 -10.344174
2.312108 -8.417006
2.147310 -13.045642
2.528981 -10.905204
0.371032 -9.402083
4.121286 -6.507954
3.052701 -7.400538
2.688447 -7.552305
2.151288 -8.798316
2.383963 -10.619553
2.628738 -12.279679
4.315403 -13.839683
4.736544 -13.936031
7.562719 -14.159545
9.214482 -14.837310
7.930986 -12.399846
11.078062 -16.059931
7.126684 -13.460414
5.731982 -13.583746
0.789692 -13.494637
0.826148 -9.291905
1.183328 -12.223908
0.719057 -12.487531
1.762377 -11.400792
1.699264 -9.839423
-0.828122 -10.455449
2.155658 -9.107920
0.087758 -8.993970
3.372665 -7.935284
3.820177 -7.195261
1.883217 -9.924115
2.816939 -13.664165
4.251083 -13.983254
9.018086 -12.280280
11.702517 -17.595428
-0.210173 -9.623618
1.635772 -9.341540
6.532824 -8.106308
8.693719 -8.353584
10.885422 -8.285466
11.462023 -12.151965
8.513891 -10.827235
5.997771 -6.771825
3.704186 -6.621663
5.953621 -7.163682
9.870741 -1.616421
7.913181 -8.713943
8.637980 -1.199733
7.451122 -2.078931
12.875509 -3.470767
14.317537 -3.802954
12.001504 -3.675238
9.480308 -1.699448
10.055252 -2.667987
8.371201 -2.186168
5.758321 -7.110147
6.134244 -4.062345
2.138566 -8.157092
8.411091 -8.133215
7.563150 -7.948211
5.786001 -6.105144
5.068916 -7.241071
4.941124 -5.516268
5.955099 -5.202159
5.274291 -6.731038
1.716597 -7.547994
2.485969 -6.960046
10.123550 -10.434038
8.793892 -12.872205
8.119855 -13.688842
9.504340 -14.281512
7.861756 -9.225410
8.355687 -9.594526
6.766566 -7.875637
1.089987 -7.420397
0.394697 -8.291276
2.082611 -8.737473
0.935515 -11.321319
0.454842 -8.385314
0.954066 -8.264625
1.184412 -6.085495
6.299127 -8.118476
5.814116 -7.939844
6.705541 -7.906411
10.807309 -7.851238
10.433020 -10.505576
10.657768 -9.610423
7.889553 -9.154058
9.166363 -8.747994
8.464748 -11.640256
13.844009 -9.748265
8.273475 -9.972808
9.430195 -7.835066
5.662067 -4.808374
5.914286 -4.821610
8.429672 -1.983330
5.687939 -4.290960
3.833737 -4.785768
4.863857 -7.982567
2.317028 -7.537477
1.702758 -9.786718
-2.822020 -9.751475
0.556926 -8.131812
1.532108 -8.616975
2.456623 -9.764214
1.491025 -10.041474
1.688059 -7.553771
3.306580 -7.610481
1.821556 -5.028195
4.164665 -4.563877
5.762109 -4.273356
11.115841 -11.512760
7.843783 -11.564827
4.860994 -6.983975
7.227797 -2.680285
7.257781 -1.284842
7.221008 -0.000762
7.337897 -1.064412
1.358702 0.607460
1.327543 2.002286
0.283378 0.669626
1.869285 1.198503
-0.332437 -0.939620
1.728097 -2.053944
1.110718 -4.197719
0.979979 -2.650589
1.014952 -1.739266
1.406753 -2.984974
1.373216 -2.742843
1.255831 -3.463473
2.651664 -5.223599
1.347895 -5.256820
1.056248 -0.434955
0.014580 -0.812465
1.718088 0.230799
1.200403 -0.133519
0.606256 1.205671
0.000047 0.419029
1.207227 2.877500
2.598207 1.170586
2.328235 1.524480
3.400373 1.275177
3.634517 2.596768
2.453383 1.212180
2.861768 1.465542
5.478653 2.136020
5.370908 1.272609
4.979919 1.164885
7.155903 1.755673
7.288812 -0.067996
7.399055 2.937414
6.044863 2.039994
5.111684 2.579562
1.963690 1.664889
2.740785 1.120626
-0.243695 1.461164
-0.234773 -4.589076
1.918579 -4.157626
4.876064 -5.113216
4.353796 -6.084299
3.263880 -7.936795
5.996396 -4.282466
3.603071 -6.949797
3.635581 -7.514935
3.769904 -7.596388
9.984865 -11.702128
9.816349 -9.643733
4.212871 -7.779515
7.917474 -9.424138
2.941391 -7.708805
5.061447 -7.704085
5.769568 -7.182082
4.009762 -5.803661
2.487406 -9.285649
-1.719828 -10.596164
1.456635 -14.953651
4.722149 -13.797587
5.095857 -13.241069
6.328024 -14.138358
4.776674 -14.516976
9.991742 -13.811822
8.772169 -9.419986
9.517682 -9.892443
7.893370 -7.854981
7.153343 -13.521333
8.888727 -12.806732
5.292848 -7.741940
4.766252 -8.064995
1.612404 -10.028325
1.480797 -11.063565
2.534704 -11.441047
2.808408 -10.422931
1.379076 -9.198569
3.948056 -7.366746
1.420138 -7.080077
5.866717 -5.166780
5.857190 -5.113945
0.939734 -8.468743
0.155870 -9.274289
0.817115 -9.237494
1.226413 -7.796441
3.658876 -8.070779
8.753913 -7.871569
8.882727 -8.442359
9.730030 -9.896089
8.212667 -8.304628
9.269701 -10.501475
12.256540 -12.739450
12.188303 -6.923639
11.198788 -9.194394
8.497627 -9.534936
10.205132 -8.108624
7.882283 -9.525048
9.170661 -9.394341
10.361003 -8.241204
9.326233 -8.676433
8.754844 -9.487075
2.521245 -8.490139
0.737390 -9.610096
0.649177 -10.365970
1.395475 -11.229479
0.261024 -13.935575
0.600611 -12.340270
0.431290 -9.008340
1.224233 -8.329763
3.683640 -8.010809
4.717212 -7.933766
8.068644 -10.462440
9.135643 -12.567414
8.352768 -9.599909
3.187838 -7.971995
5.014038 -8.161598
2.480155 -8.482902
1.793985 -8.550588
5.789004 -6.520218
5.905050 -4.460634
4.540308 -5.042179
6.048297 -5.866087
4.775880 -6.147380
5.337428 -6.115979
-0.043810 -12.169973
1.925034 -10.241080
9.782148 -9.816911
8.052971 -8.151644
8.891665 -10.461772
8.525773 -9.654235
7.908830 -8.767649
4.044279 -7.380737
6.507613 -7.889890
2.148479 -11.696205
0.940611 -10.585059
3.049989 -4.853750
0.891924 -8.567096
1.712786 -11.347882
0.841089 -8.881797
-1.162806 -7.775024
1.783231 -9.041959
3.026434 -5.327807
5.557031 -7.373788
5.560397 -7.201793
3.166588 -5.789100
5.665251 -7.742690
8.138478 -8.140212
7.956615 -9.859797
8.473957 -8.075587
10.517457 -8.417277
8.367373 -11.895637
8.268446 -10.332852
9.937428 -8.948784
13.777657 -7.328054
9.655249 -10.006767
7.892886 -8.270155
5.272517 -7.639584
3.038842 -7.956865
5.708199 -7.777319
5.475843 -6.581057
3.052467 -7.360521
6.022426 -5.181497
5.431682 -8.008822
-1.634543 -11.660519
1.271508 -13.487710
2.112937 -9.633723
0.304841 -7.565643
4.991801 -8.065339
7.854193 -7.888029
9.503501 -11.834598
4.993354 -6.839300
4.459482 -5.228602
5.886279 -7.240891
0.951275 -8.411892
1.443258 -8.964384
4.499511 -6.094329
7.230051 -13.641082
0.579579 -16.604519
5.989783 -16.461618
9.573709 -8.365970
10.214986 -8.532153
3.704957 -6.599160
2.417332 -13.043832
2.403317 -10.946554
7.954917 -11.552279
7.912160 -10.183966
10.601433 -13.392371
7.891232 -8.178779
8.298849 -8.479794
9.309953 -10.361631
1.775627 -17.773083
1.863912 -13.346166
2.304975 -9.580638
2.172380 -11.061127
1.813157 -9.294027
11.865072 -14.796527
8.060011 -17.043486
12.487847 -15.087987
5.730145 -14.538239
-0.201103 -14.450261
2.372137 -9.165035
4.662304 -6.058675
3.633844 -7.684797
5.855853 -7.242318
6.063381 -6.574164
5.807665 -8.111232
5.718896 -7.563809
8.460711 -9.188181
7.973507 -8.127944
4.173011 -7.531688
1.262335 -11.112100
-0.699289 -11.065322
7.859106 -2.359766
7.899189 -0.823339
7.379303 0.333291
6.512532 1.953611
7.621584 -0.833477
7.154877 0.792890
7.170084 1.479016
1.466640 -2.339254
0.663424 0.078044
1.294829 0.750045
3.907976 1.769824
3.829795 1.261192
4.535510 1.776834
6.943914 0.483403
8.328879 -0.620818
7.077818 -0.780187
6.853329 -1.737832
8.287734 -1.613925
5.628496 -5.269660
7.351192 -0.738351
11.417239 -1.396260
8.268430 -8.417197
9.491572 -9.260901
3.791838 -5.023960
5.919363 -6.868432
5.243507 -5.634532
5.084939 -5.852791
2.514305 1.652317
4.895154 3.645178
5.645748 2.774189
6.198568 1.894784
5.261334 1.545323
6.629129 1.490973
8.924105 0.517848
9.918003 -1.541715
7.054718 -7.849667
9.208389 -8.409779
9.190633 -8.497363
10.720430 -11.799106
10.923079 -12.296291
3.708865 -6.502083
4.992024 -6.954691
6.085668 -6.210325
4.005788 -7.249063
-0.827778 -9.694747
-0.380024 -10.002521
0.459246 -10.695952
1.185043 -11.004035
-0.178742 -9.803473
1.558655 -8.010466
5.103061 -7.839824
2.336871 -6.241230
4.979381 -7.958836
4.632241 -7.965334
7.301346 -8.094182
5.655747 -6.251344
4.104646 -4.648857
2.381331 -5.449066
2.825530 -9.129730
1.706592 -10.627713
2.865982 -13.776390
8.516635 -16.099424
9.163538 -10.971332
10.218986 -13.159347
4.218410 -13.645261
3.269395 -14.739344
2.237329 -11.646892
-0.080748 -7.909110
1.743492 -11.246802
2.968134 -5.357501
1.675125 -11.522134
2.895463 -15.245704
7.518634 -13.340013
4.661126 -14.620303
4.581616 -14.421874
-0.711397 -14.307608
-0.264120 -10.569499
-1.680415 -10.307542
0.519788 -12.502326
2.561289 -10.981515
2.661865 -12.079580
1.706091 -10.993207
1.783907 -9.623545
-1.253321 -9.643634
3.886501 -13.684938
2.574825 -15.757243
3.740371 -14.418536
6.578639 -13.690141
6.412758 -13.800785
7.382284 -15.536194
8.354290 -11.538100
8.462797 -10.009000
9.729363 -8.121204
4.410703 -7.832034
4.496014 -8.131232
2.734247 -6.558092
4.923054 -4.555824
3.427094 -8.175182
9.063959 -8.113727
13.692924 -11.309709
10.802298 -8.162002
12.556200 -8.241172
12.135410 -4.735026
9.911087 0.763560
11.574183 -1.180384
9.096267 -2.745895
8.456583 -1.950369
9.628638 -2.702590
3.215268 -4.753679
2.094048 -6.144726
1.735999 -4.864311
12.131004 -3.500327
9.982380 -8.085217
1.198939 -9.954713
1.401939 -10.977681
2.120317 -10.862079
2.021216 -11.546824
5.565358 -8.051229
4.672331 -7.318185
4.561177 -6.369163
4.807789 -5.946411
5.206508 -4.159544
4.973769 -4.830042
4.111009 -5.288699
2.496016 -5.448137
8.667619 -1.837908
5.793580 -7.378983
1.936379 -10.774215
0.177943 -11.159151
3.569799 -7.776628
12.172844 -4.830735
12.017189 -7.781976
9.919381 -10.429294
13.463444 -11.104633
16.399269 -13.862162
14.098995 -7.308741
12.396028 -9.126828
8.775187 -9.789487
10.258074 -8.263268
10.775476 -12.170477
8.133741 -14.129946
8.754512 -12.086243
6.331562 -14.223990
8.767417 -15.355395
2.649029 -12.363070
2.137312 -11.995191
-0.068798 -9.690978
2.730603 -9.662242
5.724594 -8.194744
5.911277 -7.661599
2.358141 -7.438718
3.267942 -5.959391
4.557477 -6.577939
3.694153 -7.301258
3.515757 -6.801977
3.338464 -7.317613
6.074067 -6.959657
3.501789 -7.061862
6.042789 -8.188025
8.369600 -8.449138
10.818392 -7.851544
10.282369 -11.283532
10.393040 -8.631377
10.172373 -8.874068
9.853845 -9.159047
7.400198 -7.827946
10.331454 -12.228843
8.616596 -12.156009
8.353484 -11.644586
7.845371 -7.899164
8.389809 -9.366410
8.247303 -11.734281
3.030814 -16.542257
1.991349 -14.458354
2.498938 -14.454276
2.496558 -11.114649
0.466359 -10.264009
2.501117 -11.322175
0.302846 -5.779119
2.585606 -10.064369
2.753953 -13.217776
2.080840 -8.701718
5.114613 -6.166031
5.355082 -7.613130
3.957045 -8.040152
6.834329 -7.875812
10.125127 -0.861230
11.172391 -1.922088
7.489573 -2.657721
7.681917 -0.841241
0.979577 -1.073875
0.545438 -0.232135
0.881672 0.486000
7.066714 -0.680393
6.984076 -0.000300
3.549264 -4.123107
2.471213 -5.520916
2.814396 -5.340246
1.729869 -2.998071
1.509848 -2.797503
0.735522 -5.414156
2.179816 -5.008065
3.493927 -6.082864
4.856125 -6.920205
5.535410 -7.049908
4.587955 -7.223700
4.974325 -7.086615
6.138105 -5.627913
3.609776 -7.218793
1.035818 -10.346442
2.671043 -9.800087
1.263889 -11.881807
1.919631 -11.042064
5.733068 -13.398922
7.646031 -13.776448
8.168510 -12.341679
8.063583 -13.350314
7.355730 -18.114006
8.505074 -13.913338
9.008195 -15.232634
9.508740 -14.772099
1.805469 -12.556684
2.327574 -10.613593
4.285951 -7.321981
1.765932 -7.707635
2.533639 -5.362176
4.076191 -4.941208
5.519827 -7.040705
4.454735 -5.247131
3.675750 -7.396041
0.353269 -9.388028
2.636109 -9.380005
1.907416 -15.372126
1.303038 -13.488675
8.049893 -12.100697
4.130592 -14.307811
9.267360 -11.895984
8.405112 -14.115772
9.203884 -12.057718
11.049281 -12.932421
10.401711 -10.528333
8.708776 -9.141852
12.949445 -9.031758
8.539809 -9.677504
10.363864 -10.333005
10.108162 -9.000058
12.148848 -12.081407
8.352525 -12.403892
10.245159 -9.904842
9.313370 -12.049821
6.702165 -15.235600
6.483137 -13.502816
10.268287 -12.310104
9.743911 -10.040633
9.993862 -10.045952
7.942046 -11.127849
2.296210 -11.081927
4.699358 -7.075167
3.171639 -4.869245
3.680661 -6.975345
4.774196 -8.001847
6.053966 -6.836855
5.655717 -5.785018
4.642498 -7.512674
5.063334 -7.445501
1.138796 -9.739617
2.151196 -10.052741
1.984032 -7.692663
1.146387 -9.336224
2.043790 -9.343629
-0.635273 -12.185884
0.506957 -8.893918
-0.293174 -9.634871
1.590371 -11.428237
0.745993 -9.785872
1.603543 -9.380729
1.044733 -11.161708
-0.545313 -9.067571
2.198388 -5.424663
4.808468 -8.193927
5.881714 -7.349563
5.522967 -5.251571
2.307217 1.968048
2.646715 1.494125
1.415368 2.675602
2.893127 2.828689
4.042627 1.105770
7.947310 -0.676094
10.400223 1.256668
7.978959 0.046690
8.211287 0.128772
7.178176 -0.884743
8.155600 -0.928037
6.889513 -1.801720
6.771859 3.120054
5.691256 1.554130
3.713426 2.947827
4.083317 2.914377
4.725428 1.835006
5.228275 2.816358
4.363301 2.110592
5.232354 1.999891
3.967851 2.417296
4.006792 1.486242
5.889656 2.944174
7.749053 1.286916
8.365685 -1.240345
5.648517 2.043855
4.985078 2.144961
3.691725 2.029218
2.769914 1.130617
3.207963 1.300335
1.929885 2.047715
2.201076 1.921856
1.552193 0.099688
7.116525 -1.301759
11.814837 -8.738728
11.051444 -10.770020
6.911345 -8.200713
5.189389 -6.285737
-0.026623 -9.910031
5.217453 -7.077678
10.003824 -2.525919
8.331919 -2.115725
7.820436 -2.709005
7.419047 -1.760177
5.008926 -6.285037
7.070598 -14.295972
1.991659 -13.376184
3.231078 -7.780610
9.135368 -9.553869
5.715210 -8.120734
2.771608 -7.398709
4.491947 -7.205207
5.862062 -7.832365
0.849209 -11.710609
2.579402 -11.307130
2.326239 -9.093840
5.257253 -6.839281
6.118843 -5.570323
2.671628 -6.863912
4.699353 -6.299488
4.532512 -4.867023
11.331006 -6.557310
9.245811 -10.866908
8.131086 -10.668369
8.152569 -13.528859
7.079887 -13.304908
9.149564 -13.006349
9.621856 -9.667246
7.905819 -12.323102
2.655843 -13.426724
2.105197 -11.459847
0.172248 -8.413905
1.945813 -10.840337
-0.563524 -9.578546
1.672948 -12.340378
-0.190151 -12.529935
2.188472 -10.419781
1.130524 -11.306334
0.807896 -10.806158
2.591326 -8.806226
2.167940 -7.037905
3.716188 -7.035687
1.991371 -7.126218
7.668353 -8.072770
7.293676 -8.012094
7.026703 -8.067763
6.274989 -7.962409
2.429081 -5.944523
4.759984 -5.126995
5.922601 -4.133496
3.718622 -5.017735
1.693143 -5.663640
1.601095 -2.478551
1.648928 0.022593
2.152981 2.269018
3.676194 1.985929
2.539665 1.382569
3.495668 2.955503
4.785468 1.614025
4.835952 1.418659
4.133333 1.980443
4.635773 2.032039
3.251798 1.788145
4.367956 1.783660
5.371737 1.463248
4.076874 1.606793
5.795931 2.068119
3.921251 2.100885
5.033907 2.596850
6.284290 1.271192
8.473919 1.063121
7.093724 -0.822580
7.497530 -1.855601
6.958152 -1.407717
6.876517 1.641096
5.653498 3.074389
3.156873 8.009561
