9.834158 -11.157869
9.114639 -9.380701
12.197535 -9.495746
8.870532 -10.139106
8.457716 -11.326063
7.828903 -16.612478
5.668969 -18.040411
4.744354 -15.109367
0.854726 -11.519799
5.031703 -15.111238
5.762896 -14.891216
5.850063 -13.686451
1.209760 -14.957210
-2.047054 -13.900849
1.757031 -8.393712
2.253277 -6.843176
2.358896 -7.415701
2.356255 -8.514571
2.814766 -6.688039
3.306799 -7.339694
5.759152 -7.987348
2.900081 -5.466852
3.577391 -7.647369
4.151450 -8.102771
3.581109 -5.662184
5.915191 -5.914556
4.450749 -6.165606
5.421890 -7.611727
-1.624077 -9.026990
2.769057 -11.222654
2.246155 -9.762849
1.047797 -9.091239
1.165619 -9.550352
0.624566 -10.859118
1.839568 -9.924441
0.595226 -10.310800
-1.945246 -12.679953
