2.705237 8.503083
1.386062 7.129658
-0.960490 4.916816
-0.613076 4.114925
-1.800821 2.995600
-1.062451 3.476597
-2.598995 4.010181
-2.724244 4.618774
-1.164195 3.723382
-2.674432 3.213513
-2.315775 4.594645
-2.261281 2.785476
-6.359247 6.075411
-6.489617 6.165649
-3.705115 6.028393
-2.570439 4.800510
-1.841276 4.207753
-1.475059 3.952569
-2.526391 6.293122
-5.448621 7.713068
-7.068917 6.982204
-7.025032 6.221284
-6.925245 6.144906
-3.148114 6.103392
-3.058594 3.031157
-2.352401 4.204773
-2.118038 5.993780
-2.397162 3.044493
-3.075475 5.802679
-6.328009 -0.125188
-6.904605 0.126704
-10.013013 1.800627
-9.413050 3.089421
-8.839225 2.314399
-8.570869 3.118004
-2.799966 2.989028
-1.334471 1.237767
-2.387466 0.289275
-2.235638 1.062100
-1.088281 1.408722
-2.349932 0.909404
-2.693792 2.403825
-3.017288 2.943304
-2.515723 0.934290
-2.995188 1.864522
-2.312995 -0.015157
-6.148561 0.554122
-5.169538 -0.231896
-6.578468 -0.539216
-10.782932 1.133353
-13.812368 3.277924
-9.239555 3.217534
-9.232788 1.734989
-9.168658 2.215194
-9.276514 1.693967
-11.997355 3.238666
-5.667107 -2.036784
-2.363443 -1.724766
-4.539301 0.420323
-2.595123 4.020107
-3.049106 3.678455
-4.555464 6.015653
-5.954841 7.155903
-6.141559 7.610690
-4.462976 7.238777
-7.078009 6.042155
-7.274425 7.296564
-5.543849 7.635084
-6.787913 7.267384
-5.703999 7.306556
-6.983767 6.729363
-8.412253 9.522796
-6.057480 6.333825
-6.572038 7.393471
-4.703475 8.746849
-8.595198 9.222655
-9.256454 9.399174
-7.461406 8.552051
-7.533320 7.919767
-6.386586 0.793276
-13.522898 2.843373
-12.899395 9.247395
-10.866985 3.160415
-8.131882 0.746126
-9.770371 1.396588
-9.743036 2.405507
-10.440865 1.822812
-12.103886 2.960738
-9.631284 2.191308
-8.311250 2.026616
-14.320940 2.497209
-9.356944 3.186930
-8.631721 2.179806
-9.924755 2.468651
-8.658739 3.027631
-6.522680 7.546601
-7.612284 7.028871
-6.665632 6.943047
-8.743403 9.832782
-9.801973 9.634844
-8.875870 10.501987
-6.643447 8.423767
-5.162049 10.574739
-5.452129 9.671388
-7.314760 6.306925
-7.677163 6.875738
-5.617929 9.798098
-5.252950 8.668262
-10.656174 10.411647
-15.974529 6.970547
-17.486443 6.210259
-13.711362 7.298174
-13.370518 9.992945
-7.413245 8.977722
-6.222452 8.185451
-7.626760 7.693983
-7.710751 8.685917
-9.593908 9.920088
-8.685908 10.901896
-7.291243 7.649427
-6.174141 8.118647
-5.569596 7.131116
-4.723358 6.810734
-4.185289 5.974495
-3.149545 6.454013
-3.288340 6.051678
-4.906590 6.282487
-7.924946 5.989270
-5.480208 6.039579
-5.700606 6.808114
-3.558650 6.490640
-0.188533 4.977222
-1.998241 4.019332
0.502783 2.342013
-2.381449 3.338840
-2.305626 4.187279
-1.744293 2.780624
-2.363859 2.882219
-1.753920 3.835008
-1.453156 4.637878
-0.689477 2.144756
-0.488719 2.070859
-0.992232 0.564892
-4.002852 0.673121
-5.943554 -0.552799
-5.482059 0.803541
-7.103581 0.814810
-15.527538 1.430638
