-2.908648 -6.911062
-0.205602 -8.415069
0.849435 -7.752539
1.057145 -6.723586
1.925685 -6.568608
5.078503 -4.838693
1.948169 -8.535706
0.487049 -2.416951
0.575013 -0.597579
0.794799 0.188813
1.389546 0.333103
0.678715 0.663325
2.628428 1.985148
4.816700 2.002273
3.924337 2.504770
4.672140 1.927875
3.772524 1.235400
5.910942 2.124365
5.891644 1.309150
7.058807 1.838999
6.552801 1.732514
8.260460 1.464946
6.874270 -0.805348
9.998226 -0.287099
8.770943 -2.220384
7.904953 -1.850793
7.637131 0.501260
10.206029 -1.074415
9.020357 2.045332
6.883906 -2.512382
1.374828 -3.691857
0.847092 -2.441343
0.065021 -2.131880
4.247972 -6.645938
5.053487 -4.458264
3.636944 -4.077973
4.439799 -4.844283
3.183922 -6.258768
4.628959 -5.786905
4.386358 -5.084968
4.679077 -7.058031
4.225011 -6.768071
5.086589 -5.140973
4.771210 -6.527689
2.953131 -4.863801
2.145155 -5.560994
4.611062 -7.656453
2.414573 -7.849027
9.313572 -7.853405
8.850132 -9.910664
10.682652 -8.630694
11.228354 -9.238097
9.290580 -8.928260
9.322248 -8.557452
8.408053 -10.035776
10.005046 -9.892186
10.987597 -8.205624
11.259136 -8.371942
10.464948 -9.388419
7.912742 -8.039524
8.025202 -11.417890
9.424553 -10.919837
9.158040 -12.817879
17.522421 -14.629953
