15.123395 7.241102
14.056684 3.179564
10.732179 2.339324
7.225409 -0.826680
8.289950 -2.260700
7.186168 -2.320075
6.965345 -0.154480
6.740828 1.814605
6.260872 2.049328
5.488060 1.923857
5.327361 2.841334
3.615367 2.150116
0.803595 1.256661
-1.009696 -0.064415
1.500806 -0.413610
0.420599 -4.301085
3.438731 -7.749136
-0.256107 -10.201999
2.335369 -8.823040
0.945842 -7.527427
3.586261 -7.992362
4.781549 -7.958823
4.404512 -7.138007
2.340095 -4.984599
5.458757 -5.150084
5.803057 -6.710568
0.403325 -11.621853
-1.057736 -8.543363
2.613571 -11.496898
7.881228 -8.139516
5.925676 -5.053898
5.278543 -6.086846
9.234682 -1.289742
10.156132 1.679331
6.013892 1.771792
7.559425 1.179999
4.528271 -5.048461
2.895353 -5.122602
2.022019 -6.991177
4.841016 -6.680354
8.471799 -11.355245
1.409987 -13.420242
2.372722 -14.906359
9.075024 -9.708495
8.081686 -8.986436
9.915538 -8.087184
10.864862 -10.537069
13.761499 -13.342561
7.798249 -7.826550
9.828049 -8.199655
8.647978 -8.594508
8.935251 -10.289933
8.629789 -8.966536
10.862140 -12.114792
12.312996 -5.893660
9.975111 -12.826577
8.568670 -12.374507
9.389881 -11.990054
0.634224 -9.725529
1.174193 -8.215349
6.995830 -8.088193
8.709382 -8.619406
2.168343 -9.736980
0.763780 -8.748264
6.750977 -14.019481
5.155898 -7.517548
2.695974 -10.674835
2.479659 -8.080701
2.605040 -11.256042
0.490000 -12.503943
2.671064 -12.101498
6.267516 -13.410267
5.448296 -13.597581
2.209978 -10.807122
1.922225 -10.245193
2.792270 -9.677056
0.597770 -8.984504
0.896604 -7.885971
6.559630 -8.155563
5.315498 -7.588771
3.739608 -7.223262
3.237029 -7.211348
4.715992 -8.023015
2.715871 -10.194009
2.755740 -11.133502
0.812323 -9.031596
1.162903 -9.850944
2.772326 -8.693613
5.589780 -7.818342
5.079565 -5.994964
10.240932 -8.952463
7.891549 -8.852069
7.966251 -9.062332
6.170185 -7.925236
8.435135 -11.120754
8.528811 -9.942487
8.717610 -10.837317
3.820565 -7.298975
-0.102107 -10.518525
1.984917 -11.079619
3.016142 -14.423963
-1.068810 -9.799142
1.208383 -10.147119
2.873781 -7.188360
8.310026 -9.377215
9.239002 -9.829839
8.332980 -8.491170
8.856670 -8.678163
9.447909 -9.978930
9.491997 -9.953523
7.833174 -8.025430
2.914988 -7.689867
4.533067 -6.764463
5.148236 -6.443360
2.909168 -7.988272
2.263075 -8.332185
1.272503 -6.626002
5.675917 -5.812334
8.464518 -8.971729
11.049715 -9.388993
8.241934 -9.567685
9.948544 -12.610335
10.868348 -12.950027
9.002410 -11.359206
9.540343 -14.794013
9.740885 -15.404130
8.076432 -12.823263
11.064978 -9.623116
12.135998 -7.054254
15.497343 -6.056456
12.751984 -2.929577
15.654012 -4.004814
12.723795 -4.731540
12.275242 -6.265285
12.586934 -4.615512
13.664976 -1.463487
10.024221 -1.920515
9.265930 -1.691788
7.460751 -2.429487
7.510788 3.390564
6.081772 2.392162
3.669002 1.129693
2.590230 1.469381
3.606035 1.212626
4.220625 1.107829
1.898452 -4.530732
-0.511265 -4.640532
2.798624 -4.535903
5.334722 -5.154826
1.670269 -0.037716
-0.201214 1.705663
1.071093 0.276873
0.309785 0.577145
1.598771 1.667453
1.275871 1.187755
1.248680 -1.327062
0.877061 1.237043
1.722181 -0.366134
0.502194 0.212157
1.055638 0.869154
1.717481 -0.324263
2.187568 1.285015
3.285473 1.358952
2.784231 1.516056
2.744651 1.442974
2.543459 1.720976
2.413982 2.095232
0.253507 -1.068028
-0.119769 -0.161560
1.310350 -0.179156
1.802852 -4.352682
1.810037 -4.196424
3.631365 -4.047200
3.979533 -6.082868
5.127264 -5.739774
5.443397 -5.477343
3.007851 -6.217114
4.660321 -5.482286
5.035668 -4.337439
3.231514 -5.331518
3.499374 -7.793948
0.703636 -8.426955
2.132907 -10.826003
0.616961 -12.905303
6.518400 -17.400030
1.823386 -12.092807
0.923189 -14.163756
2.308015 -13.973369
2.675845 -12.609141
2.910878 -6.074850
3.574604 -6.409797
1.458384 -5.345067
2.609991 -8.770303
2.657573 -9.460535
2.789623 -7.927332
3.826491 -8.034183
6.135161 -6.531810
3.653084 -7.846933
6.131298 -7.614765
6.058016 -7.578621
-1.420693 -8.985549
2.192744 -9.256392
4.259279 -4.459255
5.848283 -5.759911
1.798450 -8.887712
1.288658 -10.163100
-0.448154 -11.151795
1.235362 -9.737214
2.424791 -9.079658
2.682386 -10.558447
2.189349 -8.000119
2.196891 -8.349774
5.571847 -6.400809
5.528517 -7.232808
4.261434 -6.007859
3.616012 -6.498342
2.438871 -7.533247
0.657620 -10.161689
1.871183 -8.934003
3.971418 -5.552091
3.991782 -8.083110
6.799759 -7.844520
13.256232 -9.291915
11.135600 -10.027097
9.388632 -9.836064
9.747495 -10.756798
11.477726 -11.887882
8.665230 -10.302151
8.545355 -8.674922
8.905615 -13.415057
7.822434 -13.677472
0.344449 -14.500939
1.931853 -9.843775
2.183380 -10.740219
2.794255 -7.094665
5.164122 -8.004729
5.535378 -6.414938
5.522876 -7.776612
10.052711 -8.083233
1.510648 -7.431144
1.442748 -8.471180
8.985891 -10.536429
11.404076 -8.840607
10.947699 -12.399465
12.007435 -10.216241
11.533915 -9.466458
8.215252 -13.599235
11.820067 -14.982875
8.658762 -10.269128
8.356061 -9.999139
8.422478 -9.513267
4.322598 -5.254646
5.348675 -5.780523
5.816633 -5.118877
4.732768 -4.465421
3.001949 -7.834744
7.633982 -2.450137
7.412831 -2.263130
8.032950 -7.882683
9.727085 -12.287793
8.642214 -9.829539
11.405778 -10.671672
3.144536 -6.164827
3.728862 -6.903794
5.992918 -5.076114
3.277683 -4.526791
2.501020 -8.985110
2.267488 -9.473062
0.895921 -11.959815
6.193625 -15.695075
2.708474 -8.914144
2.828729 -6.699596
4.819132 -7.241884
3.610256 -6.849682
8.894014 -8.953479
10.175265 -12.722274
7.872408 -11.178380
1.934505 -10.430441
1.185651 -9.873624
4.816090 -8.004959
5.829118 -4.243173
3.688275 -7.245912
0.317459 -7.139482
4.308702 -7.977949
1.467277 -6.794089
5.762981 -7.907598
8.928454 -14.295398
9.546053 -11.106197
13.215105 -14.046800
9.234740 -13.202146
7.957382 -11.006049
8.098074 -10.549165
11.943257 -9.968829
7.355591 -14.712972
7.939994 -13.159970
8.009556 -10.628439
4.857935 -8.155002
8.304014 -11.800321
8.691647 -14.869756
8.624968 -8.933941
8.689415 -10.569609
5.152102 -8.185496
1.801114 -10.404588
0.489438 -9.287868
-0.118712 -14.915447
1.763397 -15.594672
6.889862 -15.033383
11.627625 -9.449840
8.546357 -10.475293
14.062449 -12.858844
10.342880 -9.012937
9.513510 -8.493249
9.624038 -11.133584
8.347282 -8.863535
11.342932 -11.377894
9.459949 -9.413741
12.070874 -10.293586
9.376389 -10.806585
8.388287 -10.340223
8.063512 -9.827617
8.514057 -11.761613
8.113343 -9.907689
1.026930 -11.799384
0.968154 -9.536931
1.503870 -9.879809
0.853086 -11.106830
1.772100 -9.188581
1.933618 -8.942492
2.557685 -6.361910
3.385640 -8.011332
3.802235 -8.176074
3.698033 -7.821750
3.029142 -8.091294
1.173463 -9.194634
1.553402 -11.131537
2.530286 -9.241997
5.034222 -13.446378
3.841331 -14.300467
4.805796 -14.154954
5.829567 -15.872100
2.147151 -13.547542
3.865493 -13.539924
-1.383428 -15.572073
1.138466 -11.102115
1.650551 -10.807845
2.638776 -9.359844
0.399271 -11.343187
1.362008 -5.595413
3.264371 -7.798141
3.383125 -4.515007
3.177802 -8.154214
2.260743 -10.882238
2.482827 -15.340710
7.971314 -19.324905
6.567833 -16.119261
4.625278 -13.266940
5.245351 -14.382068
0.672607 -15.024470
2.661471 -14.212958
8.595854 -15.046322
7.205815 -15.846638
5.040802 -15.233590
9.421334 -13.143761
8.268199 -8.630179
8.225526 -10.205760
11.234570 -10.165388
5.945399 -8.190325
6.037068 -5.944239
3.594046 -6.694703
0.306153 -10.468397
1.854408 -9.331847
2.796502 -6.948318
5.805481 -5.860536
3.137064 -5.808938
4.416642 -5.959842
5.037653 -7.729739
7.733684 -8.045556
14.078142 -12.745537
11.230244 -10.286175
8.258795 -8.374516
10.979106 -12.098908
10.305838 -10.680354
8.398896 -8.985943
10.514561 -12.963708
12.579859 -12.498694
10.162299 -10.004889
8.316105 -8.613065
11.048271 -12.605205
8.166134 -9.041300
8.684709 -10.012061
8.808190 -9.726480
0.968472 -12.942431
1.428315 -8.441337
0.121181 -10.864810
2.712385 -6.606287
1.093328 -6.197574
2.199333 -5.572405
2.142668 -9.233594
2.167483 -7.486405
4.427123 -7.216100
3.284969 -6.957024
4.274043 -5.862855
5.911130 -5.751728
-1.424591 -9.840488
1.725262 -9.793525
1.434062 -10.245851
2.761153 -10.183608
0.541894 -11.983726
3.330939 -8.151784
5.044735 -5.483268
5.263815 -7.785888
2.870865 -7.483263
3.101657 -7.567003
5.873747 -8.159839
6.088008 -5.695809
9.893599 -0.819662
11.528296 -5.997714
12.251374 -11.600760
12.002521 -11.089639
11.297932 -7.940677
8.161842 -9.095828
9.290981 -10.705224
9.659824 -11.270116
3.464149 -4.642835
5.110513 -6.179047
4.009432 -7.086004
5.254895 -7.258680
3.969550 -6.684176
-0.056584 -8.328196
1.145753 -10.822317
3.012898 -7.329716
0.599324 -8.116150
2.581307 -9.868206
2.561343 -10.073875
0.708314 -11.716540
0.729831 -12.487100
2.028560 -10.199230
1.067197 -9.338279
1.984330 -10.617633
1.788063 -12.265552
2.806381 -10.550876
2.221987 -11.726380
-0.621863 -11.871205
-0.385607 -10.145809
3.565442 -7.531520
3.922601 -5.994612
2.644975 -7.850271
5.195075 -6.386311
2.469099 -8.295397
1.473444 -9.758536
1.943491 -7.701274
0.873342 -8.870183
1.452684 -12.390094
-0.861761 -11.423072
5.416171 -13.970579
6.416366 -16.102009
3.632677 -13.322062
6.765205 -14.789759
9.649042 -13.723041
7.995197 -9.765206
8.259645 -11.029646
9.314131 -11.203414
8.754091 -10.820468
9.020279 -11.016204
10.419509 -10.169464
10.756275 -10.865652
10.686028 -10.046332
0.529958 -11.053420
1.098379 -11.273135
-0.265361 -11.117679
1.761937 -11.365068
0.195291 -12.034572
-0.757141 -9.318042
0.164976 -9.987037
0.854955 -10.972864
-3.054398 -12.511082
1.150052 -15.029944
6.872687 -13.545386
9.019053 -13.906960
8.807331 -9.896806
7.724781 -7.893191
8.874405 -9.287578
7.866387 -8.233388
1.912462 -11.873926
0.126711 -7.047836
3.624699 -8.082090
3.541538 -6.875456
4.920610 -6.963382
2.867695 -7.513392
2.279673 -8.169357
7.649511 -8.123251
10.574617 -9.087072
10.786325 -10.809316
8.406997 -10.365920
11.305008 -9.931248
8.614557 -10.200541
10.327866 -11.795115
10.442833 -10.635068
9.459735 -10.830070
12.093721 -13.941109
8.640114 -11.111974
8.988047 -10.027976
9.098433 -11.836098
6.470190 -15.179242
5.308554 -13.946409
6.041467 -13.799300
0.039169 -16.105734
-3.693273 -9.879333
-0.584476 -11.921351
2.392303 -11.627458
2.632534 -7.588323
2.403722 -9.242633
2.355160 -9.089688
2.632353 -5.056028
5.844372 -6.643783
-1.574542 -9.247771
-0.130875 -11.453584
2.426371 -10.284247
0.124756 -11.300908
4.879633 -15.087842
-1.430948 -12.126763
0.738240 -10.782231
1.559537 -10.075391
-2.732719 -10.203638
0.147059 -9.690858
2.200279 -10.708444
0.487885 -11.394292
-2.111034 -12.777190
3.784875 -13.414140
6.143294 -14.137439
3.713097 -14.984557
4.466523 -13.921297
8.760058 -14.686006
8.705460 -10.918736
9.398575 -10.849790
5.274821 -8.141595
5.453768 -7.949011
6.228992 -7.877318
2.231796 -9.157340
2.824758 -11.130338
1.854633 -11.178262
0.947433 -12.474908
2.406789 -13.380694
-0.425566 -9.845443
1.985129 -8.128978
-0.603004 -11.285493
-2.798184 -10.914100
4.410069 -7.124499
5.410124 -7.710301
3.980623 -4.388049
4.992003 -5.312207
9.028524 -10.140041
12.793552 -9.828721
11.991590 -9.019565
11.698036 -8.414399
9.928188 -11.393035
10.976153 -9.115956
11.070608 -10.127422
7.775043 -8.125276
2.469796 -7.139515
5.752995 -7.117702
4.504379 -7.227343
2.981969 -6.467603
5.768298 -6.484118
5.529140 -6.536040
4.850622 -6.264309
4.700346 -7.978761
8.531338 -9.668456
4.871832 -6.732503
8.226895 -0.943641
7.121232 -1.314132
7.529646 -7.827300
7.894255 -8.683165
8.219101 -8.506894
8.101293 -10.345904
8.042309 -11.374190
7.888962 -11.074420
7.959402 -11.214925
8.053561 -10.210380
7.853627 -14.153615
8.223878 -11.200082
1.949398 -8.531499
1.456047 -11.259015
1.653968 -10.793046
0.516829 -10.193854
0.275154 -9.668155
1.175428 -10.039663
0.303866 -8.321105
4.327158 -7.887816
4.980495 -7.393244
5.086230 -6.421433
5.515633 -4.849848
2.606011 -7.806468
-0.802982 -8.457530
2.400179 -7.131584
0.600178 -10.525322
1.826009 -10.427047
8.006453 -9.780803
9.593185 -11.713690
8.639497 -14.369679
9.713799 -11.075715
8.756151 -10.528658
13.758999 -12.512549
8.357882 -10.251094
7.987246 -10.079762
9.256043 -13.907369
5.438908 -15.037526
4.315742 -13.995952
-1.097351 -12.622205
0.477019 -9.775717
-0.226530 -10.839167
0.173499 -9.894748
2.709081 -9.534975
2.009244 -9.157510
4.523343 -13.497261
3.365070 -7.937768
0.699867 -10.553164
2.563434 -10.519151
9.251364 -14.225285
9.210120 -12.002261
11.787094 -15.616885
12.525969 -11.125337
7.998644 -10.200297
9.275548 -12.792060
13.202850 -12.413863
8.962965 -17.586514
8.123432 -17.243479
6.296041 -14.899125
4.336501 -13.513287
8.703300 -10.020654
8.689347 -8.566217
-2.148031 -10.564633
-0.966071 -13.108087
1.316514 -10.957729
-1.157857 -11.226254
1.603048 -11.226198
2.648845 -10.942798
1.558316 -8.745763
3.335557 -7.118963
2.096798 -6.317457
2.945801 -6.710515
2.258805 -10.691049
1.870222 -8.799266
2.391329 -8.634553
3.069228 -5.967021
6.657960 -7.863044
8.230151 -2.580816
10.745857 -2.663944
11.763830 -4.304680
13.307574 -6.228753
9.715525 -1.949814
8.440654 -2.258445
7.245167 -2.439905
7.013072 -1.741885
8.652222 -1.339108
8.999080 -0.673955
7.038875 -0.641908
11.834696 -4.003431
3.382318 -7.007230
4.598723 -6.622720
6.101112 -8.072257
8.537242 -10.443052
9.527143 -10.511759
10.322588 -12.465391
8.932878 -12.859450
8.652465 -8.246442
8.546861 -9.134303
10.220229 -8.004324
4.821217 -5.933321
5.108606 -7.431595
5.099705 -7.702483
2.211081 -7.384723
3.936672 -5.791850
6.116470 -8.053365
8.376634 -8.835033
10.257806 -7.830638
9.802526 -8.127587
12.130545 -8.902381
7.814853 -1.824671
8.363140 -0.351640
10.460407 -1.497792
2.866511 -6.493324
3.520054 -4.766022
2.353220 -6.630247
2.450218 -3.979227
4.509054 -6.605201
5.239119 -5.642403
5.293768 -7.360462
4.725294 -4.938157
9.277360 -1.952048
9.012893 -0.628216
8.496371 -1.799100
6.080273 -5.533205
4.024171 -4.819682
6.848747 -2.374440
5.550182 -5.780232
6.775522 -7.893154
5.648495 -8.169290
2.026581 -6.823673
-0.046629 -9.714931
1.723576 -9.758515
2.085089 -8.721259
0.854324 -9.715493
2.305949 -8.392987
8.600907 -10.977774
10.221584 -12.325712
8.662239 -10.779999
8.291649 -10.344221
8.330952 -10.658835
7.864521 -9.027258
8.508934 -11.815213
9.310757 -11.051271
10.472017 -11.826555
9.400027 -11.295051
2.381846 -11.519875
1.999574 -12.950042
2.386876 -9.537062
2.899862 -7.841666
4.014394 -6.266342
4.738411 -4.029038
3.116697 -7.809650
5.868947 -7.959521
4.370787 -7.669239
5.960149 -6.189501
4.925815 -8.142322
5.504199 -7.697254
6.019099 -7.703066
5.892431 -6.425715
4.805441 -6.462723
4.487016 -4.570529
3.606819 -5.653829
2.126975 -5.622269
7.300398 -2.724379
2.700290 -7.947753
7.881837 -8.155858
8.514626 -13.150046
8.004707 -10.447106
16.077744 -10.964925
11.319854 -11.893680
7.937733 -9.837989
9.348749 -8.870759
10.118361 -8.648548
8.812029 -10.852321
9.823062 -11.977283
9.359106 -9.133740
10.449412 -10.025571
9.969196 -13.691780
12.396463 -12.048959
8.967830 -12.096768
9.888340 -9.609862
8.821335 -9.713831
8.587941 -12.810553
6.658875 -13.956304
6.829529 -13.435737
5.933233 -13.607018
5.457973 -13.416160
-3.126745 -14.209125
1.102389 -12.155278
0.783011 -10.168117
-1.017257 -11.578935
0.780600 -10.358770
2.198472 -9.912640
1.568392 -6.502541
2.488894 -10.480880
1.234398 -11.222831
1.764952 -8.470114
4.160545 -6.373327
4.288264 -4.507267
2.572920 -8.694325
2.109058 -10.039091
2.237166 -9.609055
2.736790 -10.103471
0.204220 -11.010483
2.593274 -12.582208
2.533341 -12.891608
5.456954 -6.922614
2.409628 -6.417517
3.834999 -13.845248
6.026354 -14.765794
7.094584 -13.663131
12.764609 -11.349643
7.880207 -10.876552
9.419373 -14.792027
7.097409 -13.223403
6.267047 -13.324927
0.838737 -13.433501
2.296847 -10.942474
2.212292 -9.411055
2.459252 -9.987720
1.700527 -7.309637
4.279938 -7.387487
4.248041 -7.277431
6.067000 -6.513062
4.914195 -7.969715
3.336738 -6.306052
2.547193 -8.365775
4.901926 -6.353705
5.822198 -6.360247
5.874972 -6.370893
5.167255 -3.984422
7.201488 0.012542
8.501822 1.338482
6.129409 1.943389
3.407436 1.147613
2.975477 1.546370
1.627961 1.323786
3.374853 1.259007
0.971789 2.119654
4.651591 1.321410
6.095809 1.364372
6.973928 -0.332840
7.542082 -0.568604
8.418138 -2.651314
7.399222 -2.683328
10.167237 -10.303353
8.170448 -11.187518
8.084055 -9.324482
13.334816 -11.640271
7.274116 -7.819330
2.723771 -7.823411
5.847043 -4.777217
5.118474 -4.498787
4.165318 -7.105139
5.748562 -8.062024
5.690771 -5.492550
5.820804 -4.655053
3.640551 -5.966163
6.884509 -7.877366
8.525176 -8.894430
8.546849 -11.378949
9.170694 -12.981152
3.388098 -7.387762
5.751007 -6.415845
3.412915 -6.033514
5.466124 -8.132474
8.416712 -8.032383
6.899476 -8.043607
1.764109 -6.844424
1.299778 -11.302070
3.476140 -14.134896
6.959001 -16.083456
11.039740 -13.409461
8.084315 -12.015244
7.962057 -11.165053
8.507145 -9.222372
8.764708 -9.180638
7.843710 -9.507467
8.240163 -9.305692
10.943178 -12.113555
8.883575 -16.770178
1.629055 -9.380688
1.557112 -14.895620
2.772242 -11.978965
1.994258 -12.500598
1.276761 -10.040375
0.578844 -10.313665
2.001883 -10.183932
1.715550 -10.859735
1.244548 -14.534101
1.732662 -10.103840
-0.451551 -8.806434
0.722192 -6.836422
3.968620 -8.161817
5.395935 -6.773162
4.555943 -6.589967
2.779781 -6.762656
4.505778 -5.252917
5.645595 -5.063374
3.857713 -4.174030
8.896713 1.837826
6.757136 1.124546
7.742320 -0.607555
7.274198 0.689791
7.688998 -2.280063
7.147339 0.464721
6.119144 1.170628
7.171345 2.449181
5.477276 4.144802
5.957192 2.167484
3.552630 2.289685
1.868524 1.279103
1.458782 2.049631
1.455033 -0.645301
1.657597 -0.046876
5.493246 1.171424
7.656924 1.050765
7.849929 1.504502
7.321506 -0.098466
8.196215 0.285252
9.731189 -1.475740
9.241144 1.997059
7.143889 0.593773
4.274194 2.022128
4.156219 1.318470
2.983081 2.164650
2.926785 1.451843
5.787016 -4.544862
4.078082 -5.754387
4.813395 -6.391755
9.398521 -9.947791
5.198416 -6.956377
5.296678 -8.126954
8.274257 -8.670711
5.900783 -5.257351
3.630660 -5.424317
6.476326 -8.172845
6.733209 -7.848060
8.571533 -9.834347
7.876388 -9.610198
9.605690 -9.505740
9.599174 -10.487344
8.333597 -8.329403
5.023031 -7.472335
0.549806 -8.467411
1.789610 -9.505790
1.891345 -10.971395
4.582562 -13.661588
5.263801 -13.235202
9.081452 -13.444258
8.354729 -9.637963
8.303491 -10.034289
8.281095 -8.130475
9.032389 -10.171769
8.297012 -9.745610
8.837674 -8.313163
7.729172 -8.136191
5.044726 -7.305179
5.371269 -7.823802
4.400946 -8.198287
3.838037 -6.957812
3.280339 -7.393880
5.935125 -8.109892
2.425560 -7.882537
2.530285 -10.554138
2.462155 -9.061505
2.332438 -8.443521
1.961690 -9.511300
4.679626 -7.871089
4.633175 -8.139211
4.714537 -8.018792
2.490054 -9.539291
5.321573 -7.913610
5.717192 -7.438755
3.477266 -6.858911
3.725898 -7.432680
7.307651 -13.291729
4.313735 -13.519372
0.769366 -11.809554
2.715929 -12.299199
6.535223 -7.822193
6.539922 -14.386434
9.734188 -14.609153
8.114172 -10.200738
10.709203 -8.941253
9.644176 -8.490838
8.364962 -11.539126
8.694389 -10.191400
12.210777 -10.353873
12.323243 -4.647294
1.895894 -5.683685
3.802187 -4.223827
4.677040 -4.480948
9.518036 -10.614622
8.812449 -13.418896
8.034061 -10.964948
8.620288 -10.379498
9.532871 -8.505641
8.876879 -7.974638
1.215435 -8.194933
6.932602 -8.166269
6.745250 -7.945257
3.725234 -8.070684
2.645835 -7.175314
1.017152 -9.581225
1.595036 -9.132443
2.102049 -11.499621
1.775529 -4.745425
1.253642 -5.883583
4.875388 -4.234448
5.527513 -6.203389
8.162994 -10.924588
10.489285 -10.519467
11.672372 -8.339046
9.950724 -7.981966
11.610666 -5.523083
11.302731 -6.446793
8.676208 -9.562697
9.255863 -9.210052
8.036561 -10.778424
5.971664 -7.989015
3.516097 -5.049374
4.680614 -7.916136
6.387702 -7.991743
8.242342 -8.110003
4.201593 -4.693851
4.828483 -5.787790
2.751505 -4.808668
2.663132 -5.518028
5.124302 -7.597777
0.478286 -7.250372
3.937291 -7.112163
2.231498 -8.558816
2.484661 -9.535180
2.390636 -12.540543
1.698413 -10.759774
4.039785 -16.142067
3.884762 -14.600707
16.523483 -13.912894
7.854617 -14.278335
9.257425 -10.221237
8.143324 -10.758914
8.136474 -8.397271
7.963542 -9.712830
9.929200 -10.797113
8.155757 -11.194198
5.638104 -7.821456
5.397693 -4.394331
4.788093 -7.338745
0.791775 0.598720
0.622367 -0.367650
1.766960 -2.429592
6.025362 -4.813991
6.143757 -7.467089
6.146575 -7.654828
11.399452 -7.005509
12.145667 -10.565233
9.171219 -9.778409
10.813200 -8.253823
11.422205 -6.231911
11.900160 -6.709510
9.671787 -9.291818
8.857334 -9.124024
8.377909 -10.004367
8.412483 -2.137994
10.112217 -0.131055
8.168176 -8.215695
5.745772 -5.003075
4.651016 -5.832181
2.463137 -8.329446
4.121691 -7.127575
5.025054 -7.335319
3.467676 -5.279273
3.334728 -6.145399
5.676940 -6.924517
1.552979 -9.462222
2.533017 -8.392085
5.494952 -8.011152
8.870327 -2.174453
8.548617 -0.670166
8.968654 -2.698874
10.402441 -8.626202
8.420927 -7.944464
7.454347 -15.107774
6.156494 -14.303084
1.987007 -14.068893
2.130762 -11.412009
1.681370 -12.070174
0.275158 -11.024956
10.541705 -11.700017
8.480848 -11.480393
10.767921 -11.640396
3.560274 -13.614001
0.033061 -8.330512
2.390729 -8.195678
2.252105 -12.141342
4.323717 -6.789289
4.896230 -6.502885
9.597446 -8.131589
13.802955 -11.396381
12.265633 -9.963627
8.229650 -8.451928
10.560112 -8.574962
11.984213 -11.708037
11.538602 -9.103614
8.201962 -11.201621
8.838852 -10.804874
8.558136 -7.917318
9.098395 -9.525778
8.540100 -11.573627
2.660315 -7.781488
4.543139 -8.161005
0.908753 -10.962954
-0.851965 -13.019215
0.243210 -16.631863
5.582112 -13.448861
7.808098 -13.935623
8.337235 -8.759084
11.875312 -12.949791
11.967423 -17.043165
7.842200 -11.741681
8.590240 -9.859492
7.917795 -8.672752
7.884426 -9.789994
8.952658 -9.722140
8.121717 -10.919490
8.733889 -13.359284
10.307051 -10.794580
10.030858 -9.216078
10.547346 -10.400525
7.962815 -10.705911
6.339474 2.896522
7.899223 2.487685
7.306082 -0.932249
5.321680 -6.007233
2.291606 -9.642846
0.407631 -10.244182
2.482148 -9.223379
3.078499 -7.233023
2.701880 -6.035918
4.178398 -8.107948
4.116820 -4.694310
4.925780 -8.044965
5.455408 -6.199280
0.908915 -9.107118
1.407271 -11.238429
2.808786 -11.103784
2.672613 -7.669687
3.145588 -8.035815
3.151894 -7.864309
3.669062 -7.356124
4.487844 -7.377804
4.788951 -5.273473
2.416111 -4.875040
4.884246 -7.580537
6.130589 -6.460558
5.450900 -7.989743
5.194996 -5.241104
0.584526 -10.994062
1.013987 -10.543107
2.608931 -9.291316
1.292822 -9.924319
1.524969 -10.999396
1.912698 -11.852911
2.155954 -13.036513
4.710196 -7.410855
5.436480 -5.777607
4.327904 -6.081822
7.231518 -7.885453
8.347369 -12.391783
2.753608 -8.851679
5.143245 -5.389685
5.000976 -7.941029
9.726965 -10.674058
9.381250 -11.853597
9.701089 -11.007660
9.706616 -10.903705
4.516865 -7.456140
5.144701 -6.537523
5.966435 -7.043888
4.790771 -5.623961
7.765673 0.789935
7.559105 -1.626819
4.979364 -6.418005
3.471396 -5.494422
5.640732 -4.472528
5.753085 -6.120946
2.205564 -6.690605
4.468260 -7.758068
4.056525 -5.021790
7.291408 -7.827989
6.918539 -0.535996
4.883797 1.142250
8.805513 1.191360
5.845522 -8.023150
5.091599 -7.762805
4.581573 -6.566003
5.214755 -6.261146
1.992973 -9.872663
0.303722 -9.559638
9.611553 -12.630346
9.641909 -10.917226
9.517159 -9.442251
8.187069 -8.436690
10.459015 -12.227149
11.283112 -10.203656
11.622777 -11.384604
2.606766 -9.915347
0.662316 -7.617064
4.354852 -7.880029
4.542583 -8.056024
3.626672 -7.533069
1.405971 -8.691114
2.804780 -13.945430
1.988263 -11.387448
0.282261 -11.236523
1.411847 -10.601626
1.508514 -8.275609
1.227970 -8.623108
2.204933 -5.377977
4.235984 -7.877245
4.557199 -4.905470
4.251803 -3.980069
4.301926 -4.271694
1.219350 -7.945516
2.254108 -9.999877
1.745531 -8.808065
4.023379 -7.119199
3.879190 -7.454928
5.089985 -4.655308
4.656868 -4.430928
0.416878 -3.849207
0.818699 -2.870660
1.039215 -1.494854
0.725954 0.292280
0.942042 -0.167642
1.193859 0.613837
1.844499 1.705376
2.926239 2.022717
4.794119 1.765275
2.860229 1.492976
4.435289 1.313225
3.881715 1.840993
5.848390 1.495566
1.751744 1.842274
3.159100 1.519753
1.178467 1.071239
0.722268 -1.942724
-0.329069 -3.773734
3.270035 -5.153368
0.822283 -8.459624
0.676591 -11.702823
-2.545588 -14.798773
