-14.100336 -4.747505
-11.514899 -3.591067
-7.661280 -2.580434
-8.670331 -1.750899
-9.078446 0.799511
-8.612207 0.207991
-9.793605 0.026667
-10.190386 1.813286
-11.810043 2.178723
-11.039585 2.734500
-10.638978 -1.876724
-5.822018 0.417633
-6.548475 -1.469787
-4.928302 -0.206349
-3.517697 -1.246803
-2.381465 2.745909
-2.537337 3.074065
-2.941026 5.196388
-3.130979 5.709768
-1.746269 7.264069
-1.356898 5.141871
-3.612693 6.416343
-4.623529 7.230220
-7.105037 6.296989
-6.713788 6.520525
-10.299825 8.684267
-10.833801 9.538864
-15.193727 6.099368
-13.138385 9.597665
-12.190597 8.856745
-15.313470 4.461693
-13.117714 7.544705
-13.627748 7.195803
-13.663183 1.636848
-10.628138 2.966349
-10.330763 3.409624
-8.823297 3.095989
-14.380322 6.081517
-13.891386 8.290041
-7.097404 8.421241
-7.842686 10.980640
-10.569286 12.042055
-7.670923 10.801631
-7.941615 7.040582
-6.419123 6.650119
-7.250074 6.035651
-7.339421 6.535161
-7.903273 7.040171
-6.390431 7.127175
-8.310698 8.998117
-4.843964 6.390466
-2.924398 6.936094
-2.321754 3.332292
-3.145080 2.220458
-2.989887 5.449680
-2.757744 1.959590
-0.707886 5.672594
-2.131687 6.031973
-5.046654 6.535553
-3.199855 6.281050
-6.140110 8.003922
-7.182747 6.040261
-6.742032 6.567440
-7.705283 7.190013
-6.766418 6.268129
-7.491563 8.772633
-7.599994 7.899074
-6.460551 6.953170
-4.133398 8.419067
-6.124525 6.895411
-4.270566 -0.673163
-3.839548 -0.143409
-5.349633 -1.411528
-4.039935 -2.177136
-3.756551 0.237970
-9.981971 3.089460
-8.867918 2.437193
-8.236391 3.113568
-8.374540 1.768527
-9.362982 2.861630
-9.805900 1.975093
-11.367693 -0.506256
-8.779131 0.758370
-2.887059 2.098465
-2.508971 3.996227
-3.852529 6.716907
-4.663177 6.049147
-7.226264 6.716968
-4.585968 6.174362
-3.280121 7.401388
-5.017465 7.313867
-7.526072 6.782650
-8.043146 9.002843
-8.741566 10.061809
-9.009059 9.353400
-5.011075 10.873870
-8.290043 13.565904
-11.952822 9.252851
-15.365740 8.873321
-13.302722 7.839274
-13.415790 4.122228
-18.101551 10.184519
-13.334988 7.693196
-16.932209 1.567142
-11.765442 3.276119
-10.529158 2.202330
-8.867119 2.831780
-14.134068 5.022089
-8.682858 2.393617
-9.605324 11.123966
-6.775838 11.080989
-7.841799 7.582977
-12.580992 9.719991
-13.526934 10.920863
-13.540997 10.066192
-14.024147 8.621071
-6.934117 8.164991
-7.326401 7.144483
-7.360962 9.499766
-6.294955 8.854922
-7.387458 6.242008
-5.480633 7.157882
-1.566964 5.192925
-4.101835 6.451840
-3.751623 7.386974
-6.576220 6.449702
-6.237966 5.948497
-4.868787 7.000743
-3.108914 6.276024
-3.050093 3.016851
-3.163871 4.114811
-2.220418 3.253214
-1.914212 1.456137
-3.347477 -0.735220
-4.650384 0.916519
-6.341073 0.841860
-2.773361 0.573461
-4.256721 0.567991
-2.139359 -0.325170
-2.276935 2.091139
-2.584200 3.739291
-4.023360 6.874618
-3.128443 7.652674
-6.220837 6.137452
-7.785751 7.288349
-5.671463 6.050746
-7.265147 6.309866
-11.324066 1.517693
-5.839570 10.539258
-9.225055 10.942996
-16.113630 6.475301
-15.157837 5.984533
-10.099269 3.420578
-9.172831 3.005369
-8.622241 3.270246
-12.990396 5.321741
-9.918856 2.967438
-10.096423 0.946352
-6.658231 0.313889
-7.838859 7.085866
-6.560701 7.361398
-6.580309 7.551730
-5.157181 6.436831
-5.179204 6.881311
-5.739400 6.756467
-7.342066 6.501329
-5.322287 7.010803
-2.915993 6.210961
-1.577568 3.558914
-5.953584 0.468354
-5.147942 0.734534
-3.773150 0.743668
-4.489195 -0.015058
-0.754010 1.498365
-1.766834 3.160110
-2.494288 4.229829
-2.853775 5.118155
-3.182575 2.999724
-2.737966 6.668644
-6.676931 6.731518
-6.320123 6.511086
-7.634509 7.092731
-5.576818 6.282126
-4.543131 7.014289
-3.375700 8.845650
-2.841554 5.363821
-2.266125 6.437809
-2.220454 4.431756
-1.582216 3.582834
0.242554 1.755444
-3.267466 0.842227
-8.780300 0.574841
-9.999372 2.912557
-8.622381 3.396935
-5.999610 7.389864
-5.716127 6.618011
-4.163089 6.901960
-2.978296 6.812613
-2.196307 5.193385
-2.651249 4.283203
-0.644327 3.675746
-2.894394 1.861835
-2.266016 2.580001
-2.632089 3.807278
-4.652586 6.930768
-6.778627 7.709237
-4.279714 7.574144
-7.358940 6.512496
-6.524324 0.639380
-5.229548 5.976929
-7.774999 6.124186
-5.543719 6.437177
-9.146249 2.117679
-8.505306 1.009395
-8.184798 -0.967244
-8.617033 -0.020952
-8.851076 2.809463
-10.766887 2.589878
-11.923271 2.788473
-11.110762 0.055948
-11.006655 2.446751
-8.669342 -0.705026
-7.342305 0.791757
-10.752234 3.478487
-7.268693 6.979475
-4.870496 6.768486
-4.073560 5.976243
-6.312775 7.222944
-5.945410 7.767836
-5.359782 7.131491
-5.876885 5.936060
-2.143514 4.497426
-3.062728 3.833800
-2.890865 5.328383
-2.635476 6.410191
-6.520944 6.496052
-6.842843 6.167758
-6.979610 6.885016
-6.182649 6.582723
-6.126529 6.443116
-6.945061 7.874752
-7.792013 7.805238
-4.674960 7.622338
-5.483247 7.568909
-3.808801 8.330298
-2.776487 4.896178
-2.886090 4.038362
-2.676181 3.532467
-0.018523 2.375276
-1.811363 4.725585
-2.718046 6.980273
-4.995328 6.584694
-5.546951 7.041711
-8.374522 9.036071
-9.354651 8.624564
-7.742033 10.795049
-7.403281 8.869054
-9.476997 8.556497
-7.646359 9.695423
-8.645254 8.788496
-11.968216 9.829616
-12.230846 11.318206
-13.010484 8.314887
-13.967145 7.796042
-13.396469 10.849189
-9.478632 8.783647
-11.244905 9.140947
-11.071068 10.288276
-19.452459 4.326554
-15.077080 8.073663
-11.668310 1.337571
-8.637466 2.990151
-8.976664 2.195603
-10.051743 2.963701
-9.987145 0.222844
-8.206606 1.571245
-8.523666 1.492662
-2.172837 1.036089
-2.477103 3.285285
-1.987483 3.816023
-1.617760 2.931491
-2.066580 5.508514
-2.637179 3.093989
-3.184888 2.357868
-2.482009 3.369787
-3.011960 2.284190
-3.473481 0.104250
-4.702338 0.371156
-7.464649 0.888403
-3.782714 -0.442361
-3.723507 0.929818
-1.372063 0.938654
-1.888170 2.176095
-1.366531 4.237641
-1.576830 2.858088
-3.127119 2.130278
-2.802392 1.297211
-2.764644 3.559566
-2.068290 2.869169
-2.727029 4.388191
-2.679844 5.939019
-4.638393 7.758960
-4.627027 6.993543
-4.842273 6.129179
-5.898049 7.174026
-5.773247 7.545753
-7.507082 6.602875
-7.408463 6.365838
-7.465784 7.031272
-6.538397 6.599285
-7.067720 8.079669
-8.979087 3.179387
-9.453808 2.775559
-10.330028 2.825963
-8.576452 0.362042
-7.723241 -0.742599
-10.051140 1.553080
-10.195867 3.384677
-7.971987 0.451694
-5.511231 -1.929934
-10.678211 0.586446
-8.780139 1.972697
-7.352168 -1.486910
-9.004898 0.220520
-9.765799 0.826612
-5.067356 -0.112614
-2.494794 0.628730
-1.609118 1.098969
-3.184118 3.769789
-4.699356 6.730248
-4.544164 6.442519
-4.708880 6.205367
-4.869006 6.155411
-6.204482 6.729839
-5.283503 9.749693
-7.232292 7.508678
-7.125489 8.217211
-5.803348 7.658725
-6.536569 6.309844
-7.135963 7.043262
-10.070398 3.426890
-13.126677 4.617601
-14.187996 6.023054
-15.649778 4.168240
-12.678341 3.317212
-16.708771 -3.169368
-13.053807 4.371887
-11.790056 3.111790
-10.033931 2.731666
-11.740903 2.609473
-4.486877 0.247811
-4.051350 0.048726
-5.097266 0.213748
-4.012359 0.829920
-3.963582 0.591740
-3.073074 1.839984
-1.814398 3.007592
-2.281003 2.844128
-6.383165 6.233231
-4.949632 6.236886
-6.218132 11.501625
-6.330517 7.309990
-6.984732 7.841810
-9.374484 10.229257
-12.107426 9.897259
-9.307165 9.149840
-5.613927 9.733088
-5.825130 6.600801
-7.517996 7.098211
-7.343658 7.424903
-5.176091 7.866642
-4.222768 8.733536
-1.721571 4.360566
-1.933525 5.430361
-4.510090 7.175677
-5.997242 6.373912
-7.731959 7.602086
-5.395038 7.303675
-8.413173 9.174678
-4.626001 6.202116
-4.541876 8.430820
-5.005984 8.332728
-8.604703 9.389622
-7.324312 8.450080
-6.726274 6.992933
-7.686044 6.241517
-6.785957 7.044089
-6.926471 6.470401
-5.484047 6.340588
-4.577222 6.206266
-2.759590 5.920224
-2.315151 4.141354
