-16.319040 15.674804
-5.762597 8.718334
-0.556612 3.277516
1.963983 -5.558274
5.585450 -6.835059
3.064929 -7.935023
2.650496 -7.929600
3.206128 -7.768970
6.007189 -7.046158
3.278535 -5.828578
3.309460 -7.279722
6.134898 -7.736953
4.253878 -7.341830
4.204099 -4.106008
3.064584 -5.127802
2.578588 -7.018462
4.981809 -6.438563
2.061708 -7.816716
-0.697742 -9.369285
-0.425159 -13.180823
1.300028 -16.727335
1.618724 -11.229585
7.862519 -9.185220
5.260216 -4.575744
4.489338 -6.431141
4.951766 -5.042358
5.313720 -7.653496
5.004143 -6.028349
10.014404 -10.049967
11.283974 -14.408270
11.110542 -14.217193
8.987773 -12.386395
9.051845 -12.239676
8.623693 -10.427541
9.047859 -9.295175
10.896286 -8.037456
8.579021 -8.179944
6.804358 -7.962214
7.365165 -8.096166
10.914396 -8.461907
9.881557 -10.138654
8.588227 -10.629354
8.857650 -9.295445
7.952106 -10.214448
13.379488 -11.310643
10.500007 -12.906066
10.302834 -10.795516
10.434353 -12.541863
8.519047 -11.928685
8.903905 -11.762872
8.398002 -11.290755
8.921494 -9.791738
8.669312 -8.320858
10.862640 -9.847958
8.534311 -9.922960
6.118358 -7.315213
2.858482 -7.996827
1.990586 -9.031893
1.592104 -14.571036
1.875720 -11.672082
2.298795 -8.134881
1.533440 -10.376323
-0.747034 -10.893002
2.521620 -8.971066
1.844796 -7.810997
4.368623 -8.136756
4.172796 -7.457020
1.929895 -7.997436
2.049268 -6.932052
1.531230 -7.885107
5.900441 -7.876098
3.790226 -6.765573
2.904815 -7.786348
8.725248 -10.154283
8.537071 -9.376912
9.182621 -9.189021
8.471649 -12.249166
10.747266 -13.935651
6.018082 -13.682984
5.558252 -13.530681
8.710817 -14.708824
4.515456 -14.023879
3.183003 -13.323152
3.706316 -14.295303
10.922089 -16.161200
6.173284 -15.184289
-0.411668 -12.085062
-0.472935 -11.535911
0.858649 -8.890693
-0.545302 -9.009637
1.453513 -9.999282
-0.722807 -10.627714
1.486563 -10.861571
2.542907 -10.637516
-0.408751 -12.048074
0.827402 -11.249422
2.173927 -8.865071
2.660636 -8.177108
6.415837 -8.059842
6.850535 -8.137352
7.313485 -8.005166
8.156531 -1.474319
5.396646 -4.418887
5.603535 -6.840631
8.022054 -8.600779
8.067717 -11.947339
8.753920 -11.980249
8.211019 -9.150664
8.959162 -13.143134
8.987006 -12.214026
4.007180 -7.023811
3.864869 -5.033688
2.190428 -10.583505
2.143426 -7.912077
4.826354 -5.507580
8.382139 -9.737513
7.538664 -15.241157
6.234738 -14.643137
8.577067 -11.278250
9.568471 -10.863881
8.159064 -9.876659
5.094048 -7.662290
6.699461 -8.066092
4.075263 -7.868348
6.033038 -7.102914
4.582139 -8.121424
4.545777 -6.902212
1.119507 -4.204755
0.930960 -2.114091
1.382481 -0.493415
1.237648 -1.456128
1.807663 -3.195899
1.277895 -7.307801
2.504867 -4.892915
3.363286 -7.468655
3.125802 -7.512058
4.097419 -7.919827
2.714531 -8.714744
0.442335 -10.443215
2.444852 -10.974936
0.616437 -11.147206
-1.094134 -10.236917
0.089773 -10.538909
2.364038 -7.686881
1.660882 -6.880724
4.320003 -15.664235
2.196305 -16.135078
7.947752 -10.782028
10.225711 -8.725720
17.718649 -13.947993
