-10.157339 -5.433753
-8.346416 -4.383917
-6.393291 -3.887490
-5.318240 -1.372503
-9.507339 0.699807
-10.395572 3.413946
-13.140945 1.721459
-8.857107 3.153611
-13.175102 3.253263
-13.680923 5.546193
-14.149490 8.753392
-13.684017 5.439775
-14.075618 8.478358
-14.738859 7.373337
-15.375449 4.852250
-16.448893 6.583120
-9.355872 11.090335
-6.558436 8.987405
-7.496032 6.359748
-7.718025 7.059693
-7.729731 7.616082
-7.511415 11.171596
-13.855772 9.594066
-15.196840 11.046083
-13.402211 4.654791
-13.332706 7.923574
-12.285466 10.085637
-8.389073 11.396262
-6.793030 6.653754
-6.965066 7.404781
-5.115073 6.314481
-5.126893 6.248285
-6.232615 7.203011
-5.704582 6.322583
-7.799678 6.111746
-6.886988 6.780448
-6.961715 9.564309
-5.503106 7.397280
-4.966709 10.250685
-8.775432 8.581682
-11.501179 8.989539
-10.659108 8.543232
-11.162985 10.123969
-12.775536 8.634353
-5.716468 9.121380
-6.897611 7.871118
-5.662473 6.464495
-6.211355 6.903388
-5.845794 7.569302
-5.947903 7.008716
-5.024984 7.321249
-5.668214 7.701829
-5.661376 6.909073
-4.097916 6.509419
-5.722471 7.369046
-4.347884 8.376096
-2.793444 5.397589
-3.185893 5.707060
-2.413714 3.888710
-3.021299 3.644308
-2.042066 3.430934
-0.927558 4.358243
