-6.475038 -10.811756
-2.546209 -8.687642
-1.214417 -5.707882
1.728706 -3.750596
0.697608 -1.754456
1.755009 0.358269
1.564311 0.837940
1.319942 1.277270
1.170824 0.188105
1.088676 1.136649
2.190173 1.194441
3.543902 2.031216
3.157284 1.628206
4.010279 2.213065
8.020737 0.925038
7.640143 -1.691812
6.911913 0.151811
8.473097 1.091287
6.306354 2.391557
4.723466 1.871599
3.264033 1.610769
2.855942 2.752631
3.464113 1.762474
2.880883 2.072881
5.194514 1.756765
5.495194 2.207330
6.002346 1.102985
4.285378 1.059566
3.152325 2.066977
3.985913 2.001122
2.881563 4.384995
2.352574 2.232523
3.068050 1.091722
2.823757 2.613415
2.535814 1.439812
3.724668 1.621761
1.781022 1.261200
6.866954 1.535913
7.097151 0.316220
8.460886 -1.283306
6.321086 2.264052
6.190974 2.782127
2.172070 1.088018
1.363042 1.325896
0.999189 0.904224
0.556255 1.451705
-0.854016 1.243713
0.697385 -0.035417
0.936655 1.905169
2.909873 1.734626
3.670076 2.305741
3.981094 1.571970
2.967664 1.997361
3.742786 1.482162
4.324234 1.309304
5.223208 1.153404
7.047781 2.347756
6.634578 2.627786
5.577506 2.987001
6.387137 2.357861
7.748836 -0.927202
6.921431 -0.909943
6.935392 0.254255
8.590271 1.105196
7.218853 3.097605
3.921140 1.198477
2.147180 1.438853
3.981679 1.915465
1.776882 2.743694
1.365238 -0.073233
0.567616 0.146064
0.988597 -0.394985
1.805584 -0.260874
1.768665 -1.432167
1.109725 -0.833999
1.542157 -0.696120
1.699966 0.920788
2.346547 1.819468
1.142650 1.081767
7.536573 1.377064
3.137135 1.944963
2.793637 1.635287
4.303894 2.191392
5.125174 1.201009
6.460253 2.625479
5.402535 1.189303
3.348421 1.271955
3.871031 2.433072
4.438713 2.792672
1.102724 -0.934634
0.131292 -0.101746
0.408677 0.081713
0.360595 -0.419400
2.793165 2.329189
4.185892 1.922860
6.873634 -0.694303
7.001319 -1.342856
7.434031 -1.299899
6.851087 0.611516
6.905787 0.310943
7.323506 0.565836
7.385685 -1.654852
6.859968 -0.210235
6.965650 0.667333
7.961436 0.745992
5.669489 2.494466
10.112993 3.299967
