6.943096 -16.585926
9.565907 -10.981296
10.597125 -9.210722
8.630986 -10.556343
8.272909 -7.856274
8.600819 -9.618156
8.404848 -10.309450
8.133798 -10.016034
9.522763 -8.830998
8.050865 -9.448083
9.638195 -11.968889
7.965048 -9.159460
5.310610 -6.864072
2.070296 -5.001429
3.484831 -4.657050
6.007143 -7.882082
6.728277 -7.897644
0.367187 -10.060430
2.187510 -15.385363
2.585124 -12.142220
1.602509 -11.354671
10.907219 -10.490582
10.916327 -11.206650
9.538707 -11.107121
9.533402 -14.655707
8.823613 -11.431533
9.009891 -8.683881
9.830885 -9.081742
5.871827 -4.899974
5.731631 -7.085974
1.075706 -8.004344
0.679885 -8.160347
0.978453 -12.871998
1.221781 -9.452923
2.760292 -8.767839
1.618722 -10.103147
2.043479 -9.689360
3.747594 -6.233440
4.372078 -5.344769
5.270059 -7.774885
5.230813 -6.469191
5.840951 -7.641722
5.793059 -7.646936
6.134242 -7.607004
0.648860 -7.148203
1.209353 -10.323390
1.343373 -10.529418
1.577108 -9.838689
2.440533 -10.205255
0.394929 -9.349305
0.502799 -9.300325
0.572558 -9.788608
1.322955 -9.359311
0.710287 -10.685187
-0.724222 -10.159298
-2.797454 -8.977122
3.949854 -8.030826
3.503648 -8.062861
5.564555 -4.126846
6.037205 -5.814888
3.144552 -7.537660
4.897454 -6.332937
5.764753 -6.774259
1.397704 -7.865743
0.535231 -9.409726
-0.511827 -10.365705
1.932920 -9.553387
2.730046 -11.171603
2.300900 -10.483859
1.838703 -11.459971
1.482437 -12.550754
12.156332 -17.940762
8.105453 -13.185078
7.865520 -12.164540
10.435618 -10.332107
9.200171 -9.067318
11.520755 -10.101562
9.885891 -8.560862
9.862417 -7.960901
7.849498 -8.072704
8.814407 -9.015490
7.923340 -8.006371
8.898788 -8.842467
12.452326 -7.332759
13.728836 1.114561
11.281561 -0.712347
11.644428 3.241885
13.295182 4.947314
14.803824 6.749150
