-7.721975 -11.011847
-2.154653 -2.746577
-1.681653 -5.083997
-0.443647 -7.897435
-0.328742 -6.586448
3.689677 -7.514575
3.679042 -8.038830
1.548018 -7.617826
2.821874 -11.396117
2.069441 -11.007323
-0.989615 -11.812478
5.273420 -18.775364
13.965918 -16.112181
9.078423 -9.910054
8.008150 -9.381532
9.672359 -11.763759
9.074753 -10.281468
9.291339 -12.553943
8.077128 -9.976393
9.385287 -11.484634
7.967012 -13.145992
6.036403 -16.177008
-0.063159 -11.454099
0.120554 -9.180034
-1.732107 -10.464713
2.614965 -11.360785
1.762164 -10.682828
2.731269 -8.823052
2.468195 -9.747264
1.391665 -8.230321
1.493803 -9.173756
2.323750 -10.887929
7.999186 -10.975009
8.569800 -11.424506
8.805431 -9.688470
8.507513 -11.721489
7.966876 -10.520818
9.645516 -7.821562
11.122095 -9.312008
8.435806 -8.196412
8.553490 -8.308394
13.019176 -11.656600
11.899145 -13.038238
9.466484 -14.552145
8.407129 -13.034612
10.112361 -12.175682
8.256637 -14.538695
9.778948 -13.028407
4.645007 -7.174548
7.949776 -2.791119
5.945203 -7.203738
5.464351 -5.406730
4.444957 -7.156955
3.929986 -7.283511
5.838439 -6.727137
3.908572 -7.803373
1.306783 -8.518227
2.233618 -8.965452
2.823247 -10.407539
0.465304 -10.230729
2.092947 -12.323232
-2.104359 -11.201615
-2.784246 -10.432078
-0.939141 -10.167680
1.790815 -7.517038
2.491796 -10.194516
2.615444 -9.372165
3.082903 -7.767592
3.748672 -7.862978
5.417642 -8.124017
8.730803 -10.010304
10.572782 -9.391539
8.253737 -9.536611
8.619695 -8.046773
7.921450 -8.988072
10.972070 -9.940602
11.360882 -8.232928
8.175181 -10.455177
11.307276 -9.581218
8.688521 -8.702612
10.091026 -11.169265
9.119591 -12.425164
10.754866 -10.749915
10.556105 -12.956709
11.449152 -11.271611
4.839694 -6.825488
5.431720 -6.817558
5.433784 -7.790428
8.477133 -8.261554
12.155655 -13.166124
8.431015 -9.458141
8.001240 -9.144014
4.833519 -5.595507
6.072553 -6.031709
7.145104 -1.691009
7.092903 -1.391560
7.345462 -2.147631
8.419849 -2.320769
1.756920 0.190509
1.610463 2.102608
1.330185 0.136854
0.755005 1.338779
2.567120 1.242797
3.994506 -4.896290
4.666639 -6.132964
5.781403 -6.320447
4.451401 -5.375836
5.402030 -6.386417
2.847618 -6.883104
4.335413 -7.923662
5.912154 -7.412549
3.110646 -5.589526
3.652990 -6.611605
6.054700 -6.552368
2.442952 -10.682206
9.327373 -9.449821
8.284603 -9.750030
5.091630 -7.333825
9.162561 -9.431090
8.248354 -12.104659
9.039045 -10.469001
13.007900 -10.296014
10.419296 -8.994239
10.817920 -12.867782
9.419588 -9.999228
10.640932 -8.724233
9.039062 -8.245703
8.464993 -10.947347
9.444889 -11.070358
2.979494 -7.118674
4.429287 -7.147986
7.315205 -13.488757
5.901877 -13.884715
0.041186 -8.910615
1.845456 -10.473500
0.273759 -9.881252
-0.740712 -7.621154
0.633711 -6.571307
3.976891 -8.157201
1.653021 -7.480460
2.000025 -8.036307
0.147872 -8.630332
2.292345 -8.615321
1.850210 -12.012727
2.249644 -10.656146
1.229157 -8.854331
3.848554 -7.339674
4.102701 -5.983694
2.645608 -5.936202
3.583918 -8.134954
2.663089 -13.645012
2.828856 -12.298152
2.248973 -11.101130
-1.968903 -13.451461
2.320069 -11.928570
3.264248 -13.311416
9.253035 -13.800397
8.936411 -8.384079
9.189211 -10.774233
8.046288 -11.758430
9.118771 -8.048772
4.890225 -7.851889
1.563933 -8.275472
2.637147 -9.587618
2.106495 -9.101233
4.307896 -5.969750
5.993385 -4.783528
5.385713 -5.333724
4.523759 -6.850733
5.994895 -8.136604
2.131110 -8.206462
8.397006 -8.252477
2.587884 -9.609105
2.980655 -7.190080
3.318367 -6.585770
5.522017 -7.772889
6.013261 -8.157441
5.216012 -8.189536
8.986447 -9.675238
7.860400 -2.048150
8.756445 -8.185884
8.027010 -10.547561
5.793841 -7.880790
5.969830 -6.102363
5.669237 -6.819549
2.694542 -7.157652
2.470052 -4.735650
5.339431 1.333814
5.632419 3.353596
5.430223 1.244073
5.233383 1.681538
8.754377 0.147652
7.769417 0.468674
9.035305 -1.378068
7.013181 0.482234
8.054276 -1.224721
9.418995 -0.673841
10.582457 -2.445837
11.405248 -0.545373
7.299839 -2.030051
7.481036 -2.283150
2.176386 3.386311
2.756077 1.767252
2.609520 1.359872
1.744162 0.944046
4.491447 1.375025
9.441412 -0.282206
5.349136 -5.443081
3.803289 -8.010649
5.181167 -6.716336
4.813465 -6.084003
5.335618 -6.696318
5.457088 -5.649724
1.634579 -1.641428
5.049103 1.183110
7.642949 1.885094
9.469803 -9.134023
8.972272 -8.895617
12.154085 -8.458055
8.180376 -9.607031
8.216850 -9.876163
8.175234 -9.231477
8.715794 -9.981599
8.224731 -8.625176
11.029990 -11.745109
11.773457 -14.879124
9.218582 -10.451862
2.761182 -12.194185
9.286814 -10.447042
9.132448 -12.543151
8.894678 -8.183284
9.643969 -11.936966
10.659291 -11.240272
8.660353 -13.460046
8.847632 -8.649354
6.913068 -13.338187
9.425635 -9.720311
7.936090 -8.057659
11.002656 -8.928709
8.451225 -9.675761
9.161244 -8.640471
6.711434 -8.202149
4.120103 -7.571566
5.712238 -6.856452
8.014201 -9.818805
5.333480 -8.119460
1.370879 -8.052484
4.697964 -6.397716
3.341161 -6.437647
12.302761 -5.776399
4.141900 -6.818923
3.531583 -6.748980
5.597046 -7.097129
6.046622 -4.119320
5.276538 -4.371407
5.136633 1.520142
1.412132 2.942373
5.232504 2.303316
3.196834 1.069481
1.376780 1.152572
5.760140 1.249814
8.036418 1.389246
8.442429 0.190063
7.517517 -2.136327
8.482473 -1.593328
11.594593 -0.624457
7.259605 -1.885501
8.927492 -2.289546
9.045118 -1.925488
11.832859 -6.552483
11.291071 -10.890321
10.524578 -8.078971
8.224776 -10.629441
5.154508 -6.837844
4.723940 -5.383561
4.827664 -4.372949
4.986705 -4.668116
7.857973 -9.343190
11.294359 -9.964730
7.956571 -8.219365
8.701727 -8.339713
9.125463 -10.028892
8.264729 -11.747823
9.092786 -14.607832
2.508512 -10.629067
5.346929 -6.527116
4.623380 -6.213631
2.780807 -8.157277
5.527895 -7.720162
5.338434 -6.406188
5.580702 -4.548531
4.698771 -8.164337
3.948856 -6.057548
5.650074 -7.929924
5.700171 -8.044820
3.777066 -4.876575
3.751320 -6.858988
-6.701637 -9.181624
0.235585 -13.336432
2.087019 -9.043002
2.795135 -9.095772
2.753517 -9.612668
4.547347 -6.577960
4.520178 -6.438492
5.067192 -4.091245
3.343196 -4.979247
5.251036 -7.281529
5.767435 -6.197764
5.474629 -7.296265
4.019299 -7.029305
9.448730 -8.890921
8.470969 -9.116992
8.621242 -9.186162
9.971691 -8.945180
9.132147 -10.655684
8.054455 -8.267439
8.991653 -9.416794
8.025385 -8.397425
3.737957 -7.730460
3.407444 -5.308578
5.592948 -7.091774
4.201587 -7.797016
2.215609 -7.785750
2.807768 -9.067230
0.465636 -8.008496
0.385147 -8.414342
1.902834 -6.757432
3.585112 -7.173734
9.466263 -13.644994
5.421762 -14.817151
7.935916 -14.268510
6.325774 -13.397492
9.491941 -9.998748
9.273629 -12.398032
9.826777 -10.484654
2.429695 -10.182550
1.795231 -6.310653
2.216325 -10.844926
-0.205517 -8.505849
0.974296 -8.682627
0.409762 -9.961480
2.156291 -8.946796
1.697989 -9.503331
5.904695 -6.789603
4.824695 -7.760275
4.304154 -8.005441
2.507179 -6.224653
4.227011 -8.023591
7.116798 -7.976511
10.305256 -11.910563
8.442240 -12.119925
3.891842 -7.656435
5.504090 -8.080643
8.820065 -8.675838
9.712033 -9.249355
11.157726 -11.289491
3.150236 -7.452811
1.811439 -4.616420
2.873355 -6.682750
2.761498 -6.060669
3.828301 -6.589189
5.329508 -7.646220
1.827878 -7.373103
2.658650 -8.326287
2.086853 -8.551465
0.051460 -5.953917
2.840655 -7.814217
6.513789 -7.906596
3.068512 -8.140883
2.287109 -4.807670
1.086896 -4.995929
0.115478 -8.972827
1.933958 -8.631006
-0.924602 -11.078391
0.226897 -10.970834
2.825553 -9.005708
-1.778529 -6.508258
0.266153 -8.486852
1.081770 -8.773010
4.651556 -6.377915
3.181399 -5.656336
5.130694 -8.110689
5.979079 -7.686574
3.071142 -5.813401
5.960583 -5.578250
5.898208 -6.313397
4.635934 -7.817124
7.063437 -8.119143
9.147888 -10.691078
10.005482 -11.917263
5.164464 -13.782196
8.398976 -13.977281
9.192709 -10.043679
9.048456 -8.674365
9.412256 -9.884780
1.406275 -8.921908
0.926972 -9.860538
8.520084 -14.274968
1.926945 -11.541712
2.189638 -11.747691
1.784744 -8.847107
5.039513 -6.821619
4.928356 -7.614396
5.544895 -5.406445
3.526159 2.852690
2.295542 1.778293
3.580065 1.424515
6.792257 1.419799
6.020744 1.147124
3.887048 1.199949
1.384973 1.041801
0.908317 -0.791520
1.625331 1.943791
1.564004 1.403147
0.962666 -0.164979
1.267496 -2.526206
2.206572 -5.054763
2.551118 -4.079992
3.014190 -4.036730
1.897234 -5.888285
3.762021 -8.009054
5.245427 -8.145158
6.430327 -8.129096
5.240838 -5.661541
5.299643 -4.453761
6.139525 -6.476847
5.494918 -7.720384
6.105323 -7.902633
9.800056 -10.731955
10.458504 -11.331012
12.395918 -9.372488
11.994158 -13.419954
12.208435 -12.678543
8.848949 -10.610465
10.770700 -10.234008
8.238404 -11.649849
8.150156 -11.110690
9.846527 -9.648662
8.178941 -8.369631
7.819407 -13.910652
9.627625 -9.206307
8.015641 -12.382113
9.012508 -10.312655
8.282278 -9.698230
12.223593 -9.925818
10.046093 -8.249025
13.232632 -7.472576
15.377407 -5.961299
