-17.748659 -8.436350
-9.299555 -8.041152
5.934740 -5.402901
3.638306 -5.981900
3.554720 -5.298987
1.896206 -4.546081
0.760924 -4.539294
1.773737 -3.051281
1.007378 0.053352
1.504624 0.009388
0.712467 0.629754
1.439212 1.931983
3.797318 1.827626
5.132014 2.423254
4.651293 2.109375
3.492800 1.511506
3.712193 1.770100
3.711203 2.901231
4.024034 2.158800
5.608721 1.157537
6.955522 1.322467
7.961127 0.896404
7.330947 0.476865
7.675864 -2.607965
7.624230 -0.731304
6.856966 -0.181262
7.700362 -0.253544
7.502951 -2.268215
10.903332 -1.497268
11.050314 1.095227
13.308218 -4.199830
17.562386 -6.748895
