18.296381 -0.828863
13.101777 -3.338939
12.843627 -6.485078
12.313902 -8.224294
9.745371 -8.254523
8.691990 -8.002247
8.841770 -8.412472
9.573697 -13.393252
9.963802 -9.324744
11.391893 -11.363241
8.506840 -10.069697
1.780050 -11.224792
1.202637 -9.139491
2.217176 -7.940829
6.146330 -7.866641
5.799946 -7.580966
5.758347 -7.878262
9.971497 -12.500440
10.970652 -14.023705
8.887335 -11.128905
8.298257 -10.989536
8.196744 -11.318418
3.994072 -6.656218
1.417100 -8.288899
2.807518 -6.145247
4.848421 -5.950209
5.190320 -4.680395
3.854252 -4.177613
3.795887 -5.299944
4.418266 -6.341634
3.734164 -4.965781
5.646279 -6.312145
3.526045 -5.517092
4.943896 -6.841009
5.148274 -6.034933
8.922314 -1.901149
3.774330 -4.374799
4.081116 -5.631571
4.370410 -4.030234
7.330128 -2.599017
10.392147 -2.173645
11.722010 -1.524392
7.228426 -2.616436
8.803808 -2.540823
7.397943 -1.510723
6.872042 -0.800862
6.947867 0.760237
7.084953 -0.228110
7.121599 -1.545282
6.088577 -5.354122
4.611822 -4.984446
5.749797 -5.348438
5.046951 -4.315429
2.660676 -3.962654
2.991387 -6.075563
2.395996 -3.993432
1.166506 -3.083090
1.723382 -3.542777
1.136005 -2.076363
1.466719 -2.652802
1.976981 -5.869838
3.292900 -3.973196
3.759691 -4.706069
5.188602 -4.730739
2.501819 -5.770495
4.098136 -5.675488
1.176243 -5.783572
1.740321 -2.102546
4.609694 1.237548
7.139813 3.350628
4.893517 1.200003
7.568828 -1.545616
5.632043 -7.162260
5.895353 -4.330892
5.215877 -7.222981
4.832475 -6.602775
5.883777 -4.385358
-0.068594 -4.344748
0.893340 -3.285115
1.598689 -4.354510
1.550526 -3.444451
0.771228 -4.693245
6.986090 1.830053
5.237565 1.587641
3.958955 1.601677
4.812052 1.171442
4.398647 2.105677
1.584996 0.211566
1.714061 -0.236611
2.305012 1.453763
1.522041 -0.608292
1.038254 0.299417
7.102237 2.980149
7.078096 0.792365
6.968631 0.036389
7.513668 -1.672503
9.107284 -0.487464
9.792320 -2.510138
7.476988 1.329887
8.734896 -1.247273
12.644611 0.153230
11.238420 -4.688257
15.102474 0.630593
9.094631 -1.990421
13.223555 -1.257771
10.497196 -0.155869
9.609591 -0.026504
13.295851 -1.610020
11.830378 -4.750645
12.628490 -3.375640
12.949525 -3.745284
13.699238 -5.155828
14.860952 -9.053308
8.855618 -8.762371
3.973146 -7.924953
10.964833 -11.448501
10.724562 -9.497527
4.979465 -14.126725
4.534288 -13.462125
8.488385 -13.590954
2.094673 -11.100902
9.599429 -8.704396
9.901157 -10.100659
5.375872 -7.207971
5.556422 -6.466722
3.125923 -7.947773
8.131260 -9.485476
8.756872 -9.824591
8.165957 -10.875668
7.894166 -10.525990
9.506823 -11.471828
7.918047 -10.010219
8.178875 -12.837642
3.393319 -5.699512
11.308586 -1.083774
10.703168 0.949328
8.561255 -2.318080
4.708573 -6.097768
4.945853 -5.045889
5.818878 -7.328371
4.256386 -8.165900
5.555017 -6.603822
7.477592 -8.144080
7.892927 -7.853062
10.547952 -9.515891
7.638862 -8.057003
1.789259 -6.987010
2.185688 -7.791647
2.002597 -7.355224
8.188178 -8.579686
7.995245 -11.249269
3.169707 -7.309984
2.547293 -5.645623
4.794578 -7.918663
4.421318 -5.313529
6.436328 -8.095378
4.348915 -4.628698
1.429973 -1.556149
1.499910 -2.431536
2.815327 -5.759058
4.034587 -4.890564
7.499888 -2.387344
11.607096 -4.145156
10.084016 -1.960223
9.462289 -0.692184
9.940799 -2.171339
8.479229 -1.858593
9.917739 -2.727644
7.805118 -0.875232
6.967150 -0.609421
7.561191 0.443243
8.527351 0.554010
7.506179 -1.167309
6.872325 -0.556296
4.686874 1.102738
3.337379 1.294382
1.269719 0.498097
0.149583 -2.164902
0.711180 -0.837402
1.454366 -1.130467
2.218992 -4.225817
1.367272 1.776691
3.176745 2.216713
4.103470 2.688536
3.602781 1.714953
4.391021 -4.620199
1.907045 -7.781281
3.185541 -6.529562
3.609941 -6.102984
2.450813 -7.955854
5.108160 -7.321961
4.575874 -7.944611
4.269545 -7.671506
3.376050 -7.403677
6.109980 -7.396655
5.894246 -7.218832
8.609533 -9.107412
8.075965 -8.422530
8.085157 -8.721696
5.606138 -8.007735
4.034031 -7.666684
8.062336 -8.684747
11.328639 -8.071074
9.388678 -12.508014
8.279891 -13.016889
6.514724 -13.925937
4.170192 -13.816864
2.582855 -13.240836
1.463629 -10.439633
0.691688 -12.974606
2.027817 -9.113481
0.965104 -10.732338
0.543643 -8.847959
1.643296 -12.460317
8.931121 -16.699022
11.250395 -15.631207
8.357361 -11.001245
4.584888 -13.623912
-1.594362 -13.512328
2.249924 -11.946576
2.696894 -7.259593
3.492856 -7.882408
1.739753 -8.242396
2.481981 -8.432169
3.227509 -6.816795
5.580890 -6.137673
1.521931 0.000579
2.378780 1.296994
3.768303 1.619914
3.654149 1.311256
4.730126 2.066207
3.271548 1.735005
4.934864 1.355258
3.344024 1.564611
3.089426 1.250926
5.021475 2.423164
5.798300 1.069024
3.510861 2.526414
3.352850 1.964866
4.634909 1.828676
6.937057 -0.996018
7.082880 -1.627908
9.120024 -1.101373
9.018635 -0.860715
8.732294 -2.508189
3.336083 1.877351
3.078942 1.641852
1.632860 -1.250402
0.484727 -0.571667
3.425569 -4.600375
5.406250 -6.083718
5.818048 -6.230817
4.952430 -5.705893
8.155325 -9.655007
7.756522 -8.096920
9.932611 -8.469438
10.543470 -8.870294
9.745265 -7.894089
9.236859 -8.821563
8.374754 -11.317533
8.156593 -11.511055
1.034217 -10.285270
0.955784 -9.485950
6.852086 -7.821348
2.255889 -9.252297
5.095360 -6.237356
1.513524 -7.246709
2.001934 -7.274068
1.805160 -7.526855
2.775157 -7.880239
-0.121293 -7.067698
2.339479 -6.996674
-0.134878 -9.631406
-0.253173 -9.965279
-1.403579 -9.512162
-0.137879 -11.577508
2.038519 -12.155490
1.051563 -9.836211
-0.241981 -9.728775
1.437085 -12.335599
0.674809 -9.007831
4.460762 -7.311677
12.128304 -11.157922
9.775467 -8.798953
8.353580 -7.915227
8.546398 -2.794006
8.156515 1.846909
10.306738 3.306286
9.897564 0.597593
9.968600 1.112614
8.194339 -2.170240
7.655083 -1.088820
7.330970 -0.371986
5.087402 1.421838
9.449028 0.058355
8.040354 1.470202
7.285305 0.274558
5.046052 -4.832891
5.618865 -4.206957
5.183500 -6.549278
8.413265 -8.858222
9.780321 -8.884782
8.206392 -8.549301
9.181240 -12.456576
10.437984 -11.268122
8.054880 -11.662716
0.643146 -10.148482
0.027063 -9.420215
0.227817 -9.859677
6.686959 -13.232005
-1.620659 -9.205919
2.416363 -9.072055
5.727061 -7.374164
3.930656 -7.994077
4.747184 -7.603870
5.880631 -6.420950
5.838698 -7.594595
2.311937 -5.663343
4.422726 -7.849682
5.276168 -4.685215
8.268213 -1.765819
3.308647 -7.600596
3.916106 -6.389822
4.390697 -5.170819
4.470230 -7.594748
5.768379 -4.886892
10.102735 -8.490641
6.867799 -2.042848
7.135672 -2.237930
8.176805 -0.989761
7.273820 -2.494515
6.104867 -5.453155
5.680604 -7.937762
1.939322 -6.381758
1.495638 -8.775784
9.434526 -9.901029
9.794150 -9.172309
10.622858 -9.932584
9.211905 -9.018168
8.392389 -7.821234
2.834790 -7.997798
1.584925 -9.176396
1.739953 -10.028253
1.835463 -7.817334
2.333118 -7.841504
2.736094 -8.513915
10.099658 -12.096474
9.472210 -9.348999
8.454947 -9.338284
8.477879 -12.475747
13.738850 -16.620111
10.228441 -10.687358
8.707144 -8.809423
9.607559 -12.714226
8.470125 -13.040895
9.015214 -10.750051
9.910101 -12.784558
10.268003 -13.513223
9.071645 -10.973984
12.485379 -9.782784
13.170740 -8.431078
4.010159 -7.982807
4.789037 -4.494418
5.761183 -6.057263
5.658494 -4.960014
2.251284 -8.622607
2.935816 -7.898745
0.043127 -12.339633
2.699127 -12.987290
4.639464 -16.883497
2.465561 -14.087172
6.766981 -14.044121
6.691216 -13.602515
8.749176 -13.676761
4.245784 -16.119562
0.824248 -11.581386
2.546484 -11.950245
2.166133 -11.410644
-0.370172 -12.041368
1.014274 -9.710658
2.839841 -11.893613
0.615518 -11.125663
1.651942 -7.660612
5.347010 -8.183696
6.012189 -7.260640
4.821484 -7.719258
3.713847 -7.612703
-0.379343 -8.410360
2.316514 -8.189313
2.748184 -9.575255
0.224909 -9.391756
2.758322 -10.082663
-1.125880 -9.486651
2.346178 -11.819890
1.700445 -9.149421
2.061089 -8.148037
2.814461 -7.962601
5.647126 -6.991201
0.488284 -10.937734
-5.390241 -15.025276
0.704280 -13.450599
10.404955 -8.565958
9.455437 -12.669372
8.533914 -13.319834
8.085617 -10.115313
4.843018 -7.955636
4.523057 -6.741238
2.713599 -8.123350
3.460544 -7.893234
1.495956 -6.971484
2.791745 -11.400891
2.231771 -12.556037
0.643449 -10.529725
1.380175 -11.881973
2.149145 -6.117712
3.846398 -7.928009
4.240251 -8.050427
1.898323 -8.189414
1.634455 -7.212768
3.093861 -7.142001
-0.140042 -10.197299
0.710222 -11.255750
1.681586 -8.391965
4.320297 -7.306560
-1.129686 -8.375473
-0.422107 -10.466895
2.190767 -11.402652
0.837894 -10.271615
2.802167 -9.925858
1.690928 -13.383707
6.007336 -13.469098
11.971745 -18.032316
8.154665 -12.666602
8.176065 -8.553644
9.251734 -11.134849
9.579926 -10.168035
12.428332 -12.007293
9.073064 -9.390311
7.962008 -10.137411
9.239088 -9.695006
11.007734 -8.371849
13.107579 -5.351672
11.888391 -5.936656
11.353264 -8.092415
8.597013 -10.814736
8.157242 -10.125312
9.265047 -8.948264
8.388543 -8.699870
-0.415776 -11.476213
1.971353 -8.685973
1.915016 -7.882258
3.630061 -7.924870
2.484718 -7.112322
4.387134 -5.374700
4.951439 -4.317929
3.227677 -3.962749
5.984843 -7.207517
5.652724 -4.856267
2.428108 -5.388412
1.429971 -7.324187
4.843609 -7.145233
5.826198 -7.721908
6.842462 -8.096186
7.107788 -15.838681
6.337527 -13.430537
5.898885 -13.673501
9.034011 -11.496188
10.298596 -11.953984
2.564025 -12.322251
0.051330 -8.062757
7.112828 -8.119447
4.099828 -7.485904
9.319001 -12.323664
7.675240 -14.623379
10.716649 -11.392347
12.326284 -10.943017
9.880100 -12.216248
7.906971 -9.355690
4.796186 -7.483459
4.299588 -5.805896
2.392394 -9.761575
3.540835 -8.024787
5.375869 -6.236990
5.246754 -7.742685
1.682892 -8.068532
2.537927 -9.853696
1.896157 -9.818090
1.176143 -11.082620
10.048462 -9.055696
9.506297 -12.797788
7.908834 -8.784812
5.503376 -7.530763
3.621498 -6.089537
5.884026 -7.491897
1.037555 -11.721390
2.328046 -10.941018
4.310818 -5.097249
7.530676 -7.924109
8.648087 -8.729639
4.032160 -7.003837
5.586387 -5.300086
8.222595 -10.894185
8.716258 -12.517210
4.405898 -7.182682
3.890723 -7.451682
5.167146 -7.064686
1.937511 -7.327612
1.244185 -9.645302
0.901886 -11.005378
2.425100 -12.395815
5.421398 -6.614597
4.386334 -7.291307
7.988510 -13.095767
7.908029 -11.487475
8.378494 -10.106427
4.581729 -7.299372
1.854324 -7.989625
2.795705 -9.974086
7.957521 -12.358289
4.595467 -8.189612
4.847628 -5.855392
5.790618 -7.164814
2.617175 -7.497330
6.385126 -7.933778
4.559439 -6.678885
4.817866 -6.254209
3.681316 -7.075869
2.846708 -7.156889
5.025687 -5.609747
5.663029 -7.286555
1.613762 -8.677826
2.509278 -8.317348
2.792639 -10.584729
7.556978 -13.907239
7.189792 -18.599249
5.946533 -14.329604
4.921676 -13.269595
-0.193936 -14.489452
5.451674 -14.779658
10.579941 -9.619325
10.983396 -12.941361
8.685071 -11.749053
9.216763 -12.077036
11.199957 -12.968451
11.463524 -12.086339
9.168017 -10.026384
9.200710 -9.346409
9.731476 -10.477618
9.914517 -11.542123
7.362280 -8.058175
8.067736 -8.470170
8.902227 -10.495397
9.097256 -12.730289
8.209469 -12.295450
8.342100 -8.731644
11.614717 -8.747462
10.225064 -10.434302
9.163829 -8.782190
11.731443 -9.157111
8.868545 -11.013993
5.939235 -7.148849
5.804695 -6.758080
2.009672 -8.967762
1.007124 -12.078471
2.237331 -12.932147
7.512682 -13.430055
9.417962 -15.353816
8.738045 -9.881721
8.724264 -8.313125
11.477672 -11.038823
10.081690 -9.994830
8.671466 -9.774827
4.120023 -8.181010
2.564900 -7.118145
4.024328 -5.769192
4.170783 -4.360235
2.284118 -4.898332
3.605994 -4.864326
0.407206 -6.792812
-0.508160 -8.403331
-1.520040 -8.770902
-2.665572 -9.725019
1.912651 -7.942919
2.249350 -6.665668
3.450572 -7.227204
5.867620 -7.960688
8.705173 -7.835549
8.763988 -9.025914
8.242954 -10.102714
7.994471 -10.669024
7.913139 -11.948903
8.638957 -14.443212
9.257864 -12.119690
2.495511 -11.196011
8.197880 -10.826446
-0.794854 -10.500514
0.338781 -11.175365
2.447407 -10.833276
3.703205 -8.000136
0.341554 -8.794568
1.926378 -9.643657
1.827105 -9.177453
3.241389 -7.708444
10.573694 -7.995254
14.912925 -8.826422
11.686166 -4.333719
14.780740 -2.657816
10.320034 -2.722787
5.475996 -6.170657
2.985699 -4.474310
4.595696 -6.573723
5.363047 -7.560672
7.887728 -10.988096
9.234379 -12.944930
8.611088 -11.811622
1.994774 -12.586656
1.845833 -15.197597
3.185430 -13.213834
0.639102 -11.434559
7.625813 -8.076804
11.522185 -8.673851
8.081858 -10.696882
10.040213 -8.704386
10.158032 -11.026791
5.521810 -6.465868
4.584757 -7.525997
0.130115 -9.598062
0.666426 -11.629865
1.101214 -10.482617
3.156629 -7.419229
1.275457 -3.604882
1.763994 -3.115846
1.266740 -3.932364
3.100294 -6.081441
1.186308 -5.644471
3.889478 -4.493602
4.646245 -7.421900
5.476637 -5.647626
3.722773 -4.996521
3.325323 -6.146037
3.443952 -5.048953
7.842113 2.649515
6.566297 1.569535
7.993433 -2.129843
8.501431 -2.019710
7.213717 -2.368184
7.821149 -0.975910
7.989159 0.147472
7.190967 0.960088
0.766122 -2.514554
2.966715 -4.642679
-0.013591 -9.120340
1.883177 -10.432401
2.550088 -9.072247
-1.228616 -7.163297
2.029018 -9.615363
2.327807 -10.891494
4.350347 -15.922536
8.296783 -10.078689
7.950980 -11.299483
8.489177 -10.816928
12.981491 -12.344150
9.898515 -17.930359
0.278985 -11.334535
1.049980 -9.190243
1.312919 -10.115926
2.495077 -11.960937
6.127775 -7.898278
2.771520 -9.234007
2.514657 -12.219268
6.758777 -8.199782
4.120421 -7.761989
4.028307 -13.246675
9.288660 -16.583086
5.833097 -14.823915
2.377548 -10.797122
1.569481 -9.672706
0.405610 -9.287285
2.037751 -9.539462
1.672992 -10.241008
2.166744 -8.133330
4.000227 -7.463263
0.109958 -7.342467
3.845596 -5.941885
8.111572 -8.698842
7.873045 -13.388610
8.026940 -10.775752
8.492092 -8.838799
7.990331 -13.815484
11.889252 -11.354033
2.847906 -7.365700
5.627667 -7.136355
5.246929 -7.730206
5.171759 -7.053551
5.821300 -7.915732
5.111603 -7.614975
5.806027 -6.224734
7.932850 -9.120275
7.970988 -8.866935
8.346834 -9.213525
2.424459 -7.846883
3.917227 -7.142558
2.349101 -7.614209
1.923223 -9.188739
7.013494 -13.420274
8.121911 -13.088260
0.877944 -10.194352
1.325444 -11.200609
1.720259 -12.060655
2.652453 -10.956800
3.621840 -6.478838
7.316096 -13.438637
8.449848 -11.121726
8.808992 -11.108520
8.066959 -10.150927
8.969470 -9.161574
11.859233 -11.781232
13.158895 -13.080160
8.742099 -9.739875
11.280074 -10.934138
11.392563 -5.879809
7.684480 -1.716893
7.995933 -2.142589
9.938038 0.258806
11.804274 0.148945
11.389078 -4.169189
9.377664 -10.747285
8.718920 -8.681450
9.774219 -9.059180
4.189977 -4.986566
1.459334 -8.510168
5.811496 -6.125717
3.722180 -6.470150
4.255033 -4.676632
3.636573 -5.790189
6.101697 -4.969423
4.610724 -4.877945
2.431542 -5.533044
5.102767 -6.773745
6.077114 -4.128472
5.777958 -4.753841
2.826715 -4.030690
1.764514 -9.813458
2.003071 -8.286181
5.145286 -6.765675
3.365502 -7.952937
7.617600 -14.531178
15.011086 -14.826291
9.564014 -11.491883
10.271644 -8.306495
10.019164 -11.405487
10.479783 -12.611869
9.722487 -9.538772
10.319226 -8.454308
7.233595 -7.946025
6.780079 -8.039953
6.674270 -7.836952
3.845218 -8.107573
5.927801 -7.267618
5.775804 -4.762584
2.592807 -7.056691
1.407675 -8.561507
3.172385 -6.296839
10.906473 0.899817
6.926903 0.502969
6.954788 -0.102415
8.547869 -0.982306
6.250556 -7.950915
-0.369733 -9.927603
3.085283 -7.573162
8.383372 -8.603765
8.659359 -9.342801
7.975938 -9.170859
4.511149 -7.367335
3.433145 -7.713516
5.064359 -7.583060
4.542285 -7.643335
6.136278 -6.914773
4.530230 -4.080661
3.214040 -7.333426
3.098685 -7.255128
5.029645 -6.830036
5.641013 -6.562228
0.812758 -12.031016
1.841186 -11.162486
1.638632 -11.052189
-1.365528 -11.512850
0.187119 -10.487529
0.988708 -11.942174
8.704088 -11.169421
11.310713 -8.809436
11.032351 -9.209037
9.388327 -10.146877
8.046526 -9.118600
9.376884 -8.253685
10.568836 -8.897584
10.548452 -18.818602
10.740687 -15.016498
8.045181 -8.031799
5.152033 -8.000762
0.750751 -7.603859
-0.900909 -9.284987
1.580275 -7.836352
2.162535 -11.103312
0.406107 -8.003210
2.818137 -11.303584
7.427703 -15.732207
11.767101 -13.974138
11.245842 -10.284501
8.501296 -8.662623
8.718019 -9.276408
5.262939 -8.146246
4.220973 -7.065949
3.239770 -6.116555
0.600878 -9.159732
0.769360 -9.718893
1.758945 -9.510404
0.971294 -9.575261
-2.276165 -10.734714
1.221338 -10.326039
4.391807 -8.187616
4.816939 -8.065921
10.141057 -10.923100
9.386499 -13.954567
2.496499 -11.198982
2.756170 -10.735076
2.638734 -10.062746
5.163190 -7.556055
8.459160 -10.993334
7.888024 -12.323076
8.924537 -11.610658
9.646843 -10.551020
8.456048 -8.820056
6.243734 -7.992448
10.433957 -10.689366
9.007854 -12.717403
4.206820 -15.595752
1.514813 -10.906318
0.192216 -9.209292
2.072427 -8.270482
1.010823 -9.054933
2.684868 -11.558859
2.781404 -12.607375
4.648073 -14.478015
1.177114 -15.423299
5.499785 -13.286036
4.997138 -14.540858
4.110319 -5.189916
5.453830 -6.955054
5.085448 -7.781547
8.919757 -9.040222
10.194353 -12.974932
9.807461 -7.909908
8.242458 -8.954135
3.111799 -7.804015
3.581340 -8.070210
6.137725 -6.327029
1.526222 -10.696527
2.678479 -9.433826
1.182787 -10.677748
3.776992 -14.310149
4.195281 -13.307392
0.529291 -14.951033
-2.845783 -12.313569
-2.698210 -12.260587
1.457276 -11.675523
-0.174636 -10.051656
5.515975 -5.820290
4.478502 -7.176591
4.766210 -7.089140
5.269416 -4.250672
4.691810 -7.599509
5.978168 -6.155086
5.257586 -7.937376
7.886246 -8.063557
7.940487 -9.205592
8.572864 -17.818424
9.590157 -17.284426
0.679387 -12.452493
2.819602 -10.129180
1.216109 -9.757928
2.064661 -9.104275
-0.731750 -9.205348
-2.343997 -7.393260
-0.242834 -8.492066
0.248703 -7.994055
2.125500 -7.580201
4.999368 -6.534185
5.287648 -6.455223
2.585285 -6.769787
2.290118 -9.597499
-0.070103 -11.169052
2.356108 -7.797163
4.610592 -6.616760
4.282601 -7.861613
1.603789 -9.858682
-3.920801 -11.112498
0.038285 -14.067168
4.845213 -15.801560
4.485841 -15.698648
6.329507 -14.171062
11.604662 -11.914224
7.893927 -11.216105
7.984087 -9.855283
8.951982 -11.478776
9.782876 -12.049851
7.314636 -13.912396
6.207898 -13.583837
4.618695 -16.028532
2.088984 -14.082110
3.603608 -7.993991
1.074329 -8.558629
1.489911 -10.343301
0.922604 -12.236148
2.507331 -8.974813
5.901146 -6.537176
9.044872 -9.841910
10.246853 -11.656291
9.395061 -9.477038
8.381860 -10.819342
11.357854 -10.244571
8.130628 -8.111230
3.891707 -14.169446
6.722709 -13.894122
6.338727 -13.888377
6.926397 -14.289639
7.663409 -14.713245
8.598061 -11.969804
10.012230 -13.846644
10.770252 -14.735165
8.141070 -11.559520
7.943579 -10.145257
9.735790 -13.681269
7.198189 -13.846230
4.654462 -13.926679
5.037148 -13.446456
9.406716 -12.449747
7.981165 -11.159461
7.897745 -11.577678
9.211842 -10.937628
5.171183 -7.282158
3.900513 -7.717658
2.179809 -8.563616
0.388022 -8.572494
1.708741 -10.609378
0.259888 -10.725551
-1.034985 -9.790511
2.795054 -13.445488
2.094201 -14.706837
1.713205 -9.040904
6.389696 -7.902727
2.186511 -11.505344
2.565017 -9.398812
8.347952 -10.691600
7.501277 -14.284149
5.387383 -14.140401
2.397284 -6.109826
1.018974 -7.867479
2.009939 -9.807289
2.220288 -11.440118
2.391995 -9.360332
0.712609 -13.727809
5.635265 -13.541461
7.934984 -13.412755
8.540064 -10.902291
13.715376 -12.534001
10.843767 -13.794395
7.959115 -14.281497
0.827278 -11.399476
0.586018 -11.236222
3.182897 -6.892178
2.335661 -8.816706
2.170803 -10.849921
1.987111 -13.757384
0.176577 -9.485028
2.212858 -9.542527
2.697420 -8.440341
2.948902 -5.881519
3.672811 -7.278781
5.277274 -15.669127
4.669230 -16.179485
-0.096025 -15.564912
5.115414 -14.964963
8.211617 -16.644234
9.029828 -10.396629
8.755585 -13.090655
8.566977 -10.552831
8.498663 -10.285319
7.949812 -14.140903
4.112342 -13.798387
6.973734 -13.211957
0.985376 -13.745662
2.608124 -13.708397
0.217028 -11.949592
2.586005 -8.885336
3.772065 -5.374789
5.977297 -6.751338
2.087788 -8.403891
0.109902 -8.399628
3.903831 -6.746990
5.756635 -8.035933
10.297525 -7.819287
8.776423 -10.478908
1.664002 -10.352082
2.834712 -10.261259
1.610028 -11.789390
4.437999 -16.508528
5.635270 -13.917712
2.748224 -15.212165
0.948463 -12.265441
0.934018 -9.531367
0.974742 -10.021526
2.790638 -9.941613
1.659169 -9.212654
2.218223 -9.808324
3.572767 -7.215071
6.955250 -8.112622
7.211854 -8.164433
6.563058 -8.146980
3.333307 -7.013017
8.686822 -9.204982
6.118465 -7.454078
5.179835 -7.531148
11.974383 -11.451903
8.787601 -12.520461
9.737865 -7.867613
8.810041 -8.136016
8.367982 -9.083595
6.033665 -5.011651
3.281557 -4.509532
2.729789 -6.008375
5.528527 1.220010
6.125322 2.258919
6.564582 2.595871
7.874488 -2.184335
4.551241 -4.496940
3.307434 -4.427192
1.377586 -4.834816
5.125975 -4.594207
5.339505 -7.241670
4.855422 -8.104771
5.942448 -7.946123
7.524404 -8.034086
10.861127 -8.649878
9.715416 -8.391142
7.102910 -7.910589
9.663052 -8.275051
8.743337 -0.678553
11.883308 -2.821653
7.427212 -1.154513
11.024633 -1.553342
12.459002 -3.022980
5.253645 -5.809954
3.699722 -5.817447
3.293292 -6.671218
10.021683 -8.741907
10.739420 -12.981818
9.894091 -11.334459
7.754524 -16.646307
4.458746 -13.828149
2.464082 -15.441534
1.474385 -10.619356
2.979154 -6.293213
4.654122 -7.307512
5.996520 -5.886975
12.582611 -10.141686
8.900893 -8.257237
7.865096 -10.126925
10.317502 -12.707295
9.169042 -12.938478
8.185162 -10.173856
4.561651 -7.825843
4.664110 -8.145439
2.440737 -10.451951
1.366956 -8.372149
1.170042 -9.301131
2.678500 -7.568621
4.470259 -7.991022
1.199298 -10.238735
2.277765 -10.399734
1.727255 -8.442912
1.551017 -10.531472
0.045696 -8.467982
5.608212 -7.635430
6.098492 -7.798814
8.379150 -8.768085
11.909329 -9.026118
8.669582 -8.462090
7.976484 -9.148687
8.804244 -8.426073
5.512326 -5.038655
4.740513 -5.289577
5.899753 -4.633224
4.989311 -4.831653
5.655749 -6.404599
3.883981 -6.747833
5.172962 -8.099483
1.709134 -4.912862
2.112947 -11.263722
0.156618 -7.367928
0.815343 -4.031871
3.035690 -4.931400
5.365803 -6.701971
4.577012 -4.406787
2.621927 -5.312481
0.811304 -11.199542
0.826977 -11.668715
1.079273 -15.881799
8.373384 -16.305862
0.538967 -13.253960
2.195688 -10.171100
1.849335 -12.328803
3.846061 -15.096398
3.567608 -14.535121
1.180877 -12.280261
2.827466 -10.350280
1.271069 -9.044260
-1.219115 -9.566226
-2.600821 -10.086761
1.831594 -8.349029
2.225486 -10.107164
2.550121 -7.842505
6.648067 -8.189076
4.081534 -7.587687
5.397055 -4.973482
3.664376 -5.522033
5.080159 -4.419775
5.899162 -7.493612
5.656273 -5.409109
4.065072 -6.541123
5.976830 -6.024724
4.808698 -6.272176
5.009392 -5.029883
3.384928 -7.412312
5.713687 -6.880990
8.964029 -7.904147
12.929442 -7.826291
13.105128 -4.241278
10.102824 -0.918102
8.985641 -2.408156
9.136781 -2.249207
11.070413 -0.528964
10.457617 -2.536291
8.998706 -1.617010
7.811064 -1.894697
9.386404 -1.693892
7.751194 -1.794944
7.399997 -1.463607
7.554667 0.371285
6.975318 2.045550
5.164724 1.441151
6.436146 1.492218
6.253116 1.863593
6.639730 1.330572
8.727636 -0.012992
7.257357 -2.689602
7.041559 -0.984595
6.830362 -0.618794
7.071061 -1.435060
7.195413 0.813478
7.318417 -1.123522
7.707408 -2.401549
4.280082 2.738219
5.520113 2.040388
4.153024 3.603986
3.732754 1.860741
3.688435 1.623509
2.943812 1.641273
0.100689 2.214701
1.791410 1.276312
0.911684 -0.744447
0.529373 1.686440
3.143353 1.779427
1.746954 1.680212
1.797465 2.395093
3.602661 1.720173
2.997800 1.187167
5.204398 1.132639
4.043796 2.198827
3.729056 1.376315
1.226578 -1.373241
-0.109895 -0.291135
0.985140 -1.236798
1.584706 -2.503665
-0.314794 -2.634058
0.777901 -4.570729
3.359818 -4.233725
4.196155 -4.018253
5.337310 -5.100903
3.829995 -6.500005
5.127342 -7.295216
4.404593 -7.906726
4.323505 -6.319625
5.257128 -7.863927
3.587075 -4.448713
4.375300 -5.072481
4.983978 -4.802456
7.581332 2.073308
6.844458 1.403421
7.028702 0.732138
7.269830 -0.333171
7.628320 -0.771405
9.511593 -0.899389
11.296598 -7.791579
12.165034 -10.232154
12.902367 -7.226192
10.886408 -9.237416
8.574488 -7.958675
7.897879 -10.732018
12.338665 -8.634732
11.523103 -6.305123
2.692512 -8.525693
2.525949 -8.317924
1.934398 -12.004490
1.504946 -9.997973
3.720274 -8.030816
1.890220 -7.862311
-0.260546 -10.247081
1.233773 -6.617982
0.407959 -8.806347
0.566316 -10.074040
2.447456 -10.299166
-0.091028 -10.047472
3.624341 -6.116729
2.859351 -7.448428
7.687263 -8.089474
5.033606 -7.921703
7.359547 -8.111060
4.883967 -7.885949
4.914572 -7.670944
5.804949 -4.755357
11.958010 -9.930923
9.095256 -8.896581
8.118009 -10.489896
9.081326 -11.873103
8.756575 -11.019612
10.717373 -10.865897
11.227337 -10.006992
11.661169 -8.686337
9.134892 -9.693438
5.614109 -8.192374
2.537399 -9.667418
8.693271 -12.340705
11.127676 -10.270314
9.241709 -9.843554
7.945109 -11.668836
6.516120 -13.826254
8.231055 -14.602420
1.985969 -10.733584
-1.093571 -11.176282
0.510416 -10.786805
6.501375 -7.980970
4.885824 -7.307429
9.108674 -10.530993
7.893619 -13.097351
7.951271 -11.637782
1.360435 -11.938291
-1.657610 -9.140758
0.095611 -6.119277
1.276814 -9.023639
5.257479 -13.249640
6.317150 -13.583940
7.093210 -14.590834
4.834461 -15.069812
4.138464 -14.115219
2.331206 -13.403182
-1.069107 -11.641659
2.310145 -10.216876
1.255078 -8.652823
1.636896 -8.129228
6.462884 -8.117377
3.543226 -7.948814
0.358392 -5.445524
2.750281 -9.265311
2.126879 -10.181413
0.110911 -7.952095
1.605221 -9.528705
1.063028 -9.234822
2.391025 -9.549728
1.799936 -10.245688
2.345230 -12.317964
2.276388 -12.564237
2.037298 -9.513972
2.652700 -12.899945
0.944922 -13.028298
0.079027 -10.613534
4.796183 -13.952664
2.033952 -12.371644
0.917981 -9.885889
-0.018952 -8.632908
4.849904 -6.946388
4.273915 -5.174683
4.718437 -7.281776
4.527441 -6.440963
3.409375 -7.625281
0.282473 -9.079111
-0.527451 -11.657511
2.227603 -14.656580
2.558216 -13.384238
0.371479 -9.771153
-0.171046 -7.894054
5.774151 -8.138635
10.118292 -15.783134
9.004058 -15.380048
8.291565 -11.952616
9.094031 -10.362095
7.900231 -10.237535
9.501236 -9.466748
8.455998 -9.585442
8.872360 -9.623965
8.662295 -8.413239
11.476999 -8.978064
12.235092 -6.075202
7.483938 -8.157670
11.722042 -7.805321
8.294264 -8.700485
8.010441 -9.797477
8.813031 -11.126247
9.023226 -12.441571
1.446116 -10.696519
2.189635 -10.442901
2.503704 -9.248603
0.929608 -9.776008
0.145028 -9.585942
2.196641 -12.683280
1.400312 -12.340118
2.391741 -11.210759
1.756690 -9.257532
0.566083 -11.523377
0.231069 -8.905647
1.107127 -6.210394
5.730585 -5.074549
0.680308 -6.315509
2.681174 -10.248454
0.641842 -9.543643
2.983015 -7.797458
5.905447 -7.750904
5.055029 -6.276792
3.838330 -6.944421
2.483347 -4.854785
4.032669 -4.939990
5.462142 -4.320256
7.633916 0.020375
9.180405 -0.138492
7.534494 -1.646948
7.197430 -0.847651
7.696282 -1.545234
7.655258 -1.620935
7.752311 -1.459518
5.179883 -4.346524
3.578555 -5.024992
5.541888 -4.356949
4.647887 -8.109509
7.521616 -7.830398
8.460653 -8.240238
8.182918 -9.674596
9.174829 -8.206729
8.853458 -9.596483
9.071045 -8.200113
10.421324 -7.966009
5.883466 -6.253678
5.020360 -6.391885
3.388942 -6.676855
1.964499 -6.922253
2.601788 -10.484054
1.681738 -10.880124
0.406796 -11.577493
5.522235 -7.825418
3.996915 -4.745616
3.934722 -5.288097
5.438048 -6.591036
4.529528 -6.823375
3.779738 -7.982111
2.782489 -10.919366
1.084327 -12.041387
0.062428 -10.366401
2.379118 -11.428947
0.411373 -13.034457
6.462916 -14.706575
6.379718 -14.284192
7.650885 -1.320109
7.765853 3.021363
7.548514 0.503410
2.999129 -6.325435
11.645379 -10.463326
9.755867 -8.516212
8.068275 -10.603714
8.324133 -8.243466
7.982075 -8.005018
5.833958 -8.079612
2.190937 -8.259266
2.370420 -9.334849
1.076552 -9.425272
3.989767 -5.752619
2.975815 -7.032955
2.453791 -9.269073
-0.034872 -11.382554
5.342814 -13.391013
6.045298 -13.773452
8.516949 -12.198312
8.255039 -10.508066
1.179883 -10.727072
1.901084 -11.031938
2.246901 -12.670133
3.846687 -13.605088
8.507760 -9.492203
11.889064 -10.506842
2.344282 -9.367051
2.569592 -10.643666
8.696503 -8.562348
9.464414 -9.635891
8.480606 -10.337798
9.433372 -10.203671
8.784615 -12.534966
-1.460803 -11.176652
1.365959 -10.335922
0.994625 -14.885071
0.130980 -12.184163
-2.996682 -10.500715
2.690459 -7.650596
2.470945 -9.460317
2.218853 -11.316369
1.753688 -10.921635
2.501059 -10.581648
5.241179 -5.161786
5.714101 -4.199505
4.711364 -7.244201
5.165601 -6.848427
3.835705 -6.890997
5.021106 -6.846948
4.657264 -7.029682
5.500227 -4.553668
5.699924 -5.472679
5.192297 -4.439440
5.478148 -4.600182
4.617500 -6.345404
6.241191 -8.052076
2.104573 -6.310669
3.048684 -4.133329
3.676132 -4.395047
5.926599 -6.071529
5.994410 -8.190084
3.744581 -7.579873
5.748210 -6.436667
5.853494 -5.196061
4.280178 -3.979920
2.982789 -5.487836
4.439034 -4.902324
1.996685 -4.601419
7.574347 -2.343522
7.717525 0.736406
7.985434 1.280742
8.980147 -0.719559
8.513022 -1.949424
9.193385 -1.140965
7.179912 -1.006331
7.319012 -1.651159
7.270062 -1.546714
6.884328 -2.117348
6.951656 -1.206241
7.198984 -0.692145
8.420280 -2.295883
7.694149 -2.417928
7.225581 0.611399
6.874972 1.720278
3.906774 1.082063
3.317670 1.841001
-1.185928 2.793750
0.568619 0.245126
1.087280 -1.843725
1.347412 -3.406584
-0.225457 -7.386946
5.252428 -6.618348
4.745571 -5.195222
4.095740 -3.973597
4.890961 -6.573471
4.204622 -6.315149
6.087183 -8.200733
4.526072 -5.610310
0.611910 -7.013843
0.922644 -13.485786
5.854216 -13.325727
3.566435 -15.571132
1.723847 -12.859790
2.353995 -11.212654
2.196511 -11.451776
1.059302 -11.635397
0.599555 -10.095315
1.980614 -13.240279
6.252714 -14.105931
12.471083 -15.619821
8.841569 -11.482253
9.367858 -7.923276
9.322341 -11.472715
8.451422 -13.530347
7.340841 -13.379561
0.307463 -14.359426
-1.589590 -10.714583
0.031079 -15.241548
0.832537 -10.771857
1.777120 -8.880002
3.840536 -5.048726
4.906881 -6.199668
6.008441 -6.938835
5.228773 -6.035868
5.227920 -6.123763
4.595989 -7.751070
5.114925 -7.579262
9.993671 -9.691262
10.310150 -8.673696
8.152624 -9.707177
8.473096 -17.022076
8.005374 -15.191552
9.660686 -12.618752
8.113379 -9.337123
8.790195 -9.651366
8.743391 -10.168240
10.073121 -14.009086
7.552934 -13.914479
5.942084 -14.559637
2.320376 -10.990006
0.120436 -14.174403
5.069325 -15.334027
0.870783 -11.326625
1.875457 -13.859571
2.788716 -8.244149
4.687533 -6.483696
5.659194 -5.647346
2.787847 -4.400051
4.009633 -4.245111
5.198025 -7.716970
7.587457 -8.061716
9.517033 -7.982831
10.560756 -9.705807
8.091798 -10.041389
11.785542 -10.630173
10.574912 -7.824301
6.284261 -7.872697
3.455259 -7.678463
3.687446 -4.570725
4.846472 -5.453463
4.955518 -4.285222
5.342595 1.449150
5.567473 1.593429
5.553221 1.791479
4.340051 1.693574
4.787057 2.448301
3.956992 2.876581
2.170505 2.441938
3.903491 1.257720
2.070150 1.927445
0.615202 0.178556
1.437359 -0.508127
1.338059 -1.255808
1.702571 -1.694724
1.809339 -3.073879
0.739112 -2.369467
0.415846 -1.968710
-0.389411 -2.049502
1.222829 -2.423596
3.520760 -4.475755
4.281228 -3.971029
4.387227 -4.253246
5.085953 -5.116642
3.701009 -4.338196
5.351872 -6.786335
5.667482 -6.899292
4.993247 -4.963436
3.849974 -4.631522
5.902709 1.680498
7.739818 2.140051
9.840622 1.771775
8.572681 1.969297
11.350609 -2.591497
9.580367 -2.173542
6.894627 -2.743102
6.974668 -0.981236
6.925750 0.205281
5.251625 -4.816939
1.449437 -11.063489
2.535936 -13.556270
3.923509 -14.522918
6.209674 -8.035088
7.040484 -8.163702
7.566607 -7.892394
11.011726 -9.654571
9.715878 -9.712293
10.246324 -10.949306
8.989393 -9.054189
11.398236 -12.273316
10.959999 -14.993699
10.388060 -11.228257
10.727887 -15.246287
1.153556 -15.137817
4.448380 -13.726956
4.829238 -6.721647
1.366083 -8.608524
2.605369 -8.612094
2.942586 -8.026541
4.642241 -7.106571
3.924013 -8.175258
3.893694 -5.957968
4.734459 -6.641321
4.142982 -6.429889
4.546322 -7.588771
2.935109 -7.113105
2.404631 -6.729163
2.080588 -6.250165
2.665867 -9.081606
1.284915 -8.862844
2.226643 -10.056290
12.528090 -15.012067
8.568079 -15.877706
11.102462 -11.691157
8.441674 -9.617595
8.279976 -10.634875
9.090573 -10.890182
7.898092 -9.026946
7.841862 -8.682687
8.099443 -8.783637
9.379119 -9.383537
8.235402 -11.941602
8.519086 -11.109175
7.970194 -8.964536
7.974474 -9.642785
9.018580 -11.777964
8.674667 -11.791413
8.025718 -9.808217
8.760276 -7.993246
10.442303 -10.010152
13.385854 -10.526082
12.930465 -10.898416
5.367706 -7.888368
5.786357 -7.397540
5.607255 -6.024184
5.542165 -4.510606
2.700208 -4.922221
4.738847 -6.062141
5.471831 -7.568659
5.889207 -5.314408
4.311769 -4.922807
9.819460 -1.442922
8.859921 -0.890466
10.047709 -2.784977
8.601275 -2.669732
8.051512 -2.774975
8.709131 -0.573235
6.869941 -1.252604
7.720434 -1.239791
6.529257 1.702690
3.131103 2.114694
1.611310 0.801697
1.446926 0.053779
1.593933 -0.359610
1.731785 -1.375519
3.994767 -4.221806
4.735473 -4.020054
5.635486 -5.040771
6.145697 -4.494085
5.139249 -6.832842
6.145252 -5.930066
3.800290 -6.307414
0.486867 -6.514878
2.308572 -9.387792
2.374480 -11.794284
-2.634691 -10.679535
1.458104 -10.022927
1.290947 -11.074019
1.653250 -11.053006
0.705480 -12.632105
2.445537 -9.935275
5.954273 -13.408301
8.812040 -16.687551
4.540548 -13.475270
5.786696 -13.414329
1.710280 -13.510231
-1.972119 -11.345101
1.524345 -13.102796
0.820632 -10.519886
-1.261264 -10.053651
0.432834 -11.781263
-0.395836 -9.664103
1.088468 -12.933841
3.083553 -13.341403
7.855222 -13.751500
5.209257 -13.737102
3.902290 -14.901146
2.072248 -12.913375
1.996858 -12.135394
1.669505 -11.527617
0.732375 -11.607998
1.041965 -10.484279
2.417555 -8.557158
2.880327 -8.066083
0.085270 -7.622658
2.508990 -10.250398
-0.455588 -10.150535
2.085649 -10.317944
1.361923 -10.355128
2.310318 -7.711512
3.652563 -7.110312
3.882493 -7.849941
5.044338 -4.793308
3.781078 -4.379489
9.026251 -0.062155
8.575458 0.656974
8.006895 0.069854
9.261755 -1.019143
7.269393 -2.476025
7.817604 -0.460182
8.186113 1.207477
1.624607 0.297732
0.901721 0.715490
1.393371 -0.013244
4.619556 1.494050
4.029161 2.984049
5.356717 2.139802
7.029608 -1.111370
4.491054 -4.466110
8.543987 -0.457701
8.521791 1.701693
8.181314 -0.816635
7.552607 -2.577203
6.070210 -6.891218
4.551690 -7.354644
1.724603 -10.214121
0.696455 -11.572985
2.809170 -9.934318
2.047019 -12.191734
10.313482 -9.172514
8.706795 -9.926896
7.776359 -7.881683
5.011485 -8.059204
4.440341 -4.945450
4.984536 -7.089781
5.934319 -7.660913
4.489832 -7.008111
5.013005 -7.082273
5.832915 -6.574428
2.966553 -6.073631
2.536766 -9.863151
2.636690 -8.291412
7.153937 -8.068419
7.985244 -2.267718
8.434921 -2.376024
7.309170 -2.013942
7.334997 -1.320541
8.550407 -2.158201
11.937889 -4.038458
11.156469 -5.689060
12.203732 -6.963917
8.175947 -11.454095
8.423787 -8.142836
12.392056 -13.087575
9.076769 -10.821547
12.044018 -17.076075
12.645956 -11.486311
0.143627 -10.581077
0.368635 -7.834608
0.925011 -12.443951
-1.809473 -13.891800
-1.278392 -10.061452
1.317155 -11.638617
0.528128 -12.123679
2.612338 -9.145068
2.766026 -9.576052
2.237633 -9.304654
4.147164 -6.556647
4.817233 -6.042546
3.771764 -8.136002
6.291790 -7.890445
6.802973 -7.859720
1.302771 -0.200621
1.423870 0.676369
4.551054 -5.375144
4.408939 -6.559972
5.089307 -7.993103
5.379104 -4.642819
4.699652 -6.266889
3.868972 -5.938297
3.491251 -6.290601
4.789424 -6.688781
5.207715 -7.796445
9.076312 -11.834737
1.565651 -7.753307
1.800205 -11.052155
2.051110 -7.497321
5.437482 -5.834587
5.249599 -7.638243
3.647467 -7.530675
4.182744 -7.304335
2.117979 -12.192105
1.187885 -13.342530
2.819921 -13.644945
2.363138 -12.281265
2.567389 -7.174668
-1.232924 -11.607588
-0.903673 -9.514479
-0.666229 -8.839080
3.958963 -8.067122
0.477560 -10.818126
9.892774 -10.231257
8.904505 -8.346760
9.811127 -9.831177
8.875440 -12.070672
12.299346 -10.156161
7.532940 -8.019161
8.074558 -15.201803
11.899220 -10.559817
2.763730 -9.973403
8.173037 -15.643064
13.212906 -16.014503
9.156379 -11.019176
8.451260 -13.279478
8.494221 -12.898059
8.739944 -9.506032
1.791322 -9.230779
11.249991 -14.047631
12.070923 -11.225815
8.101521 -11.716056
6.078961 -6.661699
4.375113 -7.137523
2.914201 -6.389012
2.445428 -8.769299
2.703936 -6.836439
4.965549 -6.456721
6.195181 -8.158102
9.132601 -13.299806
8.115566 -11.560504
8.125718 -10.331506
10.208337 -14.054910
9.551896 -12.754258
8.195164 -8.428140
10.360683 -12.448778
13.595559 -13.908782
10.468776 -13.853374
8.311718 -12.706227
10.336746 -11.691218
10.136549 -9.595206
9.317897 -10.200786
5.547170 -7.539454
3.906130 -7.430587
3.867111 -7.243353
1.962133 -6.711575
1.625751 -4.247073
1.199745 -9.931928
1.500529 -10.658788
2.677713 -10.305831
1.282139 -9.912078
0.469860 -9.126557
2.572124 -10.201486
2.470327 -11.804034
4.966825 -13.211650
10.048386 -10.704582
11.678507 -6.888620
8.472967 -9.726821
9.181395 -15.564677
16.523483 -19.295065
11.965597 -9.131090
12.114578 -12.465081
8.617653 -11.460889
8.872781 -9.631696
8.173501 -11.034966
8.623880 -9.247975
8.191561 -8.851495
9.196497 -8.816214
8.523592 -9.880017
10.806986 -12.574764
10.320749 -13.827704
8.493676 -9.108902
6.969454 -7.827351
1.093279 -14.714880
-0.012131 -11.458563
1.330202 -10.149388
3.644631 -6.388032
5.629226 -4.546615
5.329285 -7.307007
5.334618 -7.718640
5.197445 -7.999240
5.367237 -7.282711
3.561971 -8.124505
2.782756 -7.647024
2.721643 -8.510938
2.749968 -11.023726
2.383062 -13.230677
2.911851 -14.296519
2.323510 -8.125228
0.867635 -9.152061
1.767780 -10.196540
-0.049997 -9.008412
5.238266 -7.756759
5.904363 -7.935970
5.406849 -6.848790
5.910797 -7.037032
3.094599 -6.678459
5.058596 -7.321716
4.507535 -7.852054
4.126149 -7.074303
1.210747 -8.992338
3.895638 -6.670849
5.965724 -8.031167
-7.680198 -8.653581
-11.336699 -10.719872
