-6.307940 -17.566484
-5.686408 -9.311570
-7.932932 -8.979712
-8.641448 2.667749
-8.421758 2.575581
-9.146018 2.173778
-3.379402 6.399149
-4.018481 7.105244
-5.589638 5.986308
-6.465834 6.523395
-7.799912 6.306878
-6.731555 8.187428
-7.144633 7.109893
-6.000242 7.780528
-6.255384 7.925491
-6.606256 7.119630
-9.186031 10.027630
-9.632913 8.554634
-8.945273 8.717380
-6.290808 8.421910
-7.804022 7.644670
-7.532533 6.412613
-2.688863 1.598766
-2.221255 -1.241830
-2.683650 1.068646
-3.544851 0.755630
-4.032944 0.584626
-11.017869 1.341784
-13.085477 6.979955
-13.564127 6.035512
-13.629148 5.960899
-13.648886 3.823417
-16.268173 1.624542
-15.556839 5.359394
-12.744846 10.708351
-10.485549 8.690959
-6.845512 9.991352
-6.447320 6.279314
-10.290973 2.980594
-4.413754 7.223248
-4.713017 6.417821
-10.111099 2.742685
-8.281359 1.812028
-7.910811 7.012307
-5.738153 6.679538
-6.648084 6.728604
-5.406370 5.961756
-9.207795 2.758678
-5.772183 6.075236
-8.383840 2.769706
-6.011910 6.639039
-6.906839 6.940191
-5.983242 6.482958
-5.799490 6.045981
-4.121577 7.010216
-4.214828 6.306354
-7.557412 6.950524
-8.295669 10.051345
-7.290293 7.066713
-7.829955 7.673094
-6.917068 7.080539
-4.565727 6.883560
-5.203207 6.747014
-7.612247 7.584123
-7.584638 5.968282
-7.717213 6.890863
-7.821555 7.022946
-5.477718 7.004757
-4.801077 8.088778
-12.980981 9.220840
