-7.447644 -19.202906
-4.078239 -11.769794
1.647507 -7.787534
1.267146 -7.395015
2.463068 -2.697995
7.391084 -1.668534
7.290863 1.243859
7.437810 2.106211
7.785578 0.173829
7.964564 -2.316750
8.838076 1.256793
8.959195 2.550677
8.916815 4.935226
9.922125 3.863469
10.025171 4.856624
9.010815 5.625415
8.777145 1.666674
7.073288 2.731626
8.648622 0.832205
7.537766 0.512937
6.334509 0.478007
6.761749 -0.372886
8.813720 -2.303473
10.366804 -1.758631
10.057883 -2.031416
8.396112 -1.800333
8.140718 -2.424061
8.767591 -1.934364
8.388073 -1.188945
5.651111 -2.662816
4.278056 -5.445667
5.987509 -4.626423
5.000897 -5.965514
4.793496 -6.634391
2.520638 -6.113949
5.417905 -1.977519
4.069629 -7.404152
3.778566 -9.200693
7.260221 -7.915822
7.041365 -10.286080
4.042544 -8.473667
3.262547 -9.424063
3.440766 -9.265375
2.707137 -7.863401
7.392529 -8.182296
7.031702 -9.029092
8.727964 -9.325731
2.030165 -9.878545
4.347940 -8.895772
7.970657 -8.037494
7.506699 -12.247333
12.376068 -19.048006
12.321348 -18.550983
12.400964 -13.081733
17.571392 -14.453468
15.360970 -9.452904
14.183175 -15.019267
16.934395 -15.469655
18.828461 -10.764998
14.769759 -10.800733
5.799106 -10.738393
6.267058 -13.307733
11.099257 -13.438296
6.514444 -15.126551
17.691088 -14.290883
13.481843 -13.375461
12.890549 -13.227437
8.806432 -11.288308
9.363755 -9.730465
6.024760 -9.032287
5.689326 -7.214351
6.952156 -10.376370
8.349756 -9.600063
6.345609 -9.114563
12.697911 -6.875639
13.284499 -6.173156
18.013372 -7.823504
16.906694 -7.060370
12.233456 -4.448096
13.152161 -3.684270
8.844019 -1.549153
6.763214 -1.556301
5.137233 -3.384118
5.672966 -3.832160
6.208567 -0.446209
6.301188 -2.499854
3.853728 -6.223746
4.882383 -3.487424
6.489687 -1.610477
8.026053 0.623214
7.873948 -2.229397
7.252640 -1.056965
8.234275 -0.059465
6.854837 -2.795186
7.756863 -1.329921
8.043090 -1.813890
12.262598 -7.277329
5.106020 -8.376340
4.300718 -4.131850
5.325380 -8.003299
2.925638 -11.248782
6.571391 -13.154155
8.709702 -9.653228
6.795077 -8.730655
5.854124 -9.579724
5.800232 -3.701646
3.631473 -4.237318
3.697774 -5.520595
4.032861 -5.901413
4.605395 -9.609424
8.331055 -8.709327
8.333762 -8.315579
6.692819 -9.998513
4.009678 -6.756130
5.697690 -5.067855
5.032345 -5.279644
5.015532 -4.260147
3.709833 -2.764513
6.460476 -2.699974
6.827535 -2.651647
6.243993 -1.358448
4.896699 -6.976418
6.121408 -6.915177
6.046636 -4.859064
3.459247 -4.637826
7.093505 -1.885047
10.059461 -2.207968
11.350299 -2.778992
5.296593 -2.704027
5.360360 -1.795640
4.370188 -3.647635
4.964952 -5.710085
6.097131 -6.826907
2.800611 -4.199312
6.072742 -3.918583
2.471074 -4.359190
4.362026 -2.074180
5.766083 -7.856306
6.786942 -8.232757
3.337960 -8.893703
7.946565 -9.929080
8.297583 -10.923017
7.943751 -9.564946
7.268938 -8.300170
4.146434 -7.106258
5.245076 -7.855889
5.595172 -5.591289
5.632773 -4.629538
5.239294 -4.327231
5.653547 -5.660916
6.880438 -0.849341
7.898286 -2.239158
5.159882 -2.493531
4.861790 -1.547956
8.728951 -0.523746
7.603553 -1.777469
7.725716 -0.822556
8.454878 3.547645
11.829744 4.659313
14.677515 5.440259
17.762869 10.127512
