-19.960464 -6.547836
-14.064116 -1.742874
-14.725794 4.247968
-8.719008 -1.779476
-7.719095 -2.177930
-6.553706 -0.387427
-7.936998 -0.080882
-9.601149 -0.802527
-8.286904 3.490356
-8.481964 0.864012
-1.513976 0.892400
-1.381681 2.390091
-0.256738 3.720678
-0.903275 2.324183
-0.862387 2.697270
-0.668755 5.321162
-2.184796 2.308002
-1.302310 2.688293
-0.124163 2.206707
-2.452362 3.220932
-2.171253 3.471492
-1.514028 5.804272
-1.063901 5.626872
-1.668930 6.027528
-3.307727 6.705481
-5.766592 6.768799
-6.882442 6.418644
-6.267048 6.797369
-6.531925 8.275311
-6.439301 7.425468
-3.539349 8.067853
-1.930052 5.427286
-0.354073 4.672771
-0.989890 5.430094
-3.206687 6.754975
-4.400629 7.093654
-6.513676 6.552123
-6.538522 7.459400
-5.040357 6.923706
-4.675241 9.795011
-2.397379 13.200719
1.603868 15.644519
