17.673464 -7.402947
12.286064 -6.960524
11.862785 -6.657979
8.902194 -10.600905
9.009047 -14.602801
8.708209 -11.575118
6.621920 -9.694807
7.228284 -8.101297
5.217095 -5.763953
4.991134 -6.912984
6.064710 -5.816628
5.450229 -6.077249
12.028803 -6.182094
11.499512 5.177025
11.183186 6.131110
14.118053 0.286273
7.093098 2.966053
11.473516 4.407595
9.544813 3.560356
11.114954 3.435230
9.700001 5.429090
9.091534 -0.606199
8.820344 -2.114683
6.693831 -2.691342
6.013310 -1.911536
6.039642 -3.479169
4.776289 -5.111200
2.018257 -5.738165
4.957576 -7.287045
5.439531 -9.353145
4.464405 -7.212039
4.190008 -6.638851
6.500678 -8.115620
7.064569 -7.829717
9.109024 -11.098836
8.836258 -8.328526
5.132149 -8.734164
3.973245 -6.444332
3.263708 -7.508744
5.574786 -4.897727
5.219343 -6.533941
5.653257 -9.501472
8.491283 -11.652177
6.847682 -8.288506
8.430653 -7.867125
6.966609 -9.602641
8.510759 -16.730431
13.191502 -13.513078
15.568399 -13.289692
13.054503 -13.140078
10.230113 -13.352452
5.146769 -13.763677
8.257204 -10.174243
-5.935509 -8.879695
-8.394844 -8.010278
