-12.039210 -13.106506
-10.026908 -7.489129
-8.489326 -2.605563
-11.078497 -3.137533
-10.347290 -1.241817
-11.779055 2.365730
-10.595876 2.551690
-8.716070 3.414835
-4.475749 6.636225
-0.534542 2.640815
-0.006937 3.273839
-0.885013 4.942017
-5.558094 0.793776
-2.477551 -0.497164
-2.439086 0.921132
-2.472543 1.401356
-0.464196 1.626904
-1.581550 2.247831
-2.282583 2.817686
-1.469887 -0.293421
-2.114438 3.197393
-2.347307 5.679961
-0.895666 7.633875
-5.485412 7.490519
-6.137921 7.363487
-5.555810 7.320072
-5.106675 7.370938
-6.461588 6.532205
-7.326876 6.603476
-6.384610 6.626138
-7.446676 7.724419
-6.121114 6.342668
-5.323558 6.394315
-4.398602 6.879030
-4.339144 7.600451
-3.755953 7.971159
-7.042405 6.454774
-5.800726 8.091980
-6.596826 7.037051
-5.422280 6.928370
-4.585472 6.801466
-2.169020 7.751350
-5.607150 7.388903
-5.870584 6.519929
-4.854756 8.420377
-6.130747 7.996666
-8.651637 9.391847
-9.504087 13.323799
-10.051434 17.995716
