-5.800576 18.392771
-4.497858 11.274251
-3.148257 8.384732
-4.759399 8.241300
4.838469 0.349573
8.314163 -0.795182
9.058027 -2.612459
9.715461 -1.898208
10.530928 -2.738398
13.789278 -1.988287
12.072615 -4.261446
11.485410 -2.836269
12.598117 -2.431616
14.305754 -1.855271
14.795514 2.672150
14.454174 4.341804
10.787144 4.060210
8.210809 3.668596
9.173155 5.080950
8.622766 2.119321
8.680734 3.564843
8.486403 1.095058
8.315769 -1.557451
9.467190 -2.527530
11.000063 -2.321543
10.314102 -1.682721
5.734537 -2.804447
7.688719 -2.451496
7.844782 -0.089489
8.063439 -0.240782
5.190612 -1.824175
6.422800 -2.098370
4.844930 -3.737175
4.579584 -5.712985
3.132233 -4.467928
4.991157 -2.412142
4.849051 -4.768770
3.352448 -3.681719
3.572527 -7.339383
12.293765 -6.174018
13.850389 -7.538567
12.136724 -2.558197
12.343126 -3.626741
11.112858 -2.165782
6.841247 2.284639
7.020570 2.709450
8.576818 0.547465
6.280478 1.696820
8.239571 2.407079
8.687752 2.832210
8.329363 2.977941
10.989021 4.021418
8.622673 3.607906
8.943714 1.625155
8.544472 3.036726
7.373622 2.730607
8.191387 2.652133
6.232258 0.311590
7.730009 -1.438913
4.905128 -3.410185
4.675781 -5.223665
4.984839 -7.026173
5.080662 -4.750111
3.340395 -5.122955
4.010320 -7.052736
5.363170 -6.907878
3.905000 -9.700011
7.414332 -8.399206
8.180037 -8.000726
5.189430 -8.112535
6.833080 -8.345723
5.748103 -10.031459
3.356185 -9.543493
7.646835 -10.599310
4.091585 -9.082627
8.409988 -8.580821
6.108640 -8.039462
8.789171 -8.348335
10.826773 -1.650786
10.918963 -1.725390
6.733133 4.538680
7.246768 1.194424
8.563429 0.589078
10.046909 4.152267
7.956678 2.823933
7.517797 0.711326
8.249418 -1.528008
7.551410 -2.013447
8.990185 -1.688876
8.803507 1.680401
11.648158 -2.496175
7.644099 3.938849
10.279185 4.639008
7.778926 4.913226
7.109056 2.708736
7.783071 1.730492
10.499371 3.483793
6.871252 1.648282
7.841442 3.427700
8.845551 2.400926
5.316920 0.822815
6.443648 0.171230
6.383472 -0.384195
6.284919 -0.890949
9.132109 -1.856146
14.609985 1.116025
14.294242 -2.152293
15.106766 -6.926530
13.412331 -6.337344
13.242666 -6.376985
14.244470 -6.047897
18.698452 -11.015439
19.238733 -12.213845
17.998003 -8.842194
12.984461 -7.210890
13.637943 -5.262150
16.939047 -0.776514
14.464236 -1.807680
13.733734 -3.593241
13.647165 -2.693842
9.029223 -2.441365
9.864662 -2.268104
10.283131 -2.292710
9.024165 -2.124316
9.083601 -0.176038
7.247572 -0.195636
8.075240 3.587695
8.262973 2.482761
6.736273 0.776507
6.515604 1.311976
8.409393 5.232577
7.687744 0.782291
9.049597 0.210844
8.930536 2.746894
8.681355 3.361260
8.736794 0.560944
7.747080 -1.006517
5.208534 -2.204805
8.930489 -0.717049
6.825037 -0.929007
3.325172 -0.736341
4.664866 -3.362331
5.356626 -8.478090
9.033226 -8.277504
4.078646 -11.048460
4.742278 -11.933949
5.340906 -14.417761
4.805760 -13.791257
6.624735 -9.544474
5.424272 -9.110729
9.153500 -8.097312
13.783403 -15.680715
15.207862 -10.009684
17.708326 -6.492482
11.363085 -5.263793
11.863652 -6.485066
11.964676 -3.665194
11.587368 -3.125364
17.773968 -6.648101
16.929783 -6.956756
