-17.428919 -5.856936
-13.795164 -1.554436
-11.959607 -0.314281
-8.632708 -0.663590
-5.524058 -0.768432
-2.803917 -0.889633
-1.161823 3.722438
-0.702728 7.561044
-0.844810 8.453820
-3.378196 8.305374
-1.028618 3.473810
-2.420252 5.985232
-0.497831 5.877191
2.139630 5.097689
3.917550 4.262649
4.902404 5.576831
0.662145 5.030165
3.048255 5.324389
3.302654 4.260389
5.727216 5.598560
3.651070 5.156969
3.532220 5.168084
2.540196 5.555329
2.239690 5.797809
2.883445 3.283781
2.293180 4.646595
1.439180 5.297467
2.193055 4.409679
2.051592 4.410695
7.483958 3.922147
5.129021 7.887962
4.018464 4.665979
3.297730 5.267294
3.387200 4.506397
5.695664 7.176743
4.340229 6.105512
6.486885 6.426136
4.518362 10.931479
5.082041 10.239022
5.074733 9.942386
3.610489 13.409143
10.004652 17.421240
