-12.169714 -12.285555
-4.732003 -11.471321
-1.981144 -6.019418
8.240374 -1.519326
8.940310 -1.270589
3.654889 -2.074128
4.647626 -3.917646
4.151640 -7.480633
3.176231 -9.329017
6.364479 -7.849128
4.505443 -9.621020
5.509034 -7.106969
7.243838 4.916525
13.001629 5.394742
12.679487 4.701128
10.482040 3.787347
10.269847 5.288128
11.224532 3.430934
11.339073 7.389132
14.780861 2.799664
17.793108 -4.872779
13.479860 -2.745906
13.652941 -4.511367
12.308672 -6.170087
15.159214 -8.423793
13.872509 -7.224720
14.074652 -3.833516
11.473654 -2.271449
8.965221 -2.466110
9.090694 -1.014791
8.120781 -0.754539
8.976700 -1.377338
7.695462 -1.689940
7.036489 1.667634
5.432460 2.177826
6.902567 -0.052801
8.647312 -1.787403
7.950972 1.838053
9.014816 2.194128
9.012785 0.037042
8.167536 0.480145
8.564353 -1.255267
9.382990 -2.362876
9.136753 -2.627560
7.098261 -2.049020
5.829637 -1.449167
5.757309 -3.565801
3.827802 -7.749002
1.394640 -7.448010
5.839786 -5.998359
5.777926 -5.074756
1.796410 -7.950073
6.538445 -8.563754
8.114420 -11.137151
3.576528 -8.819877
8.964194 -8.702920
7.547921 -9.971683
9.311108 -11.800677
8.238518 -10.185340
9.178105 -14.783859
6.772398 -9.967128
6.778936 -10.177832
6.982244 -10.428818
5.460994 -13.336442
11.384866 -14.546235
14.808502 -14.627875
13.698682 -12.866924
12.509192 -14.534312
9.171061 -13.321195
9.366117 -8.744222
8.730404 -8.205417
8.967654 -10.938973
7.882236 -10.072204
9.158357 -9.314618
11.290936 -13.497184
11.936448 -12.883842
4.907350 -12.423450
5.461710 -12.423316
8.247886 -11.641294
9.232702 -9.807213
10.406844 -13.146947
6.362000 -11.948451
9.305645 -8.337777
6.362522 -9.822874
9.011778 -8.940204
12.096835 -13.086259
15.381594 -12.727626
15.241735 -11.724850
14.536020 -13.292644
10.493663 -13.632869
9.513984 -16.392723
8.020560 -11.306827
6.922577 -12.469712
4.338154 -7.652544
6.189020 -2.530109
4.854036 -2.441882
4.586731 -3.170335
4.497423 -3.456383
2.887452 -6.265795
5.892789 -6.548971
11.200112 -6.746978
11.356966 -6.324116
8.416533 -11.194725
8.651479 -9.862336
9.330235 -8.983418
7.554184 -11.847298
2.104673 -8.996037
5.117355 -7.946973
5.722142 -10.934595
4.083272 -12.152905
11.194725 -7.415980
11.169455 -6.476771
11.808008 -1.718992
12.469364 -7.314734
11.713053 -5.210224
12.949251 -5.088048
11.570915 -5.203912
13.681067 -4.068531
14.670081 -5.321165
12.185214 -7.097916
4.713128 -10.558872
8.870186 -13.381246
7.115026 -9.071411
7.033161 -8.989093
6.514051 -8.019415
9.336796 -7.972054
8.391611 -7.848615
5.063426 -10.152987
5.506602 -5.690354
5.488248 -5.492646
3.594190 -6.378763
3.665073 -8.040337
7.810941 -8.401121
6.633874 -9.432736
4.260121 -8.400928
8.962947 -9.373413
4.703643 -11.386871
7.102102 -11.284508
9.143489 -9.114432
8.352499 -8.158463
6.572926 -10.695872
4.708010 -8.972493
5.495240 -9.418899
4.217846 -9.557145
7.018179 -10.556677
7.355525 -10.481352
8.016469 -10.177424
14.231495 -13.146873
14.945340 -16.673641
11.275026 -14.211950
17.161797 -14.745507
14.983432 -8.619871
10.802395 -1.896547
10.597754 -2.817178
8.267254 -2.420749
8.212384 0.383893
7.753489 -0.480719
8.980255 -1.649831
6.298626 -1.786797
6.426146 -1.044409
9.275535 -2.255539
11.324676 -3.697284
11.162712 -6.532939
12.283140 -4.263271
9.473845 -2.113674
7.949250 -2.602157
11.459060 -7.221475
8.758162 -10.884343
8.732662 -11.015971
6.686037 -8.529325
5.576910 -8.694668
5.574808 -6.219738
4.809850 -7.318005
6.991488 -11.501382
6.785919 -9.555387
6.207401 -10.720847
5.532412 -9.505580
8.414613 -10.028365
9.455470 -14.989902
4.422264 -13.371802
1.670482 -13.841758
5.087038 -10.028893
6.230212 -7.939335
7.596862 -7.954458
5.620675 -7.309012
2.167411 -3.772250
2.928956 -4.482098
5.823026 -1.598473
5.309512 -1.047611
5.888790 -1.604861
8.183069 0.637852
6.387536 0.475286
5.827931 -0.882363
10.266703 -2.733091
4.811626 -7.635612
7.389675 -8.028127
11.295963 -7.793700
12.256777 -6.259115
14.350657 -7.000799
17.415539 -7.829005
