17.989407 -19.671097
12.464821 -14.314874
10.119301 -13.400654
4.708030 -16.685122
9.081626 -11.750016
8.808640 -10.408174
6.324996 -8.846187
-5.053976 -1.444928
-5.299159 0.678170
-6.138885 0.804619
-3.893483 -0.497791
-2.617241 -0.361989
-2.346533 2.723166
-1.988352 1.341008
-0.458278 2.193666
-0.517472 0.540222
-5.733331 0.860390
-2.571752 -0.193436
-3.086587 0.005044
-2.793624 -0.392818
-8.003445 -0.329081
-8.816187 2.717543
-9.600176 3.324846
-8.925830 1.151709
-6.406171 0.079616
-6.748424 0.519843
-6.722699 0.769567
-5.447351 0.676775
-7.535624 -0.782774
-8.002007 0.662115
-9.498968 0.498593
-8.300851 1.549928
-8.680395 1.021665
-9.231949 2.085317
-8.790279 3.193016
-8.413290 3.027263
-9.283924 2.976290
-13.577591 5.092053
-13.448275 5.790049
-15.298424 4.636727
-6.900838 7.960662
-4.414159 7.162192
-11.115021 0.397885
-8.541348 1.131346
-11.970696 8.772349
-11.601898 8.695508
-15.229794 7.307097
-11.989618 8.989098
-11.965435 9.322942
-12.747171 9.141553
-16.306488 6.493844
-9.426605 2.981764
-9.661627 0.723291
-4.603765 0.854258
-5.069645 -0.344749
-2.050607 1.399232
-1.048185 3.088872
-1.235136 3.222553
-2.219933 2.352616
-1.314634 3.565889
-0.540847 3.802031
-2.092736 4.614801
-2.298522 4.186835
-2.431952 3.633378
-1.913687 6.057753
-4.850821 8.056506
-6.840021 8.933816
-6.459695 7.685096
-3.442905 6.809992
-1.328117 5.939221
-1.778654 6.079735
-0.852583 3.714626
-3.058067 7.433968
-3.094532 7.049200
-1.445586 5.866076
-1.463829 5.186797
-2.423129 3.502150
-2.467365 3.774905
-1.787676 5.286101
-1.275494 3.898173
-2.314094 6.235864
-3.158991 7.488358
-4.539495 6.525393
-3.058913 7.116201
-1.129821 5.245211
-1.503559 5.555855
-3.650913 7.721679
-4.954416 7.296617
-8.597154 9.034714
-5.514637 9.591159
-7.098561 7.065836
-10.474250 2.458964
-9.108392 -0.309367
-11.579645 3.270978
-10.889130 0.361854
-12.577774 2.912230
-13.177328 2.618331
-18.984879 8.283130
-11.612088 8.896882
-12.430215 8.556662
-13.874316 7.323622
-6.805868 6.402342
-5.323503 6.678133
-5.180133 8.508203
-5.568872 7.711877
-7.547612 8.447496
-6.155070 7.470353
-5.860533 6.626986
-7.195358 7.740775
-7.313154 7.750114
-6.345198 7.456232
-8.310620 8.549650
-2.416998 3.939495
-1.772194 4.057169
-3.538034 7.762917
-4.209005 8.211528
-7.630732 7.299527
-8.618301 3.282800
-7.824998 8.227672
-5.234882 6.654547
-7.345909 6.658537
-7.592924 6.733944
-6.415082 8.031678
-6.971694 7.697170
-7.691378 5.987236
-9.228694 1.978297
-8.539769 2.621246
-8.554008 2.882305
-0.981610 6.251117
-3.431906 6.947776
-2.086109 4.688903
-2.063125 6.281483
-1.311179 4.064746
-1.884679 5.811234
-1.750892 3.502506
-2.951427 0.529438
-3.484197 0.229031
-5.991135 -1.210840
-6.067641 0.453682
-7.110953 0.575411
-5.051450 -1.072476
-3.537718 0.726989
-2.188011 0.436274
-1.837090 2.068627
-2.441796 0.250136
-2.234798 1.616051
-0.855367 2.641165
-1.982490 3.514128
-2.313227 0.631361
-4.913605 -0.850168
-6.498350 -0.911641
-9.537107 -3.432648
-8.720678 2.895753
-8.328822 2.743819
-10.211724 1.182983
-10.291091 2.633557
-9.264063 2.261089
-11.776138 3.020813
-10.944865 2.818838
-10.227108 -0.264259
-8.369532 -2.196188
-10.578859 0.877533
-6.858749 7.881504
-7.887760 8.977126
-7.854301 6.814969
-13.280630 4.535802
-13.489028 4.546981
-13.057945 6.125887
-13.200821 6.038000
-12.413092 8.535464
-10.895897 8.908616
-5.835271 12.849895
-8.546246 12.057164
-7.331807 6.937361
-7.908719 11.842498
-10.739327 11.090707
-8.938515 8.779728
-5.085899 8.569721
-6.871624 9.432516
-7.828652 11.884202
-11.523231 9.020082
-5.729720 8.284717
-8.909369 9.220706
-6.723464 7.963970
-5.954835 6.964130
-4.487207 6.531394
-5.990875 6.699678
-7.331542 6.379653
-4.943652 6.683867
-4.748086 6.430696
-3.961471 7.291919
-5.399036 6.469496
-6.398023 7.026158
-4.773706 8.331450
-9.514868 9.278083
-4.810663 7.651029
-3.904172 7.539617
-2.465743 7.818797
-2.200615 7.789409
-1.983194 5.684404
-2.400664 4.768766
-2.215097 1.045676
-2.662601 1.101060
-0.854651 3.738069
-0.876210 3.287872
-1.253738 4.517809
-2.311232 4.408963
-1.520384 5.467579
-2.924805 7.923944
-5.433585 7.102058
-7.089964 7.042560
-7.316752 6.553286
-6.440021 8.183988
-7.160580 7.720576
-7.233409 6.597141
-1.787922 0.140436
-2.025820 1.109275
-12.184855 9.036345
-12.382561 9.798985
-9.651203 1.777558
-10.053886 2.863176
-9.796951 1.720846
-8.589306 2.503480
-5.888976 0.781355
-4.448183 0.580943
-9.656416 2.912119
-9.377095 2.099639
-8.236462 2.562087
-7.787322 0.051261
-9.196055 0.149508
-9.698856 0.234737
-8.292343 1.604930
-9.900007 3.417900
-10.675474 2.824262
-10.427620 3.396588
-12.303410 2.621317
-7.910247 -1.101835
-9.949013 2.007859
-9.101858 1.864766
-10.082096 2.797060
-6.762690 6.689271
-6.705680 8.905264
-7.344322 9.467793
-6.885991 7.699814
-5.328750 6.731606
-6.200307 6.709713
-6.893904 7.726828
-4.982749 7.841331
-6.207392 8.920139
-7.188663 6.330228
-4.465857 7.603263
-5.584780 8.472703
-4.817127 11.420602
-3.777101 10.792575
-2.676963 9.268916
-5.597056 6.437737
-4.947403 8.089227
-9.468835 9.545031
-9.602678 9.280958
-7.786410 10.441527
-7.549106 8.285122
-7.112448 6.564925
-2.549685 7.378468
-3.787492 6.484535
-5.838847 9.729516
-5.991975 7.399190
-5.384133 7.192414
-5.728333 6.721004
-6.481622 6.927826
-8.664855 10.348210
-9.872880 3.265620
-10.405867 -0.276997
-10.159030 1.600560
-7.048984 0.203869
-7.107018 0.246996
-4.929255 0.182951
-1.763382 1.127045
-1.487196 1.017158
-5.460442 6.504645
-5.882248 7.037201
-6.219759 6.948631
-4.074861 6.320875
-6.582215 8.616700
-5.442327 7.369246
-5.702184 7.457450
-5.623198 7.871526
-3.818302 6.891176
-1.863621 6.559357
-1.156413 9.301203
-2.190513 4.305887
-2.199524 5.024689
-1.768575 2.892378
-0.930758 6.082229
-0.555731 5.113534
-2.300891 6.598279
-5.013975 6.400895
-3.118222 6.328834
-2.036221 6.907233
-2.781915 6.590211
-0.607581 4.498016
-1.552171 1.821003
-0.468367 0.269157
0.812884 0.263314
-1.090098 2.843264
-2.078732 3.328035
-1.632775 4.030333
-1.612604 7.782274
-4.604544 6.576558
-4.263990 6.558290
-6.602210 6.741459
-6.940271 8.397218
-4.183969 6.549772
-5.217443 6.703358
-7.142289 7.079510
-7.747651 6.071209
-4.513088 7.477667
-3.083265 8.097920
-1.433335 5.599206
-2.119060 6.808113
-4.117438 7.871523
-7.524486 6.360868
-7.646923 6.499471
-7.049645 8.314116
-7.841270 6.478769
-8.836477 0.137821
-6.617858 -0.135948
-6.820579 0.085136
-9.793701 -0.991490
-8.718242 0.104563
-7.086850 6.901899
-7.092935 8.224761
-10.746523 3.451555
-11.419504 8.512523
-10.482528 8.787417
-15.548721 10.417344
-13.177425 8.888330
-13.460636 8.093131
-13.611017 7.893241
-9.642870 2.689079
-9.394360 0.460800
-14.556532 8.935578
-10.698678 9.422988
-10.567066 8.700581
-11.276359 11.276843
-6.594518 7.697203
-6.766965 8.019145
-7.622411 7.344884
-9.993388 9.539693
-10.495244 8.915038
-11.702849 9.419362
-12.736612 9.937070
-4.937639 8.637757
-4.830384 10.018332
-7.506755 8.100543
-6.497464 8.054950
-6.277357 7.143925
-2.811949 7.029637
-7.820001 11.677231
-7.303263 7.068995
-7.809541 6.404722
-7.065849 7.975122
-5.778141 6.776800
-4.421078 6.488077
-6.141488 7.026813
-2.932283 7.595019
-1.397100 4.140324
0.013523 2.675703
-2.412976 5.006066
-2.336748 5.956118
-3.411757 7.716722
-2.970986 7.049379
-3.780843 6.435546
-2.289785 7.009180
-2.174322 5.693366
-2.199048 5.076836
-0.848977 2.198912
-1.595373 0.553276
-2.426537 0.929183
-1.938480 1.490251
-4.781878 0.736027
-4.724676 0.449787
-8.762536 -0.412005
-7.336503 -0.178465
-8.659554 0.674437
-8.212474 2.945314
-1.653736 4.212348
-4.264470 7.646334
-4.149838 8.865212
-5.262062 7.977100
-4.073162 6.595651
-7.462927 6.972082
-7.285147 8.503335
-4.792997 6.629294
-6.755327 8.145507
-15.329247 7.923796
-11.959529 8.870460
-12.650615 9.461668
-14.552956 7.544935
-11.813355 2.651446
-10.832632 2.301376
-7.739264 0.227518
-9.866707 1.950042
-9.980816 -3.118101
-9.035789 -1.566445
-7.762249 0.264918
-9.771103 1.477045
-6.644629 0.270808
-5.949907 -1.151678
-3.067089 0.383991
-2.939706 1.101539
-3.917630 -0.573006
-7.560439 0.747073
-11.000214 1.136424
-8.640549 3.194941
-8.824732 2.664191
-11.411089 1.422432
-9.386177 2.600629
-7.294196 0.143560
-7.246161 0.481011
-8.898447 3.325765
-7.413582 7.297235
-7.201876 6.313149
-7.630041 8.230530
-7.277698 8.239074
-6.515772 7.533058
-6.090841 6.656394
-5.140714 12.720362
-11.023474 9.734296
-8.805438 12.198170
-10.687477 14.273531
-14.033225 7.415515
-12.337709 -0.085949
-8.632705 3.389212
-7.790866 6.018301
-7.949673 6.756280
-5.762873 6.536492
-5.418050 7.716955
-4.809761 6.584101
-6.036880 8.649364
-4.643089 6.851912
-5.168268 7.677611
-5.238046 7.187052
-6.035265 7.465464
-11.935148 10.105968
-12.196397 8.744915
-5.690801 9.627415
-5.560718 -1.009985
-3.984488 -0.479886
-3.791577 0.259886
-12.989290 5.946358
-13.212317 6.408344
-5.412403 6.643990
-7.613904 6.343032
-10.056773 11.352139
-11.890143 10.076392
-14.350672 8.883595
-11.738695 9.480075
-7.704585 6.160609
-6.114559 7.604976
-5.281286 8.350873
-4.177466 7.015212
-4.749016 7.322345
-6.525800 7.829864
-6.025015 7.001887
-5.677456 7.356249
-8.626214 8.563183
-8.611691 2.739966
-11.326267 2.988046
-8.211317 1.873292
-9.295927 2.561450
-7.084530 7.805178
-9.018765 8.506946
-6.896724 8.793635
-7.156375 7.085087
-6.704661 0.475387
-6.937537 0.440755
-5.506490 -0.979270
-4.490653 -0.272454
-4.180327 0.012921
-3.289819 0.725537
-2.540404 1.207783
-5.550639 -1.026862
-2.877971 0.925028
-3.367373 -0.593368
-3.694476 0.278595
-9.842239 2.689728
-8.321560 2.901214
