12.961691 -15.028193
1.862975 -11.248395
7.932714 -8.916809
7.607864 -12.829055
5.318761 -10.810899
9.034974 -9.286870
8.925848 -11.616025
8.652837 -9.296512
9.042782 -10.049573
7.043423 -8.206895
3.720786 -7.845047
6.029484 -7.658563
4.381717 -4.880454
3.206285 -6.462632
3.018382 -6.928039
2.701537 -4.465641
4.863412 -0.870971
8.134125 -2.013580
8.858980 -2.255116
10.705223 -1.828209
13.635227 -3.570762
15.936322 0.225684
15.674273 -1.225739
13.283137 -5.144360
11.390455 -5.907683
11.781898 -7.654112
8.823732 -9.017347
7.856406 -8.717638
8.162522 -9.832988
7.047237 -9.584311
6.933873 -10.654517
7.999844 -10.530841
7.676509 -11.971505
9.578031 -13.492248
15.615322 -16.100451
10.531746 -19.009672
15.090449 -11.825917
16.037649 -9.877004
7.227264 -10.681818
7.437387 -9.927866
6.499895 -9.061638
8.804082 -10.991779
8.248940 -8.975188
6.761469 -14.598429
11.020147 -13.782832
11.182455 -15.461810
8.199833 -11.103491
8.057659 -14.111714
10.569046 -12.965283
7.636755 -12.800876
6.725354 -11.136065
3.873139 -8.126534
11.547335 -6.990918
16.440002 -8.376595
16.342335 -16.145292
11.523461 -16.758648
13.691220 -14.100861
10.600220 -14.260812
6.072716 -11.845727
8.143312 -9.625436
8.378367 -9.731839
8.479294 -9.256474
9.361408 -9.963607
7.504791 -9.823527
4.643007 -7.795355
13.508799 -7.808987
12.286149 -7.807822
11.919667 -1.593292
14.079273 -7.171855
12.217447 -7.214867
13.434011 -6.531097
16.637039 -11.928158
15.485254 -9.959626
15.388892 -9.340833
11.349249 -14.056134
7.144722 -17.382055
7.332647 -15.482841
8.289196 -10.665492
7.613668 -7.839606
7.554029 -10.236918
8.785494 -8.185925
8.715820 -10.827597
5.470235 -7.449207
8.658970 -9.464972
9.909799 -13.067294
3.015567 -11.898017
12.417502 -7.631821
13.897282 -6.792843
13.092086 -3.972893
12.703525 -13.337625
9.904236 -13.020604
15.693565 -12.362844
14.318460 -2.882327
15.452374 -11.512738
14.448605 -11.135041
8.398159 -12.080504
5.733927 -13.395875
10.921003 -13.180385
7.831985 -8.695448
3.848594 -8.497995
5.249021 -5.479116
12.011608 -7.311727
11.567411 -7.540595
7.266193 -10.079232
7.175329 -8.482211
5.679545 -9.759616
7.202902 -10.077408
5.565796 -3.363465
7.827502 -2.160439
7.781661 -2.176639
6.295109 -1.323239
7.799973 0.434761
5.196239 -6.968863
8.252817 -11.447529
8.067366 -9.686589
6.791039 -9.568250
8.900752 -10.388292
6.202008 -10.202155
8.666042 -9.575494
8.206697 -7.870075
5.820201 -7.568713
5.745077 -5.647603
6.116634 -5.714310
14.006834 -2.978645
11.324499 -3.839668
13.305028 -6.966210
1.956460 -6.871268
4.788685 -9.223242
5.427227 -5.266351
4.344483 -8.029102
7.569346 -9.685266
6.218610 -10.344748
4.794569 -9.380210
7.951476 -10.589456
7.618233 -9.383779
3.709621 -9.896047
7.354418 -9.221308
8.539678 -8.788545
8.740279 -11.860945
9.817694 -15.536808
15.767992 -13.735487
15.939589 -17.020761
12.565116 -13.945843
4.762691 -11.231180
9.785606 -13.249004
5.204257 -9.003905
8.598017 -9.791519
7.657789 -9.057092
8.339500 -11.802978
8.836094 -9.558792
5.220702 -8.774563
5.009189 -7.952148
4.713964 -4.041687
6.541185 -1.601152
7.973065 -2.430144
6.612936 -1.676960
10.366625 -1.961325
14.318518 -3.321143
15.407961 -13.203432
12.786913 -13.339442
9.689397 -12.899846
13.684975 -13.294791
9.881891 -13.227399
4.142404 -13.505877
8.880006 -12.097603
8.822542 -9.374694
4.452492 -8.921789
7.044443 -0.265579
7.300454 -0.261034
8.746436 0.703869
7.424915 -2.582416
11.854153 -7.242065
8.901304 -14.492970
8.849636 -9.089039
14.669652 -10.941974
16.479059 -9.930959
13.224217 -3.471103
9.822575 -2.376464
4.679316 -6.203187
6.138991 -8.426410
7.271205 -9.926267
7.895676 -1.271543
11.271344 -3.550352
11.301596 -5.125090
13.314089 -4.083751
14.793895 -8.723123
17.486820 -12.533974
11.744285 -13.154994
6.917550 -14.658549
8.742528 -12.615699
8.502535 -7.844235
9.646226 -2.631317
13.689159 -7.487313
7.994502 -13.068763
6.235298 -14.021659
15.527228 -8.422080
5.026815 -8.400517
4.871523 -7.560645
5.311037 -7.250899
3.380682 -7.715342
7.739500 -8.215811
6.041059 -9.277906
4.897735 -8.351550
11.149727 -3.697992
7.764750 -10.581215
6.317863 -9.739858
4.708013 -8.500755
4.956691 -8.798512
6.558928 -11.062627
6.370402 -14.331132
15.394938 -14.220857
13.552412 -5.655957
16.712479 -3.793684
18.205040 -11.865760
14.904756 -11.722258
8.634412 -2.205592
9.613993 -2.452111
7.451337 -1.987132
7.859161 -1.700128
8.586169 -2.099939
7.334764 0.211583
6.424847 -2.491860
2.437625 -4.880230
3.704025 -6.445314
3.515047 -7.201881
6.443922 -8.650262
8.948507 -8.924715
8.154696 -8.111875
8.875184 -10.392387
6.901586 -10.715493
7.837503 -9.709884
7.580589 -9.527858
8.181578 -12.638448
5.978983 -14.203006
18.280371 -15.304152
12.202629 -15.846347
7.549147 -12.075141
7.778971 -8.951600
8.822272 -9.711293
4.766777 -9.292800
2.501991 -8.251746
5.528018 -8.617072
3.494225 -8.691283
6.025495 -7.015056
4.029566 -6.519864
12.344414 -5.839507
13.074839 -5.399966
13.124831 -5.500844
14.156613 -2.638493
4.481441 -2.204304
4.523647 -3.576484
5.587658 -3.103577
6.021602 -5.966795
5.760855 -7.521717
6.179994 -8.019648
7.794918 -9.555352
7.175448 -8.042928
3.764428 -9.010141
5.479252 -6.129224
5.884089 -7.886440
7.401727 -8.541120
7.111971 -10.522353
2.961579 -9.329747
5.346041 -6.296643
5.597209 -4.432449
3.680094 -2.791901
4.145611 -0.622528
8.580282 -2.427269
8.357999 -8.948236
11.263511 -6.779586
14.402115 -7.248781
13.928200 -4.805653
15.613436 -5.709445
15.986040 -10.442115
17.376612 -16.121000
9.054169 -9.775846
7.699015 -7.861591
7.499618 -8.523835
9.385279 -9.163163
9.270059 -11.044549
6.000827 -7.273289
4.516699 -5.290941
6.094973 -6.395155
14.866529 -14.290278
3.924766 -11.475485
7.133448 -9.306079
8.101186 -7.838560
8.575212 -13.099827
8.739372 -10.270603
7.265917 -8.717082
8.967498 -9.581155
7.509268 -9.433462
4.631722 -6.037104
4.849514 -3.325617
2.420852 -5.477714
4.145143 -3.606169
5.958818 -3.700121
6.139056 -7.309756
5.874624 -9.486315
7.232200 -9.099680
7.500950 -8.360843
9.206869 -9.211131
7.134452 -8.064824
8.229801 -10.943854
8.887136 -9.330092
7.185481 -10.745697
7.292145 -12.291117
11.457605 -14.262433
9.543307 -13.024425
6.101490 -10.590129
9.190432 -12.595281
3.595804 -12.160483
7.980642 -11.147382
7.796607 -10.784715
8.836941 -9.140914
6.930828 -9.377790
5.949329 -8.972495
8.209531 -9.969974
4.633425 -8.705963
5.501218 -9.372769
8.786345 -7.839262
7.936824 -8.056299
7.167233 -10.726224
4.648491 -10.024914
7.543297 -8.471751
9.110292 -8.913092
3.480300 -18.519472
9.619015 -14.802256
12.873596 -14.546205
8.130067 -14.520174
5.187063 -12.614551
8.392006 -11.995588
8.837696 -9.847083
6.239270 -9.729165
9.048998 -9.709839
11.880650 -6.368416
11.993460 -5.770108
11.718651 -5.063085
11.986145 -7.145612
11.784398 -6.573643
11.370232 -5.297418
12.940825 -6.744294
8.176268 -7.872439
7.548834 -10.055448
5.128665 -8.957578
5.689475 -8.993792
8.791662 -11.000722
7.222235 -9.628005
2.841698 -6.115840
4.996328 -5.589135
5.712238 -5.680875
2.200438 -7.262057
8.919770 -10.652215
7.041899 -8.805676
5.179053 -13.641395
6.889296 -9.352710
9.141022 -9.639028
9.059695 -8.936095
7.848196 -9.253078
8.127066 -10.021369
5.349105 -7.129646
5.829839 -6.804385
6.107383 -2.862043
5.717442 -6.244480
5.471465 -9.570202
8.123880 -10.785563
9.246075 -8.721753
8.043524 -8.090309
7.136578 -8.116841
7.303658 -8.605275
8.167778 -8.109282
7.003336 -9.732829
5.304752 -10.902957
5.738272 -6.095511
4.359377 -6.348729
6.213509 -1.221121
7.871233 -1.893505
9.074903 -1.923572
11.551840 -5.441881
14.586214 -7.519038
9.218716 -1.839969
11.741595 -5.706576
12.604794 -6.658038
12.149019 -7.742931
18.210354 -10.007294
15.642042 -13.032184
13.452509 -15.534112
7.073654 -12.438707
9.378202 -11.404983
8.146059 -8.839154
12.025869 -3.636273
14.103340 -3.492227
11.235470 -6.504187
7.733075 -8.640204
8.360044 -10.221507
9.020672 -11.815925
8.938353 -11.296515
5.550396 -7.283994
5.353743 -8.157298
8.644077 -9.896161
11.176699 -7.097989
16.907352 -8.027065
12.243048 -4.961725
12.810264 -7.357895
14.517807 -13.065454
12.486597 -13.647863
7.961477 -12.478257
8.947648 -9.263261
9.002856 -12.078219
7.915007 -9.382934
6.284176 -9.697780
7.086268 -11.134682
6.247057 -12.347152
7.474914 -10.245931
7.528796 -10.590006
7.252231 -11.398654
5.050284 -13.474876
13.899514 -15.396991
14.307100 -16.201656
14.018840 -14.481143
4.427423 -11.624836
8.030318 -10.563603
8.833216 -11.324965
8.163190 -10.555396
9.178687 -9.445996
7.300255 -10.477769
6.011484 -8.668284
6.985819 -7.911493
6.988652 -10.207432
7.769845 -9.941188
9.183575 -8.531260
6.627740 -9.981503
5.847560 -6.541674
4.915435 -10.164431
8.817746 -9.092319
12.736003 -14.508927
14.830658 -12.650839
11.665644 -7.238539
14.125094 -6.832665
12.080222 -4.746905
12.232475 -5.012459
6.188866 -9.582785
8.303713 -10.898419
10.315056 -13.204134
15.432629 -15.354442
15.047012 -12.616170
8.991779 -8.966185
7.254627 -9.141882
8.909081 -13.604751
12.297712 -12.957653
13.107754 -15.702490
9.890079 -14.142566
9.767717 -18.546316
8.993366 -11.084855
8.590432 -10.389353
6.295406 -7.900755
8.837481 -11.775355
3.735197 -13.567664
10.131162 -13.571236
6.754404 -10.840704
7.941826 -9.704061
8.942839 -11.175866
8.336632 -7.818075
7.814212 -9.488086
6.656539 -8.318235
6.009698 -8.013022
6.416378 -8.603853
9.806982 -2.753324
7.114165 -0.676292
8.889651 0.077455
8.869924 -0.310070
7.451816 0.132431
7.874287 -2.222182
12.197773 -4.639845
11.805314 -6.066522
14.753883 -5.618514
13.663532 -3.826225
11.736229 -3.324666
11.201509 -3.881360
11.415991 -5.006549
8.251239 -0.982104
7.342492 1.052295
8.540627 1.609617
7.478806 1.020402
6.931164 -0.412436
7.134594 -1.682861
10.556873 -2.268667
9.441934 -2.115193
9.877007 -2.494746
6.027822 -0.312425
7.284771 -1.249226
5.656087 -1.597517
4.863149 -5.088823
5.325511 -7.433082
5.935073 -6.952363
5.296311 -10.875233
8.499138 -9.255731
5.637884 -7.654152
6.148238 -10.154355
8.564532 -8.541409
4.385291 -8.601422
4.336157 -6.033179
5.163569 -3.765745
7.284867 -1.242645
5.998240 -0.534139
7.535986 -2.126624
11.638462 -1.968053
6.861453 -1.309117
8.607635 -0.848028
7.935611 -2.341365
7.209447 -2.342618
8.905787 -0.790015
8.895706 0.965714
16.079586 2.474215
15.360461 -1.158317
13.376698 -2.400583
13.608570 5.257890
10.989135 5.974120
9.846475 5.601627
9.686271 4.508213
10.836317 3.817772
11.878001 4.970089
6.197651 2.013795
7.546665 -2.524611
8.278061 -10.462164
6.242227 -10.701843
5.855231 -5.916349
5.522233 -7.512081
8.940019 -9.878755
9.289118 -11.064721
8.786330 -10.487052
7.999745 -7.929720
6.266840 -10.530372
4.623491 -8.085939
4.881674 -2.452368
5.109235 -4.150122
6.366084 -9.682497
8.481213 -10.164462
9.168325 -9.614479
4.567883 -12.699723
15.013310 -14.223512
14.212988 -13.482663
19.027145 -11.808400
15.600372 -13.565911
11.321444 -15.075288
12.509272 -13.122417
8.950577 -13.305154
6.700301 -10.585743
7.346465 -9.502339
8.757467 -8.757093
9.059397 -7.897316
8.799288 -9.141568
6.688666 -9.908784
6.086228 -9.967206
5.741606 -6.108580
4.811799 -6.020389
4.144973 -3.650467
7.113244 -2.288650
9.125031 -2.807297
9.946873 -1.794483
6.786878 -8.691009
6.368448 -7.819285
7.162960 -9.073520
6.999569 -8.852997
8.912615 -10.071775
7.304538 -9.501583
6.513283 -9.361208
4.621115 -6.185728
4.942850 -5.949951
4.766322 -4.931449
4.443610 -1.134024
7.584636 -0.575507
8.446624 -1.448981
7.051139 2.978199
6.597541 -1.359676
6.240604 -0.531931
8.388445 -0.576519
6.590969 -1.695172
5.177751 -3.450220
3.712613 -3.969498
2.742472 -6.093624
3.778551 -11.860752
7.958997 -9.385106
15.174757 -11.867552
5.997558 -5.947559
5.168581 -6.533572
13.449524 -6.793294
11.196966 -6.930080
11.548532 -4.078582
14.914458 -2.988454
12.046791 -5.391881
12.799406 -2.924099
8.089569 -2.378769
8.000577 -0.632963
7.119004 -1.910474
6.412294 -1.681778
6.308319 -2.088616
4.799953 -3.560351
5.206747 -8.168040
4.454793 -5.580146
6.122474 -4.272649
5.862212 -7.200707
7.319157 -9.607263
7.528484 -9.866195
8.357021 -8.840332
8.778756 -8.627189
7.596278 -8.585182
8.140262 -8.275294
8.807315 -8.666229
9.170417 -8.101447
6.608588 -7.961651
6.850974 -10.769894
5.893787 -9.711539
6.066762 -7.307268
6.740711 -12.164834
7.446823 -9.269389
7.264907 -8.019399
8.886459 -13.644473
8.122526 -12.462729
7.966000 -12.756484
15.721663 -14.460069
12.368370 -12.920998
8.160313 -10.265372
6.697106 -9.576619
6.159015 -8.520551
7.535097 -9.834684
7.464210 -9.322908
7.013536 -10.143044
8.059201 -11.148268
6.661714 -9.843863
8.772877 -8.344792
8.245909 -7.903950
7.484532 -9.016734
5.826343 -8.093753
7.226454 -9.621311
6.783671 -8.122810
5.259717 -7.409550
4.819827 -7.946460
9.147838 -9.306404
7.283751 -11.546568
4.673564 -10.740176
5.586194 -8.137883
3.828074 -8.993633
3.515307 -7.583724
5.518376 -8.795804
7.989285 -7.910277
5.246934 -9.466207
4.671367 -7.167432
5.481049 -9.935051
7.424114 -7.923205
8.683889 -9.068616
6.754156 -10.697458
6.111824 -8.263826
4.150266 -7.817523
11.395235 -4.534333
14.160742 -7.141854
11.260639 -7.448618
11.362152 -5.087042
12.706156 -7.522520
13.187302 -5.536655
12.438623 -1.670536
8.566203 -2.576615
6.290596 -0.827984
6.282821 -0.669977
6.066913 -4.014920
5.212267 -4.045474
4.969298 -4.035973
5.213736 -6.059098
5.772257 -4.365546
4.627808 -6.286211
3.494893 -8.931437
7.106247 -8.558078
6.778915 -8.560906
7.177618 -8.536285
7.663847 -8.371147
2.641192 -10.335525
9.088112 -9.934861
8.122874 -11.936635
6.689034 -11.809175
7.142276 -11.993215
8.862042 -9.925881
8.146289 -10.207129
9.105766 -11.255477
6.240134 -10.180129
5.496271 -6.597791
5.842159 -10.882709
8.079085 -9.684464
7.816508 -8.999343
5.645672 -7.520748
4.821959 -4.887188
4.720739 -7.197049
8.810792 -11.272992
10.484076 -15.760594
12.456189 -13.138217
17.284145 -19.087015
15.017061 -16.182392
8.490971 -8.073344
9.074244 -10.170365
8.333808 -10.859101
7.351989 -8.757678
4.870525 -10.398646
8.586655 -12.053144
9.002339 -9.858296
7.112942 -8.871053
7.543965 -11.489261
10.978309 -15.004156
8.549289 -12.971488
8.052060 -13.464932
14.575045 -10.805168
8.089322 -8.601808
7.658780 -8.070113
8.003281 -9.171700
4.374262 -11.070032
14.961954 -12.881834
16.097225 -8.700208
12.426723 -7.046777
11.172973 -4.365394
12.071529 -6.017732
11.371360 -6.983033
12.670246 -4.418951
11.335668 -3.418149
15.149779 -8.102725
13.218713 -13.546841
14.470909 -14.703352
16.210131 -11.425545
13.514410 -5.923084
6.997954 -11.453816
8.123221 -12.878292
9.270720 -12.989584
11.547528 -15.131732
13.065660 -13.326807
14.487560 -14.439748
8.096543 -10.421425
5.560288 -8.817567
4.561602 -8.854737
5.206360 -8.697464
8.364784 -8.777044
15.155996 -9.952678
8.577797 -9.017304
8.412462 -7.933473
8.516168 -9.593646
8.885433 -9.564242
6.776080 -9.444826
7.601298 -10.826326
9.004699 -10.451716
6.226882 -11.922086
9.386919 -8.511256
12.424639 -4.733478
11.734684 -6.754242
12.345213 -5.437769
8.496181 0.148140
8.620169 1.967300
6.084095 3.684538
10.154312 -2.606915
8.817885 -1.707064
8.173643 1.935834
8.444262 1.607315
8.466902 -1.989288
9.087355 2.453658
8.685070 -1.157157
8.262074 -0.908658
9.356435 -2.226559
9.443007 -2.163771
5.462741 1.126447
6.338102 0.474705
8.211619 -0.488101
6.879495 -1.457436
5.185288 -0.226706
4.563417 2.235327
10.325974 3.844059
9.528807 3.715312
8.917368 1.373593
6.969646 0.924952
8.854591 2.532242
8.722297 4.443908
8.859859 2.449713
8.493856 2.395262
5.928045 -0.339532
6.012782 1.584219
7.733593 -1.324789
8.667054 2.972281
8.253743 2.621215
8.935446 2.510423
8.495687 0.650744
8.760725 -0.500279
6.267485 -2.661332
8.657318 -1.135933
7.705783 2.450131
9.631731 6.942829
13.211222 3.674660
12.502719 4.913601
11.787605 5.756457
5.885878 1.887246
6.774208 1.910838
8.572716 0.972443
8.736708 1.281551
8.872683 1.381073
9.031823 -0.277446
4.646100 -2.491486
9.468550 -1.634499
8.669363 -2.528760
10.028397 -1.748419
9.948043 -1.946014
13.901598 -1.890158
11.253196 -4.990306
13.564038 -5.573540
11.863173 -5.572645
7.614194 -8.903808
8.689175 -7.926142
7.849492 -8.444200
9.042028 -11.055374
7.757616 -9.657809
6.591644 -11.501143
7.132470 -11.755233
9.266348 -8.642507
8.311399 -10.743967
7.019685 -11.281888
8.897909 -11.927465
8.863393 -10.721646
7.744978 -10.677999
12.381109 -7.816108
17.564936 -10.767161
17.879858 -10.151168
14.695442 -11.303857
14.405468 -8.321204
15.426186 -4.896236
13.070648 -5.686952
13.545493 -1.890559
13.444057 -2.152044
12.888885 -1.772824
14.168427 3.490566
10.834073 3.413385
11.492964 4.050048
12.669456 3.922918
10.146846 3.507051
15.090221 0.464949
15.704011 1.871111
12.264833 6.719159
14.787847 3.237381
12.856508 4.579255
10.921700 4.092035
8.285051 3.682973
8.786665 2.117359
7.051762 -0.343385
7.954350 1.898141
5.948887 -0.315195
4.987647 1.524341
4.348727 0.388307
8.831993 0.544041
9.079025 4.621305
7.589633 2.301433
8.682770 2.678019
8.623268 5.263342
9.704783 3.882484
11.938955 6.347116
10.770729 3.553413
6.041395 5.767778
11.759507 3.455756
12.235672 4.503324
11.332471 5.309674
10.102943 5.191595
6.483481 -1.077759
6.824815 -2.178373
14.137638 3.612420
10.632141 4.268556
11.269062 3.624031
9.349879 4.656081
13.125727 4.320399
15.315641 5.751219
14.252216 3.051172
14.249587 4.661626
14.999372 3.868720
15.369282 -0.233668
16.576143 0.115532
13.898008 -3.918844
11.431376 -2.915767
12.673502 -6.119143
11.884171 -6.228297
14.488679 -2.765608
14.272228 4.557358
15.488109 13.551114
