3.707454 -5.258765
-0.639828 -1.591695
-2.537639 -0.374892
-7.407841 -1.644579
-5.636550 0.613844
-6.726555 -2.272904
-4.183884 -0.063889
-5.234800 0.800274
-4.060531 0.718472
-3.657028 0.146884
-7.873806 0.224687
-8.769690 1.873934
-8.362931 2.731363
-8.677664 2.652211
-9.262650 3.444104
-7.953466 6.120410
-5.457126 8.385414
-7.222804 7.460784
-5.452836 6.641242
-3.990304 7.124608
-5.049746 7.523767
-4.519782 6.547420
-2.176591 6.310536
-2.126058 3.983372
-1.740983 4.164102
-2.298460 4.390997
-1.746064 4.134341
-1.438736 4.049672
-1.019679 5.166256
-2.920286 6.868023
-5.175730 7.358589
-4.874246 6.501018
-3.458912 10.086727
-6.754825 7.021599
-7.028718 7.058609
-5.945928 7.657822
-7.096205 6.984291
-7.246025 7.465035
-5.478716 6.424081
-5.058840 8.247932
-7.894945 6.851115
-6.659788 7.663082
-4.038643 6.413767
-1.826713 6.477149
-0.208917 4.351110
-0.199186 3.828330
-0.746048 0.829921
-1.558117 -0.165284
-4.231885 -0.959093
-6.339432 -0.926148
-7.994781 -1.344078
-9.119717 3.362471
-9.010677 3.123478
-8.253042 2.971220
-8.842704 2.824223
-10.056989 2.215951
-8.262383 3.455927
-9.359326 1.103498
-8.661311 1.270602
-8.271472 -1.029195
-7.326124 0.616539
-2.702434 -0.612804
-3.541996 0.382644
-5.290796 0.267190
-7.815111 0.781262
-3.983265 6.570668
-5.440494 7.561423
-3.374583 7.505753
-5.050957 8.236893
-5.900634 6.887140
-6.306091 8.450635
-10.446602 9.693280
-9.471884 8.536276
-10.600392 8.544324
-10.787088 9.998523
-15.255970 7.184747
-7.739207 6.868016
-6.198982 6.798093
-6.663796 8.461722
-6.959705 7.131546
-7.659983 6.230113
-6.344128 7.208051
-4.463885 7.300045
-7.861158 6.448483
-10.872189 2.842790
-9.403651 2.935572
-9.073493 2.992132
-9.536248 -0.020553
-6.012892 -1.064582
-5.614173 0.289707
-6.792261 -0.048933
-5.537497 0.803295
-5.765977 6.743823
-1.349824 7.523769
-9.645022 2.603993
-7.911313 6.456712
-1.540815 1.952196
-2.214192 1.741353
-1.400462 2.856251
-1.885771 2.303508
-1.712117 1.156938
-9.311241 9.167158
-10.728275 9.145293
-10.126015 8.601237
-7.491060 6.385643
-7.857886 7.330813
-8.291000 2.236820
-7.222996 -0.270089
-2.195745 -0.322749
-1.325808 0.154751
-2.296950 0.775703
-2.927079 1.186465
-1.636547 1.289264
-1.873390 3.087337
-2.367066 3.060176
-0.349586 3.476825
-0.202186 3.592254
-3.058732 7.696110
-2.547545 6.350134
-1.031413 5.927114
-1.866686 5.196473
-1.154899 4.894938
-1.856346 4.482401
-2.519981 6.321598
-5.699952 6.520405
-3.831141 6.990837
-5.201449 6.372962
-6.832081 8.443384
0.226930 5.378102
-1.506313 6.023302
-0.370433 4.754217
-0.296342 5.430920
-2.203373 5.372763
-1.019473 5.956698
-1.465295 6.504952
-3.304476 7.058554
-2.053539 8.146302
-4.888301 6.761599
-6.689648 7.022624
-4.388099 7.465672
-7.711083 6.845294
-7.531556 6.035641
-7.539095 6.595707
-5.246999 6.900744
-7.043841 6.618396
-6.015364 7.294136
-5.818840 6.416646
-6.263920 8.391757
-6.768440 8.693690
-7.111697 8.369514
-5.648746 12.445459
