16.852512 14.994453
11.218552 6.809512
11.577971 5.375579
12.404826 5.721414
8.952859 4.209791
8.934835 2.348861
8.051408 1.695760
7.260296 1.921284
7.102271 0.553675
6.289307 -2.098988
3.806396 -6.576946
4.666608 -10.999145
7.410048 -8.593409
8.085776 -9.997109
7.180874 -9.265023
8.715205 -9.605784
6.134601 -8.100461
5.841131 -6.516139
7.620402 -14.711213
10.749014 -13.364903
11.296688 -13.670611
8.295000 -13.379575
6.515518 -8.213262
7.453607 -9.928274
8.513110 -9.133985
6.896577 -10.143991
7.532753 -8.659585
8.532462 -12.199790
6.718149 -14.070428
5.096979 -10.389220
4.736941 -6.927639
6.861626 -8.303119
7.615497 -8.271103
6.654128 -10.099202
8.248024 -9.360456
11.921824 -7.047933
11.189671 -2.692965
8.629066 -2.362144
6.618611 -2.804727
9.049692 -2.280974
11.815101 -7.331625
7.248444 -10.494065
7.592629 -9.008383
5.846111 -5.270016
5.442990 -5.413780
5.142720 -8.823443
6.120396 -7.014327
8.246041 -11.496352
8.246913 -8.893383
8.760210 -8.072019
9.240479 -7.982836
5.414793 -12.035629
7.581691 -10.313549
7.579199 -8.740235
8.256297 -9.115345
8.789850 -10.015639
8.988960 -11.651467
5.947940 -7.110078
7.923751 -11.205237
6.554730 -8.625508
11.532949 -4.648495
12.969836 -5.720479
11.713354 -3.905642
12.846367 -1.804173
9.809011 -1.610603
8.385564 -1.968370
7.847903 3.582847
10.277300 4.797424
9.784018 4.744715
8.863284 4.907007
8.375053 0.868453
8.988802 -0.931041
8.742020 0.947434
7.336008 0.835701
7.893075 2.221442
8.110673 -0.426561
7.255926 -0.121778
8.661989 0.848785
8.682344 2.716243
11.677588 7.766038
11.324333 5.877513
6.776434 4.288479
7.970255 4.349554
6.124714 0.518246
8.922095 0.022496
10.290194 -1.704699
7.181177 -2.731290
3.162591 -4.773313
4.416430 -5.442751
4.097963 -7.171852
4.883111 -7.564435
4.737108 -8.396826
4.528736 -8.526684
5.198750 -8.193603
4.608392 -5.602917
4.945621 -6.586560
5.498034 -8.405412
6.421275 -9.466752
9.287848 -10.449621
6.902853 -10.760917
9.219254 -8.494361
8.714529 -8.959861
5.972291 -10.790978
4.283067 -5.014058
12.074829 -3.281085
12.753809 -1.615067
13.532417 -4.138226
7.920602 -8.117271
8.039647 -11.852113
13.246633 -15.162536
16.431910 -9.031704
18.191181 -4.963497
16.682568 -14.795215
14.577314 -17.110781
12.047197 -15.905235
8.311165 -12.757092
10.639783 -15.635159
7.168095 -9.054135
8.598379 -8.916602
6.351118 -10.304524
8.624218 -8.927743
6.882884 -8.426659
6.350521 -8.091636
6.407999 -8.121160
9.182219 -9.587335
7.271519 -9.671586
9.194403 -9.797380
13.371878 -7.549662
11.218039 -6.183155
5.359237 -13.542676
6.242252 -12.468718
3.765212 -10.629485
7.605355 -12.408357
6.789127 -8.016077
6.021964 -9.587571
1.824323 -9.340832
5.701259 -7.241504
2.580583 -6.999043
3.139448 -7.404135
1.799462 -5.969494
3.177524 -6.575426
2.711489 -7.740917
5.292038 -0.224868
9.293561 -2.123775
12.447140 -2.202159
9.248261 -1.951837
13.392899 -2.332255
16.906839 -7.849642
