1.758248 -8.973296
0.245636 -8.229488
0.424204 -8.696933
2.265414 -6.132506
5.599293 -4.241228
6.212343 -7.705381
7.966659 -10.060760
8.367583 -7.506914
11.073381 -7.557672
10.740541 -4.151472
10.106439 -6.405787
11.157133 -5.489334
7.404669 -3.806118
9.564451 -4.044120
9.173452 -6.125991
6.726290 -2.621815
6.912550 -3.001205
6.219471 -1.348842
5.572292 1.944888
7.163119 2.047985
8.574636 1.890405
11.182877 2.517051
8.354093 4.049439
9.054197 1.346872
9.897816 1.478527
10.914305 2.119347
8.812937 2.873635
8.840937 4.553436
9.409254 2.800900
8.249388 2.924477
6.792367 2.046321
5.371356 -1.145380
6.482554 -1.188517
6.257606 -2.540494
6.306451 -1.330811
7.133836 -1.369879
7.152520 0.728627
6.899347 -2.275323
7.906478 -5.390352
8.857574 -4.504359
9.665855 -4.735661
10.275895 -5.746673
11.640928 -5.469009
8.134722 -4.366244
8.311939 -5.469417
6.569218 -5.387194
7.019897 -0.530969
6.973211 -1.053566
6.372014 0.193933
7.230623 -1.402362
6.973147 1.539117
9.183556 2.464751
9.284653 2.038710
8.929006 1.847986
10.199249 1.948894
10.628830 1.650390
8.041469 3.897796
6.685102 -0.683137
5.685726 0.137374
7.418943 -0.664255
6.674587 1.197453
11.057989 2.173910
10.252375 1.379017
7.247992 2.823787
11.860504 1.866930
7.899487 1.727283
7.672644 1.612641
6.152132 -0.437689
7.082228 -0.368069
6.070343 -3.364254
4.858206 -2.583163
7.487041 -0.626765
12.929316 -0.366279
13.253326 2.592967
12.675714 1.314128
14.515397 -0.741707
17.424950 -1.190746
15.806634 -1.184988
14.570293 -1.166528
14.968107 0.408399
