-4.897971 -17.334900
-4.105729 -15.009737
-7.257051 -14.882258
-9.852407 -11.102981
-10.351310 -10.932472
-13.409590 -11.168163
-15.235476 -11.245322
-12.914720 -11.290416
-13.719127 -11.770808
-13.689637 -9.613626
-11.463622 -8.932881
-11.812721 -11.930754
-18.697678 -12.128963
-12.048330 -12.144521
-7.971256 -12.952771
-8.776834 -14.562924
-9.643232 -13.406297
-11.271635 -13.830133
-10.609360 -14.129532
-9.269154 -11.275641
-14.920093 -10.280880
-11.760585 -10.795070
-13.348971 -9.679736
-15.205875 -12.218200
-13.492697 -10.765430
-12.540593 -11.736666
-10.757593 -10.541114
-14.903837 -7.606176
-13.296344 -7.391203
-11.480540 -10.360429
-10.146715 -8.862746
-5.392577 -9.177322
-6.090796 -5.752034
-12.486882 -19.371176
-12.319740 -17.277184
-15.113759 -18.236629
-13.917891 -18.750689
-9.035004 -16.654099
-10.022693 -14.954628
-5.596676 -12.617681
-13.292192 -11.383142
-16.745750 -9.689620
-16.829826 -12.302848
-12.050577 -8.412274
-9.727694 -14.299274
-10.793242 -12.595792
-9.993143 -11.751052
-9.303617 -10.327391
-7.624858 -11.981881
-10.907032 -13.604425
-10.642359 -13.532366
-7.341192 -8.753562
-12.848244 -10.699595
-11.161541 -9.953944
-13.608361 -9.596539
-16.476324 -8.381867
-15.774881 -7.340868
-17.243870 -6.675436
-14.279057 -5.785761
-18.280815 -6.963593
-13.782858 -8.336236
-17.389629 -8.957307
-16.508476 -5.089458
-17.873625 -16.074022
-16.628574 -14.368996
-14.838505 -9.502511
-15.100656 -6.966088
-15.734399 -5.925778
-12.054750 -10.191216
-12.193322 -9.703043
-10.553018 -15.559953
-11.178721 -16.557180
-8.148396 -12.246499
-10.424178 -12.501665
-9.604729 -8.361547
-12.602764 -11.039166
-13.926664 -10.088145
-8.377856 -9.608060
-11.158889 -11.616355
-7.662454 -13.242560
-5.872703 -10.564466
-8.800548 -8.426198
-13.629815 -10.117033
-10.799618 -11.748551
-9.059253 -8.608444
-12.381615 -9.360766
-17.875904 -14.055457
-17.073536 -18.555490
-17.093407 -13.144759
-16.161066 -10.923267
-16.622551 -9.903239
-16.137812 -5.979710
-16.870199 -6.463160
-18.951296 5.057770
-11.275673 0.082533
-13.326744 -2.841708
-16.877996 -12.003282
-18.630379 -18.773439
