17.373789 -4.357529
9.301557 -4.709633
9.739962 -3.795211
11.035501 -3.829699
7.388744 0.975341
10.397686 1.537238
9.108912 2.718096
10.242059 1.442261
10.068918 3.065241
12.524090 1.779950
15.358179 1.881947
14.304502 -0.434234
14.969012 -1.587755
11.700335 1.438339
10.473690 3.395526
8.620205 2.137975
11.045118 2.414703
10.698580 2.973821
8.759650 2.381163
6.476877 1.074518
7.419894 -1.021175
4.805315 2.030288
6.759872 2.165471
9.021623 -3.892051
8.309319 -4.246293
5.377250 -5.168779
7.265862 -4.912544
7.183475 -2.255000
7.268846 -1.740070
7.526754 -7.468720
5.942445 -6.323876
9.407020 -4.192814
11.884349 -5.944141
9.870323 -6.793869
7.560641 -10.176787
8.075736 -13.398870
14.246437 -15.066289
7.179367 -12.752425
7.575319 -7.095641
7.074079 -3.859781
6.775545 -9.438039
9.427669 -12.880324
8.850898 -12.436109
9.119271 -11.318045
7.728244 -15.327765
5.206388 -13.099861
4.052386 -12.206058
3.379875 -11.031484
7.778793 -9.197957
8.613943 -6.228933
12.552357 -6.867593
6.544766 -12.580357
5.919453 -4.849968
7.765848 -7.561351
6.481127 -8.727085
13.296903 -7.683848
15.236528 -14.326605
16.331385 -13.962263
8.115011 -9.407920
7.626887 -9.268704
10.885663 -7.379355
10.246859 -6.802594
8.631618 -5.837739
5.843206 -9.019814
8.395551 -9.797868
13.181479 -16.951807
10.976333 -14.661352
9.088978 -13.724225
11.101355 -14.302064
12.796794 -16.241222
15.250363 -12.806567
13.009739 -13.989776
8.197443 -16.139471
8.835339 -7.722131
11.569791 -5.891708
10.886642 -7.125770
9.904161 -6.758074
6.165519 -13.077785
7.704619 -14.276937
11.573494 -13.007673
7.365541 -12.944031
8.771180 -10.800694
5.849835 -13.316022
5.893437 -5.769250
6.381952 -7.988709
7.418652 -9.282853
8.333259 -9.599484
7.965319 -5.235767
11.112675 -7.430035
11.158617 -4.315297
10.959371 -6.759329
7.750873 -8.331952
8.965470 -11.860818
11.539230 -13.703094
7.425828 -11.032291
8.832939 -12.299376
15.064212 -15.387876
11.798774 -13.590406
15.558602 -13.014510
14.531754 -9.157961
17.789213 -14.784448
11.147040 -13.409930
11.272933 -15.474458
6.697663 -12.161649
7.592444 -8.990687
8.794561 -10.084508
7.906225 -8.796021
7.013687 -9.691348
8.988330 -12.461984
8.064739 -10.912618
8.301153 -7.138125
8.403175 -10.123137
7.496352 -7.856122
6.180048 -9.220391
8.336796 -11.127670
9.011292 -10.021620
7.194136 -7.310972
7.092588 -6.190420
7.859198 -8.420644
7.970557 -8.347156
8.864155 -8.740069
8.734553 -16.275793
8.328676 -12.371835
11.356837 -14.089658
11.435513 -17.297436
7.184247 -10.510771
6.847140 -10.526052
7.469053 -9.080295
8.724676 -12.216407
5.751172 -9.397687
7.234944 -10.145141
8.046764 -12.000871
5.407589 -12.368855
4.020170 -9.253461
7.731305 -13.777463
11.908725 -12.843028
14.050320 -14.289929
15.679611 -10.051393
17.993610 -13.409927
11.834990 -13.144646
9.555894 -13.997953
5.883726 -12.485234
10.157718 -6.579085
6.522160 -8.719849
9.192892 -10.230359
5.728428 -3.312385
11.178421 -7.426494
8.592896 -6.524749
5.996617 -8.872249
3.181301 -8.653691
8.529968 -7.851784
5.743716 -8.506217
4.082070 -8.172722
8.353039 -6.735006
10.302778 -7.675744
5.827322 -7.850647
3.907618 -10.659520
10.270404 -18.926058
14.569906 -18.689306
13.561228 -14.733156
8.441220 -13.705366
17.307289 -17.015305
14.394853 -9.369657
15.087400 -14.257162
13.030557 -13.315457
5.297585 -13.742873
7.960073 -10.365084
4.991119 -11.241654
4.914920 -12.162189
6.758130 -11.904071
8.020794 -8.817283
6.697196 -6.837225
9.842808 -7.495171
6.922423 -8.489850
6.462147 -4.951618
6.187640 -1.216671
5.910922 0.793319
7.258312 0.454823
5.261668 -9.074700
9.756194 -17.139177
18.818596 -19.151772
18.578035 -13.608678
15.623108 -9.077769
14.010521 -7.152906
9.970888 -7.037603
8.121019 -8.461362
10.153122 -5.348326
10.369349 -4.436981
9.949553 -6.591897
11.211487 -4.086219
8.255524 -6.054326
6.931836 -5.073028
10.830679 -7.142947
10.754823 -4.863340
8.824328 -8.464388
11.084576 -5.589403
8.596716 -7.048526
12.863468 -7.281028
7.412614 -4.725439
10.745770 -7.118070
11.825802 -6.699978
5.835846 -7.343522
8.105138 -12.070844
9.329451 -11.975569
6.760914 -8.752696
5.338902 -11.239748
8.193071 -12.870801
5.312024 -9.883584
8.399870 -9.122215
4.617517 -9.552091
7.698337 -8.120844
9.307971 -5.564518
9.572691 -4.673740
8.908871 -4.500849
9.231253 -4.256422
10.120430 -5.293385
6.281101 -3.536786
6.444816 -2.365169
5.903598 -1.290997
5.507021 1.408362
9.506503 2.155413
6.365385 1.306497
6.571807 -1.548488
5.704701 -0.649488
8.463748 2.622703
11.772017 1.903679
9.639668 2.299819
8.930888 3.423744
9.641513 4.633753
7.747979 3.355370
12.653427 2.492854
10.656557 1.979514
10.783123 3.046752
9.642040 1.836002
10.056645 2.858631
11.479821 2.918526
10.797928 1.834471
9.250578 2.265839
6.577546 -2.546266
5.937901 1.101151
9.979021 -3.790328
11.033751 -4.074961
11.091645 -6.121593
12.703404 -7.499301
10.218712 -4.596303
8.816751 -4.196323
11.940390 -4.647711
12.131664 1.617910
9.316273 2.931330
10.025469 1.888485
7.029388 -1.185931
7.217809 -1.131188
9.543368 1.397562
10.564916 1.883421
12.085173 2.508234
12.638906 -1.176199
6.611012 -1.681502
3.619836 -4.719549
6.612428 -7.125752
7.307329 -6.689084
6.644186 -6.031702
10.147635 -3.925066
9.944072 -4.539644
11.741031 -5.944586
6.082047 -5.336030
6.290007 -8.875187
5.591471 -6.883270
6.493058 -10.410598
6.621698 -13.233187
12.724850 -15.099227
16.001165 -15.165048
14.863498 -7.310854
15.353798 -8.790897
16.094267 -7.683472
