-19.908390 10.771528
-12.690995 5.188226
-9.002855 3.034198
-8.494248 1.480586
-7.254231 1.994727
-7.257290 2.027365
-6.892814 1.223548
-5.549112 1.235685
-6.593973 1.702377
-7.687559 2.855525
-6.223024 2.066705
-7.000826 1.151293
-6.097620 1.777247
-4.680367 2.132042
-4.028019 -0.555755
-3.240676 -0.764478
-3.133411 -0.462244
-2.839738 -0.662115
-2.175887 -1.120895
-4.426169 -3.988776
-5.714821 -4.664685
-5.827154 -4.593742
-5.621552 -6.035493
-5.362609 -5.675972
-3.904095 -3.656188
-7.222624 -5.178757
-4.928483 -4.907959
-5.431567 -3.954587
-3.956033 -7.292685
-5.872329 -5.409251
-5.458893 -5.091942
-7.343422 -4.117565
-4.958182 -4.624928
-6.003106 -7.046340
-4.251618 -2.572100
-3.661726 -1.367971
-4.143635 -0.872248
-4.364655 1.397836
-4.511760 1.637609
-2.828359 -1.599891
-7.883720 1.296521
-7.398502 2.423800
-7.037176 4.134840
-7.664747 1.480076
-6.933926 1.966453
-7.641978 1.676121
-3.917325 2.107900
-4.520335 0.907127
-3.647439 -0.949731
-4.456352 -1.514788
-4.499677 0.270435
-1.776831 0.755732
-3.025755 -0.714470
-5.059823 3.027490
-5.740835 3.120285
-8.046149 1.296469
-10.665085 2.907583
-8.886131 2.189829
-9.217367 2.550540
-9.809391 2.061491
-9.917493 -1.792753
-9.618895 -0.781504
-10.864944 -2.535570
-10.973343 2.239457
-9.608268 -0.033621
-2.548180 0.356619
-3.868166 0.662809
-3.600805 0.134801
-4.911640 1.576954
-4.949797 1.113273
-4.563163 -0.494656
-3.673414 -1.520533
-4.343357 -1.467742
-3.539694 0.954336
-3.792751 1.900342
-5.696463 1.463104
-5.364950 2.852756
-3.658769 2.817884
-8.561512 3.344165
-7.811055 2.048242
-8.313139 2.791667
-8.487696 1.714076
-8.760589 1.729150
-6.775658 1.915259
-7.352962 3.208458
-8.403439 2.889752
-9.916609 4.111533
-12.579510 0.072341
-9.643511 -1.196543
-7.301476 1.568613
-6.970855 1.595709
-10.053492 2.137437
-6.511267 1.126331
-7.706398 1.835886
-8.478666 2.831866
-6.269923 1.926812
-8.681327 3.580632
-7.320536 2.052644
-4.156501 -0.149384
-4.226913 -1.470599
-6.003293 -5.065931
-4.480619 -5.706499
-4.823251 -5.030984
-5.747576 -4.053343
-4.505420 -0.615590
-2.877201 -1.286723
-4.151750 1.582313
-3.826159 -0.642371
-9.452325 2.394543
-7.687424 1.919173
-8.038581 1.428990
-7.585268 2.912814
-6.388309 1.528297
-7.349936 1.779500
-5.736394 1.297446
-6.655924 1.508975
-9.185528 1.560174
-8.338618 2.016351
-6.493938 2.973030
-2.504594 -0.353791
-2.189612 -0.425598
-3.460490 -1.965990
-4.232346 -5.346636
-6.099812 -4.954555
-5.516431 -4.399771
-4.621667 -3.955613
-4.407116 -3.545467
-4.005194 -0.954882
-3.895734 -1.164159
-2.538266 -1.626635
-2.449479 -1.911369
-5.601497 -6.554578
-6.032715 -4.675070
-6.385959 -5.523784
-5.952379 -4.959165
-7.674761 -4.341012
-6.346155 -4.210886
-2.892218 -7.896593
0.253858 -10.027782
