-11.486711 0.545431
-11.266949 0.878802
-8.075946 1.753044
-8.461641 2.548218
-8.933854 2.826743
-12.696730 0.993803
-9.674459 0.358039
-9.969275 -0.294879
-10.455507 -2.583250
-9.763169 -1.193773
-6.133289 2.090518
-6.927698 3.757463
-6.808372 4.104150
-5.989719 1.334490
-8.282204 2.065305
-7.009123 3.495920
-4.470026 -0.554137
-4.337611 -2.445155
-4.495656 -1.757742
-4.117233 -1.261591
-4.244741 -2.998713
-2.795375 -6.805552
-6.703638 -7.615644
-5.955888 -9.698047
-9.523426 -8.125835
-7.896460 -7.816865
-6.304600 -10.081635
-3.815402 -7.278794
-11.335368 -0.670091
-13.458623 -3.379056
-13.115416 -4.052222
-5.265820 -6.568992
-6.236761 -5.931888
-7.043794 -5.833577
-6.816450 -4.040866
-4.041166 -4.856516
-3.405574 -0.923198
-3.733167 -3.081840
-5.183709 -5.858274
-7.022251 -5.229810
-6.400634 -4.712460
-5.473215 -5.353711
-7.333436 -6.673635
-7.860890 -7.245655
-8.626146 -8.874165
-8.570253 -8.809214
-12.351133 -8.785996
-13.059580 -7.789370
-13.629169 -4.617522
-13.595082 -8.701152
-14.157343 -2.886009
-11.996761 -2.427340
-10.518359 -2.591381
-6.657300 -4.357757
-5.259542 -5.291172
-6.622244 -4.565484
-7.064116 -4.999218
-5.848509 -4.641456
-6.916469 -3.922329
-4.815192 -5.579110
-5.392668 -7.173429
-4.594315 -6.462443
-9.769251 0.497023
-11.339607 -0.666389
-9.657066 -2.115192
-5.596614 -5.515920
-5.476202 -7.238362
-7.043734 -6.044714
-6.679607 -8.339917
-8.614377 -9.953387
-8.809442 -9.166615
-7.999209 -8.156074
-2.898876 -3.242413
-7.237012 -5.468245
-7.221866 -4.640667
-5.569988 -4.539682
-4.587636 1.984671
-8.522412 1.333740
-9.897071 1.007304
-11.574362 0.157736
-10.057287 -0.736860
-7.876235 -3.913104
-4.579070 -1.350443
-3.419149 -1.734665
-4.536442 -1.585533
-3.635216 -1.225286
-4.349918 -6.353828
-6.511805 -6.722001
-6.065309 -4.813462
-6.935760 -3.995651
-6.734563 -4.578295
-7.671678 -6.554135
-7.322734 -4.051631
-6.466420 -4.355311
-6.722645 -4.996029
-6.430739 -7.009511
-8.992868 -10.192756
-8.730727 -9.377673
-8.849965 -9.333485
-11.291245 -8.607027
-13.342813 -6.068495
-15.106469 -8.198735
-16.691990 -6.537289
-9.138222 1.614114
-11.367423 3.363823
-9.955501 -0.845151
-13.783623 -2.430820
-10.501677 -8.246293
-10.171892 -9.432591
-14.751885 -6.800090
-14.369060 -2.093297
-7.154763 -4.783851
-5.391932 -7.218224
-3.948947 -7.079840
-5.754748 -6.089769
-5.636621 -6.076131
-4.081014 -5.506298
-4.102090 -5.976568
-6.555951 -5.969365
-7.607422 -6.994128
-7.820328 -9.561296
-15.347978 -8.208493
-13.772074 -7.097141
-12.385672 -8.168611
-8.173593 -8.068691
-9.292355 -11.160039
-8.360310 -8.915730
-8.167068 -8.128984
-6.520589 -8.374205
-6.609013 -5.899202
-4.584827 -5.231085
-3.066126 -0.382310
-2.972241 1.394000
-2.392540 -0.505929
-4.974638 1.423790
-3.477620 0.453829
-3.608391 3.405129
-3.600850 -1.406906
-4.376680 -0.180267
-4.352247 -6.217477
-6.564656 -5.683015
-5.823353 -7.284822
-5.638828 -5.905992
-6.511601 -4.770777
-7.761762 -6.108261
-7.153791 -7.113190
-4.366674 -4.677533
-13.281294 -7.701327
-12.910771 -8.576716
-7.634746 -5.567182
-6.582690 -4.481882
-3.648262 -2.849593
-3.917987 -0.791730
-2.466738 -2.351181
-2.125736 -3.035665
-4.133275 -1.427511
-4.503472 -0.740052
-10.261455 -0.507255
-10.674760 -1.702031
-10.111135 -2.541737
-9.632545 -2.753667
-11.190837 -2.145817
-7.809827 -7.815217
-7.514499 -7.750113
-7.476894 -10.269116
-11.853949 -8.758079
-13.313515 -8.122354
-16.378756 -10.250649
-13.283740 -6.654253
-15.192165 -4.576000
-12.308479 -12.121212
-8.216003 -9.253560
-6.055450 -8.945487
-3.058710 -0.513132
-3.974835 -0.949693
-4.507265 1.043631
-4.215312 -2.645913
-1.536980 -2.489263
-2.419241 -2.610692
-2.292100 -4.047598
-4.591762 -4.792078
-4.587188 -3.898650
-5.747012 -6.856334
-7.970848 -8.468173
-10.187180 -9.040453
-9.256170 -11.005494
-5.757662 -6.810310
-3.494338 -4.012226
-3.885320 -2.676572
-3.481693 -2.659821
-4.464124 -2.783106
-3.910916 -0.550325
-4.684351 1.985047
-6.404160 2.007553
-4.141118 1.689834
-1.170588 17.725058
