-16.954525 -6.610140
-16.972534 -0.468547
-15.599390 -1.862228
-12.509122 -2.754322
-13.114927 -1.831071
-13.422040 -3.481250
-12.979725 -7.144757
-13.483733 -4.254917
-13.763302 -5.959599
-14.137135 -7.101952
-12.628298 -9.979670
-4.730417 -7.833331
-6.618146 -7.003919
-7.425587 -7.599535
-6.738104 -8.227469
-7.313034 -6.125733
-6.959132 -7.142889
-7.759724 -5.939706
-6.147573 -7.854193
-3.592962 -3.746819
-3.464757 -1.005947
-2.899087 0.374084
-4.087382 2.515912
-4.450147 -0.975210
-3.000006 -0.806973
-3.108345 -0.305302
-3.288467 2.582528
-5.121268 1.128433
-3.600671 1.448321
-2.435464 -1.045079
-3.419226 -1.251630
-2.795447 -0.935324
-4.033136 -0.376988
-4.031363 0.853770
-4.223000 1.539224
-5.458516 1.161941
-6.742572 2.173826
-6.333737 1.432780
-7.468502 3.641944
-11.992390 0.720041
-9.929819 2.817046
-5.288183 1.418841
-3.444177 1.686736
-4.324048 0.039633
-3.051732 -0.945866
-1.741889 -1.601202
-5.260465 -4.734801
-5.804110 -5.478149
-7.303439 -3.903298
-4.901254 -4.971659
-4.511447 -5.708499
-4.973059 -4.237493
-5.375741 -4.076978
-6.456425 -4.428114
-6.245567 -4.820146
-5.504592 -5.448798
-7.195282 -5.351202
-6.128759 -4.317567
-6.861985 -4.487140
-6.643709 -4.265565
-4.238904 -5.467261
-7.056953 -4.468198
-4.329766 -4.704512
-3.481520 -1.602260
-3.894327 -1.625647
-4.116807 0.592734
-3.666367 0.896180
-4.219430 0.898369
-6.195587 3.381706
-3.820695 0.886999
-4.292517 -2.586044
-4.466843 -6.024752
-5.165155 -5.246172
-5.363393 -4.753763
-6.465170 -4.505440
-6.455870 -4.534483
-3.441365 -3.864001
-2.868037 -1.999881
-2.909465 -0.717298
-3.122611 -0.809910
-4.007237 -0.426841
-5.212041 3.072480
-3.369599 4.597037
-3.594585 6.920233
