-3.417562 -17.937620
-5.374484 -9.522347
-7.284265 -8.274549
-8.215338 -8.609841
-9.905071 -8.867890
-11.327956 -9.604523
-9.994381 -8.121061
-7.164314 -9.052389
-5.065663 -6.824451
-6.993811 -7.077277
-8.835642 -9.538793
-10.104087 -8.143201
-11.072152 -8.320178
-11.296642 -8.169961
-13.225056 -6.238980
-10.759849 1.149419
-11.603930 -0.070117
-10.968367 -8.305289
-6.636460 3.065170
-3.597031 0.952306
-4.312573 -0.195915
-10.298485 -1.378148
-12.523253 0.110184
-14.915022 -4.682717
-13.014681 -7.202617
-7.183196 -5.333970
-6.637160 -5.059784
-6.199315 -4.381400
-7.281659 -3.933041
-6.444738 -4.449370
-7.334862 -7.990399
-7.306731 -4.357955
-7.812071 -4.593675
-5.699828 -5.008480
-6.090954 -6.328954
-5.025677 -4.437445
-6.085951 -4.268392
-3.585329 -3.803605
-2.666756 -2.588725
-7.297883 2.004096
-7.526656 2.743497
-9.426828 4.135652
-8.999974 2.562487
-7.942585 1.424873
-8.805941 2.196600
-10.975523 0.922510
-10.953037 -2.241870
-12.624006 -1.495575
-12.961326 -2.746493
-10.839563 -0.034382
-11.853398 -0.331592
-14.833988 -7.580449
-13.494100 -7.041534
-7.231511 -4.776137
-6.234435 -4.495199
-3.893222 -2.413161
-7.045507 -5.214108
-5.776778 -6.319528
-8.007881 -8.883313
-7.774220 -7.176444
-9.872007 -2.947655
-5.446162 -9.729239
-11.086233 -8.165098
-13.202001 -3.677688
-14.889211 -9.118834
-14.394136 -7.191210
-13.816393 -2.556293
-14.853090 -6.692126
-13.059868 -7.064955
-16.326601 -9.935697
-13.708792 -8.156793
-15.893082 -8.972583
-13.409180 -7.028564
-13.220401 -2.579518
-4.426831 -1.746360
-3.363789 -0.869745
-6.853777 -4.556706
-7.405844 -5.630908
-5.877517 -4.781043
-5.224788 -8.028330
-7.811883 -8.847663
-7.825619 -8.309983
-6.255153 -7.624519
-5.318747 -6.828442
-6.741862 -4.414444
-6.668214 -4.398737
-7.259378 -8.154204
-12.241595 -8.677408
-7.806961 -8.016403
-6.234199 -7.272719
-5.546722 -4.854328
-7.746556 -4.982619
-3.734813 -6.940236
-4.173416 -2.439641
-1.934914 -1.888956
-1.858628 -2.861710
-3.682678 -3.759595
-5.200513 -4.052348
-5.539118 -4.589354
-5.685399 -4.693602
-4.971196 -4.278991
-5.975042 -5.448549
-2.119242 -3.360287
-3.053014 -1.533577
-4.158216 -1.250049
-4.204726 -0.619838
-3.728689 -1.744873
-4.580324 -2.684785
-3.647097 -1.912241
-2.676209 -0.784421
-3.278418 -1.641317
-1.622394 -2.534165
-3.062696 -3.225971
-4.190255 -2.975132
-4.163745 -4.268956
-4.329792 -2.583142
-3.119367 -3.524809
-4.823397 -4.000762
-4.132565 -3.797440
-7.195126 -5.518506
-7.628638 -6.655730
-7.566306 -4.293971
-5.116657 -4.258060
-7.312533 -4.526754
-3.758627 -2.162206
-3.539180 -1.084521
-5.876810 1.578621
-6.829292 2.885639
-11.028430 0.227104
-13.174435 -0.947701
-10.821067 -0.263708
-9.672298 -1.412034
-10.725058 1.619997
-9.618793 2.096758
-6.720991 2.234257
-9.039921 1.335006
-11.911291 1.880977
-10.757289 -1.838197
-11.654728 0.104504
-12.328051 2.297076
-13.291763 -5.348640
-13.278886 -2.992892
