1.346474 -16.516638
-7.510939 -14.120772
-6.197895 -4.928626
-4.042305 -7.453130
-6.118198 -3.945609
-3.357816 -6.795470
-4.290192 -0.363402
-3.916636 0.704124
-4.889513 1.627550
-6.686144 1.265464
-9.498686 2.514118
-8.418259 2.486415
-7.934442 1.920024
-4.880776 1.261441
-4.568014 1.449590
-3.454855 -1.009812
-3.344558 -0.105547
-4.421492 -2.183215
-4.220175 -3.127589
-4.116585 0.502261
-3.756254 1.382694
-6.978956 1.757326
-4.633708 1.890660
-6.800362 1.798798
-9.297720 1.527346
-10.606080 0.799588
-11.611686 0.250654
-16.561289 1.981106
