-8.864211 -9.665319
-10.599928 -12.338540
-9.764514 -13.547050
-9.626420 -8.984776
-7.461870 -10.013124
-11.329926 -14.084899
-11.276995 -16.226147
-5.898962 -14.423778
-11.524336 -10.954280
-16.179188 -11.901614
-15.211857 -8.736123
-12.109900 -11.721774
-8.716885 -11.962371
-10.256148 -16.508175
-8.608454 -16.442469
-12.649790 -17.749844
-6.160283 -13.967216
-9.990007 -14.479573
-6.038162 -12.469440
-5.125675 -8.791512
-7.532208 -9.402654
-8.798663 -10.633509
-8.125384 -10.077525
-7.606296 -12.469312
-11.341454 -11.396880
-10.849529 -14.199363
-11.407818 -11.858800
-14.829027 -12.132703
-10.256484 -9.804997
-8.282402 -12.610917
-6.980333 -9.869678
-6.469790 -10.840584
-6.360580 -9.757421
-10.393837 -12.859589
-9.036793 -11.564572
-10.428652 -16.016794
-11.010032 -16.503649
-4.505287 -15.332908
-12.990961 -18.184622
-19.232359 -16.801710
-16.917316 -15.690331
-17.723280 -13.250285
-18.057850 -18.864319
-18.848833 -14.417250
