-18.749554 -11.872760
-13.324615 -6.132095
-13.992818 -6.560343
-13.885180 -11.363638
-11.720504 -8.150319
-9.424509 -9.083952
-14.865202 -11.409686
-14.770303 -7.329599
-12.795316 -9.015332
-10.504319 -10.116486
-8.347292 -9.423590
-7.931667 -9.180784
-7.881534 -9.676804
-10.015443 -10.935674
-9.216841 -8.857518
-10.987251 -8.926591
-8.856394 -8.972892
-8.154446 -8.105723
-9.339998 -9.130280
-6.704001 -7.499341
-7.108165 -6.817964
-7.803879 -4.195792
-5.002890 -5.113376
-2.985437 -1.269122
-5.224898 2.179838
-7.023329 1.134182
-6.667214 1.866984
-5.631332 2.577062
-2.761376 0.008164
-3.206504 -3.133978
-4.894065 -6.763009
-7.616364 -6.895707
-5.821135 -4.578471
-5.805597 -6.633194
-7.774456 -6.623675
-6.116252 -5.246494
-7.528874 -5.576807
-5.864945 -6.184322
-7.071115 -7.979261
-4.172116 -3.783625
-5.567970 -5.377633
-7.448072 -4.923157
-7.553989 -5.754052
-9.850510 -0.141847
-6.404461 -6.237905
-4.907237 -5.328040
-4.475494 -9.046756
-4.477858 -7.716732
-5.217890 -6.582749
-6.995359 -10.053452
-6.825928 -9.351754
-7.971188 -9.891795
-6.267010 -7.799432
-5.532592 -5.833613
-6.465109 -5.618896
-2.308219 -3.757805
-4.142250 -3.256124
-4.540328 -1.580660
-4.348707 -4.092357
-5.837530 -5.909887
-6.989128 -5.512750
-6.075995 -6.756557
-6.865295 -6.436434
-5.552309 -7.253771
-4.024051 -6.302426
-5.490497 -5.670638
-5.932252 -5.912858
-6.838696 -3.952195
-4.013820 -4.922548
-2.832991 -2.016262
-2.465771 -3.042834
-3.019849 -3.027340
-11.367623 1.186221
-8.962246 3.452757
-11.467115 -2.444508
-12.654161 -2.369917
-13.270309 -1.031734
-14.896061 -5.741353
-13.304438 -6.768940
-13.301512 -9.073825
-5.459842 -8.408818
-3.718889 -7.819730
-6.017226 -5.287911
-7.473758 -7.498776
-7.898000 -6.473623
-7.437901 -4.582463
-8.848522 1.142545
-10.468828 4.613351
-8.660353 2.273305
-9.025562 3.567162
-12.012201 1.182582
-9.658044 0.295112
-15.470501 0.039695
-9.826054 -2.818111
-7.295264 -7.512747
-6.989829 -6.209762
-7.471373 2.155854
-7.905992 4.628295
-9.204588 1.863506
-12.091908 -0.502722
-9.825611 -0.496165
-10.598644 -1.595433
-4.912442 -4.305359
-6.865172 -4.689765
-8.997466 -8.493291
-6.861306 -8.926581
-5.489075 -5.684754
-5.038689 -4.782546
-6.178221 -4.914332
-4.898643 -4.943847
-7.063727 -6.338545
-6.324639 -7.051603
-6.065434 -7.645609
-3.999509 -3.439128
-4.592374 -1.360678
-4.584071 -3.262526
-4.334414 -4.971618
-7.819725 -5.877097
-4.541801 -6.157696
-4.533505 -3.699737
-4.015861 -4.540231
-6.159236 -4.832922
-9.828702 -2.120839
-14.213605 -6.417053
-14.156228 -5.748353
-16.017824 -4.362752
-12.950740 -5.190869
-13.471802 -9.015705
-13.166427 -8.254469
-13.210252 -5.694431
-14.682463 -2.445896
-11.657675 -1.944724
-11.449088 -2.111878
-13.845101 -2.882736
-12.952106 -4.422636
-9.326674 -10.134347
-9.200377 -11.043484
-12.387651 -8.568213
-14.326775 -8.478120
-15.252419 -6.623245
-16.377022 -2.924721
-9.674710 -1.697771
-9.612749 0.547741
-10.030714 1.171439
-12.851753 2.433830
-10.095514 4.237575
-12.024248 0.703822
-10.652315 1.387291
-6.003008 2.681314
-6.256384 4.232286
-8.131247 1.561041
-6.860527 1.111600
-5.849057 2.265225
-4.690779 1.995439
-4.165611 -1.902841
-3.476093 0.812622
-4.772164 1.846829
-6.702302 2.383090
-4.367192 -4.080137
-3.123942 -1.876901
-7.242810 1.127294
-4.371747 -0.416796
-6.799994 -4.079716
-10.589676 -1.698122
-10.797637 -0.651676
-11.392928 0.181861
-9.635360 -2.515238
-4.133886 1.608175
-4.093454 -1.116663
-4.267949 -2.581177
-6.104351 2.442229
-3.320967 1.239884
-3.588895 1.458456
-3.718096 -0.198144
-3.652324 -0.781855
-2.218910 -4.832581
-7.173753 -7.116054
-7.121100 -9.965293
-7.887017 -6.233471
-7.662735 -5.153562
-5.993673 -4.436330
-3.948351 -5.722932
-4.403366 -2.816813
-4.580297 -3.429587
-4.304383 -2.806748
-4.115475 -2.776272
-4.333514 -2.036313
-4.054914 -2.167009
-2.490608 -4.135952
-5.300204 -4.084912
-7.257841 -4.303817
-5.646425 -6.284971
-6.672261 -7.774181
-5.639666 -4.335573
-6.697025 -4.500286
-7.212546 -4.329627
-6.679860 -6.836606
-7.319925 -7.849278
-7.305024 -5.549659
-7.862019 -4.864125
-5.955092 -7.662504
-3.723894 -1.795006
-3.916598 1.179441
-4.432534 0.202516
-3.126807 0.764852
-4.328125 3.387607
-5.595460 2.574423
-6.119938 1.840269
-5.493450 1.185205
-6.004595 1.956118
-7.400557 2.708405
-6.512870 3.371105
-0.505518 6.543046
3.894305 8.637323
8.149357 9.023137
14.689096 14.661841
