3.458608 7.915640
6.519444 4.153031
7.034680 4.821193
5.028940 5.056648
6.815827 4.891889
5.227308 7.292120
4.890698 7.043708
5.666698 7.731876
6.216859 4.021890
8.217508 4.536966
9.702564 5.172681
11.604907 3.123685
11.859735 7.787761
12.036879 6.870170
12.500161 2.474282
11.858657 6.218663
14.023779 6.926180
11.170660 2.263154
12.202472 1.255602
12.773282 6.656507
12.970315 7.587817
12.229772 9.211821
12.054777 7.686143
12.926224 7.467312
11.793650 10.569133
12.498921 8.436673
13.062260 10.555661
13.517175 10.560327
8.337736 11.402230
12.529636 13.202423
8.772771 15.769742
9.570244 10.920036
10.700151 10.882745
11.221011 10.673266
11.183206 10.723838
13.098441 14.073071
13.616499 9.618962
11.976690 5.068034
10.465811 2.603939
13.443784 8.737871
11.786835 6.871008
11.917061 4.516060
10.219320 3.728905
9.591886 5.177487
6.790702 5.637379
7.540804 2.972939
4.819623 9.071329
11.009401 15.244638
12.768221 9.367616
16.874388 12.227779
