-7.900171 -17.854660
-9.416041 -9.855035
-9.247557 -8.840116
-7.602078 -7.039652
-6.017729 -4.456852
-7.063775 -6.543245
-2.559233 -4.408164
-4.546322 -1.578275
-4.527273 -3.791389
-5.405143 -5.896953
-5.789402 -4.253613
-5.160131 -5.343968
-3.105441 -1.466736
-3.124155 -2.634588
-4.337769 -0.760345
-3.776208 -2.378743
-3.286169 -0.319577
-4.559391 -1.610895
-2.808647 -1.063778
-1.511730 -1.637460
-2.560023 -1.158272
-2.015778 -2.436136
-2.531896 -4.038249
-5.121438 -3.925406
-4.728391 -4.007076
-5.976826 -4.590896
-6.229504 -6.593647
-7.671252 -4.603721
-4.916138 -4.718693
-3.401112 -6.326867
-4.919785 -4.208239
-6.995494 -4.194261
-6.519665 -4.002109
-7.919893 -5.066223
-10.071366 -5.402431
-5.587986 -4.182376
-3.596213 -4.104993
-3.104066 -2.255208
-2.209293 -0.313771
-4.127921 0.768656
-3.642726 1.784904
-5.211299 1.297462
-6.304932 1.799447
-6.780727 1.265517
-7.086936 3.106775
-8.215210 2.560482
-7.814718 2.728033
-7.274142 4.510480
-6.051713 6.856828
-6.065895 12.506291
