8.712491 -13.624916
8.042551 -9.829850
9.089440 -9.296677
8.676180 -8.348395
3.992425 -7.499074
-0.960237 -9.461247
0.090315 -10.890231
0.813556 -10.426820
0.979437 -11.419086
12.350517 -4.830571
11.915964 -4.936641
12.408633 -6.102963
8.870649 -7.203000
8.639033 -7.986518
7.907511 -8.823949
8.179358 -9.636416
8.910795 -12.744784
9.351587 -9.368821
6.864818 -7.538528
6.168156 -8.038768
1.894095 -8.591211
0.739574 -9.913425
-1.328879 -10.862799
-1.193779 -11.358562
-0.330371 -12.959989
2.603601 -10.573191
2.742336 -8.984619
0.537134 -14.242369
2.030339 -10.533992
0.259528 -10.192174
0.636128 -12.464168
13.559931 -17.029837
10.102028 -14.248380
4.822351 -7.999658
3.489823 -7.782892
3.367634 -7.663372
-3.016443 -8.749190
0.325901 -9.333743
1.336470 -10.958204
2.670264 -10.664671
1.734808 -9.250701
2.629055 -7.602312
4.319311 -7.985058
6.911227 -7.535956
6.126287 -7.691392
2.756952 -6.759440
6.410473 -6.333924
3.190669 -5.541305
1.895431 -8.974828
0.232276 -10.570438
2.775649 -7.434699
8.431792 -6.927636
8.742287 -13.313354
9.274210 -11.077964
7.920880 -9.307752
9.375253 -9.503983
8.631467 -12.686399
9.379499 -10.803699
8.620600 -10.676986
9.252040 -6.931950
5.139297 -7.270075
5.072566 -5.346274
5.661485 -3.341492
5.766116 -8.171220
6.049580 -7.672613
6.681294 -6.759216
8.565639 -7.617653
8.903215 -8.361355
8.959295 -9.291695
8.488204 -9.099651
9.308777 -9.342910
9.067417 -10.264060
8.538024 -7.645200
3.530423 -7.996208
5.547697 -7.498264
6.140334 -6.146306
2.208879 -5.363664
6.417111 -1.550252
5.948199 -0.181011
5.454391 -0.051644
5.769124 -3.583061
5.695157 -3.803104
5.950735 -7.137754
7.990833 -7.092031
6.283490 -6.945014
4.564366 -6.580799
5.711016 -5.315081
5.435158 -4.672989
5.322276 -1.251189
5.234949 -1.406428
4.591897 -1.557710
6.239806 -2.763406
4.015152 -3.010312
4.504558 -3.845828
6.809038 -7.798402
8.283066 -6.946388
10.156765 -6.835238
6.268233 -7.798616
5.649416 -7.510643
4.062040 -5.564539
1.368442 -8.414629
2.737635 -9.581302
-1.439904 -13.315522
2.752165 -8.532675
4.971744 -6.777885
-1.097718 -11.695142
5.053443 -15.230929
2.461693 -8.874023
9.145286 -11.118249
7.869446 -8.897460
5.098779 -7.464133
4.063650 -8.101747
4.616752 -6.601800
1.833351 -8.566663
0.966158 -9.134130
0.121038 -9.499175
1.437663 -13.925434
6.363717 -15.910111
9.384493 -7.559939
15.144769 -6.016813
14.557913 -12.545362
17.096037 -13.313319
6.545764 -8.175331
9.285116 -9.643023
8.298713 -10.439712
8.536697 -9.093279
8.112458 -10.574494
5.988085 -13.571893
2.450759 -12.664914
-1.920733 -12.002006
6.949163 -17.388763
6.031596 -15.698212
9.656559 -17.953789
8.235971 -11.303018
9.802513 -13.437779
1.928216 -13.274915
-0.655363 -11.640177
1.383133 -11.145983
1.849952 -12.250714
1.579904 -10.944633
2.560903 -10.023959
2.765272 -9.843959
0.652398 -8.829370
3.498029 -6.613196
5.001808 -7.663309
6.087047 -7.863788
2.560110 -8.484633
0.504917 -13.334281
2.205663 -11.221131
1.815393 -10.108871
1.789900 -9.039847
2.820513 -9.750957
-1.511871 -10.074861
13.603610 -15.313556
13.366774 -15.019916
9.300850 -13.337886
8.425550 -10.628270
7.593093 -6.871196
9.185989 -8.395520
10.160623 -13.035483
12.387226 -14.410439
11.837370 -15.697888
8.655791 -11.445893
12.355359 -7.656507
12.721153 -14.316562
12.447472 -15.258121
8.496418 -12.128217
7.881035 -9.174724
8.459689 -10.136672
7.171299 -8.124021
5.948855 -6.480450
4.435478 -5.699427
13.052066 -5.935891
9.423483 -7.641034
7.811939 -14.045050
9.240316 -0.952797
12.121098 2.582243
10.590644 2.334235
6.333336 -6.258091
8.862189 -9.254668
12.386358 -7.618925
7.557082 -7.316055
8.846308 -7.189875
13.712223 -4.117683
14.951702 -10.905416
18.089684 -8.270829
14.095500 -13.280032
10.281679 -13.936430
11.809484 -13.550130
14.603184 -11.186979
17.121809 -4.542912
14.014884 -5.064433
12.107339 -5.406518
11.306099 -7.820563
12.123136 -5.475753
12.957567 -7.753644
10.036419 -6.932864
13.903660 -7.146883
9.160150 -7.319526
9.214923 -10.445332
8.606042 -11.467366
6.987854 -7.628185
6.802210 -7.242714
2.739364 -7.993406
5.159870 -7.471591
5.145247 -5.992426
5.596693 -7.335620
6.005811 -5.918952
4.007431 -8.014510
6.279564 -7.810349
4.276890 -3.420464
5.890007 -3.398478
3.579581 -5.299369
5.577509 -6.900378
8.595622 -7.187222
5.387993 -6.825403
3.818464 -0.471372
8.212231 -0.032475
10.880624 -0.553045
7.699490 -0.349683
8.205804 -0.437921
5.671077 -1.796556
6.103734 -2.314656
4.555342 -1.739431
4.232349 -3.716347
4.905519 -7.240226
5.499784 -6.525681
8.235566 -8.354630
8.717545 -9.405570
9.238454 -13.356762
13.138897 -13.312756
8.849380 -11.540948
1.724326 -10.942408
2.038556 -5.530903
1.828125 -10.459918
2.664887 -10.372375
0.894959 -10.802478
-2.505839 -10.654113
2.394770 -11.943191
1.872090 -9.901202
2.483265 -11.756447
4.556439 -7.778995
2.835439 -7.794221
6.862560 -13.324552
4.907991 -6.735331
4.846406 -6.984962
4.377119 -5.467445
3.705815 -6.425755
4.651880 -5.940739
6.056112 -4.529849
5.443915 -7.134060
7.454047 -6.986520
7.970850 -9.193298
8.349056 -10.277944
8.529821 -8.213267
6.761184 -7.092810
9.060552 -11.176856
9.055189 -12.040870
9.118718 -9.206522
7.532556 -8.040293
13.425970 -6.670534
12.380898 -5.704954
4.612452 -7.276072
4.414823 -8.099120
8.394119 -9.620341
5.490689 -4.512467
6.425207 -2.857516
4.183476 -3.505435
3.430538 -0.798375
8.283730 -1.352692
4.254253 -3.540028
5.943119 -5.310012
2.920296 -7.890502
7.411602 -7.173142
5.774718 -7.474212
3.649112 -6.982177
3.865028 -5.103211
1.956668 -7.085763
0.115374 -10.299548
8.479173 -13.100610
7.910104 -14.052033
7.929028 -8.898311
3.559963 -19.087811
5.400856 -14.358311
2.676614 -9.303014
2.250076 -10.837144
-0.728749 -8.508203
4.478388 -7.743556
3.978534 -7.464839
5.717495 -7.477343
4.412696 -4.880062
3.476563 -6.013289
9.254481 -10.823024
7.413475 -13.748156
6.305354 -13.537148
3.284235 -8.057302
5.648530 -1.569380
5.145235 -5.781808
6.439489 -5.464123
3.680807 -7.529636
4.877010 -6.019229
5.280962 -7.004612
2.103770 -8.246709
9.725198 -7.225376
8.479939 -8.565434
6.670320 -7.384708
10.567761 -7.359719
12.922495 -6.864012
14.540298 -7.770017
14.785776 -12.290607
18.069469 -14.642470
15.580778 -13.949805
14.762275 -13.081330
10.968497 -13.262771
11.592226 -15.881003
9.367465 -6.871626
9.016253 -10.798990
6.965142 -8.031642
7.723938 -8.043448
6.655759 -7.727010
10.665282 -14.259068
5.518785 -8.118173
3.840161 -7.425323
3.659790 -8.053391
2.797964 -6.582230
7.394217 -7.264026
9.136585 -8.552616
7.867727 -6.735704
9.264426 -8.484208
7.921117 -6.669839
6.176036 -6.737402
6.467170 -7.382883
10.339403 -0.023291
12.316118 -1.580638
11.568596 -2.770930
12.394138 -4.071144
12.153954 -3.961481
13.590734 -6.209152
10.011841 -7.774882
8.725853 -9.787567
8.384985 -8.203208
9.225679 -8.344476
12.287584 -13.208911
9.217332 -17.589653
13.174969 -14.467165
18.404747 -10.740669
12.732340 -14.913883
15.684513 -13.018579
15.389867 -10.982759
8.038241 -8.075195
5.285906 -7.721333
5.721025 -8.113706
5.714193 -8.142459
13.240058 -6.880110
12.933375 -4.910766
12.148882 -3.729364
12.546405 -5.056484
8.443949 -10.710617
6.269874 -4.706656
5.324828 -5.963200
6.349662 -6.305397
7.992712 -7.137038
6.906334 -7.491437
9.497400 -7.361257
8.594234 -7.938058
5.223124 -7.060887
5.570904 -5.287640
6.674821 -7.630042
6.679986 -7.501181
5.590169 -7.033069
6.318482 -5.884088
4.507489 -4.722708
8.004569 -9.418134
7.885508 -9.086347
7.924911 -13.867052
6.201590 -7.379924
9.033506 -8.971845
7.277494 -8.004423
7.668469 -6.688345
8.190228 -1.421097
13.079088 -2.810181
14.005371 -7.176332
12.469843 -3.128272
11.384543 0.204152
5.448381 -7.375546
8.542027 -8.177073
8.440296 -11.043820
9.380845 -10.389443
12.714123 -14.791634
13.163495 -15.334628
12.974018 -14.598075
8.575300 -14.270819
8.220052 -10.075187
5.750494 -7.606486
4.787139 -7.233910
7.868273 -9.524096
6.920889 -7.633461
7.514762 -8.045255
9.436193 -7.098454
8.964830 -9.207296
6.114365 -5.488317
5.197892 -6.128779
4.220154 -7.692320
2.890759 -7.421697
15.388224 -11.447768
17.192047 -13.917892
16.032024 -10.631409
18.068224 -9.009485
11.887470 -6.517510
13.484444 -7.653960
11.675623 -6.406819
12.268967 -5.724642
8.962385 -7.910028
5.591349 -2.701867
4.516038 -4.256351
12.365062 -5.932611
12.646234 -4.387868
10.674507 -7.193187
13.956509 -14.066510
12.030150 -15.240110
14.533268 -12.871325
10.412337 -13.962533
9.530623 -7.590192
12.396213 -7.581162
8.304119 -7.677594
2.664963 -8.610468
2.739912 -5.596178
6.027433 -1.646339
4.104674 -3.986001
3.393397 -2.555643
6.228466 -3.047611
3.924932 -4.849169
3.607895 -0.297976
3.725846 -1.840205
5.200935 -4.750470
4.839841 -7.399260
8.105469 -10.319409
8.004719 -9.812482
8.100468 -8.635598
9.284376 -10.638412
9.038518 -7.436824
5.290524 -7.608306
6.378657 -6.329926
7.265298 -7.426713
7.210075 -7.693182
8.977803 -7.969944
9.338951 -9.441636
1.025255 -11.155144
2.604338 -10.492302
2.592814 -8.795667
8.026734 -9.099111
7.564718 -7.380671
7.764309 -6.688659
4.806941 -7.086275
5.674391 -6.443936
6.280807 -5.181314
6.082129 -3.165627
4.486154 -3.427751
6.177423 -4.607298
5.794429 -8.187476
3.832956 -7.762148
0.737014 -8.248229
2.536689 -8.987758
2.062314 -8.974727
4.157957 -3.180071
5.105247 -5.501657
7.578795 -7.747639
5.799905 -7.649043
5.505855 -8.173189
7.013160 -6.814970
8.329113 -13.152575
8.269336 -13.974521
5.677698 -14.224456
5.721478 -15.257705
1.251504 -12.132736
1.405089 -8.387708
4.268961 -6.682182
4.702016 -6.213948
1.910145 -7.589118
2.820450 -10.350515
3.973834 -13.303292
8.538582 -13.445512
5.157681 -14.371608
8.167202 -17.192183
7.779269 -13.855349
5.364108 -17.180887
6.293884 -13.365645
0.757098 -9.862172
2.453121 -11.521031
1.565130 -8.953608
1.015496 -6.570950
2.685808 -11.270793
1.366791 -8.808155
2.749807 -10.167676
2.256215 -8.546865
4.326715 -5.796852
6.714173 -7.647992
7.392227 -6.712635
7.406426 -7.238497
5.102176 -7.328670
5.526706 -5.666643
4.437569 -7.334569
3.075677 -8.126296
0.006655 -10.539987
1.341175 -10.101069
2.696652 -8.921340
2.462682 -10.027694
1.608583 -10.429081
1.615608 -8.519261
4.158010 -8.124380
6.800264 -7.804286
3.833400 -6.444200
5.308423 -6.851747
12.027519 -14.544246
12.518163 -5.243989
15.583297 -5.999316
14.923264 -8.964417
7.873296 -9.605295
9.353335 -11.181007
9.116879 -10.777395
8.444968 -10.837159
-0.279476 -12.782468
-0.116858 -10.917695
3.873709 -8.169434
7.433895 -7.561079
9.864902 -14.016192
14.749012 -16.529879
13.245512 -14.263299
12.793045 -17.899366
10.564457 -13.640538
9.244555 -7.214018
9.230669 -11.402745
7.957040 -8.457260
16.458418 -12.107482
9.347851 -14.677580
9.026566 -10.745563
13.572947 -14.345556
12.514640 -7.764960
17.106640 -6.451593
17.671671 -2.286717
18.419769 -4.947497
13.736454 -7.092120
9.652655 -7.213492
16.169138 -7.175780
3.995520 -7.315015
8.603724 -7.770291
4.024599 -6.345154
11.076279 -7.475114
6.710188 -7.157889
3.580583 -7.388680
2.325871 -5.640101
0.035692 -9.509700
0.497280 -10.110892
1.996229 -8.564815
3.355199 -7.953022
6.377766 -8.046729
13.759392 -12.842699
13.039967 -13.090448
13.233694 -13.403411
7.959343 -8.978517
7.769269 -13.299001
9.053714 -11.767858
17.000793 -10.674356
17.530001 -5.976488
16.265951 -8.532150
14.215200 -13.381482
16.754107 -13.476372
17.421120 -9.552450
15.903578 -12.768876
15.342531 -14.194404
15.483072 -12.403663
14.723960 -14.625137
10.291479 -13.364898
13.024117 -13.431515
14.799127 -13.780555
9.132988 -11.586341
8.926796 -10.151428
9.229527 -12.175481
9.058059 -9.098702
8.698651 -11.284425
8.152704 -11.362617
9.265335 -6.989070
8.989019 -10.367896
9.142220 -11.941020
10.855768 -7.304525
9.182521 -8.202794
8.540516 -8.743011
15.993620 -10.904151
15.459275 -10.379326
16.115383 -13.905528
16.101490 -12.425057
19.630239 -11.780020
17.869410 -13.606359
12.710540 -14.380706
12.956251 -13.086518
17.428911 -13.085597
11.745028 -14.862169
9.484800 -13.083701
7.949373 -10.000453
8.232005 -9.667947
8.748468 -9.214519
8.519248 -11.787089
9.925679 -14.745655
6.016451 -13.673864
12.606426 -19.548153
10.456903 -17.248690
-0.501301 -13.235951
2.739733 -12.145534
2.817247 -12.198171
1.347569 -12.763958
3.200194 -6.130373
2.142560 -9.366252
2.636989 -8.521338
1.569296 -9.521376
3.688684 -3.352207
4.524233 -7.427832
5.019155 -6.695513
-1.034678 -10.013370
2.217848 -10.575040
2.680763 -11.170974
1.096012 -13.202762
-0.236393 -13.693868
2.535801 -11.605851
1.888449 -9.560263
2.126743 -8.389065
1.542852 -8.707921
-1.337131 -9.618423
0.264349 -10.318206
2.072588 -9.994336
1.607875 -10.326049
0.776839 -10.849820
1.476543 -10.155309
4.074456 -13.295058
8.394638 -12.123927
5.419699 -7.444795
6.469334 -7.286518
6.281413 -5.500155
4.052272 -6.565107
2.660805 -7.591145
5.243218 -7.889040
5.686159 -3.609003
5.362928 -6.155375
4.588141 -7.670394
6.855077 -8.120221
4.205372 -5.977974
5.273578 -6.943161
6.072614 -7.952096
5.921382 -4.480958
3.561839 -7.430099
2.255498 -8.716216
2.277414 -10.031541
1.837005 -7.216885
0.278902 -8.239002
1.771537 -11.006964
1.512759 -9.433830
2.558787 -9.842629
2.309388 -10.549453
0.282686 -10.358068
1.102706 -7.780379
5.091749 -7.490703
5.825284 -6.573013
4.420918 -4.365046
6.272500 -4.374918
4.979658 -7.237691
8.065084 -7.154891
8.559939 -10.648076
9.077674 -8.259913
9.343315 -9.058838
8.137203 -9.382252
9.167303 -10.803563
8.227628 -11.356589
8.630192 -9.667870
7.917610 -12.469493
8.902629 -12.489773
8.024411 -13.400224
11.452906 -13.096706
10.978415 -13.898974
6.483237 -13.523854
8.115150 -11.517692
1.941324 -10.061810
1.301273 -7.520450
2.321958 -4.282764
1.759548 -6.330326
6.124251 -6.439250
2.368112 -8.143056
8.323862 -11.254806
9.283031 -9.778794
8.253614 -7.948503
7.708453 -6.848732
8.771091 -7.072212
6.462776 -7.110220
1.390773 -7.010446
0.652835 -9.536305
0.854194 -6.892875
0.884396 -7.609684
5.522985 -7.316315
4.655721 -5.049787
4.577152 -6.930582
3.143200 -7.500024
-0.173742 -8.178018
2.031374 -11.952489
-0.799306 -13.668711
1.267966 -12.391095
1.158845 -11.121684
0.805135 -10.269979
2.356510 -9.834153
2.260468 -5.762505
5.751649 -4.474975
3.310376 -7.199609
6.138043 -6.843940
8.630258 -8.287116
8.417696 -10.039367
3.216877 -13.487162
1.766861 -10.452287
1.958235 -9.398852
1.180200 -9.773851
1.318003 -12.201287
1.215687 -9.927511
1.771396 -9.058146
3.767412 -7.675287
5.893982 -7.176536
6.084004 -8.136538
2.573581 -8.520559
1.931354 -12.260950
5.997883 -17.163689
10.984924 -14.979001
11.214327 -13.279546
12.095924 -19.727213
13.940217 -14.313300
11.344030 -14.092113
13.365928 -18.801172
9.286818 -13.582013
9.019432 -11.640403
9.258507 -11.985865
8.352602 -9.049390
8.555636 -10.261510
8.536642 -9.482190
9.301686 -15.904305
11.389497 -15.222272
11.206545 -13.557780
11.817236 -14.118723
8.510946 -14.056754
8.158710 -11.043286
8.105867 -14.803683
8.298946 -9.345104
8.983523 -7.374038
9.679144 -7.169680
6.417738 -6.796936
7.721686 -7.103025
3.154484 -6.468204
2.651274 -6.595274
5.760613 -6.249933
5.176471 -7.018704
8.060304 -7.033635
8.560331 -9.148747
7.857443 -11.341307
15.161153 -16.736261
17.977402 -15.023564
8.411022 -9.821584
6.133334 -7.077133
6.644629 -7.435999
4.992822 -8.120706
4.450487 -7.180665
7.584284 -6.920729
4.508383 -7.359969
7.958901 -13.396428
8.479440 -13.501157
-0.433880 -13.712957
-0.019733 -12.216767
2.249056 -7.701514
6.815993 -7.079986
7.524296 -7.311817
8.164133 -9.116514
7.673214 -6.953836
2.452191 -9.578471
2.619848 -8.887767
2.555882 -9.577261
1.152530 -8.415180
5.722923 -7.709029
3.688581 -7.516653
0.123573 -8.305924
-0.198367 -8.693602
-0.703929 -9.958909
4.383282 -7.427139
6.448137 -8.164836
5.611003 -6.854448
3.247083 -3.629400
6.061263 -4.782990
4.700427 -5.885148
8.536235 -7.629163
8.397993 -6.868103
9.071449 -7.462860
8.994754 -9.614196
8.963522 -10.092314
1.366463 -11.278078
2.394943 -11.509575
1.214695 -11.720278
1.592629 -8.775708
0.603335 -12.537778
4.720541 -16.657202
6.946812 -14.333219
5.044687 -14.706384
1.529168 -13.626055
2.516981 -11.790234
0.890772 -10.854059
2.740195 -7.864643
-0.110642 -10.695456
-0.137510 -12.853068
2.217074 -12.822776
7.745089 -16.952168
7.672790 -13.228414
10.147157 -13.535121
11.060638 -13.509192
8.323930 -13.211534
8.283993 -13.018477
9.526257 -13.289412
8.094803 -16.113674
5.647583 -13.897331
9.139543 -10.590776
8.032195 -12.026834
8.468627 -8.727548
8.528537 -8.593735
8.745152 -13.076846
5.689916 -13.266051
2.830009 -10.489519
1.806473 -8.193650
2.532357 -10.098943
2.561041 -10.188806
2.571656 -10.518544
1.219015 -9.247568
1.076030 -11.010167
1.718646 -10.042840
2.830327 -8.328252
8.622274 -12.466691
8.246262 -13.226039
9.972000 -15.969485
11.155256 -14.216899
8.211050 -16.402681
3.198305 -5.875535
4.642000 -8.078584
2.695668 -9.138051
3.479787 -7.003891
3.397448 -7.817324
0.176159 -10.760095
1.940482 -9.248493
1.057889 -6.867332
5.382555 -7.012380
7.894025 -6.800576
8.190932 -9.334979
6.673903 -7.879927
4.176464 -6.908526
2.331158 -9.392214
13.235073 -1.727499
8.100085 -1.437965
6.575252 -8.196780
3.968283 -5.594090
1.484288 -9.641651
2.485320 -10.433751
2.523641 -9.261254
2.552892 -10.343375
4.067498 -6.997224
5.921013 -7.745526
3.954049 -6.919763
5.042078 -7.392318
5.273649 -8.187682
3.685544 -2.337576
3.621272 -1.399473
5.921037 -5.612146
8.418558 -8.572459
10.626041 -6.677692
8.709360 -6.936672
10.560678 -7.354450
10.581387 -6.690802
9.061134 -8.726657
5.392922 -6.077705
5.846375 -7.421826
5.256486 -6.915789
8.266380 -8.841351
5.241725 -7.393429
4.096682 -4.605704
5.295620 -7.393697
2.485746 -10.017504
1.072419 -11.231521
8.282331 -9.442080
15.197649 -11.113740
13.326469 -6.838272
11.741545 -7.255730
7.892905 -9.773591
9.141129 -9.521050
9.000595 -10.006087
9.209427 -11.193368
7.903241 -8.770032
12.094903 -15.501990
13.098168 -14.585049
4.636354 -8.129765
6.915782 -6.677677
8.890776 -8.840937
6.763779 -7.314524
5.914754 -6.566581
11.061384 -13.029771
14.949354 -14.373009
15.211426 -12.600120
8.309647 -11.885836
10.108032 -15.799979
11.158087 -16.540113
10.140774 -13.903074
9.571527 -14.865560
8.365587 -12.568420
9.184787 -8.812732
9.360743 -9.327340
8.514273 -7.016877
7.315038 -7.438074
5.545672 -8.077924
1.328061 -7.789068
1.989537 -8.731250
1.230518 -10.325871
3.437147 -15.617967
6.143673 -14.285377
7.793566 -15.694287
7.731862 -13.904565
8.999489 -10.914262
7.993897 -8.063216
8.015248 -9.096601
7.997512 -8.776064
0.102712 -10.119095
2.509680 -9.100046
4.859694 -7.796339
3.983789 -7.678995
1.552829 -9.092929
1.756515 -11.735799
0.898653 -12.195692
2.278697 -10.512804
0.183492 -10.288154
1.223736 -10.597733
2.112580 -8.760004
1.469884 -10.190452
2.756857 -12.479001
0.137913 -9.697813
1.042350 -8.012937
6.003352 -7.570846
5.218413 -7.669645
1.673172 -8.304425
0.283011 -11.151485
2.094923 -10.793316
2.809935 -9.327777
1.015441 -5.310012
3.537167 -6.823188
5.214510 -6.372619
5.156570 -6.528469
3.868251 -7.789215
2.615705 -6.644568
4.252127 -5.795505
8.699570 -9.405463
7.301311 -8.007375
4.295284 -7.294391
7.894431 -8.277831
5.370983 -7.281251
8.218147 -8.764985
8.663062 -9.862285
8.572096 -8.187504
8.449566 -10.029029
7.731068 -1.554641
7.827825 0.296909
5.014657 -7.890402
5.243154 -4.680390
12.104525 -6.685211
7.980675 -11.707395
3.305215 -17.363672
4.372451 -13.350176
4.562212 -14.628566
8.880371 -9.875634
7.228939 -7.938026
1.926015 -11.400766
1.134814 -8.915217
1.904760 -8.091918
1.913178 -9.932479
2.620344 -10.140580
2.879599 -6.313918
2.320162 -7.969575
4.210888 -8.111363
5.988060 -7.577441
18.029366 -12.851777
14.963373 -7.208442
19.901909 -14.239171
13.036643 -13.141875
12.261724 -13.827873
0.010865 -9.655951
-2.754419 -11.411765
5.266727 -7.555370
5.681543 -7.090388
8.432104 -9.082122
8.075061 -10.668307
8.032461 -8.986005
8.445719 -8.054143
7.886878 -13.816413
11.494910 -16.842112
12.828978 -15.947853
11.093990 -14.507005
9.148343 -10.333688
8.653856 -11.169339
8.395137 -10.271628
8.053477 -12.625464
8.477612 -10.056754
6.424998 -6.074350
6.843081 -7.657049
8.357207 -7.300404
2.608369 -11.109754
1.818822 -8.960070
2.615529 -11.142323
2.248994 -8.193723
1.732592 -9.626734
2.683222 -9.582195
2.098852 -9.056149
-0.143475 -7.895153
3.547885 -8.164041
5.648938 -7.984884
4.598972 -8.004590
-1.764289 -8.512529
-1.409915 -8.893342
-0.672128 -8.272067
1.181652 -9.311507
5.367980 -6.724945
0.976720 -6.792297
2.157206 -10.052414
8.152451 -9.579162
5.892211 -7.931737
3.952364 -5.523129
1.417382 -8.886937
1.169928 -10.015359
8.255595 -11.323560
12.122631 -7.013306
15.257222 -7.591624
10.227692 -7.129948
4.206439 -6.889733
9.064266 -7.130869
7.741957 -7.267221
4.619222 -7.885780
4.748575 -6.712262
9.151389 -10.069606
8.996846 -12.222674
5.356727 -7.885080
12.685379 -6.375243
13.428679 -7.264285
8.113789 -8.350577
10.031421 -7.125248
7.914059 -7.725516
8.373123 -9.436845
8.182835 -16.289669
8.673422 -10.375698
10.695324 -14.003262
6.548098 -13.302794
2.744513 -14.212086
1.999616 -11.825642
0.330190 -9.872310
2.455056 -8.504640
4.478816 -8.114494
8.108435 -10.705163
9.177696 -11.430943
8.825242 -11.390703
8.125073 -9.530252
7.870233 -7.923847
7.040034 -6.719975
5.026910 -8.101166
1.454316 -8.136771
-0.892005 -10.516001
0.793595 -9.880630
1.866254 -7.296355
8.801289 -8.181772
8.134996 -15.920007
11.845642 -13.357032
9.796228 -13.048039
10.450161 -15.948970
12.545718 -15.172645
8.235968 -11.063279
8.523382 -13.586916
8.829224 -10.676908
8.180907 -9.088159
7.846601 -11.378755
8.778835 -8.397102
8.736497 -13.229852
6.892739 -13.219156
8.930748 -13.268486
8.247376 -9.059390
7.934714 -10.593715
8.272120 -10.296341
8.319664 -9.666059
8.397301 -11.976184
8.408056 -11.517608
8.107534 -10.751167
2.048484 -10.321306
2.036896 -10.616645
2.621390 -10.112944
3.672924 -6.680472
3.585252 -5.404732
2.665522 -7.045082
2.709903 -9.645225
2.240909 -8.872370
2.726757 -9.255116
1.728067 -9.056563
2.386452 -12.241431
-0.256690 -10.204671
7.368231 -15.980195
8.472134 -11.958798
8.534965 -9.666039
0.923286 -7.938207
2.449486 -6.380521
3.707113 -7.679875
3.351683 -7.099841
6.019557 -7.625634
4.359868 -7.004454
6.987492 -7.421296
8.335701 -7.450543
9.228627 -12.127552
8.445290 -10.509303
8.265045 -10.784781
8.540531 -9.037467
7.829181 -8.175494
9.266900 -10.620229
7.498796 -18.091452
5.159457 -13.397183
2.521757 -8.301173
5.128538 -7.299849
8.262543 -10.523949
9.084182 -11.857893
5.989647 -3.078703
6.418111 -3.131562
5.874071 -4.919874
10.972004 -7.324629
9.516446 -7.399662
8.079080 -7.134975
11.056291 -7.668822
8.705399 -7.868300
5.921892 -6.766129
8.909958 -7.538156
7.996484 -10.008193
15.308887 -10.726378
14.415442 -12.541570
5.847140 -7.261583
7.855206 -9.830761
7.930650 -10.537704
2.316540 -13.256049
0.830994 -9.901111
8.237780 -11.331476
8.678759 -10.146850
8.432225 -10.579055
7.696202 -7.512249
8.381742 -6.666685
9.305764 -8.005117
7.953660 -10.302759
8.063493 -6.691470
10.459418 -6.965815
6.358056 -6.920954
5.607740 -5.833051
5.463840 -2.763609
4.099463 -4.966444
3.501681 -3.080045
4.771465 -1.256309
3.606928 -1.807433
8.784647 -0.798505
6.690624 -0.208578
6.082342 -0.538784
8.718678 -0.761946
9.956798 -1.201578
10.052872 -0.418422
8.515790 -0.580682
8.608426 -1.574490
4.216927 -1.450616
5.302243 -2.288007
5.955307 -3.787839
5.333237 -2.998628
5.333454 -7.758110
6.054175 -7.676776
6.117882 -4.704690
4.705019 -3.823856
6.951701 -7.770194
6.532011 -6.652571
3.888125 -7.809047
3.889086 -3.897742
5.083803 -2.509927
3.926460 -5.068851
6.294702 -5.565845
5.331546 -6.466482
3.543532 -4.223163
4.393746 -8.109654
3.121233 -8.181795
1.365175 -7.717332
0.153567 -9.195487
1.050164 -8.551059
1.751619 -8.456124
4.824080 -6.800113
2.564250 -7.715319
2.098043 -8.199101
2.170409 -5.548527
7.943252 -10.932883
8.734667 -11.419023
9.385667 -9.548305
8.620378 -10.870624
8.897770 -8.216398
9.756760 -7.690036
2.897331 -6.715699
8.052230 -11.663426
7.846562 -12.258212
7.863681 -8.585397
10.523404 -14.142631
8.262602 -9.794346
8.742873 -10.121580
8.430062 -9.649542
1.599399 -10.281064
2.721038 -6.518175
5.195993 -7.457077
4.693558 -6.763052
4.563689 -8.053010
3.720848 -6.238305
6.103057 -5.978131
5.981455 -5.546545
6.310946 -6.999606
7.242108 -7.850564
7.984046 -12.297683
9.887577 -15.487715
6.581835 -13.610656
6.440527 -13.796975
11.213560 -13.873818
1.973743 -11.191536
2.821249 -11.168023
1.178236 -10.525249
1.153244 -10.132129
1.414464 -13.861087
5.226031 -15.861895
4.184592 -14.650777
8.067177 -9.333134
8.142237 -8.715405
15.299190 -9.170461
15.799467 -10.038445
13.812706 -6.901376
12.712848 -7.515289
4.968958 -8.164812
6.181487 -2.465990
5.821541 -4.648333
6.239612 -7.354351
6.150084 -7.670941
8.856420 -9.193696
11.972345 -16.985106
4.514732 -14.210038
8.396656 -11.781575
12.683352 -15.971377
8.577129 -15.656028
8.097481 -9.451236
8.790258 -9.897023
15.581206 -8.874236
17.833370 -10.510399
14.955386 -8.659564
15.768128 -6.113404
15.540460 -8.032138
13.366213 -7.282038
10.417360 -7.716203
4.439425 -13.431935
7.511525 -14.553708
8.995685 -6.925795
14.354261 -6.978465
7.312941 -6.789613
8.853678 -8.190392
4.839077 -8.049140
8.319409 -6.710802
4.578855 -4.611286
3.861172 -4.744275
7.657094 -7.936417
1.860148 -8.428819
2.411150 -9.409974
2.763865 -7.710790
1.914005 -7.021914
8.462413 -9.095262
9.230131 -8.885521
9.173169 -13.082147
11.237037 -16.680538
8.623394 -12.091044
7.884630 -9.984038
8.848133 -7.951671
6.685675 -7.917291
5.818890 -8.018909
5.393234 -7.639005
4.576025 -4.178827
5.881761 -4.198862
2.071807 -6.608333
7.410623 -7.933621
8.538204 -7.912679
7.295014 -7.372912
9.841106 -6.866873
8.043810 -7.346718
8.594179 -8.041129
9.039232 -7.048151
11.504060 -7.503779
12.817237 -7.633881
10.164883 -7.240389
10.848384 -7.638805
15.233027 -5.228060
9.644384 -7.763996
6.992068 -8.135062
8.051912 -7.576667
8.998311 -7.397335
8.036612 -7.876626
8.267722 -9.386326
8.077936 -12.667943
8.990243 -11.453681
8.269960 -9.133037
3.829920 -5.073800
3.938572 -6.191403
1.828227 -10.255950
2.335488 -9.978036
5.801768 -4.786525
2.791848 -3.296307
2.183246 -6.007651
6.190769 -5.107722
3.479033 -6.402936
1.977663 -7.535988
0.628046 -8.926284
3.093025 -7.782083
3.722898 -7.733118
3.973072 -6.607223
3.879606 -8.108791
7.806093 -7.555434
7.821809 -7.255638
9.324001 -8.957733
9.926181 -7.570035
9.033760 -8.543250
8.731569 -6.698723
9.033777 -8.158397
12.289926 -5.678591
14.428469 -11.625636
8.773527 -7.026171
2.131524 -8.905669
2.162827 -10.432734
1.167666 -9.830313
2.461356 -11.118584
2.344475 -12.856718
0.615461 -9.451499
2.700336 -10.418939
1.638949 -9.127505
2.781632 -9.763753
2.310574 -11.774043
2.681276 -10.528015
1.489442 -9.131666
4.199471 -6.296701
5.592757 -6.837099
9.367052 -8.280623
8.954779 -10.958199
8.543217 -9.161569
7.860258 -8.818741
8.358839 -9.649783
8.283413 -8.065684
6.663073 -7.661469
5.858112 -6.936790
6.356076 -6.734854
13.452663 -7.221853
11.451412 -6.496146
11.527166 -3.921171
12.247369 -5.594114
11.701473 -2.302063
8.008093 -8.782016
4.907378 -5.217021
4.799073 -7.115570
8.156606 -8.316092
9.673705 -7.587300
11.909489 -7.236092
11.890122 -6.673696
14.060469 -3.950859
11.992707 -5.742415
8.330042 -11.604899
11.002210 -16.325476
10.684421 -14.280119
8.518815 -8.546769
8.087592 -8.837380
7.658385 -7.049872
5.676345 -5.989813
5.130627 -4.568124
10.735039 -1.608918
8.557147 -1.053060
9.697104 -0.783524
10.164789 0.501718
9.253532 -1.533569
9.306147 1.115134
4.578791 -2.484314
5.358151 -3.640750
4.924224 -6.193871
7.419672 -8.189981
9.251382 -7.287428
11.256307 -7.076861
7.661049 -7.280599
8.619399 -8.887150
9.143396 -7.193984
8.627151 -11.044841
9.343197 -11.231586
7.967294 -13.164439
10.694145 -18.367464
9.818048 -12.855082
11.185461 -14.053778
8.264170 -16.077986
10.175797 -16.544149
6.056710 -14.428731
8.051695 -8.580678
9.109653 -12.427726
9.090193 -11.194036
8.393030 -11.536485
6.961703 -7.377923
5.130252 -8.063955
6.707656 -8.042257
13.387791 -13.504762
14.717531 -11.766245
16.597618 -8.216214
15.175421 -11.104342
8.934011 -10.016280
8.311623 -10.599690
8.658542 -15.919158
10.991431 -13.829085
10.931984 -12.990859
10.691515 -13.375191
10.447251 -13.340981
7.965113 -16.044212
9.859440 -15.539101
12.403821 -13.820771
8.369647 -14.121390
8.530712 -7.390816
7.976520 -12.418315
9.207309 -8.724280
6.532233 -7.104578
2.034816 -8.319232
4.106032 -7.612792
12.394353 -7.117384
10.192585 -7.002455
10.298976 -7.294995
13.328012 -6.487094
11.690797 -4.769246
11.937088 -7.456172
17.109489 -7.742135
14.441218 -5.455495
11.865401 -6.730823
12.065983 -5.161932
12.495170 -7.587164
9.469072 -7.609189
8.540336 -8.944816
8.508906 -7.079229
8.630050 -9.644458
10.240973 -7.690771
9.388888 -0.750386
8.203972 0.707318
12.527441 0.893472
11.928282 -2.502820
11.650555 -7.488784
11.783772 -6.138198
7.976930 1.561137
11.496555 0.481602
11.782766 -7.385809
8.267733 -7.422612
9.258857 -8.542658
6.907173 -7.425746
8.650991 -7.873254
6.596744 -8.113415
10.883810 -7.454831
10.426308 -7.217210
12.441811 -6.664585
11.665085 -6.368039
13.456385 -3.923192
11.448374 -7.766749
7.495018 -6.848408
8.705090 -10.502629
8.221053 -10.972909
8.544393 -16.135584
12.060705 -15.860478
9.338128 -13.335435
12.455647 -12.863439
4.164522 -13.651939
4.575739 -13.559247
8.586299 -15.161270
15.132828 -18.399900
8.154046 -11.732314
8.763575 -11.298400
7.392424 -6.776129
8.240262 -7.001565
8.814035 -10.593168
9.400717 -6.654586
9.889894 -6.930415
6.829119 -8.047706
4.127901 -7.022783
1.017840 -8.647112
4.479427 -4.477456
2.982556 -5.835470
4.396131 -7.649970
3.621401 -13.462007
4.880511 -14.609834
4.318117 -14.522603
8.153648 -9.284585
8.638725 -7.826103
8.052216 -10.240043
3.876670 -7.769088
6.099251 -7.476682
1.093186 -12.929938
1.314858 -12.552648
2.580355 -8.432876
3.333101 -6.070851
4.088851 -6.035120
2.219811 -8.851007
2.604561 -10.249011
8.413225 -11.010638
10.399225 -7.308401
3.373395 -4.525476
3.985133 -7.146247
2.680495 -10.090150
11.836529 -5.770758
10.261920 -13.098774
7.980764 -10.802638
8.069644 -13.084626
8.411420 -11.370127
0.705598 -14.345219
-0.327377 -14.649730
4.497663 -14.209287
2.708664 -10.270679
2.047745 -9.254329
1.199317 -9.439317
1.044605 -10.389423
-0.569070 -10.180959
-1.553858 -9.962581
2.571857 -9.655614
4.416137 -8.102352
8.038140 -13.054066
8.485693 -9.372080
8.073694 -7.336884
4.871902 -7.759911
8.040225 -6.703287
2.261243 -9.541872
1.696464 -9.964650
0.984514 -8.934976
6.374188 -14.133302
3.287939 -6.557623
2.609601 -9.007718
2.138674 -8.829761
-0.933472 -9.328277
6.074141 -8.126371
4.751170 -8.128181
2.764239 -8.017488
2.077844 -10.653393
2.286639 -6.416619
6.852282 -7.121493
-1.431214 -10.159950
1.828306 -9.613743
7.570390 -13.697205
2.349960 -7.989450
4.628759 -3.938109
8.817201 -10.746070
8.588533 -11.299785
9.278378 -8.382140
11.739600 -13.247894
8.653289 -7.908098
9.298178 -9.852171
8.505021 -9.883352
9.043774 -9.631321
11.113167 -14.238038
8.555518 -12.995911
11.623569 -13.016328
9.087097 -17.006546
7.970630 -11.830071
8.736080 -10.486855
8.301267 -10.071428
9.095419 -8.970325
6.193535 -7.899514
8.978330 -8.219739
8.255598 -8.325297
8.103528 -7.575980
10.171678 -7.643308
7.703499 -7.929320
5.776256 -7.833898
3.312597 -7.100188
1.559802 -2.416682
2.574700 -0.077620
5.537601 -1.658824
7.381026 -1.434498
8.774078 -8.549836
5.932199 -7.107579
9.104628 -8.128899
6.276171 -7.682525
10.857269 -7.568238
9.698788 -6.919439
5.861384 -7.853019
2.900088 -8.104972
0.653140 -8.554523
-2.150306 -8.805955
-0.862149 -9.599642
3.286839 -8.002575
5.114522 -6.991637
11.127804 -7.117330
15.271933 -6.960947
12.688682 -6.084403
11.473164 -7.115109
9.901275 -13.947772
11.451060 -13.014562
12.988188 -13.106402
15.110077 -13.358606
14.882369 -11.755355
11.473446 -3.771049
14.745683 -2.870083
9.545352 0.132901
10.810558 -7.744663
11.508882 -13.323895
9.050583 -12.455196
8.792051 -14.979276
8.679358 -10.793354
4.812102 -7.886941
2.142291 -9.506707
0.064476 -9.322132
-0.026733 -10.521810
2.755879 -10.685387
-0.193380 -9.214954
-0.059170 -11.570340
2.390005 -11.157715
13.100267 -16.247339
8.696002 -10.302687
8.043864 -12.241010
8.385509 -10.497781
8.280757 -12.356383
3.227295 -7.925656
6.632367 -7.448915
8.673728 -8.208744
8.545887 -10.218430
5.736450 -7.602273
7.162274 -6.793631
8.417139 -11.180663
9.625499 -15.324504
12.083742 -13.151246
10.831452 -14.088877
10.702478 -15.815710
8.042309 -11.079139
7.968191 -8.728576
6.004276 -7.522089
7.051828 -6.708425
8.969639 -7.429182
14.304012 -3.959758
6.282190 -8.068107
6.270128 -7.723974
8.183850 -8.135503
7.998817 -10.842707
8.216967 -10.997002
8.135851 -13.282037
4.106227 -14.370393
13.039197 -14.099507
16.379490 -11.634325
17.066660 -7.327116
17.260900 -12.790442
12.646198 -13.544477
14.068523 -14.320170
8.557413 -11.682199
6.004034 -6.489025
1.537525 -10.447927
1.227857 -12.285918
0.140902 -13.364350
4.310181 -13.297273
8.227391 -9.045140
8.773152 -10.488702
8.302058 -10.058166
8.570688 -10.414847
8.383770 -12.649190
7.973618 -7.985038
4.781874 -6.075268
0.956327 -7.553389
6.600461 -6.978049
4.690295 -7.627349
9.770456 -6.852688
16.309393 -6.882056
18.652485 -12.080729
15.456941 -8.293960
14.655641 -8.676696
15.768097 -9.340063
12.651346 -5.902011
13.512932 -4.176703
15.455820 -10.614362
8.561406 -8.663395
15.306697 -13.870946
11.985336 -14.420804
8.889908 -9.551844
10.548638 -6.866848
6.271994 -7.388669
7.850327 -8.017716
8.496921 -10.150990
9.156388 -11.201934
7.881700 -8.690409
6.046841 -8.014783
4.546091 -3.168324
4.067261 -6.035570
4.367013 -4.958399
3.621471 -7.038830
3.408916 -6.748281
6.017802 -5.276432
6.561445 -8.019556
9.150708 -7.607211
8.218262 -9.516698
8.829031 -13.092899
6.405752 -13.901160
4.087225 -13.323958
4.787583 -13.517001
0.959330 -11.529552
1.181769 -12.311536
2.182721 -10.661287
2.182446 -9.120400
2.649735 -10.326789
2.101949 -11.363955
-0.862445 -11.046755
0.943455 -8.569971
8.600199 -6.824184
5.469733 -8.183803
8.510098 -12.497031
8.319996 -8.343009
4.292009 -6.387444
4.001265 -6.302896
2.975050 -7.123450
2.392168 -8.821235
1.166955 -5.598289
1.098516 -10.152808
0.598660 -13.117604
1.358023 -17.735920
1.016496 -13.183186
13.517326 -15.893436
4.880513 -13.231133
8.975285 -14.206326
8.527252 -6.655865
11.676664 -6.976059
12.924721 -2.077672
13.553144 -5.814130
12.093120 0.133475
11.494976 -5.547372
13.199081 -7.084963
12.999645 -6.564581
15.393980 -5.116381
13.158958 -5.805325
12.799373 -4.907609
14.137926 -1.875860
8.697287 0.840650
9.919502 -1.560996
10.401722 -6.760359
10.234852 -7.033854
8.623801 -9.988643
8.367367 -15.577339
11.187786 -13.203866
9.532948 -7.491239
4.945656 -7.297361
8.181532 -9.053048
8.045708 -9.764635
8.289331 -9.536952
7.775399 -8.027874
5.281842 -6.539654
4.359396 -2.819529
6.405794 -7.957187
5.860513 -7.818387
2.719996 -10.430324
2.205048 -9.092513
4.844465 -6.596038
1.924296 -6.975083
8.346118 -12.275761
7.137084 -13.692101
9.076558 -9.595019
9.229755 -8.834241
8.347748 -11.007291
8.177111 -11.069367
9.217737 -11.985167
9.140925 -10.583635
7.881466 -9.758158
8.240976 -7.074216
5.333981 -8.189429
10.825306 -7.162501
5.290631 -8.159114
4.623072 -6.908994
5.178743 -6.578405
8.762142 -8.651819
8.800832 -10.150647
7.852796 -9.606266
8.644508 -11.775727
8.819942 -10.557273
8.841065 -8.487519
5.750475 -7.612604
5.631645 -6.878171
13.908309 -12.966012
12.839439 -14.219514
8.359367 -13.224131
9.082360 -13.268049
8.849444 -11.113138
8.968362 -10.035889
9.072351 -9.046958
9.938884 -7.400418
5.889019 -7.375401
8.945559 -7.484020
6.264547 -7.742879
5.887603 -5.093514
2.234951 -9.441776
2.341752 -9.567183
0.575763 -10.176810
2.452304 -9.383363
1.619106 -11.540398
0.004054 -10.939157
2.064008 -13.536764
4.191867 -16.448034
8.078925 -11.055411
8.032703 -12.771434
8.329431 -13.777577
8.518433 -9.989165
8.708980 -11.033299
10.295504 -13.056993
3.381519 -6.557816
5.016045 -6.176270
9.035378 -11.574294
6.483010 -13.637691
10.055404 -13.770513
8.911088 -10.344401
7.896224 -8.675337
17.726151 -6.192249
16.906700 -4.872023
12.200212 -6.314546
11.008880 -7.655738
8.231626 -7.632964
4.765471 -5.808931
8.584682 -10.847745
7.993077 -10.320912
8.515355 -12.460073
2.805882 -13.190139
2.726359 -10.710912
0.509129 -9.325665
-1.770485 -7.949339
5.781713 -7.722791
6.000019 -7.777704
5.656706 -6.141593
4.314286 -8.148484
1.206961 -7.973549
2.696435 -8.252098
2.315216 -8.709254
1.944085 -10.138804
0.111647 -10.610269
2.528340 -8.606730
2.253930 -9.871809
2.835226 -6.907222
3.898080 -7.943399
5.109583 -6.917999
9.196113 -8.777244
9.036975 -9.936622
8.543304 -11.844031
8.830542 -12.883079
16.751564 -13.284045
11.411892 -13.600237
12.383236 -15.114348
10.270861 -15.140023
13.422056 -13.436759
10.071441 -13.273143
6.509889 -14.944112
9.123629 -12.544021
8.687542 -11.290439
8.237650 -12.603654
11.326500 -13.265639
11.960627 -14.048718
8.653513 -16.506500
10.456305 -13.728694
11.226767 -13.539119
9.317366 -8.295716
4.891207 -6.643110
3.487001 -6.247100
5.714737 -5.592277
4.975598 -4.475307
0.258869 -10.220441
2.557409 -8.878085
0.779932 -6.472221
0.637485 -5.561223
5.430211 -6.425410
2.616160 -8.053246
2.996444 -6.179663
5.588197 -7.630051
6.545667 -7.369469
5.483948 -7.263826
-0.061594 -9.714501
1.499586 -10.465589
8.242100 -10.570468
9.263021 -11.483279
7.946856 -9.578261
7.859817 -10.133516
-0.438906 -8.362014
2.240933 -13.228532
0.391554 -13.832296
-1.040181 -11.771558
3.239432 -6.333546
4.952223 -7.070809
6.947844 -8.044347
8.551368 -7.069471
5.834537 -8.184215
5.159269 -7.901063
4.571609 -6.176903
2.652776 -6.013046
2.004305 -9.776968
-1.442720 -8.645488
3.119772 -7.903206
4.398739 -7.182325
4.609154 -7.713001
5.391101 -7.364837
6.407651 -6.686106
9.199862 -9.096169
8.146478 -11.206603
2.765391 -9.406886
2.637145 -9.939822
5.489972 -7.968528
3.876624 -5.950737
1.977705 -9.811007
3.562170 -5.406825
4.227415 -7.138378
1.158292 -7.932928
0.539158 -11.076408
0.920210 -12.313325
2.140356 -9.030664
0.495742 -10.957637
1.337785 -11.523948
2.970616 -5.052507
3.375971 -7.131938
4.428751 -7.872935
9.751337 -6.973979
8.522816 -7.256644
12.294123 -7.219869
13.029955 -6.600504
11.983823 -7.326067
8.295280 -11.187768
4.816306 -6.790926
5.338426 -8.021374
3.423258 -7.717830
4.798026 -5.517998
5.295927 -4.841379
5.150927 -6.059951
4.367034 -6.720951
3.242275 -7.871239
5.165893 -8.198726
2.697585 -7.524515
2.489603 -11.662240
8.508490 -9.764077
19.167967 -15.632245
14.777034 -11.492314
15.261129 -9.749354
15.877857 -12.287876
14.855032 -13.918117
14.967035 -12.053889
8.577406 -10.366180
8.211160 -11.161446
5.755719 -6.632483
8.799291 -10.033116
8.294803 -10.551397
13.353214 -15.298956
11.061370 -16.203955
2.234808 -10.019904
5.673627 -7.776429
8.336743 -10.442382
9.029575 -8.477130
8.673420 -7.177567
1.510831 -7.857564
2.343237 -9.320832
0.442077 -8.784991
-0.421222 -9.557172
0.704786 -8.911346
5.816936 -7.124197
4.773710 -7.817031
5.957316 -7.816195
5.069448 -7.093104
8.010640 -8.539427
8.841896 -8.845486
8.634031 -13.379183
8.932727 -13.770321
7.420126 -14.385799
7.878293 -9.895455
8.042704 -11.977021
9.144815 -7.443068
8.493126 -8.122614
8.518843 -9.442688
8.029927 -10.115558
8.879228 -7.886994
10.033100 -7.323067
16.378149 -16.441679
18.074749 -13.087537
15.750277 -11.639294
7.266284 -8.030526
8.680048 -7.739578
8.025164 -9.510421
8.578424 -10.561234
8.402614 -10.667034
8.382740 -7.886439
13.397630 -6.654778
10.635979 -7.522305
8.203900 -7.859299
9.160729 -8.428880
9.050777 -9.445556
9.170221 -10.704740
3.010763 -7.110807
2.377145 -10.749301
-0.011661 -6.147734
1.558943 -7.898660
1.777658 -9.306290
-1.857591 -9.927625
0.808584 -10.445600
0.589705 -7.959357
5.561779 -6.380205
2.523673 -8.332855
5.213843 -5.922080
4.547060 -7.688470
9.305640 -8.092481
8.327806 -7.418075
8.314058 -8.245126
8.303977 -8.267715
7.022324 -7.935954
13.792123 -7.017857
16.071075 -8.312903
15.338432 -9.824156
15.447512 -14.741241
12.399324 -13.726366
7.894905 -9.747108
8.937168 -8.045701
9.241028 -11.555167
8.606886 -10.116669
8.030370 -8.768988
7.947216 -9.769956
8.146074 -8.448946
7.040244 -7.145158
7.714140 -7.251524
4.756989 -6.888284
3.787616 -4.904150
2.602469 -10.068856
0.039217 -8.842450
1.558488 -9.762019
3.997848 -7.665239
2.743148 -8.793618
1.114399 -11.693765
2.180357 -11.143970
1.852544 -10.198195
0.740136 -9.931875
8.606604 -11.850484
8.443589 -11.671861
8.209056 -10.809251
12.797391 -14.346180
12.063712 -14.697522
11.908387 -13.707937
9.425121 -13.805860
8.270840 -10.442403
8.779896 -10.155203
12.577560 -5.918135
14.209056 -7.615495
11.169260 -18.372330
11.138658 -15.086022
11.684187 -13.976286
17.537470 -13.494259
17.356575 -6.844245
16.764326 -15.847720
13.442429 -14.484885
19.219860 -19.239603
9.495503 -13.041769
8.063633 -16.418598
8.244370 -8.769820
8.971224 -10.489905
8.499805 -7.700163
9.214329 -9.805615
9.237997 -7.476638
3.979470 -6.781282
-0.984387 -9.476830
-0.869181 -8.737365
2.704618 -10.191728
0.810195 -10.675672
1.052380 -10.655377
0.818193 -11.033355
2.802528 -11.637823
1.058721 -11.494743
-1.334156 -10.511992
5.120186 -4.052814
4.190873 -6.935301
4.730151 -5.719028
6.320460 -2.232436
5.884125 -7.166256
4.193950 -6.801877
5.478611 -13.441909
3.430704 -15.498200
-2.159325 -12.157714
2.825676 -10.027764
1.238505 -10.649510
1.205818 -11.533128
-2.623858 -9.141432
1.408045 -9.526002
2.878873 -8.199056
7.321486 -7.904568
5.715369 -5.911087
8.841488 -9.134947
8.814094 -12.665976
5.663555 -14.447402
8.746824 -9.418550
8.129880 -7.518590
8.649258 -9.695774
8.465897 -8.174412
11.852932 -6.663604
12.881351 -3.618023
12.835409 -3.391341
11.816799 -6.161762
11.052367 -14.325630
13.315302 -14.451051
16.311407 -6.899642
7.769285 -0.917667
7.440416 -1.540684
6.739355 -1.061298
5.745886 -5.569790
4.697608 -3.632391
8.156977 -8.887280
7.883165 -8.854475
9.467545 -6.852004
7.902859 -10.959050
3.560378 -7.670962
6.469434 -7.814548
8.964600 -9.188436
14.536374 -15.985026
8.899332 -11.014266
11.935022 -13.342780
11.417182 -13.531311
8.384680 -12.801167
7.985096 -10.284974
8.139111 -9.866801
9.214221 -10.109891
6.630875 -7.052139
7.641316 -6.952900
8.761979 -10.693168
8.334122 -8.219947
8.547421 -10.541644
8.466637 -8.982547
7.926059 -11.639711
6.423725 -7.041725
7.491004 -7.235197
9.485212 -12.843648
8.850107 -11.296591
7.966684 -9.923841
8.579932 -11.254285
15.014458 -17.450638
9.196013 -9.386687
9.342587 -9.636561
8.395962 -11.020154
8.924431 -6.974715
7.916055 -15.698960
15.495934 -10.512896
8.039564 -8.454541
8.885873 -11.955272
8.602648 -11.917787
8.493257 -9.387802
10.610743 -7.670371
13.452837 -13.932990
8.940659 -12.754058
8.900574 -10.434005
8.775525 -9.638339
8.316238 -7.058008
8.918238 -6.944981
9.261975 -9.888990
8.710527 -12.048923
8.884714 -8.150146
1.031556 -8.113786
1.666899 -10.456203
3.340132 -15.210966
2.228028 -12.322131
1.322185 -11.564292
1.222859 -12.892081
3.603539 -13.689303
0.637477 -7.254256
1.929439 -10.690686
1.801760 -9.894475
1.996430 -8.867477
1.779124 -8.485343
2.608081 -8.452750
1.384815 -9.564849
2.354256 -13.610209
2.047853 -10.294835
4.087641 -8.147948
5.906727 -6.068815
5.580513 -7.825392
5.551276 -5.700053
6.361231 -6.256518
2.892991 -6.769306
0.202533 -8.928422
1.336706 -8.184701
2.168773 -7.564660
0.126946 -7.508221
2.474462 -10.487649
0.851488 -8.148468
-0.159812 -8.408809
1.423775 -9.986521
2.537444 -10.280761
-0.164861 -10.704925
2.536390 -9.794004
0.627611 -10.401299
0.111030 -9.374568
2.013203 -8.321654
1.605077 -8.257401
2.349043 -9.253161
-1.081632 -10.981237
-3.580925 -10.357629
-2.879807 -9.114548
6.851987 -6.941446
4.420614 -7.310280
2.948746 -8.101910
2.776771 -15.113888
9.186974 -16.439814
6.804226 -13.320319
13.337091 -14.811674
9.579691 -15.611769
8.084058 -11.333004
8.482645 -9.341058
8.293285 -10.013509
10.979954 -14.822006
11.914816 -15.908448
9.587507 -12.896050
11.514708 -14.429446
13.754194 -14.232541
11.231403 -16.177500
5.342890 -13.877151
6.236690 -14.530920
-0.426486 -14.183791
0.973615 -11.550583
1.579325 -12.021942
-0.128221 -8.047997
-0.233698 -9.594142
0.652502 -7.673393
6.394812 -6.888526
4.628226 -7.646169
5.739944 -8.097103
2.773803 -7.625259
1.287453 -8.853507
1.556583 -8.082925
3.973923 -8.073244
2.965931 -8.100745
6.284067 -7.550572
5.017979 -8.080444
8.410783 -8.000449
8.852523 -9.425738
6.748836 -7.991778
6.010606 -7.288957
8.705351 -9.113888
4.045483 -7.480830
8.556521 -8.791068
8.364624 -8.239335
8.030651 -7.987308
9.864429 -7.617281
5.408991 -6.608671
3.141150 -7.182020
1.918508 -5.323927
4.206853 -7.434965
5.241404 -7.113602
2.240695 -5.846596
1.654796 -9.007264
1.395514 -9.017821
-1.994131 -12.701803
2.076916 -12.657173
7.081803 -13.482987
8.733284 -15.601340
12.053979 -13.383681
7.964504 -9.692224
2.327026 -8.282563
1.668680 -10.054826
2.743476 -10.974687
2.727940 -8.795708
3.299384 -8.121962
6.860608 -8.197083
8.620588 -10.290391
8.223564 -12.068226
8.059026 -9.864499
0.335815 -12.315936
0.571466 -10.370001
1.779997 -10.496346
1.512461 -8.687826
2.625257 -10.406957
-0.436016 -9.730647
-1.333060 -10.639249
4.661748 -7.472841
3.810902 -6.988364
3.316687 -4.816428
6.271229 -5.390135
2.706249 -7.545933
0.910560 -9.509471
7.181993 -7.514696
7.314580 -6.711784
12.719810 -5.198835
8.991982 -9.930828
1.514427 -8.175423
2.611228 -12.157755
8.661474 -9.693189
7.538644 -13.504378
10.583151 -16.736116
7.400338 -13.551911
4.906159 -7.116872
6.579661 -7.532220
8.258163 -12.088189
8.850023 -11.267228
7.366148 -15.072444
11.707172 -13.195699
8.173256 -12.914523
8.064417 -12.400259
8.728861 -9.564541
7.975945 -12.068974
8.161079 -12.351665
6.411681 -6.986116
8.519242 -8.041410
5.383700 -8.003467
7.688206 -7.514947
8.422819 -8.340569
8.232867 -8.403478
1.743333 -12.346995
3.689784 -15.869354
2.279602 -10.051121
2.439363 -9.561221
2.891975 -7.716370
9.617767 -7.151503
8.464704 -6.670233
5.402899 -7.387766
3.064728 -7.758026
-0.093783 -10.645812
0.240819 -9.933490
2.600343 -9.218210
2.596311 -8.329289
2.023684 -8.758101
3.719060 -6.260423
7.412810 -7.816416
4.118722 -7.651140
2.698082 -6.624949
6.210103 -5.448457
8.067139 -13.395769
8.792394 -14.149739
8.671844 -9.857135
1.968886 -13.068906
0.285081 -15.384719
1.285821 -16.184637
5.574824 -15.028397
4.504591 -14.289248
1.197520 -11.369702
-0.167236 -10.847170
2.039183 -10.637789
1.554331 -12.094670
2.126835 -9.042247
5.240554 -5.050711
2.030194 -7.796504
1.775462 -10.294358
0.502075 -11.238240
0.794577 -7.197903
2.349646 -8.589065
4.163818 -7.015523
5.792692 -7.743834
4.231516 -6.807358
0.683356 -9.331676
-1.113020 -12.217095
-0.852733 -12.550854
-1.582852 -9.725834
1.575416 -8.774764
1.073359 -10.092490
1.549358 -11.631433
0.604964 -8.929057
2.102869 -13.224664
2.624896 -9.522523
2.141593 -6.676616
1.711145 -10.871331
1.107582 -14.097258
4.108001 -15.654730
2.070045 -12.992829
5.280402 -6.953014
15.193295 -8.995667
15.050989 -8.615415
14.084278 -13.591678
7.955028 -12.975129
5.291681 -15.843602
2.803454 -9.103862
2.649214 -10.016858
6.518954 -13.588490
4.842338 -7.425692
6.084353 -7.495933
2.678069 -7.815204
0.879827 -10.588416
7.395075 -8.128782
2.693130 -10.769864
1.290108 -11.511535
2.260333 -8.023246
2.049302 -9.018167
2.516762 -12.487094
2.185703 -12.470479
5.949190 -13.214915
3.980132 -14.999465
1.632878 -12.353311
2.242066 -11.503838
7.953664 -10.372613
8.493136 -11.267016
8.914392 -9.117936
7.692250 -7.577020
7.783228 -7.952926
5.497980 -6.487086
4.896531 -7.487594
6.751446 -7.739729
6.826766 -7.216772
6.548999 -6.649331
2.292114 -9.558757
7.312624 -14.322492
2.337259 -9.636047
0.431340 -9.875524
2.453841 -8.646637
1.774116 -10.469838
3.441494 -8.032464
4.896104 -5.950615
4.488862 -5.975280
4.709365 -3.506064
6.054680 -5.282170
6.220015 -3.881204
4.298578 -3.709023
4.660728 -4.917791
1.825882 -6.945992
0.426518 -9.539652
-1.251333 -10.047479
0.506868 -9.505961
2.989378 -6.817980
1.254771 -10.836049
2.740849 -10.472245
2.802784 -9.118039
1.674452 -9.431564
-0.586503 -13.207661
2.499876 -11.667019
0.960091 -9.790559
2.629591 -9.591223
2.814488 -9.105700
2.656303 -6.327573
5.056196 -7.855020
3.964857 -6.370362
3.989090 -6.524889
5.628232 -6.924341
4.201287 -5.768777
3.388114 -5.321483
8.708979 -8.979299
8.200426 -11.717338
9.199534 -11.486727
8.651818 -13.602686
11.222366 -13.194854
11.287581 -13.542514
12.094391 -17.059599
14.211779 -15.525304
15.719513 -16.518312
14.230948 -3.692814
10.408109 -14.788075
11.386877 -13.080529
8.626493 -8.971444
9.505246 -7.283079
7.977734 -12.051402
9.135067 -8.351745
8.405482 -13.707351
8.597158 -12.659951
7.932999 -10.959141
9.585636 -6.802286
8.652679 -8.822417
5.923606 -6.153738
5.723688 -5.191205
5.605824 -7.621609
8.583739 -7.388445
8.567225 -8.212889
7.641996 -7.661865
7.799198 -6.807100
6.926660 -7.088774
6.303332 -5.921222
4.357236 -7.717637
1.631984 -7.548874
10.132644 -7.325260
8.602078 -6.780769
11.634752 -6.722555
8.755294 -8.263504
15.556705 -11.947072
8.596910 -7.789367
9.040867 -10.067472
14.348155 -7.541911
12.621301 -15.213431
11.291361 -12.866011
9.307041 -12.171930
8.791492 -8.939261
7.637528 -7.708338
13.048582 -13.185265
14.408031 -12.199568
16.672573 -13.863493
16.826920 -13.118007
8.297969 -7.668279
7.602603 -7.656852
9.705960 -7.801236
5.265809 -7.451074
2.604607 -9.391576
3.802631 -7.861580
4.101562 -6.897439
5.819811 -6.162371
1.996915 -9.620522
8.693102 -9.437862
11.106093 -14.064614
16.664213 -15.356803
16.116407 -15.367550
11.065447 -13.371071
7.729499 -14.379069
9.325935 -10.685298
8.727535 -10.667144
9.172404 -9.776978
9.284190 -8.638279
9.076984 -10.213424
7.599846 -6.749545
3.260868 -7.590130
4.361734 -6.761849
7.721184 -7.948290
1.124461 -8.195476
3.030410 -8.075107
5.145204 -7.501690
2.408844 -8.146141
5.653287 -8.010800
5.103146 -4.316219
5.075862 -7.416686
7.146662 -7.880823
3.251239 -6.159691
2.402029 -4.681497
8.604290 -9.926363
8.069897 -9.431247
8.189390 -12.176572
7.842393 -10.644027
7.851893 -10.914126
9.298397 -11.665511
9.446483 -14.487498
9.380475 -15.609502
10.149248 -13.411124
10.733419 -13.410055
10.859117 -13.170812
2.235692 -12.592813
1.478996 -12.074452
0.429065 -12.271636
2.566191 -12.076712
0.578362 -10.858715
7.601902 -14.837543
4.628463 -14.336425
9.237598 -11.220596
15.483538 -10.137897
7.677008 -13.464121
8.644804 -17.774179
5.784649 -17.214834
9.145177 -12.326335
6.923676 -15.334640
5.935360 -14.016698
8.913631 -10.223283
7.258527 -7.488737
8.281578 -8.619357
8.676325 -12.709300
8.162589 -8.992637
1.268655 -11.032922
-0.776912 -11.454803
-0.562082 -9.230617
0.464277 -11.996593
0.259161 -10.994155
2.502779 -10.333581
2.676385 -8.092847
1.745822 -9.849749
-0.471355 -11.975759
2.372612 -10.290563
1.417868 -7.551977
4.260299 -7.098498
5.029675 -7.633510
9.107501 -10.483209
8.747402 -9.408921
-0.448147 -14.717109
-0.200997 -15.523861
4.719319 -7.915784
5.813035 -13.858999
6.950023 -17.133005
7.548268 -13.999896
8.413465 -13.640763
13.129542 -12.948936
8.423363 -11.058625
8.638251 -11.774977
10.416524 -15.865981
17.753630 -13.658896
7.977359 -13.358840
11.682941 -17.099306
12.495594 -7.379488
14.386916 -6.361769
6.310419 -7.951729
4.489983 -5.540323
4.458964 -4.172242
5.277875 -4.651266
3.623410 -2.973785
5.619945 -5.080275
5.588643 -7.660414
7.274776 -7.060435
9.934705 -7.248837
4.749058 -7.935864
3.871945 -5.989803
2.614676 -7.880250
2.230279 -9.827971
-0.856760 -12.627890
10.666021 -16.808313
12.823790 -14.587035
12.812759 -15.397208
4.404593 -14.914558
8.594317 -14.012174
7.938236 -10.841342
8.286456 -9.958522
9.227814 -11.326173
8.700252 -13.594182
16.222244 -13.641187
18.551102 -7.033675
