17.619225 -10.320007
15.671254 -12.255100
18.419950 -12.277596
10.648016 -14.202706
8.928704 -12.609258
7.990215 -7.152916
8.848932 -9.770007
8.784620 -10.135821
8.703354 -7.517551
6.893690 -7.196986
7.232260 -8.173781
3.993102 -6.327871
5.634059 -7.716229
2.832844 -7.286512
1.752494 -10.975121
0.221651 -16.595255
2.714618 -13.208979
7.221723 -14.340065
10.596222 -15.421948
8.063658 -11.095393
8.183825 -7.701608
6.075906 -7.376092
5.320034 -6.921228
1.952049 -6.947440
3.220588 -7.292088
1.109593 -9.592911
1.687259 -9.048097
3.456361 -4.880373
5.391184 -7.911894
5.438743 -8.013504
4.854098 -5.819673
4.930637 -7.652647
8.920308 -7.545977
5.468997 -7.272934
5.739196 -7.822566
1.362306 -11.521520
-0.034057 -8.030610
3.061426 -7.766091
0.377061 -6.742580
2.453101 -11.231883
0.154677 -13.299044
3.966367 -13.461251
1.901646 -10.573928
2.418386 -10.264655
-1.553941 -12.166850
6.248150 -13.230605
8.460933 -10.489909
7.854138 -11.203778
8.239741 -13.025764
3.642234 -6.494297
0.673710 -7.507082
2.834286 -11.148520
2.333834 -10.568030
0.993363 -10.049535
1.798011 -7.715250
5.335638 -6.061095
3.008774 -5.851362
3.648363 -7.819154
5.364936 -5.399323
4.526187 -5.013492
7.027733 -7.297235
6.836004 -7.107329
9.074690 -7.251664
8.168472 -9.887805
9.039316 -6.838882
7.512461 -7.357148
7.397675 -7.625025
6.078127 -6.984421
9.140245 -6.852812
11.597971 -6.992404
12.356263 -7.334929
10.818644 -7.664568
2.097809 -10.276864
0.706409 -10.011014
5.387659 -7.734647
1.402196 -12.491736
9.782139 -6.706227
11.045259 -7.705839
9.097473 -8.687287
8.365280 -8.547058
8.192312 -11.085136
9.027404 -9.643533
9.692446 -7.805473
10.860582 -6.831542
5.908395 -7.731807
3.932352 -7.038490
4.495628 -6.199206
6.007000 -6.109893
7.517612 -8.174216
1.176021 -11.275720
2.213655 -9.221155
8.222395 -10.512322
8.877410 -9.187232
2.840774 -10.774681
1.337124 -15.093841
4.154510 -14.008434
7.130707 -13.632981
10.819854 -12.920333
7.686738 -6.754487
5.096975 -4.154318
2.248515 -6.975882
12.469027 -13.612800
14.527494 -11.209279
8.767164 -10.774571
8.983144 -12.375912
8.534936 -11.380449
8.424485 -11.339473
2.341074 -10.073718
2.549488 -11.798177
0.247806 -7.961934
3.725993 -7.940045
6.084905 -4.893068
4.750772 -8.028752
6.845860 -7.571495
7.820564 -13.549674
9.834635 -14.996882
4.415295 -13.410435
8.012259 -15.150984
9.113111 -14.152144
-1.412569 -9.644457
3.181640 -7.472587
6.250068 -7.915434
3.726486 -7.944111
5.308424 -6.510295
8.849117 -10.135843
8.302024 -12.543607
5.940040 -6.982033
1.988509 -12.469249
1.672481 -11.487672
9.343758 -11.844630
7.866820 -8.779367
5.155028 -14.842597
6.532870 -19.299677
8.178685 -13.448922
7.883124 -12.258111
8.845767 -8.861392
7.891869 -10.703571
8.712374 -15.239706
-1.232958 -15.298385
1.444858 -12.602545
1.169906 -10.172482
-0.229744 -10.548360
1.911094 -6.599982
1.331316 -8.278575
3.668006 -6.449149
7.957766 -7.981915
8.242326 -10.749224
7.918255 -8.168643
8.389793 -7.895113
9.222193 -12.222806
8.712913 -12.550247
12.067249 -14.524208
10.259575 -6.837302
8.466000 -10.792504
2.015581 -10.055528
-1.223031 -9.786204
1.057078 -9.831697
8.119700 -8.476819
7.837180 -6.700788
8.383587 -8.751933
8.842622 -10.647018
12.788631 -15.094378
9.903130 -14.290691
9.090620 -12.318899
9.234022 -11.423063
7.744840 -6.885556
11.397903 -6.993247
8.377159 -7.475488
8.808807 -7.279406
8.759545 -8.639371
8.399624 -10.252269
8.153739 -11.438743
7.901928 -8.820569
9.231492 -7.257117
10.012322 -7.441055
7.795481 -8.024241
8.299624 -11.119598
8.146778 -10.868455
7.936841 -11.086718
1.440540 -14.139718
2.507607 -9.274840
9.468460 -18.498867
5.639936 -15.615513
11.550243 -14.351256
12.425453 -12.870667
8.317760 -15.433864
8.968981 -10.181236
7.565123 -8.194757
7.468621 -7.686938
8.750241 -8.873734
6.822032 -7.141078
9.469339 -6.876106
8.169322 -7.613062
8.959166 -10.007791
5.884292 -7.500369
6.118087 -7.281030
6.401552 -5.958377
5.186554 -6.545202
6.975949 -8.051748
9.019289 -9.890728
-0.538760 -12.161107
5.142644 -14.976316
5.141025 -14.293601
6.196728 -14.386994
1.978731 -16.396624
2.678492 -11.516488
2.753125 -10.945745
1.897672 -7.638877
3.612364 -5.926921
5.602221 -7.799159
9.389386 -6.984143
10.305705 -7.245340
11.711657 -13.918956
6.952626 -14.496963
5.243689 -13.842773
9.327960 -14.877925
3.230260 -15.125556
3.130147 -14.852534
9.610662 -13.306751
8.182358 -10.978009
11.521871 -18.201574
7.256720 -16.319235
4.776967 -13.553176
7.608196 -14.021186
7.494914 -15.032102
8.829797 -9.856022
8.074690 -8.973245
14.432590 -10.548969
8.621687 -11.688415
8.806798 -12.790256
8.221315 -15.760549
10.772493 -7.117162
9.001613 -6.939688
2.549026 -7.691123
4.627133 -7.517858
5.625340 -5.530248
5.607513 -7.780320
6.266207 -3.025274
6.156367 -2.264239
7.333839 -1.377769
11.712777 -1.016721
8.744202 -0.215073
9.584826 0.548916
6.668904 -1.200917
5.877466 -1.637794
9.308918 -1.132980
8.651109 -0.765732
10.431911 0.276047
9.368823 -0.673588
6.786450 -1.395651
5.223115 -3.204188
5.474652 -5.445872
4.560212 -4.299386
1.993617 -8.692170
-1.648920 -10.153243
-1.220429 -9.442117
0.523630 -8.403154
10.815968 -7.265361
3.978581 -6.776852
4.194620 -7.480534
1.242305 -6.665281
4.669255 -8.196729
6.937715 -7.991186
3.190219 -6.907551
5.522474 -7.191711
2.964927 -6.908130
1.029864 -10.856551
2.712321 -11.190177
-1.549451 -14.378370
5.746781 -13.424821
1.418716 -14.179088
4.606906 -14.938565
1.757740 -13.935949
2.696599 -12.753231
2.743113 -10.530499
0.860458 -8.834453
6.118807 -6.553387
3.753498 -7.831565
4.542282 -7.594960
1.745399 -7.782600
2.613138 -9.344178
2.709842 -11.090693
1.719149 -9.452096
3.360301 -5.898988
3.708036 -7.787554
3.515571 -7.588113
2.980719 -8.101541
11.988180 -7.556272
11.521353 -6.577539
11.129473 -7.797789
8.562090 -7.201182
7.619643 -7.245962
6.147457 -7.095197
2.919843 -6.079788
1.876311 -10.234412
2.630649 -10.768084
-0.496443 -11.172943
-0.361058 -11.112025
0.249706 -9.952504
6.525208 -13.237054
7.070842 -13.841990
4.588344 -15.396156
0.411067 -16.074259
2.020011 -10.980071
1.988239 -10.300448
0.979038 -6.464496
5.214968 -8.064207
6.938704 -7.925464
4.614816 -7.143859
8.643871 -12.054309
8.414059 -13.029744
9.396257 -7.642878
8.810422 -8.270284
9.432545 -7.699398
8.275164 -8.315879
7.811019 -7.683003
9.126877 -7.487325
13.761528 -3.126333
11.365567 -1.446505
10.704540 -0.976434
9.912407 -0.596618
9.702972 -0.530559
6.455628 -0.836215
6.187739 0.926691
5.363157 1.988947
8.329569 0.678299
7.374575 -0.173626
8.431952 -0.915975
5.326399 -0.908849
4.301423 -4.138226
6.747863 -6.858166
13.314098 -4.669598
14.059608 -3.633275
13.094264 -4.357236
11.633739 -3.121345
11.568745 -1.861473
10.929646 -0.523044
9.380680 -0.044982
8.811294 -0.398238
8.047371 0.940715
3.328733 -1.768204
5.878397 -2.673505
6.076371 -1.946216
3.138922 -6.076516
4.689892 -5.912038
6.335470 -7.376735
8.168581 -7.011170
8.848833 -10.815127
8.008718 -9.843890
8.828409 -10.939847
9.025672 -13.000823
7.795831 -13.495669
-1.661330 -10.558255
0.553788 -11.675051
4.084648 -7.297258
6.128650 -8.155063
4.515985 -7.798568
4.409497 -6.376750
5.786450 -5.595806
6.284533 -6.544413
6.116955 -2.650596
6.410480 -7.271851
2.742773 -5.362756
2.078674 -12.850702
3.170565 -15.024345
6.930809 -14.124158
9.371856 -11.920348
9.250249 -11.463088
8.150179 -9.302085
8.053131 -12.273282
7.863015 -10.069522
8.782378 -8.285610
8.465105 -11.312862
8.128190 -9.975119
2.521750 -8.733016
7.392022 -6.762685
7.281499 -7.978776
7.172970 -7.260821
9.248570 -8.632041
8.465798 -10.943418
7.902550 -10.478799
5.509052 -13.426248
7.493116 -8.085398
10.126210 -7.333635
15.827942 -10.225173
17.431576 -10.807168
16.691196 -9.172049
15.563332 -13.626162
6.129652 -15.366466
9.781110 -14.172048
12.904280 -16.086477
11.194195 -13.421561
8.752094 -8.586689
9.000404 -9.226903
8.153977 -9.066644
8.538091 -12.252251
7.945123 -12.047868
8.240225 -6.884441
4.019845 -5.378973
5.709233 -7.403602
2.193885 -9.888539
2.343207 -11.654219
1.045619 -10.857275
3.642979 -6.481259
1.788051 -10.104980
3.209190 -7.445037
5.384993 -5.238235
5.288204 -4.871449
4.581626 -7.640028
3.719730 -7.598996
3.297696 -6.465991
5.690952 -7.855202
9.183416 -8.630109
5.846572 -7.358665
6.116611 -14.398745
9.582262 -17.247934
7.266340 -14.159029
1.324396 -10.494730
0.946845 -7.011729
-0.347579 -9.315566
7.654156 -7.938046
3.365606 -7.614167
1.224825 -6.517088
2.343037 -6.708783
8.220774 -9.579631
8.535452 -10.389676
9.208637 -8.928101
8.474509 -11.573615
6.639982 -7.650415
5.378004 -6.621577
5.162202 -6.702335
1.380384 -5.270574
0.551480 -12.393370
2.629834 -11.622291
0.644204 -8.849323
1.740312 -8.604142
5.313268 -4.809123
8.883697 -8.494041
7.629714 -7.193943
8.400935 -10.887975
10.517281 -12.894922
8.021284 -11.849616
8.256798 -13.405103
14.141495 -13.130354
8.251874 -8.847063
5.830556 -2.866330
1.467767 -10.387288
1.176067 -8.810683
2.048576 -9.432200
2.415238 -8.614039
2.059072 -10.921256
6.598777 -17.154362
4.815779 -15.068744
7.932363 -11.914227
8.027854 -14.502849
5.905439 -14.988179
3.446637 -14.990332
4.492457 -14.886827
5.395063 -15.515360
8.053397 -15.659622
8.070529 -11.854883
2.563509 -12.682342
0.899611 -15.256673
-0.082561 -10.207011
-1.183139 -11.138818
3.811859 -7.042225
9.820516 -14.709043
12.590618 -14.382899
8.806103 -13.997155
5.738942 -13.641479
5.831661 -6.160141
5.762517 -8.011782
8.252903 -7.875653
9.383129 -7.957016
4.750186 -7.546853
8.843697 -7.064761
9.583389 -15.262832
5.331121 -14.362830
6.978575 -16.238249
1.773159 -8.401968
1.285016 -12.716187
0.099989 -10.987677
1.504283 -11.540624
2.388732 -12.411302
1.704853 -10.921231
0.958896 -11.609721
1.997966 -10.418780
8.338454 -10.820806
8.495575 -11.894641
8.394290 -8.115170
8.013256 -8.354438
5.886070 -4.184850
7.081329 -6.856944
6.900589 -6.832908
5.157350 -1.675165
4.076571 -5.116278
5.221083 -4.266913
4.543579 -2.725013
8.299152 -6.824358
11.563562 -5.013358
13.645142 -4.594774
15.576725 -6.863876
14.063707 -5.325132
13.608435 -13.420011
10.226068 -14.110057
8.048204 -15.144392
8.621100 -8.031957
8.189207 -11.418298
6.341635 -7.930304
5.409405 -5.068005
3.737770 -5.350918
2.620824 -10.622771
1.562686 -11.672246
2.017187 -13.639297
2.988891 -13.202420
6.428010 -14.300914
5.412013 -15.801138
6.270005 -14.128306
10.126000 -15.256658
7.619448 -13.323127
8.483891 -15.320807
8.163953 -12.157960
2.086196 -8.771393
1.515652 -9.620774
1.125195 -9.446481
1.566143 -9.576238
1.782279 -9.557662
-0.169867 -10.810348
1.510332 -9.412593
2.558333 -10.963813
2.002132 -9.984502
2.382337 -9.868042
2.440799 -9.611765
3.016873 -8.081141
2.059308 -6.923412
9.046649 -7.345572
3.563026 -7.029413
4.696834 -5.740042
2.512311 -8.021335
4.293640 -4.775124
3.455546 -7.131927
3.710160 -6.964552
5.670192 -7.738838
5.567190 -6.565905
4.441966 -5.233846
3.624005 -3.828963
4.752749 -3.554677
4.356802 -7.288817
7.473937 -7.368532
7.707036 -6.948328
8.713254 -13.504549
7.324891 -13.298650
11.851199 -14.473120
5.682420 -14.758010
2.407135 -13.773616
2.231025 -13.002803
-0.400578 -11.361524
2.030587 -8.577849
1.281356 -11.338367
0.577176 -10.035230
2.068151 -8.977614
1.410121 -9.731854
2.213101 -7.426285
1.360495 -8.237285
0.429503 -8.926318
7.978815 -10.146852
3.150155 -8.137484
4.183758 -7.037448
6.988899 -7.836989
6.020862 -8.030773
5.277772 -6.711268
7.967186 -7.613221
9.324118 -11.110412
7.908317 -8.392678
8.338701 -8.204132
8.249529 -7.736455
8.433494 -10.746648
9.618024 -13.420823
8.820096 -11.570621
8.060699 -11.514720
8.133536 -10.271155
6.632826 -14.652070
3.644145 -13.438933
0.201240 -14.783093
0.622535 -12.874061
2.813247 -10.032271
-0.308327 -10.642211
3.116681 -7.242540
8.706912 -14.204742
10.010466 -13.177073
6.896644 -13.295032
15.910984 -10.172841
15.230673 -8.460119
14.494467 -8.648087
15.231476 -7.857486
12.328143 -15.390878
13.907792 -14.785148
15.186430 -15.561909
8.909513 -6.977699
7.998020 -8.948894
1.659864 -10.343083
1.208808 -11.066810
6.652775 -7.943583
5.714302 -7.229612
12.128595 -7.727979
9.017746 -10.677810
8.286376 -11.249134
8.046757 -10.896148
12.640730 -7.522865
9.264250 -8.285069
8.755850 -8.590913
7.981837 -7.678170
4.524104 -6.172836
6.286193 -7.593830
5.704526 -7.854606
4.708908 -6.470878
0.425885 -8.119762
0.176329 -7.835095
1.477160 -8.656016
-0.664422 -11.516639
1.769096 -11.918653
3.214273 -14.439725
6.079003 -13.941075
9.951921 -13.577942
14.214334 -15.192605
9.228145 -15.748027
8.129783 -10.995929
7.941534 -11.285786
9.161921 -9.307053
8.768672 -10.324386
8.132912 -8.063055
16.453335 -8.341334
8.015303 -9.630378
12.670014 -13.776153
14.255043 -13.947785
17.054873 -12.218739
15.285270 -8.941695
15.984138 -12.835908
16.137566 -13.863833
14.690489 -10.641631
14.705850 -8.234173
14.774815 -8.326722
5.104790 -5.017034
5.925479 -8.172437
12.092127 -7.643716
12.761446 -3.309920
8.279416 -8.757327
8.750252 -14.162490
8.236745 -11.163308
3.621050 -7.454219
3.245282 -7.733902
6.355132 -7.781855
6.874243 -7.262200
10.270908 -7.475821
15.866042 -15.065208
13.568657 -13.866096
9.222278 -10.507399
2.792166 -8.759448
5.140224 -8.052686
5.346996 -5.274450
7.622856 -8.124547
8.694923 -10.422370
8.411260 -10.535537
14.716952 -5.025706
12.664735 -5.959246
12.851114 -3.210848
10.278729 -6.835689
4.535889 -7.340234
2.916465 -7.345140
17.508503 -8.108095
15.797150 -11.255177
10.700684 -14.369096
8.870454 -6.710789
9.098476 -9.442308
8.828498 -7.950288
8.238541 -7.901938
7.574759 -7.220019
7.108858 -6.775254
3.704185 -4.703662
4.485610 -4.259133
5.372640 -5.679830
3.516564 -7.856965
2.786459 -10.155814
5.445446 -8.023152
2.824220 -8.064181
8.490394 -9.691629
8.126744 -11.073872
9.335974 -10.982603
7.636811 -7.603740
7.047000 -7.685973
5.076763 -7.657302
4.110865 -7.885905
0.614971 -7.463238
1.642443 -8.084855
1.832272 -8.654230
0.671453 -12.221296
2.645990 -12.879927
2.595427 -10.790883
0.876155 -6.947181
1.359865 -10.107833
1.817601 -11.110872
2.360523 -10.149421
1.048450 -8.266233
4.508628 -8.023042
2.268209 -7.909810
3.448739 -7.757987
3.697519 -8.193572
1.316278 -10.834997
1.814528 -11.480145
2.386077 -10.826859
1.895661 -9.725802
11.405109 -14.106894
8.494904 -9.606788
7.436843 -7.660135
5.519180 -13.403058
5.896189 -14.199391
7.191529 -15.448151
6.705482 -13.416862
9.277244 -11.051682
8.628166 -8.599753
8.448504 -10.335155
7.868072 -10.761076
7.977847 -13.579625
10.575703 -14.543629
6.299076 -15.140162
1.822986 -11.532221
4.343072 -13.528884
9.336833 -13.328689
6.081864 -7.585695
6.544611 -7.280517
5.929158 -3.933655
6.546402 -7.478110
8.089708 -8.092508
7.719791 -7.442760
5.910200 -7.305835
6.268126 -4.436147
2.068772 -5.949775
-0.104100 -9.296671
2.101232 -10.746966
2.410117 -9.395031
0.923664 -10.382102
1.754827 -10.819364
1.982233 -10.814214
0.155830 -6.961343
5.572692 -2.351136
5.238634 -6.249135
5.572541 -6.472598
5.334733 -7.227145
5.189354 -7.430001
1.891818 -9.959577
-2.340404 -9.403774
2.665091 -8.612623
-0.031642 -7.976977
1.787713 -7.299074
-0.328151 -9.611412
0.204889 -10.233774
0.028805 -10.922935
1.119201 -12.936762
5.583663 -7.614445
7.522996 -7.333627
8.750079 -7.292779
8.008526 -10.041676
8.652403 -9.505435
7.930068 -6.745986
8.921553 -8.761616
6.879411 -8.025147
4.413415 -7.043989
3.399999 -7.067340
7.155568 -7.570018
5.960912 -8.050490
4.940040 -4.507816
4.800500 -7.302261
7.451825 -7.033553
3.522996 -7.161070
7.435988 -7.736088
8.240603 -8.493771
7.722443 -8.077274
5.108315 -5.436138
3.396692 -2.637001
4.420115 -8.196757
5.412398 -8.062396
8.168907 -7.856952
8.772850 -9.349010
9.210753 -10.608198
7.932344 -9.212424
4.464281 -3.031043
4.934350 -5.926498
3.758885 -4.778984
3.977615 -6.969908
0.572200 -8.395037
1.963814 -10.104081
2.263444 -9.440245
2.357624 -8.710904
2.946574 -4.347203
5.945837 -7.329638
6.597686 -7.552184
3.654252 -6.908722
6.507686 -6.665423
8.446929 -7.903146
7.506593 -6.791164
8.773275 -11.494835
9.363934 -9.327458
9.070401 -10.314157
15.516591 -11.458706
15.099513 -10.087137
17.336765 -5.711052
13.611876 -7.688743
14.530874 -11.092855
15.405849 -13.344146
18.165470 -10.331168
13.160460 -1.652118
8.794706 -0.464502
9.726782 -0.240229
13.191851 -0.923455
11.517414 -3.210172
13.964106 -3.713481
11.395107 -0.880924
12.113280 -6.967708
8.513797 -7.866635
7.605586 -7.654205
9.142752 -9.646078
9.335029 -7.005538
7.412926 -6.892823
7.140732 -7.950846
7.057961 -8.005706
10.001664 -6.745592
8.206490 -7.815641
8.114990 -6.681848
9.225343 -7.302143
9.973831 -6.954010
5.281707 -7.646679
8.022737 -6.871256
8.580546 -9.615050
7.965922 -8.068412
5.679493 -8.169868
4.496895 -8.162403
5.779012 -7.560081
6.148815 -4.534836
5.499633 -1.774411
4.803688 -3.330598
5.239887 -2.018265
5.597509 -3.213926
6.389336 -6.078605
5.013838 -3.244310
6.033373 -4.082873
5.208720 -1.893018
4.386911 -5.818434
1.703047 -3.843220
2.567756 -10.859866
2.629962 -12.093419
0.206302 -13.068346
1.404407 -9.650273
2.680429 -9.934005
2.455346 -9.922103
1.743150 -11.280131
2.105601 -9.518752
0.731007 -7.635213
3.906345 -7.487779
2.471180 -8.123092
2.514009 -8.572948
6.300445 -4.660905
5.511149 -8.076247
9.702113 -7.451559
14.627071 -14.593845
15.310106 -14.407132
9.379565 -12.252351
8.895960 -9.039365
8.894423 -10.052137
8.343353 -9.850158
8.657722 -8.909997
9.110590 -10.953237
4.589929 -13.792499
5.218691 -13.614337
4.062968 -14.012106
11.402642 -15.589494
7.844657 -12.039431
8.918037 -8.625195
8.817204 -14.658247
10.205647 -13.708161
4.394058 -14.977313
4.880833 -13.411618
7.028777 -14.767573
7.434801 -7.374568
5.370500 -7.117671
5.155399 -5.029116
4.372015 -7.898330
1.505171 -7.365379
1.944396 -9.700879
1.597960 -13.888891
7.391559 -15.124042
-1.519015 -13.807014
0.548212 -10.874231
2.029944 -9.287941
2.832427 -9.676785
1.748026 -11.224380
8.235216 -10.228665
8.437944 -10.383930
9.114596 -7.553896
5.537583 -8.100033
2.835224 -11.212430
2.159328 -11.062577
0.194321 -10.490441
7.052031 -13.345152
9.698845 -15.853736
11.123506 -12.986329
5.229459 -13.816298
1.669887 -15.613567
1.054654 -10.717453
2.063731 -10.450696
2.657413 -13.477597
10.336966 -13.683213
11.580282 -15.672055
3.959743 -5.399415
4.348056 -8.148736
2.306491 -8.611879
7.431887 -7.887546
8.315731 -10.835974
9.261456 -12.727191
7.386298 -18.998262
0.719822 -11.958560
1.279319 -9.590079
6.686374 -7.175007
2.839003 -8.053251
6.182440 -7.088650
1.522464 -11.129634
2.194303 -8.636450
1.289448 -8.040476
2.321651 -10.280651
0.024498 -12.960458
5.027345 -17.084139
9.411917 -15.416633
7.915082 -10.888495
9.698261 -19.775597
10.937487 -19.002764
12.064015 -18.615576
12.616032 -16.780132
6.804627 -13.596112
3.372808 -13.581376
4.241996 -13.247571
8.831058 -9.725655
4.142715 -7.800892
5.506150 -7.882467
3.343237 -7.199439
2.956733 -7.560188
2.744168 -8.894900
1.557551 -10.364481
2.070647 -8.917863
8.811145 -10.236007
8.498365 -11.902639
2.113318 -10.968989
-1.334380 -10.960034
1.478429 -11.053443
6.624439 -13.684327
6.028197 -14.918390
10.137122 -7.758097
15.260303 -5.760818
14.444596 -7.757003
13.651814 -6.658951
6.808944 -7.204581
4.297557 -8.124614
-8.843960 -6.305733
-11.751496 -2.315048
