-17.513350 13.918653
-15.991735 8.548970
-11.175829 -2.642513
-9.717771 -3.226918
-11.514820 -5.887072
-10.772887 -7.179327
-12.598284 -4.348939
-8.832968 -6.931764
-7.527000 -7.005649
-5.090027 -6.724510
-6.580976 -5.500904
-7.277139 -4.336574
-8.724205 -4.573016
-4.598941 -5.113430
-7.213757 -5.723888
-8.688091 -5.182188
-10.344505 -3.946596
-9.836890 -2.839548
-11.549754 0.343146
-12.150290 4.069079
-7.164906 1.209371
-6.027317 2.007062
-6.169654 1.732579
-6.184709 2.519061
-7.527403 1.506997
-6.621543 3.400670
-6.905440 1.235316
-7.097231 1.111735
-9.177662 3.869329
-8.268299 3.881403
-4.380614 5.489813
-4.486787 -2.004764
-3.515908 -3.251937
