10.941234 -14.595390
8.250111 -12.249743
8.444033 -12.483324
9.167911 -11.051173
6.794690 -16.079374
9.156969 -11.902516
8.438766 -7.886130
7.638452 -7.853417
2.864011 -7.233942
4.658306 -7.129180
6.421439 -5.930613
4.334166 -6.868377
5.928426 -2.138236
5.277342 1.544406
8.989284 -0.842896
11.793788 1.150006
14.376995 -1.678734
13.044504 -0.515096
9.057650 -1.437008
5.746785 -1.652805
5.847989 -6.880303
3.445504 -2.784296
4.267321 -6.630512
5.103820 -5.418161
3.577162 -7.660138
7.606464 -7.056640
8.943264 -10.204175
7.818557 -8.091552
6.829346 -6.650069
11.644321 -7.109859
11.692705 -3.348557
15.090070 -8.576066
15.162429 -8.342410
15.453236 -7.044064
9.173696 -7.196364
9.000715 -9.808262
8.955680 -8.860509
6.246286 -15.720361
2.535098 -7.076602
4.771051 -7.447433
4.126621 -7.076932
11.837354 -2.552189
11.389388 -0.762874
11.478159 -1.875991
8.980560 -7.756924
2.248496 -10.994811
1.326141 -10.192397
1.535174 -9.602010
2.933503 -6.378957
4.960341 -6.995901
6.100783 -3.052122
5.801679 -1.289553
6.055898 -2.846981
4.995234 -7.074370
4.110008 -4.569063
8.960773 -9.071895
8.081733 -9.452032
8.840645 -7.868120
12.503515 -7.549535
12.378401 -7.675329
6.764986 -7.902766
3.692322 -7.610846
2.401342 -5.883694
1.544969 -9.328382
1.456504 -7.809602
0.883341 -7.937712
5.438458 -8.083820
2.616776 -13.481192
5.696055 -13.843840
5.575512 -14.540780
4.212562 -13.532424
5.985331 -13.697775
10.087082 -12.835427
7.250660 -13.816476
10.618128 -14.769294
7.404033 -14.155968
8.314047 -12.341613
8.350925 -9.869653
8.418436 -10.048228
8.509697 -7.450552
4.951418 -8.124867
3.312715 -7.254279
2.281959 -8.584311
0.559739 -8.442920
1.800372 -8.998876
0.887135 -9.528962
1.163378 -10.556596
1.099274 -12.272547
4.753354 -13.266395
8.855133 -13.269984
8.987013 -11.530105
8.609707 -9.821844
8.834667 -10.764297
7.978824 -8.299788
3.060004 -14.085485
1.791481 -11.182657
-0.117617 -9.376805
1.732840 -14.249434
2.608866 -10.218762
1.890934 -9.546412
4.989273 -7.430188
1.393210 -8.074203
8.073141 -8.303976
13.076281 -13.457814
12.528934 -14.119422
18.374262 -15.255580
18.860134 -8.876029
14.411584 -8.783478
10.731146 -13.181187
8.843334 -13.457635
9.534043 -16.132879
7.875078 -10.848168
2.508601 -11.788960
6.563905 -7.636303
4.385300 -7.171607
1.812662 -9.701622
3.648619 -6.534016
4.122898 -8.195887
5.881469 -7.849550
2.162812 -8.959328
2.208020 -7.553305
3.436250 -7.963550
2.994841 -8.152330
2.380930 -8.465775
1.280330 -8.678846
1.738437 -9.726075
0.513489 -8.463043
8.134249 -8.552131
3.967201 -7.227913
5.756697 -7.281715
11.273027 -7.003512
13.284458 -6.780699
11.219441 -6.945223
6.422614 -4.106434
8.045871 -7.150277
8.503720 -9.691972
11.791931 -7.526199
9.035394 -7.264944
14.037568 -14.812398
12.947128 -13.486259
18.231079 -12.401361
14.787540 -8.088758
15.894460 -13.762668
13.003582 -13.998488
12.836851 -15.658931
16.268845 -10.043156
14.200246 -14.262618
13.697241 -18.337170
18.701368 -10.897883
