15.778597 -16.334654
12.790036 -18.311916
8.598355 -14.084020
8.813675 -10.358346
8.411422 -9.247643
8.901499 -12.374237
8.214418 -10.477021
9.317995 -11.144141
8.826671 -9.137654
7.844698 -9.808927
8.447357 -12.382433
3.414188 -13.368541
7.016481 -7.779352
5.920382 -7.180462
8.353204 -6.670123
8.973372 -9.298615
12.235493 -6.815080
8.298158 -8.144615
15.356546 -13.738645
9.167948 -16.309668
8.709609 -13.477223
8.618824 -10.269624
5.768241 -7.634257
4.973357 -8.176784
7.343770 -6.827243
5.484801 -7.583152
5.456122 -4.472094
2.746719 -7.322911
5.985208 -6.450757
4.687846 -7.772095
11.419197 -6.804617
12.452286 -5.790959
11.495686 -3.978455
12.049911 -6.856620
11.505032 -7.155028
4.035508 -7.944648
8.190769 -7.330361
-2.556431 -5.050169
-2.316585 -1.064380
-5.194538 3.552978
