10.228529 -19.653948
3.867625 -13.887630
3.972058 -13.363194
0.684887 -16.206785
2.443069 -10.659682
0.502404 -10.359374
2.281674 -12.088627
2.296160 -10.611636
2.325924 -7.884637
6.741944 -7.666052
5.024509 -7.681180
8.285943 -7.974364
8.852199 -10.337337
8.582598 -10.218393
8.708374 -12.277561
8.346462 -7.991191
5.701301 -6.497422
10.454771 -7.766697
6.780833 -7.932364
5.692203 -5.337722
4.785127 -7.597302
10.819437 -7.416418
11.562137 -7.021197
14.156185 -7.314044
10.284725 -7.284376
11.677177 -7.343162
7.792584 -14.546245
6.833297 -14.068768
13.202054 -13.902296
16.933838 -13.781533
11.653963 -5.896532
11.809590 -6.153463
11.348440 -7.163231
17.702465 -11.776836
16.983267 -11.211335
8.506786 -10.349805
9.994411 -7.247836
9.372131 -9.360080
8.996082 -9.383313
8.177155 -9.669147
10.424964 -7.806823
7.987543 -7.915634
3.361053 -6.604094
7.611093 -7.371905
8.893739 -8.821929
9.077760 -9.038852
8.457372 -7.410135
4.254456 -7.391308
5.603032 -6.981209
4.924565 -7.271669
7.259726 -7.941238
0.156836 -9.292802
1.970305 -8.560792
8.258281 -9.382957
8.593001 -9.846944
6.983510 -17.044746
7.205961 -13.357129
5.966374 -13.562896
5.796512 -15.243224
2.781791 -11.338006
3.762444 -14.101855
9.462298 -13.214862
3.594419 -13.592491
8.272964 -12.209898
8.876974 -12.489508
7.936538 -8.889949
8.763976 -9.179501
9.222204 -12.233863
12.114560 -16.393913
11.475435 -13.875218
10.848498 -14.467482
17.250662 -13.991550
14.987890 -11.036953
9.021441 -9.404735
3.011111 -6.774350
4.936603 -3.990111
5.596685 -3.166383
8.216181 -1.095411
7.829109 1.047522
8.013075 -1.269182
9.963907 -0.641931
10.781321 -1.491884
11.443851 -1.841074
12.012287 -2.659530
11.720049 -3.515265
8.249759 -6.822853
6.093231 -7.404589
5.191297 -8.085252
3.943260 -6.126343
5.003563 -5.660779
8.687634 -8.120309
11.283691 -7.243843
11.250547 -7.200999
8.142000 -8.010489
8.699426 -11.726077
8.601625 -12.658277
8.720951 -12.385262
9.237974 -7.855242
0.922729 -8.069161
1.988582 -8.481601
2.856455 -8.094094
1.596377 -9.863389
-0.342770 -11.930099
6.044636 -14.634504
8.111629 -14.041716
8.174987 -11.664022
9.235114 -9.990586
8.914390 -9.148532
8.156060 -7.946000
1.201565 -5.592468
4.772119 -7.189255
6.476423 -7.959786
5.358047 -3.524278
5.564304 -5.928774
5.744549 -4.272407
6.139125 -5.499578
7.345514 -7.586326
6.500471 -6.783406
8.976928 -11.265859
8.728133 -12.624692
2.717225 -10.710586
-1.581035 -15.497227
4.070865 -14.766593
7.095470 -7.193260
4.567168 -7.882031
8.987247 -8.814596
8.377819 -13.469687
8.222379 -10.637166
15.077967 -12.226853
17.020412 -7.221468
8.058133 -8.850301
8.792729 -8.163857
7.381912 -7.561380
5.191935 -5.736034
1.843379 -8.691552
6.826722 -7.349047
7.581119 -7.634843
7.922117 -8.175027
7.007152 -8.077441
4.584030 -6.217631
5.581391 -3.395168
6.286875 -4.089781
5.171675 -7.664525
18.169849 -10.534974
15.097799 -9.832505
15.405956 -11.228002
18.203934 -8.577529
16.985479 -9.518616
16.444069 -5.225317
10.372466 -7.188218
7.889940 -7.980881
5.344141 -7.419075
12.739232 -7.173384
7.608825 -7.493447
9.455045 -7.776098
9.346430 -6.670671
10.374442 -7.462156
9.981952 -6.704850
9.660837 -7.592188
8.866251 -9.317328
8.919625 -10.817073
5.891766 -8.093348
1.395747 -8.485467
1.881426 -8.844893
10.833903 -15.966662
5.985380 -3.287584
2.501592 -8.725751
1.179822 -8.671802
2.565976 -11.698528
0.660543 -10.469238
1.601983 -9.843190
2.260621 -9.865490
2.557460 -11.057605
7.890728 -12.055783
9.342582 -12.526191
5.232150 -7.870722
6.121266 -6.201115
5.234392 -6.910923
7.730580 -7.411022
9.248457 -8.612471
8.108512 -10.018395
8.675897 -9.606017
8.794203 -9.582286
8.674067 -8.468987
7.997519 -7.291473
4.915214 -18.128675
4.687091 -14.376125
6.508286 -13.266397
5.169635 -13.819782
1.033270 -12.769689
1.666153 -13.360969
5.603945 -13.959251
8.058379 -13.439837
3.434644 -14.350709
8.797615 -14.832226
12.251783 -14.342416
15.347808 -12.952704
4.254747 -6.442557
0.046935 -9.404553
8.414592 -12.072775
12.037018 -17.684546
7.952260 -11.378493
9.179853 -9.665952
11.464693 -3.611792
11.752017 -2.055678
11.012678 -0.401550
9.531925 -0.033531
7.639325 -0.126435
8.826487 -0.590705
5.306831 -7.849257
6.083478 -6.595537
3.577372 -6.651541
4.002783 -8.082870
6.924870 -7.580040
6.849107 -7.101397
7.651604 -6.705099
5.908770 -7.582354
7.022558 -7.989967
3.481144 -7.038084
6.174860 -2.519313
5.858188 -6.234709
7.346638 -8.076650
5.534008 -5.918774
7.620803 -7.807347
8.851085 -9.506939
7.975939 -7.680411
0.152956 -8.085647
1.715364 -9.819060
5.208139 -6.464330
5.220016 -6.501417
7.442607 -6.720895
7.036563 -6.687760
8.756304 -7.720859
6.633968 -7.307122
7.466228 -7.980217
6.334562 -5.589279
5.816652 -3.624245
10.221475 -0.217493
10.011643 2.626801
11.942736 -3.048656
8.361721 -1.433251
10.173601 -0.745307
8.414268 -0.375199
8.726426 -0.745838
8.433558 -0.297056
12.346741 -0.747560
11.698287 -5.256226
14.370906 -5.175137
8.353775 -10.356249
8.616023 -10.551572
8.668513 -13.420487
7.913224 -9.379123
8.449607 -7.270876
6.346394 -7.463809
6.422285 -7.903742
4.801480 -7.514310
4.973331 -8.048370
6.415472 -4.670685
6.415059 -1.881947
6.215791 -2.110438
8.803433 -10.429501
9.378591 -9.865235
2.122446 -8.291555
0.208772 -9.073549
10.894756 -13.597740
12.571341 -13.688083
5.008373 -7.904963
2.229074 -7.404429
9.021230 -9.796653
8.288821 -10.051412
8.544230 -10.972355
7.837179 -13.632144
7.273161 -13.889621
2.347801 -13.556556
2.781834 -14.687327
1.232055 -11.230924
0.985059 -8.773750
2.095160 -8.052247
1.850091 -9.101598
0.599968 -7.466720
3.471117 -7.938608
9.133827 -9.285407
8.656756 -10.896898
7.936752 -13.913688
2.549865 -13.213083
4.888164 -14.273912
9.753160 -18.196451
12.561185 -14.383279
9.634665 -12.956450
11.533110 -15.049130
9.577981 -13.820785
8.707300 -13.419531
9.364746 -9.948818
7.592595 -6.708359
8.745390 -7.304279
8.144649 -8.272844
10.367086 -7.351070
12.358995 -6.846935
15.922882 -2.639838
15.333067 -9.058579
16.132551 -9.683208
14.683725 -8.789691
16.313614 -8.820645
15.678490 -13.517932
12.291843 -14.025180
18.875864 -4.924148
13.158584 -4.793549
16.941608 -9.811698
11.175150 -7.444896
12.708200 -13.072948
13.219743 -17.353930
12.772460 -13.884719
5.979935 -7.410283
3.674821 -6.654900
5.462050 -8.003282
9.093153 -8.633861
8.436552 -13.719029
6.576735 -14.072036
8.918954 -10.730830
8.490718 -11.598898
8.110288 -16.918219
12.589314 -13.751796
5.995035 -13.463457
12.145037 -12.942472
12.216841 -6.572557
8.944347 -7.547295
8.232024 -9.961843
7.997205 -9.133748
7.267217 -7.740932
10.492878 -7.667654
4.624574 -5.386394
1.253876 -7.815939
1.793035 -10.261629
9.755465 -6.969362
7.713552 -7.085477
9.135947 -9.772964
4.991625 -8.096055
2.008122 -7.646202
1.923661 -9.996896
2.754320 -7.858006
2.700098 -8.673488
2.428408 -6.600560
6.995403 -7.186560
9.207947 -9.005225
8.147029 -9.609035
9.122274 -12.346391
8.990153 -7.195059
8.296202 -11.992230
9.017380 -14.568809
6.909496 -13.575518
9.233410 -13.171242
8.007522 -12.954257
15.062829 -13.520607
15.405907 -12.743995
16.119404 -14.300982
17.041586 -14.783849
9.077665 -10.414336
8.360515 -10.812974
9.321163 -8.806004
8.028831 -10.717850
7.950394 -11.932448
9.053614 -11.910336
7.383279 -6.651518
7.624663 -6.770350
5.646753 -7.584235
5.720314 -5.061862
5.921325 -4.839475
6.193375 -6.885109
8.066936 -6.911919
9.640417 -7.484782
9.297613 -7.237692
8.859885 0.226489
12.019348 -0.707572
7.949077 -1.016648
8.544343 -8.654994
0.571121 -7.680380
2.474767 -10.476517
5.756971 -8.152526
12.422359 -15.758346
9.710381 -14.341722
8.263503 -7.073742
6.612787 -7.850263
6.579322 -7.913962
5.532518 -7.904289
7.308043 -7.328771
5.551744 -7.352810
10.865128 -7.786485
11.501388 -7.574897
10.004280 -7.464651
10.647370 -7.535339
7.308530 -7.808328
10.706182 -7.785017
2.274436 -5.008574
4.931328 -6.104019
4.040780 -5.008236
9.812946 -13.320989
10.084105 -12.885579
7.028258 -13.512051
9.737855 -13.788886
7.991899 -13.554835
8.702221 -10.450350
8.805214 -8.687253
6.912740 -6.996244
8.139595 -8.236650
8.456018 -10.929530
8.468958 -11.170195
11.715586 -14.680966
9.840212 -13.067237
12.007167 -13.398135
12.757538 -14.302590
5.299525 -15.184031
9.867001 -16.238880
8.281591 -9.670915
7.641751 -8.162639
7.363822 -7.538571
5.539918 -7.353280
8.082827 -7.275628
7.248259 -7.842583
9.324351 -12.068193
2.370921 -10.549831
1.594977 -7.804380
8.760594 -10.464515
8.533860 -10.231738
9.055054 -10.044189
8.680062 -8.318269
7.888059 -10.884055
8.728165 -8.662448
5.936648 -6.964816
4.856760 -7.982017
2.643028 -7.849782
5.780841 -4.633000
3.941528 -4.577652
7.001513 -7.903831
8.114803 -8.137603
8.734808 -9.226254
7.860998 -10.403398
9.417664 -14.227960
2.596820 -15.413512
4.306257 -13.542453
8.069088 -12.689616
11.731173 -15.436972
9.989762 -7.788795
8.381853 -8.261624
8.124995 -8.852885
11.767397 -6.005361
11.891325 -5.168852
16.324060 -10.468690
17.052761 -9.552594
14.296326 -5.967468
8.508776 -8.640793
13.830541 -6.419766
15.053452 -8.245755
9.242374 -9.793217
8.940802 -8.390553
11.796936 -7.090698
9.189066 -8.103532
9.781444 -6.964344
5.394181 -6.951926
4.263598 -6.121372
7.114693 -6.877871
10.678221 -6.661596
8.942207 -7.827470
8.743397 -7.865700
8.144446 -6.834170
8.801844 -9.789032
8.444685 -9.767253
9.002417 -9.842136
8.591362 -7.286998
2.506433 -7.643076
5.310816 -6.795374
4.576015 -6.350482
5.490817 -5.157526
5.498739 -3.990914
4.573021 -2.050906
7.705441 -1.220965
5.307348 -1.266790
6.058644 -5.472681
6.039380 -7.055171
4.690095 -7.752657
5.614902 -7.343821
4.596370 -7.005130
1.885445 -8.650422
2.356952 -8.858352
2.651237 -10.677851
2.218609 -11.683303
0.710167 -8.801176
4.090946 -7.082498
7.096828 -8.023772
7.370179 -16.270353
8.875209 -9.727002
9.763153 -14.967940
8.737213 -9.853765
8.302764 -11.102239
8.377792 -11.119504
8.149334 -9.736214
1.000530 -9.452523
0.724277 -9.436380
2.012391 -11.072034
1.968465 -10.122674
0.089032 -10.671508
-0.420462 -9.138820
0.347377 -12.473975
7.123135 -13.885125
8.501398 -13.688333
7.972548 -12.856586
9.158978 -11.005471
8.881472 -11.357499
9.166517 -11.135273
6.091190 -7.609307
5.347507 -5.957880
3.698155 -6.622876
9.214306 -7.754280
9.176533 -12.061276
8.418886 -6.873804
8.054046 -11.063323
2.975128 -6.989065
2.138108 -7.923172
5.354400 -7.790482
5.611300 -6.704484
8.586960 -7.335150
5.605973 -7.427631
9.123913 -7.914596
7.924469 -7.276695
5.883064 -15.121333
10.140097 -18.068550
14.497908 -10.839081
14.448730 -6.549080
9.361423 -8.439937
8.437012 -9.951493
8.268411 -12.869212
6.994617 -15.642259
16.257782 -13.866806
8.502887 -7.297112
9.128659 -10.958526
8.182361 -8.718249
9.094373 -8.447551
4.237092 -6.531088
4.478788 -6.650421
8.111494 -7.471014
7.740297 -7.767890
5.776217 -7.825427
5.267369 -5.812359
1.722636 -10.396325
2.596321 -9.433129
8.222557 -13.848582
7.205235 -13.924603
6.569821 -7.786404
4.136827 -8.190822
5.782050 -8.011496
7.270551 -7.992727
3.631267 -8.112305
8.023577 -6.669190
8.393669 -8.769110
5.823981 -7.668834
8.234054 -7.274858
4.246239 -7.526577
8.425285 -11.469584
1.950754 -8.566627
-0.290454 -9.543818
3.015011 -6.471608
7.302987 -6.852199
6.410873 -6.692249
6.294915 -4.146659
6.456716 -7.201600
8.189789 -9.453902
8.734535 -12.252288
8.503206 -6.898477
7.775434 -8.154168
13.765747 -3.677051
14.222242 -0.997608
11.712451 -7.761027
12.398727 -6.269074
9.304089 -8.012712
7.463488 -6.929083
8.107670 -8.363272
8.566205 -8.788742
8.296972 -9.632302
8.787891 -10.175164
8.040162 -9.186189
11.947137 -13.491073
14.248941 -12.893946
13.310431 -14.146234
13.262726 -17.199320
18.834166 -16.334105
14.400423 -11.155779
13.079967 -6.309700
5.713774 -6.911881
6.889439 -6.946017
8.227879 -6.950006
10.396830 -0.126704
13.109488 1.356330
10.324345 -0.492938
12.487808 0.758498
2.611222 -9.160737
7.995974 -12.023804
9.814493 -14.373487
7.450613 -6.719290
8.354312 -11.714689
3.960048 -8.093048
6.385485 -5.355595
6.263337 -3.672747
9.278217 -7.182780
9.100075 -10.959623
6.412602 -7.171513
7.118493 -6.823961
10.070842 -7.604544
8.746032 -7.971072
6.882771 -8.066373
11.570141 -6.603495
12.397117 -7.497730
8.723653 -10.152280
8.998655 -12.729856
9.126862 -11.867028
8.817120 -11.088199
7.997795 -8.186465
2.821756 -9.291663
1.170151 -8.244330
2.781928 -10.612979
2.904596 -5.107857
8.117522 -10.205958
9.276505 -8.474341
9.815229 -7.480184
7.858483 -8.430486
4.263165 -7.966489
6.298406 -6.614870
6.893787 -14.174471
8.733211 -11.669471
9.357170 -10.643553
6.390311 -7.567387
5.234428 -7.927702
8.023771 -7.748875
9.013985 -11.021588
8.641447 -10.935470
8.482855 -10.063115
8.529441 -9.366886
8.211122 -7.574486
10.682925 -7.199236
5.383277 -6.898181
6.272732 -4.355737
4.667375 -4.941762
4.235764 -5.255382
5.463551 -8.076747
2.308121 -6.957179
1.709266 -10.105631
2.562441 -9.571620
2.160168 -7.945475
0.993653 -10.310361
9.474723 -15.050748
7.890572 -8.671468
7.962428 -10.583858
4.839194 -7.976262
7.404315 -6.774987
9.870747 -7.304089
6.535150 -7.444829
8.994900 -7.498718
7.960580 -9.044129
8.846893 -9.804118
8.444498 -9.673860
9.253374 -10.051605
8.340219 -12.089133
8.043996 -11.805774
8.284582 -13.834764
11.176253 -13.447021
8.739284 -14.236489
9.158235 -8.789123
8.155025 -7.145686
12.090398 -6.796054
14.169126 -5.796305
13.595304 -7.260985
7.316296 -7.551471
10.322372 -6.828444
9.705132 -7.210945
12.527039 -5.394022
10.148413 -0.036403
10.239371 -0.013285
8.035122 -7.796831
6.723021 -7.009809
8.486859 -7.476380
10.830721 -12.929623
5.970761 -13.487866
7.357880 -14.078575
5.487113 -13.320716
3.444017 -15.399055
9.230968 -13.877762
9.020235 -11.851672
8.663446 -10.819343
7.857196 -12.127955
8.133573 -6.807045
3.451632 -8.200723
3.782631 -7.366187
7.445309 -6.662130
8.291794 -9.289548
8.302443 -8.765191
0.355995 -11.332326
-1.608567 -8.535512
1.326203 -11.022668
1.267269 -10.719291
0.986399 -10.788777
2.509681 -10.943444
4.131383 -13.980532
5.249154 -14.919106
6.641575 -15.185029
4.856256 -14.279393
9.009456 -13.765605
9.580518 -14.884130
8.843109 -9.492240
8.902824 -10.453834
14.731812 -11.167557
14.757942 -9.056146
6.018359 -3.898803
5.905227 -4.361661
4.583520 -5.421607
11.247847 -14.647609
14.980261 -12.328393
15.164766 -12.867537
16.508078 -7.705054
15.720869 -4.525375
14.856639 -11.719420
11.613103 -14.233478
11.119564 -14.311088
9.049696 -10.153302
4.179080 -3.558577
5.587167 -6.188719
6.352351 -4.689313
9.058763 -8.447812
8.729671 -7.272270
16.078005 -13.218633
13.647007 -13.431573
18.859055 -13.320128
10.628712 -13.340554
12.685359 -14.478492
10.569094 -15.799158
9.709465 -13.434752
8.782410 -12.045947
8.461126 -12.907141
8.426751 -9.641033
17.985899 -5.368810
14.168852 -14.650145
15.748842 -16.056242
8.557043 -10.399908
1.157999 -7.814406
1.944299 -7.012733
8.561741 -8.275642
7.621633 -6.762378
9.948315 -7.456803
9.383438 -7.696024
8.751053 -12.214574
2.209548 -10.105606
-0.657716 -10.569294
3.891561 -14.409806
0.060834 -12.618268
2.026237 -11.451053
1.320785 -11.304294
2.023843 -12.135104
2.205772 -9.750205
2.509300 -9.596951
9.262487 -10.913031
9.122107 -9.515941
10.259228 -6.970284
6.682208 -7.126788
9.002754 -8.273831
12.272711 -4.982748
12.044958 -6.849136
7.914083 -8.044005
8.475926 -9.674917
7.635511 -0.790082
7.034101 -0.964198
5.042531 -3.583040
11.922798 -2.899949
6.502051 -8.078617
7.931919 -8.065370
9.313450 -9.700002
8.835567 -7.999903
9.533495 -6.702374
9.483950 -1.132306
9.575663 -1.284026
9.600542 -0.015701
8.439030 -0.519682
9.106208 -0.374802
6.104300 -1.113813
5.119771 -3.808273
2.874647 -6.067958
1.969293 -9.085107
1.977505 -7.718312
4.252967 -7.604268
8.455253 -6.929049
9.179724 -14.207865
12.771213 -15.834568
6.078201 -4.251988
8.191723 -10.072817
9.158711 -9.663830
8.440125 -10.051064
8.402817 -7.971326
8.248236 -9.836871
8.199757 -7.363881
5.453152 -6.534143
9.138560 -8.305176
8.760050 -9.208327
9.301263 -13.262328
6.244548 -5.397632
8.753248 -1.329468
10.423092 -0.075117
6.909899 -0.049119
8.008844 -0.976699
8.121589 0.240570
10.466602 2.863183
10.537320 -0.292207
9.463960 -0.602302
5.090155 -3.674703
5.646596 -4.225665
2.602190 -8.284685
4.601223 -5.046834
6.805982 -6.822199
8.058371 -7.207193
8.504946 -7.273451
7.645766 -7.324047
5.731251 -7.007998
7.337302 -8.059837
9.772268 -7.210308
5.050905 -7.914614
4.896436 -7.664995
2.378987 -7.679482
2.039304 -12.035523
1.957518 -10.621184
1.008874 -8.944702
0.821355 -12.912095
-0.803850 -16.755007
0.208739 -12.347112
9.904788 -13.375214
6.038809 -14.583192
8.709772 -12.825954
11.186102 -12.872634
11.372144 -14.404622
7.857312 -13.618201
9.378798 -10.221621
8.105453 -9.171717
8.206938 -9.055852
8.149600 -7.594062
10.961608 -6.867799
11.461010 -7.592309
8.730234 -9.620079
8.028624 -9.134314
8.377209 -9.127647
9.163851 -11.000838
8.795446 -10.911552
7.315530 -17.288776
13.079974 -15.829640
11.436592 -14.700343
4.314434 -16.066092
0.491543 -9.881955
0.044540 -8.288111
2.441802 -9.508261
1.934793 -8.167860
5.351390 -6.939366
6.217318 -7.711507
7.885000 -9.447528
7.958855 -10.205125
8.702590 -8.221563
8.903347 -12.161636
7.608751 -14.156906
2.553411 -10.149517
0.574316 -10.799157
1.899602 -10.909103
-0.111208 -10.413079
4.615987 -6.193680
1.322948 -7.528011
2.821645 -9.974822
6.628772 -15.035165
4.685446 -14.522871
9.643728 -14.813537
8.469069 -11.132300
9.131608 -9.847154
8.295547 -8.948385
8.696304 -10.663910
8.175795 -10.282138
9.032486 -15.678807
5.106812 -15.179040
6.777627 -14.140638
6.262599 -13.859317
4.742934 -16.179699
3.894469 -18.818810
1.081593 -11.532054
1.314862 -12.099690
2.536820 -10.171884
2.605579 -11.372850
2.700932 -8.504151
0.845531 -9.078330
-0.547961 -8.702231
0.433734 -9.899968
1.924063 -9.060973
-0.802028 -9.779617
1.801304 -10.379580
6.871555 -7.798111
7.214482 -7.046351
8.574626 -11.252973
6.852468 -16.157814
-1.791164 -11.718682
-1.061919 -11.049119
-1.507492 -11.349639
1.966868 -9.558718
2.100721 -10.893878
0.563929 -10.593772
0.758652 -10.531852
2.295218 -10.528306
-0.319846 -10.655927
0.285891 -10.092503
2.271939 -7.182386
1.767990 -8.869970
2.234881 -11.990342
5.881520 -13.388696
8.227101 -12.533633
7.841003 -9.144881
8.104529 -8.932553
8.281810 -8.909572
8.391971 -12.311117
8.066185 -10.101113
6.283235 -7.975006
4.643553 -8.020979
6.055210 -6.765728
6.259469 -6.782651
4.402211 -7.334788
5.137893 -4.480849
5.701159 -6.700143
5.585209 -7.486132
2.323336 -8.650039
1.660932 -8.208428
2.458277 -10.522726
3.197757 -14.984496
3.985185 -13.334264
5.435209 -13.284472
7.355507 -13.880057
8.150587 -14.913444
8.768496 -11.805285
8.229017 -14.174739
4.661504 -13.567675
-0.715032 -14.040595
-0.649685 -10.997413
0.149025 -10.208060
2.183063 -9.234545
2.466813 -11.086647
2.579803 -9.011504
0.473969 -12.548873
2.010021 -11.065076
2.418913 -9.643094
1.939485 -10.251638
2.455128 -9.555758
5.370014 -6.295743
1.219929 -7.386418
1.372082 -9.781453
2.013049 -6.500415
1.905979 -8.037150
5.510433 -7.837382
8.892144 -8.267709
5.258838 -7.135708
4.821884 -6.785743
5.739127 -5.889737
6.344808 -6.245015
8.929957 -9.649972
8.872145 -8.084378
8.212651 -6.854953
9.010611 -9.025159
9.718918 -6.701283
7.802207 -7.080273
2.833323 -5.928769
5.840931 -6.334014
6.791223 -6.971738
9.233781 -6.913398
9.243413 -8.438623
7.980884 -6.811285
8.977338 -12.353166
8.306387 -10.981592
7.278368 -7.055451
4.781621 -5.589765
9.329489 -7.650114
8.300461 -9.466712
9.381494 -8.804132
7.541187 -7.399550
14.266994 -5.002718
11.758262 -5.327913
9.787094 -1.022619
8.283616 -9.056886
8.646236 -10.501915
11.406515 -14.260425
10.282456 -15.343490
12.049824 -13.474511
15.298481 -11.081622
12.966236 -15.272555
9.632953 -13.185289
9.772144 -7.236846
7.721795 -7.779049
10.493072 -6.830935
9.674755 -7.784200
8.072298 -9.364630
4.547516 -6.272159
4.926572 -6.555781
6.236718 -5.987571
6.073030 -4.279364
4.307445 -6.304856
6.371274 -4.709630
6.303091 -6.556526
3.514891 -7.001716
3.314279 -7.718831
6.363993 -7.580468
1.059516 -4.235048
4.249640 -5.929965
7.399683 -7.123796
9.180377 -9.979890
14.371315 -13.421777
14.745707 -5.203287
15.403755 -10.212966
7.082161 -13.638691
8.423422 -11.515690
9.053698 -11.565685
8.745333 -12.560103
8.087471 -8.934400
7.869310 -8.833724
8.742694 -9.028666
7.192967 -7.562618
2.862542 -7.210620
3.882199 -7.423825
1.912424 -9.776208
2.149171 -12.854826
8.592026 -7.197028
4.908745 -7.027433
8.678164 -12.127894
8.042415 -11.468371
12.018436 -15.776397
9.555235 -12.948627
7.147573 -13.404346
8.144113 -14.610737
5.690403 -7.106783
6.731873 -7.714151
3.138920 -7.245680
8.704651 -11.925936
7.748617 -7.344561
14.834342 -12.051590
17.247684 -18.949970
15.227029 -11.597692
15.388755 -8.659389
14.729423 -8.722135
9.205515 -12.658996
9.288447 -10.385837
9.146087 -10.229453
7.261347 -8.001858
8.794100 -8.084755
8.751550 -9.911479
8.405100 -10.065528
8.392870 -8.015594
5.964736 -8.178399
8.894830 -8.122779
8.037772 -10.090557
9.299196 -11.532960
8.698825 -13.403651
10.114439 -13.513219
12.694738 -14.152553
18.565632 -13.027480
15.049677 -9.292545
16.042898 -11.751861
17.734711 -14.307817
19.390999 -7.046494
10.042316 -7.558486
9.007420 -8.734807
8.400528 -7.853625
4.484858 -8.126480
9.295774 -9.831388
8.209939 -8.869239
8.257885 -9.142438
11.399794 -7.314718
14.602579 -10.114093
15.456766 -14.600414
13.659515 -13.107065
13.655399 -14.564458
15.951321 -9.489891
14.606214 -10.514318
14.674448 -9.036716
13.406870 -6.627247
12.781586 -5.908186
16.823019 -12.113825
14.425836 -10.133145
19.583355 -19.714502
15.524961 -14.650779
12.920570 -7.579464
14.246625 -4.774300
4.841277 -3.950125
3.858612 -1.266244
6.051771 -3.276966
6.721221 -7.418372
9.548297 -7.268412
10.833414 -6.705221
8.729584 -11.379652
7.922865 -12.796846
9.637100 -6.827027
12.180783 -16.095646
9.403578 -13.597459
1.253678 -11.646682
-0.518341 -8.790593
2.410288 -9.491362
13.823503 -13.892433
19.190760 -11.883250
9.921072 -13.728614
9.736713 -14.163478
11.663879 -12.863853
15.542126 -13.428315
6.011941 -7.396925
5.578678 -8.083419
2.139442 -12.759837
2.208996 -12.753764
2.635684 -12.015693
1.736549 -9.275451
1.483071 -11.171262
8.774560 -10.603996
8.131697 -11.961765
11.844378 -14.590943
10.153276 -13.604289
1.891002 -10.023065
6.814585 -13.342579
2.460974 -8.960021
1.806023 -11.559430
7.975639 -8.684150
8.865183 -7.759293
8.914995 -9.292142
8.260409 -9.498742
8.779932 -9.906091
15.892193 -10.025641
15.067650 -11.347610
17.457905 -15.735703
17.295122 -17.693872
14.695913 -12.672540
14.134570 -15.864102
11.447432 -12.935661
8.868042 -11.195644
8.225129 -8.266026
7.350336 -7.619364
3.934926 -4.625569
4.732672 -3.987881
2.522998 -6.684255
5.567170 -5.591800
1.366342 -7.878590
2.268689 -12.999835
0.570258 -10.958705
2.248532 -9.045397
1.680581 -6.579372
3.317629 -7.754493
6.123277 -6.620496
8.188083 -8.239543
7.016277 -7.087741
8.251317 -8.606261
8.581244 -11.566682
9.021352 -12.324823
8.143925 -12.989760
5.856451 -15.036836
-1.574329 -12.135280
2.610083 -12.829616
0.879120 -10.960958
1.603303 -12.537671
2.574090 -14.765504
2.856333 -16.063036
4.321563 -13.302752
-0.650796 -13.528784
3.429625 -15.760584
5.162198 -14.815207
6.397437 -13.744508
1.669362 -9.131347
1.843647 -11.951231
1.472257 -12.136604
0.803792 -10.819269
2.607121 -8.317830
0.053501 -10.177215
-0.152518 -6.350952
-0.152885 -7.782012
2.592274 -9.309781
2.521885 -10.035855
1.497099 -7.998998
3.351165 -7.379825
5.918717 -5.885159
5.798982 -7.692507
7.467695 -7.749013
9.296446 -9.089975
8.076741 -12.103726
12.237659 -16.435787
11.788297 -13.812205
11.146729 -15.694589
11.586658 -19.741961
9.310954 -12.638171
8.320850 -9.329967
9.355270 -9.259240
9.280048 -10.271472
8.023712 -10.458218
8.727655 -13.559182
13.108591 -13.564425
15.659280 -12.133163
14.949419 -11.026520
16.952930 -7.265741
14.912592 -8.764463
9.669055 -6.845520
8.780684 -8.639770
9.184449 -10.013289
10.492613 -7.280440
11.515457 -5.433068
6.979486 -7.621491
4.810740 -7.676549
6.168436 -5.224334
4.462302 -4.759316
5.857986 -2.176067
6.044720 -0.700338
7.158797 -1.375897
7.223663 -0.924232
8.179729 -1.296251
5.014913 -3.463337
6.250629 -7.115911
8.041038 -11.078218
6.406257 -6.016217
5.072425 -7.629451
4.090016 -7.864801
0.789071 -7.715450
0.384891 -8.626469
8.467805 -14.727927
7.930265 -12.423086
8.356874 -10.657968
16.179373 -11.202958
14.564104 -9.546106
11.217157 -7.527374
10.433771 -7.409191
6.469905 -7.282691
5.164093 -6.122390
4.961371 -3.458828
6.028603 -4.935158
-3.873478 9.315909
-5.311349 13.584191
