11.955413 -3.832982
11.446615 -3.020095
11.495066 -0.832549
11.981687 -3.357715
11.736973 -2.840026
16.189548 -0.355485
11.344523 1.265272
2.632919 -2.921474
2.314093 -4.457243
6.159023 -6.637955
5.410482 -7.570972
8.369031 -6.861198
4.475617 -7.544611
4.403260 -6.230132
8.989779 -8.617057
9.050682 -10.472604
9.370826 -9.205174
8.092371 -8.806342
6.669423 -7.573826
5.821404 -4.966588
2.220290 -9.252698
-0.131586 -7.512209
4.181660 -7.408536
2.231140 -8.231271
-1.199385 -9.475228
-0.281910 -8.444581
3.342667 -8.130108
1.218958 -6.500592
1.716449 -8.346443
1.731925 -8.081211
1.290403 -10.917241
0.974855 -5.741890
2.260351 -4.789901
4.291290 -7.652329
9.197065 -9.181796
9.345077 -9.761113
8.658968 -9.018624
7.261877 -13.596045
8.855421 -14.242075
9.136814 -14.362509
2.125022 -12.394336
1.433063 -12.533362
5.094477 -14.188097
8.102792 -9.870904
7.950919 -14.351378
7.918407 -10.366363
6.909665 -15.585475
12.202088 -14.154263
8.462860 -11.948524
8.155946 -10.798535
2.822709 -10.846766
-2.725049 -8.110404
0.680496 -7.624095
1.905105 -9.131760
3.115436 -7.571481
1.054386 -7.815627
6.943910 -13.383668
5.552205 -8.039579
4.375605 -7.652731
8.281763 -8.588771
8.184305 -10.647393
6.516371 -6.917113
6.811822 -6.867376
3.040157 -4.697643
6.897689 -8.146983
8.266835 -9.493688
8.782957 -12.262546
7.501817 -8.108940
7.011135 -7.928472
6.114971 -6.466716
6.779493 -7.618969
3.742303 -5.564148
1.887811 -7.301198
0.343939 -8.431055
1.027372 -8.483302
2.549739 -9.783123
2.022150 -7.474882
0.351807 -8.175324
16.981024 -7.014527
16.680658 -5.048544
13.309537 -7.380910
10.780918 -6.976399
8.016358 -8.199008
8.687667 -12.297443
7.891795 -14.746921
5.764540 -14.510787
8.133867 -13.249943
11.548124 -16.053230
8.412849 -11.830586
9.385950 -10.494237
8.338472 -12.173592
8.552557 -13.063525
13.493918 -13.321044
11.003959 -12.916403
11.917241 -18.264530
11.061287 -14.159451
11.031664 -13.193512
9.047569 -10.171051
9.425345 -6.732565
12.790761 -7.790607
11.700507 -6.191777
8.591503 -12.523429
15.181309 -14.055888
14.848606 -12.512870
11.497677 -17.964895
8.573766 -13.996528
8.912074 -8.032714
8.820825 -12.172925
8.459357 -10.493634
9.235342 -11.131691
1.041870 -18.762669
-1.518366 -14.903548
11.832537 -16.306231
10.453698 -13.474593
14.802842 -7.336817
13.152380 -6.375214
8.705514 -11.345037
1.444688 -8.614659
2.598815 -9.276730
6.904189 -7.189548
6.232660 -7.891868
1.318665 -9.945313
2.384520 -8.794350
1.164576 -9.300764
1.862792 -10.015903
2.613770 -11.178660
0.681477 -13.024421
-1.026316 -12.594935
5.875959 -13.727954
6.466137 -14.686360
6.809851 -13.220529
7.099922 -13.989387
5.999347 -5.229759
6.381186 -7.132367
5.805066 -7.553505
6.294033 -7.831619
1.776675 -11.395511
9.272569 -10.182141
7.861646 -7.915288
6.321795 -7.330058
0.938378 -10.465533
1.358074 -10.891734
2.058582 -11.305476
0.859454 -9.451388
2.041548 -9.104060
1.590671 -10.376524
6.829159 -7.757219
5.951742 -7.501770
3.552618 -7.950057
5.078468 -6.873812
7.891062 -7.458698
8.237765 -11.383082
8.315080 -9.045390
8.758571 -12.841205
6.994413 -13.632128
3.039373 -7.391536
2.145672 -10.793754
1.569207 -10.492131
2.777775 -12.720159
2.797864 -9.337457
0.473219 -8.653029
4.082841 -6.948349
6.256021 -4.555594
4.589332 -3.345445
0.734272 -5.675476
6.651271 -6.761430
8.415082 -7.503375
5.431390 -8.174701
5.521089 -5.851649
5.621584 -5.116664
4.766780 -2.956550
6.390711 -0.625683
5.395116 -3.227588
6.680494 -0.996591
9.444082 -1.102960
10.584972 -1.579502
9.167797 1.023496
8.660991 -0.712506
10.624104 -0.372768
10.354105 -0.939574
10.082375 -1.453393
8.475393 -0.630000
6.809679 -1.607055
7.810770 -0.834687
4.750177 -6.730156
5.893306 -6.182311
6.209804 -8.121284
8.953721 -7.197557
10.474219 -7.270183
10.571909 -7.316594
4.651155 -5.603552
6.151194 -1.077665
8.056673 -1.251897
17.807617 1.795235
14.772224 -2.316377
12.645712 -5.465417
12.214725 -4.268662
11.910191 -3.994839
11.608730 -1.034466
10.045727 -0.763565
9.879454 -1.378977
10.823847 1.345050
8.628010 0.191545
9.235521 -1.602737
10.706212 -0.950551
15.218176 -4.556680
12.152298 -5.732503
11.668711 -6.516401
8.359371 -8.877532
5.829327 -7.792159
7.449472 -7.500885
16.181204 -13.022407
8.939190 -8.756904
8.690657 -8.594654
8.418654 -6.951835
13.736034 -7.164062
14.449200 -4.613498
11.054193 -0.365737
9.272501 -1.269178
8.112386 -0.475722
8.815886 -1.519130
8.815177 -8.211564
6.177863 -6.381884
5.825244 -4.342749
6.291268 -6.256315
13.359859 -7.211308
16.973520 -6.839779
13.039406 -4.629276
11.226752 2.209964
11.644588 -2.891784
11.140920 -0.584931
8.579496 -0.448751
6.619242 -7.919044
7.795712 -7.859688
11.721821 -7.515220
11.403475 -7.368037
8.767814 -6.787173
7.771478 -6.945924
8.645412 -8.340785
13.832531 -6.888536
11.496071 -4.090434
8.534794 -11.704486
0.703611 -13.451394
0.676074 -12.016084
0.329304 -8.587289
5.480783 -14.163779
1.033025 -17.259203
1.506615 -11.980432
1.820404 -10.170970
2.534449 -11.697000
0.913068 -13.163245
3.765331 -13.975657
1.479647 -8.186122
3.664461 -7.234468
4.004059 -7.205828
5.090566 -8.044763
4.446158 -6.781200
6.032228 -4.731794
5.547287 -4.636447
3.838004 -5.042963
6.363391 -2.736496
9.045918 -0.917145
9.953513 -1.530951
9.430407 -7.168504
2.781541 -10.112176
2.493617 -8.969898
9.003315 -7.761375
0.477472 -10.955167
0.358161 -10.755171
0.445341 -9.330132
0.427444 -10.255624
6.704444 -13.989715
5.184029 -8.007672
9.371230 -11.813447
13.441295 -3.526188
15.374866 -1.811455
14.782927 -3.692652
14.153864 -6.281437
12.921995 -6.500879
16.932173 -17.674685
15.207842 -14.239736
17.522802 -12.664493
14.829833 -12.277795
13.928994 -5.811267
15.468750 -9.073646
12.058995 -5.176319
13.872464 -5.582634
9.445566 -7.537868
7.892301 -7.573305
9.886875 -7.196895
8.516816 -8.282457
7.055779 -6.793231
8.209868 -7.687288
9.594748 -7.143888
-0.612903 -7.816093
0.839525 -8.306334
-1.938282 -9.225637
1.121406 -10.302194
-2.368206 -14.685770
10.393160 -14.109677
12.529011 -15.195979
10.876861 -17.266367
9.410184 -14.280282
5.642140 -5.911751
3.087909 -8.011982
6.864792 -6.646698
6.262122 -8.078792
6.074558 -7.974226
7.023021 -7.846241
14.716902 -5.774567
14.510434 -6.028102
10.030044 -7.533102
7.639479 -1.499626
8.622267 -0.813036
8.433133 -0.614387
8.209027 -0.358821
7.945311 0.111988
5.921895 -3.132339
4.477446 -4.800496
6.208280 -5.673460
2.010180 -8.500166
2.330873 -7.286917
2.098603 -9.194976
1.800805 -10.446683
0.139707 -9.511059
4.938434 -7.968329
7.902106 -7.628598
4.757515 -8.159890
8.382606 -6.695044
3.507747 -7.591879
-0.359619 -9.733874
8.602167 -10.987149
8.188778 -8.529284
12.075961 -6.021583
12.147820 -5.840939
9.543847 -1.263259
13.923473 -7.384622
11.628086 -4.921964
8.878269 -8.220351
9.210872 -8.764728
7.843045 -8.236954
8.445067 -10.045485
8.828953 -9.606345
8.296407 -8.226470
9.026608 -12.922711
11.153503 -15.085342
15.901707 -14.642375
8.918786 -15.921237
9.314146 -9.038501
7.501486 -7.581555
3.364886 -6.259221
1.825050 -9.558822
1.535070 -9.688399
0.507040 -8.594087
1.207780 -7.769463
4.489409 -8.008513
6.859392 -7.354562
5.682810 -5.815894
5.408203 -4.963643
5.198812 -8.097978
7.622425 -8.065392
11.091063 -7.469156
10.141001 -6.697374
12.180845 -5.454207
7.907997 -9.754004
11.601999 -1.590591
12.229569 -4.013216
15.313771 -10.482976
14.103316 -5.491176
11.903608 -4.255666
13.467080 -5.295755
8.357348 -11.281579
5.878035 -7.158107
6.747295 -6.997994
7.869495 -8.109793
13.550717 -13.299824
11.279858 -14.878864
-1.146918 -11.135802
0.314957 -11.032349
8.120864 -7.706852
8.966867 -9.820783
9.230140 -11.972011
8.625393 -13.422773
2.772983 -12.661506
1.797577 -10.024570
-2.619223 -14.495553
-4.956780 -11.677471
7.977469 -11.242283
8.807423 -10.911095
9.349486 -7.095050
10.457236 -6.787296
12.423294 -7.337935
10.207538 -7.387234
10.195273 -7.381085
18.103405 -13.211067
13.096253 -13.110010
6.890067 -8.041986
8.356361 -10.602276
7.893369 -8.102105
11.493208 -7.041173
8.592685 -6.656960
11.665381 -6.603450
10.864670 -7.335052
10.821371 -7.601065
8.867886 -7.736765
7.440955 -7.772633
8.976989 -8.130013
8.917600 -10.529257
9.955812 -13.942163
11.257765 -13.477612
13.209930 -17.895853
12.287842 -13.866433
4.636149 -7.271324
4.571733 -5.991839
4.558255 -6.416114
8.240175 -7.331669
10.581149 -6.670710
15.037949 -8.962266
9.320837 -10.238732
7.591417 -6.818170
8.074506 -7.363649
8.023973 -10.512867
3.662963 -6.449065
3.013762 -6.136072
8.692421 -12.000907
2.343705 -10.375456
2.467346 -10.691802
8.293436 -10.834722
5.615347 -8.025320
6.054228 -4.635495
6.802615 -8.191754
8.589766 -9.321824
6.088840 -7.103401
0.182965 -12.635945
0.250801 -14.174157
2.236896 -8.657217
4.376560 -6.349841
4.941809 -6.952621
4.521018 -7.605710
6.342171 -7.504948
1.972710 -7.385157
2.451508 -9.067839
0.754614 -9.090339
-0.413926 -14.187537
1.479527 -10.342368
2.815148 -10.653407
1.956933 -11.209237
2.431294 -9.521377
-0.446891 -11.573363
1.081054 -10.195760
2.220323 -10.724982
-0.160406 -11.127805
1.172350 -11.397046
1.670353 -8.107397
5.166204 -7.340011
6.369764 -7.736955
3.724742 -8.006718
2.224357 -7.799800
2.438686 -8.978549
1.461018 -10.151704
1.566169 -10.618575
-2.112514 -7.674207
4.318845 -6.918835
2.202584 -9.681994
2.789714 -10.170974
2.140149 -9.637499
1.225453 -6.478771
2.282439 -9.703439
2.369598 -13.780063
7.241278 -15.723623
7.749600 -16.509480
8.200589 -11.673802
7.628934 -14.261647
9.024943 -15.296211
8.517990 -10.900708
8.601660 -7.932863
4.799300 -7.462080
3.009483 -6.749493
-1.359522 -10.788226
0.128856 -9.716323
0.954662 -8.134835
6.475892 -7.662961
5.421144 -6.781794
8.507630 -7.930471
5.412667 -8.155658
7.207145 -7.451042
4.413042 -7.678514
4.266953 -6.041450
5.958908 -8.049812
5.794113 -8.119833
5.965169 -5.827264
3.506296 -3.624518
5.872492 -5.363793
9.147745 -9.858066
7.947248 -10.903665
3.695571 -5.784971
3.598309 -5.864746
5.533024 -7.132364
6.766164 -7.288982
9.312050 -6.863709
8.552750 -8.221790
8.015232 -7.746059
6.794550 -7.088036
8.766939 -8.609998
6.071685 -3.504867
3.527035 -1.448191
2.838305 -3.445988
4.323624 -8.177670
6.933756 -7.951522
8.203617 -7.299381
13.450302 -7.804999
9.006587 -6.799983
8.033068 -12.428190
8.376497 -14.639483
6.071491 -15.168916
-4.956182 -15.554891
-0.904697 -15.161876
-1.582623 -15.993794
2.962206 -14.859956
2.406818 -10.345370
2.390042 -10.230130
1.857365 -12.684432
3.375872 -14.181917
7.855788 -10.706352
8.475523 -10.950833
8.495341 -11.580499
9.569710 -13.223097
9.712783 -14.710975
9.033299 -15.153014
6.806571 -14.937877
13.251887 -13.870822
14.153261 -14.120824
13.337204 -14.179620
12.945789 -15.618758
15.955806 -17.079525
8.674420 -10.199087
8.234332 -9.782857
8.065186 -10.173142
8.351697 -9.501725
8.856863 -8.486862
4.192149 -5.016051
3.795937 -6.108883
3.990347 -7.583803
4.494917 -7.807858
1.755011 -10.270158
1.955819 -12.208468
2.339577 -9.274805
2.805537 -10.557351
2.594680 -6.390812
4.934303 -6.292666
4.857445 -6.421857
4.305819 -7.875683
2.763850 -10.461108
9.033327 -8.466463
2.779008 -5.070943
8.726030 -10.845712
8.497168 -11.433917
8.487243 -12.274365
8.414179 -8.738102
8.768944 -7.874162
10.648069 -7.272752
5.087937 -13.838578
6.655638 -13.592767
10.273372 -13.591144
8.543806 -14.555291
8.924720 -9.991774
8.233370 -7.185195
9.358268 -8.895273
3.919327 -13.376672
0.428091 -9.382482
2.628765 -8.826329
8.935406 -7.850469
14.070870 -7.191989
9.170680 -7.322781
12.191970 -7.800471
1.111786 -7.708493
4.445652 -7.569633
2.810750 -11.072564
2.684970 -9.676454
0.524507 -8.794026
4.949119 -6.835523
4.192431 -7.901895
2.706846 -7.635295
2.645593 -10.270719
1.347586 -9.616799
2.711584 -8.372554
2.602432 -10.646410
5.451381 -8.099304
9.153716 -9.791150
8.101678 -8.674080
6.665874 -7.805478
5.410737 -6.753485
6.007229 -4.637082
8.982129 -9.200941
6.393743 -8.084802
6.226126 -7.897190
6.413486 -4.994817
5.058335 -4.917848
8.631489 -6.764822
9.378474 -6.716639
6.100707 -7.199789
3.147560 -6.460160
3.929700 -3.512406
4.368075 -5.557829
5.397505 -7.498073
7.391911 -6.977234
7.169149 -7.422716
10.313341 -7.119336
8.078311 -11.438039
8.848454 -13.790094
10.850840 -6.790932
8.802771 -10.195335
8.645955 -8.754773
9.173939 -10.703321
8.311174 -7.651492
6.317464 -7.677017
6.705461 -7.671086
5.335911 -6.869619
7.844179 -7.536909
8.533726 -9.446710
8.501760 -8.659390
8.075715 -7.818431
5.997175 -6.797761
7.724187 -6.682796
9.218344 -6.930211
10.129004 -7.179645
8.335888 -7.923300
8.164127 -6.983587
8.388544 -7.672560
4.540845 -6.562257
1.791233 -8.878121
2.344806 -11.415187
2.642528 -9.905175
2.598713 -12.897483
0.135446 -11.360915
-1.485949 -10.265035
-1.147064 -10.176745
0.680101 -8.946188
2.530863 -13.153056
2.098683 -11.046698
2.566780 -9.057984
1.183576 -9.490624
2.605600 -6.688362
6.051182 -8.049950
6.036755 -6.741954
6.318222 -6.939051
7.843532 -8.683409
7.290212 -8.053124
6.401323 -7.132146
2.615231 -9.241397
8.585634 -14.178746
8.433055 -10.423091
6.543310 -13.258479
6.699901 -13.419482
4.071941 -14.962596
5.840169 -17.628929
8.584499 -11.805243
8.178262 -11.647193
8.498192 -8.869054
8.426145 -10.146405
8.164331 -9.652339
8.113368 -8.204947
5.223488 -5.159698
4.633128 -5.080115
5.430255 -7.254520
4.036713 -7.747356
3.267650 -8.125862
2.193618 -12.430182
2.423444 -10.921193
2.830580 -9.366365
2.762537 -10.368026
3.029146 -6.057046
2.798419 -8.112648
8.181027 -12.007954
9.152429 -7.027945
1.700451 -5.335391
2.262767 -11.355414
2.550652 -10.152888
0.740439 -9.781745
1.035131 -11.100932
2.736253 -8.652421
6.047779 -6.277006
5.647143 -5.487806
9.899632 -7.477757
8.328644 -7.587594
9.067938 -9.259168
8.866188 -7.139046
9.217432 -10.919655
7.169587 -14.711594
5.222284 -14.003766
7.633544 -13.522479
8.523540 -12.720063
13.903351 -16.246202
16.235043 -12.508348
15.806540 -13.446014
18.567907 -11.370666
15.533506 -9.113044
13.279444 -7.712978
8.954242 -12.044759
8.837849 -8.416193
7.312981 -6.820245
9.297413 -12.564368
8.398584 -8.401955
8.791196 -8.852670
9.386442 -12.145632
8.471506 -14.028354
15.827222 -15.517985
13.197294 -14.350410
9.224586 -9.597751
8.823542 -8.767516
10.735241 -7.740166
10.685230 -13.813048
11.040460 -14.160071
8.906403 -13.039582
9.261200 -7.973114
8.854237 -7.236016
10.405518 -6.759215
6.761746 -7.986376
6.224849 -4.616239
9.831674 -7.080000
12.244073 -5.866871
12.767198 -6.270267
17.189116 -15.944935
16.591648 -13.910017
11.857381 -14.217974
12.177520 -14.817109
16.539528 -17.259293
2.671463 -11.647888
8.461461 -8.435853
7.116373 -7.046269
6.224917 -1.664991
4.988034 0.106096
4.157488 -0.528001
7.127647 -8.156113
4.838999 -7.641128
8.561659 -11.201978
9.087300 -11.646939
9.366442 -9.933326
8.348580 -8.242043
8.338946 -7.288737
8.937696 -8.264581
6.728214 -7.519924
6.010702 -6.520923
6.232676 -3.618627
5.496015 -7.137509
5.365629 -6.045638
3.485850 -6.239852
2.063680 -9.418304
1.416978 -8.501504
5.134666 -4.591123
6.625264 -8.011395
7.361618 -6.899974
4.544596 -7.163348
6.519280 -6.930831
5.423872 -7.318229
1.584036 -7.791688
2.461392 -9.320477
1.968307 -10.515227
2.192593 -8.956491
0.508527 -10.554708
0.410540 -9.772481
2.292353 -10.938849
4.761438 -5.165591
6.422312 -7.411909
3.225100 -6.894799
1.468777 -9.917210
2.095962 -12.292470
2.228836 -11.330110
0.372239 -10.554082
-0.697822 -8.842904
6.905733 -7.322005
5.511852 -8.028057
9.426286 -7.673329
8.418598 -8.168934
8.743236 -9.427930
7.799694 -13.553019
8.332831 -9.445601
9.339460 -11.190424
8.851534 -11.494018
9.195106 -12.877290
11.024107 -13.528581
8.057448 -9.174615
0.949655 -8.990250
2.307282 -9.622491
1.223907 -12.672686
2.495911 -11.957992
3.467357 -13.596919
3.913812 -7.243213
8.280737 -9.840917
8.222409 -9.611505
8.208091 -7.675762
2.921227 -6.457095
0.435585 -8.652349
6.653991 -7.264283
8.971829 -7.934692
6.316611 -7.106875
7.990613 -7.470916
7.848070 -7.398462
5.895253 -7.489496
7.353040 -7.904833
9.334710 -7.074680
4.317228 -6.889939
5.599483 -8.127730
7.165668 -7.625946
13.416000 -17.833239
10.094123 -15.402853
5.878634 -14.470450
8.060881 -7.379726
11.350017 -13.163569
8.361744 -10.665998
9.307425 -11.478745
8.244280 -7.720566
7.202120 -8.130373
5.187383 -5.475824
5.552512 -7.605054
3.955074 -8.106367
4.172186 -7.583586
7.940777 -6.678331
10.432955 -7.729455
5.360803 -6.586146
2.747221 -8.067947
1.456448 -10.623466
-0.442903 -10.345415
-1.833233 -11.372804
-3.008602 -11.071818
2.881608 -6.560175
6.251080 -1.805053
4.979785 -0.859369
6.406156 -2.706109
5.686003 -3.290910
5.289152 -6.012348
6.049835 -3.954955
5.999819 -2.944261
6.265319 -5.334394
4.743035 -7.745285
-10.283293 -9.267769
-17.031139 -12.195341
-17.635397 -13.002843
