19.012636 -6.547168
11.687470 -3.832191
13.157133 -7.367635
7.998728 -6.698817
8.672404 -7.779691
6.145866 -7.119642
7.447253 -6.909459
9.256750 -9.530235
8.443659 -9.760634
8.902017 -9.819210
9.032839 -9.584398
9.151220 -9.755150
7.015451 -6.870992
9.770947 -7.109799
9.843956 -6.929821
8.157248 -9.557214
8.779068 -9.331657
2.832138 -8.800660
1.250438 -10.219127
5.328179 -7.600480
5.573469 -8.128694
4.893380 -7.374333
-0.721643 -9.030432
1.458927 -9.522391
2.255825 -9.193547
1.176622 -10.592403
-0.997915 -9.623075
9.462664 -16.843540
8.640245 -12.026801
8.774809 -13.085889
4.399448 -13.937236
-0.286008 -9.444432
1.229660 -9.394504
1.249306 -8.512841
7.769997 -7.724203
8.122696 -9.482512
8.693155 -7.246711
6.179804 -6.878969
8.176893 -6.943224
8.737273 -7.430635
9.253185 -11.290339
6.435968 -7.578738
10.629644 -6.763216
8.113802 0.411424
7.995301 -1.181081
9.194968 -8.434019
9.943862 -13.315882
15.727825 -10.255675
15.178457 -9.402125
15.828993 -8.908000
14.871655 -8.514323
6.566195 -8.154078
9.413447 -7.808680
9.009630 -10.940368
8.255551 -8.039292
7.903284 -11.469872
8.547730 -7.832710
4.383873 -15.438148
2.332837 -16.037615
8.285075 -11.257377
8.855332 -12.445593
5.445003 -13.355450
5.200440 -14.499309
13.729937 -14.137639
17.988945 -11.037145
13.346144 -14.688362
1.970713 -8.601478
3.413981 -6.569041
7.102985 -7.814247
5.201192 -6.805425
5.425828 -5.705778
14.181539 -17.337713
8.353969 -11.668294
7.128694 -7.589254
6.911936 -7.904479
5.376281 -6.138381
5.347048 -3.022251
1.980839 -11.308739
8.230837 -12.674085
4.709780 -14.716812
9.129995 -9.637930
7.986966 -11.451858
8.035431 -9.973063
8.586877 -17.003580
14.333855 -15.986123
9.033785 -12.605315
11.035153 -19.758913
9.821346 -12.850998
3.919936 -8.082042
6.962784 -8.059199
7.961592 -7.863237
2.381671 -7.218202
-1.252948 -9.189603
1.046296 -8.515158
1.993648 -8.832702
3.552922 -7.042418
5.481247 -7.850353
6.284277 -8.146817
5.691983 -4.805409
4.873232 -6.516551
1.523708 -8.024280
1.514824 -8.897150
1.998292 -12.735999
0.455712 -15.442367
10.215826 -14.634234
9.010793 -13.124763
8.480429 -10.311468
7.962092 -9.576153
8.066207 -11.584626
8.412292 -11.863250
8.094633 -10.381122
9.092731 -15.909387
10.086576 -12.936236
4.098356 -14.375608
2.566579 -16.534090
3.088053 -16.416037
10.177144 -17.837309
8.066122 -11.184386
7.863382 -11.766812
13.775708 -16.320395
12.436737 -13.187964
14.229889 -15.425090
17.588171 -13.135331
14.464359 -7.967681
15.462262 -6.259333
11.592588 -3.442252
11.635897 -4.287437
12.748868 -1.575884
10.341814 -1.628985
8.232569 1.758053
12.533367 1.932051
9.680751 2.485690
12.624504 -2.499634
13.130228 -6.220616
10.230301 -6.726901
12.054880 -6.647769
11.465616 -7.743477
16.427681 -10.154523
14.150097 -5.977076
14.680806 -2.864145
9.980907 -6.803566
17.929539 -14.231637
13.268804 -14.072037
14.159447 -13.678036
7.372192 -13.809318
8.279456 -8.155768
11.616005 -7.063777
8.543395 -12.060744
8.235507 -8.680189
7.011898 -6.695685
0.713084 -11.920768
1.256269 -10.378378
0.524838 -11.621774
8.752067 -13.486959
12.696613 -13.896472
9.266146 -8.681170
14.407490 -9.538053
12.433601 -7.239732
13.358546 -7.725240
15.421320 -9.592280
12.594088 -7.211977
15.336677 -8.306890
17.806746 -11.713632
8.440837 -7.955327
8.534775 -8.084517
2.666579 -9.742118
1.267932 -10.546532
1.992272 -9.705617
4.210700 -6.517318
8.323254 -11.150796
6.859909 -15.073692
4.257573 -15.865304
8.641599 -14.218656
9.307091 -10.373437
9.417312 -7.796237
13.419594 -7.480784
12.606137 -6.841051
12.574938 -7.226338
12.551481 -7.251502
12.611961 -6.296317
12.077398 -7.132792
7.688320 -7.776952
8.603326 -6.761349
5.313797 -5.096959
5.117883 -4.905736
3.326873 -3.561925
5.705443 -3.336555
4.274187 -3.238409
5.036746 -2.575845
4.284095 -2.998215
5.930379 -5.759482
4.742664 -5.792974
4.679268 -3.867290
5.397944 -3.094760
6.137050 -5.507939
6.063993 -6.833983
6.712839 -7.038019
7.480779 -7.863095
7.573830 -7.671204
8.589176 -8.639961
8.137270 -6.789637
4.830538 -6.686886
3.241178 -7.317739
5.035503 -6.768702
4.337037 -7.413249
5.845384 -6.044051
5.122919 -6.367617
5.767457 -2.092167
6.508829 0.979267
7.599297 -1.247260
4.037172 0.381896
5.688465 -3.092729
6.342748 -5.398214
5.607274 -5.401532
3.606791 -6.365222
8.396545 -7.098113
8.233269 -15.929377
7.896116 -14.787951
5.623176 -13.398043
8.882034 -13.903090
8.214223 -12.535544
12.860978 -14.205943
13.752104 -17.048717
15.064230 -9.461207
7.412993 -7.813165
8.683852 -8.072740
8.761734 -10.622768
8.029956 -12.275105
8.651565 -9.319745
10.324994 -15.250083
7.722351 -14.100385
6.943357 -14.135577
5.611270 -14.537929
8.254057 -13.396348
7.789290 -15.726418
8.622646 -7.895231
6.780450 -7.960588
8.259745 -7.752405
12.576014 -2.648464
12.187584 -3.697089
10.827141 -0.385730
10.268138 -1.158318
11.725990 -7.042657
5.693309 -7.002020
5.057727 -5.202228
7.437863 -7.479054
7.458475 -7.093513
12.015562 -4.139258
12.497778 -5.735005
12.803413 -4.913820
12.507695 -7.224034
7.462625 -7.511033
5.279752 -7.401408
7.208706 -6.855216
8.012051 -7.449257
9.442963 -7.222452
7.411782 -6.769160
6.894181 -7.121709
6.732125 -7.126023
6.712789 -6.774086
9.087058 -8.580651
9.287266 -7.199408
-4.098822 -8.496480
-7.100590 -12.368236
-10.171922 -13.586917
-9.877491 -13.349605
-8.016191 -8.993989
-6.435657 -11.286988
-11.775479 -12.137874
-9.123358 -12.724608
-9.217880 -13.029520
-14.252861 -6.928384
-16.374731 -12.171062
-13.388758 -10.419791
-15.482944 -11.792897
-14.041489 -8.796162
-12.777461 -10.209878
-11.040790 -7.257102
-14.411101 -10.488504
-18.029991 -8.600444
-16.685314 -14.194460
-18.697838 -17.954811
-19.578331 -17.067329
-15.841052 -18.006756
-6.030996 -17.785749
-6.603561 -12.654376
-10.649721 -11.786963
-7.657132 -14.663069
-8.293354 -16.554646
-11.174232 -14.260936
-8.886271 -13.946416
-10.455882 -14.567672
-11.751406 -17.813770
-13.495433 -17.554461
-16.143452 -17.338535
-16.327036 -19.799971
-4.510641 -16.947723
-11.348015 -15.290826
-10.056688 -13.056355
-11.934620 -11.837098
-16.312614 -10.864804
-17.543501 -13.654103
-17.196489 -13.569244
-18.823843 -11.764796
-12.419165 -11.178222
-15.971348 -10.679935
-10.918990 -8.217353
-7.778434 -10.016210
-9.654987 -11.193377
-7.397083 -11.634309
-9.618910 -11.428605
-9.618804 -10.757044
-9.894987 -8.094626
-8.203303 -8.318551
-9.110588 -4.772262
-6.398127 -5.392937
-7.964620 -5.645916
-4.561632 -5.542252
-4.494564 -1.087858
-3.928756 -5.124068
-6.821918 -5.444446
-5.084693 -6.023419
-7.704364 -10.542533
-16.660170 -10.352527
-17.628574 -14.608960
