12.306756 -5.974292
4.766250 -8.375714
9.133064 -8.478707
6.465454 -15.288333
7.555703 -13.397011
9.040516 -8.860739
9.239545 -15.456877
17.154469 -18.605358
11.011896 -14.127670
7.629260 -13.212395
7.800625 -10.033730
8.985529 -11.159593
5.764182 -10.498618
6.332423 -8.273795
6.598400 -15.957539
18.522848 -15.040774
17.280947 -13.824279
12.579018 -16.118814
10.151427 -13.005116
7.950067 -13.838332
8.318786 -10.070674
7.058738 -9.438217
8.634786 -8.942713
6.695329 -9.902785
8.273525 -11.087597
8.339810 -11.059810
7.513003 -9.916322
6.830770 -11.563140
7.807664 -12.567101
12.098125 -13.490992
6.813715 2.258119
6.726240 1.138628
12.471315 -0.204813
12.317520 -7.510902
11.381812 -7.295950
8.451786 -11.537501
8.877171 -8.584968
6.299807 -8.921511
7.347567 -9.408484
7.507354 -8.646688
6.049007 -8.285089
3.752358 -10.328624
8.505384 -9.530704
12.169586 -6.765892
12.546593 -5.646450
14.797720 -7.849956
17.591349 -11.885406
14.963259 -10.982619
17.044285 -9.007840
3.289154 -12.431794
6.689584 -9.191625
7.911695 -7.876473
6.525037 -10.976387
8.939860 -10.743596
8.263382 -11.271528
8.332518 -10.542482
6.244699 -7.883097
7.050468 -8.905603
5.005692 -7.594283
9.129240 -9.872676
8.514026 -10.779867
8.637428 -9.399105
12.991084 -12.999359
16.691521 -13.040323
14.766518 -13.779426
14.980505 -9.988591
15.062013 -8.123683
11.797394 -5.223925
9.105019 -10.183585
5.507224 -9.663509
5.127792 -5.760329
3.336236 -7.058934
8.629660 -12.474083
5.814615 -11.069217
6.007232 -8.082168
5.988041 -8.789943
8.656768 -8.368136
7.910243 -11.907912
7.817095 -9.399981
7.257578 -8.516255
6.371960 -9.694345
8.383368 -11.869981
9.348488 -8.791846
8.205635 -8.006983
8.497961 -9.999566
2.770859 -10.178378
7.707569 -12.011140
6.800208 -8.755912
6.553137 -7.899015
9.177052 -12.888723
8.014806 -10.331692
5.607183 -10.136922
9.245763 -11.858019
15.318696 -14.577769
7.762024 -13.849193
18.512165 -17.689119
14.921576 -12.505254
15.205564 -10.418952
15.895773 -10.999602
15.302126 -15.363799
16.037319 -13.249425
16.570358 -12.509133
14.110403 -15.409028
9.678144 -14.096273
8.374015 -13.923145
8.395054 -9.782408
7.918068 -8.357409
6.075857 -9.282381
3.969653 -4.022107
3.356695 -4.543737
2.562484 -5.012894
3.404317 -3.990046
4.221257 -4.854331
5.937550 -9.767596
7.868685 -8.022252
9.007797 -10.753469
8.346046 -8.938645
8.448091 -8.481059
4.616836 -8.135730
5.754605 -6.842784
2.966396 -7.224323
6.987028 -8.394231
6.814547 -8.160029
5.186985 -15.415304
7.295006 -12.553173
10.110366 -13.649180
5.443591 -11.920530
4.760829 -10.810657
6.062376 -8.016880
11.219893 -3.260917
10.666082 1.380419
10.990427 -2.321550
11.388128 -3.064441
12.790169 -3.644203
11.175133 -7.033705
12.426576 -4.558667
11.442186 -0.789944
10.660332 0.270553
10.025227 -0.133636
9.312767 0.254870
10.647539 0.850999
11.486301 -2.547225
12.132188 -2.151731
13.815788 -1.917091
12.636945 -2.276625
11.519655 0.668616
9.840466 0.092839
11.509059 -0.211056
9.108406 2.855328
8.067416 1.585747
7.577576 4.122154
5.445785 6.458533
1.760926 9.231125
