-13.780169 7.342708
-7.746887 7.801104
-1.440537 7.843497
-0.728762 7.236217
-0.850022 10.847843
0.796837 8.481839
2.835584 9.759001
5.450227 9.399280
0.987931 10.586098
-1.984946 8.444177
-4.916137 12.323616
-2.132705 18.197639
-3.447875 12.323250
-1.842730 10.079029
0.335205 8.577835
2.146014 9.979212
-0.455528 10.663622
-2.534242 11.152781
-1.084248 13.189935
-1.553610 13.342225
-3.066109 12.824267
-2.114633 11.542144
-1.185322 9.719222
0.176745 10.671514
0.264577 9.250902
0.564430 8.592154
6.991364 11.334640
4.050937 9.097484
2.767446 10.584390
0.042489 9.553308
-0.413859 10.826405
0.407884 10.621840
2.666642 9.958217
0.950395 10.157520
-0.087492 6.980611
-3.020686 8.142447
-0.908878 12.338739
-3.385491 12.533674
-0.829744 10.232163
-0.124348 10.423967
2.137870 10.610894
2.143100 9.176295
0.265632 9.503805
3.001361 10.635193
-0.247626 9.900830
-0.392571 8.078873
2.909075 10.130772
-0.207765 10.778178
2.791099 17.076782
4.939922 16.709585
6.564353 15.225931
6.738875 14.555117
