17.052837 5.643009
12.687912 -1.654264
12.923839 -4.676261
10.755830 -1.581752
11.676008 0.496376
5.513866 2.216440
6.436831 1.391695
8.872694 0.828798
7.047524 0.466604
7.249394 -0.049058
10.548381 3.004203
5.602369 1.354674
6.046907 1.922084
6.544050 1.647681
3.400134 1.836264
4.550430 3.171712
3.457672 2.866893
3.282589 1.610044
2.016644 1.687733
0.341688 0.099734
1.614141 -0.425697
1.253607 -1.002621
1.249632 1.202847
0.561633 -0.675167
0.760627 0.408854
1.791111 -0.791403
0.610317 -0.779800
1.167300 0.372794
1.179641 -3.655242
3.346341 -7.552859
5.136209 -5.738733
5.957457 -7.342683
6.129530 -10.180419
8.958046 -11.628116
5.670433 -10.752516
6.123733 -12.665990
6.599155 -8.067369
7.160385 -8.144298
7.776162 -7.876159
7.937359 -9.354020
7.565209 -10.885661
11.094915 -16.259115
13.672541 -14.606132
13.669033 -13.210310
15.150505 -14.947850
13.504758 -17.939470
7.822247 -12.254085
7.909945 -9.652015
9.137692 -10.769092
5.953296 -11.958951
8.850193 -8.944998
5.099302 -10.337578
4.894229 -5.109290
4.616989 -4.501310
5.643854 -7.328432
4.124602 -7.887582
5.086985 -6.352407
4.987995 -10.730823
11.106870 -15.077766
5.873050 -10.335427
8.033582 -10.020538
8.318693 -8.957393
8.608295 -10.232444
8.030407 -9.392804
8.431712 -9.975581
5.816997 -11.174411
6.054648 -7.667935
4.209191 -8.672542
5.423914 -11.270987
8.583677 -10.610515
8.207134 -8.036324
4.881117 -8.758916
5.130032 -4.058481
4.225376 -7.751838
7.790540 -10.838284
8.245908 -9.315080
12.391055 -6.938928
11.667273 -6.057071
7.780654 -9.057298
6.107762 -9.374575
4.085033 -7.056050
10.949896 -1.749097
12.033663 -3.432194
12.550333 -6.608709
11.384951 -3.824865
16.307909 -9.949710
14.735846 -16.606798
12.341154 -15.342010
8.693541 -13.786546
7.510988 -11.799919
6.488496 -9.058152
9.069066 -9.765349
8.958980 -9.186227
14.488530 -4.546935
5.460363 -8.493983
7.102124 -8.148046
6.130307 -7.439198
5.249724 -7.582521
5.106272 -9.032064
12.694836 -12.949014
17.913853 -13.939837
15.030905 -13.172393
13.747980 -12.951680
18.467716 -19.550535
10.767134 -17.471712
8.262725 -18.531815
7.420915 -13.761854
7.108570 -14.019034
12.315873 -14.307976
10.041327 -13.554854
11.814300 -16.460096
12.010648 -7.494071
12.881731 -6.811936
12.136272 -5.381738
11.444082 -5.447413
11.421253 -13.123361
14.427525 -15.111548
15.618080 -16.116816
13.572031 -14.121788
7.371551 -9.758342
8.816343 -9.290984
8.338239 -8.678021
6.612285 -9.513709
6.290992 -8.052445
4.083829 -7.655430
6.254729 -8.676754
8.544988 -8.069405
8.540330 -12.879554
17.623253 -15.760613
12.417945 -13.854408
13.142215 -15.638992
16.718512 -8.181312
14.780109 -11.164493
10.729184 -13.181254
7.657538 -9.668849
8.564367 -7.982252
9.253676 -8.040938
9.143938 -13.148303
9.058537 -9.784436
10.039195 -17.150274
11.135311 -15.797109
9.068207 -15.282633
14.088987 -17.397886
10.725063 -13.646766
16.369556 -14.658448
14.695498 -15.619425
6.759800 -13.739140
6.630012 -12.613436
7.885756 -13.548465
8.305398 -9.057418
4.137788 -10.071406
4.724910 -8.108213
6.896665 -10.728978
6.022011 -11.841674
5.466046 -7.819600
5.706416 -7.618473
11.604115 -7.505527
8.611133 -14.185293
8.208867 -10.634868
8.191113 -10.988504
9.407326 -13.312449
10.577871 -14.732192
6.676195 -9.318944
9.043104 -9.318034
9.094924 -10.925435
2.974362 -13.443931
7.900603 -7.901656
9.168737 -12.084017
8.758966 -9.398107
7.333576 -9.200877
9.810381 -14.136807
11.969275 -12.839229
14.912760 -15.718068
5.441894 -11.122802
9.227658 -10.092898
9.005013 -8.159101
9.209108 -9.451573
7.014443 -11.591372
8.827995 -12.791283
6.919408 -11.407731
7.070163 -9.497634
6.913373 -10.347772
11.156405 -16.431873
10.394578 -16.196667
15.775436 -16.945055
15.152497 -11.432584
15.251454 -8.265044
16.787891 -14.511003
12.752677 -13.749323
15.226538 -12.765638
17.381271 -8.629346
11.842707 -4.289062
11.522056 -5.714857
12.923628 -5.475964
11.450286 -5.615383
18.560051 -7.346452
14.785931 -11.837169
18.167892 -12.221416
18.812332 -12.801258
15.644567 -7.123235
15.010515 -6.599047
13.377411 -1.812997
12.416859 -3.606220
10.872565 -0.875866
9.260301 0.481545
8.548815 0.158329
7.418380 2.185374
9.401465 2.935605
6.350668 1.531870
4.976528 3.299151
7.819004 3.739008
6.887848 0.134861
8.459208 1.734972
6.336581 1.599895
2.811853 1.503723
5.013197 1.134034
4.335139 -4.032761
5.371375 -6.247587
6.242524 -11.656442
13.018138 -15.804143
7.401261 -8.341008
5.657140 -8.885943
7.488070 -9.658887
11.314809 -13.527661
16.581654 -16.636309
14.261537 -13.069342
14.669758 -10.656751
17.617558 -9.153876
15.096928 -10.399423
18.478386 -13.036223
8.436674 -13.403403
8.581622 -8.778012
8.007848 -7.980309
9.259414 -8.928658
7.767406 -8.967017
6.052835 -9.074641
5.240018 -5.076652
5.401992 -5.977099
3.455707 -5.742965
6.882348 -8.765885
9.078980 -9.672406
6.410673 -9.764244
9.074948 -10.879802
9.172128 -8.254310
8.242643 -10.045124
7.545641 -9.235557
8.487610 -8.117208
6.188187 -9.432032
6.534410 -11.428184
6.061440 -11.264875
8.241011 -12.161206
8.556761 -13.796474
13.968335 -14.713000
12.148584 -12.913978
11.548027 -13.595443
8.574234 -13.110967
7.508514 -8.168771
8.415593 -8.641823
6.625724 -8.852219
6.837623 -9.313026
6.982011 -9.282922
3.810663 -8.811256
4.722722 -8.829412
9.053538 -8.610463
8.704323 -8.003020
6.786158 -9.679593
5.273997 -11.590709
9.933144 -13.563602
8.209954 -13.793470
2.976111 -13.008740
4.489114 -9.993781
6.278848 -9.078664
8.751979 -8.907925
12.013176 -4.940266
12.119884 -7.416879
13.732416 -7.686841
12.382891 -3.848505
15.947592 -10.439861
19.080257 -8.142743
14.342353 -13.322588
