13.849875 -13.446623
11.182510 -12.855542
7.541850 -8.860301
5.226610 -11.412949
6.192032 -11.600833
6.783091 -12.162889
7.662848 -7.941522
6.361722 -11.722451
7.877457 -14.512067
12.611254 -13.454269
15.752747 -14.918359
7.678634 -12.699933
7.616422 -11.726399
6.833548 -9.227536
6.621753 -11.272391
7.720356 -8.109968
5.078775 -8.599916
5.130758 -5.937987
3.955359 -5.129077
4.707725 -5.092906
3.324458 -11.116560
6.505394 -8.260613
4.752357 -8.329141
5.688110 -7.658541
5.129995 -5.383930
3.247604 -9.353183
3.903103 -8.973141
5.396194 -6.702573
4.572293 -7.397815
4.605360 -7.078478
6.007091 -7.954062
11.585074 -16.034523
8.855181 -14.458058
6.885835 -15.257925
8.507953 -9.194536
7.015047 -8.424897
4.842000 -12.305547
12.586185 -14.743117
12.187569 -13.097716
17.755150 -13.249293
15.506625 -9.538759
17.863972 -13.805152
16.450460 -10.503525
15.755797 -11.080619
14.513955 -8.178225
15.716209 -9.104710
11.277538 -3.792106
5.063873 -6.679953
2.910451 -7.322894
4.102087 -7.214262
8.631846 -13.042830
14.152467 -12.970610
9.154182 -15.176146
11.595540 -7.352726
11.991240 -6.129744
16.068480 -6.441063
15.594094 -11.483377
8.514395 -7.979167
6.750577 -10.411380
4.687137 -12.207904
7.730232 -12.855148
7.615353 -10.668863
6.871946 -9.818996
5.886625 -7.501783
7.951328 -10.631496
2.595868 -6.831379
9.380873 -11.929920
6.170643 -10.034318
4.804360 -11.184352
5.731473 -10.254864
5.862071 -11.514274
7.851725 -10.603126
9.387049 -8.730037
8.225559 -8.866807
8.024982 -9.965855
8.057015 -10.680203
6.149228 -10.743043
9.278920 -8.840728
6.647374 -13.850140
10.821904 -14.971313
15.516285 -15.113002
15.734149 -15.676169
15.844267 -9.843837
15.118288 -7.833650
11.874650 -2.095944
16.380228 -6.349096
13.960940 -7.332400
18.147457 -10.165212
18.460215 -4.523376
15.372025 -9.170449
14.499125 -2.643092
11.631850 -4.863646
7.667424 -11.439265
7.013919 -9.184468
7.430078 -8.189518
4.861622 -10.181193
7.793591 -9.298011
8.705539 -11.756290
6.320530 -9.072453
4.705324 -9.872176
6.061029 -9.580894
4.775413 -7.003353
5.696624 -5.933096
4.116056 -4.094605
2.029701 -10.144607
3.174741 -7.661701
7.652375 -9.486918
3.456237 -9.057569
4.106945 -4.602032
4.182246 -7.566254
8.565248 -9.332863
4.818270 -7.762444
2.256997 -7.489735
7.351756 -8.542739
8.663296 -11.317461
4.658753 -7.982074
5.543195 -5.987545
3.650914 -4.259311
3.024565 -5.036406
0.343142 -3.625921
1.223610 -2.846849
0.547771 -2.837106
1.047406 -2.221160
1.035617 -2.748740
0.661387 -2.665699
1.283952 -2.405504
0.982027 -2.337209
1.454003 -0.518603
1.477780 1.983561
0.858025 1.102209
0.360582 4.262416
1.246463 8.397977
-1.114729 9.021846
-1.203985 17.037395
