19.391075 -7.316845
15.390202 -4.955272
14.403183 -3.819357
14.023251 -7.253664
12.728795 -5.854368
11.674227 -6.764103
11.567441 -3.975487
9.307120 -8.154170
5.579168 -5.794787
4.333504 -5.376315
4.470623 -7.534235
0.677811 -7.599502
1.293921 -7.370295
4.978871 -5.021757
5.490887 -5.850255
6.180634 -9.557209
8.292601 -11.425431
6.664967 -8.155881
2.710141 -7.749267
6.140650 -7.733145
1.252794 -5.015491
5.238723 -5.430514
3.379163 -6.522337
5.714081 -7.587032
7.782003 -11.538220
4.731862 -9.601160
6.817475 -12.798615
13.069371 -13.327883
10.243737 -17.340950
6.867603 -11.238947
9.189585 -9.560000
7.004678 -9.875716
6.659713 -8.313939
7.869734 -7.969506
8.928736 -8.416624
8.647868 -8.975858
4.864608 -9.463675
5.306973 -8.857575
6.906240 -13.388611
8.269049 -9.533063
8.781513 -12.172663
5.923704 -7.869831
8.272851 -9.430897
8.430238 -8.139860
8.398940 -9.578990
9.908445 -13.016791
17.969059 -13.780448
9.657451 -15.319438
10.796588 -13.363429
13.145330 -15.608112
17.719057 -11.604661
14.696455 -7.254861
12.919357 -3.792213
14.631875 -7.365056
15.837338 -4.992568
15.336235 -4.886119
13.531275 -5.801888
13.796320 -6.857837
11.264519 -0.261268
7.129655 0.364807
11.320703 1.570733
12.920526 -3.397745
10.858610 0.666449
7.432818 0.138811
8.504364 0.009537
10.019483 1.501556
8.895785 2.529583
11.401752 0.007594
10.512926 -1.433055
13.024200 -3.221377
12.066242 -2.097412
11.742800 -0.889863
12.895432 -6.814224
4.111712 -11.769568
8.362028 -8.579551
11.966324 -13.193672
15.612327 -15.564374
11.437233 -14.709699
6.276656 -11.308652
6.684324 -9.394565
8.864845 -10.755807
7.701248 -9.951730
7.586535 -8.275603
5.477386 -8.114982
5.955499 -5.813724
4.062004 -5.391038
2.383000 -6.722173
1.514633 -7.340344
1.371915 -7.223624
3.735267 -4.615228
0.592503 -4.081399
1.021630 -1.548094
1.673834 0.065705
3.203818 1.311876
1.811198 0.848425
-0.134761 0.739527
4.705237 1.570437
7.609734 0.528494
8.267368 0.163971
10.226790 1.455489
11.341064 -1.465319
4.178823 -8.394982
2.644870 -6.489439
2.663955 -3.968704
4.533856 -5.163322
5.117853 -6.040885
3.351768 -7.034190
4.741532 -4.000130
3.692706 -4.381440
3.539948 -7.163545
6.098302 -5.275583
5.609082 -5.529552
4.841475 -10.291178
7.319882 -9.332244
3.424949 -8.754189
5.130010 -9.648389
5.021360 -4.704031
5.861275 -10.555854
7.706173 -8.380544
4.626269 -9.126094
8.657642 -11.168955
11.498610 -6.341547
9.559593 1.678791
8.441156 1.873063
6.928934 1.694860
8.249403 1.261007
11.652853 2.987053
13.061727 0.142100
12.295803 2.228451
13.015150 -2.209632
11.677050 -6.006210
7.095147 -8.006463
5.771338 -8.587272
7.257946 -0.189380
8.865220 0.618980
8.736612 0.346902
9.817408 0.528903
9.103958 1.563072
10.398734 1.775289
9.761198 1.686867
11.296122 -1.689492
12.104758 -3.294238
12.067926 -1.402449
11.866923 -6.703658
7.891946 -8.603225
4.040798 -8.517013
3.771789 -8.542975
6.902885 -9.271634
5.530218 -11.130828
7.780325 -12.861540
6.906361 -9.389939
3.505222 -4.888940
3.660848 -4.831613
0.765004 -5.718964
1.493818 -1.526250
1.161331 0.030756
3.205767 1.212930
5.502751 1.513264
4.856356 1.952251
5.084381 3.085061
7.017199 3.091103
7.022955 -0.074801
7.084709 1.375335
5.581975 3.027922
7.645620 3.994814
3.597141 1.663914
2.846395 1.947271
0.989728 2.710397
1.807263 -0.333115
0.861152 -0.984794
-0.453060 -2.097586
1.089123 -3.093689
0.498134 -2.400930
1.410915 -1.134014
1.000156 -5.078442
0.553085 -5.655141
4.452252 -6.028939
5.933959 -7.180833
4.457641 -5.363689
5.899978 -6.417505
6.050198 -10.969943
8.740557 -10.194979
5.921121 -9.185836
5.056130 -7.130296
5.606828 -6.793272
5.034983 -8.948747
6.870019 -9.605662
8.396780 -8.466426
7.016606 -8.828919
13.293442 -6.169874
11.864406 -6.526770
13.081900 -6.079068
11.436957 -4.600036
11.628405 -1.103417
5.489509 -5.516882
5.519588 -7.554770
7.136059 -10.995527
11.426322 -6.458067
6.891662 -8.280623
8.476244 -10.343631
6.149056 -8.959091
6.585103 -9.604320
8.063812 -7.933259
8.595566 -10.379859
7.403258 -10.140182
8.597966 -8.431252
8.294777 -8.364322
8.857200 -10.774549
11.380239 -7.007645
11.567778 -7.239491
14.365468 -4.273733
2.731087 -6.177873
4.561450 -10.761203
8.632635 -8.225135
7.864766 -7.823177
8.265026 -10.877801
7.126330 -7.974342
3.597229 -8.259660
11.413067 -6.985691
8.782937 3.110441
7.690379 0.117645
5.280125 -5.327482
6.438496 -8.812518
4.836576 -6.402452
6.017519 -7.716680
8.759665 -9.662888
7.662408 -8.272925
8.565075 -10.167003
11.341433 -6.260195
12.989387 -7.675496
11.943992 -12.958663
7.558124 -12.505542
6.148776 -8.864514
12.467778 -3.659780
12.359028 -2.203028
12.994502 -4.554897
13.258899 -7.647297
13.892536 -13.496900
6.864914 -14.819860
8.487723 -15.280108
15.694095 -14.500482
15.188179 -11.875767
14.679167 -9.977820
14.775032 -11.137285
18.346132 -17.862513
11.451720 -14.428916
11.937716 -12.916959
12.989553 -13.526902
14.585184 -13.187209
15.551272 -11.756206
15.593266 -12.016067
15.287365 -6.695254
13.754249 -16.355822
8.748768 -10.617038
7.647545 -8.596649
8.745510 -9.232203
8.795602 -11.234487
8.733616 -11.543470
8.996222 -9.833182
8.945812 -9.749999
5.437357 -15.179488
8.881662 -11.457360
11.781117 -17.723406
9.276285 -18.950460
16.713501 -15.564645
9.944530 -14.334473
12.669895 -13.004306
12.731489 -13.766479
12.992296 -13.255991
9.162361 -13.045993
6.807100 -9.789430
4.917772 -7.682224
7.907067 -9.546827
7.751455 -12.076601
5.686073 -8.767670
7.546039 -9.221229
6.942255 -9.047549
6.960642 -8.741159
8.554282 -7.882282
6.641060 -11.060812
4.144488 -8.629078
3.538856 -7.703208
3.638118 -6.698463
4.751595 -10.134780
9.023378 -9.796375
5.448285 -11.080400
10.364481 -13.954000
6.033711 -10.511021
8.602630 -8.795489
7.640229 -8.555745
9.146801 -7.981793
7.399072 -8.077889
7.682493 -8.533364
7.273833 -8.614755
5.269258 -10.992970
5.393827 -4.966922
4.164630 -8.116213
8.134843 -8.597625
6.036470 -8.734891
7.700232 -12.337679
5.813776 -7.578765
3.819201 -7.910370
3.046076 -8.584956
5.783144 -5.434507
4.458886 -4.619009
1.499141 -4.015860
2.892207 -6.554203
2.827270 -5.073737
1.655415 -1.086321
1.593540 -0.760004
0.910508 -0.748820
-0.594330 -1.190820
0.375217 -0.444092
1.063414 -0.618089
1.157038 0.055773
1.730958 0.713240
1.423718 1.026960
2.864172 1.372043
4.932651 1.714624
7.498946 2.260709
5.055014 2.574901
3.681727 2.154471
2.587669 1.377543
2.085228 1.510378
5.155319 1.886471
7.297223 4.063797
8.202515 3.431145
7.022757 1.131073
6.722036 1.105073
6.480194 1.497633
8.727709 1.919954
9.703523 0.346486
9.179984 2.497921
10.724234 2.462266
11.085104 1.076927
11.348889 -3.117447
12.742215 -2.200249
13.167811 -4.481159
16.110023 -6.873556
13.769249 -5.901555
13.590922 -7.708519
14.307642 -7.301856
14.995231 -9.747499
16.135801 -14.404724
16.581120 -9.220089
14.875817 -9.587867
15.847422 -7.405900
11.789565 -6.059155
17.714228 -11.194185
15.505995 -7.257190
13.124750 -7.710810
8.832972 -10.263986
5.765685 -11.369479
7.349411 -8.058855
6.013061 -10.600570
4.402299 -9.492493
4.005989 -8.969172
6.299405 -8.032743
8.003812 -9.515249
8.294173 -11.192204
7.215770 -9.991998
7.473182 -9.146901
8.976599 -11.821579
6.415791 -11.095353
12.070887 -7.761868
8.192874 -8.598245
9.140855 -12.219787
4.299601 -6.588981
5.642720 -5.323038
4.792861 -4.848759
4.743323 -9.113412
7.583986 -8.979230
4.597614 -10.893719
6.067146 -7.525602
5.997299 -6.631674
5.452771 -11.310731
7.086320 -11.191768
13.231236 -16.631250
13.357267 -13.545394
12.091656 -13.466383
9.457136 -14.528047
8.975336 -12.639259
7.172871 -13.597354
11.058740 -12.964342
18.968494 -13.534349
15.318926 -11.715376
18.050541 -13.165731
6.987925 -15.816373
11.411049 -13.647665
9.554562 -15.666013
7.253339 -8.314187
7.584054 -11.299068
7.777171 -10.778754
3.386759 -8.131228
0.199695 -4.338730
