-1.222043 19.947594
2.688313 18.076323
4.187908 17.029165
5.172097 16.580013
-0.091175 18.494806
-1.615073 9.895761
-3.793257 9.813037
-1.746674 14.259337
-1.497853 11.790095
-0.570026 9.088587
2.059737 11.026016
5.782807 9.519421
7.381495 12.936880
4.259297 10.181828
-1.855868 11.173270
1.861434 9.212227
-1.626053 10.543311
-6.479298 11.990823
-5.181096 9.698936
-1.523942 7.509729
5.061386 9.240125
1.912757 9.865209
2.596917 10.501244
6.587516 10.471805
4.364099 10.812479
3.901710 8.899610
6.174808 8.988544
1.758225 10.484518
2.760161 8.527302
-1.054784 8.977072
1.628943 8.029540
4.838826 10.350207
1.821086 10.180217
5.302690 7.452098
5.396075 13.424775
6.338170 11.715517
4.331990 9.897512
2.679867 8.526526
2.604986 9.598428
1.744600 8.376082
-1.746251 11.736069
-0.198564 9.534769
4.314391 9.521628
5.968771 10.811487
10.010626 10.090933
5.274139 8.484343
7.061246 14.815928
5.834677 12.998432
10.022203 13.500835
7.749917 15.310452
7.609503 14.354573
8.467284 12.299762
8.277598 15.449839
7.073287 16.142437
8.692936 13.990502
7.637539 16.770414
3.395937 16.740971
1.112590 18.871378
1.155845 18.035891
-1.344016 12.554558
-1.420253 14.862517
-1.642839 11.986700
6.114411 13.009819
5.307633 12.506064
8.251678 9.988388
3.987858 10.357142
5.891908 10.879899
5.088255 9.399116
5.933621 15.454113
5.400944 12.689298
12.692005 8.310737
16.169363 4.024282
