1.670991 10.188824
1.201255 8.525306
4.029241 6.309516
7.123608 2.870330
6.537867 1.783332
8.245108 0.038130
8.271872 3.631307
6.881119 2.620081
7.598872 1.391778
6.990170 0.742870
8.437183 0.935408
7.072659 0.638311
4.473354 1.311602
5.554173 1.109736
3.601671 2.060189
1.344719 0.063916
1.478152 -0.314569
2.966521 1.729707
5.400193 2.295866
5.896903 1.147467
1.574584 1.613931
1.580058 1.784771
2.971602 1.978817
4.089214 1.108726
5.943563 1.454135
5.552801 1.564342
6.178283 1.851209
4.276219 2.235623
3.699038 2.248592
5.757783 2.155634
6.069335 1.109671
4.370141 2.612219
5.193005 1.885247
4.544772 1.976448
5.199851 1.759145
5.650389 1.616739
6.133580 1.192501
4.450295 3.396358
1.489471 3.093365
1.658073 0.408160
1.228050 0.760191
1.129820 -2.649308
0.924995 -3.917755
1.165858 -3.193947
1.602733 -1.632400
1.280254 -0.502111
0.600360 -3.387844
1.290271 -0.448013
2.291153 4.019991
5.789208 2.619460
5.743630 1.549072
4.522479 1.190594
0.295358 1.707695
0.144329 1.702178
1.535121 -0.094640
1.648790 0.438734
0.944907 -1.206618
1.039257 -0.421882
0.817428 0.553387
0.764249 -1.721481
1.544511 -3.383900
1.241220 -3.047365
0.838468 -2.615886
0.569202 -4.242741
3.775347 -4.012341
3.702050 -4.118076
4.652273 -4.408560
4.910641 -6.445868
5.362479 -6.400298
4.904284 -6.894785
4.153184 -7.371763
6.525012 -9.877185
7.064921 -12.606339
8.502108 -8.220880
7.337994 -7.977808
8.814902 -9.730763
6.452346 -10.108045
8.512912 -8.640300
6.790428 -11.238032
5.877515 -10.050973
9.689688 -13.455287
14.476634 -13.443547
15.485282 -13.073194
10.867736 -14.131497
6.883780 -14.125351
9.158048 -8.586781
9.267280 -9.075873
7.921622 -9.756750
7.661682 -9.004869
8.527562 -14.478732
10.914606 -13.247293
10.633372 -15.263825
8.649928 -12.009229
8.225708 -10.171895
7.054660 -7.883090
6.231024 -8.806969
4.572602 -6.033193
6.014759 -7.149397
8.145811 -11.230247
7.295507 -12.503659
12.195014 -13.275725
10.100229 -14.808341
8.523911 -13.537588
9.041461 -9.185953
8.460081 -9.374704
8.408244 -11.277779
7.385678 -8.123487
6.937547 -9.327989
12.649661 -7.652527
15.235228 -14.652495
17.779457 -12.319078
13.284498 -13.397871
10.631952 -14.329434
7.303614 -12.945718
8.970531 -10.703243
9.065104 -12.378978
12.593443 -14.933481
14.267433 -15.154492
14.661217 -8.922603
16.759096 -9.907129
18.148491 -6.946226
12.376719 -7.757931
11.422739 -6.243988
16.379761 -11.662000
13.297835 -17.983599
8.306217 -8.335694
7.023985 -9.539037
7.257349 -8.478232
5.965680 -7.759926
7.574438 -9.748559
8.928696 -8.089864
8.374098 -10.060855
8.565900 -10.417738
7.536226 -11.135872
8.168448 -8.593841
8.469280 -8.888491
8.449557 -8.949749
8.901131 -10.132388
7.342763 -11.801634
5.956933 -9.136708
7.132022 -9.794728
6.919654 -15.184281
11.234098 -13.592547
9.807700 -14.456416
13.317564 -13.578313
18.903954 -13.610146
14.785032 -10.291689
14.687654 -6.710462
11.199337 -1.942294
12.353530 -6.938227
14.829889 -9.956483
16.123852 -13.815494
17.523882 -13.647666
17.368256 -13.898301
6.780260 -9.118656
7.374275 -8.722706
5.497036 -6.970487
4.030846 -5.133796
4.727425 -8.668197
4.403357 -9.324122
8.499661 -7.949709
8.418866 -8.597438
5.592940 -9.569200
5.971093 -6.669783
3.950475 -6.233233
7.890402 -10.675923
3.534540 -8.285053
7.399753 -8.078254
9.275961 -9.252611
8.714554 -10.455508
7.354524 -10.595834
7.954133 -15.385107
10.895095 -14.197354
11.804302 -14.903111
9.343033 -13.372153
11.416489 -15.150476
16.517906 -11.147940
16.734585 -15.782149
14.349835 -17.657326
15.441104 -17.786283
4.149281 -16.628098
8.208689 -10.065774
5.935380 -13.374351
12.328832 -13.514942
10.190576 -16.454817
8.727766 -13.341660
8.809289 -9.734385
7.709403 -7.821336
7.916830 -10.684493
6.408148 -9.015877
5.310090 -9.134776
6.472601 -8.769737
6.670163 -9.356964
9.224799 -8.467315
5.892730 -7.700626
6.319632 -8.455506
6.099111 -7.515889
6.363355 -9.939181
5.905670 -11.375522
9.351364 -10.076678
5.654490 -11.348046
11.176306 -4.856206
11.613733 -6.914598
11.558457 -5.008792
12.360422 -3.547305
11.836740 -7.606724
14.852636 -6.486200
16.362053 -8.493504
