13.817509 6.602366
14.221674 2.227711
12.671246 -2.054793
15.427382 -5.794390
15.369219 -3.655329
15.662197 -2.609278
16.796074 -4.771202
12.334068 -4.212374
15.913319 -9.847239
13.288736 -5.695933
15.067202 -7.305852
14.629738 -12.802134
18.159859 -13.058967
16.533758 -16.007685
11.606947 -14.506240
5.456413 -11.552342
5.176994 -5.730598
4.726508 -5.990737
4.814150 -8.488530
6.594903 -8.377625
7.767127 -8.961247
8.393409 -10.442943
7.149274 -10.312392
11.704624 -0.640646
15.883340 -7.160829
11.534595 -3.870395
11.472944 -6.600645
8.275835 -7.944768
8.418744 -8.825253
7.533838 -11.101838
4.095320 -6.199891
5.094399 -6.048271
4.995301 -8.721198
7.575898 -7.984926
7.990218 -8.548868
9.095179 -8.732388
8.282553 -9.354361
8.905792 -9.240827
8.724098 -10.222682
8.022123 -7.950315
4.827301 -11.601422
4.752073 -13.488283
11.100422 -12.828995
14.129447 -13.151687
11.711408 -15.300234
12.354198 -14.242238
14.424216 -15.129960
6.081046 -13.498786
8.932847 -10.324176
7.527153 -10.507012
7.411041 -10.480761
5.680723 -8.972213
7.901274 -11.715112
9.249860 -9.725151
6.381167 -8.681070
6.547058 -9.759892
3.398167 -13.746284
-0.778191 -15.567289
