14.574169 0.719048
15.325480 0.187902
12.966841 -4.202335
13.032162 -5.984551
12.989786 -5.055552
11.364378 -6.464378
11.702724 -6.123951
11.250722 -7.450856
13.209391 -7.630355
13.345089 -4.888633
11.212708 -7.194131
14.841064 -14.854637
13.227093 -14.176064
6.852945 -8.471569
7.757086 -9.531835
7.329200 -12.042882
7.453624 -15.844200
13.019820 -14.143376
19.539892 -8.256839
15.579235 -9.753941
14.827342 -13.039140
15.173418 -8.362979
12.587523 -6.355097
14.698712 -4.928551
13.463657 -3.223761
13.009769 -0.721776
9.252602 0.225224
9.362553 0.480843
7.853192 0.635326
9.507048 -0.190681
7.563834 -0.186817
9.996290 1.958244
12.202162 -1.222449
12.302950 0.506447
7.492294 -0.134213
7.936258 0.208113
7.153842 0.953936
7.647612 0.574417
6.009714 -5.301792
-0.125592 -4.545798
1.591803 -4.891126
3.476718 -7.740507
3.970910 -4.495901
4.097925 -4.144091
5.162809 -4.110575
4.342188 -7.034936
9.110254 -10.439555
7.730697 -8.341525
8.402546 -10.189753
6.829584 -8.629298
8.205401 -9.413648
6.742563 -9.526580
4.273371 -7.442585
5.161869 -5.173342
4.560555 -5.781245
3.452829 -4.094228
7.878516 -11.290785
4.888513 -5.940282
4.678308 -6.729585
7.761005 -9.686625
8.467661 -11.309472
4.709738 -9.612100
6.133607 -7.656682
3.726476 -7.460339
4.464880 -6.714427
2.092218 -9.106582
4.305736 -8.767288
6.211008 -8.921839
2.572855 -4.212855
6.547204 -9.076990
4.777633 -10.493362
6.222445 -9.150670
8.700234 -9.342385
9.026824 -10.903478
7.167390 -8.288996
6.442570 -8.208143
7.509195 -9.834617
7.449870 -9.478018
7.734726 -9.164933
11.942415 -13.046058
11.560698 -13.949334
14.396721 -9.286115
10.581470 -2.730466
7.738230 -8.579639
3.150047 -9.322852
13.633620 -6.013460
14.641161 -6.106025
11.634525 -13.196189
8.578055 -8.275899
8.472826 -8.735490
4.910271 -7.499858
3.918559 -7.377990
4.468235 -5.723104
5.464404 -4.694580
12.732604 -2.555578
13.925775 -4.314897
16.066271 -4.485196
11.188753 -7.816553
14.780183 -12.311395
9.621038 -14.921774
11.309776 -14.192721
11.384922 -14.728272
13.896321 -16.002092
4.939932 -14.383399
8.372702 -10.349745
8.943706 -9.664231
8.159658 -9.409673
7.364393 -10.350585
5.994120 -10.523838
8.565046 -10.377337
9.340860 -8.992578
14.205175 -5.809642
13.580523 -7.562016
17.163151 -8.056328
15.203508 -9.327541
19.222366 -14.713204
13.771530 -6.772957
14.224531 -4.726867
12.392278 -6.186952
13.595291 -3.260814
11.883117 -0.612997
12.026239 3.624727
9.580583 0.384513
11.385606 0.627956
11.526728 -0.810147
12.000549 -1.041545
11.324793 -4.420328
13.562878 -3.731906
13.815361 -4.169526
13.296231 -6.451228
10.940443 -1.260441
9.707583 2.995102
11.118401 -1.570060
11.236376 -4.518983
13.955354 -6.060384
11.606210 -5.904780
11.362440 -1.971191
12.752131 -5.862392
11.620247 -4.977519
8.704688 -9.343927
7.978964 -7.947937
6.920380 -10.066069
7.484131 -10.901026
7.251458 -11.344735
12.041676 -4.275352
7.043621 -8.144409
10.508791 -2.768410
14.606220 -3.004460
13.344390 -5.841928
3.571109 -11.274220
7.268602 -8.432556
9.379169 -9.525390
7.807455 -10.487607
7.488839 -8.835737
18.051043 -9.619525
14.416921 -12.598871
15.154241 -6.695845
14.946643 -9.810423
13.788530 -3.533288
5.694658 -9.275556
9.326729 -11.992748
5.619071 -11.054320
9.256669 -9.000292
5.756151 -5.733176
6.071107 -5.873243
4.159920 -7.884635
8.959442 -9.076229
7.812622 -10.001173
4.318424 -10.761180
4.581044 -10.993237
8.445250 -8.337205
5.201360 -9.428354
11.551492 -13.239972
11.622885 -12.846800
14.014959 -13.067311
14.565881 -14.820926
9.056377 -9.812972
7.300747 -11.197467
8.530275 -8.868476
9.175320 -8.037215
8.437531 -8.754092
8.758707 -8.363060
7.933154 -8.388959
9.252394 -10.926870
8.655262 -10.064692
3.400354 -10.042914
1.173375 -6.722840
1.211718 -5.579202
3.924979 -6.905713
5.675977 -7.399543
8.819221 -10.841117
6.977699 -8.046443
8.316379 -11.055047
8.565256 -11.598075
8.926607 -12.451679
3.869924 -12.270858
10.285163 -13.023906
16.403965 -14.835843
10.183155 -12.941617
13.860132 -6.452871
12.294552 -7.334268
11.431168 -7.043785
9.155165 -10.008613
8.691498 -14.324834
7.903862 -12.227921
7.965839 -13.451637
12.078751 -14.247427
11.475187 -3.523817
13.960649 -2.759724
13.041661 -3.405436
15.476498 -7.359647
11.219503 -7.341760
11.783558 -7.694482
12.633707 -6.176824
8.217010 -8.664775
8.226481 -8.338212
8.148937 -8.681502
9.028065 -11.521206
9.473028 -15.478194
5.654359 -7.390131
5.920073 -5.228044
4.007890 -6.126533
5.588650 -6.093126
4.272563 -7.823037
6.094675 -8.455659
7.854191 -8.791331
9.171295 -8.125926
7.536805 -10.061172
4.490942 -10.895135
5.512246 -8.753659
6.793801 -8.891718
2.534230 -8.255922
2.956968 -5.889588
1.358714 -6.108857
2.080660 -5.486659
4.129633 -6.130525
6.110436 -6.145156
4.320621 -4.978438
1.867264 -4.099311
1.223444 -3.906099
0.404011 -2.932589
1.352311 -2.420701
1.479590 -2.096651
1.613159 -1.614807
-0.155933 -0.141537
0.644332 1.776420
1.967306 1.972958
3.477291 1.419477
5.412358 2.164011
7.355715 1.601554
6.861924 0.499422
7.892582 0.892939
8.495773 0.228410
7.462667 0.165951
6.801913 2.554477
4.831844 1.430043
8.969507 1.849013
7.637058 2.385928
3.712570 1.680707
5.711241 2.005763
5.515881 1.931367
3.228549 1.190849
3.705177 1.904642
3.732807 1.060078
1.614118 1.592908
2.876497 2.347168
1.176659 3.422685
2.226962 3.770451
0.562574 2.471657
1.741717 -0.791491
0.121110 0.950286
3.428677 1.920296
1.883461 1.607808
1.739188 1.327442
1.310454 1.296483
6.614188 1.405220
7.105521 0.764795
6.867250 0.276088
10.131283 1.744086
14.039688 -1.024956
11.204142 -1.775318
11.357388 -5.308637
14.733421 -5.614861
15.128054 -12.523546
12.495419 -13.695975
13.059569 -15.355148
7.742444 -16.766890
8.717220 -12.338507
9.145405 -9.805505
8.870337 -8.072806
7.485208 -9.894050
6.795092 -8.727244
4.764447 -7.890462
7.800724 -8.283364
5.593477 -9.512916
6.659194 -9.069032
8.249958 -8.759356
5.156224 -10.546155
4.875752 -6.423874
3.179509 -5.594165
-0.186328 -3.801406
0.402992 -3.257978
1.623779 -2.939333
1.525872 -2.622026
1.484270 -0.949441
1.339017 -0.909478
0.826891 1.597754
1.589935 0.792672
1.763229 0.840198
1.190597 1.927781
3.375314 1.742421
5.323979 1.122037
4.483526 1.387395
3.899800 1.301847
3.605639 1.075955
1.392221 1.122508
1.144660 0.561357
0.682823 -0.823518
0.081687 -1.925916
1.369525 -2.555987
1.375421 -1.485244
1.577658 -0.881765
1.226374 -2.258406
-0.051076 -0.872625
1.126109 -0.240902
1.388659 -2.966782
1.524881 -3.865145
1.593477 -2.949948
0.102385 -3.394118
0.281933 -5.260917
2.918223 -5.199271
1.472476 -3.575854
1.229006 -2.565387
0.749145 -2.738835
0.725626 -5.100906
2.058183 -4.179351
2.554355 -5.011714
2.703382 -4.166172
3.342393 -5.486066
3.493162 -5.678110
3.710049 -8.641263
7.605669 -9.729940
5.915908 -8.211650
5.570707 -7.534128
2.906373 -6.536518
4.654545 -5.545857
5.291114 -4.906232
4.850532 -6.203721
3.393569 -8.819144
4.534227 -8.082651
3.837559 -5.911882
4.601309 -6.243863
4.383571 -7.111709
2.520913 -8.197400
4.480195 -5.485698
4.367453 -10.252252
4.666625 -9.800547
6.893150 -11.800284
7.986547 -9.851605
6.996951 -10.080653
7.401669 -11.831731
8.547125 -13.009789
7.966082 -9.982623
7.423396 -10.460847
9.068689 -12.425568
4.669782 -10.803381
12.503778 -17.612808
12.527749 -13.233228
7.026784 -10.556612
8.768931 -8.487372
7.051440 -8.145645
1.802078 -7.435802
3.059363 -8.734036
8.256193 -9.896729
11.379368 -5.072422
12.012880 -3.756330
12.889908 -5.506695
10.921331 -2.279482
10.660706 -2.683084
13.533174 -1.566017
16.220686 -5.577994
11.701426 -2.730753
12.815090 -1.094415
10.620388 0.169593
11.042884 -2.013703
10.942240 -1.998323
9.129263 -7.970003
6.054101 -7.826143
8.324845 -8.052017
6.430943 -9.169326
5.541293 -6.729143
5.070172 -5.774221
4.620241 -5.293644
11.154640 -7.524877
5.471997 -10.126237
7.042274 -8.591567
7.582993 -9.434943
4.147316 -10.496737
8.043556 -14.426995
8.335687 -11.058515
7.672133 -7.917001
3.745680 -8.778924
3.997458 -10.784879
7.806704 -10.211738
7.872720 -13.483455
11.338716 -14.397642
6.661189 -10.572485
9.104857 -8.695462
8.532955 -10.874505
5.878996 -6.649548
5.219065 -11.114881
5.944901 -6.331819
7.079064 -8.851350
8.472652 -8.946073
17.274820 -4.290403
14.410128 -11.228830
15.640617 -10.429366
6.601089 -12.195910
8.311518 -9.083095
4.350684 -12.075238
5.599802 -9.320465
7.239450 -10.295285
9.110466 -9.645433
6.805065 -8.614253
3.807159 -5.336071
5.788252 -7.040523
8.676793 -9.021199
9.435472 -14.287827
13.604239 -6.603367
12.497578 -5.670653
12.040925 -3.400597
11.837080 -2.868115
8.413980 1.319764
9.243692 0.615000
9.507412 -0.167036
8.993571 0.371157
7.364715 2.105888
3.931198 1.490126
1.045782 3.653952
1.407463 4.870120
2.352474 1.134634
2.666579 1.183585
1.685932 -3.973652
0.607481 -0.545856
1.651610 1.873615
4.566583 -7.279227
3.832862 -5.729191
4.874921 -5.904852
5.912794 -7.147254
4.733350 -8.978893
5.740933 -8.734199
5.061840 -5.029462
2.431246 -5.658989
2.058530 -5.339728
1.352291 -5.976357
1.768952 -3.736255
-0.925432 -5.765383
1.053757 -3.104016
1.108536 -2.910669
1.538741 -4.400485
2.454879 -4.376474
2.699899 -4.669593
1.721433 -6.665646
3.295228 -8.358325
7.124223 -7.917171
7.422565 -8.219765
8.969175 -9.904773
5.450413 -10.094150
8.126764 -15.422974
15.670968 -14.243333
14.711514 -10.930050
12.175049 -13.074576
4.985184 -4.261014
5.612813 -8.068759
5.569680 -9.327255
4.177948 -11.034612
5.823331 -12.424176
6.209578 -10.128589
7.847674 -8.207765
12.361286 -7.297107
9.148125 -8.094230
8.579380 -10.427591
7.177329 -10.783587
8.240122 -15.113815
11.553362 -14.990203
10.959039 -13.190850
8.752806 -13.812722
9.311057 -10.281750
13.205684 -7.804186
10.374143 -13.121054
15.768602 -12.727264
10.335562 -14.883475
16.586840 -18.520424
13.897727 -15.922083
17.183151 -7.778514
9.201625 -12.244191
11.572868 -7.207834
11.695544 -6.822811
11.205486 -5.108256
17.605791 -3.572494
15.598790 -10.444635
14.598089 -10.740460
15.544779 -13.788636
7.715397 -13.670041
6.765381 -8.212136
8.192581 -9.161468
8.013121 -11.554703
1.895199 -9.961946
6.503931 -10.662863
16.437580 -8.854741
17.361038 -11.125890
17.039528 -6.824622
13.343361 -7.675571
13.391253 -7.416408
7.038647 -12.697309
0.335232 -9.528272
3.907061 -9.290557
8.778838 -13.966824
7.463896 -9.152124
7.207988 -9.709699
8.246719 -11.143728
9.260138 -8.396828
4.776475 -4.965521
6.673652 1.851315
8.625002 0.712126
8.148508 1.362672
8.805305 1.554406
9.338747 -0.089519
8.382676 0.001879
7.846927 1.190148
5.970956 2.917884
4.377032 1.564789
6.340145 -8.589394
7.574960 -9.998616
7.930498 -8.274594
15.323434 -13.284518
16.427725 -14.473256
16.167824 -11.219151
14.717331 -12.509999
15.282179 -16.604435
4.592935 -14.146445
8.913157 -11.812396
7.739819 -12.166881
6.705221 -8.749071
6.691367 -8.418287
7.871631 -10.991484
12.868212 -7.099916
14.000287 -1.090467
10.690289 -2.512590
11.740484 -2.097192
12.723450 -6.042531
11.331165 -4.741117
15.510285 -14.395043
17.386749 -16.850592
8.295676 -0.210650
7.815521 0.000647
8.659533 0.847198
8.478822 -0.148792
5.338884 -5.256898
5.299791 -4.214318
6.094366 -5.889386
5.623681 -7.799674
6.075597 -9.693333
9.210793 -10.183043
5.374087 -9.225036
2.541831 -7.849092
3.955030 -5.578475
4.554307 -4.399106
3.309500 -4.550586
0.639733 -4.845721
1.118117 -3.578839
1.459505 0.372192
1.357887 1.551538
0.838053 -1.673896
1.395886 -4.421239
6.498261 -9.439700
9.321354 -10.749301
8.659357 -9.588758
7.030287 -7.952726
5.167482 -8.279194
7.400733 -9.337526
7.266259 -8.259912
4.419059 -7.825553
5.392214 -6.528510
6.132173 -6.547267
5.762084 -7.419762
5.337162 -9.353847
8.005530 -7.849113
8.944217 -10.304849
8.419930 -9.449610
7.412590 -7.847544
9.073246 -8.579566
8.956742 -10.887725
9.206323 -10.151746
9.100313 -9.930273
7.736204 -10.911838
10.293515 -17.515196
10.260378 -12.970939
13.712525 -15.024766
8.619249 -19.476112
