-14.446553 1.263356
-13.041678 1.311182
-8.874701 -0.692871
-7.862545 0.970068
-8.692886 1.599827
-10.365012 1.734759
-11.436005 3.051207
-8.492049 -0.010033
-7.440560 -2.222920
-4.745219 9.229987
-7.416053 6.610448
-4.714131 7.071230
-5.743695 7.526715
-5.502911 8.183767
-7.730376 8.354539
-10.778002 2.383496
-11.307285 0.787865
-13.363538 2.218764
-13.712498 7.727664
-15.671275 7.853368
-14.587610 6.742000
-13.013538 8.141310
-9.556453 8.801664
-10.281752 8.742949
-11.389482 12.209009
-8.751398 9.360799
-12.057730 8.724140
-10.490262 8.513986
-8.123199 8.675067
-7.687828 8.515766
-7.707529 7.351976
-7.796226 0.012747
-9.099954 2.533689
-7.574034 3.064386
-9.379019 3.048579
-11.599337 3.000781
-11.240665 1.723963
-11.333511 2.454880
-9.060368 9.357990
-10.042978 9.711400
-7.766072 6.769331
-7.798479 4.932638
-7.493444 6.991176
-7.918104 5.882669
-10.242915 3.208129
-10.597558 1.600151
-6.625286 1.050139
-5.971488 -0.163928
-8.208475 1.281701
-7.537958 3.213850
-7.687567 6.226333
-10.338697 3.189348
-9.093796 3.489314
-9.302637 2.714230
-15.796295 4.046385
-14.201760 7.002273
-14.469532 7.064770
-13.113423 6.479602
-10.550406 3.491012
-12.821705 0.995473
-11.761255 3.190275
-8.553472 1.837010
-10.423124 2.014408
-7.755956 2.441253
-8.744149 2.856608
-9.806309 3.049715
-10.846079 1.702711
-11.484432 3.312844
-10.499582 2.762542
-9.966533 2.417533
-9.743612 3.305233
-7.840417 6.075181
-5.158063 8.204371
-5.866325 8.103400
-9.566231 9.079000
-16.643200 11.148204
-14.128104 8.840969
-11.832702 9.984372
-12.221573 8.614432
-9.035378 8.893363
-2.824694 6.931441
-7.324013 6.794263
-6.936229 7.482997
-6.178594 6.370364
-5.948630 6.955768
-1.509256 3.179995
-0.810442 2.798717
-1.085952 0.602778
-2.467154 3.508694
-2.012025 2.536613
-2.895888 -1.995411
-4.295053 0.140491
-4.899906 -0.249956
-4.805180 1.262638
-2.676173 0.732999
-2.359029 1.637964
-2.321874 3.278017
-1.918751 4.295930
-2.471545 6.585480
-5.735611 6.564243
-6.056653 7.680047
-7.222758 6.824487
-3.960789 0.995514
-5.620733 -0.992776
-8.455664 2.316885
-12.528874 9.878645
-9.311400 10.189307
-9.394805 8.684376
-10.382146 8.542205
-11.604400 8.963470
-14.412181 11.642653
-12.485353 14.825107
-7.429945 10.673993
-7.555513 6.335719
-6.990949 7.438832
-8.303211 9.130963
-12.681784 9.197763
-5.297403 9.963489
-5.437282 7.534852
-7.015795 7.676157
-6.240234 7.701712
-7.383774 8.151786
-6.732572 6.949151
-8.389962 10.504838
-7.539305 8.941226
-6.386394 7.048428
-5.318809 7.660512
-7.113171 11.505533
-9.628021 18.729288
