-7.853012 10.048521
-5.327570 7.857924
-7.190184 6.816563
-6.106236 6.614835
-5.230508 6.590835
-4.142211 8.999052
-4.986076 7.263226
-5.399996 6.351284
-3.306011 7.256454
-4.229004 6.547257
-7.237637 9.252430
-7.890255 6.907131
-7.854529 4.648853
-7.821026 4.539864
-7.794804 5.361318
-7.672516 9.507994
-5.977914 8.851839
-6.788143 8.075906
-9.067698 8.946817
-8.414548 9.214471
-9.353949 9.042237
-5.568779 9.243666
-7.439432 7.484245
-7.781501 6.117262
-7.535316 5.423944
-7.713129 5.833133
-10.781502 8.725917
-15.842046 9.187099
-15.135040 8.381320
-15.447865 3.238409
-14.100937 5.942272
-16.013817 2.393020
-11.935932 9.152632
-11.063704 10.332454
-7.506043 6.009459
-5.130290 7.089823
-7.044148 7.023831
-8.058739 3.091536
-7.703577 3.604226
-5.450553 7.831898
-8.812893 9.022645
-10.211181 8.938549
-10.302609 10.054246
-10.165497 11.949576
-8.763906 9.659396
-7.159242 8.802394
-7.782937 6.108429
-7.214764 8.018188
-7.943338 4.078146
-7.502983 7.391755
-7.156569 6.472184
-6.458149 7.375190
-11.700899 12.607663
-9.148154 11.247384
-9.083367 9.079135
-9.845411 10.161761
-9.418922 9.365420
-8.195456 10.935510
-7.575012 7.534168
-7.907308 7.268297
-6.759503 8.283773
-5.753153 6.574577
-6.983957 7.446448
-7.827701 4.758458
-2.282747 3.276094
-1.197049 2.346118
-4.788265 6.431849
-3.863574 6.644032
-4.513690 6.786952
-11.401969 3.215132
-17.071217 5.385647
-11.745825 2.539152
-10.715854 8.684383
-11.582748 8.521588
-11.245180 2.994498
-9.484274 1.401623
-8.098163 -1.636963
-11.762915 1.348329
-7.723369 7.211844
-4.818779 6.968928
-9.708229 10.646105
-13.196306 9.069619
-14.063768 7.087950
-14.590649 6.140503
-17.363380 4.223155
-13.948627 5.641745
-13.132959 9.876445
-15.307804 10.091329
-4.006232 -0.469335
-3.968781 -1.356007
-3.874459 0.177809
-7.608633 1.542434
-9.927026 2.921948
-7.939680 5.346383
-7.902688 4.511575
-7.493357 7.492502
-7.869573 7.379609
-6.154395 7.980352
-4.543297 6.627183
-7.647573 3.190134
-0.049581 4.724803
-2.684574 7.872415
-2.377129 6.239758
-2.657122 6.970054
-1.161740 6.852215
-3.439024 6.727272
-1.422151 2.119011
-0.580212 1.767222
0.486343 2.231282
-1.657526 1.737761
-2.682923 0.585243
-3.689196 0.371361
-7.527491 2.536170
-7.566413 5.380616
-7.594476 4.307093
-7.685377 7.828953
-7.610912 4.860176
-7.621135 9.888574
-7.446064 9.700261
-7.232684 6.435756
-6.945612 6.633306
-7.524432 8.513862
-6.911379 6.975336
-9.825803 2.898189
-8.211518 2.919075
-9.017860 2.810122
-10.163095 2.739215
-13.259212 3.897067
-15.704436 8.356876
-13.806854 5.301514
-14.660059 4.659215
-15.388056 -2.166941
-9.471481 2.107658
-11.171839 3.081518
-8.690548 2.145967
-8.270988 1.213923
-7.759667 6.368576
-6.653792 -0.877802
-10.997596 1.156845
-12.730749 0.287117
-10.705664 2.968309
-8.365208 2.695555
-7.501874 3.159078
-10.224134 3.207692
-8.388913 2.482690
-8.500371 1.361210
-8.876484 3.444410
-10.583408 2.339620
-9.359944 3.063031
-13.094904 -1.145577
-10.172977 0.519415
-8.175890 -0.445478
-15.527796 5.040840
-13.033979 4.290390
-7.515502 5.870609
-7.762406 5.198035
-7.509356 5.644729
-12.993775 3.703533
-7.888160 7.667961
-8.240101 11.279206
-8.186252 9.128233
-8.256413 9.947198
-9.833906 8.581371
-7.924490 7.335812
-8.983791 2.202600
-7.993346 0.244819
-8.629610 3.334164
-9.640924 2.606356
-8.150537 2.393646
-8.310085 1.635718
-6.852486 0.992399
-4.885882 0.999612
-7.694380 7.405443
-7.129741 6.699924
-4.087451 7.453698
-7.906332 7.711084
-7.370658 6.501543
-7.470650 6.855154
-7.822790 5.300252
-6.546387 8.425208
-10.593546 9.692338
-10.137296 3.340005
-11.151841 0.641668
-9.540945 2.949727
-8.266510 2.901832
-9.768952 3.404210
-9.119231 1.234899
-13.443148 1.543337
-15.573799 3.764325
-13.223873 4.400640
-12.973902 1.821979
-10.818105 0.257634
-8.946131 3.115769
-9.491417 1.258353
-8.698840 2.784508
-9.861506 1.592952
-10.445740 0.067299
-13.521088 3.237052
-6.777532 6.519321
-8.471696 8.806121
-2.638602 6.740509
-7.631941 4.281043
-7.756472 7.234912
-7.804173 4.285933
-7.571281 6.156676
-7.598646 4.111562
-7.765273 3.695437
-7.542768 3.769258
-8.246920 2.573682
-9.079640 2.991777
-8.233229 2.643989
-10.058762 0.715722
-5.921483 0.728776
-4.646557 0.588157
-3.480616 1.221756
-2.104291 0.632558
-1.798347 1.547808
-0.974032 2.164286
-0.764293 3.192047
-1.615804 4.087656
-1.176055 6.389626
-3.797184 6.772090
-4.470462 8.349817
-5.099640 6.762478
-6.451633 6.513818
-5.617066 7.175397
-4.252241 6.631804
-2.137210 0.767415
-2.957452 1.270767
-2.036532 3.466391
-0.984498 3.705631
-2.298384 3.739836
-1.730410 4.165165
-1.182576 4.664458
-4.321241 7.420254
-5.483176 7.228090
-4.556898 6.802076
-6.626832 6.835727
-5.436555 6.589150
-7.416325 7.072780
-6.947150 6.426021
-8.923776 2.898146
-12.801537 0.970763
-15.314123 4.842052
-15.165395 5.519347
-15.226202 5.628603
-7.831944 4.203455
-5.207173 8.523060
-7.832893 4.878133
-8.014960 1.778162
-7.898882 2.151462
-8.014890 2.575711
-7.815323 3.337909
-7.665038 4.122782
-7.845857 5.495857
-5.909569 6.627278
-6.726323 8.762698
-7.206483 6.500519
-3.961312 7.054333
-5.406903 7.254172
-5.956445 9.717763
-5.726050 7.521236
-8.140090 2.597475
-6.808831 0.585992
-8.683550 0.882926
-5.960140 -0.028703
-6.395983 0.290311
-5.542545 -0.114242
-5.703404 -0.723274
-5.972312 -1.120215
-3.071490 -1.994468
-3.499434 -0.586000
-2.667265 0.812132
-2.594385 1.150568
-2.138494 0.698570
-2.571050 1.151020
-1.311232 1.833961
-7.644768 3.335414
-7.592897 2.367914
-7.528821 4.256728
-9.479151 1.047357
-7.453628 0.685723
-6.936146 -1.666669
-11.921316 2.598449
-13.963147 6.985454
-13.026604 8.949432
-16.209541 3.976290
-5.775421 6.560597
-9.354525 3.221781
-7.570763 3.063547
-8.330769 3.019272
-5.087198 6.928508
-7.736746 7.309422
-3.924539 7.280502
-5.478638 8.203477
-3.785086 6.443053
-0.905299 5.224476
-1.125261 3.831585
-0.717320 2.542271
-2.442165 3.237226
-2.170350 0.855491
-2.826385 0.023262
-3.584584 0.235555
-2.324543 1.171499
-2.036272 5.867177
-1.402724 5.171354
-3.568505 6.385375
-6.186604 6.727246
-7.553699 9.216983
-8.848494 8.703518
-2.829777 6.969326
-1.277617 6.679679
-2.935726 7.299104
-4.293208 6.571089
-7.058699 7.508301
-10.205216 9.204302
-7.591980 1.630491
-7.278288 7.333908
-7.784394 5.215593
-5.454798 7.264109
-7.266844 7.285112
-8.514983 10.302494
-7.222093 10.323895
-7.120757 7.003333
-2.014134 6.763602
-4.400277 6.878051
-3.546962 6.708506
-1.246340 6.199173
-1.950843 2.476695
-1.410032 2.465613
-2.411917 3.093572
-1.620871 2.784457
-0.787728 0.452403
-1.176267 3.531140
-1.982954 1.856484
-3.389395 -0.312675
-5.623217 0.695573
-3.261624 0.635617
-4.485221 0.201051
-5.579865 0.264488
-5.400701 0.285797
-1.758181 0.090858
-1.532547 1.315505
-0.168575 3.036368
-2.089350 3.690162
-1.643594 2.693682
-2.423186 2.398986
-1.192605 1.857729
-2.191458 0.517768
-5.042081 0.044004
-3.062387 -0.993327
-4.597906 -1.242970
-6.317459 -1.899241
-7.923530 1.854146
-7.887435 3.909883
-7.701830 4.710768
0.099837 2.061006
0.152617 1.967309
-5.533152 6.851751
-6.463306 7.060906
-4.880219 8.257726
-7.001913 7.350833
-5.345253 8.291656
-4.619414 7.467506
-6.568162 6.577692
-7.066417 6.822098
-6.113966 6.402077
-4.445853 6.321428
-4.130676 7.346640
-5.257424 6.849190
-5.280369 7.014072
-6.284844 6.664992
-5.845680 6.712268
-6.557144 6.751513
-6.107249 6.866488
-6.287817 8.170413
-3.523928 7.480612
-5.102646 7.355212
-7.349982 6.545696
-6.504588 8.659051
-5.324463 7.315857
-3.299970 7.729584
-6.997148 8.467923
-6.708786 6.787978
-1.953263 4.521637
-0.673501 4.091816
-0.456507 3.050852
-7.776484 5.292036
-7.613360 5.354560
-7.767318 2.081637
-8.597750 1.575940
-7.794802 3.759346
-7.474590 8.167454
-7.182171 8.151522
-7.556573 8.203384
-6.259931 8.135086
-6.692481 6.337834
-6.726878 8.126490
-4.835101 6.875255
-5.839797 0.518225
-3.600361 0.631818
-4.042155 -0.700182
-3.744903 -0.261811
-3.043313 0.246788
-5.079890 6.851233
-2.474524 4.958966
-6.688066 6.395717
-1.587911 3.283719
-1.759225 3.875132
-2.216845 4.146632
-4.617487 6.671633
-8.250113 3.383554
-7.694220 4.423971
-7.608312 2.722063
-7.893461 2.870500
-7.568351 4.719904
-7.516230 5.507921
-7.856395 2.644529
-10.732583 3.081916
-11.516567 1.993643
-5.878963 -0.362316
-6.716992 0.352319
-6.289231 -2.304784
-8.256015 1.443781
-7.622846 4.523613
-5.171957 7.029794
-5.113916 6.736121
-2.151750 2.533730
-0.861558 2.670327
-2.054039 2.583293
-1.808748 1.223060
-4.826074 0.017209
-1.086142 2.212214
-2.378954 5.616139
-2.290236 5.918458
-2.424182 4.722660
-1.777311 5.229440
-1.899261 4.496123
-4.440802 7.674058
-5.264119 7.565488
-6.098830 7.596929
-3.631878 7.098434
-6.710165 8.759896
-12.049048 8.592714
-10.240786 9.203339
-8.273383 9.446955
-6.019173 7.323256
-6.850136 6.691599
-4.872308 7.326109
-7.925575 6.758141
-5.733496 6.577420
-7.418454 7.982548
-7.688434 5.532166
-7.649255 2.879935
-7.615883 1.429062
-10.841768 -1.946086
-8.171611 2.635274
-8.547464 2.810781
-10.338104 2.888669
-9.151918 2.644182
-9.114849 3.322884
-8.756625 0.968454
-14.667175 0.290155
-14.065429 7.889191
-15.047490 4.438642
-11.537411 0.807978
-9.798307 2.389303
-12.061296 2.201992
-10.092817 1.102914
-7.451518 1.106988
-5.743734 -1.476497
-5.073380 0.887773
-3.312854 0.439598
-2.305530 1.421216
-2.245140 3.289012
-2.339952 4.178788
-1.688105 3.042907
0.316600 2.724413
0.461982 5.263624
-2.872208 6.547136
-2.754412 7.823797
-6.532852 7.211457
-7.953764 7.477986
-7.572576 11.840352
-5.744216 6.638304
-5.371444 6.678339
-7.927342 6.418697
-6.559546 7.022937
-6.557877 6.492824
-7.284026 7.032496
-6.940015 7.443318
-4.352214 7.045157
-3.797195 7.472413
-1.305341 5.726433
-2.235068 4.157938
-1.016162 4.779383
-0.630201 5.264577
-2.470334 5.119916
-2.041626 3.146047
-2.391240 2.533200
0.165132 3.493773
0.467482 3.748513
-0.907789 3.368012
-2.156722 4.537733
-0.974826 2.705623
-2.193014 3.600254
-2.061097 6.029891
-2.219056 4.750127
-2.027102 5.278664
-3.884743 6.623384
-3.799561 7.348727
-3.839464 8.342663
-5.923195 7.483814
-5.194584 6.887628
-7.170152 6.855273
-7.850534 5.699377
-7.742277 7.251138
-9.335396 8.665404
-7.722589 5.251843
-8.743664 2.073325
-8.918884 9.119035
-11.679007 8.552499
-1.917318 6.678965
0.214809 3.858716
-9.281702 3.018425
-11.012670 3.472615
-7.842310 5.545904
-5.857751 7.873533
-4.222006 7.113572
-7.327476 7.983617
-5.024987 7.299059
-4.466948 7.277982
-8.966079 3.039056
-5.574266 6.873033
-6.021630 8.524762
-5.380580 6.944401
-7.879268 5.991952
-9.394694 2.515938
-10.089602 3.318037
-10.714252 2.513818
-8.226647 2.955531
-8.210407 1.355528
-9.469404 3.469322
-9.818372 3.113110
-4.495775 0.821269
-3.365297 6.473181
-4.032598 6.668153
-3.715440 0.573000
-8.680912 2.415792
-5.926886 0.747535
-3.498997 0.516000
-5.463285 0.486866
-6.374212 0.989209
-6.193050 0.900331
-4.092625 0.505712
-3.324838 0.802446
-3.954310 -0.381613
-1.235479 3.090801
-1.909052 5.706478
-2.051639 8.058183
-4.073190 6.432197
-4.879709 7.720122
-7.814906 6.745423
-7.687961 4.734314
-7.900227 4.907313
-7.898152 8.402460
-5.417640 7.801548
-10.155836 9.148183
-11.987680 9.529344
-6.214790 8.400626
-4.430515 8.063198
-6.573951 6.743788
-6.320415 8.173773
-6.643920 8.388175
-5.572495 6.774830
-6.613259 6.605552
-4.797156 8.006512
-6.922081 6.758357
-6.666802 8.171848
-5.796431 8.185285
-7.207604 8.820881
-5.676798 7.717548
-6.022796 6.783889
-5.261876 6.947279
-7.705361 7.943264
-7.554550 5.520518
-7.703458 4.941947
-7.373816 -1.867325
-7.563664 0.967375
-8.243363 2.703828
-9.126381 -2.365669
-5.730997 0.159346
-6.487944 1.188917
-5.207873 1.086195
-5.418538 0.169705
-5.416978 -1.037413
-5.038844 0.487586
-2.160946 1.284963
-4.700144 0.890770
-9.083887 2.961644
-8.301691 2.595487
-7.516954 5.189134
-7.514124 2.604165
-5.189774 6.685639
-7.808611 0.992473
-7.829268 3.613953
-5.884857 6.657765
-8.695188 2.843139
-8.066360 1.651485
-4.901306 -1.954564
-4.243323 1.296068
-4.042317 -0.054786
-5.217567 0.408674
-5.068299 0.659872
-7.733165 2.576097
-5.418920 0.522323
-4.315836 0.125228
0.641362 1.523796
-2.772165 0.912034
-4.588218 0.365336
-5.175442 6.367796
-11.792155 1.831685
-6.041073 0.654023
-5.765501 1.256189
-7.115843 0.608215
-7.116539 1.029207
-7.434596 -0.263258
-7.877577 5.085348
-7.534318 3.466251
-1.112881 3.420155
-1.548440 2.449162
-4.524893 6.378891
-1.135360 5.936856
-1.928825 8.564324
-6.247489 6.838858
-7.388801 8.404044
-6.539976 7.765746
-5.060210 8.377809
-9.781138 3.302604
-8.811201 2.381969
-7.492929 5.368879
-6.459559 8.096324
-6.586392 9.118917
-6.956758 9.919015
-15.990746 10.407989
-10.773445 8.728657
-10.391806 9.652461
-7.024167 7.317739
-6.411178 6.372336
-7.156256 9.732784
-9.857864 9.075534
-9.714461 9.738283
-8.321362 8.780574
-9.937534 9.966370
-7.534210 8.858486
-14.412822 9.995979
-13.168769 3.512640
-6.574262 -0.361958
-3.189003 1.041256
-3.084302 0.688841
-1.625054 1.713948
-7.777996 4.719220
-15.290218 10.934538
-16.614536 6.938318
-14.357052 7.077875
-12.407701 8.691385
-9.104465 9.649686
-7.012751 6.685617
-10.691536 9.139906
-8.589285 8.788130
-11.778641 3.349934
-10.424971 2.719300
-8.980576 1.165899
-7.595554 3.643847
-11.887072 2.635101
-14.885876 3.409817
-12.771875 3.203174
-13.749375 6.900462
-7.716753 9.305266
-9.876076 9.224038
-15.044372 9.347075
-10.554892 9.326430
-11.935496 8.560278
-13.276734 10.433699
-15.200609 6.431117
-14.260166 5.008265
-12.880025 9.453524
-14.615486 4.705381
-15.221283 3.783237
-7.680876 7.449888
-5.091380 7.815001
-4.673086 6.650083
-5.139832 7.419945
-6.412134 7.560095
-7.500600 6.406507
-7.643387 8.316887
-8.596779 2.962325
-10.349125 3.274724
-9.018371 1.633488
-3.730139 0.382775
-4.664944 0.307848
-3.591354 0.738150
-4.308253 0.722068
-3.643695 1.246223
-6.860235 1.194613
-8.347903 -2.949849
-8.668022 1.758187
-10.344223 1.521668
-8.542909 1.288131
-7.639766 4.618418
-7.783865 5.703918
-7.803975 7.136035
-6.864392 7.491973
-8.512111 9.022670
-7.878386 10.148609
-11.726036 11.694257
-8.920385 9.367860
-8.889097 8.607072
-5.161760 8.958035
-6.964133 7.631811
-7.293537 7.878211
-7.120754 6.386733
-5.838957 8.296239
-6.237117 9.419822
-3.890509 8.595649
-2.090147 6.962058
-2.474119 3.655297
-1.338989 0.511920
-1.598666 2.188838
-7.651542 6.561658
-7.507069 5.551933
-8.228823 1.894859
-7.932865 3.429149
-9.400814 2.667572
-13.813166 0.656693
-9.127941 1.940634
-10.380613 -1.639666
-5.070724 1.137314
-4.429758 1.067366
-4.827203 0.923254
-4.973299 -0.300026
-3.012028 -0.143023
-5.677970 0.967184
-5.522166 -0.144029
-3.424163 1.219443
-1.952165 1.122952
-2.421803 1.508248
-1.612908 3.189864
-1.856523 3.695707
-1.573645 5.532003
-3.116682 6.948974
-2.102276 5.448564
-1.075779 4.342492
-1.799070 4.079509
-2.368260 4.052357
-2.046562 2.059556
-2.343543 3.784512
-1.274528 5.942310
-1.830099 3.957812
-2.154414 4.097405
-2.389795 4.666195
-2.545372 6.441462
-1.073865 5.507525
-1.416931 3.149827
-2.473463 4.194017
-2.368580 2.779292
-6.754139 0.427024
-4.534600 0.587842
-5.279183 6.706732
-4.901891 7.448840
-5.923225 6.858157
-6.018929 7.709531
-5.844225 7.002658
-6.927572 6.681520
-7.744279 5.432772
-7.695276 5.113325
-7.514721 6.764078
-6.780695 6.753850
-6.196807 7.113995
-3.918194 6.756424
-1.742322 6.980901
-3.437348 6.441867
-6.203317 6.894908
-9.111723 9.657858
-13.784803 9.033086
-13.544868 6.549707
-16.957861 0.080163
-11.917832 -0.946593
-10.478630 1.840331
-6.022556 -0.674172
-9.611334 0.831237
-7.628224 2.854017
-10.992009 1.633904
-8.481436 2.563504
-7.883611 1.609314
-7.529543 4.453781
-7.578496 9.590848
-5.579735 8.283228
-7.342950 6.517303
-6.294284 7.008715
-7.016059 7.343512
-6.916601 7.287021
-6.033589 8.509834
-5.156789 6.875305
-5.755848 6.943113
-2.158990 2.534657
-0.361679 -0.463162
-2.673073 1.187158
-3.796734 -0.470692
-1.990667 -0.327927
-1.699122 -0.565257
-3.948570 0.644200
-3.174812 0.803907
-3.029653 1.207856
-6.277707 -0.025045
-6.860014 0.805238
-7.946104 1.042627
-7.764956 2.902528
-7.961304 2.589042
-7.753011 5.461446
-7.830910 5.272301
-7.556923 5.732243
-4.907077 7.395593
-7.541574 4.566285
-7.868015 3.727735
-8.677441 3.243769
-7.650779 2.666536
-1.110122 4.179033
-1.529800 5.001629
-2.032041 4.962255
-1.551588 6.678263
-4.113035 6.404297
-6.387316 6.729074
-7.125065 7.286863
-6.863435 7.179872
-6.675803 8.030772
-5.097003 7.793543
-6.074466 8.165177
-5.674280 6.404987
-7.766015 4.544546
-7.660510 7.028586
-7.701717 7.953850
-4.201439 7.520885
-9.467541 8.909526
-9.109074 8.690224
-10.714120 8.794753
-5.802191 8.780808
-4.899229 1.102894
-4.548202 -0.155550
-5.032325 -0.374474
-3.896475 0.976973
-6.132952 0.838163
-7.792291 -0.009130
-3.931880 6.842973
-4.117094 7.610551
-8.121376 2.772344
-7.724453 3.460174
-8.477927 3.248187
-5.364837 0.991849
-4.845347 0.093068
-4.911462 0.532694
-8.578924 1.002790
-8.760351 1.790420
-10.827526 3.054074
-10.323488 2.272171
-8.678227 1.161247
-9.749202 2.450683
-7.640348 5.559548
-7.609349 4.345240
-7.650863 3.280534
-7.566849 3.266018
-8.489820 3.475723
-8.509811 0.115183
-7.984909 2.882783
-7.673701 4.953398
-7.701454 5.690768
-7.645988 5.670374
-7.944537 6.503665
-6.736343 7.309641
-7.718302 6.770080
-4.831894 6.376725
-7.624655 6.021967
-7.381586 7.826816
-6.764671 6.344664
-2.026308 2.550153
-2.051494 0.226190
-1.575131 2.118082
-0.194815 1.275339
-4.076258 0.539612
-5.860812 0.886410
-6.108435 0.319790
-5.928390 -0.221335
-8.324705 -1.046055
-10.377571 0.779015
-9.537768 3.314569
-9.486020 2.783159
-7.635836 8.064737
-4.924496 8.735105
-8.486162 3.472364
-6.687371 6.907146
-4.622700 7.251738
-8.466612 9.422680
-7.673044 7.068209
-8.673192 3.173487
-9.864198 0.694548
-9.984123 3.009723
-11.310465 0.371624
-7.608952 -1.202050
-8.159226 2.520475
-7.748013 4.026442
-13.659549 4.393769
-14.098919 2.297625
-13.222702 6.886680
-7.565323 5.999305
-6.193995 6.719615
-7.843776 8.221211
-13.007778 9.001224
-14.579692 8.145852
-8.744743 9.656371
-7.024688 7.456144
-7.729496 6.156076
-7.532559 6.596191
-7.790285 6.790699
-7.774598 6.016843
-7.930710 6.573593
-7.764501 6.348139
-5.341354 6.739461
-5.647219 7.675667
-7.259294 6.911856
-6.663640 6.521744
-7.799438 7.203339
-7.819518 4.933104
-7.944662 5.003739
-6.666055 6.785377
-7.474054 7.374905
-8.018188 2.894170
-7.474717 7.514364
-7.800756 5.765980
-7.661222 2.977021
-7.633372 2.764492
-8.934795 -2.676948
-7.407688 1.243908
-4.884929 1.183753
-5.321583 1.284706
-3.846658 0.636793
-4.486117 0.907869
-3.807574 0.047635
-0.782118 2.033724
-1.863244 1.390067
-1.673200 3.543077
-1.219330 2.701060
-2.310456 2.972654
-1.660987 4.284471
-2.282539 8.285613
-3.531671 6.787103
-4.547522 6.873750
-5.952454 6.585719
-6.310847 6.377513
-5.389264 7.933390
-5.075492 7.068824
-6.835469 7.703931
-6.943314 7.994930
-6.387870 6.807943
-4.096049 6.758296
-6.348677 7.209080
-6.630511 7.909312
-3.774457 7.828158
-4.210870 6.888452
-3.954206 6.522768
-5.797894 7.556003
-4.526184 6.609510
-3.798820 6.498469
-1.632667 2.020663
-1.957571 1.833415
-7.504426 4.931494
-13.418673 5.716400
-15.629267 9.840524
-18.125778 1.538204
-10.511438 2.585458
-8.506509 14.193229
-8.009996 11.326924
-4.782053 8.949111
-4.285396 8.090946
-3.881069 7.097091
-2.200706 4.210251
-0.448343 4.514167
-2.812917 7.603271
-3.846885 1.075722
-4.537690 6.781575
-1.635483 8.009381
-3.668851 7.686549
-2.697386 6.812621
-7.664366 5.188463
-2.690321 1.217629
-2.875346 1.052114
-3.523812 0.151811
-2.594914 0.249727
-2.839381 1.170109
-4.471420 0.601561
-6.911790 -0.060289
-7.102885 1.206491
-6.487858 1.239752
-7.398748 0.047940
-7.594853 1.636342
-7.650410 4.294824
-10.374891 8.560189
-10.687235 9.358685
-7.026294 7.332720
-9.495324 -1.932003
-8.495860 2.863623
-8.714310 3.104747
-12.014508 1.025093
-10.216877 0.963531
-9.939767 2.728110
-11.873579 2.596324
-13.365400 0.972108
-12.105259 1.566112
-9.474514 2.611084
-9.100266 1.119024
-9.508390 -0.180842
-14.338182 1.760579
