-16.256376 1.282187
-14.138997 3.660425
-8.106861 2.570269
-7.966324 3.041208
-9.122202 2.599070
-9.394902 1.918104
-7.080832 1.026371
-4.259209 -0.130538
-4.535668 -1.551204
-4.901630 -2.061235
-3.181449 0.087868
-1.846394 1.271977
-1.854481 2.727480
-2.231108 3.165452
-1.208353 2.506388
-1.008736 3.389699
-1.674420 3.296261
-2.272162 4.631693
-1.897591 3.223084
-2.289801 3.979928
-1.920496 5.316831
-4.736161 0.985968
-4.927939 0.847972
-4.336232 -0.764479
-4.868675 -0.941785
-4.355182 -1.558777
-4.034916 -1.895628
-9.015203 1.563935
-8.074659 2.382662
-8.908920 3.335581
-10.260918 1.873448
-10.230022 1.771578
-10.939646 1.574326
-9.993088 1.847504
-13.105998 3.445742
-13.116749 6.384172
-16.627926 8.985744
-9.958092 9.219255
-10.937347 11.155968
-6.523264 9.126975
-6.353028 6.433344
-5.495359 8.868813
-5.903992 9.303356
-10.574795 9.705857
-7.350330 11.144875
-6.488118 7.750336
-6.854915 6.855226
-5.523674 6.605541
-7.903111 6.671427
-9.128101 8.739982
-6.189394 6.331401
-7.807281 8.286200
-6.538414 8.001388
-13.486782 6.059256
-4.066831 10.768676
-6.793899 7.231638
-9.582262 9.716207
-4.626400 8.212686
-7.535130 7.977557
-6.201863 6.642848
-10.202321 9.316678
-6.524642 8.568677
-7.640507 6.587079
-8.775232 2.230350
-9.138534 1.625837
-11.524761 0.488436
-13.968924 1.955367
-11.111581 3.445019
-9.545745 2.870714
-9.303620 1.328622
-8.642735 2.389233
-14.306699 3.082191
-10.493156 3.294863
-7.832820 6.922292
-7.949785 5.724003
-7.724862 5.087596
-9.054953 3.093811
-11.824339 2.891622
-9.382154 9.464208
-10.909203 9.085510
-13.215532 5.206182
-13.545161 2.851159
-10.733240 0.608128
-12.133766 -1.957609
-11.064161 3.305485
-9.300235 8.692641
-8.405356 9.484838
-7.261560 7.924027
-7.353361 7.236042
-7.640619 5.907860
-7.621217 6.565375
-6.861883 7.099025
-4.885048 6.979362
-5.061834 7.325525
-3.425793 8.246443
-0.609164 4.133021
-1.884696 3.865049
-1.293723 6.540238
-4.706241 7.750823
-6.090267 7.232326
-4.366092 7.615088
-2.163018 6.049851
-1.967290 5.067223
-1.962019 3.743240
-2.087477 4.195914
-2.130403 5.428886
-3.093410 0.649384
-0.896044 2.252189
-1.574980 2.401833
-2.104064 3.072303
-1.755863 6.429827
-1.414389 2.226744
-2.328266 3.200270
-1.341932 1.446646
-7.671871 5.352943
-5.410344 6.673753
-8.266563 8.789651
-6.636089 8.093092
-6.642953 7.196296
-6.579597 6.966911
-8.372485 9.094771
-12.324284 10.093922
-7.669659 10.784890
-6.661739 6.678952
-7.144430 7.376163
-7.665230 5.869312
-7.639098 5.436138
-7.927764 4.574972
-6.923306 8.781563
-2.477862 6.518449
-2.359685 4.362808
-2.383842 4.636576
-2.110387 3.730265
-1.491682 2.403926
-2.146182 2.385680
-4.668158 7.457067
-5.452621 7.736547
-5.095405 8.462818
-9.490206 8.962440
-7.491466 8.418309
-9.375472 10.198649
-7.825553 7.858845
-6.366877 6.998898
-4.770722 6.904368
-5.605875 7.148737
-2.806815 6.411132
-2.992179 7.049341
-5.633903 6.936378
-7.789013 6.941920
-6.333521 7.049153
-6.151273 7.440379
-2.904787 7.012983
-3.127903 8.135998
-6.397488 9.943747
-6.721224 7.115866
-4.769666 6.581351
-4.414040 7.190945
-6.427952 7.514518
-2.801800 6.439223
-2.359486 7.807012
0.315689 4.109005
-1.080809 3.655021
-1.853530 5.713264
-3.205797 7.305994
-1.095505 4.493643
0.556861 2.943195
-0.298362 2.630333
0.461176 1.711656
3.073568 1.881078
5.646949 0.060847
6.833903 0.683459
7.738196 1.833484
8.804741 1.471950
8.904108 2.159189
5.805837 0.236108
4.886522 1.841340
5.874601 2.485872
4.861611 0.830699
5.339078 -1.357255
2.129105 -3.527590
6.393348 -6.304638
9.961272 -9.869037
11.048637 -4.531462
11.606830 -8.925424
8.989468 -6.108614
6.786970 -7.464549
9.548193 -6.149835
11.025286 -10.034713
8.181878 -8.207781
5.817047 -6.622275
4.666577 -5.151913
5.353225 -4.193917
4.920675 -4.713965
5.988174 -6.197304
7.734055 -5.399554
8.538782 -6.547922
6.097223 -8.025521
8.011389 -7.536335
5.425641 -7.949505
3.569586 -3.280611
5.197759 -0.569459
5.457546 2.558181
4.732081 1.171409
5.033645 -2.324879
4.188511 -6.472134
6.964943 -5.611051
5.412912 -8.121861
3.965385 -7.279481
4.165149 -3.712325
4.483083 -4.650048
3.665849 -1.579273
9.123057 2.678894
8.002189 3.236826
7.423884 1.509475
4.086732 -1.327649
4.614594 -1.928279
5.820325 1.092674
5.243055 1.065450
6.051919 0.126237
6.830024 2.132096
7.403757 1.033782
6.216553 1.109118
6.574454 0.835310
9.332318 2.662591
10.594283 2.034901
8.875560 1.559107
8.440431 2.118858
8.804558 2.022312
12.850275 4.203364
14.076236 -0.487327
