-16.138481 -18.645935
-15.646925 -19.131601
-8.861647 -17.316629
-8.985826 -8.252014
-11.610288 -5.711081
-17.906940 -11.419345
-15.545805 -10.910068
-13.981850 -11.404776
-15.141273 -8.566032
-12.607274 -10.029468
-9.368188 -8.725768
-4.465589 -12.503566
-11.358932 -16.355906
-9.230851 -13.931189
-5.231562 -11.812729
-1.386254 -9.604736
4.644363 -2.760550
4.862952 -0.832695
4.001744 -0.027812
6.407414 0.170389
7.014834 1.439161
10.548784 3.935769
11.118794 2.969154
15.321121 7.589367
17.689447 5.320876
