6.804570 -16.624937
2.948079 -13.382419
1.451734 -10.214227
0.977335 -3.649564
-2.112892 -0.557845
-1.848530 0.908712
-2.427233 2.103755
-1.125068 4.152696
-2.382847 6.708507
-4.015897 7.313945
-4.521945 6.754570
-3.187257 6.588814
-4.988538 8.241137
-1.593345 6.554003
-0.881822 6.401447
-2.356967 6.169348
-1.792798 4.534691
-2.346578 2.954880
-2.177147 6.231513
-0.523503 4.062083
-1.208644 3.467915
-1.562891 5.076270
-1.866659 3.300336
-2.034066 6.240637
-4.116803 6.775301
-4.463771 6.439306
-3.743912 6.375751
-6.940394 6.791630
-7.681752 9.031425
-14.369114 16.853012
