7.112298 9.117642
5.403581 5.534804
-2.122082 3.613732
-0.827283 7.874718
-4.115841 8.171788
-6.010141 6.310890
-5.496030 6.820079
-4.986681 7.941484
-3.709243 6.364617
-6.610061 7.432800
-4.723353 7.402448
-3.080150 7.410789
-1.536541 5.340590
-1.129163 2.481766
-1.354388 1.503481
-1.779098 1.305761
-2.470671 1.360165
-1.307080 2.376288
-2.437032 2.295185
-0.807651 -2.391516
-3.092000 1.224097
-4.428467 0.790765
-3.269910 0.884486
-4.651982 1.272681
-6.622232 -0.162415
-3.305578 1.225946
-4.897898 1.246519
-5.089406 1.021487
-6.733940 0.054078
-0.677766 1.581567
-2.476737 2.171269
-2.956258 0.321696
-2.676499 -1.380329
-2.726045 0.715369
-4.184713 0.990321
-3.589041 0.362957
-3.879912 0.953618
-5.528121 1.165690
-6.794208 1.269447
-6.090636 -1.299090
-8.944796 1.401697
-7.598736 3.369146
-8.865344 1.838156
-9.425946 3.275658
-8.978654 2.980018
-7.588726 2.027355
-9.492350 1.555328
-8.344268 2.352775
-5.664114 -2.974190
-5.129120 1.280880
-4.315768 -0.743884
-6.800715 1.308937
-8.216012 -0.052847
-9.307123 3.424617
-7.901299 3.418396
-8.928446 2.402176
-8.773901 3.011379
-8.043026 1.886040
-11.006420 3.441368
-8.477756 1.484587
-9.734399 3.071523
-8.194127 3.124141
-7.691489 3.153591
-8.077091 3.197021
-11.109655 2.512297
-9.068974 3.333325
-8.479948 2.708222
-7.503594 7.396730
-6.362311 9.333338
-9.332977 8.887345
-6.300039 7.130602
-6.968849 7.027329
-7.892690 9.279369
-6.782729 7.868949
-5.336240 8.166238
-6.156344 7.060264
-6.301150 6.410092
-2.745421 7.190693
-0.833744 1.650055
-0.783634 0.074533
-2.762017 0.390693
-3.029067 1.294043
-3.508521 0.787608
-6.302779 -1.023394
-2.476429 2.311463
-1.367824 4.119759
-2.173179 4.235312
-1.650063 4.878671
-1.716328 4.533582
-1.948179 5.847459
-1.729090 5.045414
0.647556 4.479591
-5.016971 6.496945
-7.389582 7.228625
-7.701547 7.325230
-7.683608 4.171411
-7.831080 4.928401
-7.740292 7.635547
-5.445081 6.572529
-4.674490 6.312215
-3.480316 7.196558
-2.312589 5.533780
-0.912134 4.434311
-1.926482 -0.205296
-0.653644 -0.568498
-1.733964 0.384548
-4.250600 1.048693
-3.720272 -0.188220
-3.568598 -0.294177
-3.883137 0.641571
-2.146001 0.898829
-1.614011 1.267045
-3.969888 0.843538
-3.828167 0.942083
-7.539424 8.538544
-7.422556 7.456385
-7.946851 5.468987
-7.859495 5.053408
-7.598744 -0.081538
-10.847938 1.478324
-8.844732 3.212497
-9.108624 3.240102
-7.900114 2.849631
-10.062958 1.638610
-6.769001 7.970234
-7.808858 7.153848
-6.232097 8.038677
-6.052956 6.837084
-6.840453 6.489246
-7.883228 6.367127
-6.288562 6.891997
-5.357700 8.399343
-4.298288 7.767765
-3.472940 7.846456
-2.608025 6.966152
-1.787435 4.697117
-1.483364 1.444353
-2.616726 0.312827
-2.707579 0.455324
-4.500591 1.016958
-5.363085 0.165788
-7.190491 -0.867038
-6.321425 -0.454222
-8.491455 2.025367
-7.719327 2.174600
-7.767427 3.872057
-7.497807 7.950609
-5.640969 9.566872
-6.308983 6.772637
-6.515757 6.445467
-3.138035 6.407372
-4.575826 7.492589
-1.201114 7.920759
-1.019610 3.170226
-1.698487 5.417998
-1.913695 4.071400
-2.138938 2.974918
-2.347286 5.383152
-3.826912 8.202673
-5.531100 9.729388
-7.123888 7.642183
-7.678245 6.006143
-7.645190 5.591745
-2.370041 3.021238
-1.798216 2.240077
-2.119786 0.126706
-6.171931 8.541257
-6.177497 7.783776
-4.985005 6.732510
-4.354846 7.567286
-5.691533 6.449700
-6.402188 6.550400
-6.798786 6.439150
-5.498084 8.263462
-6.792315 6.798238
-7.228318 7.579529
-8.398813 12.607752
-9.496540 8.606803
-9.919216 10.422037
-12.282681 9.232234
-13.529048 5.135677
-14.248279 2.463364
-11.982519 2.564808
-16.255772 4.401448
-11.316664 1.193886
-14.695078 1.152212
-12.442401 0.472594
-10.141808 2.267420
-12.982284 3.483216
-13.236423 8.088832
-12.961960 9.788925
-14.461552 10.390170
-5.525528 7.609292
-6.066218 7.480430
-9.075917 8.784953
-7.555995 4.338444
-5.677731 6.884550
-5.633322 6.612791
-7.339650 7.404928
-7.692381 5.287038
-10.440813 1.297632
-10.725831 2.944438
-9.964629 2.147285
-8.701879 2.155941
-8.174419 0.698501
-6.813358 0.938042
-6.708935 6.924788
-5.350160 7.309985
-7.418416 7.197357
-2.131282 4.036999
-0.473192 5.800549
0.425171 4.734976
-2.467061 6.648854
-5.379468 7.035221
-5.644927 7.620300
-5.740310 8.578713
-8.671271 8.740286
-7.801319 6.781793
-7.254179 7.448284
-7.701807 5.825161
-7.900759 7.732782
-6.480376 6.819745
-7.656331 7.070874
-14.046740 4.751395
-9.130350 -0.674350
-8.587820 1.678238
-10.750067 3.205524
-8.719817 1.880610
-8.997143 3.464441
-8.305367 2.832859
-8.781340 2.988246
-7.882575 3.501667
-7.245544 8.661630
-6.537586 7.428122
-7.851553 6.930292
-7.468461 7.675897
-7.833884 9.496068
-4.811402 8.315904
-8.433736 9.005022
-6.831725 7.503305
-7.689376 6.246561
-5.001393 7.969719
-2.897594 6.454960
-4.256976 7.083421
-6.954047 8.086976
-4.269905 10.101082
-7.157895 8.425635
-7.935055 6.796782
-7.832683 8.754575
-7.788162 4.240534
-1.746039 2.861225
-0.364985 3.906431
-8.711203 2.168573
-6.489990 0.865669
-4.108468 0.199994
-5.064756 0.324444
-4.957948 -0.229060
-6.033630 -0.291255
-5.215339 -0.338225
-8.670661 0.838598
-7.711650 5.135318
-7.597250 4.376648
-8.769889 1.123986
-7.618031 2.670112
-6.262326 7.175034
-5.410533 7.948373
-5.733933 7.912659
-5.748485 0.325312
-4.788169 0.252850
-6.647193 1.048496
-7.529180 2.205668
-9.563723 3.440300
-10.340705 2.653562
-8.574913 1.714582
-8.018242 3.048102
-7.493064 5.081829
-7.641305 8.900392
-7.811574 7.535592
-8.962329 2.896784
-7.504438 4.922370
-14.500538 5.790201
-6.022132 8.264402
-7.338938 10.724488
-10.811190 2.262417
-10.448413 8.689612
-14.876591 8.486221
-13.730520 8.223022
-13.839561 2.342067
-13.938148 1.132318
-10.882158 2.832800
-8.041195 9.704870
-4.887099 7.822007
-13.369659 8.170880
-7.460151 8.812786
-10.270210 9.241534
-9.540512 10.103786
-5.206492 7.343441
-6.851851 7.509529
-7.835941 5.624975
-7.824044 4.645257
-7.541561 5.378787
-7.824941 5.139141
-7.770693 2.516478
-8.504670 3.197890
-8.510468 3.470545
-11.178784 3.220629
-15.492447 3.344433
-13.035818 0.379197
-13.750711 5.503217
-14.753414 5.609535
-13.386704 4.578810
-14.433404 7.027926
-12.792141 8.631184
-8.599327 9.325427
-10.555458 8.891992
-10.560968 9.091416
-11.364677 9.200990
-10.159719 8.752234
-12.268847 11.419307
-10.926552 9.902187
-4.745185 9.560531
-5.957273 6.581524
-4.808788 6.871074
-5.053231 8.365005
-2.809909 6.911739
-2.914904 8.584867
-3.714913 7.370743
-2.747333 7.935197
-0.545781 4.285504
-1.993761 2.428524
-0.972919 2.545740
-1.758902 4.003317
-2.368014 3.693221
-2.249599 4.876623
-1.192353 2.785799
-0.981243 4.813823
-4.165468 9.060545
-5.626235 8.434725
-4.428781 6.849859
-2.435605 6.415200
-0.968021 4.107725
-0.654525 3.721250
-0.568066 4.530893
-0.993529 5.799207
-1.136275 4.663400
-1.258950 3.540695
-1.762256 4.237575
-1.932016 4.196509
-2.354196 4.066995
-1.062399 4.148044
-0.795132 4.930937
-2.340514 6.645881
-3.841417 6.707518
-2.582167 6.380814
-1.840051 6.552886
-0.728996 3.099739
-1.266286 4.876720
-0.944630 4.141639
-2.055470 5.346305
-1.164598 5.074322
-2.396518 4.378198
-7.567526 4.102871
-8.100380 0.854764
-5.928349 0.660812
-6.096767 -1.253019
-5.592046 6.864906
-7.868499 3.295695
-5.912431 0.670568
-6.000635 0.436532
-4.955433 -1.443902
-3.736379 0.115460
-3.947275 0.862780
-5.677886 -0.168239
-7.171463 -0.368671
-9.187949 3.104314
-9.178444 2.411508
-9.889608 2.649033
-8.184429 1.746639
-6.185902 1.055822
-8.013447 1.391096
-7.803094 6.280746
-4.289905 7.377873
-5.473181 7.379860
-6.195862 6.832675
-5.517238 6.768036
-4.635450 6.863843
-7.578525 8.890792
-4.549716 8.250045
-7.646446 4.921842
-9.143182 1.254136
-8.956610 2.259931
-8.923432 2.775481
-4.188834 0.724049
-4.578309 0.654844
-4.793491 1.263867
-10.929656 9.109284
-8.716387 8.567806
-7.325936 7.433589
-7.024392 6.796478
-2.375366 4.118449
-3.209173 0.138958
-5.482063 1.277046
-9.655849 3.488786
-7.927890 7.103312
-10.132946 11.343556
-9.906150 10.586070
-9.747680 10.378972
-8.191213 10.782060
-7.025354 8.412298
-4.866524 8.491728
-8.063024 8.558450
-6.632111 6.520102
-7.877360 6.947954
-10.262367 3.493221
-11.231324 2.088819
-5.759656 9.905297
-9.795732 2.382330
-7.527009 3.154480
-7.623375 7.550524
-7.516869 -0.082312
-9.402095 -0.621568
-7.091817 0.585310
-9.376428 1.703636
-9.196209 8.678681
-10.015124 8.873138
-10.444181 10.325702
-13.067287 6.846936
-13.500122 8.293061
-13.316529 10.461338
-9.699368 9.225071
-5.719161 7.572221
-6.640066 8.050396
-7.729189 6.056078
-7.611238 6.900724
-6.118614 6.794496
-7.775734 7.036438
-7.389799 7.129220
-5.289771 8.075827
-6.509482 6.549236
-5.378894 6.848169
-3.669423 7.075586
-7.758156 2.730024
-7.675870 2.620036
-7.614808 4.453080
-5.404516 0.135307
-7.885229 3.572929
-8.580339 0.293034
-2.240320 3.025249
-2.431109 4.006538
-0.383150 2.169842
-1.370335 4.870819
-4.429604 6.949340
-1.976045 6.939265
-3.741539 6.817089
-5.971122 7.936913
-6.452195 6.715672
-3.888272 6.892258
-2.125691 6.206751
0.543644 4.944022
0.746379 4.652781
-0.154939 4.432419
-0.979274 5.393453
-0.512247 4.612015
-2.328655 2.620654
-1.483075 2.444268
-1.308136 1.094939
-4.315907 1.233133
-7.997725 -0.139615
-7.937754 1.589717
-7.821272 6.746119
-7.794721 6.810496
-7.297698 9.194843
-8.728398 9.203801
-9.961950 9.538891
-10.007632 8.856381
-7.753490 5.042286
-10.568768 3.476792
-9.801394 1.939083
-12.748134 2.170937
-7.704722 4.946698
-9.243695 3.263079
-6.847875 7.419284
-7.734313 8.457100
-7.533937 6.108817
-7.051554 7.570872
-8.208248 9.073036
-10.868465 10.200126
-10.255722 9.823676
-9.016234 10.156526
-12.223881 10.183589
-14.332757 7.258238
-9.366125 8.540763
-6.022852 9.007761
-5.967704 7.970066
-3.489468 7.039833
-3.600077 6.769474
-2.454113 6.401019
-5.359614 6.634853
-6.659644 6.383883
-8.082563 3.155846
-8.593431 0.893280
-11.679186 -1.163952
-11.284159 3.300905
-10.366640 3.294324
-9.723853 2.420846
-7.032293 6.630064
-7.688456 7.820697
-5.789149 7.574658
-8.847298 9.265656
-9.090557 2.298535
-7.840518 4.173467
-7.777599 7.091477
-4.163834 6.822882
-2.331457 3.344468
-2.155864 2.621087
-0.123207 3.251579
-6.132067 8.294881
-11.525251 9.826098
-8.651484 8.508405
-5.532562 11.085343
-6.889080 10.022690
-7.920894 3.913368
-10.275770 2.489488
-9.579719 3.140194
-10.391432 2.121022
-8.124969 0.379736
-6.260214 0.415763
-10.218426 1.322183
-15.597572 5.606990
-13.566623 6.711480
-9.455173 3.107199
-12.198935 0.208053
-10.138157 3.437730
-9.279812 3.229125
-7.230363 6.961097
-7.944255 6.393141
-4.459818 6.606318
-7.233972 6.443698
-6.247954 9.444055
-4.578447 6.654990
-4.591105 6.385801
-2.612376 7.216642
-0.968325 3.591909
-1.114984 2.604648
-2.316878 2.495040
-1.803406 3.430994
-7.641650 3.264686
-7.633634 5.113410
-7.576900 3.658907
-6.797531 6.997677
-7.422498 6.760106
-7.211695 6.917493
-6.100610 9.087050
-9.330075 9.014748
-9.237690 9.407961
-7.647741 9.109433
-9.782644 2.422760
-9.290232 9.373385
-10.333889 9.618010
-10.823869 11.871471
-7.735682 3.001112
-10.275774 3.462877
-7.579741 5.332418
-7.440873 7.334089
-6.507311 6.427117
-12.539798 1.587445
-16.952272 9.821010
-8.126430 8.542292
-6.938587 8.001389
-6.480623 7.216255
-6.427773 6.344729
-4.905840 6.438763
-4.574281 8.005586
-4.775813 9.721798
-5.062043 7.987954
-5.420408 9.912684
-7.259703 7.905627
-8.404486 0.437405
-11.725608 2.031401
-9.472547 2.056322
-9.397552 3.247897
-7.568752 5.634673
-7.950369 6.405879
-6.805512 7.211241
-5.382183 9.472833
-4.744175 8.587748
-4.534843 9.220901
-4.453879 8.929147
-8.453715 9.897266
-7.596270 11.020181
-11.193727 10.076165
-9.442747 10.963593
-14.821968 4.472202
-10.597789 2.264495
-14.585683 5.218437
-16.758419 7.704760
-14.966145 5.726048
-14.426315 1.510628
-12.289268 2.873796
-13.542465 7.694951
-9.352225 3.407015
-9.698382 2.004940
-9.865329 2.930612
-13.032136 7.880747
-15.339146 9.822970
-11.335796 8.649626
-7.275445 11.509146
-7.130751 7.467217
-7.872868 6.759869
-6.091626 6.925995
-5.005657 7.456809
-9.365614 3.486787
-8.960344 2.165405
-9.794235 0.773774
-7.648806 8.335004
-7.423633 7.760932
-5.540598 6.348641
-7.598753 4.653306
-6.761509 0.713281
-10.409767 1.628715
-12.753731 1.713906
-10.437622 3.148425
-9.262696 3.041801
-7.742822 4.898647
-6.000828 6.877825
-5.636964 6.316993
-15.790167 6.218051
-7.589817 5.150698
-7.688215 5.088080
-7.870452 3.670130
-7.558732 7.291504
-7.548176 6.237111
-8.150023 9.578273
-6.686089 7.176807
-7.742062 6.090626
-3.892784 7.261324
-7.141013 6.817710
-6.348590 7.547085
-1.788887 4.124993
-3.787483 7.545771
-4.191305 7.114832
-3.766480 7.213792
-13.118089 2.596923
-11.923371 1.522121
-8.980242 2.090058
-11.559200 3.131353
-13.390970 2.009321
-13.909283 7.927469
-12.631708 3.107034
-7.635081 4.072565
-8.036833 3.296940
-8.144424 3.360350
-8.753562 2.376101
-11.217616 8.584311
-7.992441 8.742354
-8.108216 9.771257
-2.428431 6.514260
-5.102008 6.910448
-9.850655 8.690229
-8.804124 3.284882
-8.039915 3.050626
-12.547050 1.957057
-9.253839 3.150892
-8.093050 1.252731
-3.202038 0.716200
-2.803836 -0.067870
-4.736145 -0.129252
-5.768227 0.737672
-6.141533 0.070049
-4.684681 -2.015360
-5.571646 -0.744432
-4.386312 1.183473
-4.340567 -0.069976
-6.022286 -1.191076
-8.111687 1.315963
-7.486838 2.440378
-5.811150 7.149505
-3.959676 6.963772
-0.550105 1.684251
-0.819378 1.986554
-0.721169 2.538928
-1.362174 4.962200
-2.151088 2.475387
-2.412050 3.519645
0.557022 0.664215
0.014836 3.377095
0.112730 3.157441
-0.107482 4.728960
-1.568507 4.300431
-1.929419 2.831493
-2.323787 1.846899
-0.906125 2.655268
-2.031070 4.266138
-0.098210 3.997111
-0.202863 5.733336
-0.436498 3.351744
-1.830835 7.308008
-3.725220 6.893367
-2.725760 7.076835
-1.056689 6.164701
-1.527824 7.211207
-2.022155 7.067577
-0.919587 7.806602
-0.690752 7.870158
-2.527176 8.280079
-1.459330 3.981460
-0.007371 5.335926
-0.488870 5.574165
0.680175 5.854873
1.397675 3.584479
-0.543811 2.913400
-1.719763 7.243711
-4.494873 6.953412
-6.794559 7.255282
-6.787040 7.317252
-5.284658 6.402182
-3.507511 7.087354
-2.282731 7.483797
-1.698789 5.006236
-1.904053 5.818399
-0.580127 5.923272
-1.732417 2.430037
-0.505786 2.674829
0.513538 3.655487
-0.753034 3.667303
-2.115371 2.433485
-2.241238 5.091936
-0.530301 4.172288
-1.615888 4.272250
-2.435525 8.520842
-4.710316 8.439816
-5.294463 6.819605
-4.651323 6.844363
-3.761800 6.370286
-4.661212 -1.798630
-6.237741 1.269731
-6.560463 1.133408
-8.233994 0.096695
-7.533420 2.255831
-7.567657 4.712919
-7.637171 5.090177
-7.687925 3.582380
-7.679107 2.629426
-7.504545 5.066181
-8.364775 3.336940
-12.343239 2.508493
-8.474566 2.291010
-7.634437 3.602870
-10.075744 -0.184453
-8.842129 3.128408
-7.965474 0.411085
-5.862595 -0.089368
-5.955238 1.026227
-6.917463 -0.654214
-7.837566 0.053973
-8.819998 2.964819
-8.389942 2.370174
-7.808216 3.422512
-7.730885 7.832618
-7.848310 6.753087
-7.934765 9.368770
-8.494173 10.976029
-11.033722 9.193849
-10.789804 12.168780
-15.490825 9.275048
-13.591479 6.080101
-8.372808 0.930491
-8.708901 3.422713
-8.228630 1.885875
-12.267084 9.997111
-6.343454 6.673737
-6.799413 7.715369
-7.087805 8.633966
-8.713822 8.809362
-10.589436 9.561349
-10.331702 8.959558
-6.832232 9.311320
-6.473759 7.871355
-5.724307 7.562135
-5.179906 10.011788
-9.360685 8.745906
-10.965170 9.265458
-9.309055 10.764576
-8.409274 9.148335
-6.868049 7.066953
-7.008323 7.910539
-5.248816 6.615920
-3.559873 6.481885
-3.107347 6.450346
-3.860515 6.333681
-4.324749 6.843275
-0.465912 4.657985
-1.086226 3.923455
-2.051098 4.727454
-1.429133 3.414425
-2.304435 4.477459
-1.164529 5.425434
-1.066809 4.574798
-1.911357 3.982465
0.894998 2.809919
-1.262275 2.932044
-1.041782 1.321324
-1.771352 3.156613
-1.993815 5.143747
-2.618327 7.025456
-4.432929 8.101737
-4.255837 8.134571
-5.445308 6.834520
-1.734487 4.783267
-1.689867 4.168758
-0.106749 3.254823
-3.504087 8.044087
-7.029986 8.206279
-6.907406 6.942006
-6.884857 6.526065
-2.077899 7.387925
-4.645126 9.347255
-1.792559 5.818867
-1.586272 3.942501
-2.421796 4.336388
-2.448123 3.389484
-3.823000 6.962342
-9.130613 9.946479
-7.916052 8.469179
-5.583066 6.363015
-2.905413 6.868512
-4.205046 7.201431
-1.691026 5.633014
-0.391217 5.742865
-1.024084 6.380749
-0.465596 4.170853
-1.476562 4.518479
-0.910710 3.927512
-0.098847 4.466800
-2.252410 5.542919
0.527707 4.973333
-4.673589 7.317182
-7.838068 5.118205
-7.839574 5.482156
-6.989208 8.627912
-3.244860 7.571581
-2.281914 6.720403
-5.223119 7.188053
-6.792868 7.002448
-7.584458 8.021749
-7.684420 4.340133
-7.803183 3.030545
-7.708611 2.777560
-9.730498 3.365557
-6.720881 9.215346
-11.618473 8.761579
-12.497646 9.093435
-14.467818 10.682883
-6.128458 9.146204
-4.478132 6.591028
-3.253768 7.190536
-3.960993 6.355875
-4.858009 7.023869
-6.902544 6.660248
-5.189292 6.615289
-5.805408 7.036575
-1.700934 6.954412
-2.440606 4.301238
-1.580103 3.681183
-1.720611 5.544724
-2.340605 5.595839
-2.385549 5.545791
-2.448788 3.962570
-1.961938 1.131185
-4.248714 0.467634
-7.554331 4.595750
-7.669243 4.415066
-3.155711 6.601929
-3.396473 7.458194
-3.120547 9.541945
-1.800944 7.815874
0.535537 3.493523
-1.870053 6.869883
0.033775 4.962258
-1.429505 2.880177
0.021405 5.404795
-0.660748 5.246777
-1.016227 5.806015
-3.416601 6.637140
-6.778963 6.332653
-4.835793 7.433918
-4.500460 6.890941
-5.824675 6.633710
-6.100978 7.089679
-5.036006 8.173640
-2.091717 7.302794
-2.465784 5.175131
-2.265297 5.661536
-2.414828 7.002096
-4.015861 7.004858
-4.063365 6.512293
-4.311378 6.437711
-6.834213 6.635899
-4.802146 6.394462
-3.756546 6.533860
-3.413053 8.095591
-5.676550 8.547843
-4.758778 10.658979
-3.180099 6.706486
-3.803615 6.338236
-4.550232 6.574209
-5.954383 9.585544
-7.754102 7.811045
-6.518354 6.418094
-6.721636 6.603750
-3.507266 6.320212
-5.586437 6.989941
-4.104040 8.340776
-5.396282 8.147980
-3.757406 8.279342
-0.692606 4.911141
-2.385843 5.680080
-1.743516 6.062656
-1.884814 3.026376
-1.995250 5.418584
-1.807383 4.555143
-1.625007 5.800111
-1.196657 4.627363
-1.622249 3.843721
-1.733922 1.844684
-2.162808 6.823938
-1.896251 7.141643
-6.947326 7.136761
-7.704944 6.109911
-7.855068 7.600174
-6.507358 7.416929
-6.579632 8.884655
-5.731172 6.844320
-6.791764 8.061520
-7.503340 8.483363
-9.797121 10.873679
-6.612389 7.722775
-6.908626 9.185003
-7.718446 6.575559
-7.900617 6.903009
-7.523226 2.087806
-9.226513 2.711432
-8.543556 1.799627
-7.571525 4.310844
-7.815489 6.208835
-6.776107 7.102752
-6.360107 6.344994
-4.061736 9.338574
-3.582231 6.376454
-3.374137 6.945231
-3.980067 7.812974
-5.283936 7.100768
-1.976615 6.347938
-0.585589 0.253026
-1.821907 2.164499
-3.139712 0.298533
-5.432507 1.185701
-8.575968 1.193744
-7.672417 3.743371
-7.536135 6.997730
-7.044292 7.827576
-6.939149 7.894662
-0.924211 5.054033
-1.719522 4.258090
-1.976960 2.137626
-0.440786 1.341431
-1.970478 2.751224
-5.624330 0.887932
-6.435916 0.606415
-10.137462 3.493975
-7.846765 9.968106
-2.437715 1.281457
-2.359805 0.630760
-10.166045 3.375954
-9.414604 3.023069
-5.640003 8.044631
-5.408474 7.288558
-6.532179 8.093260
-6.708978 8.028043
-7.536694 6.238519
-6.399621 9.503960
-4.792801 7.640271
-4.340306 7.285936
-7.855677 5.390263
-7.660488 5.231618
-8.113692 1.241045
-9.805630 2.408165
-6.061287 0.234795
-2.511329 0.661734
-4.158534 0.980839
-5.109130 0.513197
-8.600930 1.655426
-6.798513 0.058236
-3.970095 0.237329
-4.550159 -1.053195
-8.909473 0.675022
-8.205604 3.471187
-8.772694 12.606703
-11.811470 10.258531
-11.978310 9.611162
-10.738590 10.491808
-10.543162 9.979624
-11.548246 10.833190
-9.126988 10.162798
-6.221043 6.745737
-4.726949 7.188568
-2.651752 7.225137
-2.959496 8.093514
-0.039026 3.999374
-4.931176 6.377596
-2.282060 7.056287
-7.562417 3.724866
-6.031065 7.011888
-6.705554 6.773130
-8.555072 1.051231
-8.238782 3.058047
-7.510360 5.563328
-5.242286 6.406663
-6.039310 6.955609
-7.005141 8.648970
-6.677682 6.356225
-6.978402 7.329607
-2.926501 7.278846
-5.496603 7.927966
-4.464488 8.228262
-6.810558 7.291519
-13.725706 6.295407
-11.253702 3.065793
-6.436765 7.319499
-13.440028 7.723299
-15.866621 9.541697
-12.083014 9.716418
-12.036152 2.558457
-6.802855 8.674529
-7.991364 3.015778
-7.886475 3.053500
-1.913173 6.414744
-3.801043 6.966835
-2.619514 7.307298
-3.855494 6.766075
-6.470239 6.726916
-6.347336 8.358020
-11.084099 9.384799
-12.046955 9.090234
-16.073883 9.257081
-15.887901 10.794047
-12.788580 8.946277
-14.284007 9.786420
-7.600467 9.754678
-5.160965 6.863686
-6.800099 6.360172
-7.145389 6.545669
-5.739542 6.958489
-5.434832 7.053336
-7.839755 6.292819
-8.278825 2.525461
-7.780685 3.474833
-8.549077 3.446780
-3.940583 -0.129172
-1.244951 1.411766
-1.062885 2.754773
-1.592984 4.430525
-1.658451 4.396532
-2.099357 2.858173
-2.407378 3.111899
-7.505386 5.626636
-8.383171 9.819293
-7.670029 8.729957
-8.272968 9.452676
-6.037855 8.087697
-8.516819 2.822193
-11.919662 0.972707
-9.297525 0.735005
-12.399151 3.136272
-11.694787 1.509891
-9.206972 2.680474
-9.388202 9.287781
-8.384391 8.597362
-14.161394 3.627652
-4.428695 7.420193
-5.391722 7.301087
-6.061964 7.645646
-7.949590 5.992215
-6.257793 6.531712
-5.711496 9.762923
-10.017246 9.863215
-11.920153 10.565752
-8.380580 8.577453
-8.028475 8.534780
-11.086312 8.671893
-6.728890 7.803710
-7.890256 6.115981
-7.526154 7.962585
-7.880599 5.384054
-10.354030 3.371439
-4.699075 6.689475
-4.784357 6.375278
-7.846111 2.155247
-12.426661 3.230645
-14.145174 6.385552
-14.001841 0.520491
-11.088549 2.881665
-8.204679 3.071426
-7.494404 4.980537
-7.951722 3.907673
-5.267108 7.640816
-4.848854 6.610859
-6.857803 6.573440
-6.645874 6.901129
-4.345248 7.316307
-7.356160 6.557472
-7.039124 6.798583
-7.138056 7.277028
-7.475381 7.003221
-13.005117 2.919118
-13.736099 7.507104
-9.535753 3.175444
-8.266515 1.582317
-12.143476 2.759419
-11.846197 2.107381
-7.105947 6.646382
-4.176125 6.795455
-5.859997 7.795979
-5.861747 10.237388
-5.355805 7.881612
-5.212284 7.736410
-6.354795 9.761071
-7.875263 8.306786
-7.891860 8.439346
-7.927831 8.071984
-4.693493 7.299039
-7.625536 7.194086
-6.885437 8.141419
-7.926669 6.462017
-6.776405 8.080992
-5.184108 6.803769
-5.152979 6.664572
-6.580386 8.386846
-6.225554 6.741999
-4.225477 7.054770
-5.983271 9.450409
-6.295105 6.894031
-7.036901 6.924238
-6.649930 6.475454
-7.618223 5.072340
-7.517558 1.345685
-7.061377 -1.744928
-4.713466 -0.006868
-8.222853 1.428411
-7.534483 0.064351
-7.775249 3.636220
-7.761596 3.799453
-7.781970 3.395738
-9.027349 2.560398
-8.979322 0.998003
-7.833134 3.769757
-7.518734 5.463420
-7.685005 8.235886
-5.400110 8.129481
-6.597660 7.193108
-6.094656 7.904367
-7.701568 6.213610
-15.407222 14.270292
-10.681888 9.809556
-13.025388 6.904929
-9.092707 8.869365
-9.132190 9.739618
-13.245039 9.044272
-11.653342 9.327774
-19.659184 8.369823
-13.803781 7.373549
-13.486134 5.468342
-14.781862 2.247888
-19.171711 1.897264
