7.645275 13.862946
9.085482 11.001040
8.291979 2.859019
8.756173 1.946449
8.419645 1.931095
8.374969 1.338092
8.575137 2.063843
9.102057 3.984138
9.642281 5.381691
4.552783 2.388395
7.231801 -0.174247
5.693809 0.999963
4.670671 -1.601991
4.243006 -1.911766
3.926977 -2.280478
4.037991 -0.308561
3.121837 -3.566609
1.128351 -4.028513
3.833497 -2.144753
3.571700 0.018577
7.478848 2.459346
11.573542 1.319552
10.157598 2.685627
13.191548 1.720465
10.881060 2.231576
12.239956 1.421099
7.878188 1.820127
10.092559 1.430507
10.645014 2.515572
4.782982 0.281913
3.194383 -1.451275
4.834785 -3.190542
6.133100 -8.686391
4.967947 -6.032397
6.313679 -5.612581
9.233281 -5.886633
7.295521 -6.654629
5.305608 -8.153175
11.665376 -6.442761
10.374526 -8.676157
11.230599 -6.683848
10.966144 -5.181226
11.321418 -4.917237
10.953808 -4.902190
11.170215 -6.133651
12.827860 -7.597102
8.349388 -5.436888
8.307517 1.281304
4.105636 3.250108
5.005766 1.136134
8.312517 1.458756
6.825409 -0.099106
4.990908 0.213103
5.143073 0.700148
6.627140 2.772111
8.590315 1.452848
7.777894 1.495007
10.077074 4.314938
9.349147 1.663487
8.024679 1.738697
11.074163 2.057801
8.950529 2.719995
8.498752 1.301993
6.894291 0.639658
6.920790 0.692157
6.666898 1.105124
7.466651 0.457007
4.543900 2.845870
6.594662 1.084600
7.608967 1.638464
10.423332 3.158085
11.705469 4.478570
15.547904 -0.891454
16.569122 0.305414
15.430824 -1.565574
15.896674 -1.226904
16.209530 2.755606
13.403492 2.152386
12.993879 1.445353
9.368164 1.647695
5.187859 1.464861
6.457649 0.056968
6.778468 3.948516
8.819079 1.618612
8.619305 2.869313
4.138764 -0.404716
4.399155 -1.046728
4.513991 0.081269
5.369217 -2.616880
11.942852 -3.926115
7.501701 -9.270099
5.889040 -5.713824
2.969609 -5.114332
4.733057 -3.455477
2.842478 -6.167137
5.010954 -6.127980
6.062173 -6.390156
5.711660 -6.823715
7.138889 -7.633476
10.255429 -6.405102
11.284140 -4.124746
11.110865 -8.003860
10.921938 -6.232874
5.279227 -9.620245
9.367174 -5.450032
6.700568 -8.133653
4.984794 -7.643258
5.150405 -0.818731
5.382162 -1.364221
4.539375 1.373215
8.278687 2.468389
12.876360 1.745848
11.235399 2.106607
9.714065 2.613208
9.445893 3.659948
8.746367 4.143565
8.556423 3.053634
7.735408 1.401261
5.911779 0.533765
7.549634 1.872539
6.034291 1.462718
4.744690 1.784789
3.146630 1.664526
4.573993 -0.735184
3.975556 -0.404445
6.969912 0.058806
4.550296 0.380869
5.505930 -0.028514
4.425550 -0.817774
4.572198 -3.156081
3.649251 -2.682490
5.365028 -3.698451
4.619891 -7.313264
5.767467 -5.504106
6.533700 -8.430989
3.784083 -7.638257
4.034201 -9.081021
4.891111 -6.290035
5.349056 -5.748895
7.170902 -6.234734
6.803984 -5.826777
8.061169 -6.583908
8.293063 -8.103934
8.346225 -7.238930
10.946609 -5.036541
11.049064 -3.743931
11.026382 -8.055769
8.544645 -5.751507
11.941287 -16.262440
