19.506723 0.494513
7.787798 1.902765
-9.209116 -12.977338
-11.314293 -14.310813
-8.735766 -8.003107
-6.162171 -11.577773
-9.299084 -14.398780
-9.704671 -18.991432
-14.141426 -17.700665
-17.949253 -18.506872
-16.515366 -18.454065
-12.871157 -10.442122
-7.714315 -11.838710
-6.601753 -10.075444
-8.985979 -11.370445
-11.707611 -11.327992
-13.337804 -11.523511
-15.790659 -10.628860
-8.014235 -11.443164
-10.916425 -14.398629
-3.095914 -14.278325
-12.754198 -10.406483
-14.853737 -11.593374
-10.068398 -10.418974
-8.673523 -14.519911
-9.165833 -14.879662
-10.702829 -15.729703
-10.164022 -10.146630
-12.555171 -11.816488
-11.531269 -11.047441
-14.406777 -11.968058
-9.316808 -12.195982
-15.223948 -11.386609
-6.920078 -8.190888
-10.586473 -11.709941
-12.242282 -11.535093
-17.000284 -9.146635
-18.272491 -14.057028
-17.345114 -13.615772
-17.005432 -16.651669
-18.397131 -16.801943
-15.929028 -11.551141
-13.099022 -9.509143
-12.994194 -9.551953
-12.840756 -9.510358
-11.230313 -13.643781
-12.121464 -11.225765
-12.742022 -6.617957
-15.391692 -11.070607
-12.484347 -10.647017
-13.023866 -10.949017
-11.206048 -11.115823
-11.085569 -18.490320
-10.369055 -11.798819
-12.016973 -11.360249
-9.024056 -7.976675
-6.183129 -9.014163
-11.487387 -12.091649
-11.513148 -12.796613
-9.182287 -12.863984
-11.913570 -12.158908
-10.647050 -11.643542
-14.793482 -10.735408
-18.832272 -12.167207
-16.425518 -10.846044
-11.635420 -8.736152
-10.488499 -17.079681
-14.507718 -18.328362
-19.424129 -16.178070
-14.451523 -18.928864
-19.047121 -17.363901
-15.729212 -19.183605
