-16.211559 -19.272364
-5.573890 -17.518320
-3.936913 -12.350764
-6.239346 -10.598205
-10.852879 -15.542224
-10.285425 -11.412174
-10.830802 -13.399724
-10.338352 -13.494974
-2.006694 -8.578192
9.042358 -8.710979
7.492546 -9.094068
8.518511 -6.861380
8.630117 -7.274354
10.541030 -6.863655
10.629124 -4.747648
10.788597 -4.843707
9.873022 -6.553788
7.312433 -6.059103
4.653355 -5.831995
2.931343 -3.703163
3.843198 -3.834046
5.124533 -2.729999
4.154009 -0.677093
4.963213 -3.552878
6.169317 -7.784791
6.805294 -7.098506
7.995797 -7.230142
8.480219 -6.640907
6.710941 -9.034387
9.457145 -5.333832
7.862008 -7.989066
7.658507 -6.499073
9.447815 -5.526069
9.329777 -6.804370
6.294182 -6.871421
2.880975 -4.851769
3.768667 -5.081818
4.822470 -2.648915
5.290330 -4.439929
4.335434 -8.151074
10.574322 -6.939466
11.562999 -3.780662
9.894375 -6.302577
7.669302 -6.777899
7.425821 -7.808372
7.354241 -6.140167
7.098063 -5.292119
9.601525 -5.822948
5.854486 -6.993375
4.848751 -2.757333
3.399292 -1.179551
4.510152 -2.579578
4.982571 -3.076762
5.131461 -4.659926
4.676396 -3.551264
5.180053 1.225348
6.951010 1.050931
6.568147 0.618754
6.614176 0.191342
7.220381 0.644944
8.245615 3.192008
11.614197 3.965504
11.086973 2.069171
8.019016 1.405031
8.425968 1.488454
10.321732 2.239661
6.822577 1.023522
5.792717 2.256791
7.156039 1.062235
6.504696 2.879993
8.813046 1.662035
10.193518 2.047328
10.898779 2.217704
10.512848 1.297344
8.760342 1.359942
6.299340 3.710281
5.643654 1.708444
5.686290 1.346812
1.923144 -0.040051
4.996467 0.239433
5.778297 0.210984
6.210881 0.193693
4.720695 -0.175254
5.378385 -0.896752
5.282588 1.207050
6.490691 1.624198
8.633445 1.597720
9.250708 3.137411
7.250390 3.049161
6.315753 4.670764
8.708420 4.135428
8.234400 1.560320
8.451714 2.483547
4.480755 0.937461
7.344005 0.715847
6.352409 0.316497
7.266921 0.382695
6.642552 -0.043950
5.327297 -0.650160
3.906329 0.832806
6.190780 1.154730
6.484995 -0.070152
8.927698 2.098073
8.979427 3.455400
6.044611 0.118086
5.196022 0.401492
7.404303 2.026523
6.155921 1.007707
9.847906 1.623721
12.211446 1.410514
8.947892 1.297667
2.941884 -2.793437
3.910980 -1.629966
13.959904 -1.596138
18.141964 1.792918
