9.272617 9.028870
8.982351 7.076974
4.680753 7.545404
6.478027 7.281198
2.228623 2.521652
-0.014608 3.980496
0.830856 5.517073
-1.595660 4.399446
-1.363708 4.919934
-1.133822 3.599054
-1.382877 3.906186
-2.236673 3.410322
-1.468087 4.032053
-0.906209 3.200850
-2.418419 5.027754
-1.271747 6.053221
-3.623695 7.931659
-4.249033 8.471520
-3.605371 6.524642
-3.033822 7.020579
-5.145257 6.580877
-6.497077 8.022989
-6.272940 12.014108
-3.146902 8.010742
-5.736040 6.684965
-7.352686 8.170244
-5.361021 9.788665
-5.857868 9.580434
-9.886696 8.569917
-7.651604 9.796812
-7.760594 5.832325
-7.733707 2.888077
-7.544969 4.124184
-7.597113 5.234193
-6.169673 8.041824
-8.811550 10.177801
-9.107054 9.658530
-7.557587 8.754207
-6.741704 6.919531
-7.229090 6.477590
-6.190295 8.459707
-6.518418 7.205832
-6.514380 6.839877
-5.818276 7.196918
-5.126600 6.983329
-5.813384 7.306995
-3.754003 6.828579
-2.065058 6.832449
-2.752060 6.504481
-1.193311 5.452148
0.508045 5.853197
-1.318153 4.239188
-1.817513 5.974502
-2.298078 6.969530
-4.574433 7.242490
-7.072602 6.707489
-7.130259 7.826844
-7.907080 5.832222
-6.914124 8.961618
-8.221272 9.061905
-8.071361 9.624251
-12.447267 8.835942
-12.103878 10.410131
-11.336553 9.583920
-9.684312 9.711400
-7.001754 13.014016
-8.890361 10.011243
-14.048271 6.371683
-15.374643 2.019160
-15.096006 5.813024
-11.803230 1.516728
-7.445027 1.010835
-10.573477 -0.799110
-9.289900 1.138391
-9.358423 2.245579
-9.765119 -1.266778
-15.019213 4.735512
-13.297282 7.557142
-13.779924 8.160247
-9.102121 13.186372
-10.798385 9.008696
-8.260978 11.636920
-5.391501 8.080089
-6.782106 7.070180
-7.072997 7.343790
-7.091260 8.438169
-11.645094 10.829881
-11.086488 8.855476
-12.128546 9.816194
-6.339083 8.014214
-4.839529 0.468447
-9.693004 1.571886
-8.559888 1.416867
-7.996591 2.218500
-9.224022 0.829263
-9.502022 1.107946
-9.890932 0.322957
-9.157071 2.241772
-9.779733 -1.012805
-12.520474 -2.705773
-14.591276 -2.506945
-14.417439 5.457634
-11.806969 1.571367
-11.954385 3.303743
-8.913718 3.285712
-9.918889 1.923692
-11.162334 1.272273
-13.854959 3.367118
-12.558743 1.553088
-14.532337 8.822105
-16.501078 6.626769
-13.810864 5.355774
-14.409727 1.803053
-10.303505 3.327179
-11.334525 -1.740191
-11.406244 2.333600
-11.785539 2.492391
-10.848310 3.387029
-12.360395 2.900545
-6.567415 0.779214
-5.180558 1.231677
-7.078128 0.167996
-9.297222 3.354885
-8.086218 2.801053
-7.756427 4.113479
-10.709663 0.733203
-9.266789 1.213066
-9.671465 2.604121
-10.516956 0.312107
-7.522948 0.627522
-8.421009 2.605047
-7.501859 3.958936
-8.945259 1.310691
-10.057463 3.492836
-10.035365 1.832267
-11.402465 2.464468
-9.568447 3.361521
-6.933833 8.119903
-7.865729 5.507513
-6.913146 6.345181
-2.033113 3.385478
-2.147416 3.391529
-6.472291 6.760158
-7.743927 5.458593
-8.134853 -0.777042
-9.213855 2.508878
-8.061878 2.815522
-12.339066 2.010697
-10.811792 2.918495
-7.793797 5.180357
-9.620514 2.593387
-11.049089 3.215218
-7.968080 2.803219
-7.493592 1.445497
-5.728751 7.528077
-4.005102 6.574536
-7.525190 6.633550
-7.394758 6.382414
-7.769406 4.418548
-7.695060 4.513035
-11.744246 9.126302
-12.235188 11.605551
-7.726424 11.217791
-8.305427 10.293788
-7.287976 7.817697
-7.703673 6.956868
-7.023096 9.084505
-18.321630 1.708415
-10.902628 1.034239
-9.559396 2.769501
-9.060216 3.195355
-9.957026 2.698626
-7.780588 6.783795
-8.069587 1.777822
-7.355189 8.712033
-9.421465 9.137401
-10.099566 2.545954
-7.864800 5.107041
-7.693114 6.723447
-7.802827 6.076103
-7.564680 4.001875
-12.973269 8.044269
-13.562484 6.679484
-14.012831 4.051149
-19.742739 2.860395
-13.124638 3.034009
-14.320803 3.593745
-11.439903 2.729933
-7.842693 3.453491
-10.996141 1.996406
-7.663478 7.815402
-7.176593 7.122839
-7.860284 6.257970
-7.497244 5.564408
-7.979349 3.309786
-7.862813 4.246962
-7.680825 2.991273
-8.168390 2.736757
-9.688651 2.739676
-5.079180 8.761296
-9.872562 8.523797
-11.001678 8.796914
-2.081668 3.509447
-2.436349 3.644367
-7.549458 6.349965
-8.944609 2.763769
-9.513423 2.923217
-12.212943 -0.567576
-12.204142 3.152404
-8.101484 1.406122
-9.053380 2.753557
-8.663301 2.660188
-10.039345 2.675281
-11.334538 1.975817
-11.053327 1.895648
-14.344193 2.613521
-13.126358 6.964937
-12.759295 1.565513
-10.164696 2.867064
-7.808929 4.472760
-7.935081 6.545403
-6.527494 10.155160
-7.065122 7.436678
-5.946880 8.210928
-7.692574 9.168164
-6.528540 8.052432
-5.730598 8.217981
-7.765665 8.301090
-7.623769 6.436481
-7.803691 5.276835
-7.116095 8.231123
-5.445562 6.762545
-7.502317 6.679833
-6.911524 8.691576
-10.542274 8.625251
-12.002155 10.099677
-14.434866 7.609304
-13.383498 3.584815
-16.119469 4.969428
-14.998747 3.678977
-12.549450 2.942011
-15.047869 1.678168
-13.146435 5.857285
-13.081861 5.966290
-13.305645 8.444577
-9.764894 10.577051
-9.089985 8.667132
-7.702910 7.616696
-7.626866 6.764245
-5.706508 7.335066
-8.495466 -0.396786
-8.616041 1.289258
-8.147915 3.475094
-13.023602 5.687899
-13.851509 5.246374
-9.995800 2.311185
-8.709892 2.497026
-11.873010 3.136887
-13.542818 5.118998
-16.612061 1.815458
-11.860058 1.032048
-9.208091 2.925465
-8.097797 0.836833
-8.826825 3.043535
-10.509197 2.843155
-7.634274 3.781991
-7.288395 8.161618
-7.771646 8.621481
-6.721004 7.206240
-7.281194 6.493329
-7.453245 6.753385
-7.829674 6.562551
-7.769584 6.017050
-5.497892 7.730343
-4.887927 9.159150
-5.852158 7.169179
-5.521952 7.344706
-5.813329 7.312630
-6.206722 6.424088
-6.695612 9.808251
-6.630571 9.039849
-13.002716 8.320691
-14.592743 9.371531
-12.424079 8.995893
-9.365996 9.531651
-13.085732 9.743712
-8.157653 8.598839
-9.974066 8.726399
-7.303719 7.023170
-5.805494 7.004094
-5.087076 9.522843
-7.898748 6.105486
-7.870154 8.364218
-7.581926 8.313025
-7.737910 5.686140
-7.686564 9.805614
-6.999222 7.762050
-8.586671 10.140540
-7.109779 11.206197
-7.613312 6.888053
-5.812786 7.949855
-4.711127 0.129687
-6.076134 -0.892463
-7.555381 3.594131
-7.893530 3.392722
-11.195960 3.185646
-9.414520 3.220407
-9.598402 2.600242
-4.444527 0.844331
-2.215381 -0.428420
-7.695128 4.228656
-7.600396 7.183139
-7.816870 6.076870
-7.867041 5.429046
-11.156819 10.469646
-14.234041 11.086222
-8.444888 3.440061
-13.356979 4.807232
-13.045395 7.301548
-13.950266 7.647486
-14.012712 9.266495
-11.803143 10.553950
-7.536081 8.785687
-7.566386 6.876938
-7.495145 3.768150
-9.820594 0.088271
-9.486517 3.245904
-8.004309 1.273650
-8.389620 1.369188
-9.837502 2.575407
-9.718715 3.091869
-8.115092 3.393720
-4.060493 -0.158504
-5.825276 1.115004
-4.700573 -1.292034
-0.902886 0.588839
-0.522512 4.079494
-1.916851 3.594628
-0.905892 3.320802
-2.030444 2.628661
-3.950166 6.479957
-5.446261 7.312288
-4.707256 8.148824
-3.798463 6.752441
-4.159081 8.107755
-3.804890 6.761060
-5.166718 6.424596
-1.868631 4.240870
-0.099102 3.781173
-0.444068 2.957318
-4.683876 6.592329
-2.317235 6.057334
-2.010413 2.842061
-2.198770 3.329059
-1.133965 3.932421
-1.798193 4.517870
0.534894 5.558850
-1.765882 4.988565
-1.000254 4.473258
-1.135518 5.000143
-1.618786 5.301730
-6.433659 1.129717
-7.697445 0.553381
-7.786444 2.847692
-7.617321 3.393458
-9.936604 2.601640
-0.833527 3.916495
-0.655720 3.166801
-3.152503 6.334819
-3.800687 6.358985
-2.467175 7.733532
-5.614355 7.024386
-5.483765 6.402979
-2.847094 1.058281
-4.135714 -0.539931
-5.567627 -2.257692
-5.720320 -0.290801
-6.965574 0.351086
-7.561327 1.393578
-7.357103 0.625995
-5.823205 -0.023970
-5.683681 1.024570
-7.361211 0.607973
-10.285278 3.084366
-7.794999 1.250438
-6.998039 0.804050
-8.961299 2.850537
-7.638164 2.937609
-7.700469 2.261605
-7.501283 2.342169
-9.517738 3.489038
-6.376128 0.065474
-4.965656 0.215138
-4.951686 -1.185548
-8.707944 1.907058
-6.932847 8.627727
-8.275879 8.552444
-3.264892 6.604765
-6.187565 6.474904
-7.931282 5.127540
-7.486810 3.736143
-1.878078 3.080246
-0.825680 2.717360
-3.324469 6.338959
-3.718339 1.047670
-3.992467 0.462559
-2.635164 1.007895
-0.240936 2.304493
0.059607 1.145136
-0.803235 1.264378
-0.998105 5.111934
-2.375520 6.488827
-7.187025 7.863483
-7.387832 8.162002
-7.831645 4.400781
-7.684954 4.269694
-7.886635 3.658116
-8.081820 2.365959
-7.636913 5.685485
-13.007584 4.467186
-14.628025 6.553675
-13.901230 3.893825
-13.341639 7.073578
-6.531372 6.820802
-5.323692 6.585034
-7.900040 6.481151
-7.794678 5.317606
-7.749429 4.000694
-9.971416 0.863017
-10.755541 2.119406
-9.754682 2.971327
-6.822820 -1.025352
-8.461003 0.573693
-11.924875 0.770058
-12.556084 8.635118
-10.781523 9.115446
-9.089622 8.730216
-4.088695 11.005928
-5.267168 7.184816
-7.160739 8.330319
-8.952488 8.819714
-7.439746 9.128097
-7.311152 7.409396
-6.271549 8.566001
-5.111217 7.547285
-7.014506 8.610305
-7.946661 9.849813
-7.586382 5.898902
-7.783894 3.078418
-7.819804 0.325286
-10.732796 1.301456
-8.742884 3.073289
-4.658138 1.209019
-3.418443 0.707113
-1.775217 1.003690
-2.083532 4.242679
-1.971637 4.116518
-2.037186 6.946748
-5.147504 7.120999
-6.280297 6.561526
-5.463005 6.373646
-2.887237 6.748468
-1.752723 7.297936
-1.963047 3.924559
-0.500663 1.910060
-2.832036 1.162443
-4.370264 1.204351
-6.790119 0.919490
-5.240892 0.977509
-5.200125 0.468853
-7.876713 1.597921
-7.900156 1.601438
-7.599250 2.913105
-8.511113 3.342290
-8.284872 2.831482
-7.662423 6.514812
-6.840123 7.233322
-6.751067 8.936378
-6.397994 7.421367
-5.109940 6.978469
-3.692179 7.270573
-1.683616 5.538930
-2.455470 5.943862
-4.185966 -0.344032
-8.652407 1.266301
-7.704688 1.758314
-6.689838 6.868309
-5.952294 7.101416
-5.674400 0.998277
-5.849200 -0.276407
-3.755971 -0.488921
-5.413009 1.104563
-4.002447 0.077527
-2.172390 0.571811
-1.439123 5.177959
-2.636355 8.273600
-3.631613 7.643126
-5.162839 7.088680
-7.802971 6.374228
-6.961889 9.301493
-5.807005 7.598374
-2.373453 4.846834
-1.087332 3.061874
-1.605954 2.621247
-3.657070 0.286357
-2.947812 -0.210359
-1.040339 0.601275
-3.081501 0.070504
-1.998831 0.908117
-1.496307 0.793312
-2.264296 2.956792
-7.766702 3.179340
-9.626660 0.849103
-10.250752 3.094389
-12.813267 3.327862
-8.136401 2.747134
-8.641361 1.477306
-9.213283 0.041253
-9.064538 -1.102322
-9.776765 -0.170794
-8.279990 -0.238986
-6.582166 0.224409
-9.366468 2.171484
-17.752829 -2.065488
