-4.722264 -13.721930
0.026499 -10.866628
3.837920 -4.871610
2.724751 -1.857659
3.788579 -1.764515
5.865819 -1.544720
8.159826 2.405478
7.019485 4.673500
11.120109 5.343398
12.346224 4.780762
13.128777 5.314958
15.062828 2.068590
14.638771 -0.128325
14.174669 -0.469944
14.146198 -1.077095
15.905821 -0.054358
17.093185 7.084230
12.901482 4.793686
10.845996 4.309407
6.464835 2.815921
8.600402 1.855270
7.702383 1.540462
7.305991 2.273365
4.484187 -1.658782
7.422224 -0.355817
6.027761 -2.155307
4.316172 0.200374
7.965003 -6.682188
7.200840 -4.230100
5.830067 -2.459453
5.876859 1.818777
8.571096 3.217938
9.212374 4.602892
7.706562 3.185191
7.235243 1.459363
8.702463 1.964124
6.939460 3.034306
6.650652 -1.362577
7.406084 0.135957
6.552790 0.428304
6.591236 0.612586
5.810812 0.328240
6.803541 -0.630000
6.562497 -1.479622
5.584569 -1.834536
7.203924 -2.846118
5.103846 -0.167403
5.083747 -3.919973
5.938183 -5.253142
10.169510 -4.490463
9.705962 -5.075784
11.603591 -7.720643
8.759594 -5.048888
10.623732 -4.160259
8.789567 -5.451747
11.906855 -5.950598
6.924445 -8.525481
7.327372 -11.704318
7.131509 -10.166471
7.197727 -6.572051
11.954621 -6.675477
14.800641 -7.725021
5.021008 -6.720505
6.643969 -6.189111
10.853170 -4.112331
8.925142 -4.711617
6.245008 -4.730477
7.156901 -2.546692
6.517962 0.291004
3.190206 0.600533
6.101749 3.515797
7.680576 1.288651
8.027658 3.466128
8.065098 3.780873
10.637886 4.613996
12.386413 4.936236
14.036053 3.997137
12.677408 4.821578
9.637233 4.119067
6.383971 0.673407
6.703306 -1.002026
6.420567 -1.070327
6.289516 0.041243
4.547518 -0.287406
7.160599 1.390357
9.107141 1.982505
7.662583 2.622578
8.131662 2.362513
6.479935 1.963833
7.099519 0.719239
8.119239 2.279991
7.174705 3.972987
6.155434 4.721979
9.226105 5.609024
11.326070 4.456548
10.265688 3.497747
8.936325 5.039102
6.976260 2.435548
7.863267 2.592829
6.142212 0.535203
5.374524 0.747112
7.377220 -0.258643
4.844640 -4.636321
8.841488 -4.572406
10.852607 -4.212713
6.463051 -4.344673
6.353245 1.532297
4.118020 2.280528
6.527555 1.147142
6.932016 -0.488882
7.137649 -1.295347
7.022240 -2.907480
7.403523 -3.720831
5.683029 -4.809161
10.704836 -3.896941
11.762394 -4.090589
10.242826 -5.417250
11.536595 -3.747112
6.909537 -4.756044
7.355658 -0.200714
7.060598 1.709739
9.189985 4.782541
6.223903 1.938417
8.408361 2.589801
7.333627 1.161922
8.517975 1.929509
9.083835 2.012995
8.139344 1.584733
9.090096 2.036603
7.473650 1.748271
7.084710 0.735738
7.220482 -2.868943
8.245358 -11.733396
8.061376 -9.817056
10.144334 -4.704657
10.653253 -4.949865
9.507330 -7.410851
11.376499 -7.385581
8.727484 -4.180777
9.367218 -4.969737
8.877770 -3.855296
8.604440 -4.395135
7.086603 -5.340496
6.504659 -2.991994
6.665142 -4.916095
7.115589 -2.978509
6.311586 2.015225
4.301966 0.506491
8.739291 1.751194
7.704738 2.406200
7.396353 3.942211
8.971434 3.546557
8.221836 1.651712
6.527034 1.433553
6.903136 -0.744096
5.984567 0.672216
7.499840 -0.150292
7.460834 3.432794
8.812880 3.418267
9.955961 4.620833
11.041162 6.915415
13.051775 7.907152
14.880857 2.930006
16.549284 1.407476
17.772228 -1.366859
14.602635 -1.341004
14.364717 -0.827124
14.226887 0.416883
14.810472 5.405529
17.479372 8.077603
10.998453 3.899634
8.474557 4.194754
9.059757 2.002041
7.088066 2.150149
7.383380 0.966875
7.118697 0.701048
6.956813 1.243785
4.750187 -0.891736
5.473533 1.375623
6.218838 -0.229076
6.892322 0.923819
8.933792 2.736637
8.396916 3.463272
11.025887 7.651350
12.878141 7.405436
12.796089 3.774706
15.289581 6.148902
17.893242 -3.048547
