-9.691380 14.341199
-8.132582 9.475167
-4.490067 8.344017
-7.679887 7.720823
-4.445744 7.576654
-3.444062 6.767220
-3.539019 6.906075
-2.129523 6.199296
0.071545 4.605086
0.120658 4.216683
-1.726627 3.609720
-1.984695 -1.009295
-4.792926 -0.607016
-5.766085 -0.068027
1.156265 1.069679
-1.890288 4.180373
-2.342676 3.552086
-2.107893 4.643695
-2.098260 6.055471
-1.811907 4.596394
-1.119789 3.230210
-1.397290 2.064339
-2.232626 7.652632
-5.376462 6.982842
-3.142302 6.642049
-9.716324 0.715968
-8.911128 3.229338
-5.967025 -0.530060
-11.851464 3.424463
-10.058291 9.573302
-12.955441 9.578391
-14.250302 7.182379
-14.154778 6.442557
-13.718491 3.403888
-11.740808 2.072379
-15.368807 -2.242784
-12.570023 0.364400
-8.997294 2.543516
-9.829094 2.935935
-9.100795 2.699882
-10.041850 2.427241
-12.211499 -1.811946
-10.235842 -3.494344
-15.817282 -6.302001
