10.251224 -12.858306
10.666380 -13.145362
8.835369 -10.174898
6.921328 -10.809287
12.793835 -13.088704
8.329741 -8.890456
6.792162 -9.976096
17.118525 -12.205321
13.508331 -14.760221
12.591992 -7.741469
6.862347 -8.064985
9.192646 -9.127737
6.878225 -6.909521
9.910770 -7.403831
9.679438 -6.977918
6.162525 -8.305606
7.594457 -8.001288
8.074219 -14.373013
17.884199 -13.721954
9.344587 -13.117625
8.503022 -10.423293
9.027039 -9.318663
8.774164 -10.940395
9.284233 -11.924541
16.240925 -12.590544
17.845118 -10.322257
16.132118 -10.891368
14.182919 -17.132633
14.710195 -8.957685
15.097561 -10.487909
15.249709 -14.800437
12.761932 -14.949349
11.686746 -13.285930
11.824995 -13.657020
14.529127 -14.819112
16.047930 -15.445397
14.934602 -12.198051
12.236905 -6.764721
13.847481 -6.934243
11.743777 -7.764880
8.558084 -4.773406
6.903717 -9.301550
6.149942 -8.640992
9.339796 -8.712363
6.508037 -8.414460
5.222594 -11.827525
11.386721 -15.089524
10.994942 -13.290128
7.219148 -13.194184
8.417814 -11.520989
8.579720 -6.988123
8.238052 -9.006797
8.248512 -10.816773
8.710733 -9.170451
9.015821 -11.606553
16.122021 -10.906001
17.030289 -9.883612
8.695798 -10.769660
5.316267 -7.559052
6.709099 -9.430780
10.905724 -7.258929
13.334862 -13.610909
7.783195 -13.043607
10.080679 -13.163272
8.979359 -9.849492
12.141077 -12.827909
15.058403 -7.571325
16.235802 -9.200940
14.874550 -9.488742
14.454674 -9.498054
9.446401 -7.051945
6.157650 -9.970129
8.787893 -10.503054
8.261642 -10.166947
8.774473 -11.262492
8.023018 -9.392015
7.839732 -10.431618
8.852614 -7.386751
9.456737 -7.036309
8.405797 -9.272810
6.432862 -8.066236
5.885865 -10.955320
5.159836 -9.189762
4.875921 -10.140594
8.728351 -13.835999
7.138972 -13.044211
9.271622 -9.456532
-2.513336 17.900522
