-12.745856 9.998353
-5.120595 7.858132
-3.514798 8.332105
-4.328667 6.503788
-4.215978 7.848963
-4.136538 6.391788
-3.337358 7.074613
-1.115080 5.904332
-1.662210 3.521817
-1.251160 1.530176
-1.843947 5.527449
-2.301005 4.971868
-1.875811 1.244265
-2.436962 3.226881
-2.152397 1.417283
-2.136234 0.728961
-1.829592 2.896358
-1.725470 1.257758
-5.258424 0.124052
-6.690946 0.767304
-6.014887 -0.163666
-8.972428 1.034416
-11.217577 1.834222
-10.497353 0.362803
-8.514462 -1.243757
-9.802195 1.592989
-12.306426 3.271917
-12.691030 3.400561
-15.712759 2.853072
-15.012917 6.516925
-12.561058 -0.275626
-3.998672 0.785852
-6.522686 0.643440
-8.045154 -0.769547
-8.749987 2.126115
-10.170664 1.615169
-5.858378 0.585532
-6.185750 0.221218
-6.996901 6.475150
-7.476636 7.844814
-6.879706 8.998382
-14.807976 8.936372
-10.272636 11.153990
-6.746554 8.154343
-6.060423 8.742110
-7.389254 9.727099
-7.722782 7.368657
-7.776253 6.201729
-7.777936 7.714257
-6.847920 7.671201
-7.649348 7.198222
-5.554516 9.143023
-7.345598 7.742201
-8.446488 3.495105
-2.948431 8.182427
-4.025060 6.912788
-5.817016 6.847732
-7.545714 6.786991
-4.478731 7.282733
-4.441201 6.519313
-14.267324 3.632542
-10.274761 1.169508
-11.966722 3.475812
-11.415430 9.347598
-10.704308 9.228694
-10.134331 10.057516
-5.667903 9.950656
-7.780074 6.379587
-7.048791 6.541108
-8.297636 9.811394
-4.051619 6.696516
-3.375925 6.391595
-5.192249 6.997029
-7.834099 6.673868
-6.095845 7.151049
-8.070778 8.952003
-9.725589 9.098319
-8.982347 3.493052
-8.517274 1.331362
-7.074771 0.742841
-4.624104 0.097944
-5.309076 0.693779
-3.311149 -0.062889
-2.958524 0.404368
-3.068997 -0.219547
-1.883389 1.324025
-2.418248 1.759350
-0.522773 0.544474
-1.964437 2.747833
-3.198640 0.743882
-6.163842 -1.379708
-5.323801 -0.564828
-6.085251 0.903229
-4.738090 0.341669
-3.228341 0.375155
-5.689811 -0.362449
-4.411033 0.381544
-9.061062 2.917653
-5.558827 6.711091
-5.468935 8.206088
-6.981838 6.351151
-8.593932 2.350771
-9.035509 2.405509
-11.189597 3.406638
-9.401588 0.829113
-14.700512 3.603291
-13.157888 7.772129
-13.189143 5.077637
-6.690744 6.662600
-10.540693 3.377117
-9.615517 1.238907
-8.780360 0.865183
-9.738619 3.412313
-7.020621 8.009778
-7.573992 6.879172
-3.103549 8.649234
-2.592975 7.939214
-7.687619 6.426745
-5.220912 6.513391
-1.576371 8.345243
-1.728675 6.201432
-1.496969 5.868952
-0.670771 8.027603
-5.039374 6.729695
-5.456935 6.515502
-5.095103 6.737910
-7.638879 6.612533
-10.355713 2.148715
-13.394838 -3.037281
-11.598835 2.600881
-9.949805 2.836458
-8.763445 2.515981
-9.075615 1.623348
-10.182409 1.693412
-8.947556 3.327020
-8.300438 2.684347
-9.406945 2.578049
-4.085530 -0.622744
-4.364425 0.196796
-2.849008 0.735268
-2.829917 1.133089
-3.012507 0.462462
-2.295731 1.340731
-2.351485 3.821958
-2.356488 4.244966
-2.130633 5.167983
-2.002653 3.683250
-1.722471 4.370179
-2.091048 6.681921
-3.092985 6.636760
-3.623042 6.547698
-4.092974 7.471992
-3.826370 7.137497
-1.743166 5.927347
-2.209320 4.622012
-2.477016 4.150832
-2.375527 5.061597
-2.133933 2.010416
-0.745804 1.939332
-0.482081 3.467302
-1.663903 7.259798
-4.072692 6.358238
-4.768343 6.657962
-3.711742 7.877209
-3.274487 6.549740
-4.805708 6.850492
-5.022495 7.081727
-3.193756 7.477961
-12.358309 9.839041
-19.522526 2.229974
-13.967985 4.325800
-13.635954 5.945417
-13.343115 8.663631
-10.276460 8.528554
-7.290833 8.705806
-5.504917 6.485549
-3.575110 7.034532
-1.632308 4.515267
-1.664761 4.594491
-0.028756 5.728522
-2.458036 5.497540
-4.269638 0.874926
-5.931990 0.348325
-11.434074 2.410736
-11.548132 -0.855883
-10.561393 0.295788
-8.286098 3.231985
-9.696958 2.763712
-9.145748 1.963920
-10.085217 3.392561
-8.384315 2.182276
-8.573349 1.546868
-8.495747 1.107309
-7.800484 -0.938372
-0.540555 -0.735715
-1.594798 0.732544
-4.923090 0.898669
-4.510645 -0.048888
-0.481793 2.544322
-1.104374 2.902412
-1.700583 2.425307
-0.704706 5.000735
-3.992336 7.570463
-6.381193 8.181712
-6.926544 7.022700
-6.518268 6.873697
-6.117033 6.532372
-8.289863 9.319919
-10.071864 9.101043
-12.599670 9.451358
-10.027534 9.382659
-4.513927 7.845668
-6.139948 7.110920
-6.341638 9.636461
-6.636133 8.731776
-7.826412 9.044616
-11.298419 12.762401
-5.964226 6.889503
-7.389676 7.309619
-7.664179 6.104702
-7.408227 8.211353
-9.174624 10.389259
-10.209324 8.815211
-6.772782 9.298255
-6.884693 8.337154
-5.233725 7.272067
-6.988593 6.382083
-5.818326 6.713929
-4.938510 6.421234
-4.538198 7.846911
-3.043802 6.525782
-1.934404 7.242537
-2.283830 5.447021
-1.033988 3.676874
-2.258589 4.759716
-1.645441 3.222844
-1.207687 1.809242
-1.890856 1.442285
-1.729941 1.648007
-2.861326 1.073492
-3.398784 -0.496862
-4.193049 0.903162
-6.330082 -0.085767
-6.127837 -0.158002
-1.612857 -0.707283
-1.939716 1.153984
-1.213222 0.776330
-1.121229 4.246613
-3.122772 8.612111
-3.786138 7.139974
-2.708321 8.032495
-1.892013 5.217385
-1.945218 4.492621
-2.425121 3.554995
-2.005401 6.070189
-2.006986 3.830320
-3.143925 6.720267
-1.742490 7.956684
-4.098791 7.804649
-2.997764 7.413312
-3.882164 6.720234
-3.263680 6.430632
-6.767559 7.272745
-4.575102 6.823879
-5.870876 6.839110
-5.924514 8.450885
-6.156002 7.817093
-4.988788 7.107784
-7.540485 6.835667
-6.696437 7.572028
-6.141949 6.737294
-7.071532 8.223274
-8.678276 8.863055
-10.195854 9.080902
-10.117503 9.103786
-7.235097 8.525747
-4.648620 8.772271
1.501330 5.592443
-1.065662 3.814609
-1.483569 2.413218
-1.641281 1.109026
-2.911187 1.293772
-2.411722 -0.424418
-5.523807 -0.629470
-5.756752 0.731778
-4.931459 0.121833
-5.947543 -0.753064
-10.158021 1.716941
-12.115733 -0.227052
-8.615169 2.809565
-8.392677 2.561280
-10.513182 1.393370
-13.760926 2.954315
-14.993928 6.295866
-12.824998 2.613424
-15.692266 5.475107
-15.534529 9.918815
-13.092039 12.120159
-11.649010 9.668380
-8.890035 10.072251
-1.218160 4.351503
-1.170064 2.771910
-3.372499 0.444206
-3.943596 -1.012367
-3.819549 0.568706
-4.830409 0.705404
-6.063375 -0.128720
-6.282073 -0.190924
-5.371323 -0.840198
-5.235340 0.568864
-3.609225 -0.115371
-2.254091 0.131696
-4.094872 0.009627
-3.902094 -1.003483
-2.573235 0.764524
-2.234087 0.696689
-2.476322 2.808521
6.109531 -0.718368
7.351477 -1.807793
7.089014 -5.240471
