12.040611 3.841152
10.892547 6.183994
10.129351 3.469139
11.798178 3.857866
11.384686 3.579850
10.164877 5.261766
7.018251 0.805713
6.451666 1.135978
8.691038 2.175718
7.620975 3.183690
11.195795 7.703174
11.185696 3.707607
13.606577 6.317970
15.449625 8.361269
15.176064 2.175350
15.261475 1.392631
16.034878 -0.044780
14.480595 -0.442061
14.504177 1.562865
12.863921 6.432704
10.471456 5.620795
7.430898 1.756515
6.389178 -0.352199
7.036204 0.242090
8.150870 5.686531
9.663885 6.444213
9.178896 3.675260
8.218310 2.800732
9.555487 5.039905
8.545621 3.218306
13.226093 6.117580
12.013597 3.983555
11.163162 4.576849
11.977590 7.384235
11.613575 5.407484
12.735014 3.593174
16.523970 4.406178
14.734962 0.588590
14.559160 0.196815
14.278894 -1.246023
8.336429 4.519783
6.374193 1.469720
8.714036 1.940656
9.293045 4.242036
6.522756 0.252141
6.695900 4.322845
13.024176 5.810299
11.018120 3.573742
9.172932 4.524111
8.638270 2.123352
8.897980 1.425443
8.049872 2.143065
3.506057 -0.720215
6.682086 -1.282826
5.581121 0.202407
8.985353 3.744640
10.796062 7.050453
11.437786 5.013710
9.989254 5.225494
10.296776 6.311144
15.909601 7.556406
14.361985 4.857056
14.121408 1.684739
14.126734 2.270438
14.403297 2.223833
14.510637 0.066377
15.138743 0.338175
13.353834 5.194472
12.706665 8.718142
8.982244 3.241995
8.989133 3.627703
9.746580 3.644826
8.075457 4.503733
8.961020 1.408794
7.605908 3.180368
8.483205 2.879310
6.702030 1.075548
6.820253 -2.107563
6.445006 -2.442686
7.254452 -1.418045
6.808839 0.215022
7.373397 -1.209575
8.008869 -3.826386
8.427092 -3.863277
9.075356 -7.508618
10.552904 -4.004737
11.282583 -4.783578
7.753895 -4.083343
10.399776 -7.620955
5.533972 2.566719
7.473475 4.261352
7.926413 2.688929
6.595991 1.273812
11.393440 3.695844
6.444913 3.719650
3.996552 3.788661
6.380724 2.205421
7.928566 1.767383
5.351614 -0.481058
6.437401 -1.471737
7.122956 -0.204196
7.125464 -0.794451
4.919343 0.882545
8.001582 2.211038
7.743962 1.835495
4.825492 0.432702
7.041577 0.050209
6.686784 -2.200968
6.881962 -2.135184
7.342605 -1.942682
6.172053 -1.625655
7.415007 -0.364447
6.446180 1.463658
8.308146 4.009308
8.873955 1.773627
8.578454 2.087311
9.190580 5.017991
11.448318 4.764319
11.034027 5.821408
13.615654 7.506460
15.571095 1.782482
15.582436 0.021352
16.313927 0.309045
15.314057 2.098229
