-7.745916 19.527769
-7.928135 10.699909
-7.290386 6.740380
-6.917983 6.423436
-5.495138 6.870677
-4.106800 7.406831
-5.102078 6.680804
-5.125440 6.469875
-4.308545 7.137973
-4.973675 6.311284
-5.047689 7.369776
-4.807120 8.381957
-3.365470 9.437261
-5.929191 6.509684
-3.912091 7.591968
-5.455238 7.464121
-5.010215 8.444281
-1.682371 4.532790
0.064201 4.490386
-2.694703 7.126009
-2.251119 5.592394
0.222177 1.444044
-0.066526 2.063704
-1.501725 2.100859
-0.878270 3.140298
0.961433 2.525707
-1.651197 5.889942
-1.471597 4.120081
-0.299750 5.143886
-2.177653 1.038771
-0.716845 -1.135537
-2.887750 -0.936974
-2.824967 -1.341617
-4.230590 -2.914636
-3.647960 -3.268883
-3.491335 -7.802328
-4.321189 -13.234485
