-11.167358 1.719657
-9.770825 1.898852
-8.044436 -0.846164
-8.466824 1.438028
-9.467801 0.928310
-6.905017 7.458769
-1.794089 5.699756
-0.368113 5.946952
-4.422079 7.627779
-3.248091 7.104987
-5.143669 0.443195
-5.585883 0.227904
-4.006209 -0.044756
-9.853502 3.415366
-7.397943 7.182906
-10.399085 8.548739
-5.330874 7.648220
-5.575490 7.772475
-3.482639 8.619957
-1.699923 5.271224
-7.947759 7.823544
-6.804189 6.942214
-6.286103 6.403739
-13.216814 9.130478
-11.299778 10.594261
-10.212442 9.795360
-9.691440 9.382050
-5.398137 8.754247
-7.079268 8.335127
-4.827181 7.834344
-5.503699 7.000726
-6.659110 6.600157
-6.219518 7.153523
-5.934011 8.695248
-5.135557 7.433177
-6.444683 7.129003
-3.212693 7.249067
-0.549747 6.730490
-0.773929 3.882896
-1.820893 2.713431
-1.288548 3.162126
-1.313468 1.739699
-2.120268 1.196832
-4.375401 0.119842
-7.522899 0.536316
-6.513940 0.808258
-2.584020 0.370702
-1.614809 2.772375
-2.179028 2.868953
-1.739300 4.667727
-2.981265 7.587682
-4.244106 7.484529
-4.171455 6.521376
-2.043282 8.528516
-3.829199 6.501637
-4.555649 7.190591
-4.832840 7.325251
-3.301414 7.580341
-1.564932 5.475436
-1.050307 4.286923
-2.278368 6.115489
-1.021684 4.780508
-1.824197 4.301324
-2.396451 6.498677
-1.608567 6.175670
-1.566156 3.892437
-2.448562 2.433262
3.277276 3.915049
5.150329 2.425816
15.090534 5.616619
