10.881612 16.775331
9.539364 5.689852
9.003901 4.075931
7.571737 1.334808
7.093237 1.409929
5.338208 -0.116970
5.549168 0.818814
5.872777 1.716178
8.603314 1.403636
8.825266 1.832593
8.913476 2.462839
8.484447 1.550302
7.260595 4.988370
10.877769 4.974573
13.571006 4.127857
10.425306 4.853158
11.703969 3.712755
9.960516 4.486268
13.420122 4.854735
12.353334 4.286920
14.032970 3.504998
12.416566 4.949564
16.144003 10.379846
12.100302 7.780715
8.342657 3.757658
8.735762 1.804904
7.986095 1.927070
9.243015 4.060551
10.717243 3.708772
11.117626 3.732759
9.394430 3.803082
9.176889 3.880923
11.657598 7.450603
10.618214 4.820869
14.993483 -0.027605
14.290109 2.055958
14.133083 -0.404761
15.938416 1.021723
14.319401 3.602448
16.783072 -1.574765
8.858526 3.261583
7.783241 1.754715
8.733899 1.272104
8.917513 2.143616
9.674374 3.861597
7.975345 2.923453
8.191550 1.859662
8.887239 1.869426
7.393178 -0.131481
6.621011 -1.006329
6.664657 -1.097295
4.729165 -4.348019
9.166914 -3.746238
7.082038 -0.696261
5.050141 1.744324
9.772595 3.698720
6.937105 5.039789
9.714580 4.804813
7.610922 4.762086
8.795659 2.683759
9.000080 1.453063
9.054214 2.288874
5.493889 0.011350
6.528173 -1.671870
5.507963 1.248340
3.734799 0.519016
4.738894 0.800713
6.213991 -1.576349
6.325583 -1.022599
5.303737 -0.735793
4.135280 -0.740006
5.046464 -2.932917
5.795303 -2.828918
6.733613 -2.893313
5.339099 -0.515016
6.408332 -4.284404
10.437735 -3.953780
11.228503 -4.906263
8.721241 -4.553417
8.226799 -6.193143
5.407930 -4.737137
5.948936 -2.823990
9.722996 -5.568741
11.782866 -4.028069
8.974759 -4.996563
6.225652 -4.490991
6.484597 -0.428751
5.322430 1.394868
8.487022 1.268430
7.036436 0.480444
5.840083 1.170805
6.314695 -3.782988
6.362665 -6.438590
8.652258 -4.005296
7.194428 -4.779149
11.571836 -7.038396
13.452662 -6.669078
8.968430 1.483903
8.888393 2.541726
8.832928 1.879663
6.133481 0.615041
6.921263 1.261639
7.251401 1.830206
7.096702 -1.994817
5.365177 -0.571467
3.229862 1.248814
8.904040 1.990139
11.170362 4.061640
9.864775 3.895159
8.064288 3.638573
8.195498 2.755212
7.218857 3.159879
10.027298 4.010723
11.190340 5.536429
8.782812 4.204883
11.852891 7.289414
9.620195 4.267536
8.272532 4.136615
9.448332 4.506371
8.801424 2.871089
7.783385 4.800402
8.094698 1.827837
7.153063 2.382913
4.077313 2.636791
11.533762 4.112401
12.593278 4.411781
12.498514 6.685297
14.095959 4.533796
14.845612 1.505882
16.613558 6.791938
11.909472 3.451503
9.911901 3.550587
9.612440 4.492317
8.764163 2.934235
8.657764 4.307398
10.349708 3.434258
14.711913 3.865679
12.261921 3.605690
9.536438 5.733402
8.836160 2.497749
8.076721 1.438337
8.684372 5.359644
10.037676 3.446471
10.143917 3.909632
7.581876 5.853028
8.474798 2.990802
8.443699 1.401133
7.883868 1.405791
7.263175 5.100490
10.353493 3.735843
11.581158 5.383592
8.638781 3.088718
7.191305 2.587639
6.996076 -2.907867
7.345104 0.763927
7.825774 2.497209
4.811651 1.548399
6.496432 -2.647208
6.366394 -2.920604
5.249976 -2.875794
6.317229 -3.975994
8.335044 -3.895925
9.299925 -5.926342
