11.976171 -16.188047
10.919797 -13.086769
7.947429 -17.156961
15.224246 -12.316613
18.896763 -10.554570
14.741295 -7.900454
13.318682 -7.411970
14.129111 -7.234983
10.169244 -7.656097
5.299112 -8.013098
6.054515 -9.340146
7.931062 -9.719790
8.568844 -8.644748
8.409486 -9.450135
8.701385 -11.271758
9.086261 -6.356297
11.300159 -7.274439
10.762041 -6.704304
11.289543 -4.719463
9.059742 -3.929232
15.227372 2.237301
14.281116 6.207855
9.062398 2.514361
8.901773 2.139284
8.391743 1.638942
7.967592 1.377094
8.684797 2.532030
6.775335 1.685463
6.591041 -0.436853
6.377575 -1.166471
4.255657 -1.853388
4.681420 0.302970
4.511400 0.248946
6.009334 0.035964
4.849949 -4.571010
6.613387 -3.797907
10.267876 -6.137314
11.738034 4.507359
7.993618 4.915482
6.951541 4.024613
9.979589 3.988064
19.601624 -3.553045
17.079126 2.782052
11.847450 4.465244
8.961676 5.424976
5.225644 -1.202883
7.017696 -3.462382
9.131226 -5.086994
11.821310 -3.826542
8.804839 -5.079913
10.730406 -5.397209
11.324934 -5.164108
8.570524 -7.217711
8.253075 -11.349011
18.062576 -14.092517
12.642769 -13.897166
13.525253 -13.596057
12.960448 -14.479664
11.856396 -13.047629
16.305893 -14.279517
15.071438 -8.766353
8.937717 -7.124117
7.912785 -9.421803
9.325564 -7.738463
9.593990 -7.068632
13.152252 -7.082119
10.781960 -7.594543
11.149319 -4.172619
8.190919 -6.446885
11.529898 -6.495289
9.634547 -6.992632
8.194138 -9.341384
7.816175 -9.475785
8.738535 -9.471334
6.042702 -15.445670
4.983921 -8.640671
4.281879 -9.034985
6.475719 -7.665089
7.283956 -7.055297
9.239038 -4.629716
9.542885 -6.746178
9.619033 -4.773523
7.490784 -5.576151
6.703770 -6.765079
8.248720 -7.878070
7.866176 -11.933940
5.935130 -10.303007
7.953289 -11.551114
6.221319 -10.858153
14.943213 -11.941615
14.895393 -10.395410
6.704895 -9.296852
8.510216 -10.118100
7.742532 -9.191281
9.066147 -12.600583
8.644297 -16.521059
8.413007 -12.206925
11.182596 -4.177111
8.932077 -6.297152
8.790494 -8.365611
14.481453 -12.522962
15.555627 -16.288839
13.220761 -14.472842
15.383440 -12.280360
14.620495 -13.535209
15.874861 -12.876119
17.403133 -14.562493
19.688175 -19.463243
15.319056 -17.225975
15.939132 -13.801397
17.667332 -10.969485
19.893322 -12.782427
14.805886 -11.239633
15.859553 -7.965351
14.787636 -11.980208
17.606230 -14.692002
11.626195 -17.821341
18.362219 -12.676013
6.432267 -11.498734
10.018567 -13.878934
13.819032 -14.134151
11.910770 -14.901434
6.985683 -13.900676
4.385249 -12.452149
9.177923 -13.826338
8.899254 -6.948175
8.534741 -10.193940
8.488956 -11.011203
8.304556 -12.059379
7.527766 -14.809116
5.885081 -8.859962
7.138138 -6.924753
4.726150 -8.845828
5.849717 -8.788342
5.991618 -10.344357
8.152025 -12.642402
9.002954 -11.334746
7.726843 -9.060962
5.281267 -9.510192
7.617682 -7.943809
6.080434 -9.723372
8.410648 -9.846624
9.005512 -10.554519
4.803301 -12.561647
9.924660 -12.861581
11.479445 -14.662213
15.736715 -14.781022
11.343478 -13.137050
9.597276 -13.515638
11.779888 -13.253324
13.403749 -13.967838
14.155491 -18.106194
5.872011 -9.490188
3.983145 -8.274271
6.988997 -11.310589
8.235944 -10.653324
7.137298 -9.665774
9.209207 -9.915091
9.251506 -9.439706
7.018671 -12.278807
6.919764 -10.025792
-1.690720 5.885996
-5.094175 8.853722
-8.918932 11.199183
