9.991636 -12.892601
11.650631 -14.144568
12.765615 -15.910658
6.385925 -12.195701
7.932937 -11.409236
8.989849 -10.348723
9.322741 -9.789127
7.153391 -7.862765
10.148069 -3.752260
8.879566 -7.779058
6.632661 -10.784324
9.213814 -8.800529
7.638248 -9.565011
7.937335 -10.915626
6.621647 -8.132698
10.536150 -6.152898
11.779592 -6.560159
10.089546 -6.689758
8.374729 -6.818283
6.404825 -0.825730
5.182285 2.611007
7.035759 -3.015331
6.750433 -1.694483
4.176699 0.203055
8.279934 1.796886
7.814631 5.290295
11.596322 4.605557
14.080391 3.582343
11.057136 5.799743
13.261988 4.277751
7.139019 4.381195
7.668229 1.586112
8.884672 1.415547
8.773028 1.341088
5.403331 2.160467
6.671051 1.366222
6.780326 -0.125889
5.955567 0.689837
5.820084 -1.510180
7.345474 -1.684762
7.308964 0.807514
5.918455 0.513457
6.523707 -0.428600
7.362571 -0.737057
7.501262 -2.294981
6.125175 -0.821710
7.952610 4.542885
8.171494 3.176033
6.892322 1.978493
7.266691 -2.098056
7.470769 -0.041995
4.840446 -0.983751
6.480920 -2.376033
7.208256 -4.959422
11.191942 -6.638233
11.100607 -6.677725
6.553594 -8.016479
7.317610 -6.977545
8.893818 -9.734335
7.105000 -7.583401
9.338861 -8.525142
9.384983 -13.749871
8.303182 -7.468971
6.391496 -7.642610
9.369227 -9.124245
8.870378 -8.795485
7.642503 -8.696649
6.640465 -7.134836
10.513847 -5.573055
6.446628 -7.824472
8.244371 -12.375604
9.321758 -13.161792
8.922813 -11.874843
7.502079 -10.391067
5.315035 -14.349994
10.995532 -13.029509
11.365570 -13.020720
16.663696 -14.038148
14.345751 -14.716056
17.543726 -8.262255
14.252499 -14.659022
8.995137 -12.742015
6.909179 -11.581666
6.993305 -8.628230
5.292367 -9.538323
4.646764 -8.657800
6.479650 -8.680283
6.385031 -10.257347
5.713899 -8.817017
6.121672 -8.958583
7.470196 -9.190994
5.942800 -7.916561
8.107494 -10.253472
9.100531 -10.611602
11.738924 -14.099692
8.146343 -9.239360
16.325222 -16.040857
14.680512 -15.579907
14.938409 -13.315886
14.571714 -10.217284
11.308392 -13.514096
12.976543 -13.750159
14.544227 -14.562465
15.254374 -9.810594
