-6.858856 -6.338768
-3.778352 -3.437019
-7.338489 -2.231091
-8.087326 -0.188687
-8.575073 3.403883
-10.919744 2.018046
-11.078159 1.238864
-10.190598 -1.203230
-10.688826 0.346330
-13.772924 1.935609
-14.528315 9.099262
-11.290155 9.446473
-9.856565 8.799674
-8.533647 9.472123
-12.979302 7.569439
-14.823432 6.464121
-16.068470 6.094075
-11.396463 -0.175198
-9.657660 3.365842
-11.597021 8.657311
-16.040661 11.190442
-15.269560 7.006379
-15.778531 5.790563
-14.128614 2.756728
-13.377649 3.660523
-11.596568 2.506279
-12.982694 3.057143
-13.495720 5.909396
-5.208165 7.793892
-4.540473 7.359172
-7.174404 6.467174
-7.422584 6.959323
-6.489577 6.425515
-6.615118 6.703258
-7.025374 7.062953
-9.422334 2.540466
-8.773617 3.187228
-9.889521 -0.209827
-14.022608 8.495538
-11.040518 8.604951
-15.757514 12.136204
-16.307346 -0.186976
-13.844990 0.247872
-9.659007 3.199123
-12.714571 2.239758
-12.837039 1.764447
-10.701821 -0.793868
-12.261545 2.810759
-15.782967 3.484544
-13.092843 4.562886
-13.636248 4.258077
-13.072409 5.338903
-15.059774 5.278156
-13.769720 6.270383
-13.554788 8.805261
-13.207232 9.573681
