1.872177 10.991271
0.630976 11.028630
1.616423 5.090928
1.927109 4.474079
-0.420139 4.499438
3.180561 5.882507
4.838037 9.275490
4.565733 6.113849
7.212369 7.945192
5.144002 9.498658
6.148137 7.827379
3.867110 4.781913
2.074715 5.306390
0.048520 3.813040
0.582958 5.191193
-1.745804 6.192691
-1.036428 9.186408
-1.823585 9.759736
-1.261919 9.052970
-2.803919 8.607573
-0.871719 9.992587
-1.668378 6.784799
-1.287198 6.435393
-1.976979 6.818212
-1.691809 7.507430
-1.998666 8.505549
-3.324775 7.490819
-0.180759 4.329185
-2.166423 5.278097
-1.215850 2.720223
1.049980 5.438344
0.632645 4.666020
0.655661 5.491726
0.535612 4.442904
-1.422345 6.189072
-0.957149 8.266064
-1.704687 7.638356
-1.099862 4.734323
0.513773 4.297626
1.168193 4.491176
2.749381 3.605527
5.609513 7.385484
7.130872 8.550634
7.055285 10.609635
4.644985 8.177434
4.979613 9.019109
3.709966 2.601079
3.116159 5.578262
0.526940 5.740382
0.496464 4.206536
-1.120897 2.874203
-2.639297 6.840247
-3.944613 6.723434
-4.390879 6.692750
-2.194485 6.268395
-2.936719 6.719227
-1.359022 8.375264
-1.136887 13.582987
-1.542417 11.096629
-13.140389 11.736747
