14.534019 17.744003
12.728470 12.674462
12.194697 9.035221
12.338359 8.862517
11.295664 9.002257
13.173356 10.807796
9.504951 10.180235
8.693995 10.585229
7.443680 3.304045
10.764399 2.884027
10.095218 3.361159
9.133940 2.438833
9.084629 4.947310
8.317297 2.396149
7.954706 3.472606
9.608664 3.577310
12.787427 -0.034094
12.141127 0.608604
11.729410 0.684290
13.038198 0.884502
16.486347 2.475477
14.098806 3.683651
14.478916 3.468131
11.913631 0.718701
10.661959 1.483298
8.751007 6.103003
9.636007 7.577217
8.642659 3.565029
8.837880 2.360130
12.607126 3.226292
14.107079 3.650343
17.381500 2.749963
15.288904 6.380813
12.066326 3.070613
11.264903 2.928244
10.838100 2.686883
11.247595 1.557774
9.974430 0.069999
11.928159 1.845384
11.338697 2.519157
10.126935 0.362946
10.127959 2.327717
11.269725 1.554649
10.336150 2.463701
12.072786 3.406049
10.925674 1.394238
11.637315 3.386715
9.234667 3.810768
9.623796 5.194844
9.693262 4.705498
9.743895 7.226051
9.201303 5.457547
8.236956 8.359190
11.994694 11.880729
11.130861 9.074298
11.320632 12.745274
11.085802 9.794198
10.242801 9.128886
9.017437 5.919710
15.981541 11.442796
15.527267 8.240905
12.498560 2.131320
11.936905 3.118064
10.606762 1.845829
8.574426 -0.176739
13.507973 2.448145
14.873023 1.193510
15.466137 2.774580
12.184949 3.459054
11.870673 3.589507
8.580521 4.576860
9.391082 5.094409
8.514986 3.457500
10.940819 1.960011
11.942198 3.006942
11.595897 2.042306
11.776058 2.915557
12.201513 3.597704
6.820115 2.485873
9.475201 2.636808
9.819153 4.564934
9.278769 1.356114
9.985907 2.415796
14.399006 2.338212
11.981532 3.247510
9.812807 3.288450
8.119987 6.750807
9.605127 3.615419
13.588743 3.186248
11.335402 3.521106
10.021837 3.600169
6.514190 4.234889
8.337856 8.477353
13.853282 9.809951
12.950600 8.902188
12.782537 9.996967
8.252860 2.764486
7.586627 7.119089
9.785528 7.154317
14.480837 3.496459
15.525855 5.200889
18.696091 0.289536
14.028181 3.088812
14.886776 8.848127
12.673005 11.268171
12.670696 9.254183
15.020390 8.443538
15.943550 0.693658
16.686783 8.122810
12.100532 10.623542
12.784780 10.634363
15.672473 15.101137
11.511302 10.909013
9.206725 8.170028
7.794189 5.330590
7.667391 2.068389
10.305462 3.379434
9.314002 2.802089
9.403889 3.089852
12.172766 0.168793
13.009372 -0.006212
12.123318 -5.723241
14.452715 -3.014099
15.385513 7.916163
17.469635 5.073296
15.638741 3.358410
9.954425 3.425702
8.537647 2.874767
0.212333 -3.894320
0.527002 -6.681011
0.783126 -9.046200
-3.736726 -11.531003
