3.255212 -3.106866
4.950311 0.906503
7.240830 2.575270
10.347662 3.402822
7.701127 3.815021
9.768083 5.731070
9.128544 6.046525
7.632318 4.902202
9.719549 4.530129
7.278791 7.081296
9.903428 2.360350
9.270628 4.504034
9.812773 4.146695
8.634583 5.010253
8.654524 2.560036
7.469787 4.229338
7.957980 5.984061
8.195242 5.957798
7.072399 3.709394
9.597372 1.097664
10.803667 3.393384
11.084815 1.731483
13.545617 3.018075
12.999743 2.522088
11.768391 3.313676
11.203201 2.115820
11.863085 -0.210156
11.828375 0.995431
9.379331 1.871312
8.833117 5.359843
9.240606 3.213379
10.766168 3.485922
9.567327 3.021460
9.371810 3.346225
8.607582 3.322119
9.271902 1.951741
15.413028 5.806538
16.621019 6.170835
16.049370 4.690932
15.932585 5.077320
14.166471 2.883543
11.905952 1.579062
10.449158 1.324157
8.414711 6.365623
9.729609 4.958224
9.370493 4.972240
9.111584 4.392314
9.843505 4.946568
7.219438 3.857909
7.682202 4.538548
11.101265 2.540300
12.310906 3.512204
10.564262 2.839576
12.622021 3.031301
10.091785 3.194606
7.919836 2.373709
11.426367 3.541681
8.360638 7.485528
7.989198 8.129258
7.126859 6.400711
9.146564 5.799823
8.827974 6.506144
9.323388 8.384208
11.327805 9.934519
10.792400 9.204472
9.399549 9.462560
7.813071 7.975180
8.097764 5.253941
6.051425 1.548355
8.885719 3.621304
10.034833 3.220805
10.528608 0.892184
9.490032 0.569408
11.692595 0.883684
13.768412 2.174611
11.832520 1.515869
9.412555 6.951121
8.986961 8.368256
12.856296 11.411598
15.988907 10.387235
13.598367 11.113890
15.386508 11.699697
15.746264 6.664256
16.412321 10.950330
