-8.924988 4.878490
-7.603331 4.711360
-10.608441 8.103647
-6.919958 6.572505
-5.912789 6.795484
-4.014752 6.539279
-3.932247 6.852856
-5.579150 7.954839
-4.232369 7.795972
-2.261923 7.909760
-1.731943 3.148070
-2.110004 2.572427
-1.647465 3.760668
-1.982436 3.014343
-1.751453 3.918251
2.322153 5.878539
-0.646688 3.684896
-1.710622 4.327489
-2.151410 4.636683
-0.263536 3.962906
-1.243457 3.717142
0.096989 5.016943
-0.553287 3.683870
-1.664987 3.665746
-2.090455 4.669898
-1.561870 5.512970
-2.038863 4.340276
-1.541842 3.580254
-2.366464 2.719309
4.784682 1.335225
10.015705 3.236857
12.397193 2.607922
15.078554 2.501142
