4.300304 -18.751322
1.429840 -10.846293
-0.086289 -7.210819
-1.660533 -7.089520
-1.931216 -4.496155
-3.434526 0.489080
-4.262744 1.094225
-2.315299 0.742700
-1.186104 2.079538
-2.046191 2.918128
-0.254596 2.781385
-1.973538 4.905680
-3.593888 9.533329
-5.718249 7.994087
-3.659012 6.997000
-4.883719 7.382847
-4.163075 9.504074
-1.133165 6.646709
-6.028975 7.459681
-5.467699 9.300178
-8.459400 6.848123
-7.685669 6.144751
-7.194114 6.943269
-8.038816 5.795251
-6.521533 8.972776
-6.952583 6.858069
-8.168379 6.031353
-7.722047 5.453231
-9.254803 5.225708
-9.272637 4.124335
-8.602151 3.748580
-7.695242 4.803554
-6.119267 6.385559
-6.061620 7.688954
-5.564232 7.928248
-5.632638 6.546293
-1.574563 5.733008
-0.818071 4.696350
-1.217614 5.900779
-3.228275 6.643808
-2.033957 7.641479
-3.375925 8.888295
-1.019778 8.288189
-1.460939 8.105360
-1.405763 6.373215
-1.733590 7.316313
-1.339208 9.193309
-1.079294 7.697221
-0.304345 5.642923
0.423160 4.795545
-1.206227 3.546225
-0.348309 4.759187
-0.981872 6.174397
-2.259405 4.818563
-1.894089 4.148948
-3.478807 7.069993
-5.141576 7.184221
-3.748009 7.503063
-4.387210 6.365354
-4.220420 7.132072
-5.125563 7.008103
-6.060764 7.258034
-5.652521 8.724437
-5.499289 8.408487
-5.190916 7.428919
-4.897152 6.608217
-4.435765 6.784838
-2.840442 6.610023
-4.177119 7.021098
-4.999701 6.536365
-2.287406 3.995389
-2.464794 4.538033
-2.121486 5.121809
0.333533 1.646490
-0.359657 3.913928
-1.415114 4.032303
-2.159754 3.259807
0.298020 3.621739
-2.203303 3.732313
-2.356688 5.440364
-1.250946 6.553419
-1.243964 5.075672
-1.346001 8.572968
-3.889402 7.319784
-3.422904 6.322392
-5.460334 7.308368
-7.943798 6.628036
-9.398457 7.079969
-7.919741 5.994153
-9.485755 2.983900
-8.069674 5.671269
-7.956951 5.237619
-6.835780 9.007783
-6.087851 6.485082
-8.179096 6.246914
-7.888735 5.143563
-7.486331 5.708210
-11.377508 6.202359
-11.041788 7.529664
-6.945457 6.396760
-7.688422 6.354950
-7.932737 3.583084
-7.959852 5.242857
-9.611517 7.257147
-6.542747 7.240559
-6.971627 6.466447
-6.995062 9.329534
-9.789396 5.504052
-8.579678 4.222106
-9.148355 5.464961
-8.626671 4.595979
-9.582021 7.288868
-6.980493 6.871858
-6.930326 7.462176
-5.387120 6.339804
-6.950276 7.059412
-6.639281 6.860099
-2.314155 5.696441
-0.786264 2.219574
-1.175698 2.938359
-1.156611 3.193254
-2.154433 4.294240
-1.845517 4.751746
-1.539246 2.145650
-0.785645 1.121307
-0.938380 2.467319
-1.786932 4.687071
-1.472679 4.025486
-1.582734 4.303256
-2.262266 4.505558
-2.305719 3.243722
-0.299014 3.015043
-1.563630 4.861141
-2.390690 6.095491
-1.681925 3.934191
-2.193884 3.281760
-1.536453 5.659904
-5.698989 9.747513
-5.571495 8.383472
-3.790158 7.031771
-8.588539 7.393287
-8.359344 5.490335
-8.122976 4.250202
-8.933643 4.900038
-8.426721 4.554666
-7.942423 4.644201
-9.444920 6.190609
-6.839088 8.432969
-6.408497 8.788772
-5.418582 6.709204
-3.896664 6.722368
-6.190945 7.549676
-5.366293 6.869037
-7.773017 6.659468
-6.507415 7.724914
-6.154742 6.550601
-7.757162 10.032159
-7.882708 9.959282
-6.737926 8.365086
-4.249788 7.217199
-8.876009 6.981504
-7.573402 2.629354
-8.696402 5.980862
-8.227992 6.124073
-5.942943 7.778464
-4.448975 6.779060
-4.305849 6.974708
-7.368151 6.920963
-8.235545 5.512569
-7.621578 1.945754
-7.804802 6.758693
-3.762065 7.088845
-4.767038 8.745213
