14.653773 -12.149594
10.552490 -9.615531
8.041720 -8.263270
8.854562 -6.752154
8.909879 -5.417599
8.293089 -5.621258
5.090918 -6.297626
3.087354 -3.857211
4.629839 -3.299371
4.657732 -2.299946
2.824461 -2.886208
3.480286 -2.261439
5.131478 -2.022736
4.500366 -2.593901
4.450755 -5.660592
4.557006 -5.223178
6.579730 -0.183012
5.622367 1.105627
3.698578 -0.368784
8.431355 0.454487
6.873292 -0.177495
4.559368 -2.143090
4.194711 -3.149436
3.936940 -5.463454
4.183738 -0.852852
3.977428 -3.965823
4.993957 -6.983467
6.851040 -5.673257
5.954937 -7.108427
3.348551 -6.327674
5.048326 -3.283406
5.054905 -2.010363
3.283744 -2.163593
4.817661 -1.644953
3.548201 -0.104236
5.382304 -3.772467
5.219306 -0.460658
5.706961 0.411920
4.430623 -0.574294
3.476772 -0.913973
2.363844 -0.414865
5.041871 -4.009697
4.305914 -4.641867
3.547187 -5.146022
7.903842 -6.184297
11.456923 -4.904932
10.963531 -1.182703
11.120734 0.682617
11.643798 1.644259
12.212799 -6.375073
11.864767 -5.330107
6.182904 -5.557192
7.625371 -6.007111
6.111173 -6.843224
3.684869 -8.778102
7.740067 -7.585236
8.310586 -8.867584
9.176725 -7.428764
9.000376 -5.481391
8.966114 -8.219285
4.153278 -7.325829
2.221774 -7.775032
5.805079 1.549005
8.512352 0.298509
9.992384 0.453623
6.419455 0.868568
8.234882 -0.098758
8.495128 1.111590
7.004104 1.752867
4.682305 -0.646396
5.170097 -1.656437
5.282509 -2.198579
5.356128 -4.438946
5.297564 -2.248152
4.170692 -1.077304
2.032303 -0.323983
5.278278 -2.845468
3.919069 -5.248572
8.410269 -6.659256
11.402154 -6.370893
8.020998 -5.715668
3.536306 -7.494070
4.289765 -6.803331
6.450372 -6.227699
6.910589 -7.406899
8.917022 -6.735709
11.427231 -4.594440
10.932151 -2.846029
10.846433 -0.850607
10.479239 0.065999
13.424355 -2.833053
11.110412 -3.234515
13.109433 -2.669445
10.689884 -1.507699
10.866759 -2.217284
13.564667 -3.689600
9.844448 -7.475527
7.561324 -7.891664
8.303421 -6.443499
7.888147 -5.291479
6.628484 -6.097854
2.710413 -6.317683
4.837850 -3.805024
2.455568 -4.693213
6.772334 -6.795196
8.438866 -5.421874
8.836246 -9.328715
7.794785 -6.891393
8.753618 -5.828850
8.279744 -8.199982
11.235266 -4.229070
13.620212 -1.613137
11.198442 -0.105924
10.721346 -0.926378
10.540627 -1.638463
10.952879 -7.019992
5.872335 -6.592639
5.383318 -5.869479
9.270821 -9.196480
9.352107 -6.731421
8.555796 -7.270168
7.589574 -7.932312
7.295036 -6.823429
7.691395 -8.887935
8.580617 -5.780703
5.915101 -5.764423
5.382654 -5.656501
4.407126 -3.114807
4.450872 -4.584926
4.975796 -2.534177
5.228882 -6.077195
6.671466 -6.272513
6.936977 -6.599784
4.454142 -5.229573
4.918404 -3.443719
4.329165 0.111935
4.383958 -0.587458
4.739142 -1.569884
5.221148 -2.999891
5.666501 -8.205459
4.634490 -7.090519
12.198795 -3.311619
11.031815 -3.696543
10.429780 1.141641
6.594474 1.966622
7.898692 1.810256
4.924784 -0.422881
4.409987 -0.334246
5.361727 2.558025
5.505624 0.543819
6.404507 1.081825
11.186216 0.144559
9.464752 0.381782
12.826324 1.046156
10.634021 -0.934817
12.325981 -2.636192
17.227068 -9.945802
8.690031 -5.441900
5.588460 -5.859406
7.251904 -7.339640
2.988506 -7.998629
4.900349 -0.886282
5.723204 0.527473
6.071589 0.234575
3.924740 -0.311705
4.930823 -2.011412
4.765471 -1.568703
1.421135 0.177024
-1.049304 4.417661
0.274220 4.435570
-1.222772 4.386779
-1.797722 6.709240
-4.876059 6.317880
-7.165567 6.601982
-14.637070 9.379964
