-15.975084 0.664227
-11.546053 2.641725
-8.319597 2.531323
-7.938169 4.707281
-7.524643 5.931920
-8.270205 4.756022
-8.181279 7.340092
-7.940486 5.772038
-6.761031 7.897276
-7.018535 6.879711
-5.473907 7.387715
-5.360991 8.542543
-6.052291 7.710039
-4.006608 7.093930
-5.664479 7.755521
-2.958174 7.891252
-3.608804 6.358069
-2.743742 6.475334
-2.571633 9.129729
-6.132899 7.239365
-1.197432 6.104397
-1.057730 4.514842
-2.335398 2.064081
-0.628033 1.554951
-3.662681 -1.361705
-4.204429 -1.160954
-4.487208 -1.424834
-3.113499 -0.842239
-0.969258 -3.016256
4.670304 -5.454793
7.131891 -7.922368
7.540846 -6.942603
7.042395 -7.127247
8.511472 -6.704896
8.553063 -5.723679
4.778672 -7.382868
5.208922 -4.420343
4.919136 -6.305577
6.620386 -7.101868
6.178575 -6.764221
5.324010 -7.310983
8.016918 -6.396486
9.671265 -7.799479
8.232914 -6.528111
11.666451 -7.040881
11.604752 -0.984648
10.053503 1.283937
10.547649 0.758877
8.035260 1.298396
7.215444 2.311012
4.559995 1.813130
5.347070 -0.561760
5.127367 -1.461146
4.214342 -2.126328
4.725819 -1.909737
3.923710 0.655777
9.434941 -0.156835
8.374472 0.242487
11.430614 3.494670
11.663751 -1.089145
11.001065 -4.492511
9.599236 0.474617
7.318854 0.267197
5.285472 0.305568
6.406811 0.401177
5.257936 -2.728481
4.949465 -6.121830
4.447314 -8.383277
5.127859 -2.564086
6.141528 0.804013
6.428722 1.616500
7.477967 -5.632761
8.995667 -5.968095
11.624819 -5.016914
10.512602 -3.234824
11.411465 -5.372247
10.543166 1.209421
10.928761 -0.748218
10.810360 -1.269620
6.656397 -6.894960
6.054718 -8.429509
10.084749 -5.628637
8.913106 -5.917762
8.709827 -5.433747
9.534092 -6.800127
10.254284 -6.114223
12.385545 -8.006456
10.863312 -2.077403
11.198441 -2.180972
12.042751 -4.466168
13.109373 -7.241064
9.909698 -6.026292
13.371249 -5.326148
12.347918 -2.514506
10.880746 -2.328924
11.011919 -1.071461
8.573683 2.014844
9.867516 1.126422
8.299972 0.941187
11.570380 -4.374591
10.030296 -5.316381
8.926889 1.079824
8.777596 -6.761710
9.896184 -6.598626
11.315773 -3.453143
10.989470 -0.781973
7.443962 0.582329
7.474276 1.271183
5.550004 0.178638
9.140079 0.535670
7.450231 0.154860
7.660251 1.239233
8.917395 0.664108
9.472624 1.384858
10.253963 1.161213
8.848003 1.152362
8.385787 -0.098040
5.350741 0.443795
5.733566 0.247656
10.376629 1.125957
9.576582 1.104167
7.373192 0.697516
8.206337 -0.177018
5.698409 0.151218
9.889368 -0.080523
10.205858 -0.182259
14.805135 -0.232610
10.698916 0.096473
12.019033 -1.782516
12.153786 -2.890013
12.136852 -3.005219
10.931142 -3.861950
11.847006 -5.746726
9.257745 -5.559517
9.697706 -5.658450
6.866349 -6.591895
9.173609 -8.672072
3.681918 -4.286708
4.940324 -2.923232
3.882247 -2.345332
3.386798 -2.870529
3.111403 -1.847083
2.030389 -2.299897
3.651210 -2.005331
4.654851 -1.942637
3.697968 -1.324378
5.105994 -2.678376
4.179233 -1.067134
6.904633 1.955557
9.539661 2.125522
6.763499 0.471730
7.404992 1.317546
6.298387 1.363550
6.868393 0.944118
8.383722 0.644380
8.137647 0.033102
8.639868 0.050176
9.064140 0.784847
7.628403 0.183912
8.598694 0.225955
10.601622 0.184667
11.103544 -3.231576
12.143643 1.449086
11.164352 -2.765024
10.813459 -1.853543
10.816184 -1.639570
12.429193 -1.951715
10.547466 -4.717363
10.939059 -8.182307
9.285172 -6.610240
8.796858 -7.104321
8.123187 -5.891675
10.418194 -5.659487
7.732989 -9.211706
11.520189 -8.410553
10.988584 -3.681324
