-15.136600 9.466440
-10.072360 6.469672
-8.261276 4.767188
-7.646594 4.144629
-8.030161 6.475774
-4.319637 6.681088
-4.408823 6.490970
-1.663222 7.860215
-1.922832 4.072302
-1.436932 3.912162
-1.972121 2.740261
-1.446917 2.724985
-0.341032 5.407233
-1.558458 6.966631
-3.809811 6.619137
-4.372392 9.031729
-5.792364 7.668174
-7.060898 6.960109
-6.851073 7.558059
-7.452249 7.941134
-7.700162 5.460226
-10.026710 4.284170
-8.094501 5.049756
-6.980905 7.860423
-5.059943 7.008097
-1.956726 6.314367
-2.255630 5.460214
-3.430616 6.865793
-4.096466 6.914683
-4.743721 7.003026
-4.472344 6.735714
-5.137265 7.362384
-2.911948 8.190094
-3.713741 6.369263
-2.714639 6.792233
-5.093976 6.361218
-7.496167 6.458390
-8.776622 6.503391
-1.663243 5.168081
-1.853017 -0.502558
-1.154528 0.867299
-0.937997 -0.256655
-2.855357 -1.730688
-1.779669 -0.912442
-2.239640 3.509298
-2.188334 2.806124
-2.037167 3.102731
0.280164 3.830921
-2.105902 8.097235
-3.109124 6.419784
-3.415314 6.744784
-3.675177 6.840036
-2.179468 3.682838
-7.725881 7.290984
-7.153275 7.857668
-6.273690 6.945271
-8.004707 6.802067
-9.695822 2.963787
-10.709593 1.841770
-11.402910 -4.279694
-9.655657 -1.134790
-9.647985 -2.193462
-10.243446 -7.208234
-8.620277 -4.665418
-8.892714 -5.420443
-7.461484 -4.171114
-8.413295 -4.330735
-8.226534 -4.114791
-10.241797 -4.670140
-10.722053 -3.217397
-9.947792 -3.826277
-8.068622 -4.386218
-6.090517 -5.508628
-6.274992 -5.142201
-6.528005 -5.494814
-2.137418 -2.353441
-4.533744 -3.032662
-3.820864 0.656348
-4.489994 -0.673332
-3.415426 0.842523
-3.187416 -0.102540
-3.555983 -0.348055
-3.692109 1.240425
-4.301919 0.553184
-4.354775 0.680152
-3.434191 -6.040296
-3.315814 -3.463891
-3.556391 -3.492633
-7.305212 -5.203361
-4.643661 -4.242815
-2.921667 -3.249877
-5.629487 -5.478993
-3.056191 -3.069461
-4.489087 -0.844943
-3.118309 -0.011922
-1.687305 2.392809
-0.672745 2.388425
-2.268274 2.186007
-1.782759 6.733510
-3.839517 8.297107
-1.919261 6.163402
-5.917771 6.763462
-7.632492 4.388037
-7.496435 4.330393
-9.902878 6.009914
-8.046121 5.315596
-7.499603 6.740203
-7.626876 8.430484
-6.706172 1.233774
-4.504515 0.842391
-7.399246 -4.022511
-12.451632 -5.245193
-9.841208 -2.769182
-2.448115 4.201637
-7.649270 1.799666
-8.269067 3.713862
-12.774607 3.764839
-7.836990 2.528707
-8.385515 3.556854
-7.858968 4.529035
-11.803228 -1.675743
-12.555841 -3.638516
-10.604837 1.147104
-6.337685 1.150608
-5.984475 1.232870
-4.720706 1.267755
-3.529757 1.093005
-4.510352 0.450274
-4.210135 -1.264754
-3.117111 0.448046
-4.085421 0.280599
-0.311813 2.128075
-0.765817 3.500891
-2.357807 3.547761
-2.301739 5.844964
-2.274054 7.297118
-4.891767 6.439726
-5.709788 6.402711
-6.379907 6.683356
-5.402693 8.199824
-4.273279 6.463395
-4.234014 6.327506
-4.992991 7.332158
-4.976119 7.132550
-3.447856 6.440318
-3.972432 6.604726
-3.404576 6.366914
-2.853957 6.430086
-5.052389 7.669101
-5.627528 6.400633
-3.947792 7.550199
-5.484870 6.363007
-1.299733 5.300869
-1.755130 5.053049
-2.011778 5.713522
-2.471531 6.009295
-2.367144 6.109311
-0.902673 3.209919
-1.757902 4.411822
-0.599366 4.097880
-1.811127 3.942986
-1.868038 2.651458
-2.424185 2.228590
-1.673187 1.908058
-2.411352 4.246625
-1.156631 2.093621
-0.807412 4.098663
-2.947418 7.135375
-2.942860 6.516868
-4.691539 6.372296
-6.839036 6.518210
-8.724048 6.430559
-8.480237 3.836073
-9.481369 2.210743
-9.155945 1.625996
-10.841541 0.274991
-9.830870 -5.629627
-10.872108 -0.755997
-8.078457 4.833460
-9.733253 7.582458
-6.658803 7.782330
-4.616685 8.837828
-6.362777 7.543849
-5.309686 7.341968
-5.851473 7.559290
-7.031035 6.427747
-2.861604 7.582702
-2.094243 5.560513
-1.489078 6.754419
-2.509362 6.617523
-1.036066 5.276844
-0.921922 3.215214
-1.186468 2.849880
-2.359220 0.858601
-1.416446 0.575049
-1.421927 1.406925
-3.015780 0.932758
-4.124954 0.706840
-3.699186 0.896371
-0.858255 0.144082
-1.256302 3.905243
-1.937161 3.844917
-2.419619 2.894502
-1.974363 5.327755
-0.160538 4.225536
-1.515057 1.858718
-1.488303 -3.348318
-2.475294 -0.446481
-3.981672 1.130488
-4.280642 -1.098863
-3.218927 0.660038
-3.408067 1.030459
-3.848750 0.290787
-4.583998 -0.686976
-3.878006 -1.930392
-3.793211 -2.560462
-6.058024 -8.700387
-6.736661 -6.956246
-9.789927 -9.499681
-10.051408 0.018996
-9.713352 -0.053924
-10.136301 -1.228051
-10.560849 -2.018123
-11.216381 2.362844
-11.052679 -0.968460
-9.777109 -1.751458
-10.014156 -2.350933
-9.150265 -6.758364
-6.585318 -7.249684
-7.517993 -4.652878
-3.320965 -5.592592
-3.566879 -3.234021
-3.961548 0.158098
-2.979097 -0.098586
-4.282991 0.031777
-2.909537 0.957721
-2.310306 0.550636
-2.218442 1.541948
-1.889326 3.168508
-2.403029 5.870405
-1.558442 7.126013
-3.212941 7.689933
-1.538014 6.773394
-2.223867 4.922063
-2.496268 7.687636
-3.808926 6.651190
-3.809469 7.200243
-4.267741 7.447325
-6.930399 6.516072
-4.543870 6.890738
-4.316243 7.213254
-6.151125 8.185687
-3.689374 6.613035
-4.590272 7.380900
-5.652639 7.349077
-6.300830 6.647133
-5.748594 6.620216
-7.518535 8.173573
-8.452008 8.710903
-7.560470 2.176646
-8.354245 2.354881
-13.104546 3.377116
-8.430600 1.832817
-7.646512 1.146839
-10.965904 1.355087
-10.359410 -0.639060
-10.063056 0.593835
-11.548391 2.422941
-10.806829 0.944485
-8.050508 2.807287
-9.222685 5.633118
-5.859845 7.681905
-4.634086 6.634930
-4.309638 6.376635
-4.029751 6.844474
-4.570390 7.213937
-3.797583 8.854116
-1.623672 4.967834
-2.189638 5.312587
-1.756187 5.533078
-2.263332 4.392858
-2.320811 0.510026
-3.935215 0.053747
-2.482118 -0.358601
-3.865067 1.281927
-8.011981 1.298817
-10.395906 2.485554
-10.717010 -0.343268
-10.315796 -3.390943
-10.263382 -2.354548
-9.894048 -4.662734
-8.688251 -6.009217
-9.349430 -4.253434
-8.564392 -4.148757
-10.758005 -3.897870
-9.136502 -4.203639
-7.218583 -4.542511
-7.044788 -5.246434
-11.883108 -3.660744
-11.985089 0.396033
-11.091786 0.525659
-11.927694 -3.105928
-8.325748 -4.386069
-9.761966 -5.052134
-11.494607 -0.441685
-9.752287 -0.903215
-12.854136 -1.796211
-7.866336 3.535765
-8.278735 2.790406
-8.058484 1.662485
-7.607326 2.535927
-7.279668 -5.531195
-8.429737 -6.554857
-7.283463 -6.941044
-6.720474 -4.621569
-7.895527 -4.226462
-8.177046 -4.769628
-4.403015 -1.934139
-7.230166 -4.256991
-10.981132 -2.121593
-11.224634 -2.044627
-4.319491 -0.416782
-3.304542 7.387404
-6.170530 6.403553
-7.964261 6.119185
-7.677025 5.136423
-2.255394 4.336088
-2.276980 3.787300
-5.292866 6.429899
-5.691616 6.595220
-9.588758 1.933029
-9.503397 4.904768
-7.809866 6.211694
-9.416224 8.323702
-9.685304 4.413941
-7.386116 6.462625
-6.282378 6.765740
-5.268690 6.658335
-7.621100 4.332045
-6.973835 1.212513
-7.753282 1.495896
-8.288328 3.088204
-4.276670 0.629610
-3.196140 0.105280
-4.503215 0.692538
-3.061197 0.646122
-3.794642 0.303194
-4.163449 -0.287541
-3.008298 0.475956
-2.591772 1.233272
-6.147216 1.138206
-3.995831 -0.158947
-2.775729 -0.061365
-1.971023 2.433958
-2.068750 2.124119
-2.412964 0.287753
-3.124560 -0.317069
-3.737041 0.815672
-4.500437 -1.389291
-4.558524 0.287989
-3.971788 0.702427
-5.260637 1.208718
-1.125764 -0.343255
-1.477057 -1.449749
-3.668365 -0.374460
-4.263102 -0.903730
-3.623244 -2.594160
-3.237207 -2.624251
-6.536314 -5.738156
-6.752501 -4.330376
-5.229033 -4.665719
-4.224191 -6.685470
-5.337729 -7.243398
-8.014199 -6.113879
-6.611513 -5.736232
-10.020548 -5.488814
-10.036871 -1.148960
-10.837922 1.258277
-8.417919 1.816908
-9.865586 1.791376
-10.730006 -0.034250
-10.243345 3.864599
-8.003469 3.642329
-4.578401 7.520840
-6.570026 6.827694
-7.758268 2.130873
-6.448184 1.154181
-7.991513 -4.130737
-10.245776 -3.970711
-9.545153 2.105031
-8.318317 2.261210
-7.704819 2.173421
-8.598790 3.885000
-10.220676 1.637826
-8.599899 4.404262
-7.820327 2.239047
-12.217964 1.106815
-11.620373 -1.079139
-9.148483 1.685951
-3.277238 0.996050
-4.320668 -0.234936
-2.186737 1.464466
-3.871819 0.387038
-4.022760 0.212103
-3.356080 0.670615
-2.294644 1.057086
-2.387435 1.524910
-2.009246 4.565685
-2.431903 5.889690
-1.713117 5.543678
-1.256518 2.115508
-3.357134 0.704690
-3.554894 0.074487
-4.075032 -0.411574
-3.792905 -4.422544
-1.483292 -3.404070
-5.297452 -4.049296
-2.412581 -4.281629
-4.265675 -3.045865
-3.285765 0.148194
-4.404207 0.892926
-2.158753 2.075680
-4.062340 1.286382
-3.323688 1.264939
-2.361220 -0.191884
-3.914957 0.915002
-3.579408 0.077112
-7.700198 4.104374
-9.104487 3.351307
-7.590405 3.169877
-7.819527 3.628955
-8.808371 1.450156
-7.982950 1.541449
-3.690460 -0.357569
-9.771106 3.910562
-8.177530 2.789567
-6.678654 1.113456
-3.574379 0.750823
-3.145193 0.860812
-2.865636 -1.041543
-3.758589 1.051712
-3.070749 0.728122
-4.015500 0.351640
-3.049599 -1.316539
-3.863400 -1.162883
-4.044544 0.669818
-2.704558 0.730795
-1.762074 1.163778
-2.059623 4.244010
-1.158548 4.399334
-1.983413 2.047866
-1.347873 2.860035
-3.879208 6.626662
-4.433487 7.570486
-7.715229 2.840813
-7.922274 1.215818
-7.641782 2.083088
-7.528125 1.169316
-9.475782 1.758105
-9.476173 8.089101
-10.955017 4.893054
-9.352192 6.992098
-10.113478 4.219157
-8.356917 3.734085
-10.357613 1.906419
-11.076080 0.861150
-11.051476 1.897382
-11.989635 1.993193
-9.879696 4.286440
-8.956195 5.221766
-8.254995 3.672383
-7.705332 3.299514
-8.115180 3.101134
-7.604105 2.299759
-8.165289 5.160494
-8.751254 4.950125
-8.672637 6.194812
-7.734868 5.878631
-7.760266 4.716099
-6.630247 7.834598
-6.421618 7.470645
-2.374201 3.485232
-0.314911 1.606056
-0.391800 2.032469
-1.296852 3.635033
-2.011687 5.741064
0.633967 3.774527
-1.614011 2.197470
-2.288813 3.226723
-0.825771 4.158244
-2.178015 6.369590
-3.246295 6.507914
-1.413805 6.642473
-1.751427 4.827618
-1.680034 4.909469
-0.885930 6.590857
-3.128027 6.310840
-4.657338 7.133222
-4.184181 7.186338
-1.692241 6.075148
-5.337044 7.177122
-5.610598 6.826142
-5.957013 6.834219
-7.894507 7.172438
-10.174055 6.168038
-9.903172 6.409816
-7.797226 5.483109
-8.853167 3.823062
-8.130364 3.554248
-7.580398 1.949710
-7.745347 2.438248
-8.213767 2.979496
-7.938933 3.328892
-5.418648 1.281598
-9.339982 7.670386
-9.435288 3.932410
-3.379884 0.534400
-4.507941 0.280535
-4.368582 -0.213014
-3.556631 1.280130
-3.879526 -1.934907
-4.479607 -5.933641
-5.827402 -6.193185
-4.839204 -7.764070
-6.603628 -7.669147
-4.536844 -4.064590
-4.548674 -1.934314
-9.643805 -0.079036
-10.106131 0.774872
-2.964228 0.453994
-4.580447 0.460988
-7.986834 1.305355
-7.327596 1.265015
-4.156370 6.353996
-4.525088 7.535640
-4.079107 6.463401
-7.557961 4.951273
-9.516758 3.437916
-11.293664 3.865605
-10.450410 0.760495
-8.567070 2.495422
-7.607344 5.319261
-8.793015 4.800757
-7.747615 3.734148
-2.137361 3.067619
-2.301040 3.683120
-2.243362 1.545707
-0.560140 0.583390
-4.040798 1.036511
-3.774047 -1.068586
-4.545466 -0.156673
-9.443449 2.045596
-8.319344 2.048476
-7.626407 2.372060
-9.870034 2.160786
-9.618687 0.687497
-8.427420 -4.531902
-6.806299 -5.702294
-3.105932 -3.434723
-7.160454 1.290376
-9.974945 4.623096
-8.768372 4.876611
-10.461168 5.784045
-7.827255 5.080900
-10.137450 5.449003
-8.204305 6.757853
-5.114182 10.334523
-7.118297 8.043124
-7.304486 8.098660
-7.219619 6.712434
-8.782817 4.317489
-8.587516 4.088914
-9.106668 4.193953
-7.764974 6.166991
-9.156538 5.202954
-8.567923 4.588900
-3.901291 0.748210
-3.192322 -0.585036
-4.117255 0.987040
-3.601970 1.035237
-2.092182 2.417726
-2.474819 4.364352
0.232748 0.668910
-3.582169 0.006366
-2.847050 0.755381
-3.101062 1.119938
-5.317378 1.232781
-3.465733 0.300895
-1.968996 -0.933921
-3.226544 -1.868702
-2.379570 -2.509006
-3.935167 -1.784317
-3.490308 0.128655
-3.749315 0.246220
-4.174701 -0.359948
-3.729220 -3.881488
-3.807005 -2.302970
-3.247901 0.329351
-4.564494 0.641108
-2.928466 -1.936072
-4.461386 -4.538984
-3.564941 -3.560256
-4.783643 -4.406665
-3.103818 -4.586459
-4.625630 -4.499182
-6.412483 -6.594223
-7.330939 -6.094248
-9.697199 -0.614270
-13.280689 -6.059448
-13.003252 -6.946807
-12.708489 -3.555931
-11.364045 -2.179934
-10.884550 -0.002786
-9.492747 1.872736
-10.609171 1.075352
-7.268920 1.261455
-4.818532 1.229989
-3.618343 -1.533040
-3.704634 0.288772
-3.949453 -0.745910
-3.238829 -2.023910
-3.131654 -0.048377
-4.229308 -1.253360
-4.093957 -2.596695
-3.857724 -1.713825
-4.303965 0.308864
-3.686219 -2.925822
-7.009609 -7.869862
-7.625090 -6.750544
-7.834782 -6.017747
-5.336891 -4.685945
-2.931295 -5.271920
-3.625640 -0.934856
-1.814867 0.664305
-1.754127 1.182144
-3.077736 -0.442983
-3.656536 -0.444661
-2.686591 -1.832538
-3.519107 -3.357225
-7.833715 -6.551179
-5.922575 -4.236516
-3.204057 -2.246353
-3.073551 0.514030
-0.994048 3.644136
-2.411307 5.088841
-2.103481 3.069579
-2.996197 0.041577
-10.766037 -2.168527
-4.343986 -2.749106
-4.970383 -6.336071
-6.706155 -4.387372
-7.134780 -6.480894
-4.403491 -1.490763
-3.806807 -0.133649
-10.464533 -1.657079
-10.396403 3.700584
-8.154053 2.205790
-8.664824 2.468850
-8.470463 3.898230
-9.419655 1.573431
-9.057371 6.375410
-7.718079 6.218801
-9.582268 1.208467
-9.662812 -1.197205
-9.795181 -1.437310
-12.690116 -2.954888
-8.560478 -5.311931
-8.361926 -4.063846
-7.269485 -6.552747
-7.164807 -5.324949
-6.528279 -4.431616
-8.001890 -4.412167
-8.585917 -5.952872
-2.666492 -2.083630
-2.193420 -4.086111
-2.909221 -2.086921
-3.640292 -2.562100
-4.068128 -4.046457
-2.836825 -2.361095
-3.075537 -0.210896
-4.310866 0.526888
-2.181569 0.597627
0.019384 2.963970
0.157835 2.702050
-0.755438 2.710855
-1.440322 2.836181
-2.231498 2.615939
-2.466985 2.127665
-8.892899 2.393785
-4.205411 -3.487319
-4.187973 -0.935143
-3.706371 0.982374
-4.031300 0.394881
-3.187976 0.597130
-4.138531 -0.122131
-3.502645 -0.179642
-2.053428 1.647174
-3.582882 1.219468
-4.318196 0.223592
-3.746298 0.424485
-2.539728 -1.125121
-2.155463 0.267016
-2.498180 0.217925
-4.433550 0.547273
-4.015628 0.902039
-11.240595 1.851224
-11.737333 5.981656
-8.167966 3.840048
-8.921383 3.423390
-8.755482 3.017870
-7.505966 6.295548
-9.133893 5.504788
-7.917598 1.431622
-9.546801 2.065497
-8.522198 4.942816
-8.384604 3.641799
-7.504384 1.647701
-13.533125 -0.352866
-8.847363 -9.126244
-7.692210 -5.331071
-9.068017 -5.770677
-10.227798 -2.741381
-10.087719 -0.712932
-12.650522 0.201065
-10.912026 -1.299541
-9.673311 -0.465483
-10.399393 -0.604911
-9.955776 -1.137101
-10.918848 -1.991405
-11.480070 0.207508
-12.708076 -1.100103
-10.112761 0.196891
-9.613767 -0.850067
-10.385086 -5.084866
-10.869023 -2.904444
-9.882723 -2.767216
-10.351877 0.318147
-9.878060 0.997423
-9.648817 -1.327637
-11.285915 -5.846808
-8.861356 -5.911279
-7.489604 -4.851937
-7.047649 -5.772937
-5.895257 -4.370949
-3.952239 -3.967486
-4.614927 -4.163215
-7.670937 -6.765790
-7.588711 -6.458080
-7.875943 -6.575219
-8.044858 -6.832625
-7.361253 -7.106111
-2.709548 -1.932023
-3.889016 -2.125625
-4.166262 0.195213
-3.886825 0.666676
-3.965109 0.045969
-3.975010 -2.700793
-3.557798 -2.032465
-1.838930 -3.930099
-0.389582 -5.965582
