-17.560793 -6.766201
-15.042127 -2.935026
-13.172071 0.991042
-8.973269 2.562926
-8.250629 4.983631
-8.869957 7.272192
-6.362379 6.772877
-6.392536 6.418279
-3.844370 6.321852
-2.564167 6.401444
-3.551046 6.568906
-0.898748 6.159386
-1.979425 5.586077
-2.003933 5.270415
-1.502355 4.130766
-1.174041 3.324336
-2.050192 5.856444
0.536210 5.836272
2.426847 4.692329
1.375322 4.981790
1.728975 4.436642
3.167523 4.102500
4.166698 5.806786
6.202480 3.951720
4.707668 8.205646
6.771492 9.167541
8.820682 12.365834
8.434090 19.216757
