19.251001 19.161631
9.882748 12.359368
6.051060 12.014843
5.481751 10.105943
6.369824 10.137099
4.900745 8.227932
3.994162 3.680157
4.920130 6.878600
5.139546 4.531384
2.160335 4.963898
0.453718 4.006498
-1.696233 5.074358
3.858720 5.557115
0.601955 5.942179
2.588624 4.164069
2.206372 5.501568
-0.114490 3.341396
0.740254 4.438452
-1.306762 6.136864
-0.992566 8.524615
-0.972678 5.531415
0.876622 2.677743
2.188960 5.532422
-0.275049 5.535755
-1.454679 5.000660
-1.338417 7.438609
-1.777079 9.330128
-1.795558 5.763771
-0.627058 5.923376
1.498860 5.830649
0.284815 5.618623
-1.517578 5.902544
-3.393977 7.605343
-2.006458 8.569615
-2.944337 9.253651
-3.945899 7.849204
