11.639509 0.962967
11.245420 1.303953
10.817784 -1.313153
12.470197 -0.953551
10.653013 -1.743224
10.905699 3.588054
7.007850 2.892376
8.558846 4.972167
8.458489 5.452263
8.403603 4.637716
9.330495 5.317688
8.706489 4.202163
8.279703 8.241579
8.636323 9.266195
12.853014 12.922191
12.810646 9.051894
12.250957 9.316252
12.251043 11.737416
13.013159 9.821156
7.526094 10.066641
7.588147 4.693730
8.952906 4.669340
9.546679 4.229080
9.066178 5.189273
8.014491 4.849902
10.345015 2.495216
9.295115 4.625805
9.238468 3.940865
12.009878 2.695458
9.721285 0.364154
9.942783 0.102611
8.898813 2.439396
9.860989 1.341765
11.993348 -2.917230
13.558064 -2.656434
8.588629 -7.105298
9.836364 -9.597852
11.353301 -5.395977
11.002008 -0.639082
14.224160 0.527184
17.719891 0.211048
13.184366 2.885787
11.271246 2.427977
10.411882 2.445185
9.342985 4.973750
7.528374 1.184154
11.471719 1.034906
10.929697 3.221004
12.848320 3.001515
12.227192 -1.466218
9.155519 4.450042
7.784739 6.753581
7.816202 6.562534
8.249153 5.909136
9.626471 8.733132
7.470612 6.593323
6.448754 5.031302
9.670860 7.850881
9.660702 11.569014
15.366667 11.578420
18.434050 13.390097
