15.313314 -9.460417 -1.945552
11.886872 -9.827012 0.719957
11.400924 -8.025898 1.952906
12.780939 -7.203556 1.663535
11.390007 -5.722818 2.826285
11.847437 -5.504834 6.115417
7.156094 -5.178082 4.666232
4.519550 -5.601811 6.955578
2.568694 -5.138018 5.800992
-3.579447 -5.363114 7.803786
-6.296527 -6.140962 6.692858
-2.970310 -5.835814 4.481712
-2.376121 -5.315585 1.133103
-3.107049 -4.489048 2.741642
-2.094973 -7.221038 4.392837
-3.619871 -3.435610 4.108109
-2.130759 -6.650004 1.521527
-2.202243 -3.502754 1.498530
-2.854723 -3.865726 1.765559
-5.570439 1.108963 -1.044284
-4.278350 -0.834719 0.402420
1.480680 2.344302 5.966225
3.820922 4.359343 5.730345
1.657620 3.013243 7.405669
2.124874 -2.505714 13.581276
4.589757 -2.099683 10.469963
5.137264 -3.836691 10.537865
3.835042 -6.294955 12.384579
1.908252 -6.641848 9.020877
1.428765 -4.376443 7.657971
-0.795199 -4.935128 7.530171
2.330878 -3.912363 5.801039
2.119696 -4.156148 6.126964
4.394388 -5.179239 4.805173
3.141828 -3.832204 5.500846
2.265125 -3.182837 6.386557
5.347026 -6.880623 6.120050
5.834254 -8.066181 4.958457
6.505859 -3.967931 5.200360
8.404634 -7.824344 4.571226
8.023482 -14.552903 7.515633
7.193795 -15.323126 8.595139
9.803027 -10.754193 1.936369
10.100913 -8.181356 -3.361565
13.267027 -6.410713 2.219722
11.129189 -7.735103 -0.649749
13.450374 -8.383633 -2.047108
12.478684 -7.374340 -1.118440
8.638824 -5.466380 -1.112510
9.400608 -9.756073 -2.703439
9.840170 -6.526315 -3.186311
9.524467 -5.590662 -1.126058
11.264453 -10.103278 -1.964346
11.721996 -8.186719 2.203263
15.610109 -7.731583 5.393555
10.083611 -8.595408 5.670447
12.403630 -7.471984 1.597107
9.383909 -8.342817 -1.099622
9.190291 -9.489415 -1.649080
5.958164 -2.773038 -2.827638
4.335785 -3.945136 -0.860294
8.796837 -0.931995 -0.617431
7.869086 -6.043195 -0.514424
8.192895 -7.655407 -0.963603
9.185683 -7.349573 -1.285289
10.228506 -9.469868 -0.672536
12.196679 -8.861033 5.959115
9.158626 -10.884834 4.414356
6.306797 -6.379988 6.260371
7.198230 -7.371816 9.782926
5.739886 -3.700771 8.260391
5.565119 -4.574073 5.119682
4.895144 -7.748641 -2.839697
12.846090 -10.676023 -1.496064
14.553938 -11.522228 0.024951
12.550976 -11.235640 2.051623
6.702268 -8.740529 -1.905658
8.353189 -8.679605 -1.117690
5.619977 -6.303091 -1.976682
6.136213 -5.869811 -4.136564
5.220872 -4.730494 -2.635142
6.157103 -5.657208 -4.312542
8.177184 -7.423395 -4.343367
7.393002 -8.586477 -1.936568
7.980330 -6.280685 -1.332242
6.710642 -7.355247 -2.376997
10.745587 -10.096335 -1.148700
8.164695 -11.594309 0.405769
6.683854 -9.834945 -4.352087
10.182270 -10.692979 -1.035905
10.178520 -9.895780 -3.342802
4.712431 -6.259730 -0.715442
8.973109 -4.341625 -0.647036
4.628782 -5.269676 -3.284394
3.588085 -5.370093 -2.559149
5.080983 -7.567234 -0.517378
5.045231 -9.911479 -3.668154
8.903167 -12.777973 3.617363
9.242097 -11.670448 5.479915
6.163496 -6.300714 4.744691
5.129203 -4.020014 5.247797
5.060487 -4.236417 5.179420
5.916426 -5.035738 5.337770
6.742100 -6.220907 7.153855
8.830588 0.573282 3.950516
7.699270 -1.957795 6.243592
7.444419 -5.437750 5.124869
8.176873 -3.577617 4.530395
9.839417 -6.823024 4.598150
8.529233 -7.230610 5.772166
8.749743 -3.678038 6.121172
10.119792 -1.948954 6.889214
5.984795 -1.884070 4.964790
7.743100 1.824596 4.707566
7.952650 -0.448284 1.898854
8.159266 0.254439 3.890679
9.425524 -1.081006 4.943618
9.713249 -2.377311 5.899793
7.917299 -5.815607 5.470705
8.642417 -6.026285 7.776502
9.408413 -1.542821 7.171298
10.181290 2.267483 1.287260
9.558095 0.614127 5.864115
8.443118 4.218752 4.275097
8.067197 2.052185 3.611203
6.881077 0.046735 4.607472
3.952420 -3.264359 5.422970
5.486481 -4.429756 4.861735
5.807956 -3.498150 4.677355
6.605062 -1.029685 6.854616
4.774770 -1.326777 4.796935
5.785146 0.765704 3.963588
5.977619 0.399580 5.162582
4.793244 -0.763889 4.575282
5.024434 -2.785780 6.201971
4.455072 -3.103268 5.286944
3.565806 -3.540369 4.985429
7.004444 -3.216022 5.966040
7.579674 -5.781141 5.101982
7.420145 -4.439044 8.072918
8.411476 -4.094836 4.650568
10.507197 0.147191 5.697230
8.453642 -1.274810 4.617129
9.601583 -7.223236 7.350784
7.550954 -8.545935 7.576385
6.431588 -8.710717 8.477874
6.214109 -3.126273 5.624503
5.746050 -2.963634 5.462760
1.711919 -3.526522 7.584681
2.737069 -4.215271 7.263050
7.178784 -2.371881 -1.198630
6.430755 -3.897181 -2.259215
7.107852 -4.734406 -1.322767
4.284448 -5.906241 -1.456364
-2.317456 -5.821183 -0.365760
-3.010184 -3.049802 0.245390
-3.542798 -3.116964 0.286841
-2.374269 -0.329626 -1.313088
7.791727 -0.407028 0.904558
5.721125 -0.852512 -4.373619
6.292131 -2.577048 -1.893375
8.604506 -3.360178 -0.641322
10.239122 -2.095380 -3.133525
13.647888 -6.210909 -3.359302
10.272550 -1.092855 -3.804336
12.097305 0.689214 1.825328
9.907848 -0.040957 0.684919
11.072119 0.093006 0.707702
11.648293 -3.053868 1.418811
14.899363 -2.954172 4.423369
11.912373 3.657573 -1.172468
8.304522 -1.312897 -0.533248
11.051558 -1.559296 -1.170562
12.833645 -3.442425 0.345359
11.281061 -6.049304 1.738591
13.575974 -9.805597 1.572902
10.767287 -6.200833 6.006474
10.412809 -4.889524 6.534231
7.379662 -3.853298 6.966150
9.362762 -6.294283 6.046238
9.468716 -8.941896 9.068281
5.878944 -5.176975 7.261369
4.470702 -3.948773 4.884984
4.345363 0.754548 7.612289
7.361107 -2.401366 5.198502
3.376935 -7.050483 4.753125
4.324577 -5.516623 4.943418
6.277897 -8.159458 5.340443
4.912722 -7.448816 4.969575
2.572306 -9.881708 5.143539
-3.658611 -7.456378 4.350126
-3.004703 -7.951440 1.004206
2.950210 -10.232252 10.286354
0.742951 -7.341163 6.327962
0.296656 -5.467322 5.370562
4.831702 -5.893374 4.645498
6.792613 -5.582263 6.284875
4.626513 -4.645509 -0.547771
4.443695 -3.169601 -1.020067
6.381388 -4.346178 -2.692608
5.673105 -4.651677 -1.889578
8.572836 -1.556086 -0.913219
9.423862 -1.647303 -0.932839
6.905618 -5.540839 -0.699112
4.045889 -5.326705 -0.790766
6.668245 -3.462005 -1.378746
4.208273 -6.869512 -0.966691
3.991206 -5.746680 -0.907768
6.866989 -3.677127 4.600696
8.751805 -4.734344 4.629959
6.658928 -4.115673 4.745755
5.100809 -5.571740 5.811840
7.421485 -4.918296 -1.092102
7.034816 -7.508177 -1.597189
10.941228 -5.653127 -1.011945
6.741782 -0.295375 -0.549600
6.500435 -0.005002 3.807966
5.541832 -0.420277 2.580516
7.563301 -0.025813 4.659153
8.512098 -3.610596 5.768076
7.147797 -4.562909 4.649396
6.978520 -2.516124 4.532335
5.539460 -4.026199 6.920713
5.759526 -1.512120 6.059361
7.328649 -3.665184 7.097047
4.463977 -4.888490 6.568058
4.044805 -3.661440 7.841187
3.173550 -2.994210 4.978326
3.948059 -5.189391 6.393972
3.770508 -7.477089 5.622451
4.417140 -7.225502 5.654702
5.645192 -9.146116 5.726270
8.978098 -9.115142 4.955817
7.880655 -6.148401 7.846932
4.287865 -2.068035 6.483899
5.003078 -2.799015 5.736093
10.324893 -9.177618 7.181812
10.930797 -11.629759 10.694679
8.896091 -7.762225 7.402607
8.769191 -12.037267 3.611530
6.462721 -11.618959 2.746485
8.441125 -11.038198 0.417138
17.304449 -12.340548 4.903235
7.882511 -9.420226 5.947930
7.481373 -7.303749 6.876223
6.260114 -6.369530 4.510526
7.404474 -6.354613 5.854944
10.927396 -11.375456 4.360635
11.222069 -13.826484 0.798778
10.019446 -11.970503 1.126233
9.180546 -12.533637 2.302977
14.694853 -10.927482 1.824711
12.588739 -5.370284 5.629387
12.047403 -8.316461 1.918191
12.385248 -11.244787 0.750933
13.322748 -8.297454 -1.665492
7.008964 -8.383442 -1.230892
7.959691 -8.065464 -1.019631
8.090487 -8.941867 -0.652816
6.663528 -5.652363 -0.594150
6.151219 -6.799736 -3.306320
7.645410 -5.826755 4.541588
8.021511 -10.251572 7.825754
6.782958 -6.667894 6.457806
12.484732 -7.912430 3.454179
12.441019 -6.172667 0.383718
11.649778 -9.241157 1.478949
11.132445 -12.039862 3.063302
11.322165 -11.564946 3.466154
6.936316 -7.553584 -2.978022
7.417173 -5.139173 -1.070777
8.981581 -5.635080 6.070836
8.971397 -4.744714 4.560578
8.512772 -7.418707 6.272306
9.667895 -9.403632 5.235696
5.762718 -7.876716 6.832445
8.517943 -13.122425 7.545578
9.954417 -9.278935 5.250219
6.978655 -7.415926 5.666321
1.900791 -4.016216 5.751684
4.054627 -3.745737 5.742794
5.464149 -9.287607 6.667372
5.003404 -10.756221 5.859680
3.710255 -9.270442 6.622927
0.595285 -9.631506 7.104397
3.294599 -12.186832 6.798763
2.479497 -7.880779 11.719492
-3.016185 -6.254408 3.432893
-2.974847 -6.193811 3.582828
-3.129295 -6.728572 5.678567
-1.543698 -10.111473 5.149625
7.404241 -12.680592 6.874381
3.152587 -9.443427 4.570821
4.777988 -7.064206 4.942670
6.607291 -5.477852 5.677683
4.567284 -8.121089 9.784298
3.418128 -6.751348 4.541953
11.558532 -8.926926 6.293321
12.574300 -9.525720 5.945594
