3.103144 -13.139506 3.288924
2.425956 -10.914426 0.218195
-0.148196 -11.029615 -0.329485
-3.528514 -8.546055 -0.833166
-4.323022 -5.923392 2.395859
-4.780214 -7.403161 1.683373
-2.385258 -5.926419 0.568801
-3.830330 -6.567986 -2.516815
-3.196664 -9.611484 -5.005080
-2.270537 -5.620555 -5.399166
-1.919105 -4.391172 -5.071871
-3.855938 -5.472340 -4.641537
-3.856702 -5.974068 -2.341383
-2.030738 -8.278874 -4.594667
-1.667679 -7.392003 -6.330720
-4.172583 -5.924316 -2.526620
-2.851946 -6.514949 -0.937711
-5.900050 -8.191063 -0.036564
-3.065386 -10.027607 -1.210928
-3.353300 -8.003420 -1.085544
-2.204674 -6.928998 -2.055718
-5.346055 -5.814003 0.587318
-4.529923 -7.114038 2.848530
-6.252733 -8.756414 3.255589
-2.179387 -4.947458 -0.036500
-2.176663 -8.222686 -0.617187
-4.074450 -5.685575 -1.091595
-2.357088 -8.241486 -3.692908
-2.708141 -10.721165 -6.349329
0.461423 -7.830217 -5.662362
-1.243090 -5.098531 -6.495008
-0.764344 -8.533619 -5.568400
-0.012891 -7.806376 -6.985689
-1.123202 -6.627107 -5.880666
1.383537 -5.162491 -5.636378
2.153551 -6.831713 -5.097830
1.084407 -6.809678 -9.496605
-1.834836 -3.952077 -13.471230
