12.533390 -2.442131 -1.983561
9.299509 -3.892669 -0.578658
10.161943 -4.509149 -2.750053
7.622823 -2.615333 -2.107594
6.773198 -6.203680 -1.965571
8.807477 -3.040250 -0.762384
6.048236 -1.589361 -1.028692
7.020869 -2.270674 -0.946386
7.629479 -1.377174 -1.389522
9.869754 -3.936870 -0.925793
7.227102 -4.301327 -0.768060
3.356510 -10.882567 4.647493
5.748386 -7.188275 6.042163
3.037800 -8.013495 5.156207
7.901166 -3.973762 5.256393
6.106934 -5.337110 6.150011
5.484791 -6.769278 5.110800
7.985012 -7.826370 5.648092
8.432044 -5.452780 4.836350
8.185010 -4.757772 5.311129
4.951627 -5.169596 4.943216
7.149257 -8.354590 7.917949
4.011115 -6.936117 4.948621
-2.710308 -3.978931 0.681031
-3.655119 -4.004638 1.811630
4.867181 -4.849670 -1.718497
4.636159 -4.263275 -3.543761
7.402820 -0.270535 -3.086330
8.508499 -0.260489 -0.954776
10.554468 -0.374141 4.320401
8.242223 -2.703444 6.010497
8.461830 -5.253563 4.567767
11.383917 -1.270379 4.691455
10.133457 0.082381 5.175409
12.016739 -8.073859 6.265185
11.167201 -9.106461 0.549644
11.888741 -4.313605 3.711257
10.188041 -4.647080 6.056117
5.501489 -5.675936 4.801739
7.303381 -7.057775 5.770190
9.687751 -6.781361 5.113150
7.317531 -3.401311 5.541402
7.778185 -3.938837 4.786348
4.370224 -2.669446 6.383981
6.421051 -0.407348 4.844007
10.471736 -2.811780 5.825806
13.712107 -1.571215 2.781917
11.568192 -1.465482 2.713108
8.619355 -5.697644 -1.069018
4.336596 -3.187206 -2.995877
8.859879 -4.343832 5.389640
5.770773 -2.757018 6.157682
7.179392 -6.802408 5.249916
9.447234 -6.618785 9.710670
9.391268 -11.154202 5.989995
10.225204 -11.596455 2.244888
9.715194 -6.113081 -2.191080
6.971283 -4.807734 -2.900929
8.468768 -4.894683 -1.009806
6.230959 -0.944197 -2.052912
9.541832 -2.025566 -2.403447
8.268201 -3.268198 -0.917123
8.273384 -2.562822 -2.416752
6.031136 -7.016879 -2.282041
5.456695 -6.263917 -1.124622
10.227652 -2.444521 -0.517735
8.804476 -2.780204 -2.032785
9.454510 -1.697166 -1.980130
11.037093 -2.244679 -3.420382
10.313540 0.670561 1.448933
10.219432 -0.452861 3.788263
10.832315 1.621909 0.925937
8.095531 -0.603664 0.019978
5.583327 0.629607 -0.382762
6.793953 0.278830 3.482684
6.866623 0.327951 3.372424
6.607720 -1.328088 6.333191
7.564891 -4.804979 10.387781
3.178099 -3.535593 8.796147
3.099807 -3.601919 8.506079
1.790823 -4.492845 6.554257
2.382371 -3.399975 5.143246
4.115883 -3.315153 5.063763
9.656869 -4.165283 5.342662
10.369350 -5.267212 5.041416
8.536574 -3.516145 4.911922
6.428115 -0.638776 4.954439
8.059445 -2.808211 5.416396
5.882554 -1.470189 5.513687
6.215195 -4.145174 4.567066
10.551232 -7.032129 5.004457
10.447735 -6.599220 4.730211
10.703121 -6.401611 6.572454
10.545980 -7.274712 4.926082
11.300731 -9.018575 6.230569
14.803561 -7.242152 2.300745
17.650755 -12.953334 2.235648
11.420387 -1.939621 3.099327
12.348307 -1.165768 0.446545
12.018949 1.032535 3.627530
8.696587 0.316992 2.930744
9.817327 -0.279823 3.166076
7.223006 0.744630 2.113534
9.605035 2.442810 3.087211
7.046942 -2.489029 5.455613
7.682345 -4.180948 5.383489
5.717900 -2.415695 4.765700
1.763553 -4.336085 8.499689
1.531786 -3.208560 6.512323
2.723233 -3.012092 5.664510
2.908181 -4.952376 5.815952
5.637040 -2.344463 4.933116
4.767793 -0.551848 8.374757
4.415950 0.456694 3.446544
8.283658 -0.797007 6.026781
12.589540 3.424101 8.526803
11.465841 -1.531125 2.679085
10.641955 0.993105 1.990713
9.468568 0.234075 -5.465022
9.598455 -1.239872 -0.796040
6.688533 -2.093491 -1.141382
10.334061 -8.293446 -1.525263
7.878384 -7.266342 -1.429709
7.489355 -8.447103 -1.597376
12.402884 -6.797426 -0.225155
8.145105 -2.945904 -1.330035
9.887191 -5.766794 -1.945556
8.834300 -4.086186 -0.735074
6.618288 -1.533704 -1.370640
5.773978 -2.082610 -0.992209
12.653848 -3.183921 -0.440346
11.529387 -4.764761 0.522790
7.790517 -4.187255 -2.819071
9.977014 -7.330002 -3.125362
8.523169 -5.205547 -1.388526
6.091451 -0.719157 -3.960334
7.969322 0.925176 -0.032270
7.983170 -0.597590 -3.553793
8.296717 2.103677 -3.303721
10.125879 5.300794 -1.213796
12.270079 6.015759 -1.273870
9.230220 4.377306 2.495527
9.782053 1.593698 3.282949
8.753021 2.700566 2.543545
6.732216 3.792713 3.038767
10.415560 4.156787 5.192246
9.143094 1.252256 4.284708
9.622514 -4.584409 5.650788
7.628178 -6.269815 4.711655
10.726030 -10.298101 8.531361
5.903857 -9.120007 5.444788
3.133506 -4.805426 5.082954
1.962004 -4.398266 6.409714
3.328887 -3.050530 5.838153
1.492933 -3.682194 5.218316
1.286783 -3.886563 6.014173
1.843741 -4.954780 9.303524
1.577821 -2.377415 11.782708
3.122117 -0.777886 10.879641
2.252831 -2.786784 12.878404
4.474153 -3.135531 9.177513
2.330073 -1.590207 10.960938
5.197890 -4.272650 10.649452
0.228904 -4.819290 7.239244
2.490877 1.281758 12.973481
0.484757 4.463873 6.840457
-0.551707 2.226944 6.219074
0.499985 2.581912 8.699578
2.620530 2.142996 5.483617
-5.128865 3.525189 2.392982
-3.986956 3.462955 4.227694
-6.192682 -0.290120 1.934210
-8.613147 -0.837953 3.829948
-5.362410 -4.133486 5.645144
-3.926351 -3.301189 5.023899
-1.729430 -3.335623 5.222779
-1.579223 -4.621074 5.855992
-0.147295 -4.181126 6.802730
3.252067 -4.053931 9.857545
5.632149 -1.998971 6.503648
7.316635 -2.400321 4.510008
7.698664 -4.281349 4.936157
6.727818 -4.946925 5.120130
1.787152 -3.705798 5.158754
4.435774 -4.486768 5.566892
5.040857 -3.679428 8.786686
9.445597 -5.695583 8.460567
8.759768 -5.377923 7.624741
9.132054 -2.460923 5.211675
5.446898 -7.872911 4.884079
4.886373 -5.138755 7.188094
7.952015 -9.633357 9.530659
4.598186 -5.321481 6.426666
7.583286 -8.179346 5.860603
5.805800 -2.155308 4.662824
5.820536 0.895535 6.663342
6.075571 1.658628 3.968516
5.199036 -0.157011 0.921805
7.801147 -0.123762 2.239243
6.863277 0.321497 0.483406
7.237547 -1.434971 -3.360121
7.446650 -5.412407 -1.853082
5.366682 -3.481864 -2.623720
6.162345 -2.958591 -1.514997
10.542238 -5.982599 -0.671324
10.384897 -8.732846 -1.821211
9.093534 -3.195894 -0.931204
7.060843 -2.840914 -2.517312
6.814232 -2.509143 -2.700689
6.379272 -0.339302 -4.381554
5.446343 -2.253058 -3.783962
3.802529 -2.609840 -3.931222
4.932752 -4.652758 -8.024666
2.284764 -4.362904 -5.783546
3.774399 -9.163449 -9.652944
5.667603 -7.623950 -4.035110
11.073631 -7.692924 -2.224427
10.383322 -6.710917 -1.159823
6.415112 -9.082019 -1.738423
10.130635 -10.563941 -1.470670
8.314337 -12.856140 1.734185
15.215866 -4.204852 3.291104
12.189329 -4.728842 3.835330
9.949583 -2.707779 4.608533
11.154613 -5.732804 5.512744
11.572132 -5.115767 5.497132
6.231889 -3.161917 -1.659492
6.756399 -8.331393 5.927322
5.842950 -7.965265 4.521994
4.715715 -4.616276 4.762705
5.015985 -4.198919 7.067546
6.276383 0.165547 5.831025
4.476881 -2.284014 6.681379
5.001555 -5.458713 5.595840
3.388330 -7.136613 5.311256
3.525161 -5.966379 -0.693201
3.473985 -5.764836 -3.060420
3.503230 -7.795865 -3.230454
1.985596 -12.058625 -1.956601
5.057498 -9.044682 -4.723402
5.094519 -8.327602 -2.521656
3.867187 -5.969067 -0.635052
4.460087 -5.669096 -1.723795
4.181830 -4.429553 -1.544378
5.821459 -4.165553 -1.989225
10.448085 -4.237799 6.754858
9.219007 -1.944370 6.501391
7.012522 -3.093078 5.089108
6.462490 -5.019534 4.616933
11.542767 -7.127672 4.633158
12.251859 -9.891862 3.519575
10.326427 -11.493986 5.597754
6.019251 -4.856524 5.388402
6.305560 -4.588703 6.020286
11.269739 -4.966045 6.099791
11.380335 -7.384694 2.744653
12.569236 -2.667299 0.970491
10.658571 -14.153841 4.372723
8.182127 -5.230176 5.299354
9.975409 -0.379214 5.840825
6.750106 -2.538353 5.521299
5.560533 -3.201056 5.831146
7.822237 -4.822030 7.450807
6.344758 -4.915758 7.167250
3.972870 -4.264560 5.525422
1.925039 -5.300220 5.486807
-1.130071 -5.532546 9.718265
-7.189826 -6.089124 15.682794
