3.081712 16.506647 -1.487597
7.548065 8.551895 -3.995398
12.810296 7.980267 0.707533
11.494679 7.678966 -1.209777
10.127669 5.724358 1.942365
7.620626 3.846344 3.219033
6.780267 -0.263545 2.782784
8.964169 -0.591494 4.713825
8.591376 -4.024023 4.795546
8.722687 -5.108368 6.285249
7.500565 -5.397209 4.952612
8.416520 -1.461661 6.263829
13.528008 -1.933220 6.627371
12.347942 -7.198172 0.375304
11.932240 -6.918430 4.477629
8.089355 -8.909686 5.230645
6.584960 -8.831093 5.051087
9.952131 -7.809717 4.886607
8.036955 -5.230487 4.750006
-3.254213 -3.357366 8.002681
-3.569490 -3.220617 3.831977
-3.362790 -3.353023 3.146236
-3.834803 -2.830475 0.046297
-1.971297 -1.850546 0.157375
-2.112962 -0.274560 0.444997
0.691774 -0.208152 -0.475340
-0.048432 0.904096 0.416328
3.544806 -0.307780 -0.570358
3.978696 0.553739 -0.064708
7.159636 -0.472624 3.528576
9.519695 -0.110035 2.301688
8.458107 -0.306405 1.506088
7.905755 -0.365909 1.035117
8.316014 -0.077833 -4.073519
6.474236 -1.812452 -3.893842
6.495953 -2.304819 -1.014379
9.472192 -4.041364 -2.484838
6.011164 -12.066019 -4.109542
4.531714 -8.955325 -1.687116
4.891298 -7.456860 -1.118629
7.147639 -9.930390 -1.205220
8.534165 -4.600376 -4.096699
6.246058 -2.966237 -1.272871
8.452283 -3.256571 -1.597274
9.042713 -1.256464 -2.262501
6.442659 -2.198708 -2.797433
7.790267 -3.959306 -3.646879
7.467776 -2.545983 -2.833751
9.969531 -0.980252 -0.621598
7.036846 -0.404400 -3.728380
5.531488 -0.620074 -0.186997
6.106964 -0.102305 -1.987696
5.288880 -2.617984 -2.009820
5.538137 -2.369150 -2.134947
7.852601 -2.106801 -1.004422
5.589938 -3.002545 -3.016138
7.514711 -6.304230 -0.595858
7.494774 -9.219722 -2.689583
7.615728 -6.928554 -1.100808
8.421557 -6.283090 9.648191
4.699224 -7.009140 7.189810
9.373157 -6.993056 5.426013
11.467373 -8.581286 2.198423
13.752747 -7.328856 0.753205
11.453786 -6.821509 0.562842
11.921181 -8.152242 2.173274
12.911007 -9.577534 5.620408
8.770600 -6.390237 5.800891
9.854179 -9.555380 4.775099
7.496145 -7.378480 5.840528
5.159436 -6.668673 5.974537
6.800409 -6.947579 5.280429
4.156795 -6.018088 5.076048
3.921237 -4.247535 4.670770
8.946545 -4.951569 6.031054
5.970319 -4.577207 4.576048
6.911397 -8.464666 5.189423
6.873645 -11.250204 6.117810
1.874013 -7.535017 5.491103
-0.218247 -9.791590 6.559576
-0.469649 -8.091905 4.986522
8.540852 -4.356761 6.854543
8.344348 -5.169101 6.933868
7.796515 -10.103507 5.650268
5.539252 -6.958499 5.050840
3.572615 -4.764429 7.839725
8.954443 -4.023275 4.775720
6.238682 -3.875635 4.516324
7.792283 -1.428643 4.697936
9.690712 -4.669592 6.924944
7.614391 -3.324176 5.652265
7.589440 -4.361155 5.683611
6.554104 -3.450568 5.468525
10.013988 -4.647502 6.626414
9.750650 -5.069252 9.012350
14.806428 -11.447458 6.787280
