10.128710 17.772186 18.453367
0.462299 3.426813 9.798427
2.263197 2.680442 8.152841
4.553270 4.711911 9.666071
1.214105 1.310066 11.082392
1.767682 2.630312 12.015076
1.063447 4.336915 11.342237
5.863905 1.176843 8.310305
4.650176 -0.771103 8.138674
4.370753 0.066416 8.680574
5.390163 0.626715 6.356254
5.468807 0.045085 6.850835
4.368236 -1.849537 8.839392
5.339663 -2.404023 11.017085
-0.007520 -2.152190 10.883459
0.996487 -3.678712 10.678954
-0.033300 -5.112722 8.325397
0.276833 -3.765336 8.570781
4.597313 -3.136367 10.455601
-0.333938 -6.205016 11.593475
0.026812 0.798019 12.889604
-3.809505 3.691363 9.755445
-7.377662 1.576197 5.452915
-5.882363 -0.986322 3.173552
-7.262866 -4.603530 1.993269
-4.722159 -2.967713 4.531357
-7.881759 0.595698 2.633748
-7.134666 -2.267935 1.032992
-6.993659 -2.524969 -0.266061
-7.076246 -1.616725 1.033643
-7.135295 -1.537836 3.129123
-8.901341 -1.625820 7.199094
-6.930344 -0.905142 6.119880
-7.929920 -0.528006 3.332343
-6.933139 -2.310261 4.059478
-6.335752 -0.065539 2.131016
-6.709383 -1.373699 2.128774
-6.200883 -1.921638 3.923805
-6.529727 -0.430684 1.985194
-6.427936 -2.915569 2.866036
-3.513197 -3.424050 3.044359
-5.080921 -3.571577 5.301386
-6.450051 -4.293731 4.963399
