11.909009 0.132034 -17.947023
7.619338 -1.478391 -10.310383
8.447317 -0.584528 -7.808330
7.651655 -0.018789 -6.421585
4.495162 0.462348 -9.492249
5.175622 -4.034460 -12.016998
1.153477 -3.904051 -8.082047
4.802199 -5.258866 -7.469102
0.048738 -2.996478 -8.590226
5.827482 -6.419987 -5.624798
8.923863 -6.584787 -7.148737
9.065117 -6.411392 -8.830343
4.509892 -4.045269 -7.776187
4.384496 -3.585794 -4.945122
7.289736 -6.210968 -2.096688
9.801785 -3.624713 -3.542970
10.887598 -5.000066 -5.159487
12.063132 -4.793601 -5.412179
10.775113 -1.459605 -7.341993
16.786610 -5.296974 -11.626987
8.665583 -5.328625 -12.190152
10.931173 -4.995663 -10.556353
6.965407 -5.460267 -10.506049
6.926805 -7.749457 -9.886738
7.673755 -3.640756 -9.607050
6.745410 -5.941024 -10.364159
5.427964 -6.740175 -8.377504
5.980753 -9.629267 -10.772945
8.625490 -7.405415 -9.277508
11.007353 -6.506560 -4.566753
7.958246 -4.442272 -3.748046
4.520488 -3.702570 -4.045759
3.711986 -4.089446 -4.970677
4.845619 -3.440198 -4.847526
4.669443 -2.539792 -6.688627
4.929555 -5.885525 -5.705226
0.702008 -3.608413 -6.388383
1.318074 -2.441728 -6.566680
4.451258 -3.502318 -6.954659
4.840496 -2.743165 -3.409381
6.584518 -2.380410 -3.204733
6.570409 -2.407595 -3.874131
4.880610 -2.372887 -8.671148
5.944517 -1.913811 -4.472795
5.710030 -2.961113 -4.315400
7.055687 -0.422670 -3.415377
6.171734 -2.170631 -9.815754
2.145159 -3.899472 -9.292298
3.175977 -5.807337 -11.232929
4.269084 -4.888568 -9.072001
1.622794 -5.058253 -6.950888
5.377243 -6.457954 -8.507257
6.470565 -7.331090 -7.166018
6.437196 -6.422172 -7.278163
6.885128 -7.727321 -5.005395
5.417086 -3.750035 -3.648190
6.360229 -4.336281 -4.404658
9.670279 -5.270993 -2.328408
9.383353 -5.707483 -0.770696
12.131051 -6.545085 -4.048305
10.580193 -5.390923 -7.772859
12.141580 -5.876343 -10.241886
14.176742 -2.642053 -7.524534
12.655496 -6.046128 -12.434119
8.011911 -6.753592 -7.993999
10.496301 -7.651369 -4.316380
7.735977 -2.970171 -4.379624
8.190900 -4.748736 -4.485250
5.996265 -4.155560 -2.931563
6.365047 -5.393371 -4.471434
8.300909 -3.898814 -4.507930
6.163011 -3.746998 -4.212645
5.323258 -2.122531 -3.623570
3.776014 -2.776002 -6.309916
2.477953 -1.829866 -5.090412
4.744900 -1.935117 -8.096506
2.920117 -2.851747 -8.433319
3.933094 -3.864385 -7.407073
2.472110 -3.673391 -7.528805
3.407021 -6.283307 -7.359162
4.440958 -2.720227 -7.640879
4.769271 -4.313252 -4.739692
3.328508 -4.056512 -2.385181
6.862782 -5.140839 -3.354802
9.431585 -2.666163 -4.073967
8.815888 -2.711924 -2.656676
7.062864 -3.102193 -1.256635
6.176106 -5.100381 -4.362354
3.357051 -3.800618 -2.721257
4.799230 -6.856635 -3.988108
7.243334 -7.856047 -7.485077
7.193155 -7.093191 -5.994094
7.914564 -6.291709 -5.166182
7.148681 -6.921350 -6.753540
8.529060 -6.267703 -7.786864
9.105679 -6.181532 -10.068005
5.722089 -2.869502 -9.723312
5.615670 -4.610963 -9.849611
6.982637 -3.490420 -4.321452
8.942162 -4.274934 -1.279854
14.879003 0.860934 -8.685078
11.719450 -0.484529 -14.906609
5.069164 -4.468201 -12.896460
5.078194 -4.239192 -12.161475
8.536880 -5.167026 -11.139040
8.561588 -2.940017 -11.688465
3.569103 -6.247823 -10.180102
3.710248 -0.584725 -7.251916
3.997452 -3.705045 -4.723150
4.194034 -6.004663 -2.342662
7.143106 -7.574078 -9.439418
5.456188 -7.306598 -9.327202
4.219946 -4.427514 -9.488688
2.529107 -6.433573 -8.545888
4.095826 -4.795851 -5.435646
4.183366 -3.803978 -6.696742
3.278661 -1.873119 -2.170769
4.941623 -1.386359 -2.492210
6.141566 -1.804222 -4.007337
7.125806 -2.851519 -3.429487
5.101039 -3.851267 -1.554317
7.246210 -5.161309 -0.956315
6.732226 -8.304179 -5.101238
4.149123 -5.435453 -8.446478
2.250219 -1.546417 -6.828067
3.835756 -3.106914 -6.881468
5.121284 -10.087104 -10.503925
2.967692 -8.527564 -9.500226
5.818924 -7.589604 -7.771879
3.108408 -4.348979 -2.999669
6.455937 -1.837215 -2.050150
6.884242 -0.730132 -3.870795
6.650794 -0.780937 -5.079366
9.049718 -2.262921 -1.782098
6.759367 -3.115884 -0.682480
8.397261 -2.991128 -2.799318
5.078516 -5.621106 -0.889250
3.183128 -6.575658 -0.646038
4.789577 -6.664633 -2.770087
4.007735 -5.926945 -1.526533
-1.967512 -6.249007 0.610723
-4.069597 -6.401696 -0.306138
-4.140952 -7.972372 2.261361
-3.971570 -7.060759 0.917702
-3.459963 -7.878912 3.403850
2.009939 -4.594121 5.402102
3.731520 -3.761974 5.377614
3.559613 -3.774255 8.323731
3.021603 -3.294863 7.182580
4.519883 -3.218062 7.637192
3.765967 -4.930187 7.516841
3.160570 -4.225849 5.599829
5.671458 -4.399086 7.589845
9.902164 -2.204908 5.431540
6.925941 -2.622548 4.544248
5.374391 -0.357772 6.113771
4.349458 -1.120354 5.762765
5.848953 -3.613929 6.285519
7.414537 -7.323762 4.680634
6.296000 -4.770494 5.359992
4.094265 -5.868826 6.506309
4.331589 -4.345231 6.429582
5.759165 -4.086189 5.352689
4.029613 -3.363757 5.213044
3.361130 -3.904489 8.098043
2.633068 -2.968041 10.375555
6.730780 -2.942425 5.622919
4.682123 -4.866569 6.383317
4.627817 0.203942 5.801039
5.504852 -0.627530 6.130028
5.399462 -1.342566 6.311872
4.594054 0.575105 4.876970
5.242984 0.371761 5.127815
6.048264 -0.144318 4.286862
5.501463 -1.901257 6.302672
4.893262 -1.274135 7.564123
6.541542 -1.608635 10.419678
3.598063 1.147214 11.938412
0.943462 2.279612 12.001587
