-18.337526 15.650033 -16.817837
-11.652526 14.192554 -11.335939
-8.733017 15.739907 -14.060359
-8.413552 12.354020 -6.065816
-9.535378 10.264741 -6.834662
-5.386352 7.873199 -2.852115
-5.920246 8.849533 -7.398962
-7.038599 8.544349 -10.029835
-7.604321 7.234412 -11.454793
-7.381005 6.462300 -14.425111
-7.840600 2.536492 -5.023393
-9.621136 5.863302 -8.060814
-5.800830 2.755173 -8.462278
-5.513290 4.096285 -13.079133
-1.056992 4.493678 -7.932056
-6.525893 5.499855 -10.498343
-4.876975 5.580286 -10.470920
-4.142956 3.175520 -9.558498
-6.506345 2.331961 -12.031786
-8.960015 1.640169 -18.510389
-6.401343 0.842696 -10.648122
-6.913047 2.752385 -18.547848
-6.951045 8.316750 -17.509052
-6.567967 -1.010027 -6.953015
-5.574998 1.849422 -11.005054
-5.675655 2.182962 -8.343180
-6.873297 6.208546 -8.459742
-5.916820 3.675065 -8.766154
-5.089336 1.653770 -13.663471
5.644742 -4.010212 -15.886478
19.434946 -13.304990 -18.988749
