-6.163425 -7.854151 4.614500
-4.314260 -3.810369 4.089206
-6.697972 -3.050204 2.842621
-6.687152 -3.908466 0.788198
-4.951007 -0.860844 0.334433
-3.351408 0.626849 0.486802
-1.911012 1.348320 -1.125475
-2.766572 4.327156 1.450376
-2.774249 4.020552 0.748025
-5.951883 2.332348 2.286759
-6.483152 0.431320 1.915646
-5.764365 1.374449 0.858255
-6.653643 1.878008 3.678429
-2.585970 5.289669 3.176243
-1.059481 3.117763 3.751890
-0.902189 4.343009 2.906449
-3.609366 5.540227 2.228445
-6.451182 4.155111 3.665295
-2.665499 2.954297 2.832561
-0.584186 2.947680 -0.362701
-1.157669 5.434384 -2.222024
