-14.581842 14.930448 1.337152
-5.404993 7.272632 4.252378
-3.990691 5.417490 2.422343
-3.666217 5.417368 2.939720
-1.793525 4.284869 2.794505
-3.352776 2.437840 1.958279
-2.090550 4.440793 2.069413
-4.038595 0.951916 -0.344966
-3.809732 1.242027 -0.307077
-3.784286 -0.814526 0.142625
-6.885175 -0.736671 1.056830
-6.664692 -1.360587 2.040794
-6.163148 -0.181655 4.666688
-6.616426 0.140419 1.980416
-7.631500 -1.665318 0.861693
-5.876055 -3.975104 4.605076
-5.207862 -3.849015 0.282519
-4.909225 -3.126673 3.215789
0.954920 -5.734163 8.884724
4.709309 -5.750728 9.712965
2.829939 -6.274485 11.412992
