-7.497661 12.204635 -14.739119
-8.112022 6.330172 -3.145152
-7.116119 7.945475 -8.260687
-7.114643 8.404686 -11.983548
-0.682236 6.082782 -6.339211
-8.249730 8.146135 -8.504580
-4.889693 6.436187 -6.472910
-6.060663 11.562557 -9.704240
-3.646915 11.807716 -10.106281
-8.915293 7.128134 -8.351756
-6.782053 8.060128 -8.553913
-7.070957 13.210336 -13.004782
-5.815940 11.876536 -7.861663
0.070908 13.105025 -8.222960
-2.286861 6.617536 -10.840283
-2.948291 2.633404 -7.778178
-3.392117 1.509822 -9.403322
-7.281483 9.060875 -5.043378
-4.718700 8.820598 -7.256310
-6.140356 3.030954 -6.670189
-6.199913 5.593996 -8.576881
-7.536564 8.868311 -8.856712
-8.759796 8.552996 -6.625593
-5.403134 9.182025 -6.441300
-3.586165 5.801318 -5.890305
-4.211402 8.680383 -7.294849
-2.890587 7.717410 -7.144791
-3.676115 4.528408 -6.947138
-4.492805 0.529435 -14.158874
-3.569270 1.571217 -9.031295
-4.926856 6.738152 -9.514059
-3.753442 6.458758 -8.987626
-3.998618 2.193489 -8.276292
-6.458721 5.136827 -11.202044
-6.795689 7.192168 -13.057224
