-15.916549 13.901582 18.634912
-4.087066 8.799879 9.217594
0.429247 7.705395 4.430465
5.027465 8.042991 1.018259
6.378658 7.211214 0.705217
7.621791 7.807853 -7.003222
5.365171 6.863728 -2.204454
1.794500 7.034058 -5.252151
4.041553 10.905636 -4.251872
0.984156 4.329373 -4.863341
0.703716 3.583070 -3.667622
1.286670 3.012702 -3.020890
4.993176 1.379366 -5.008791
5.282474 1.507010 -2.112851
7.121882 1.406761 -2.894434
9.617772 4.077951 -5.437377
8.969337 6.402770 -9.458531
9.515173 7.119269 -1.615937
4.810617 7.216516 0.338928
6.372103 5.932830 4.232776
10.827365 6.052866 2.631177
10.111219 6.075373 -0.688450
9.577361 5.092546 -4.102573
6.531535 9.991015 -0.168260
5.392863 7.283914 -0.605783
8.378983 7.607779 0.151208
12.808095 6.151359 2.913893
8.568691 0.570738 3.588410
7.628221 0.201265 0.327069
10.627567 4.165292 2.217469
9.276808 5.183497 2.003923
9.054333 4.751660 2.426142
8.682860 4.988977 2.056911
8.165243 3.282807 4.157309
7.738661 5.910363 3.329451
7.109806 6.657076 4.719252
5.725412 3.960110 2.833000
6.125511 2.538152 5.986506
6.280307 2.185596 3.410991
8.063050 4.666795 5.307300
9.127411 4.464228 3.388366
9.292488 4.203437 3.241985
10.064831 6.191612 1.638601
9.772886 5.723789 0.738520
10.146421 2.167888 1.515023
10.649433 5.403029 -0.247621
11.379310 4.598288 1.011407
9.674447 5.210052 1.579356
10.433240 7.720128 -0.456554
9.944812 3.277440 -0.482035
12.362164 5.173659 -0.567464
10.373093 5.346229 1.187420
9.892394 7.899878 -0.502287
8.822220 6.893387 0.122821
10.585220 7.526877 -0.617434
10.222315 5.258998 -1.342362
10.156945 5.547938 2.546555
10.049831 6.360430 3.691825
10.837160 5.440710 2.209886
9.165155 6.892879 1.541482
8.339807 6.884449 0.280628
9.244478 6.608224 0.166331
10.823207 6.462216 -5.163402
9.745048 4.050212 -4.149533
8.164656 5.653788 -6.549148
9.883801 6.961398 -3.628306
9.742935 7.309072 -2.817513
9.425653 5.528546 -3.461115
7.502048 5.680327 -3.107300
8.031740 2.559575 -3.977035
5.675496 1.281830 -3.941769
2.917243 3.862067 -5.077500
2.619652 2.062843 -5.848083
6.434036 -0.415062 -7.228415
9.999377 -2.461226 -13.532222
