-0.626804 14.644455 8.984641
2.838060 8.126786 3.527818
6.431196 5.945396 3.802667
6.428147 4.745460 5.371447
8.782555 2.900676 3.385289
8.260854 -0.459496 0.009141
7.449959 0.073307 -0.285866
8.722269 -2.811256 -1.979101
6.827803 -7.073586 -1.622726
7.209473 -11.017191 -1.498516
7.906898 -13.780117 -3.490744
11.743674 -10.141264 0.331704
11.479144 -5.514230 -1.768541
11.770348 -2.431140 -0.101258
11.983282 -3.559561 0.849142
8.693674 -8.213496 5.224879
12.792517 -9.165604 6.261334
11.582293 -5.991554 4.274064
9.250947 -7.603185 6.543186
0.910516 -3.288204 4.972686
4.158733 -2.988271 8.842228
4.779682 -2.992934 6.111239
4.174858 -5.666802 4.937359
-0.982442 -7.090280 5.076862
-3.326464 -4.136775 6.120363
-6.920181 -3.209835 9.123089
1.238928 -3.769433 6.756335
-1.341247 -4.880884 5.165460
-2.893211 -3.934422 4.362659
-4.097611 -6.229086 1.716045
-4.654531 -3.109391 0.715881
-6.489282 -3.540254 3.422622
-2.037383 -4.215650 4.120524
-4.109702 -3.187157 4.118173
-5.309959 -3.537715 3.439349
-4.281151 -5.050764 3.101990
-3.776228 -5.876506 2.867599
-2.402975 -3.784370 2.167014
-4.499635 -3.511143 1.432966
-3.745238 -3.321216 1.208854
-5.536916 -3.004041 2.836787
-8.354728 -3.463568 0.817032
-6.134657 -2.372352 0.793090
-7.213082 0.214998 2.325863
-6.186725 -1.961203 0.431757
-2.182015 -2.387722 0.500689
-4.837065 -1.701169 -0.112941
-6.444609 -3.195629 -0.498667
-7.564452 -0.608464 1.075853
-7.445086 -1.226335 0.924236
-6.037059 -2.291041 0.755841
-5.215786 -3.836987 3.807056
-4.340100 -2.946091 2.160594
-3.579507 -3.378932 4.338276
-4.003651 -3.253401 3.450587
-4.206098 -4.398181 6.067345
0.310066 -5.632513 5.963437
1.180894 -5.129669 5.466824
-0.816847 -10.247108 6.200180
-0.116670 -8.814777 5.860644
5.568054 -7.431571 6.272946
7.616657 -10.913486 6.865505
0.041375 -11.794485 4.775476
0.308620 -14.466653 8.360428
4.213331 -11.698517 4.696165
1.360519 -11.152687 1.295900
-0.044421 -12.373693 5.498707
2.591664 -9.398129 6.042167
8.303036 -8.859063 7.541065
3.844723 -6.407218 7.961365
6.935189 -10.845084 6.053064
11.444847 -6.572397 1.351188
11.162201 -3.603341 1.142467
11.475746 -1.285312 3.558587
11.865596 -1.199305 4.092047
11.651993 -0.786750 0.585773
8.492453 0.988456 -0.117802
11.566069 -6.428315 6.133692
8.626598 -5.244827 4.686400
10.859508 -5.091519 5.637939
4.541482 -8.505733 -0.698844
4.467029 -8.852958 -0.535245
3.553652 -5.792455 -1.084990
5.132950 -5.016947 -3.517251
7.802451 -5.151913 -2.070155
14.172372 -6.264313 -0.578246
11.835817 -8.593567 2.344248
12.534651 -6.963480 -1.121938
11.395594 -3.205653 -0.623243
11.399437 -8.182799 6.077796
7.788521 -6.376448 6.670474
5.998962 -2.085904 4.765913
9.096437 -2.319142 5.378656
9.923436 0.000501 2.781308
9.611727 1.736315 5.008173
7.917826 0.081293 1.602073
8.560320 0.239307 -2.135597
7.330662 -3.005442 -0.662095
7.906782 -4.042288 -1.247009
7.692627 -2.378256 -0.673418
6.260060 0.038839 -2.021352
7.518548 1.185067 1.260490
7.322228 0.553500 0.413332
7.020841 -1.649089 -3.230506
5.466858 -1.861093 -0.740714
5.847984 -3.150785 4.722130
3.616165 -4.452696 5.521597
9.082678 -4.686232 4.608951
8.973734 -4.592886 6.459185
14.421494 -1.958545 7.014853
11.674317 -0.415815 3.329546
12.878944 -3.367764 2.323319
7.408304 -6.206488 -0.742620
6.353975 -6.186668 -0.657548
10.827416 -8.467620 5.919199
11.502178 -5.953292 5.485598
8.983910 -3.698066 5.060492
8.717578 -6.459697 5.023191
5.383287 -8.054359 5.528499
12.331599 -7.980831 7.175402
10.663153 -5.031569 5.230584
14.114965 -8.313533 4.361234
12.479434 -7.441356 4.686650
12.494134 -7.085810 3.657534
11.438407 -4.194168 2.335703
11.750267 -1.990760 2.164399
13.688757 -6.075284 -2.988524
12.449250 -2.177598 -1.489850
