-16.690331 9.094227
-13.553152 4.445591
-15.016442 4.300593
-11.022415 0.664609
-9.190240 2.398453
-10.709005 3.118482
-15.052161 1.237199
-13.451211 7.620474
-7.364666 8.629734
-4.912475 8.555288
-10.321047 10.626721
-6.945049 6.254481
-7.691541 7.707914
-6.826791 6.830005
-6.220637 6.596840
-6.053291 6.642567
-3.633482 6.192803
-2.302138 4.870542
-3.538587 7.131491
-3.794955 5.949178
-2.009260 2.101483
-3.715004 0.783468
-3.872478 0.252759
-2.857235 2.158081
-2.245460 2.256215
-3.019999 4.158700
-2.316917 3.697959
-2.936008 3.025276
-2.770282 3.957783
-2.093419 4.262901
-1.144290 5.673074
-4.139937 6.779117
-6.485110 8.529504
-8.350574 9.367097
-10.090158 8.722128
-9.776036 8.779820
-13.374277 11.309190
-7.768622 8.470951
-11.317288 9.162225
-9.897674 9.405748
-7.396806 9.390121
-7.546543 8.084233
-6.290821 6.011252
-6.447703 7.811327
-7.684711 7.151780
-6.505848 9.303135
-8.884590 9.014773
-7.405490 9.243443
-7.238846 6.966570
-7.328284 9.226061
-7.274964 7.229438
-5.983636 7.264097
-3.758646 7.669987
-1.967934 2.783604
-2.256324 5.144844
-1.111712 4.620806
-4.146151 8.180451
-3.899822 6.480361
-5.889942 6.259705
-8.106776 8.835060
-7.197926 9.514865
-8.228901 8.661408
-10.740663 9.305975
-10.758222 9.831857
-10.880296 8.846076
-13.988335 -1.201138
-13.893923 3.708966
-10.981389 2.575069
-15.018094 7.198374
-14.164635 3.674324
-10.228213 1.380397
-9.755563 0.972113
-7.480156 6.694685
-5.385924 7.074452
-6.560837 6.859284
-13.009415 4.869355
-8.355544 1.534466
-4.494331 -1.888730
-4.113720 -0.337795
-3.911242 -1.477686
-10.459868 -4.100889
-8.061411 -5.524886
-7.279972 -6.932551
-7.637583 -4.712399
-6.735355 -6.740370
-9.924479 -6.831141
-10.514926 -1.798844
-10.302785 0.731204
-12.606723 -2.826062
-14.453619 -3.843881
-9.629451 -5.079356
-7.205223 -4.337372
-5.932763 -5.794817
-8.559074 -4.456286
-7.090532 -4.123707
-5.381489 -6.506588
-2.380752 -1.901619
-3.093143 -0.271389
-3.359023 -1.330209
-4.336973 -0.998134
-4.454563 -2.393530
-4.062634 -2.637012
-4.771880 -6.153973
-5.903137 -6.287508
-4.645357 -4.664045
-8.449615 -4.116153
-2.934135 -3.761885
-4.058569 -1.813858
-4.009060 -1.992060
-4.535157 -1.369838
-3.961378 -3.136656
-4.824629 -4.386094
-7.622273 -6.936883
-6.414195 -6.282089
-5.755622 -4.194835
-4.260660 -3.154755
-11.493910 -2.527191
-12.275141 0.104146
-11.835890 1.917232
-9.284608 2.102688
-8.464965 3.380930
-8.693187 1.753745
-8.499859 1.378079
-9.021266 2.845601
-8.603142 3.161469
-2.762362 0.024623
-3.998547 -0.563216
-3.570880 -0.743191
-3.095984 -0.709700
-4.483290 -3.277496
-10.912725 0.368271
-14.702415 -1.715147
-8.534319 -4.556012
-4.472175 -1.284935
-5.345316 -4.290813
-6.698392 -4.784420
-2.795683 -1.492526
-11.184502 -2.739034
-9.853542 -2.898705
-10.049051 -2.781824
-10.777430 -2.905007
-8.566672 1.738445
-10.227148 2.116938
-9.537477 1.421594
-9.115038 2.743162
-6.593782 7.870384
-6.963606 6.608403
-7.948327 6.217723
-1.734851 3.925344
-2.816654 7.049802
-4.779558 6.858459
-8.636623 2.809650
-9.613348 1.804761
-8.715870 1.867823
-3.173748 1.973521
-2.568081 3.330795
-1.410885 2.213832
-2.349806 2.390916
-2.195365 1.320736
-2.674401 3.389395
0.308638 3.216439
-1.289542 2.508328
-0.473588 3.140540
-1.744158 4.911498
-7.075471 8.035650
-2.599720 8.838129
-4.878430 7.601765
-4.081421 7.257687
-3.903986 6.392605
-5.361210 7.539673
-4.116744 6.098991
-7.412695 6.682508
-7.351806 6.777178
-4.664667 7.616564
-6.234967 7.789943
-10.434334 1.895409
-10.208204 3.170942
-10.286031 2.938097
-10.200127 -1.009269
-9.994209 1.805984
-9.685659 2.160200
-8.230178 3.057902
-11.943053 3.263074
-10.794968 3.023762
-8.264462 3.256072
-9.166979 1.633869
-9.811087 1.726063
-10.629095 0.685707
-9.717178 -0.526494
-2.905132 0.808834
-3.039169 2.642688
-2.232249 2.009701
-3.239329 -4.367196
-4.063155 -2.966559
-4.185225 -3.724004
-3.464213 -2.007369
-3.313090 -2.050824
-4.566886 -2.149483
-4.413595 -1.374433
-2.488817 0.152833
-2.339089 4.354001
-2.564426 3.368712
-1.649742 5.420163
-1.660785 5.795218
-3.032161 2.580767
-2.908157 1.309093
-3.644439 -0.289763
-3.600932 0.680121
-3.857370 6.752069
-5.821565 8.825236
-7.033100 8.727482
-7.809197 8.292003
-6.770048 8.549823
-6.590013 7.873911
-5.477723 5.950592
-5.158129 5.962174
-1.741701 7.715907
-2.898825 7.517211
-3.033874 5.318915
-7.808627 6.674046
-16.513874 10.667068
-16.995447 10.141776
-4.776031 6.116739
-6.087880 6.978785
-7.281745 6.718900
-6.651095 8.135517
-8.258504 1.378639
-10.194887 2.897085
-8.330969 2.475414
-8.952835 1.409635
-9.725879 1.536887
-8.652948 2.160850
-11.029513 0.509817
-7.794912 8.335148
-3.160592 8.697699
-12.533406 8.622766
-4.494574 -1.707379
-2.144548 -3.583359
-3.006207 -4.914050
-4.015297 -4.591685
-5.487708 -4.740748
-5.627484 -6.409684
-2.376233 -3.157912
-1.656497 0.385380
-3.718039 -0.916721
-4.533145 0.803477
-4.474711 -2.506438
-4.062860 -0.642111
-2.262321 -0.119251
-0.766444 -0.160212
-2.502786 -0.033520
-4.143871 -2.367417
-3.265338 0.919261
-4.545762 7.372761
-4.404912 6.734615
-3.075683 6.288418
-2.444716 2.950362
-1.889042 2.414485
-2.964376 1.757843
-1.519658 0.972688
-2.736694 3.728500
-3.056376 4.547306
-1.672019 7.084618
-4.993862 6.848995
-3.688444 6.719211
-0.773990 4.874116
-2.734393 4.627807
-2.262383 6.474969
-6.193314 6.018551
-5.369753 6.269973
-3.582810 8.442925
-3.982922 7.476663
-4.667464 6.598280
-4.827962 8.827968
-2.955424 6.217082
-5.204262 7.779949
-8.525035 9.132352
-12.767313 8.505901
-13.622868 7.780818
-8.413401 8.748483
-13.406267 13.080394
-6.326813 6.115870
-6.242578 6.286968
-6.206162 8.050730
-7.229057 7.636121
-10.651253 2.815504
-9.532762 3.305524
-9.328764 3.368477
-6.457519 7.411786
-6.006325 9.966310
-6.184704 7.082567
-5.470304 8.874810
-2.101119 4.758895
-2.659751 5.283844
-2.099734 5.936552
-6.710446 6.415502
-7.732899 6.534544
-5.430951 7.207484
-7.947626 8.828528
-7.017932 8.176723
-6.691266 7.937558
-14.137241 9.234021
-14.147060 9.721612
-13.270596 7.513499
-4.900828 7.997845
-6.390422 10.148190
-6.034794 6.224910
-6.452896 7.425171
-6.628598 7.163412
-6.593242 6.023007
-7.686388 7.187203
-7.126872 7.088443
-6.590073 7.868395
-10.245801 10.426583
-10.927122 8.687558
-10.130209 9.339126
-7.083126 9.203379
-3.922800 7.230186
-4.357889 6.195261
-2.691520 6.046628
-2.673937 4.881213
-2.895835 2.940906
-3.092640 1.704024
-1.855931 -0.148916
-4.228621 0.227649
-2.238772 0.269536
-1.932150 1.703207
-1.534574 0.797602
-3.376696 -0.006268
-4.295310 -0.972517
-2.730307 -0.288233
-2.961548 2.792362
-2.830639 3.788196
-1.472321 4.016116
-4.277888 7.595212
-6.163472 6.963576
-5.985442 8.660171
-6.526625 7.103751
-3.250199 6.031197
-3.911447 6.837098
-10.320390 1.554334
-10.654128 -2.713806
-12.004230 -6.201139
-13.371401 -1.435925
-8.950914 1.885541
-8.656308 1.190299
-8.275693 2.743736
-8.833467 1.996560
-10.362960 2.912171
-11.153408 3.465825
-9.232942 3.167758
-9.871112 1.202164
-10.865129 -2.205516
-9.935430 -1.266740
-10.152830 0.529073
-10.072340 3.046251
-10.144869 0.953191
-9.209945 1.760787
-10.100414 0.283805
-4.506847 -0.567763
-4.575225 -0.960263
-4.571687 -1.529236
-3.763510 0.256759
-2.834648 0.497495
-6.849441 6.415604
-6.683510 6.406719
-7.028808 6.681912
-5.842119 9.030340
-4.815928 8.400497
-7.377788 6.674105
-6.571531 6.713899
-4.375928 -2.983243
-5.089301 -3.947102
-7.996640 -4.796093
-7.588284 -4.865554
-8.834736 -5.342432
-11.254004 -8.256075
-10.117199 -2.580969
-11.205234 0.446932
-11.953192 0.922510
-12.943687 -6.056937
-11.122787 -6.102933
-9.411921 -8.694494
-6.376069 -5.882996
-4.190580 -1.747468
-3.614115 -2.072540
-4.452735 0.136134
-1.833569 -0.929001
-4.268180 -1.651153
-1.914296 1.019015
-2.481968 4.114516
-3.725097 8.045361
-2.599065 7.459395
-7.878561 6.178814
-6.344826 6.113405
-7.806287 6.211959
-7.795169 7.103481
-7.541897 8.127673
-6.949493 6.885680
-9.235681 1.525185
-11.207449 2.781163
-3.396854 0.745404
-8.918020 2.920780
-8.565355 2.672759
-8.246284 1.722835
-12.712413 2.891829
-11.339992 3.456306
-11.325796 2.595520
-12.780467 2.585944
-9.996731 2.531312
-11.782382 -0.242985
-13.048735 4.282490
-13.494330 8.109328
-11.773085 11.275201
-8.916804 11.056640
-4.310968 9.380931
-4.223964 6.210306
-4.814314 9.160478
-5.017246 6.583025
-2.583001 3.218983
-0.740342 4.195675
-4.598778 -1.290739
-4.162156 -7.505619
-4.476054 -5.010687
-7.075877 -6.171728
-5.849972 -4.819735
-3.483725 -4.837722
-4.776692 -4.716738
-2.488300 -2.960401
-4.233271 0.509225
-3.470837 -1.984248
-4.052967 -1.376240
-4.239463 -1.096935
-3.373090 -3.937315
-3.808318 -2.260941
-4.731450 -4.783503
-3.810990 -3.880328
-6.446969 -6.084366
-7.819709 -4.541505
-9.553197 -7.724646
-7.991740 -5.139536
-6.535515 -4.284636
-2.086700 -4.195790
-4.490165 -3.050019
-3.069907 -5.852583
-9.228245 -5.304106
-9.007666 -5.471187
-10.401683 -2.886049
-11.093472 -2.180031
-13.459311 0.201108
-10.720077 0.659429
-12.642742 2.201837
-9.784946 2.513340
-11.157008 2.586613
-10.451524 2.411841
-8.888343 11.433195
-12.772633 11.775123
-9.228159 3.216754
-7.008276 6.661067
-7.564303 6.600615
-6.126428 9.572952
-9.892498 9.194777
-8.115034 8.572069
-6.475886 8.069018
-6.762915 6.970557
-7.456640 10.085403
-6.629221 8.196511
-4.890369 7.673700
-5.327422 6.789523
-5.875360 6.597101
-3.315667 7.811532
-2.885841 2.975220
-3.075986 5.724379
-4.625556 6.225540
-4.433949 7.704350
-6.909220 7.430839
-6.405265 5.970313
-5.989608 6.131222
-5.153103 6.257064
-5.690891 6.847714
-7.838124 5.938570
-6.541716 6.338544
-7.486797 5.996515
-6.390553 7.010723
-4.658703 6.359805
-9.393623 9.411470
-7.639524 8.508831
-8.379427 9.163162
-7.140939 6.932646
-9.522011 3.351416
-9.797219 1.557329
-8.479392 2.355773
-6.151150 6.649557
-5.008783 6.996338
-2.001893 2.945736
-1.182114 2.207429
-1.613371 3.119352
-1.877057 3.529424
-2.642891 3.662402
-2.096153 6.527462
-4.018916 7.463573
-2.862199 6.265336
-4.542023 6.454223
-8.102489 8.622087
-9.938198 9.373657
-8.668432 8.952580
-8.232475 10.511382
-6.336091 6.043282
-7.824094 8.043159
-6.624374 7.701910
-4.964122 7.078296
-7.566870 6.430887
-6.092840 6.754021
-8.392035 2.393529
-9.234241 1.963202
-10.016307 3.457835
-10.389522 2.204424
-10.325464 3.236235
-10.520589 2.726569
-6.992095 7.578145
-5.065147 6.151984
-5.556266 5.955924
-10.107977 9.239711
-8.441742 9.862076
-9.841465 10.070160
-12.748430 10.024989
-14.764487 5.182440
-14.545359 4.140809
-13.991795 3.290530
-10.350900 9.307172
-6.827710 8.322789
-5.620576 7.290236
-6.877659 5.947399
-6.136418 6.033557
-7.216384 7.229472
-6.887885 6.049619
-7.569935 6.216641
-7.573870 7.845485
-5.531229 7.122879
-5.789303 6.065364
-5.872333 6.543290
-7.931302 7.370687
-10.291898 3.162331
-9.896513 1.479547
-8.795110 2.476689
-10.588972 9.126882
-8.763494 2.361768
-10.408463 0.962487
-9.936515 1.513783
-11.777044 1.909833
-8.964205 2.042682
-7.312716 9.110927
-9.115952 10.845370
-5.531303 9.673881
-7.826938 6.459448
-4.986701 7.009351
-6.861536 7.356426
-4.649929 6.934611
-7.453875 7.211027
-7.298340 8.698895
-10.276190 9.271472
-3.192706 10.514874
-5.859210 8.712049
-7.461861 8.288865
-7.577318 6.094520
-7.460672 6.193810
-7.533894 7.991867
-6.450637 6.767129
-6.721411 10.014578
-9.286223 9.486674
-9.947780 9.535680
-8.661738 8.692079
-5.310022 8.382927
-5.942539 7.418460
-6.460181 6.444488
-8.640641 9.550652
-8.685430 8.621767
-8.571340 8.997026
-6.502639 9.094780
-6.052870 6.464901
-7.882811 8.260554
-7.434757 6.292902
-6.451884 9.505409
-10.211531 9.268135
-11.727169 8.609011
-9.079496 9.823468
-10.652612 9.579273
-12.819792 10.495471
-13.671070 7.687865
-14.184387 7.154513
-18.746267 5.292261
-13.509348 1.372788
-10.111813 3.089953
-8.447788 1.902990
-8.345239 3.088548
-13.493325 2.805064
-10.259118 2.805497
-9.039759 2.100300
-4.561325 -1.091144
-7.472033 -7.095137
-7.376772 -4.900803
-8.017357 -5.731382
-9.663803 -0.114741
-5.663843 -5.494066
-3.731735 -3.524849
-2.468119 -2.687954
-1.639836 -3.464507
-2.468876 -3.732609
-4.459153 -0.324101
-3.179180 -0.076034
-4.134862 0.065265
-3.101358 6.414781
-4.368106 6.256153
-3.014942 4.881195
-2.930511 7.024776
-4.579251 6.214581
-6.812180 6.173428
-4.511151 5.987882
-7.931973 6.552023
-6.302144 6.835850
-6.788616 7.219589
-5.205068 6.152017
-5.042001 6.059174
-2.400970 6.264600
-2.237272 5.196884
-2.512854 4.981825
-2.265781 5.859411
-2.907572 4.281457
-2.751538 0.724093
-3.639361 -1.774768
-4.283974 0.439879
-3.616863 -0.404801
-2.811616 1.765662
-2.928248 4.181628
-3.493017 8.417768
-5.867652 7.948567
-5.166718 5.993164
-7.318263 7.338961
-7.069579 6.152976
-4.729529 6.081369
-3.948857 6.610589
-6.988084 7.417007
-6.777942 9.896256
-9.073713 8.914940
-3.046932 9.942879
-4.013706 9.043127
-6.419236 8.933619
-6.799274 8.019742
-7.115752 7.922424
-5.131356 7.294586
-4.942689 6.105803
-4.693914 7.258224
-2.770936 5.975289
-5.843791 6.267541
-7.946282 7.726620
-6.462060 6.772889
-7.903038 7.428239
-7.628225 7.044049
-7.939280 6.943190
-6.550656 7.372282
-6.388024 6.625236
-7.262375 8.222098
-8.930763 10.074685
-9.009730 10.790853
-7.167089 9.806449
-6.844962 5.942378
-4.904303 6.593258
-5.706259 7.279657
-8.452843 3.186447
-8.535466 2.397620
-9.644691 3.342892
-6.900596 6.466785
-7.789604 7.117187
-7.957051 9.450770
-12.263666 9.949393
-11.140802 8.982802
-10.126783 9.369817
-13.263973 9.495328
-13.288480 10.071975
-18.628145 6.096746
-13.703623 5.038484
-15.369638 7.370514
-10.138638 2.390705
-8.498854 2.170392
-8.720427 2.083307
-12.278801 2.833319
-11.911795 -1.840390
-11.341238 0.841499
-18.809391 2.537401
-13.075974 4.837035
-6.889069 9.795259
-10.034282 9.930993
-12.296699 2.517770
-12.175811 2.323429
-14.503231 4.090036
-11.934331 1.087580
-10.965234 3.125246
-12.804024 0.943943
-10.231356 1.855121
-9.194809 2.563516
-3.957945 7.537065
-6.157936 6.757937
-6.101563 5.947185
-7.823841 6.660436
-7.205676 6.938172
-7.722691 6.981018
-7.766600 8.322227
-6.086310 6.613346
-7.450139 6.717198
-7.806049 7.384615
-7.323286 9.471547
-9.802596 11.546204
-8.435966 11.757325
-12.182422 12.858787
-11.702138 8.705667
-14.828216 10.551171
-12.321584 3.489539
-16.784763 1.186036
-14.334948 5.764793
-16.493568 4.661346
-15.143545 11.532887
-11.064695 9.529672
-9.146360 9.368843
-7.660271 9.505424
-7.260601 6.685753
-6.175513 7.770247
-6.024895 8.107136
-10.180356 9.339355
-7.894252 6.164983
-14.070182 9.125710
-8.024834 9.653960
-6.622879 9.187203
-7.109364 7.329147
-9.799423 0.274856
-11.007428 2.549872
-8.279456 1.253996
-6.909595 6.614827
-10.965015 2.519175
-8.984833 2.842630
-8.402549 3.037073
-4.341158 0.739160
-2.516013 -1.962499
-3.417625 -1.259708
-3.894214 0.697703
-13.007782 0.239119
-12.535095 0.696441
-13.809162 3.390062
-11.180821 3.051790
-9.054584 1.612833
-9.178528 1.252916
-9.517687 1.863713
-8.729342 3.200719
-10.926642 2.523594
-7.901114 7.849281
-7.565387 7.153589
-7.274390 8.202119
-10.626059 9.108229
-9.224217 9.417755
-6.544407 8.815090
-4.800317 6.073141
-6.727388 7.716673
-7.083206 6.519962
-3.260650 6.039047
-6.403415 7.796816
-7.279268 6.381475
-7.883178 6.467462
-7.233641 7.235588
-6.997078 7.628788
-5.941767 6.870135
-3.824795 6.079049
-5.676206 7.417980
-7.014993 7.014655
-5.755653 6.099607
-6.059365 5.938452
-5.753039 7.668929
-4.165619 9.224197
-4.553861 6.772562
-7.331088 7.678252
-10.612509 3.237317
-12.936146 3.008737
-11.020214 2.150577
-13.198984 6.069655
-11.548164 1.706377
-10.549534 3.075852
-9.391616 1.364589
-9.170729 2.166877
-9.132302 3.476650
-8.930975 2.741548
-9.988085 2.178528
-6.483676 6.957192
-7.387594 7.420902
-6.526557 6.014674
-5.831644 8.163634
-9.671331 9.732196
-8.968588 10.326967
-6.922720 7.562663
-7.760568 7.232698
-7.565061 6.542052
-7.264381 6.699426
-6.030316 8.545703
-4.408917 5.950777
-9.337173 10.515965
-8.815056 8.727912
-5.090794 8.170770
-7.721926 6.321143
-7.333891 8.072662
-6.502957 8.980617
-10.445726 8.832279
-5.648159 8.824317
-6.536394 7.681567
-7.018812 8.284833
-6.256184 7.186233
-4.939507 9.123155
-12.224002 10.236847
-13.970451 6.963477
-14.335991 7.341295
-15.076827 7.265327
-14.231715 4.304591
-11.753853 -0.493117
-12.459541 0.307776
-12.088614 8.568672
-14.305445 11.474943
-13.127977 4.595837
-13.488150 5.886842
-13.022115 7.259951
-9.282434 2.890940
-10.308657 -3.492682
-10.411598 -5.051111
-9.613187 -1.442974
-11.770555 1.627154
-12.009250 2.991704
-11.493366 1.688130
-8.485558 2.853442
-9.206873 2.518031
-12.404041 2.736353
-15.087593 3.178667
-7.855044 6.082514
-2.829534 3.443679
-2.346318 5.362216
-2.700921 4.493331
-2.875951 1.865192
-2.546483 1.600841
-2.441142 3.676405
-2.590118 4.868984
-1.697953 5.875378
-2.111375 5.823173
-3.891012 6.367337
-4.865335 5.982868
-4.955716 7.649113
-2.386178 5.880735
-2.893439 3.384413
-2.898735 3.002873
-1.809956 4.507592
-2.776726 3.062918
-3.106184 3.092693
-3.053033 5.321401
-1.963217 4.622541
-3.910158 7.284581
-4.459043 7.625730
-4.169864 7.590867
-6.542827 6.438431
-5.878331 8.112303
-7.788923 7.657104
-7.459242 7.016881
-7.233030 7.846292
-6.358488 6.836610
-6.777110 7.643064
-7.653415 7.946961
-5.938817 7.258396
-3.952568 8.054588
-4.731745 6.504249
-5.297509 6.647244
-5.728801 9.426925
-6.233189 9.694521
-8.430237 3.394811
-8.979553 2.737375
-13.028743 0.541024
-10.182528 2.769159
-11.787179 3.135086
-10.845181 2.868622
-10.832012 2.470490
-13.911168 9.420423
-11.916979 10.040598
-9.727873 10.248418
-9.304963 9.045775
-18.365213 12.449281
-19.160694 0.965964
-17.677887 10.087874
-17.337927 10.228269
-15.501840 6.741341
-13.023696 5.292055
-15.885014 9.992271
-11.980528 9.381578
-7.073370 9.421927
-9.635968 8.849391
-7.852344 8.532289
-15.987228 8.614020
-13.238753 11.879840
-7.394792 8.473819
-6.727662 5.961242
-7.073298 6.607920
-6.545015 7.266886
-6.972281 7.314088
-6.731456 8.424193
-7.619060 7.522490
-7.500495 7.161380
-7.439194 7.213307
-9.642053 13.228872
-9.115533 10.497704
-12.008292 8.953603
-11.613272 10.675443
-8.704401 8.708892
-4.965138 8.162641
-4.842565 9.958584
-4.484839 8.618220
-7.047362 6.218852
-5.127128 11.435701
-8.897936 10.059599
-7.461323 9.260861
-1.235106 4.203663
-3.164237 5.726436
-14.669449 7.242134
-15.836175 7.756681
-13.994255 6.601954
-13.209476 6.107153
-6.722867 6.164257
-6.307599 6.190851
-10.103762 2.679772
-8.310829 3.266746
-8.193187 2.813305
-9.174061 1.835332
-8.443797 2.034828
-9.889121 1.834364
-8.215265 2.986044
-8.610453 2.687116
-7.297889 5.999890
-5.483890 7.384700
-4.309570 6.209910
-8.551528 2.158267
-4.498384 0.479729
-4.375572 -0.211239
-3.798494 0.930873
-4.170599 0.751592
-3.645076 0.529290
-3.710142 -0.127347
-2.658880 1.471834
-2.212393 4.086731
-3.257378 6.197377
-2.017125 4.133136
-1.218041 4.689681
-1.846274 6.926579
-4.494633 6.347359
-5.640620 6.821455
-4.899973 6.741262
-6.078784 7.073072
-6.163221 6.912867
-7.459347 7.275787
-8.135643 9.257383
-11.257088 8.773933
-9.249407 9.218036
-4.953012 8.848441
-6.733026 6.495162
-3.207821 6.950050
-2.221902 4.204713
-1.874477 0.855095
-1.937667 -0.181509
-2.781208 -0.944659
-3.225952 -0.575535
-3.672618 -1.483234
-4.295908 -3.761333
-5.833432 -6.317210
-6.027164 -4.094227
-5.140834 -4.100285
-5.770898 -4.366021
-5.482844 -4.516991
-9.436925 -4.304818
-6.260283 -5.907136
-7.103483 -7.079901
-9.762499 -5.247471
-9.996931 -3.001947
-12.019262 2.662008
-9.709398 1.380605
-9.545842 2.660358
-10.332644 1.966960
-9.916058 0.685733
-10.708604 1.727256
-8.262135 2.019901
-9.524382 3.463814
-9.396061 3.193577
-8.844498 2.516586
-8.746183 2.983406
-7.459953 7.770346
-6.992471 7.104184
-5.797391 6.746366
-6.156394 6.497803
-6.692895 8.910041
-7.921185 6.819118
-7.569702 6.880255
-6.373404 7.374088
-4.401328 7.500472
-2.112299 4.669760
-2.450644 3.167895
-5.606769 8.075869
-4.874034 6.814336
-9.011920 3.200111
-8.421568 2.706049
-2.811263 0.975051
-4.382983 -0.168545
-11.640195 2.963888
-7.188811 6.191577
-5.783850 7.450069
-4.371821 -0.469675
-3.801448 -0.288170
-3.762175 0.107591
-3.937028 -0.719336
-2.634341 0.250314
-3.153468 1.344383
-1.039867 -0.573999
-2.103622 -0.849075
-2.641521 1.745140
-1.564676 3.080501
-2.123855 2.477891
-2.876386 2.462237
-3.110674 4.542633
-3.140954 5.019017
-2.097384 2.902862
-5.117227 6.450629
-4.608173 6.323318
-6.487194 7.063337
-5.355684 6.443975
-7.428899 6.799803
-4.792979 6.215568
-5.299561 7.051986
-3.723612 7.486665
-3.476175 7.040068
-7.544986 6.689174
-7.376681 6.779122
-6.611700 6.386880
-4.141562 7.786309
-6.249005 8.365733
-4.555170 6.674474
-3.861977 6.461090
-5.248394 6.042527
-3.624836 6.765934
-2.092709 8.165023
-2.992940 4.635062
-2.283184 5.008877
-2.738127 5.415096
-1.511299 3.500029
-2.715564 1.709305
-2.398435 -0.201119
-3.060748 0.567564
-3.618319 -3.056965
-6.334673 -7.056934
-8.863566 -6.415627
-9.165022 -5.142840
-11.196147 -4.191845
-5.978726 -4.216006
-3.873457 -4.562505
-4.038790 -2.571105
-4.278047 -3.229206
-3.783801 -4.358981
-5.109490 -4.881586
-3.091696 -7.339489
0.122302 -12.553203
