-15.635548 -0.064680
-16.073910 -4.600239
-10.186852 -7.054887
-8.425018 -6.747859
-8.372063 -6.583766
-4.961807 -4.612000
-6.131536 -5.749639
-7.425385 -5.355011
-7.187460 -6.370975
-6.685882 -7.235754
-4.854269 -6.415058
-3.778123 -1.861936
-3.645795 -1.613401
-3.168679 0.236732
-3.137888 -0.335193
-2.426772 0.361294
-2.648226 3.967219
-3.327427 -0.818074
-5.011084 -5.296154
-7.223767 -6.534549
-8.471811 -4.634650
-10.886975 -5.590298
-8.057014 -6.941869
-7.581375 -5.004689
-6.773183 -4.154465
-9.153650 -3.938315
-9.227234 -4.536319
-11.333735 -1.973080
-10.491432 1.152205
-11.121171 -1.790912
-11.330430 -0.730724
-8.512446 2.307651
-8.823646 2.628471
-9.629619 2.007798
-8.245786 1.626063
-11.150461 0.755805
-8.380840 2.641281
-8.296501 2.586401
-8.689880 2.704013
-10.065497 2.020651
-10.481482 -3.184168
-12.677229 -3.172659
-10.595603 -3.677551
-10.135333 -3.334983
-10.906609 -4.598015
-10.195387 -1.649035
-10.579309 -0.220374
-10.609982 -2.958920
-10.196130 0.773593
-8.572205 1.481413
-11.897610 1.331496
-11.339583 -2.339901
-8.611496 -4.336676
-8.155350 -4.833282
-6.963627 -5.690101
-5.856642 -5.649583
-3.866588 -2.401064
-2.170860 -1.971520
-4.244997 -2.595258
-3.035479 -3.822677
-5.717330 -4.635783
-4.088140 -4.712451
-5.884214 -4.149503
-4.202088 -3.979899
-3.482984 -1.983611
-3.680619 -3.119722
-4.032206 -5.096910
-4.002734 -0.365693
-4.524480 0.342042
-2.758268 -1.933790
-2.641281 -1.260600
-3.577793 -1.571521
-3.446416 -1.409937
-3.142211 -4.217631
-4.857158 -3.899782
-6.516201 -6.278705
-11.121629 -3.341023
-10.630696 -2.585560
-12.782518 -2.502809
-13.881695 -0.038424
-12.353349 2.635738
-10.634821 2.440226
-8.335394 2.733372
-10.470509 0.501537
-13.077893 0.636853
-9.704293 3.298998
-7.521458 6.658101
-6.944653 7.180471
-3.622507 6.813044
-5.138147 6.479979
-4.906544 6.372272
-7.448833 7.534550
-7.616231 6.356223
-7.596267 6.277204
-7.107159 6.479778
-5.549036 7.506190
-6.458246 6.346184
-5.013145 6.284715
-6.796413 7.477923
-5.540103 8.097013
-7.803715 6.900296
-6.295658 6.468372
-7.286114 6.350029
-9.371784 3.053225
-11.244550 2.434021
-10.053981 3.261451
-14.163759 8.212998
-13.694607 5.114316
-13.828669 7.772105
-12.956524 11.331042
-10.311883 10.797414
-9.405430 8.755692
-6.171601 8.725801
-3.024433 6.827504
-6.110576 6.467991
-5.314594 8.819379
-6.212626 6.506953
-6.240946 6.144619
-5.064001 6.492002
-5.345543 9.151023
-7.768131 7.150187
-11.344858 8.541975
-6.474426 9.495354
-6.672493 6.517591
-9.601684 2.938238
-11.612565 8.522375
-11.259862 9.660270
-6.020117 8.194619
-7.796045 7.337587
-6.593553 8.687015
-11.896248 8.509501
-8.614798 10.545171
-6.734931 8.971182
-6.928160 7.686990
-7.639767 7.288777
-7.237377 6.317942
-5.806800 5.976334
-2.377234 1.933650
-2.293218 1.783433
-3.544182 0.822823
-2.272485 1.180488
-4.171725 -0.624770
-9.849596 -1.380198
-12.967010 -1.461339
-10.890514 0.764707
-8.558462 1.611591
-4.811170 -5.195213
-7.614768 -5.032676
-3.905976 -2.129199
-4.537488 -2.477532
-11.665379 -1.104695
-9.446538 1.763662
-9.792594 1.670916
-10.851947 -0.324844
-9.668736 1.631131
-9.624161 2.557966
-11.617723 -2.547045
-12.503501 0.478311
-12.544703 3.363898
-8.827907 10.078761
-8.866347 9.037602
-7.772872 6.526369
-2.565549 5.652590
-2.724706 3.826171
-2.132304 4.771008
-0.672078 5.473297
0.593884 3.820556
-0.422876 4.158952
-2.852876 3.710201
-1.801531 3.637510
-2.549129 4.542388
-4.761473 6.349097
-6.240852 6.691282
-9.702873 8.829472
-9.729664 9.589198
-2.782438 4.382508
-3.576754 6.334612
-5.860041 7.030525
-7.100196 7.220035
-7.379053 7.989824
-6.668733 7.063681
-8.472940 11.137500
-12.564040 9.081284
-9.399419 12.134771
-6.128811 8.673718
-14.422537 4.815012
-12.775298 2.300123
-10.956808 3.081863
-8.876705 1.882654
-8.376204 1.532627
-8.438578 2.742050
-8.580016 3.199664
-10.110764 1.873656
-10.661289 2.565202
-10.862726 2.732627
-10.579802 3.047614
-10.820898 3.420317
-9.155129 2.525929
-9.175569 3.488066
-8.660616 2.365156
-2.683955 2.325877
-1.248221 1.221024
-1.357882 1.947423
-2.883979 1.531457
-2.439317 2.341121
-2.179177 1.582446
-3.497704 0.605142
-3.264643 0.582586
-2.368188 0.209530
-3.101456 -0.734484
-4.315677 0.343276
-3.112487 0.468611
-4.326159 -0.565150
-3.713528 -1.404138
-3.897270 -0.941211
-3.534975 -1.988090
-3.773665 -0.840874
-3.856152 -0.225128
-3.334116 0.070914
-2.886253 -0.841063
-3.200763 -1.004001
-4.157016 -1.993833
-3.941324 -1.779359
-4.730064 -6.958877
-5.658886 -5.321939
-7.704922 -8.178830
-6.444762 -4.086900
-5.871605 -4.416516
-6.331482 -4.336128
-7.015346 -3.913175
-8.820281 -5.207098
-10.228358 -3.145283
-9.814032 -1.526829
-3.961043 -0.440968
-4.566282 0.275440
-4.543859 -2.386526
-4.488768 -3.570529
-3.529624 -1.038115
-2.234649 0.674299
-4.335239 -0.874839
-3.980820 -0.715866
-3.121991 0.913695
-2.313491 2.668163
-2.191650 -0.247187
-3.434103 0.830512
-3.165207 -1.736363
-3.158626 -0.167501
-2.373670 1.267371
-2.749426 3.558693
-1.892428 3.728478
-2.124185 3.753148
-2.511146 3.195366
-0.727510 2.061642
-1.092084 5.064176
0.033283 6.004477
-4.637938 6.476271
-3.575488 6.633819
-5.433623 6.898171
-4.909823 7.097738
-3.474571 7.308100
-5.111141 6.111294
-7.937647 6.241236
-5.950439 8.373815
-7.680178 8.320024
-7.684999 10.074849
-7.682599 10.130814
-7.036427 7.211361
-6.175356 7.933259
-7.570069 8.175632
-7.715963 12.231906
-8.638392 8.526522
-4.669624 6.423794
-5.313886 7.514110
-10.526688 0.788077
-13.153975 3.983509
-14.311113 0.942870
-12.999566 8.750279
-5.411242 6.769953
-5.122060 6.094193
-5.537968 6.445761
-7.251425 6.790680
-7.219078 7.901121
-6.260563 6.803141
-7.610914 7.212639
-7.824780 12.178753
-9.860355 8.964823
-8.844024 2.822310
-11.457779 1.895689
-11.350735 1.037235
-7.747322 7.569582
-7.368771 6.704971
-7.362266 7.522161
-9.099739 9.222232
-13.063421 7.413348
-6.448074 8.458358
-6.562734 8.462053
-5.431976 6.046446
-7.360269 7.527234
-8.395687 9.938879
-6.397990 9.052230
-5.065115 8.790956
-11.526064 1.418265
-11.445317 3.039337
-8.931973 1.250856
-9.450109 2.024341
-8.454723 1.807425
-9.567629 2.644798
-5.352482 6.599364
-2.911126 9.923891
-4.402664 6.697645
-3.135811 4.267807
-2.907350 3.192769
-2.527510 2.421925
-2.831245 2.850893
-2.208499 2.355715
-2.811002 0.156824
-3.460417 0.800692
-4.114290 -0.283667
-2.546148 -2.887651
-5.685882 -5.141794
-3.460299 -4.965097
-3.992076 -4.186820
-9.424310 -5.352541
-12.396860 -5.025802
-11.471487 -2.414991
-11.071959 -1.591440
-9.633547 -0.861458
-9.815767 -5.659762
-5.048660 -4.982265
-4.027934 -4.608990
-6.851809 -4.921181
-9.885967 -5.987587
-6.938309 -5.317224
-8.718042 -5.431328
-6.873074 -5.449304
-5.954419 -4.811212
-3.524288 -6.438311
-3.092594 -2.360803
-3.818529 -3.434550
-2.486856 0.120892
-3.781482 -0.986862
-3.021499 -1.929504
-3.124499 -2.378507
-2.733270 -0.098044
-3.269361 -0.990184
-3.012558 -2.952638
-6.368213 -6.534926
-5.147616 -5.083980
-6.467183 -4.501203
-9.551329 -8.119181
-11.079306 -1.974669
-9.665211 -1.950845
-10.246285 -0.398224
-10.592389 0.203622
-9.822472 1.975305
-8.759800 1.487816
-9.182302 1.457669
-9.835805 3.265182
-9.050844 1.549454
-9.163056 3.494463
-11.176307 3.405389
-8.913420 2.101746
-8.641008 2.552117
-8.779895 1.880551
-9.525876 1.630010
-10.048166 -1.528205
-10.738226 -5.125466
-7.984688 -4.527821
-6.186926 -4.047067
-6.994343 -4.219259
-6.231224 -3.981152
-6.219622 -7.026597
-8.745162 -6.132618
-9.731642 -3.727747
-9.641573 -1.416530
-9.843107 -0.673839
-11.317332 -2.527468
-11.545271 -7.329276
-10.862711 -6.987932
-7.467558 -4.423750
-6.893077 -6.316288
-7.838337 -6.012444
-6.895127 -6.652160
-7.178414 -4.775750
-9.479500 -5.440180
-8.554834 -4.076541
-8.541800 -5.333257
-5.063935 -5.355594
-4.869802 -5.013186
-3.801469 -3.437892
-2.700465 -1.697052
-3.829978 0.035749
-0.008236 1.158002
-2.720632 4.553761
-1.700744 3.052502
-0.662085 5.546704
-4.187236 7.299067
-2.354671 6.402549
-3.736482 6.391592
-6.561456 7.909401
-5.488855 6.145643
-6.684000 6.217191
-6.695832 6.247029
-7.826015 6.882267
-7.674908 8.780011
-9.223645 11.428143
-10.042520 9.328977
-8.999138 8.974372
-6.323706 8.499437
-7.522547 6.322470
-5.305965 6.292940
-5.936686 7.435068
-6.718550 6.382340
-7.723248 6.054154
-6.001558 8.243820
-6.326104 8.226333
-7.313571 7.443251
-8.203894 1.889014
-9.023347 1.324544
-10.541656 2.596207
-10.279272 2.491695
-6.888761 5.960115
-7.745819 7.400308
-7.052993 6.038326
-7.663297 7.827783
-5.677150 6.067520
-7.912673 7.588985
-7.736473 6.688948
-7.906152 7.688467
-7.660069 6.839070
-6.436923 7.713449
-7.683196 8.382846
-7.931429 10.456831
-8.647752 8.602661
-11.547599 8.826989
-12.194940 8.782999
-11.628579 8.924619
-9.250422 8.792076
-9.421749 9.488944
-6.128848 8.830173
-6.196008 6.150119
-6.667777 7.999342
-6.842505 7.911877
-5.112123 6.458736
-5.382710 5.973639
-4.935050 6.842997
-2.871848 8.601210
-1.972217 5.137025
-2.921837 7.327963
-6.502574 7.155065
-9.284920 9.948309
-7.075061 10.023056
-9.505489 3.246511
-9.151845 2.911793
-9.465454 1.631450
-8.486083 3.048208
-10.037246 3.093434
-10.466614 0.635723
-9.772840 1.191003
-10.203210 -0.879900
-11.192142 2.953894
-8.639568 1.299578
-12.239338 1.696242
-12.723562 1.864738
-9.794637 0.540307
-10.155647 -1.028568
-10.522351 2.423629
-9.706779 1.520113
-8.628079 1.112458
-7.225352 6.253629
-5.004849 5.971250
-6.579155 6.634764
-6.605418 9.086782
-5.860539 7.508894
-3.737611 6.365520
-3.167219 6.678430
-2.848128 -1.675430
-4.351194 -2.207950
-4.036610 -2.128114
-3.970414 -2.570635
-10.670945 -1.254861
-9.069553 -4.302275
-7.970393 -5.782960
-5.282413 -4.184996
-6.003160 -4.667876
-4.343562 -3.968531
-5.450191 -4.070487
-4.082841 -5.088096
-5.076990 -5.107662
-7.018178 -5.846282
-7.958271 -5.471894
-6.724228 -4.326113
-4.825530 -6.296691
-7.688547 -4.068767
-5.658484 -5.270484
-4.217793 -5.058639
-4.393047 -1.676837
-3.072999 -0.339359
-4.277592 0.508391
-4.481901 0.006036
-3.906332 -0.383230
-1.947928 0.259378
0.958462 0.102597
-0.858502 0.589850
-3.107141 -0.723249
-2.943353 -0.170721
-4.107797 -0.081992
-4.491181 0.612587
-4.562956 -8.236378
-6.803381 -7.483634
-8.680575 -10.517955
