4.636699 1.771787
2.576001 -0.218427
1.118701 0.860614
0.701331 -0.077917
-1.943843 -0.789877
-2.364456 -0.926751
-2.265813 0.488699
-3.042439 2.566919
-2.841131 1.011214
-3.400959 0.755608
-4.008405 -0.316574
-3.241695 -1.751235
-3.999917 -4.805165
-3.266360 -2.892019
-2.627004 -0.452981
-3.654600 -0.606102
-4.414224 -1.784600
-3.167488 -1.895769
-3.462849 -1.263418
-4.391281 -1.460866
-3.553854 -5.069997
-3.504408 -4.899073
-6.100718 -4.429628
-5.359691 -5.329521
-4.682337 -4.829641
-3.813755 -3.409787
-3.564274 -1.688704
-3.202009 -3.109113
-4.536302 -3.508106
-3.772131 -2.713213
-4.345203 -2.900212
-6.828785 -5.673651
-3.052986 -2.655392
-3.500192 -2.447000
-7.486743 -5.065423
-5.555622 -4.792884
-4.873019 -5.352455
-8.002092 -6.555909
-7.257393 -5.852649
-8.779609 -4.983135
-10.118121 -3.444401
-7.627307 -5.648980
-4.467035 -4.964385
-3.848693 -2.004799
-4.391538 -4.242103
-6.131425 -3.959745
-8.249451 -7.409932
-10.585627 -4.992690
-13.068970 -4.231740
-11.317807 -3.208395
-11.660187 -1.269110
-9.309826 1.910169
-10.009653 2.094667
-9.301013 3.369615
-9.913128 2.449323
-8.742217 3.172669
-8.291622 1.902292
-9.065127 3.494339
-11.202690 0.549091
-9.618542 3.434607
-10.831730 -0.565318
-9.905953 -3.380187
-11.175099 -3.368002
-11.376705 -5.667808
-10.502609 -3.339232
-9.832485 -2.202261
-9.715897 -2.338881
-12.587005 -1.279903
-9.829755 -0.107467
-13.990824 -4.095654
