-11.611220 0.371481
-9.896390 2.066455
-8.826387 2.090108
-8.459261 3.216056
-8.191168 2.973537
-5.475811 5.971385
-6.471377 8.712181
-7.664224 6.373811
-7.432369 8.200292
-5.952819 8.166660
-7.116576 7.580718
-5.501565 8.556422
-6.078198 7.161698
-7.504127 8.003062
-6.692105 7.609032
-7.892132 6.763750
-7.585701 6.999732
-7.107012 6.543978
-5.143997 7.941910
-4.667124 7.649610
-4.293787 7.592046
-5.718561 7.091130
-7.391624 7.730884
-5.433550 6.681561
-5.386091 7.158492
-3.672302 6.180056
-4.249256 7.532848
-2.811006 7.474697
-3.175014 5.606451
-2.828628 5.876849
-4.200956 6.720247
-4.719896 6.064216
-7.936816 8.433977
-8.636229 10.861581
-7.393855 6.904206
-6.999608 9.627496
-7.631191 8.708311
-7.446469 6.146680
-7.466689 7.117689
-4.818451 7.439702
-6.782774 7.810406
-10.871055 8.561225
-7.542956 7.975825
-6.967102 5.944967
-10.536468 8.996461
-7.934260 11.594710
-13.658248 8.875449
-13.838581 9.562661
-15.298844 4.441093
-12.953587 9.682973
-13.283442 5.748556
-14.833097 8.196500
-9.500750 10.054039
-6.951413 9.271717
-6.484969 7.993025
-7.709789 6.123963
-6.151955 6.111012
-8.839079 2.560323
-9.533814 2.357209
-9.465494 1.497367
-9.410963 1.379824
-9.540970 3.116210
-10.016733 8.731540
-8.754161 8.705086
-10.396623 1.512131
-9.820478 2.018783
-10.372128 -0.150263
-9.841574 -0.678177
-12.095806 1.950225
-9.549405 1.266127
-10.195103 1.486970
-9.150167 2.461625
-9.224405 2.423461
-10.872260 1.465137
-9.771690 -0.120832
-11.598716 3.149095
-14.006191 2.060635
-13.675234 -2.503088
-12.997259 -4.624644
-3.465656 -3.976511
-3.085122 -3.526319
-9.150643 -5.182164
-6.377699 -4.211107
-6.996104 -4.756282
-7.232594 -6.123100
-9.412676 -4.712120
-10.618336 -4.139490
-10.126215 -3.054539
-9.848147 -0.479611
-10.655938 -4.794718
-10.173390 -2.639114
-11.223053 0.075195
-8.986119 1.815729
-9.065809 1.375776
-8.573092 2.859729
-8.516105 2.895788
-8.408991 3.084696
-13.661158 2.040059
-10.885509 1.563073
-8.351372 2.658795
-6.315247 6.842492
-7.024251 6.535768
-6.480978 6.437532
-5.170964 7.203483
-4.658207 6.531236
-3.410058 7.366847
-2.310628 7.720185
-5.689630 7.354892
-2.036914 7.525661
-5.550850 8.203392
-7.144983 7.799383
-7.139681 7.283623
-5.611550 7.331841
-5.582444 7.633499
-6.758719 7.097706
-6.354723 7.380023
-2.626640 6.759443
-2.993241 5.364295
-3.708580 6.315507
-4.416192 7.554206
-4.125591 9.428823
-5.380596 7.127327
-4.072694 6.534993
-0.537720 2.478386
-2.113369 2.441905
-3.578811 0.724123
-4.446236 -2.258873
-9.197945 2.939967
-9.445660 2.335486
-10.409544 0.345876
-11.943421 -3.858328
-8.099512 -5.987280
-6.155530 -5.235482
-4.105869 -3.647987
-4.311751 -0.513062
-3.755908 -0.148702
-4.537606 -0.956217
-2.909429 -1.127381
-2.137248 5.423769
-2.169898 5.699237
-1.727444 4.618215
-2.771407 2.867714
-2.574295 4.563245
-1.617180 5.930526
-5.866875 7.811811
-4.479680 7.995736
-8.728624 2.388624
-9.452784 10.004209
-10.503231 9.531077
-6.174362 6.934350
-6.842873 6.730123
-8.556872 1.799356
-9.698631 1.376202
-8.212651 2.176216
-8.213865 1.365819
-8.195242 3.060830
-9.173008 1.848192
-8.758199 1.124892
-11.327626 2.902047
-10.343920 1.956023
-12.244482 1.482603
-7.474843 5.998233
-4.507524 7.523050
-6.374982 6.223776
-7.330386 9.318316
-9.759122 8.602990
-6.781459 8.638095
-7.084279 7.941974
-5.810377 5.985684
-6.198296 7.987482
-6.618858 6.761964
-4.687843 9.891794
-6.807126 9.635653
-7.420601 7.893755
-4.665940 7.686416
-1.420862 6.495501
-2.546294 5.223121
-2.567654 5.800070
-1.597349 5.875597
-1.421013 2.893867
-2.857773 1.501873
-10.428103 8.706672
-6.909498 8.557759
-6.092741 7.046203
-5.164033 7.246975
-6.492450 6.835317
-9.651393 2.897110
-5.751385 6.036808
-10.566978 3.344986
-11.952085 -1.825944
-10.210148 -4.200220
-9.999374 -1.878466
-11.052591 -1.362996
-10.368943 2.676568
-8.801414 3.392239
-13.384137 3.204726
-10.000836 0.247636
-9.574039 2.698319
-9.786493 1.061985
-9.699702 -1.843880
-10.481197 1.363137
-10.463972 -0.347557
-9.954554 -2.345752
-4.373971 -3.322565
-3.939288 -4.283290
-3.867988 -0.349923
-3.944983 -1.097701
-4.235863 0.270170
-5.199939 7.324835
-4.789686 7.120744
-7.266505 6.018284
-7.697729 6.255053
-7.709690 7.408806
-4.499144 7.287456
-9.359632 3.346842
-2.523915 3.173328
-3.047128 4.780241
-5.856311 6.029979
-6.245106 6.308474
-6.594636 5.944769
-9.516880 2.734156
-8.853988 3.227041
-7.322270 7.614836
-6.644676 7.000438
-7.877652 7.390759
-5.840562 7.315378
-7.562260 7.814357
-5.903193 7.048653
-6.122004 7.339324
-7.735909 7.234029
-6.022931 8.071555
-8.032352 9.017172
-4.707665 9.716449
-10.309697 3.334313
-8.381232 3.235703
-5.441840 7.923759
-6.500295 6.493327
-5.865000 6.145992
-5.807422 6.759744
-6.505128 6.620440
-6.591625 6.213817
-6.414495 7.206831
-6.813520 7.582885
-7.500476 8.442420
-6.892915 6.863371
-8.323205 3.225784
-9.040565 2.547457
-13.101359 5.955808
-12.935369 3.497055
-10.876339 3.457975
-7.480728 7.517893
-6.591876 6.733277
-13.434806 9.979503
-10.306542 11.130540
-10.493385 9.239250
-8.226214 3.248440
-5.036085 6.087618
-7.583142 6.683380
-7.629673 7.718332
-7.186993 8.691014
-8.754971 9.194999
-5.905876 6.970073
-7.866336 7.041660
-6.726420 9.189003
-6.871550 7.687025
-8.513328 2.761820
-9.319103 3.080516
-10.826761 1.870285
-10.085003 2.159757
-7.340336 6.514177
-7.420995 8.352590
-6.458166 10.574372
-6.043872 6.397651
-5.751734 6.585055
-10.676167 2.457650
-9.503159 2.277894
-10.189258 3.001024
-8.231245 3.405570
-9.575377 1.526232
-8.441852 1.546648
-1.779620 1.553002
-3.936363 0.218029
-2.649738 0.456811
-2.022562 0.218863
-2.719976 0.543102
-1.769261 1.256013
-3.158400 1.240585
-5.669501 6.615521
-4.795499 7.645387
-9.693413 2.264895
-7.053689 10.027946
-7.439339 9.097776
-11.288001 9.682293
-7.015821 7.264833
-7.505950 7.072046
-5.679004 7.746445
-4.519893 6.399601
-5.582696 10.151085
-9.718913 8.755103
-10.365500 8.510412
-8.471682 9.122573
-8.827722 9.264709
-11.130724 10.500205
-11.986568 8.870369
-11.205230 2.828115
-9.504024 3.024065
-11.404755 1.581761
-8.300707 1.685189
-9.706114 2.067762
-14.694195 -0.177269
-14.918262 6.071522
-11.656906 10.170362
-9.029696 8.754870
-9.613289 10.340280
-9.166463 8.913907
-9.163411 10.135680
-7.487088 8.199105
-5.941717 6.853230
-7.863011 7.167661
-4.380175 9.506207
-4.667507 6.773932
-6.412495 8.304219
-8.147779 8.926498
-12.610911 12.338000
-9.624440 11.772202
-9.310955 10.497207
-8.074570 9.560172
-7.245732 6.645213
-6.306792 6.760603
-7.408711 7.185879
-7.387787 9.574577
-6.867233 8.375113
-9.038637 9.073129
-12.070244 9.148461
-15.436270 14.817938
-15.123611 7.570246
-14.146163 5.871183
-13.264274 -0.403596
-12.073742 0.296631
-10.530334 2.099037
-9.837120 0.756514
-8.490740 3.040813
-7.096478 6.145414
-2.732780 4.244375
-2.224005 2.645504
-7.842256 5.962864
-10.366796 9.124989
-7.558916 9.891594
-8.601884 9.159746
-10.362222 9.657558
-13.463368 10.318391
-10.059915 11.283278
-6.612095 7.479702
-6.321449 7.727731
-6.550133 8.395438
-8.427074 2.506579
-12.881507 8.566258
-12.557847 9.538231
-15.237288 5.676026
-17.924368 4.777341
-16.817186 5.135729
-7.654179 7.870342
-7.853866 6.535687
-7.436830 6.157477
-5.876372 9.147967
-5.431750 7.029576
-14.004185 5.980735
-13.252828 7.515644
-14.819927 7.601156
-12.262472 9.577588
-11.864627 9.413174
-7.675286 11.116394
-10.403912 10.056638
-7.517582 8.248244
-6.802258 6.164004
-3.646889 7.088491
-4.079238 6.141764
-6.111951 7.351737
-5.455867 6.740155
-7.140707 6.237415
-3.929623 5.999713
-4.284564 6.875855
-6.438961 6.988171
-7.587956 7.323380
-5.041726 6.267333
-2.565015 6.477415
-1.922796 4.146690
-2.659630 5.360574
-2.408743 4.073244
-2.746892 5.161031
-1.985574 4.660953
-3.717550 6.629850
-5.253382 7.784566
-3.037530 7.384723
-3.040514 2.418644
-1.883341 4.771032
-3.092767 5.351257
-2.324400 7.422383
-3.965305 7.817496
-5.370632 7.849752
-5.851097 6.951568
-5.783309 6.674138
-4.865765 7.533805
-5.788186 5.987064
-7.007400 8.644177
-6.714821 7.505288
-4.799480 7.163757
-7.943784 6.720661
-7.473715 6.867132
-5.312356 8.884026
-8.306129 9.386952
-9.965071 8.700068
-10.181989 10.262891
-6.381021 7.605270
-9.369511 9.813944
-11.974236 8.883582
-15.113939 8.517510
-13.825175 6.792675
-12.387026 0.628930
-10.172697 0.857882
-10.078069 1.937800
-8.200396 1.910144
-8.495702 3.296749
-8.398674 2.447069
-8.790448 3.330882
-11.338306 2.209549
-9.960558 -1.368896
-9.853025 1.251263
-10.074650 3.321612
-3.068913 5.833954
-4.837758 7.614589
-4.114566 6.375330
-4.107066 -0.093029
-3.956039 -0.457686
-4.488950 -1.345909
-2.560911 3.015525
-2.321229 4.246069
-4.468954 -0.386380
-3.166689 1.772664
-3.012213 3.237351
-3.135101 4.272789
-0.164448 2.088285
1.756852 2.270101
-3.238569 7.327658
-5.224442 7.527098
-5.725737 6.314605
-6.430678 6.994430
-7.218386 6.262578
-5.875668 6.117335
-8.982809 10.157809
-9.404691 9.276790
-13.308840 8.543037
-12.945559 9.278782
-4.709540 6.360795
-7.288643 9.666100
-6.801133 7.256541
-6.297074 6.767090
-5.389389 7.380421
-3.431680 6.602386
-6.300409 8.580935
-6.243725 7.732374
-5.053351 6.512545
-7.151999 7.306525
-7.175698 8.070210
-5.038222 6.415147
-7.840397 7.333421
-1.732902 8.182442
-2.279209 5.028912
-2.913530 3.997968
-2.945316 6.897342
-4.046544 7.676208
-5.093752 6.083393
-2.998113 4.432677
-2.657276 6.116237
-7.506080 6.076123
-9.072455 2.723469
-9.835951 1.883614
-9.314972 2.893954
-10.686197 3.000549
-8.778166 2.048312
-8.404082 3.409591
-8.624397 2.959749
-8.962017 3.402628
-8.822261 2.811681
-12.669302 1.670701
-10.165651 0.148320
-10.219518 -1.426200
-9.958538 0.075503
-10.407774 1.779065
-9.649788 2.651297
-12.377563 1.706790
-11.649685 1.611419
-13.965110 1.881262
-14.218390 6.237970
-13.805556 6.115407
-13.127733 2.634099
-11.586090 1.969360
-11.757478 3.417051
-8.215186 8.898574
-7.846534 8.647279
-7.653206 6.243479
-6.686770 6.699370
-6.207683 6.011033
-5.852301 6.954803
-10.106857 0.141207
-10.062294 9.116303
-9.981408 8.697217
-7.433308 9.420442
-11.897497 9.049251
-9.493782 8.658593
-12.863639 8.913562
-14.140666 3.403136
-15.500523 0.380836
-13.298966 3.837739
-14.071957 -0.927417
-12.412339 1.515513
-8.587386 2.786669
-6.731467 5.941997
-7.895836 6.288891
-6.406140 6.383512
-6.855138 7.754136
-7.953974 6.472895
-6.139276 7.831491
-4.035367 6.906257
-4.005839 6.273170
-6.729325 6.626131
-4.950212 6.388322
-3.940614 5.983945
-3.138449 5.632070
-4.430483 6.445623
-5.527688 6.643828
-5.582954 8.607943
-6.165923 8.580656
-5.056016 6.420101
-0.978644 3.941155
-2.847595 6.829305
-4.401949 6.533114
-8.871439 3.173771
-10.050910 3.438664
-9.515662 10.741548
-9.413568 10.002166
-7.317505 6.358217
-11.665389 3.101335
-13.179525 5.146506
-13.290188 5.249407
-15.131223 2.395760
-11.796537 2.586567
-15.214365 8.105138
-13.840063 3.999109
-13.347759 6.428873
-11.496424 9.600891
-8.487340 2.914431
-8.582086 1.875100
-8.760201 3.123121
-10.225625 0.540955
-10.808156 1.186193
-9.085748 3.311725
-9.316135 1.789667
-13.747315 6.666780
-13.462159 3.461421
-11.175285 2.018406
-4.353369 5.974991
-7.526996 6.031092
-7.090803 7.955479
-7.118196 6.090845
-5.800736 7.232537
-7.661245 6.401564
-6.186773 6.268303
-6.526865 6.163681
-6.807580 9.680944
-3.659373 6.621407
-5.565987 7.219640
-6.955639 6.943208
-5.273747 6.020352
-7.348424 7.014295
-2.169262 7.337062
-2.103055 3.862215
-1.209611 4.447663
-0.957871 4.415499
-3.154464 2.291925
-2.554502 4.870523
-2.679466 3.270255
-2.761348 2.777070
-1.374087 2.451885
-2.981393 -0.335456
-4.297497 0.859805
-1.769710 0.819045
-3.721076 0.771526
-4.549064 0.823675
-4.548521 -0.095106
-5.930258 -5.421347
-6.243977 -4.907578
-6.393285 -5.797197
-5.639642 -6.350063
-4.955357 -6.852798
-7.538230 -4.914032
-3.341687 -5.365174
-2.751487 -1.041540
-4.991781 -6.108516
-3.064672 -4.521627
-3.372716 -3.776999
-3.764053 -2.843038
-3.962928 -0.994673
-4.540040 0.759707
-2.805628 -0.369730
-2.121119 1.338437
-3.146914 2.999251
-3.028891 2.860418
-1.057354 0.768459
-2.549747 -0.032819
-3.308611 -0.207208
-3.601196 -0.420535
-1.221649 1.028399
-3.062426 5.510694
-1.976023 4.174935
-0.089452 4.368663
-3.480958 6.166936
-2.617708 5.493332
-2.534044 4.963917
-3.031491 3.306131
-7.550361 6.462545
-6.818284 6.071949
-8.640680 9.211463
-8.998436 11.640891
-8.716946 3.462559
-8.443742 1.347188
-8.613212 3.373241
-9.581368 3.464167
-8.928165 1.506619
-9.398011 2.227929
-11.437923 3.484087
-8.411589 3.450070
-6.613613 7.318708
-6.991299 6.447798
-7.841355 8.412051
-6.806834 8.247041
-7.933064 6.754053
-7.628291 9.083061
-7.877246 6.053794
-4.173361 7.479516
-5.276120 6.494877
-3.664707 6.318950
-0.668027 5.714919
-1.132017 4.541768
-1.503224 3.210319
-0.740650 3.934719
-2.437091 4.517901
-2.517882 1.272077
-2.827969 3.425417
-2.282146 5.914392
-4.204002 7.021663
-4.991053 8.768060
-2.487105 4.849293
-2.158935 3.318923
-2.333551 4.900885
-3.433087 6.280840
-5.158384 6.062239
-7.441041 7.580488
-7.679574 7.341825
-7.015823 6.922721
-5.734721 7.867592
-4.651234 5.957094
-4.537724 8.278844
-6.869815 7.826770
-7.347809 8.876361
-7.720006 6.819242
-6.250370 6.249881
-4.258372 6.580129
-3.661500 7.652043
-4.674242 6.731964
-5.590737 6.716786
-6.034840 6.133893
-13.430856 4.110119
-15.910820 5.823297
-8.446538 1.963283
-8.811550 2.543641
-9.901794 1.892525
-8.875547 3.153887
-10.544298 3.020647
-6.188528 6.733250
-4.794701 6.763497
-5.530022 8.267072
-7.441472 7.622549
-5.273326 7.341262
-7.622826 7.965894
-5.157437 8.187203
0.857437 6.187776
-1.530605 3.756774
-2.366297 0.377974
-2.451830 0.500915
-2.329509 1.432623
-3.988888 0.108315
-2.222127 -0.081818
-3.653944 -1.098728
-2.717237 -0.730614
-2.919191 2.396526
-2.796507 2.969432
-2.205053 6.839927
-3.310175 6.062489
-1.957694 7.840091
-2.355270 6.415177
-2.780166 2.325292
-2.583919 2.263018
-2.921917 3.207585
-4.746107 5.964291
-5.793173 7.233701
-6.002301 6.686820
-4.694898 8.335708
-1.956019 4.629029
-2.708154 4.252816
-2.297946 4.814732
-2.765725 4.734119
-2.965959 4.307272
-1.807320 6.290393
-6.590497 7.244592
-6.948960 8.819334
-6.511827 6.095744
-7.025171 5.985004
-7.641191 6.203180
-6.628950 7.122918
-6.458674 6.906167
-7.637323 6.395758
-6.292058 7.601089
-7.218035 6.549380
-5.029552 7.832159
-4.905856 6.273853
-4.431070 8.512293
-10.040822 9.565803
-11.910304 10.039940
-9.909485 9.682380
-9.155131 8.946239
-6.633452 8.723022
-6.615119 6.418795
-7.744842 7.554987
-14.199817 1.664979
-17.420395 2.039444
-11.381224 3.469739
-11.476003 3.282488
-9.493201 2.821617
-8.585898 2.427972
-5.819410 6.761849
-3.795804 6.207516
-7.493837 6.354824
-7.899249 7.293808
-10.503183 1.261407
-13.309328 4.460612
-16.843260 4.097095
-9.951228 1.295627
-10.726925 2.055726
-6.035944 6.162674
-5.055622 6.045839
-7.638009 6.732495
-7.618463 6.814490
-7.723152 6.350348
-7.735920 6.594130
-10.666176 8.550449
-9.830873 8.699714
-5.894406 9.005773
-8.558297 9.289521
-7.186709 7.809881
-5.773898 9.203930
-9.525537 9.294559
-7.968219 11.211317
-7.086611 7.737405
-10.122804 3.353267
-13.557270 2.159751
-10.026445 3.029280
-8.919849 1.618214
-8.385905 2.103259
-8.384789 2.953877
-8.732996 2.928132
-6.285399 7.588361
-6.811541 7.984755
-6.098132 6.591204
-6.881121 7.828937
-6.269400 8.355437
-6.421674 7.100137
-8.510015 1.507919
-7.413462 6.303031
-6.714300 6.511558
-6.931451 6.202919
-4.592198 6.635200
-5.344514 10.804661
-7.677559 7.170800
-7.421726 10.057321
-9.551378 11.658042
-8.596389 9.622654
-10.368473 8.929098
-10.534165 8.973666
-11.557466 11.417233
-6.437500 8.478670
-6.452980 6.089931
-6.132877 6.644402
-7.638070 7.283767
-5.429801 6.039221
-2.858085 6.199956
-2.406738 4.715772
-1.002219 6.300973
-2.783298 5.953497
-7.159657 6.047624
-7.137177 6.172361
-7.276181 6.504849
-5.182803 6.923291
-6.013241 6.536100
-5.428676 6.425585
-5.378459 6.875026
-5.744870 5.960026
-7.493124 6.084701
-6.643902 6.608814
-5.810351 6.080744
-9.050630 3.413728
-8.494603 2.891435
-8.784859 2.326147
-6.975996 9.202033
-5.221197 6.110094
-7.553689 5.974197
-6.502044 7.354418
-6.430597 6.126070
-6.653998 8.408714
-6.654912 5.971331
-11.958176 8.843519
-8.886407 9.117903
-10.510776 8.829464
-9.743477 3.442449
-9.837713 2.991104
-11.558290 0.276634
-8.715559 3.090547
-11.485592 3.198019
-14.765564 1.331626
-9.239747 9.019322
-11.772804 9.755391
-8.469277 10.931590
-6.694262 7.257769
-6.800390 7.346733
-13.105296 9.070467
-13.729816 5.538905
-11.827309 8.818315
-7.867125 6.087964
-2.279321 4.038045
-6.854206 8.374846
-7.333989 7.179859
-6.194489 6.764767
-7.512511 6.755154
-9.544044 9.171757
-8.805580 3.320103
-10.457072 1.189956
-10.235027 1.764102
-10.788493 2.565012
-10.640526 1.661004
-10.486590 0.137695
-9.826336 1.641991
-9.287550 1.493064
-8.694495 3.262016
-8.603251 2.175004
-9.298341 2.687523
-6.505490 6.908527
-5.805835 7.769263
-7.563967 6.183555
-3.954250 6.105941
-5.196315 6.115834
-5.254894 6.226156
-2.559895 4.345356
-2.152912 5.356331
-2.493499 3.531214
-2.345452 2.960998
-1.914669 3.841383
-2.888393 4.765478
-1.287486 5.247681
-3.377588 6.001273
-5.889804 7.038864
-5.878490 7.457842
-6.140760 7.713902
-7.353059 8.979801
-9.896661 9.137172
-10.418592 9.154559
-3.229948 7.888259
-5.087621 6.963890
-6.430950 6.364073
-6.227551 6.232248
-6.595186 6.287205
-7.262177 6.429578
-6.049094 6.461960
-6.557852 6.995380
-6.785838 7.693984
-6.893031 8.321915
-5.161476 11.931391
-7.273489 8.527584
-5.790401 7.104688
-6.506206 7.122397
-7.261920 7.626960
-6.172321 6.900821
-10.405467 -0.285691
-10.702764 -1.507255
-8.250633 1.375672
-8.855662 2.957601
-9.796996 1.627995
-10.119725 -2.601743
-11.017609 -1.385751
-10.063425 1.485684
-9.839168 0.479059
-9.377476 1.155477
-16.531811 2.712853
-10.741493 0.632284
-9.648352 3.167214
-9.117663 3.062647
-7.578874 8.617046
-3.954932 6.738904
-4.094246 7.051217
-4.724053 6.588874
-5.207495 8.262681
-6.294189 6.278763
-6.390132 6.966654
-3.746324 6.665545
-1.562786 5.613938
-2.106908 3.638651
-2.360654 2.887828
-1.292019 3.484164
-2.497955 2.361002
-11.273808 2.812772
-10.804494 1.154478
-11.187635 -0.655295
-9.839147 2.542494
-9.212885 1.781258
-9.876324 1.562607
-10.056296 0.771399
-8.541882 2.070812
-8.320473 2.523905
-10.810707 2.848375
-14.223042 5.230571
-7.262026 7.034292
-4.819833 6.879752
-13.579725 2.759140
-1.683743 -0.749201
-2.619876 0.166487
-2.409644 1.678637
-2.072201 1.970206
-2.837975 3.407980
-1.396172 4.303817
-2.956240 4.382276
-2.597007 5.068856
-1.126709 5.831909
-3.901579 6.229650
-6.253124 6.356431
-5.061874 6.817273
-4.349185 6.762853
-3.739394 7.839659
-6.593380 7.992332
-4.059720 7.165962
-5.802200 7.367611
-7.839801 6.948587
-7.701343 7.319362
-6.639838 10.147516
-6.123971 8.494241
-5.914850 7.997406
-3.329525 7.120797
-2.291815 7.816801
-1.454690 6.596741
-6.716381 7.350258
-7.544863 6.383220
-7.496964 6.851867
-7.385480 6.145837
-6.736116 10.345774
-7.920029 10.739774
-8.614568 8.809992
-11.100078 8.616395
-13.433711 13.480672
-12.365350 9.663053
-7.838540 7.897844
-5.379499 7.236609
-7.606449 6.612689
-7.921437 7.022140
-6.940450 6.465733
-6.006598 6.669740
-7.724032 7.249879
-6.286959 6.694293
-7.271895 9.080227
-7.269206 8.235549
-13.525970 6.555777
-16.268229 6.918097
-13.111584 3.324885
-13.266245 3.026554
-13.276478 5.026524
-7.326598 8.944800
-0.711689 3.431930
-1.665555 1.476076
-0.045096 2.636450
-4.599709 5.976214
-8.917730 8.813716
-10.008154 2.743480
-9.374189 2.124893
-10.855842 1.375540
-10.040663 2.528291
-11.219529 0.421222
-7.626618 6.659403
-8.874866 2.038113
-12.384024 3.216986
-6.865342 7.914320
-6.779830 6.742591
-5.382783 7.511306
-8.118745 8.991885
-6.641476 6.655201
-5.977871 7.205302
-5.820053 6.273277
-3.079363 0.181298
-2.096509 1.379265
-3.818183 -0.184418
-8.489726 2.261838
-10.578815 0.231205
-8.585335 1.267776
-11.780622 2.402224
-8.884379 2.221874
-12.751170 3.301902
-10.975510 2.339579
-10.838005 8.807158
-7.709943 9.144025
-13.395610 5.451749
-12.727773 2.092356
-9.030504 2.984817
-11.715254 0.973809
-11.130747 3.073440
-11.615182 2.388968
-10.666622 0.594229
-8.730528 2.322665
-8.532310 2.662010
-8.529684 1.526528
-9.651932 1.391219
-10.667675 2.235038
-9.662426 0.424100
-10.946278 -1.110594
-10.543786 -0.448932
-10.827509 -2.694303
-10.447138 -3.581376
-8.889276 -5.442830
-7.867958 -4.361720
-8.881780 -5.113865
-5.183936 -6.317590
-3.851172 -2.216308
-3.091831 -0.179247
-2.537480 1.374787
-3.094096 0.244597
-4.305290 -2.457578
-4.317519 0.025444
-3.839030 -2.895849
-2.219512 -0.838280
-3.487680 -1.939417
-3.151802 -1.897382
-2.093791 -3.333623
-4.473257 -5.940986
-7.162338 -5.286011
-9.659248 -3.123793
-9.635270 -3.053115
-11.226353 -1.641054
-10.597243 -5.073267
-11.728184 -3.802542
-9.950535 -0.511803
-10.292611 -1.801756
-12.051727 -3.529125
-11.722715 -3.291623
-8.444937 3.414939
-8.275969 1.262721
-9.203282 2.238857
-13.615974 -1.717053
-11.464222 -3.863227
-9.683105 0.175839
-10.314840 0.778444
-10.439494 -0.492486
-10.717374 2.133367
-10.999682 -2.318948
-6.594063 -4.147273
-4.108645 -4.569353
-2.726727 -2.831839
-8.482302 2.170402
-6.775318 -4.147788
-5.361897 -4.049728
-7.618807 -4.717186
-9.864694 -4.794563
-9.871557 -2.062114
-4.332398 -5.489088
-10.236662 -6.579381
-4.405778 -1.757066
-3.564891 -5.419378
-6.546738 -5.914651
-3.219790 -3.003531
-1.025770 -0.244073
-2.004297 1.462802
-8.870481 1.929946
-8.401146 2.036656
-12.688671 1.570455
-11.185406 -3.963157
-11.083254 0.187405
-8.503564 3.392667
-9.358305 2.665791
-10.669287 0.578347
-10.635746 2.314556
-11.113356 0.895672
-10.925094 -0.086797
-10.131355 2.020386
-11.555058 2.895249
-15.718166 4.393471
-14.516687 6.946527
-5.156649 6.052553
-2.236569 6.016681
-6.431471 7.415682
-8.657932 11.054404
-4.875074 8.262900
-11.331707 9.291614
-7.181756 8.677575
-13.208815 9.097123
-14.071501 5.853862
-15.762442 3.218205
-10.500766 3.460343
-5.055557 5.998230
-5.332956 6.202724
-4.757215 6.837052
-6.195431 6.329800
-7.477943 6.164358
-6.875965 7.604929
-6.231344 6.314558
-7.302370 6.671258
-7.826690 9.625742
-6.892768 6.012422
-6.577806 6.138998
-6.994325 6.885622
-7.525270 6.612317
-13.015064 3.299216
-11.407215 2.353019
-10.066796 1.726606
-10.102820 3.275131
-8.695734 1.735702
-8.653304 3.108981
-10.083143 2.999761
-8.749872 1.473240
-9.924599 1.312794
-10.221002 2.164884
-10.018211 3.488561
-15.263620 7.569335
-19.413624 12.457674
-14.855895 11.339032
-13.817489 8.298718
-7.877481 7.187464
-5.481588 7.646902
-6.191143 8.127291
-9.677734 9.410705
-6.590434 6.273503
-6.293344 6.581558
-6.324534 7.146955
-5.883964 7.560049
-7.731472 8.106721
-8.493744 10.306549
-11.545645 13.053767
-15.478015 12.218117
-13.026088 10.236177
-13.745770 9.173708
-7.746104 8.385177
-3.054587 7.131399
-7.791517 7.420657
-6.522317 6.188056
-5.166245 6.838842
-5.749544 6.397363
-6.114899 6.973757
-6.940022 6.736869
-5.611380 6.050020
-6.157840 6.304753
-7.755649 7.771907
-6.175364 6.795497
-5.816137 6.102529
-5.692435 6.280664
-4.758695 6.084603
-3.412384 6.233544
-2.077874 4.450549
-0.865754 4.782593
-2.553145 4.009479
-3.046016 3.439131
-2.025491 3.298842
-2.357460 2.958403
-0.617466 3.198242
-2.052350 4.604390
-1.524617 4.928215
-2.211539 7.395973
-6.423369 7.658902
-6.982115 6.168655
-6.139555 7.055847
-5.222239 6.045825
-7.373161 6.965206
-6.721460 7.078126
-5.924809 7.899007
-8.595490 9.602912
-11.108315 8.728246
-13.961527 6.631296
-14.028384 6.634452
-13.576574 7.777310
-5.347480 6.778968
-5.969436 8.440651
-10.741940 8.680885
-7.938663 8.859382
-10.206307 8.734740
-5.981081 9.498816
-4.722657 6.161612
-6.327146 6.055867
-7.155032 9.219066
-5.043402 7.481221
-8.933093 3.282068
-9.459525 2.528935
-9.646619 3.306011
-9.489709 3.182079
-9.919197 1.407863
-8.383913 2.094590
-8.575449 1.546887
-9.357759 2.719794
-14.955373 4.454276
-14.547140 6.774781
-13.084372 1.465951
-7.866335 6.297252
-6.101795 6.049825
-7.156622 6.843010
-6.575265 6.516438
-3.995713 7.391916
-2.702555 7.251009
-2.254010 6.765016
-6.585241 6.125395
-3.746056 6.238167
-2.660705 6.216631
-1.075547 4.211925
-1.019421 4.410483
-0.805837 1.738100
-2.958232 3.984252
-2.504117 2.230201
-2.922517 4.798217
-1.659918 8.218276
-2.816210 7.445740
-5.019987 7.356988
-7.009284 6.357139
-5.586703 6.909091
-2.941522 7.116826
-1.692730 2.328746
-2.418648 1.795429
-2.916752 1.348148
-1.575386 0.216229
-2.287369 -0.317718
-2.879693 0.694507
-2.667769 -1.424982
-3.989120 -2.299873
-4.502732 -3.977114
-4.887091 -4.351511
-5.524369 -4.901283
-4.348766 -4.700700
-8.988458 1.599704
-4.255740 0.325820
-4.567085 -1.021474
-9.967210 0.071222
-8.260140 1.713449
-5.040310 -4.836679
-8.284254 -5.973718
-9.810181 -6.095811
-11.089220 -5.533520
-10.242908 -1.513409
-10.774541 -0.133442
-10.353380 -0.748952
-10.132257 2.970139
-12.560244 -1.249412
-8.397263 -5.551450
-8.211362 -7.721576
-13.323990 -2.101414
-11.880887 -0.233860
-11.231197 -2.760045
-9.920367 -0.253762
-10.137419 0.784306
-9.511527 2.677318
-8.825770 1.108238
-10.445564 1.910588
-10.676414 1.690130
-10.400332 1.801603
-9.580417 2.785940
-8.366599 2.640331
-6.085439 6.977345
-8.004805 9.692669
-7.764318 7.651073
-5.655267 6.615967
-6.184302 6.979923
-7.155318 6.520112
-7.754519 7.257301
-12.055944 1.702868
-15.611542 2.600373
-14.696898 7.301377
-12.898221 9.119714
-13.310265 6.396928
-12.528826 3.191171
-11.291271 1.840200
-11.396923 8.646728
-9.008844 11.051691
-7.355230 9.425019
-6.238849 9.378684
-6.492255 7.383896
-6.113256 7.401717
-5.774830 7.380124
-6.760338 6.095149
-9.770143 -2.780154
-11.308453 -4.722651
-9.917189 3.418995
-11.239114 2.911888
-8.736308 2.021209
-8.344345 1.991112
-10.736161 1.426608
-12.460939 0.644893
-10.985518 0.370068
-9.869886 -5.880364
-7.857161 -4.184881
-8.482235 -4.830616
-10.801397 -3.134205
-10.602989 -0.981629
-9.920528 1.586293
-9.158647 1.213192
-10.233799 1.754134
-12.775350 3.468919
-9.670094 1.498832
-15.235956 4.535781
-17.085827 9.088578
-13.030549 5.240559
-15.842484 4.259134
-11.886034 0.788161
-11.630272 1.263136
-9.710017 0.693829
-9.077177 3.465564
-9.209986 1.984317
-9.788197 3.436123
-12.357657 3.363749
-10.676390 3.061868
-11.597774 9.246154
-7.560229 6.995684
-9.413753 8.679763
-16.540092 4.825453
-13.763995 7.542830
-14.962770 6.253008
-14.131691 9.399383
-10.574842 10.323118
-10.132993 10.786812
-13.403004 10.359368
-13.460722 5.786475
-7.496670 8.107246
-7.507965 7.347402
-3.950536 7.553425
-6.465530 7.153107
-7.066408 7.164404
-4.297409 8.136680
-10.383251 9.927255
-11.491984 8.538327
-6.310071 8.880569
-12.713493 8.582559
-14.508454 6.543733
-6.950135 6.050210
-7.575849 7.468910
-7.610893 10.946449
-13.751493 4.302658
-12.989646 3.896335
-8.402228 3.390503
-10.365032 1.782975
-9.882581 1.277459
-8.240847 1.133040
-9.972158 2.664260
-12.356729 -0.133473
-12.282138 1.259234
-14.966980 8.965352
-13.799549 7.616783
-14.237054 9.702229
-11.413067 9.416567
-10.349375 8.574401
-7.888128 10.810866
-7.355937 6.375926
-6.870444 8.851298
-7.745687 8.336021
-7.440881 6.335617
-4.850437 6.695274
-7.192622 6.166987
-4.292727 6.818937
-2.864369 5.804626
-2.021190 4.990255
-2.092052 3.499574
-1.386522 3.593755
-1.002459 4.618639
-2.365358 4.428809
-1.130945 3.788131
1.310446 6.033789
-5.781701 8.035662
-5.006897 6.644176
-6.414340 8.928194
-5.172924 7.270722
-5.074435 6.039451
-5.426270 7.068592
-6.498289 6.375220
-4.153677 6.350058
-4.542435 6.007872
-4.686682 6.308213
-2.961653 5.973372
-1.499906 5.066055
-2.369812 5.695333
-3.090433 4.606685
-2.876449 5.094417
-2.920046 3.665214
-1.886186 4.201479
-2.773014 2.712819
-2.564294 4.624935
-3.846393 7.681087
-4.492214 6.381907
-6.548227 8.330626
-4.600429 6.478312
-7.817116 6.668302
-5.405820 5.984243
-4.892519 6.127190
-5.248308 6.997642
1.732626 9.861606
3.892608 9.519768
5.448050 11.495799
5.898832 17.505796
