18.462330 -18.079124
15.117813 -11.257768
14.480820 -15.327247
12.366865 -13.013886
11.692630 -12.972178
8.492149 -15.068166
5.154746 -8.039470
5.500608 -8.001246
8.934918 -11.910594
8.439747 -12.086658
8.932411 -11.768861
5.489551 -5.214388
6.552033 -8.806304
6.083683 -6.887257
11.857406 -7.687162
8.141830 -5.635352
8.983130 -7.899175
8.985388 -11.520391
9.555305 -15.417939
12.588678 -13.414128
16.486427 -13.413177
14.677231 -12.303513
15.177645 -17.500631
10.210885 -14.844966
8.894744 -16.511303
7.308036 -9.302466
7.088454 -11.475102
8.085276 -8.126903
9.134195 -8.605494
8.901131 -7.242430
11.208756 -5.756406
12.813921 -7.412174
12.130798 -7.259512
11.646910 -5.955745
11.361985 -4.858727
9.782257 -3.558758
8.484303 -9.240746
8.817523 -10.493328
9.890531 -18.102770
11.688483 -16.864656
14.682303 -15.133323
14.541265 -16.847975
15.507887 -9.189105
13.012098 -4.907252
12.424383 -5.761075
11.469848 -5.751313
13.635789 -7.422950
8.488705 -4.732523
8.707258 -8.790847
2.392149 -10.748442
4.621116 -10.724664
9.056517 -11.416814
3.237390 -8.663688
0.583577 -6.089063
-3.309658 -0.433806
-4.243601 -0.798557
-3.402511 0.274699
-1.314151 4.726610
-1.223034 4.362434
-3.303961 6.962027
-7.897675 6.859293
-6.073957 6.616089
-6.867538 6.485756
-7.083663 6.331750
-7.853140 6.211149
-4.912695 5.936397
-5.258885 6.906848
-4.681128 6.095207
-7.272553 6.195400
-4.320292 8.012651
-5.359636 7.416204
-6.830576 7.599040
-5.910360 6.263900
-7.234117 6.653995
-6.463370 6.768281
-7.229072 7.043959
-6.507341 6.436501
-6.815361 6.601259
-5.144180 6.615780
-5.799596 7.676341
-4.687996 6.518718
-7.246304 6.528780
-4.160658 6.353003
-3.607682 7.559033
-4.311354 7.151871
-1.740212 4.842397
-2.616481 3.449368
-3.168324 2.131838
-3.153376 3.263296
-1.915175 1.635354
-2.735202 3.830957
-2.555971 8.751739
-3.626529 8.019463
-3.954724 5.952944
-5.208762 6.116463
-5.096390 6.007030
-7.656136 7.115611
-7.590149 7.922416
-6.910336 7.253932
-6.833029 7.270247
-7.418818 7.598468
-6.610216 7.401765
-7.567669 8.913634
-9.227540 9.023734
-10.432731 9.175902
-5.341396 8.711019
-6.876213 7.328072
-6.470413 6.054313
-6.766726 8.094947
-5.859019 5.948482
-4.735903 6.912255
-7.736854 6.449994
-7.044185 9.141480
-10.021099 8.551520
-12.132772 8.790858
-16.354504 10.578914
-14.221525 11.860897
-15.148292 2.071304
-10.908706 3.495962
-9.576963 1.687338
-8.664982 1.842372
-10.785559 1.902126
-11.339824 0.826112
-16.237057 8.874817
-13.316593 7.227846
-14.565762 8.521956
-13.276785 7.471367
-14.145748 7.636176
-9.824090 11.634454
-11.453466 9.907501
-3.595868 7.776745
-3.431761 6.174179
-1.862365 4.632187
-4.512689 6.686975
-5.608490 5.950678
-5.157510 8.478429
-1.888800 5.503457
-2.576354 4.125904
-6.357744 6.012342
-7.658591 7.786672
-9.206400 9.335687
-13.467264 5.422968
-9.796021 2.657572
-4.368994 0.788266
-7.215987 -6.335193
-3.806599 -7.192486
-7.609736 7.035912
-7.847389 6.451986
-7.797162 6.635012
-7.433827 10.722614
-9.228264 8.839900
-9.947718 9.213138
-9.993353 8.786407
-6.990211 8.372572
-3.866591 7.716969
-7.478804 7.969888
-3.469442 6.600803
-6.402016 7.757608
-7.054245 6.971286
-7.761065 6.100971
-7.970190 10.595462
-4.754140 7.345176
-7.186699 7.277134
-7.618224 7.035373
-9.392293 8.591630
-8.379530 2.686839
-9.872853 3.400500
-8.474835 1.926013
-8.883728 2.224921
-11.280529 0.429164
-10.348343 -1.868661
-11.547575 -0.120714
