18.711138 -15.880708
13.857724 -5.436856
10.803095 -1.782126
12.540504 0.041699
11.405317 2.966954
12.372671 1.408067
9.738333 1.056589
10.824903 3.508331
13.188570 2.819965
10.663528 3.677010
9.898800 -0.515520
8.165465 4.042177
9.070804 4.062906
8.961754 6.853884
10.107411 1.439509
12.476315 -1.482805
15.325920 4.218358
18.047512 5.821939
14.585588 2.134502
11.452251 3.013403
13.967038 2.227684
14.649942 3.194034
15.637381 3.218419
14.416089 0.046993
11.431972 0.890807
10.326930 2.228713
13.612616 2.798398
12.288319 -0.007592
13.681088 2.156399
13.877693 2.304896
10.413454 0.981627
12.029814 2.894579
15.116086 5.975619
15.755207 5.446218
15.582798 7.686938
14.478733 11.601751
15.766438 16.586746
