13.532097 17.544527
16.797758 9.199883
16.641329 5.583251
15.023302 4.088953
16.978611 2.922142
11.175928 0.401231
13.390238 2.943883
12.745496 2.219116
13.071166 2.707312
8.069520 0.180216
10.360406 1.949147
11.078339 2.381050
7.926775 1.992153
12.677508 3.368233
13.744756 3.532684
9.803957 2.103915
9.671176 5.635211
9.510998 4.504304
9.697655 7.292976
9.003164 1.072830
11.028385 0.744612
8.286856 2.291912
9.977057 3.322714
10.446709 3.428862
11.157169 1.557316
10.420975 -1.782483
14.818201 3.048687
13.667189 3.546821
12.041910 2.370411
11.525422 2.785079
15.541346 -3.566853
10.780190 -4.229827
7.468289 -9.818946
9.244258 -9.280721
6.744050 -8.904447
4.759809 -5.267135
6.446507 -8.888548
6.461101 -7.236101
9.843485 -5.052408
7.724337 -7.053009
7.499750 -7.772132
8.390280 -9.928806
6.939028 -11.329096
8.759765 -11.459788
7.773600 -9.756722
15.314047 -13.565177
11.587843 -13.237861
13.020535 -13.373555
10.910644 -15.212684
13.701298 -18.033539
11.031301 -13.000916
8.443653 -15.044503
8.290512 -14.559379
13.526288 -18.675287
