19.990164 -13.568784
7.653453 -13.070283
10.417534 -15.862728
12.422958 -16.813129
16.263487 -16.191761
16.101934 -10.897011
18.889893 -13.944158
14.225836 -6.856886
13.018656 -6.399820
12.028271 -6.123803
8.928228 -6.081630
10.542877 -5.638277
10.946878 -6.926758
6.772459 -9.061387
8.569279 -9.529664
8.720833 -10.614856
9.378171 -9.439553
7.682740 -11.151825
10.518950 -4.327025
10.681794 -6.121882
6.563511 -6.920439
7.562883 -7.485158
4.451505 -9.135679
7.222013 -10.187142
7.172812 -9.541699
8.485991 -11.985637
10.833551 -16.721798
10.426033 -12.992440
12.514056 -14.093179
14.812037 -13.276190
18.486971 -9.209629
13.681788 -13.448313
13.426186 -15.844089
14.850937 -14.645951
11.331123 -13.378366
14.475538 -14.026785
13.446091 -14.265265
5.280512 -12.113928
8.537626 -11.595857
6.499718 -10.769794
10.075321 -5.595171
7.488221 -1.068977
10.318269 -7.061834
12.944641 -5.469393
6.928462 -9.297939
8.937592 -9.533248
8.698877 -11.505748
6.875023 -13.908095
6.951101 -9.945825
9.851606 -5.309708
7.630195 -7.753414
11.229038 -7.544213
9.857717 -6.985253
7.865377 -7.594338
9.118990 -9.367490
8.514944 -7.617697
8.362957 -9.870169
8.093014 -10.402212
7.843290 -9.585601
9.351187 -12.068696
9.300776 -14.658078
11.771454 -14.111249
10.927603 -12.922941
13.723969 -16.387468
15.211594 -12.118653
11.961295 -15.757620
10.831617 -13.660093
4.044606 -10.810948
5.118323 -8.386045
8.558303 -3.334686
14.830035 -8.152452
15.936762 -10.755250
16.332306 -13.377738
14.471542 -11.739640
16.266693 -15.139848
7.871468 -16.100210
12.820119 -14.197961
6.556016 -11.764538
4.072917 -10.324058
9.053647 -7.046577
9.943339 -5.400320
15.524414 -1.215723
16.301241 -4.488305
10.744210 -7.334904
10.007494 -5.826664
9.124430 -5.047650
19.441662 -7.251365
17.654911 -10.135361
18.875322 -14.942877
17.229071 -8.692538
12.946203 -7.204345
13.009106 -7.023315
9.687416 -7.170024
6.327663 14.327902
