15.230181 18.593664
12.025843 10.897912
11.906277 10.014425
12.372498 8.112009
11.551247 5.216282
9.641503 5.499974
10.612528 3.539050
10.974680 4.235140
10.585071 5.213288
11.196463 5.172884
10.945137 5.298699
10.726425 4.606248
6.871053 4.271921
10.011007 3.558420
11.762356 3.501315
14.699617 6.215849
14.464735 2.855211
14.121479 0.461794
16.089245 2.563271
13.297451 4.798792
12.241757 4.140358
13.373998 5.256448
9.168426 3.665014
6.084306 1.843419
5.487857 1.622297
8.903980 3.559248
8.188352 5.108978
9.557970 3.640554
8.761866 5.161603
9.045383 2.866543
8.087493 -1.407184
7.265484 -0.370346
7.926554 0.996042
9.073807 4.395615
10.932155 4.668751
5.137496 1.142655
7.517299 2.130937
6.379715 1.694621
6.169491 1.719212
4.929673 3.288511
10.419867 4.139196
12.452145 4.486406
8.953999 3.967370
9.801554 3.635704
12.726532 3.568576
10.574961 4.060533
9.175957 4.560007
8.164316 2.153193
8.584728 -0.604040
8.363419 2.074918
7.255850 3.383797
11.112404 5.468591
8.506851 5.268373
6.878764 -0.233722
7.902523 0.362235
8.262184 -1.249407
7.598408 -0.425462
8.341425 -1.108274
7.987803 0.206323
7.285298 4.111985
6.242160 1.406602
1.727692 -1.733441
1.416091 -0.458998
1.750348 -3.312811
1.679245 -3.467031
1.404869 -3.802490
1.995385 -4.956048
3.723778 -4.105890
3.160744 -5.237236
1.485316 -5.648384
2.285124 -4.762228
3.645581 -4.363876
6.092976 -6.736258
9.239764 -6.944805
6.190193 -7.869152
5.086220 -6.268852
6.159356 -10.125369
5.148812 -8.443311
8.210772 -8.591664
7.087019 -7.405158
8.134882 -6.949937
8.056620 -7.357307
10.575995 -6.769897
12.133527 -5.372269
13.517866 -2.929262
13.612874 -4.945555
10.628466 -8.100644
7.510458 -7.021173
6.726376 -8.669403
3.859790 -8.932427
3.745156 -5.786133
3.939430 -6.926505
5.381112 -7.370733
7.581914 -7.951209
7.579214 -7.046671
9.185799 -9.838955
5.392208 -7.073123
3.278427 -5.318562
5.439762 -5.995425
5.347044 -6.259405
5.140957 -4.775566
4.323101 -5.108185
2.995809 -4.127539
1.409658 -0.702018
1.410709 -0.078743
1.780786 1.589685
1.145423 0.931917
0.523308 -0.402086
1.122643 0.098893
0.188912 1.535730
3.164431 2.095460
0.672235 1.109416
1.647192 -0.116250
1.149883 0.261601
3.965845 3.392402
4.163951 3.281949
3.775383 1.505191
6.865706 0.543820
6.872660 -1.125413
7.531458 -1.412466
6.111643 -5.035935
3.300256 -4.899337
4.343558 -6.943409
7.259493 -9.171009
8.261656 -7.424324
4.516864 -8.074081
5.454003 -4.192481
5.678876 -7.218400
3.773748 -7.215382
4.968194 -4.324444
2.420297 -4.590510
3.066204 -4.276900
3.403387 -4.253945
7.432786 2.108435
1.547882 0.545534
1.652482 -0.433252
7.160859 -0.700370
5.417290 -3.957598
4.719031 -4.458820
9.016350 -0.436661
7.587920 -0.231827
1.469409 -5.128195
2.459354 -3.976577
1.798139 -2.917786
1.314511 -0.797659
1.172653 -3.170610
1.433300 -1.148996
3.366231 1.413119
4.644121 1.764230
6.086887 1.429663
7.260488 2.175888
7.517809 -0.708471
8.824643 -0.328270
8.424331 0.273023
8.995656 0.830285
8.754642 2.038564
8.285224 5.193651
12.290829 5.032444
8.133017 3.860588
11.577858 3.786739
9.157034 5.278665
6.606710 1.901887
8.932035 2.784888
6.694660 2.954233
9.993203 4.832931
11.415571 4.500557
10.557859 4.558023
8.743793 4.381698
6.265368 5.172925
4.590385 4.438912
8.450087 2.153444
8.141069 1.704370
8.922569 1.393978
8.050834 0.943238
8.240032 2.422002
8.921749 0.410333
6.967609 1.038982
7.593144 1.449521
8.476635 -0.006991
8.761433 2.223822
8.754223 4.375891
7.176539 2.259926
8.159895 4.384523
9.581631 4.572208
10.671139 4.298755
14.988297 3.619448
13.857658 5.044089
14.955059 2.250087
15.414643 1.938934
16.665398 -0.881166
17.050371 -8.801085
19.307533 -14.500669
