-17.213629 -9.085518
-12.914114 -8.163336
-6.415068 -9.413144
-6.984695 -7.674320
-5.345595 -7.546824
-6.317798 -7.580363
-6.561661 -6.505870
5.353873 5.468301
6.831744 5.273033
9.231548 5.447040
8.059127 5.066804
8.609708 3.765035
8.972015 3.781401
8.373543 3.007361
5.334325 3.671902
5.222879 6.156441
4.894250 7.980586
6.055674 6.682121
7.106915 3.734546
8.921392 4.955527
8.249695 3.102584
9.454578 4.947142
9.442001 4.276886
11.152364 4.405222
8.611011 5.116794
8.539253 2.462920
6.140084 1.315624
7.418667 1.889432
9.015394 5.206321
5.875541 3.535882
2.538193 7.230022
5.328160 9.298011
4.418853 8.445885
6.013615 13.663299
8.293188 12.029700
7.109975 10.967611
5.618974 3.588202
8.296883 0.410881
8.268386 -0.097397
7.702532 4.490434
5.639496 4.235408
6.524259 5.680007
6.147399 2.027594
5.767724 2.715924
14.631492 6.981064
11.759645 10.052034
