10.816181 -10.479005
13.146997 -7.340842
12.609438 -3.691527
14.262012 -8.660249
11.772776 -6.286796
13.219976 -5.884121
9.660845 -8.263684
10.502007 -9.325810
6.438348 -6.865341
5.639965 -5.562367
5.578399 -5.647629
4.128716 -7.023813
3.399080 -6.968460
4.888379 -8.056889
6.039070 -6.401200
5.466491 -4.326856
2.426407 -8.574183
4.597016 -6.932713
6.016658 -4.405159
-0.563402 -4.258588
0.451427 -1.467916
1.146256 -1.769972
1.670576 -1.522569
1.426633 -0.158085
1.660155 1.419990
2.549015 1.120352
4.575328 1.365403
6.612811 1.160546
8.342163 1.012557
7.140442 0.495283
7.828798 1.782343
6.745601 1.478334
5.248291 1.541044
4.241670 1.592826
4.322997 1.841196
8.404773 1.058711
8.065289 0.208493
5.402708 2.166544
11.830738 5.594579
16.255934 14.302588
