19.831190 2.140872
15.751244 0.056290
15.937829 0.348806
14.418792 2.963380
14.612535 7.045938
10.026411 4.653329
9.193991 4.692477
7.938965 1.138533
9.075717 1.984350
9.104498 3.351548
11.237934 5.437022
11.072893 5.004969
9.490304 3.881053
12.120268 4.700568
11.544894 3.794787
12.469637 4.943687
12.266247 4.786905
12.845951 8.106141
13.087788 4.282684
10.734053 5.527905
10.564192 3.555990
10.046413 3.902741
7.964790 3.424610
7.553424 3.668254
8.611050 3.774674
9.555336 4.571183
11.432247 4.312666
13.185400 3.792355
18.123142 4.245828
15.376862 2.436122
14.179506 0.187444
14.156197 -0.917675
15.840275 -0.114284
15.603480 2.476468
15.050858 3.881463
10.943197 4.434906
8.579392 3.363760
10.500438 5.161039
9.029923 4.040246
11.604792 5.794099
12.603693 6.934470
15.371842 14.896135
11.727631 7.120921
15.711362 0.837806
17.038095 -1.568374
16.210106 -0.328190
17.818005 2.147445
14.958926 -3.574933
14.281068 -0.929710
7.062188 3.845513
8.924339 3.570345
8.968519 0.859016
8.911936 0.366232
9.224250 4.014224
7.636600 2.971960
10.430725 4.803830
11.583452 6.013259
8.418451 2.479599
8.046695 4.351899
8.746878 5.429792
10.966995 3.839024
8.519519 4.035600
7.694428 5.281818
8.260294 0.701074
8.044750 1.217275
5.190550 2.822234
6.334434 1.595752
5.648674 -5.673396
5.157158 -8.127828
6.850029 -8.835251
5.636518 -4.788665
4.330585 -5.056912
2.762221 -3.952568
3.573716 -4.345132
6.167274 -5.938063
0.742622 -7.001638
6.011659 -4.967945
6.837214 -0.815729
6.827964 1.416028
7.410486 1.078046
5.537326 1.116586
5.942963 2.292061
5.756857 1.497546
5.911066 1.217301
4.654941 1.059894
5.262332 2.135061
6.569574 2.066551
7.143236 0.185683
8.133089 0.460022
8.247776 -0.723274
7.149815 -0.338646
8.125698 -0.126498
7.386585 -1.126090
8.535307 -6.797257
2.383417 -6.482145
3.112287 -5.099948
9.702436 -10.122067
9.122177 -7.523660
12.249866 -7.091523
12.450479 -3.846218
12.826558 -5.368017
12.321753 -1.607901
9.393536 -8.701711
12.449161 -9.115468
10.393945 -7.422428
10.035210 -6.673565
10.157995 -7.177651
9.862837 -8.142838
9.889475 -10.851450
11.771919 -8.769200
10.956076 -11.957522
5.314409 -6.012385
3.170172 -5.974355
5.974807 -5.924495
5.915977 -5.666322
6.678059 -8.111534
11.226985 -7.446733
12.099226 -4.204840
13.437991 -4.937754
13.084057 -2.282398
17.020935 -2.616000
12.791626 -2.410504
12.944005 -1.832595
12.182793 -1.828962
12.730604 -3.201642
17.236847 1.103278
14.829321 -0.232723
14.213801 0.568121
14.399879 4.982040
8.759991 4.592549
5.895886 3.669871
11.744706 5.271530
10.906300 5.070852
8.667399 3.343806
6.955662 4.601501
7.188659 3.270678
4.864785 3.270754
7.785549 2.398294
1.292982 1.292279
1.478381 -0.239341
0.658497 -0.775569
1.163431 0.293952
1.238517 0.441971
1.587984 -2.198946
0.123313 -2.983304
1.102238 -0.099609
1.573952 -1.773315
4.090345 -4.028367
3.910419 -6.414625
3.771673 -4.278938
4.157884 -6.425567
1.805735 -4.201465
2.344313 -4.133745
1.044402 -3.702966
2.931141 -4.531559
4.107515 -4.134531
4.559630 -4.893808
6.261859 -4.513903
6.438161 -6.684173
9.184348 -8.831057
10.889996 -9.028260
10.515005 -8.500693
10.205399 -9.511279
10.721838 -8.322957
5.785943 -8.729774
7.877371 -7.116883
7.587377 -7.279794
8.138653 -8.469384
8.843021 -6.699197
8.570201 0.576910
6.831019 1.979208
8.947773 -1.532577
8.978439 0.225046
7.394952 1.169392
8.834169 -0.678859
8.296667 -1.472447
8.292361 -0.717525
8.423185 -1.388807
8.642899 0.087284
8.271349 0.464905
7.125521 1.287538
7.047784 -0.368559
6.931747 -0.327030
7.050197 -1.170066
6.834334 -1.370089
8.305241 -1.069695
8.139248 0.237429
8.245544 0.281421
8.852082 0.284457
8.866474 -1.091712
0.884024 -1.311833
1.566264 -0.564705
7.312688 -7.287590
9.883471 -6.988723
2.816718 -8.574038
7.950401 -9.179056
7.839480 -9.787760
13.912490 -3.444831
11.187731 -7.967005
11.439840 -7.067918
5.933231 -5.833911
4.662602 -6.939405
6.042152 -5.501479
7.379455 0.479109
9.011569 2.023229
12.233532 -9.284347
12.931580 -6.086094
11.783415 -3.801780
10.662834 -1.609545
8.097404 0.262040
7.333900 0.264604
7.477693 -0.760562
11.965101 -6.773079
13.583220 -11.839166
6.226013 -8.974516
10.139835 -6.663430
8.442986 -6.924767
6.343297 -7.754605
5.906460 -6.211073
5.749070 -6.253030
8.829314 -9.029069
7.632875 -8.838626
7.741366 -8.258918
5.836455 -4.374761
7.479475 0.884627
7.370822 2.915246
8.307722 2.629989
7.313921 2.526765
8.276289 1.834094
7.618055 0.322784
7.802322 -1.273150
7.299020 -0.523538
8.428843 -1.002588
8.295910 2.324739
9.097559 2.517339
7.572597 -0.308878
1.767981 -1.640392
-0.338415 -2.684163
1.235626 -3.846314
3.163127 -4.531245
4.399589 -4.870413
4.603000 -5.056086
4.877703 -4.083883
6.834648 -8.362502
6.217184 -6.547175
6.438083 -5.057170
5.850885 -3.948389
6.135450 -8.252249
7.026867 -7.271628
8.701291 -11.035903
9.545088 -8.042693
8.901937 -7.201328
7.881443 -8.210489
8.746605 -7.446029
4.902280 -7.209951
5.346005 -7.733459
4.921233 -5.407156
5.364354 -4.184880
4.499965 -6.507126
4.208299 -4.807835
2.603462 -4.878242
4.572204 -7.239104
4.256439 -4.983642
2.927065 -5.376937
4.614762 -4.760443
4.343726 -4.289145
3.476365 -5.276016
4.180613 -5.381980
7.883997 -7.746715
3.787800 -5.862682
6.260572 -7.507818
5.546743 -5.868218
5.521564 -4.111303
3.597190 1.395688
2.865593 1.485013
7.298928 -1.184082
8.542146 -1.192463
7.912172 0.951740
8.651701 -1.419602
8.515842 -1.332164
7.547288 -1.180722
7.350717 0.874803
7.775038 0.439887
4.903105 2.955283
5.140205 1.606190
2.862321 1.415142
2.263147 1.928379
-0.592489 -0.287509
1.653118 0.120983
1.502568 0.920723
3.113533 2.370184
3.399768 1.118575
4.211740 1.692395
-0.832146 0.433316
0.734280 -0.209219
1.027491 -0.471835
0.497775 -1.971867
1.256487 0.924913
3.544239 1.905885
5.163356 1.462900
6.727132 4.563635
7.275212 0.632410
6.341941 2.979090
4.524942 1.499968
4.977789 2.642490
4.881694 2.056260
6.459726 2.092048
6.696302 1.949267
5.662090 1.828169
3.223148 1.522396
2.859421 1.945171
4.808561 2.376574
7.508359 2.086332
6.676658 1.482124
7.492758 2.748853
10.160112 3.945957
10.903665 3.634674
11.116802 5.092872
10.525204 4.323099
8.884948 1.717711
16.578930 1.792031
14.545576 2.570679
12.312429 -2.409359
8.478630 0.229297
8.927681 1.653031
8.010697 1.288452
12.298273 4.446909
6.297340 1.715806
7.543429 0.305837
6.972072 -0.142554
6.836744 -0.914268
4.853279 1.101396
7.447511 2.283481
6.375488 2.100029
1.709301 -0.043881
1.759020 -0.524114
1.497668 -3.157711
1.754544 -1.883398
1.623988 -2.763245
4.859716 1.365781
5.018225 2.135092
3.922742 1.966916
2.982095 2.162731
0.912735 -0.885010
1.648867 -2.647664
1.359387 -3.080935
3.416277 -6.442233
4.281157 -4.839254
3.926317 -5.393775
4.047814 -6.957662
6.381939 -4.387717
5.326206 -5.433549
6.393491 -6.669856
4.581505 -4.855704
3.499372 -5.188853
1.570607 -0.264448
1.505098 0.291798
0.990542 -0.310151
1.425241 -1.253314
2.684431 1.560388
4.742946 1.098049
6.028940 1.166826
5.279674 1.233244
1.383068 -1.317329
0.697536 -4.086719
0.695597 -4.993750
2.751520 -6.402131
1.000301 -5.869582
1.142347 -2.002209
1.622351 -2.652972
0.379687 -2.111968
1.430137 -1.955933
-0.055908 -3.264728
0.054726 -1.645401
1.099840 -1.630484
-0.262305 -2.120301
1.601961 -1.461961
0.515337 -0.981746
-0.000232 -1.907198
0.272820 -2.080361
1.726498 -1.499908
-0.068238 0.428027
1.350994 0.582775
0.261464 0.974161
2.547529 1.169032
4.761962 1.298603
2.860389 1.736255
3.240038 1.518956
3.987306 1.208940
4.957320 1.797235
5.127593 1.228366
7.136262 1.503398
8.105192 1.791112
8.450470 3.678708
6.830842 -0.307548
7.010311 0.128161
8.649402 0.933766
6.404424 1.686019
7.376676 1.279861
6.862578 1.117847
8.139324 -0.107236
5.361243 2.463038
4.927204 2.844144
5.919362 2.750959
4.547965 5.401509
