10.662110 16.544268
13.068644 4.509987
10.969790 5.058052
8.044926 2.649379
6.868833 0.739605
8.890965 0.874540
8.718643 -0.866948
7.700801 1.784996
8.206930 0.658019
7.290586 0.790396
6.219465 2.166641
3.787910 1.432492
3.678778 1.729850
3.068555 1.071726
3.499375 1.184112
1.052231 1.292575
2.318977 1.655499
0.903426 0.078772
1.677902 -1.600231
1.597559 -0.603594
1.639110 -0.636179
0.840657 -0.803108
0.308990 -7.268249
2.721549 -5.570972
3.745650 -4.922346
2.735429 -4.512986
5.882361 -5.987595
4.649530 -7.608428
3.897027 -7.795405
3.852140 -7.187378
6.267604 -6.904412
11.004400 -9.863389
6.361094 -11.789342
7.732671 -9.793738
7.807516 -7.277128
8.511089 -7.730250
6.684485 -6.875400
5.169819 -7.938518
6.462746 -7.215327
7.890520 -7.256897
6.441278 -8.416941
5.699995 -6.319783
3.688550 -5.231438
0.601255 -4.314449
1.147718 -1.226613
1.416699 -4.214742
0.603770 -8.269169
9.291130 -8.316872
14.172254 -10.012543
11.769538 -5.276883
12.011749 -2.326606
15.197578 -1.823273
14.506993 -2.620899
2.781242 -4.548105
4.769151 -4.017927
6.957551 1.701706
8.699310 1.565586
11.007751 5.642731
10.939170 3.641453
12.615419 6.556359
13.756092 4.630258
12.156403 6.062217
12.554706 4.811547
10.827715 3.671971
11.735050 6.181658
12.689732 4.668840
14.555799 4.872655
11.985588 5.302468
11.469046 3.885689
13.007855 5.187549
14.075411 3.699234
14.843468 1.362188
16.072659 2.756769
15.814283 -1.156058
15.516370 1.346616
17.806564 4.956714
13.709692 3.634168
10.208668 3.783600
8.154051 4.466252
7.845844 1.235423
7.079101 1.444247
8.455644 -0.515681
12.574857 -3.820335
14.702364 -2.710791
13.241871 4.196337
10.734398 4.112329
16.334579 8.031716
12.787628 8.126549
12.000934 4.306077
13.347336 4.222009
10.208086 4.670572
11.495541 5.100983
11.689096 4.008605
8.387517 -0.127796
7.841386 -0.816247
16.938671 3.557048
15.685288 1.344855
12.253588 4.897119
10.671021 4.174095
10.276905 3.511046
9.091737 3.141497
8.897465 0.868979
6.908111 3.516200
11.059723 3.927649
11.113882 4.223186
6.773459 1.830336
8.632481 2.263578
7.051874 1.865362
8.775544 2.338865
8.217028 2.570330
6.886636 -1.064937
7.810695 2.678161
8.551983 2.594346
7.695263 2.200680
7.533020 -0.869222
8.593951 -1.325518
5.118651 -5.879447
4.306091 -6.724271
10.107752 -7.626091
11.015831 -11.367925
8.139383 -7.281572
6.752494 -8.326350
11.468624 -7.027514
12.340891 -4.897361
9.888573 -7.799894
10.087525 -8.314168
10.559576 -8.092743
9.499692 5.406536
10.471842 4.298277
9.104387 4.988166
7.876360 1.530229
8.436094 1.011941
8.296844 1.825508
7.701294 0.627397
7.372110 0.657464
8.881809 1.274774
16.692076 -3.154164
14.828207 -1.737183
11.295973 3.849816
9.729866 3.611141
6.867511 -1.510514
1.251249 -4.242588
1.327805 -1.430531
3.846733 1.085209
4.650551 -4.350153
4.155962 -4.030653
6.943271 -0.825260
8.460054 1.215267
8.467537 -0.099482
8.252857 2.414915
8.004533 2.419559
7.777478 -0.486137
8.823645 -1.089902
8.239957 -0.325521
11.993273 -2.102459
12.636712 -5.435313
7.339124 -0.973467
8.447219 -0.850683
8.924955 -0.128979
8.880924 -1.397078
16.405733 2.286141
11.785538 4.840232
10.413745 3.673543
13.314787 -4.402572
6.959350 -0.328093
2.422349 -5.855755
8.494431 -8.640840
10.919468 -8.471530
8.543587 -8.064209
4.108211 -5.036548
5.265894 -5.262588
5.765975 -4.018937
11.754976 -5.851876
12.343067 -2.465691
14.006662 -4.928798
15.412292 1.730751
15.770266 3.324801
10.751608 3.962274
12.163256 4.993751
10.782715 5.514578
7.131351 3.773209
9.007821 0.960088
7.805042 0.536991
8.636183 1.455699
7.075812 -0.609616
7.518259 -1.560645
8.939027 -0.618461
7.294583 4.949077
9.034153 3.511254
8.613783 2.671216
7.888103 2.669973
8.553535 -1.580442
8.625071 0.749849
8.710254 1.678808
8.501211 1.349197
7.354383 1.020427
8.543446 0.727704
7.069363 1.171077
4.689095 1.097317
4.676080 1.175705
3.601708 1.236484
4.742402 1.454916
7.448519 1.746800
7.211833 0.149228
6.890732 -1.534615
8.166990 -1.591373
7.272794 -0.230176
1.572922 -0.650558
0.925993 1.152707
0.715219 0.620036
1.178375 -0.801271
1.549924 -1.418102
-0.066710 -2.529580
0.463612 -2.444835
0.523941 -0.167846
7.027516 0.160414
7.655307 0.337658
7.979070 -1.071429
6.898694 1.031120
8.257168 2.479867
6.621236 1.073850
5.976506 1.463207
4.050775 1.850274
2.794110 2.007612
1.665193 -1.047137
1.343492 0.476175
1.812909 0.986720
-0.756221 0.639961
0.350292 1.057015
2.615863 1.211985
1.421458 1.639132
2.482171 1.852000
1.583407 0.418677
0.667567 -2.431025
0.660143 -3.959725
0.586086 -4.811099
4.162160 -4.431207
4.882509 -4.226933
4.447644 -4.395621
4.790337 -4.340289
5.539777 -4.197170
4.856528 -4.872928
0.504696 -1.679214
1.762943 -1.900997
2.658398 1.344222
2.661746 1.108071
2.005410 1.834339
2.647881 1.096577
1.666529 -1.737040
1.565117 -0.266907
1.512293 0.665784
2.193953 2.110245
1.125987 1.166311
1.194197 1.057431
1.077070 -2.705501
6.929429 3.326539
7.415015 3.327728
7.301498 1.384377
4.073046 1.549852
4.761937 1.949432
6.052339 2.256611
5.500532 2.016629
4.218111 1.291467
1.554659 0.649747
0.694156 1.093361
1.812471 -1.805174
1.244163 -1.468744
1.492254 -1.784174
1.080212 -0.794862
1.075379 -3.678053
0.976820 -2.983057
1.102910 -2.033045
1.735485 -1.792061
1.667130 -3.075403
1.670615 -7.394258
2.824315 -7.173893
2.412933 -6.131030
4.408545 -4.365872
4.438859 -4.667045
4.603423 -4.096446
3.988260 -6.126407
1.409594 -3.644142
5.791471 1.124193
7.728223 2.350046
7.341007 -0.718962
6.227623 1.312658
9.807077 4.018384
6.369096 1.670610
7.253988 2.971878
5.397331 1.175328
7.887610 2.458593
8.202035 0.496275
7.793523 -0.976804
8.920399 0.514415
7.396350 0.860120
7.027458 1.956428
8.116067 -1.313162
8.124453 0.686000
7.036075 -0.452991
12.779075 -3.884851
7.368964 -1.445124
8.189464 -1.599908
8.967487 -1.234312
11.519595 -3.379472
13.515176 -5.551211
14.479309 -4.245751
14.970657 -9.557296
8.124676 -9.261284
11.656296 -6.950323
13.125089 -4.060535
13.661764 -9.120579
15.703459 -14.307673
