0.244174 5.116595
3.077055 4.517313
5.088886 2.324324
6.414462 4.618889
8.642267 0.024039
7.691550 0.791096
8.615168 0.583343
8.701623 4.187613
9.436438 5.519740
9.204027 3.918790
10.766164 4.184052
12.683159 5.564787
17.327051 1.754035
17.875786 -1.899066
16.949619 -1.505691
14.259655 -0.781737
16.427198 0.859899
14.245674 -1.018971
7.808770 1.267829
7.255572 2.258249
8.690194 1.167707
7.739753 0.598930
8.752981 1.811764
3.823065 2.050392
3.406099 1.483752
4.049226 1.182273
5.460285 1.648156
4.401312 1.512652
4.788636 -4.567068
5.539251 -4.881863
6.424769 -5.917259
5.995984 -5.116710
3.911236 1.798928
4.209529 1.795975
12.478888 -5.590501
13.318624 -2.655087
12.135489 -1.892758
12.156458 -2.017045
6.446754 -8.557818
7.366772 -8.904857
9.205590 -6.766308
10.101606 -7.782369
5.606842 -6.400314
7.599336 -7.441003
5.592110 -7.761675
6.214898 -4.690203
4.897207 -7.394150
5.871568 -6.837125
1.601360 -1.507275
1.502380 -2.668200
1.424763 -2.101208
2.656430 2.082078
3.952870 1.701476
4.009488 1.618084
4.443043 1.546430
7.052582 1.336240
9.009729 0.054369
7.306829 2.967324
8.275297 -1.426406
7.325768 -7.721586
4.468162 -4.620172
5.213168 -6.312908
7.581695 -8.092415
9.097874 -7.204782
13.610283 -7.630663
13.044895 -3.833663
12.042490 -7.362219
13.189521 -4.280442
13.136007 -8.541957
11.779274 -8.742486
13.796183 -8.295629
5.180938 -7.477550
5.840196 -4.288681
5.751945 -4.866301
2.455105 -5.664851
7.455438 -7.338342
6.879268 -8.349815
7.387960 -8.887475
8.603190 -9.048607
11.039515 -10.627469
9.359185 -9.253312
5.896806 -8.584161
9.489335 -6.677834
5.681292 -8.496578
5.198691 -5.825903
4.788177 -6.700794
8.339082 -7.258887
10.747812 -7.237995
9.117436 -8.403047
8.004184 -7.728606
11.162501 -7.188406
13.781347 -3.181782
12.585656 -1.869365
12.019884 -2.740260
12.359524 -7.406347
13.210350 -4.630407
8.064677 -6.828785
9.620632 -6.906217
9.466469 -12.069764
8.207934 -8.868279
7.396689 -8.723062
8.957310 -7.518246
6.418061 -9.549680
8.880414 -7.533278
9.155622 -9.482080
10.669337 -11.067367
9.972631 -6.758448
11.450770 -3.663373
11.731232 -2.748106
12.269032 -6.155361
10.791633 -9.919845
4.541773 -5.980310
5.483403 -5.564251
5.634614 -4.213999
3.431339 -4.255848
4.872436 -4.666453
4.454184 -4.062752
3.506916 -6.039738
4.552821 -5.553865
-0.287602 -1.503698
-1.021446 -3.841947
0.665115 -1.595936
1.284497 -1.121640
3.628247 -4.509185
3.793211 -9.774570
5.015252 -8.913918
7.833838 -7.004705
10.698340 -7.620427
10.196935 -6.691999
10.638558 -10.137315
11.363888 -8.188291
11.560072 -10.147128
4.891436 -5.953840
6.879066 -1.621551
7.488501 -0.337955
7.039427 -0.817284
3.360471 1.411350
4.356352 1.903294
3.882070 1.559214
1.490122 0.171968
0.479724 -0.934406
0.692442 0.310382
2.218050 1.092462
3.348018 1.929039
4.974680 1.202869
5.232161 1.334162
7.417130 0.962156
7.590614 2.682787
4.303323 1.085135
6.069285 1.699201
1.824989 -5.376305
1.480518 -3.421448
1.437828 -1.476173
1.588824 0.493490
2.832067 1.482362
4.453047 1.687038
0.873152 -0.108193
0.209365 -0.870476
1.221563 -0.006747
0.934612 0.620311
1.688357 -1.967299
1.368960 -1.085499
1.603613 -0.544589
0.727721 -0.373526
0.419200 -1.855579
0.822496 -2.197836
1.073394 -2.201841
0.890598 -3.627860
0.837243 -2.677490
0.705413 -3.779335
1.259996 -3.180330
1.469890 -1.962041
1.801775 -3.042094
0.719339 -3.643188
2.139775 -4.297236
7.504873 -0.650574
7.427056 0.721524
8.790264 -1.198418
8.656893 -0.846602
7.360354 -0.094441
8.114481 -1.422269
5.941275 1.873663
6.052588 1.905207
3.297227 1.483486
4.210106 1.195496
1.915468 -4.542667
3.320644 -5.601123
2.927279 -5.118706
5.796360 -4.599159
4.130682 -5.040055
11.810431 -1.887493
13.498367 -4.390181
11.550436 -4.176888
12.691538 -7.535478
7.325202 -9.147168
6.427378 -7.248767
6.429518 -5.076935
6.425163 -4.173653
5.807497 -5.498593
3.153607 -4.195141
3.936062 -7.309383
5.870884 -7.021338
5.206399 -5.670268
5.523094 -4.659552
5.525650 -4.024461
7.227599 -8.315482
8.795599 -9.770165
9.533600 -8.148615
5.881242 -8.137451
5.797912 -5.517105
3.971740 -4.318100
4.000385 1.332587
1.353247 0.680349
-0.637716 2.011500
0.943142 0.215809
1.061028 0.572859
1.017722 -1.594712
1.508633 -2.715530
1.474251 -0.464177
5.275533 2.237833
8.836244 3.598546
6.968760 -1.611968
8.085687 -0.297757
1.473189 -0.838875
3.923662 1.184797
5.780880 1.092800
-0.353569 -0.605163
1.623188 0.812073
5.277553 1.878067
3.522726 1.102279
6.681984 1.574411
6.080677 2.164155
4.083775 2.002552
4.438194 1.858386
4.568147 1.360500
5.690494 1.330221
5.859540 1.694201
5.019624 1.864384
1.830166 1.211344
4.934444 1.710293
5.868987 1.545426
7.396320 1.074985
7.558903 -0.252211
7.893484 0.463700
7.370817 0.968613
5.216114 1.408997
4.048880 1.289239
7.576232 1.758661
8.662405 1.798962
7.090979 0.303793
7.468809 -0.482484
7.406631 -0.746465
7.075860 1.914457
6.731150 1.551679
8.518519 1.811717
8.525711 0.731988
5.288784 1.728938
4.774838 2.744919
4.466940 1.091783
0.814576 1.584081
2.436746 1.193028
3.514324 2.432540
5.381792 1.933578
6.982913 -0.046084
8.030679 -0.725529
5.328133 -4.794091
4.362967 -5.145043
4.768482 -5.130397
3.747905 -4.907690
4.485299 -5.104202
5.260067 -5.665925
6.148339 -5.759662
4.919673 -6.196588
8.149282 -8.833080
7.859930 -7.257499
2.320559 -7.734007
8.450014 -7.458402
7.602539 -7.884771
4.681890 -7.851028
4.236418 -7.409374
6.747745 -8.099394
7.789565 -11.239451
9.468342 -7.264929
8.300700 -6.673098
9.476330 -9.063115
15.469389 -4.180633
12.655365 -2.976766
12.818268 -8.578830
10.039790 -10.084701
9.402161 -9.088623
4.307591 -6.360292
6.708336 -8.767692
7.125853 -9.674748
9.555356 -7.804875
10.736217 -6.705912
9.994345 -8.110585
13.278556 -6.024282
12.755550 -5.323350
14.173532 -0.947847
12.426405 4.960087
13.906239 4.102716
8.635788 0.530635
8.096942 1.571652
12.406842 3.580373
8.806591 1.518438
12.135265 -4.291198
12.446612 -4.670100
11.577677 -3.341358
8.327963 -1.307044
8.947413 -1.327351
7.981841 -1.635346
7.791689 -1.039757
8.095671 0.248986
8.398154 3.293492
8.399764 0.372889
8.327521 1.008886
7.404325 -0.289821
8.403635 -1.296715
8.108880 -0.804701
7.082007 -0.048699
6.868931 -0.903435
7.629088 -1.544615
8.212230 1.498120
9.090485 0.293649
8.509852 0.687203
6.774202 1.498250
7.334223 -0.751088
8.923106 -0.328235
7.160304 -0.295931
8.764665 1.922413
12.295306 4.736517
8.885482 3.960013
8.084808 1.554725
8.762454 -0.060140
7.675275 1.694360
12.241007 4.178772
15.294899 3.623720
14.329107 -0.292301
10.950346 -1.644439
10.377682 -1.589183
6.834349 1.740931
8.795089 1.281259
9.067926 1.380784
9.068178 1.442267
7.641817 2.839485
7.194291 2.210728
7.781610 1.111669
7.884474 2.700078
7.018946 3.064484
14.378011 -0.626129
7.812953 -0.780097
7.762179 0.452431
6.947101 0.372055
7.069350 -0.672241
8.876513 0.099058
8.450993 4.276758
8.915283 3.114609
11.037986 4.016873
11.355886 4.593145
9.893198 3.976426
12.879026 3.463496
10.900020 3.945944
13.524292 4.475814
8.704268 4.728093
7.819564 1.551994
6.605522 2.636940
9.063771 0.547755
8.460222 1.330256
8.530832 0.297287
9.052642 0.071157
11.868984 -2.340493
14.951048 -2.957205
12.505618 -3.366807
11.835361 -7.480779
9.652850 -8.022984
8.281802 -9.500010
5.456303 -6.006654
4.971105 -6.101445
5.007598 -4.180822
3.413553 -5.932567
6.224239 -7.483874
8.837944 -6.778263
9.076300 -8.308484
9.555741 -10.276326
8.862518 -8.352019
16.507244 -7.408461
12.047700 -4.423700
14.259415 -3.301342
16.707134 -4.645410
15.572621 1.002972
15.501852 0.674993
14.646338 -4.858579
10.843479 -13.072554
7.828844 -8.336497
10.920747 -7.709488
7.393593 -6.707639
10.636662 -7.806086
7.873124 -6.980216
5.876446 -7.884340
5.252402 -5.107412
4.691144 -4.576910
4.511726 -4.540465
1.368607 -3.132670
0.774189 -1.411165
1.611653 -3.034318
1.032217 -1.671933
1.031499 -1.614183
1.782886 -2.268430
0.529101 -5.384116
7.517347 -1.570236
8.331142 2.403865
8.119957 0.784444
9.027493 0.908975
7.657934 0.977700
8.683640 1.480486
8.997988 1.288992
7.111509 2.468640
6.401347 1.194206
8.364245 0.890207
8.658057 0.690911
8.583338 -0.865267
7.811320 -0.871243
7.126786 1.308107
5.417308 1.070138
4.017725 3.204294
7.975432 2.952690
7.476878 -0.695559
7.052615 -0.440258
1.391349 -4.616269
0.436563 -5.099814
3.211549 -4.282602
14.017431 -1.872929
12.674284 -1.850895
14.500259 4.350588
15.179663 2.556372
15.381174 5.452385
15.945848 3.542679
10.975489 3.916376
13.227949 5.839137
8.662193 1.386726
14.376991 3.790128
10.431362 3.448008
9.988804 5.100132
12.853510 -2.883069
11.468447 -2.968133
16.386734 -3.676090
11.701538 3.836092
12.397052 4.767432
16.515724 -0.993773
14.303107 0.729224
12.050131 -2.807559
12.345687 -2.400755
13.571766 -1.758894
14.475133 2.995780
8.467777 2.865065
8.164280 2.465978
9.084133 4.640627
8.103219 1.935283
8.850630 3.594724
10.700159 4.606744
10.364346 3.889000
10.484142 4.094750
7.753301 2.446511
9.885793 4.206525
8.002975 -1.052665
6.845468 -0.299714
8.007396 5.084598
7.971397 4.085843
9.559269 4.905727
8.765775 1.276797
8.758282 1.168551
7.204753 0.421927
8.209476 -1.043334
7.743032 -1.168019
6.876184 -1.525670
3.934209 1.539583
6.026272 1.435780
2.823746 -5.231375
5.182379 -10.498921
5.733368 -9.155341
6.063074 -8.443051
5.510279 -7.227420
6.687615 -8.357400
5.122582 -7.794150
5.218219 -6.301410
12.018651 -3.451697
11.946032 -3.758743
8.904789 0.535817
5.434945 -6.819703
4.824516 -7.805367
3.503618 -8.946273
3.534307 -7.284156
3.190520 -7.144529
5.585514 -4.669958
9.097633 2.637832
6.967650 1.971069
8.468552 -0.096198
8.408339 1.071979
8.590351 2.593431
8.721825 1.964933
7.430634 1.117032
12.953142 -1.731878
13.045640 -3.728868
9.832335 -7.493649
11.932507 -7.576520
9.202659 -8.162649
4.739215 -8.228320
9.450362 -8.686896
8.622203 -6.968008
8.963058 -8.267619
11.696306 -4.296293
8.864039 3.467067
7.719751 1.099317
8.196321 0.276189
8.202126 0.174953
9.050541 -1.296937
6.878311 -0.666707
8.743176 0.885879
8.040952 -0.351906
9.015429 1.167623
5.845881 1.354989
10.591760 5.236856
11.656050 4.826624
11.496957 -2.886336
12.371572 -3.281552
12.889805 -2.522468
11.563887 -2.463469
12.547752 -2.188368
13.192178 -4.827510
14.618698 -3.679738
12.239764 -6.934981
11.765696 -1.677027
8.806062 1.553059
8.794468 1.857070
8.752916 0.034861
8.985971 1.840375
6.943410 1.992982
8.918722 -0.499392
13.825281 6.985352
16.335476 5.515825
16.212646 5.546938
12.455528 3.493790
14.581865 8.903602
11.887463 5.617512
10.516712 3.762267
10.120863 4.265041
13.519718 4.603234
13.294359 3.959390
14.128418 4.452270
14.407340 2.475453
12.727530 -3.682969
12.211802 -7.360866
7.375355 -7.965850
6.899879 -7.464826
7.279832 -9.314739
10.094008 -8.110888
8.481581 -7.701630
12.690877 -3.796759
15.032577 -1.704359
14.478405 1.857747
14.802395 3.536373
11.883298 -1.736855
13.042270 -3.229360
19.292896 0.791299
13.110246 -2.813776
11.558060 -2.487695
13.502856 -3.498600
11.723320 -2.488064
12.750524 -2.058156
18.135000 -4.131960
