2.984109 -10.665348
4.054652 -8.201413
3.239917 -8.158594
7.579573 -8.056278
9.883098 -7.717970
9.269110 -9.106619
9.063418 -7.672094
11.653479 -8.070021
12.607587 -3.088144
11.542749 -2.216611
12.911327 -3.238073
16.933062 -1.875429
16.639690 0.738507
16.950378 0.225696
12.413562 -3.079376
11.508991 -1.736310
12.353121 -2.357344
12.719135 -4.122768
16.770639 -5.479300
14.457827 1.072190
11.946182 4.060627
8.899074 -1.306952
8.423470 0.893830
9.032425 0.149091
12.054526 -1.762235
8.520508 -9.173936
9.119659 -9.936635
6.719466 -7.843031
11.075378 -7.340808
9.272592 -7.258439
9.871385 -9.583333
4.106059 -10.423021
4.879733 -7.900457
7.338494 -7.348616
8.235169 -7.693520
6.485378 -7.029140
6.111904 -5.748609
11.621801 -2.188091
9.585257 4.786970
8.706541 5.327425
9.306945 3.620800
9.819642 3.444508
8.133446 4.365886
8.793587 2.239152
8.683703 1.117814
11.814781 5.275749
9.461368 4.503014
11.954113 3.798054
10.202661 4.365388
11.187943 5.179265
11.513983 5.526314
10.293036 4.581081
9.863800 4.832629
8.155274 1.947136
8.632704 4.191375
10.687380 4.507290
11.021435 5.464488
11.033857 4.495018
13.621147 5.825994
11.750099 6.571415
10.829399 5.569302
9.808898 4.860818
5.540254 5.587145
8.082288 5.405105
10.699211 3.601285
8.438360 3.946350
6.131373 2.172512
4.481741 1.833706
3.477479 2.384949
8.338979 0.482706
8.764906 1.992561
6.676163 2.052170
4.273394 1.214269
3.228663 1.568720
5.033119 1.902750
6.250983 1.488557
5.828885 1.354867
5.491127 1.103008
6.777698 1.491661
6.369959 1.587988
3.330953 2.093456
2.935939 1.562715
5.666827 2.231608
5.998002 2.079566
4.184813 1.115332
4.522199 1.940958
6.521416 1.418779
8.648350 2.307015
7.157292 -0.383597
6.934161 0.288708
7.006845 -1.063196
8.011090 -0.383683
7.603198 -1.227260
4.836578 -4.134005
3.249209 -5.177821
3.403716 -5.170147
2.193177 -4.490685
3.325440 -5.923015
5.606685 -7.538211
6.031429 -8.304984
10.601366 -9.755637
8.919373 -7.590485
3.275078 -8.325112
1.347860 -3.030164
1.025620 -3.063520
1.797500 -3.452255
1.575133 -2.245455
1.800272 -1.449678
1.527581 -1.573186
6.901369 1.153532
7.442662 0.330965
14.225452 -3.754704
11.528505 -4.637859
6.252677 -7.634356
5.816422 -6.715292
8.055382 -0.441221
14.240157 1.212638
8.228504 -0.294430
7.045297 0.184092
6.976797 1.433856
6.249529 3.157597
4.563427 2.571495
5.284456 1.798190
3.481671 2.463668
3.023214 2.759031
0.141996 -0.891090
-0.156070 -0.157564
0.951446 -0.496472
1.146023 -2.297988
-0.383145 -2.798161
0.763212 -3.055995
1.511972 -1.260175
-0.225076 -2.553294
1.460246 -1.576479
1.662400 -1.179696
0.312591 0.216566
0.062656 1.340938
1.273712 -1.337263
1.614977 -3.681016
1.525002 -3.563919
1.584935 -7.245281
5.107375 -4.046658
3.499878 -4.522448
4.776468 -5.340550
5.597354 -4.778637
2.190023 -5.686802
1.554732 -3.545229
0.404978 -3.127560
1.333069 -2.335446
0.228377 0.070909
1.099015 2.172093
4.682805 1.367362
3.938068 2.086044
5.528246 1.328242
2.865374 1.131369
3.331884 1.120692
4.781569 1.141275
2.639512 1.107680
5.222687 1.575499
4.566883 2.594730
3.584343 2.085105
2.683498 1.162988
5.460865 2.475031
5.988688 1.343482
6.214306 1.823142
7.960739 2.398829
7.151439 -0.223460
8.764366 0.734529
6.176335 2.187769
4.282333 1.263208
3.033702 1.216810
-0.240121 -0.723200
-0.118799 -0.295947
1.608703 0.382249
0.518352 0.403030
1.470173 0.919374
1.781602 -0.062093
1.633171 -1.120794
1.764739 -0.281456
0.797831 -0.730691
-0.144624 0.955219
2.318624 1.107197
6.609151 1.142731
8.289513 1.291590
8.056156 -0.571949
8.894161 1.004653
8.226511 -0.129806
8.193145 0.013826
7.544003 1.068935
6.135190 1.144120
8.830930 2.548395
9.083103 0.906381
7.953154 4.824089
10.722040 3.413260
10.322996 3.907668
8.913233 3.982076
10.344532 5.014552
6.879437 5.150308
6.402922 8.307544
6.003751 7.594747
4.583704 7.708730
6.792369 5.024479
11.772423 5.932336
11.888679 9.629982
12.154959 10.751210
15.339914 13.454503
15.309258 8.476905
12.237328 9.165006
10.699562 13.568924
5.405232 6.658716
5.021100 5.757751
4.637574 6.165007
4.880634 6.524855
5.673527 5.697346
7.349874 3.515733
8.676916 4.924434
11.431046 4.142360
12.291060 6.704340
11.988049 5.656182
9.487415 4.885538
8.566563 2.942755
8.355200 3.113795
9.363547 4.461092
7.775195 2.698328
4.892266 2.290539
7.129808 1.274784
6.865471 0.436259
4.830686 1.182334
1.162706 1.606415
1.814040 -0.309083
0.907297 -0.356252
3.512647 4.145961
5.759617 1.920797
4.349341 2.108140
4.430402 1.190073
6.773673 2.672308
6.781739 1.386708
7.417306 0.841851
8.889651 3.204033
9.391203 4.612323
10.452587 3.474469
10.396394 5.194391
10.838205 3.441689
9.239422 4.487658
6.369431 3.468719
8.633479 4.125544
14.745807 6.744234
11.655535 6.822010
13.199614 5.210828
14.179693 5.079537
15.180840 0.308016
15.209747 2.316882
17.356522 2.550396
11.864008 4.374955
9.720136 3.767297
9.876371 3.932330
10.058596 3.559263
12.758375 3.880078
15.926550 3.363657
16.153505 1.057277
13.861776 -3.046705
16.808043 -1.466872
13.378472 4.835012
9.843019 4.653614
11.010488 4.359361
11.020935 5.120587
11.870380 5.794672
11.052763 4.101572
10.496818 4.261299
12.296613 6.445957
14.202232 0.892456
6.136760 1.182711
8.374802 1.191972
8.317440 -0.019861
8.408910 -0.771403
8.539174 0.648260
9.055238 1.601120
8.112254 2.109156
6.830624 2.113971
7.883927 4.610913
7.453151 0.376431
8.787576 1.234413
8.997541 0.611505
8.972745 2.165605
7.764640 1.208914
4.947176 3.243417
5.538521 3.453539
5.605086 7.943584
5.728531 7.542772
4.128436 9.823259
3.864911 6.559950
5.767190 7.491117
8.278425 5.374542
12.579218 4.165297
7.845725 1.067482
8.723947 1.749344
9.060286 1.393335
8.110975 -0.100461
7.438382 -0.009204
7.120109 1.008188
4.517669 1.564914
3.838069 2.640584
6.168438 3.559419
4.743352 8.027531
10.996519 12.144080
11.560952 8.240547
15.323428 2.507982
8.869293 1.461983
9.261335 5.583112
8.606953 11.624951
7.920798 11.482751
7.459944 12.370233
9.068108 12.781125
11.717569 7.444064
10.986563 5.087410
9.099859 4.299447
8.534412 5.018350
10.977196 5.439134
11.621020 5.409899
8.118158 3.687571
8.950897 1.622252
6.961476 -0.246444
8.146074 -0.855486
8.975357 -0.477141
8.390551 0.344466
8.551068 1.321766
5.592039 2.619897
9.778234 4.171933
11.708735 3.880103
12.215882 3.886994
10.032193 5.424905
7.751245 4.271152
9.742618 5.583528
14.427852 4.584506
14.168352 3.544138
15.162271 -2.109133
15.242973 0.755530
15.005550 -13.551244
14.607280 -10.708054
12.205948 -3.826643
13.610043 -3.292176
12.764233 -3.874368
11.073669 -7.976648
5.693856 -8.027570
6.032862 -4.489516
4.727686 -8.681191
7.528882 -8.053293
5.380752 -8.697541
9.545036 -6.658578
12.312489 -6.863273
6.447258 -8.471980
8.699962 -10.466284
5.236125 -10.085011
5.505875 -7.537276
4.138933 -5.399365
2.188106 -7.885062
0.847638 -5.796905
1.611879 -0.898855
1.636904 -4.358392
0.749923 -2.712344
1.119675 0.919927
0.851342 -1.608872
7.982454 -0.998683
7.699761 -1.340043
8.650694 -1.644051
8.387637 1.366358
8.168303 -0.130560
7.185832 -1.556577
8.482108 1.277944
7.323406 -1.035828
8.152872 -1.431556
8.462778 -0.405032
7.981775 -0.018135
9.016996 -0.397034
8.676580 2.329695
8.578090 -0.937440
7.844858 0.170641
7.756098 1.242350
8.072489 0.508101
8.591714 -0.158700
8.291433 1.037765
7.432955 -0.689599
7.288384 -1.498893
7.165668 -1.342696
7.630219 2.002326
5.909641 2.717051
6.288396 1.764612
8.539236 0.814439
8.805159 0.290064
7.657960 1.076389
8.012735 1.086614
8.447268 -1.044818
8.370895 0.584363
7.549024 2.406996
9.967995 4.769852
8.572930 2.493332
9.095563 2.023167
7.336436 -0.073281
6.928123 -0.042048
3.771115 -3.998192
5.202044 -5.919475
4.987992 -4.205073
2.918580 -4.794487
3.729525 -4.979087
4.076910 -5.476089
4.019029 -6.231921
4.251198 -6.969191
5.388100 -7.872820
5.637844 -7.908190
10.334684 -8.218151
7.317622 -7.124966
5.949331 -7.773919
6.819098 -6.872367
6.659498 -7.529866
6.022458 -5.503485
4.601546 -7.164171
4.706514 -4.818927
4.646190 -4.653790
5.512906 -4.880177
5.517561 -6.279465
4.929925 -5.760766
3.608958 -5.396407
1.377249 -5.765363
0.866612 -2.039146
0.107993 -3.862932
4.262604 -4.852406
1.829451 -4.116170
1.510109 -1.922757
0.112895 -1.744989
1.159321 0.273118
1.732347 -0.879691
0.776509 -1.245341
1.767027 -1.250381
0.296309 0.501762
0.686396 -0.001991
1.306517 1.559463
2.777599 3.454213
4.605206 1.141355
5.141693 1.415492
3.899070 1.764174
1.844958 2.205669
0.921646 0.888943
1.648787 1.333706
6.184796 1.145114
6.199859 1.118430
6.436489 1.732853
6.573531 4.026982
11.548563 3.626597
4.608342 3.727971
6.225193 1.084665
6.901556 1.105614
7.047064 1.177998
5.738459 1.170881
3.760113 1.446950
2.950560 1.468052
1.023720 1.168825
1.584035 -1.116567
0.889376 -0.500410
1.551099 -1.279956
0.283571 -1.362829
0.306299 -0.839708
1.412237 -2.948724
1.213733 -4.759287
1.864334 -4.448780
5.360478 -4.274943
4.115134 -5.014721
4.612873 -5.044475
5.484189 -8.098731
5.794084 -4.325828
5.626501 -5.304202
2.905121 -6.331518
8.003802 -8.802478
11.264536 -9.478442
13.319426 -3.444609
11.964618 -4.608254
13.164399 -6.313570
15.837955 -5.955708
12.568623 -7.097108
7.556579 -7.531655
3.236181 -5.215766
4.111779 -4.673779
4.577585 -4.237658
6.101406 -4.890707
4.666899 -6.011210
3.416726 -5.175386
7.747019 0.511485
7.790113 -0.988903
7.234744 -0.646857
5.329162 -5.807511
5.344177 -6.648877
4.854270 -5.332050
5.496396 -8.975740
5.379729 -7.475095
4.404613 -5.869055
6.375705 -8.042270
6.248722 -5.960045
6.027460 -4.277260
5.540361 -4.910065
6.359838 -6.873340
8.014846 -8.086546
10.622461 -7.006009
8.648526 -7.506410
9.278923 -7.060635
7.184152 -9.088331
6.007445 -6.296131
3.538881 -4.793300
3.562896 -4.896180
2.999393 -7.186628
8.361034 -7.637753
10.249101 -7.599504
6.162116 -8.181875
6.172545 -5.186084
3.009479 -10.382274
7.250627 -8.792449
6.132319 -8.277333
8.603479 -7.795689
5.112020 -7.776717
8.290481 -7.390513
7.478976 -6.959573
11.618153 -5.307488
13.052690 -8.090363
11.966385 -7.254268
12.393973 -2.243896
19.245106 -3.087324
15.725661 0.551239
13.089019 -4.928511
12.847448 -2.255792
11.603717 -1.844977
13.039745 -4.834598
10.537258 -9.411229
6.406798 -7.356814
6.488870 -7.911160
8.715563 -8.581526
11.304306 -8.116329
12.159910 -7.000546
7.478943 -0.960247
8.848212 -1.038253
13.316345 3.606257
12.812528 3.522419
12.794067 6.055342
12.407063 7.396297
10.682058 4.165390
13.562555 3.469820
14.693150 4.370881
14.353391 2.372561
16.098879 4.776644
13.668317 5.360605
8.883734 1.261899
13.374357 4.729720
8.623209 0.665702
6.733705 -6.890150
5.766278 -6.813596
10.642692 -1.589615
7.214339 -7.769598
7.907080 -7.697913
7.427371 -10.378545
7.151398 -8.508912
9.368469 -8.694556
5.531481 -13.060157
5.977546 -8.150393
5.630894 -7.782924
6.896784 -8.792314
9.180904 -7.795491
10.722687 -9.480897
8.191975 -6.985955
11.753353 -3.798498
12.567236 -6.154485
7.815435 -10.479144
6.302788 -6.267828
5.633696 -5.358780
7.600549 -6.654305
7.781028 -8.241528
8.415329 -7.069505
7.477882 -7.184685
8.258486 -7.167649
7.936088 -8.261880
4.094539 -8.424368
5.978440 -4.137134
12.166408 -2.314214
12.051588 -3.705007
14.498196 -0.569222
8.729884 2.309979
7.537205 -0.899222
6.876391 -0.281278
7.155556 0.542871
6.832705 1.730802
8.782251 -1.336764
3.094833 -4.395996
2.078034 -4.935815
1.206778 -7.174463
8.058616 -8.131083
7.816151 -7.359820
5.046590 -8.301836
5.951937 -5.295724
4.747559 -6.380287
1.710829 -7.048695
13.470139 -6.737445
13.332758 -4.772573
12.053151 -5.963124
16.602631 -5.016761
13.955777 -5.047239
16.146372 3.015109
13.798272 -3.224705
11.460382 -1.792776
7.037615 -1.158443
5.824227 1.878432
4.523908 1.146307
4.520334 1.818159
17.627979 1.682983
12.941857 3.705466
9.069675 2.070954
8.136908 1.394103
7.838247 2.394221
7.663641 2.167579
9.709221 4.181513
8.686346 3.027223
8.979217 0.991045
8.188118 2.171287
7.220223 0.453831
7.155833 2.140045
10.044355 4.828460
10.564855 5.472976
12.169577 4.780109
12.665491 4.355928
11.856467 3.767531
7.207409 4.880179
7.091544 0.309216
9.008502 0.534835
8.553989 3.758397
7.335730 0.524094
6.175947 3.894786
6.001866 2.376477
7.238208 1.565141
7.703355 -1.065395
6.966613 -0.828352
8.319746 -0.844893
7.360378 -0.218373
6.919931 0.826771
7.948753 1.257023
5.626832 1.881546
4.281712 2.119883
4.757203 1.549349
5.544406 1.217086
3.177182 1.618540
0.702214 0.968225
-0.715081 -0.200012
0.848289 -2.840786
1.409600 -2.771665
0.653102 -4.367963
2.484079 -5.781851
2.217609 -4.594134
3.732229 -6.344212
6.230881 -4.475886
5.458407 -4.419192
6.814960 -8.018651
8.394678 -7.415711
8.271324 -7.666599
6.869990 -9.344108
11.203029 -6.849425
9.395885 -10.240346
6.469721 -7.782012
5.772602 -4.040491
8.367282 0.051385
9.006172 1.439408
8.772112 -0.456938
9.021648 -0.262058
8.499249 -0.574157
7.723527 -0.543015
7.606849 0.441384
8.205381 1.373661
6.991405 0.270343
8.102036 2.013908
6.424281 1.092561
6.275933 1.285087
4.503851 1.279227
3.545747 1.375449
1.365852 -0.343819
1.565519 -0.839150
1.362383 0.434952
1.348094 -1.978920
1.702638 -2.210650
0.943502 -4.886118
2.683154 -4.171088
1.771490 -4.505326
4.007324 -4.394829
3.519439 -5.412930
2.047691 -5.080477
2.608202 -4.867632
1.946050 -7.699132
1.476692 -3.081274
1.810468 -5.570291
0.463089 -6.890546
4.473093 -5.602350
3.653497 -5.520994
4.985936 -4.180226
1.359740 -3.952796
1.818087 -5.591529
1.745115 -4.129315
1.323847 -2.598355
1.153420 -1.970972
1.767260 -2.398828
3.070951 2.319450
4.094146 1.230069
4.630959 1.800723
4.195450 1.081654
6.289002 1.870091
6.837840 3.580647
5.073195 1.441280
5.161079 1.130294
4.230721 1.672622
6.602532 1.901270
8.594808 -0.133273
7.021579 -0.692095
7.199821 1.894254
5.531162 2.103731
6.583143 2.396650
7.406615 0.999210
6.676551 1.371822
8.930488 0.525288
7.352092 0.751155
5.890673 2.920854
4.918740 1.218088
1.488697 2.472700
2.509951 1.219019
5.512293 1.274359
1.697025 -1.424793
0.612460 -2.750284
1.226360 -0.058833
1.727935 0.224106
7.140834 -1.109923
8.121429 -1.631083
6.895369 -1.453253
7.476436 -0.140711
7.390454 -0.961991
7.193273 -1.311659
6.956762 -0.164890
7.546071 0.022387
8.259139 2.343683
5.905616 1.132643
4.931143 1.820204
5.804280 1.680058
4.849857 1.670913
3.422945 1.360496
2.125963 1.318461
1.444403 1.717858
4.732028 1.955031
2.894557 2.106450
1.284299 1.503838
1.178206 -0.854962
0.631339 -0.764674
1.675211 -3.272089
1.340048 -3.270925
1.307199 -2.191837
1.643524 0.198158
1.765567 -0.354966
0.254115 -0.255346
0.769997 0.476509
2.262702 1.419503
3.960708 1.095845
4.573742 2.110534
8.582241 2.261346
4.644297 1.355297
5.998816 1.197422
2.948004 1.179134
5.712978 1.487522
5.620181 1.466265
5.356079 1.544182
4.019093 1.140812
1.559933 -3.315586
1.321820 -1.768819
4.735551 -4.026369
5.715430 -4.229948
4.798617 -4.712877
4.027526 -5.526490
4.779520 -5.881979
3.031471 -6.861717
3.739314 -6.666898
4.141654 -4.554807
5.128489 -6.170693
4.872602 -4.753888
5.206750 -5.691556
2.419831 -6.642523
3.597771 -7.559522
3.565223 -4.475773
1.345321 -3.969210
1.527173 -0.088133
2.628950 1.639974
2.491539 1.178689
0.329913 0.996950
4.289032 1.916507
4.340414 1.670970
1.192421 -0.610377
0.248639 -1.179186
1.626020 0.109398
3.073807 1.265340
3.848585 1.738852
5.983457 2.266459
5.824461 1.967146
3.119547 1.166859
4.115152 1.172730
5.926633 1.837520
7.861341 0.889272
8.337316 -1.630082
8.150037 -0.135376
6.844454 -1.062863
7.020574 1.779181
7.532274 -1.401457
7.983745 -1.342243
7.349484 -0.420189
8.983317 -0.777489
7.598950 0.293863
6.533420 5.080906
4.224323 1.350966
8.768414 2.433444
8.257669 2.669252
8.537657 3.625975
7.614883 2.440798
8.998832 1.416762
8.500631 5.138341
7.824204 4.753989
8.722023 3.623417
7.905282 5.418758
4.158544 2.706328
7.569968 0.902399
6.231485 2.440081
8.477654 3.228951
11.946095 5.979512
12.667243 3.878044
11.868042 3.966443
12.641398 3.935491
13.914474 3.912365
16.260681 3.216224
16.250599 0.970935
15.091006 3.397425
16.595705 2.532580
14.892445 -2.208104
12.545008 -2.604875
10.889812 -10.409543
9.242341 -7.992488
11.985706 -6.558361
11.615866 -4.065331
12.005296 3.431649
11.212463 4.193316
10.868074 4.385825
9.018230 1.701984
8.839722 0.751898
8.806540 1.147021
5.747258 -5.312716
6.969170 -8.329564
8.839937 -9.934978
8.779267 -7.119306
6.244168 -8.556178
7.473443 -6.954430
8.212191 -1.369650
7.964443 -1.540553
7.285545 -6.871759
6.416677 -4.971468
5.104489 -4.058968
0.744340 -1.591304
1.207781 -2.696262
6.404622 -4.586924
5.122793 -6.576943
6.052343 -4.209253
2.803977 -4.078283
0.945402 -2.258247
-0.456315 -0.133359
0.965218 -1.739422
8.188460 -1.129383
6.915705 1.466445
8.259153 0.089360
7.162448 -0.039119
1.498335 -1.548555
1.784465 -2.508869
1.635520 -1.509412
8.461591 -0.254303
8.696332 -1.167941
8.544948 -0.834600
8.867250 -1.591609
8.233156 -1.008113
8.926087 -0.977965
13.446666 -1.737122
11.456758 -1.599509
12.796491 -2.544433
12.840727 -2.763902
12.485888 -2.021939
15.247952 -1.681965
11.522079 -3.267915
12.619545 -6.235239
7.108406 -9.023877
10.820682 -12.278641
7.699280 -9.379249
4.746708 -7.275265
6.114978 -8.393718
7.035237 -8.504243
9.614058 -6.705452
7.899718 -10.761189
5.701052 -4.938307
6.959521 -8.978583
9.571933 -8.149783
7.590752 -7.512056
8.814537 -8.577619
9.154982 -7.273760
9.662161 -6.970509
8.168693 -7.040079
4.129241 -7.209370
2.043057 -7.311360
3.132272 -5.865821
3.900920 -4.908891
5.515112 -5.555059
4.677966 -4.945063
5.669771 -7.050632
5.492975 -5.694843
6.029656 -5.491693
6.474669 -9.104251
8.631055 -8.134192
8.986879 -10.820153
10.469574 -10.755914
8.334491 -7.419634
10.398979 -9.357018
7.129756 -10.174367
7.209304 -8.062484
7.367138 -8.160910
6.345387 -6.753227
5.577867 -4.665051
8.055176 -7.648113
5.845050 -4.231982
3.357403 -4.789457
6.686506 -6.941210
11.545401 -6.982229
12.605768 -2.744936
12.361364 -2.418386
12.269497 -2.789325
11.729755 -3.829143
11.717102 -5.358455
11.123334 -8.944327
9.675022 -8.941179
8.040613 -11.230340
7.765474 -7.894148
8.391037 -7.071389
5.122648 -7.576365
4.743011 -4.391900
6.076015 -5.095740
4.069001 -5.109282
7.620294 -9.005918
7.784739 -8.810109
8.351572 -7.330793
8.915647 -7.346389
10.432110 -7.011989
12.783573 -10.062939
12.410319 -2.245249
13.145188 -5.822506
14.602457 -0.846796
13.032877 -4.026958
12.396714 -3.425349
15.075419 -1.894882
14.899078 2.274163
15.992855 -0.373661
12.546699 -7.214290
10.948790 -6.776253
5.786781 -7.095119
6.077331 -5.717563
5.394418 -4.149902
1.221070 -4.925236
0.005520 -2.341831
1.566934 0.802570
1.558903 0.226132
6.847631 0.510264
7.334394 1.985835
7.459911 -0.204028
6.689320 2.500773
7.714467 -0.388378
8.365469 3.028160
8.735362 4.581207
12.044935 4.143666
10.503405 5.569855
12.055675 3.926733
12.676382 3.944488
12.652854 4.217482
11.102871 3.692169
11.697105 5.297113
19.145658 5.093721
12.114391 4.855072
10.367737 4.861927
9.164911 5.406247
6.597456 4.675339
9.293667 4.912114
7.517664 2.967404
8.790474 1.945926
7.132630 0.338061
7.819431 -0.108700
7.468318 0.114933
7.979587 2.663388
8.504107 1.689314
6.835796 -0.275469
8.357063 -1.470192
8.647678 0.303448
8.748957 3.809573
7.389328 1.877514
8.307831 1.699877
7.623141 2.339135
8.559576 2.625133
7.186938 5.326671
12.099758 4.829121
13.628254 3.907716
10.601793 3.902491
7.027190 1.680846
8.043721 0.516715
7.273015 -1.148125
8.001207 -0.462977
8.261399 1.691616
8.498273 0.858367
8.964252 1.646118
8.962597 3.171423
9.610147 4.774214
14.480186 4.991359
14.850327 -1.520721
11.556458 -2.883704
14.321182 -2.699343
13.494579 -5.033125
13.539469 -3.236608
12.174098 -5.331536
13.285401 -2.628227
12.043081 -3.059025
8.793576 2.667892
10.462822 4.201729
10.659859 4.149179
8.690757 1.789760
13.111511 5.775058
10.093608 5.503917
8.905101 5.008637
10.855064 5.258046
14.455896 6.356718
11.239643 3.947847
12.687147 5.420937
15.945232 1.594138
15.269047 1.494871
17.036757 5.843894
12.546376 5.132555
12.205718 3.670455
11.301823 3.833762
10.922845 4.815374
11.264772 3.597470
8.069689 2.051821
7.742161 0.556620
8.013613 -0.939158
9.041714 0.320320
8.494084 0.469930
11.421505 4.187663
10.392241 4.383694
14.217501 4.813367
15.243746 -2.958456
12.795065 -2.549278
12.722318 -3.794573
13.161740 -3.239258
11.554403 -3.182887
4.965487 -5.491854
3.126753 -8.803519
5.826408 -8.002783
9.572032 -7.051092
9.268855 -8.613729
4.127732 -7.452937
4.820240 -5.147250
2.149215 -4.178864
1.208038 -2.129552
1.550514 -1.103126
0.350148 -2.238343
5.835633 2.365737
1.874411 1.748295
1.703126 -0.027930
6.849732 -0.136979
7.456200 0.117812
7.425601 1.802363
7.912369 1.940530
8.244359 2.337348
9.594378 4.554433
10.501873 4.197617
7.620103 5.220301
8.836462 3.815797
9.052763 -1.077237
7.805502 -0.209261
7.197605 -0.367407
7.430510 0.192005
7.144148 0.921513
7.363587 1.598227
7.336576 1.113843
6.540791 1.578094
6.328305 1.092631
7.736256 0.516375
8.311932 -0.229799
7.548841 -0.095521
8.706451 2.704197
6.527724 2.780880
4.334949 1.346631
3.310784 1.492803
6.752598 1.106995
1.643417 -4.203224
3.087380 -4.644038
3.836807 -5.774507
2.427827 -5.361763
3.377221 -5.439950
4.262590 -4.882597
5.805448 -6.557445
4.407475 -5.281850
4.691048 -4.854028
4.039590 -8.223996
4.443116 -8.930283
6.754772 -9.206949
3.759625 -8.787013
5.982082 -10.767155
8.155358 -10.286784
8.869660 -8.483733
7.958497 -8.427155
5.816671 -8.517568
4.864530 -6.542253
7.141091 -7.423348
9.487508 -8.071973
8.762646 -9.838191
11.752705 -10.855348
11.512522 -4.548221
11.811765 -3.100599
13.799441 4.515461
16.175915 5.156429
12.954573 3.601241
13.078794 3.875422
8.920012 0.669533
8.914503 3.658061
10.874283 3.872503
10.225679 3.770099
11.593411 3.423926
9.685667 -1.590951
9.712111 -1.597055
8.728540 0.394654
6.828749 -0.461470
7.288815 -1.243438
6.907953 -1.253281
9.067393 -1.220932
7.602874 4.174574
10.538477 4.777533
9.570759 4.840136
7.569935 1.690202
7.308661 2.850879
7.928666 -0.365166
8.039140 -0.228914
6.963367 0.623856
7.917897 3.409312
6.422339 2.007159
8.575792 -0.595850
8.280232 1.126251
7.364241 -1.458097
6.972995 1.240367
8.430760 0.261820
6.134374 1.531168
3.570539 2.251905
4.536842 1.206567
7.012704 1.455685
7.111197 0.799660
6.829484 0.899653
7.952721 2.306346
6.268355 3.014319
1.658290 1.993537
4.594452 1.572197
6.300762 2.770486
6.525101 1.124170
8.115026 0.323789
3.480941 2.198818
3.324937 1.295013
2.925171 1.947207
1.532699 0.447270
1.053493 -0.295670
0.488249 0.925404
0.024201 1.026031
1.783335 -0.589098
1.621127 0.251468
1.498582 -1.440677
1.787808 -3.725323
1.347713 -3.022110
1.603397 -1.542277
0.786900 -2.579695
3.738523 -4.708632
4.165287 -4.109471
5.375745 -5.305248
5.161024 -5.485611
3.751957 -5.536983
1.909008 -5.104111
5.109899 -4.112187
3.610561 -5.391361
6.374337 -4.648649
4.972500 -6.169138
7.266013 -7.679924
6.211937 -10.327497
6.407302 -3.992264
6.017129 -4.988798
5.981244 -5.117339
3.946218 -4.040704
3.463778 -7.757631
2.875876 -8.616054
7.295897 -7.100316
2.676178 -8.039773
4.383919 -7.479877
8.492798 -9.093020
8.453625 -7.444343
7.249863 -7.095804
1.726628 -7.635195
3.215048 -4.185917
7.091892 -9.333322
6.608727 -6.787356
3.872344 -8.703643
6.201371 -4.900584
5.210017 -4.120297
5.043945 -5.363592
4.323606 -4.338265
6.144231 -6.503951
4.795751 -7.999222
6.980398 -6.726576
8.295049 -7.555244
8.254557 -7.268223
6.161822 -8.860204
7.871527 -8.370814
6.709456 -8.500237
5.347506 -4.319442
5.464947 -5.071300
6.327090 -7.657918
4.537685 -6.985376
7.125402 -1.285014
8.636099 1.108403
7.349854 1.500308
7.946379 -0.422418
8.062516 -0.065233
7.811186 -1.221133
8.326042 -1.617496
8.800133 0.213850
8.275946 -0.924868
7.625814 -0.809503
3.770661 -4.806635
4.232300 -6.449666
3.872529 -6.340432
4.646828 -8.493391
6.830898 -7.216800
8.254717 -7.748053
9.140405 -7.383416
11.782063 -6.655683
12.334884 -2.182786
12.993453 -9.217431
11.947050 -5.848141
12.831216 -5.911737
10.591043 -8.696986
9.762594 -6.946521
12.005016 -7.693540
12.124932 -3.516119
11.827456 -5.157267
12.252448 -6.101923
9.524727 -11.869559
7.664903 -9.009356
6.315704 -7.288419
9.310419 -7.180316
10.191727 -7.671070
9.786023 -7.254421
6.254087 -6.251530
5.406229 -4.943247
5.661477 -7.641387
6.139137 -5.372966
5.845472 -5.211225
5.583945 -5.058821
5.410282 -5.974765
3.680586 -4.597573
3.268059 -6.178252
6.274123 -4.322140
4.500271 -4.684378
2.402938 -4.280850
-0.288198 -3.449813
-0.092496 -2.122886
1.366097 -3.106740
1.024777 -2.125088
1.703471 -2.571433
1.627321 1.291348
3.346859 1.840420
4.667705 2.403294
2.504244 1.439842
5.266252 1.294645
3.478885 1.109647
3.810093 1.529107
3.855817 1.468356
3.579878 1.362462
3.599219 1.102502
1.674629 -1.482468
1.361632 -1.297558
1.741509 -0.406157
1.116963 0.613348
-0.232532 0.057805
-0.136710 1.728771
3.669267 1.891204
3.317633 2.827188
0.999523 0.925154
0.958594 1.011195
1.237656 -0.826039
1.593679 -0.820121
1.020353 -2.432653
1.479600 -4.599374
2.498590 -4.625713
1.703207 -4.092322
2.099062 -4.459640
2.190983 -4.603216
6.032810 -4.735026
5.457450 -5.134463
5.411721 -6.487486
8.419483 -7.062629
10.370242 -10.163842
11.846225 -9.388300
9.005533 -6.674293
8.624757 -7.968497
8.924589 -10.251668
6.296429 -6.462706
6.901445 -8.944995
4.645220 -4.493396
4.771166 -4.526052
2.300036 -4.416024
2.316164 -4.897922
0.174004 -3.805408
1.881172 -5.454594
0.928321 -1.112994
1.474179 0.819027
0.976421 2.242400
3.491710 1.118235
5.786249 2.920837
4.695534 2.469795
6.866489 1.350526
7.090152 0.438854
7.106073 3.459675
7.655835 1.320658
4.848886 1.092872
4.970706 1.197021
2.343033 2.252299
4.302398 2.014698
3.508912 1.407930
2.531273 2.314582
1.054455 1.684047
0.468099 0.155110
1.596310 -0.463678
0.532726 -1.899750
1.446029 -0.964775
1.226219 -0.738511
-0.261145 -1.872217
2.266752 -4.675825
0.860823 -3.529808
0.970986 -0.163978
0.655380 -2.744819
0.982398 -2.255525
1.432940 -1.058583
0.605242 -4.407376
-0.554614 -3.034292
-0.584581 -0.497571
1.145589 -1.286158
-0.266040 2.254388
2.819031 1.375175
4.296834 2.019019
5.019349 2.526045
6.715738 1.533496
7.780658 -0.485075
7.896566 0.093277
8.209017 1.102252
8.490192 3.550494
7.913199 3.563186
7.509220 -1.209401
7.478650 -1.465162
8.550642 -1.328311
7.249751 -0.708801
7.329569 0.587795
6.035857 2.250773
4.808305 1.511182
1.665353 0.382416
0.931714 -0.628759
1.231055 -0.494601
0.739770 -1.637295
0.419212 -3.373065
3.641058 -5.050045
5.039300 -3.947309
5.819547 -4.537959
4.692811 -6.377410
3.199548 -6.175758
7.264522 -7.509950
9.548234 -8.865461
16.500507 -2.591241
14.429710 -5.686491
10.279249 -7.776519
10.025325 -6.964910
7.595168 -6.859009
8.296895 -8.866952
7.777232 -7.957989
9.435476 -6.796331
10.657806 -7.874268
9.603905 -8.800198
7.967705 -7.219009
9.739907 -8.792156
9.602912 -12.266438
6.895880 -9.082561
6.226790 -5.843187
4.344086 -8.317573
9.080965 -7.554034
10.976974 -7.733741
9.156796 -10.332389
8.420035 -7.277209
9.651892 -7.739788
8.030386 -7.433264
15.657826 -9.834044
15.940626 -1.240468
15.778244 -3.653232
12.800001 -2.078199
6.879759 1.569970
10.575196 4.987448
9.038345 1.612691
8.524038 2.529237
9.414919 4.744639
9.221689 3.493127
15.088165 5.487552
9.916013 5.461953
10.589980 3.987885
12.155565 5.818010
14.213942 1.061555
14.719432 0.732325
10.515490 4.921250
14.436857 4.169768
11.963922 3.539886
14.263220 2.971491
11.947783 5.281096
10.484060 3.472827
12.547546 3.742768
8.584394 2.846749
8.301715 3.048369
8.313061 1.787013
6.021077 1.714102
8.765640 2.585191
11.652464 3.724309
13.007004 3.940723
13.411798 6.603401
11.231043 4.132397
9.661959 4.522836
7.356458 1.862590
6.609966 1.321229
5.594090 4.342381
10.300104 4.797959
10.853808 4.447412
12.729001 3.700161
12.988696 7.089407
13.551163 3.420505
6.666334 3.824644
6.515835 1.419457
5.726048 1.742869
7.523106 3.384697
8.809114 1.308105
8.174891 -0.870912
8.108947 1.353666
6.979973 2.695775
12.891004 5.408357
14.811327 3.350231
13.613979 4.234077
13.667861 5.852813
14.107344 4.608073
10.098434 4.133573
11.850636 4.533538
12.715599 5.596000
10.534330 4.860284
11.612949 4.596747
14.083835 5.176801
12.239733 5.265576
11.279095 3.624334
10.380742 4.190370
7.826263 3.190346
8.897606 1.325677
8.714991 1.583380
8.797941 1.269857
8.768038 1.098354
8.498564 1.192281
7.156343 1.003865
9.058049 -0.528203
8.117846 0.722159
8.619007 1.552882
9.272170 4.890780
12.833349 3.841567
12.685049 3.421910
11.403520 5.083915
11.057495 5.347228
11.055292 3.945084
10.485846 3.515603
13.639936 4.085070
17.250614 2.332059
13.607830 -4.642583
14.851492 -4.294709
14.568571 -1.053895
13.519834 -7.942476
9.696318 -6.753794
9.055779 -7.498714
11.776917 -10.030186
12.541718 -6.065929
12.426236 -7.060000
7.727901 -7.284942
7.376339 -7.836436
5.121199 -8.518788
5.054262 -4.202511
4.135656 -4.169220
5.802521 -6.047241
4.513333 -4.230814
4.872863 -4.525756
4.337694 -4.655960
3.747107 -5.375618
4.852255 -4.543630
5.183536 1.490335
5.177488 2.025373
8.045925 1.531676
7.240162 1.629590
8.812944 -0.028740
6.966317 0.255965
6.824280 -0.705949
8.205427 -1.131653
7.639485 0.554023
7.826490 1.121863
3.881164 1.191168
3.797199 1.258256
6.606323 2.094522
3.233052 1.177010
3.109485 2.082500
2.876370 1.551821
3.998062 3.803103
4.886658 1.193340
5.805138 1.134961
0.869834 1.350645
1.119908 2.754195
7.103408 -1.317503
7.932854 0.764375
4.453841 1.082707
3.583019 1.072610
2.290327 1.156751
3.959452 1.367018
2.470943 1.573952
5.282985 1.194604
4.277932 1.333378
7.799364 -0.489147
7.160122 0.384028
6.826809 0.843370
7.839067 1.486874
6.326103 2.004879
4.757357 1.424559
4.542250 1.201728
5.956925 2.654134
7.631193 0.646665
7.629378 0.989202
8.822136 -0.341243
6.913800 1.339700
10.397839 4.958773
10.612243 5.383917
11.596720 4.386361
7.712374 4.369760
7.489229 0.979601
8.796144 1.354442
8.804028 1.447042
8.227962 0.143178
14.970338 2.596427
11.603837 8.985349
12.037937 -6.747916
10.839725 -10.862887
8.564967 -9.700316
9.834743 -7.643915
8.037217 -8.467399
9.121515 -7.000904
6.608831 -8.010546
6.260272 -7.089288
3.601327 -5.786479
4.486035 -4.577913
4.558751 -6.018210
4.042973 -4.246808
4.531760 2.266610
3.049788 1.957852
5.315710 3.442129
3.591981 2.025978
3.831107 1.344103
0.227124 -0.575941
0.994421 -0.440506
6.571525 1.121963
7.300440 -0.148273
7.136987 -1.144430
8.781399 1.063121
13.567140 -2.154579
13.494534 -4.727589
14.449654 -5.233813
13.848281 -5.154631
11.576235 -2.711077
8.741779 -0.413634
10.297596 4.158888
7.531886 2.445905
8.134361 1.214796
7.954535 0.812122
11.706212 -2.129991
8.290482 0.247965
8.127332 0.418224
8.576486 1.442635
8.955891 4.022731
12.504355 3.495815
4.810862 3.490252
9.529377 4.445338
7.894763 2.018219
7.201292 1.708696
9.887463 4.218582
10.970599 3.734559
13.472638 3.970065
13.168101 5.801609
11.982256 4.221424
10.930557 4.267250
11.486531 4.778202
8.486546 2.986395
8.924498 2.470741
8.022892 2.554987
7.508029 1.434967
8.683283 0.402040
6.477638 1.313507
7.968357 1.923458
9.087743 2.083568
8.390682 3.552342
9.679945 3.569443
11.915901 3.824290
12.296155 5.612195
14.941534 4.453144
14.311443 2.212182
16.777666 2.131511
15.967823 -4.428128
11.588670 -1.589494
11.904965 4.404553
11.531595 3.597857
13.410149 3.480422
13.303164 4.677528
9.208538 5.053417
7.412634 2.448467
8.094812 2.018881
8.836929 -0.006088
7.374001 0.240405
7.594058 -0.007373
8.211036 2.004680
7.965632 2.320006
5.628139 1.181745
4.894357 1.332433
5.879321 1.582302
6.830678 1.480568
3.493169 1.936017
1.843763 3.284893
7.751611 1.574297
6.127937 1.702641
5.890460 1.547104
5.480165 2.113836
10.782498 5.306179
15.255226 5.283743
11.477715 4.047487
12.392154 3.866787
14.620011 4.557600
9.789837 3.619565
9.107451 0.017024
8.111153 -1.167126
7.950989 -1.590173
7.863445 -0.094120
8.242776 4.262984
6.682709 3.300201
12.484298 3.579800
12.869673 4.159731
12.767260 5.725343
12.361292 4.981693
11.822279 4.351370
12.535719 6.027704
7.904009 2.658380
8.900063 1.985515
8.760714 2.172562
8.910419 -0.535568
6.077143 2.991328
6.683710 4.943139
7.748234 2.048011
12.387300 -1.819270
7.610776 -7.988529
4.454073 -9.240625
6.210283 -6.835144
4.918030 -4.901337
4.515301 -4.116210
7.326226 -8.226158
9.756450 -7.772041
10.567844 -7.682454
9.035242 -7.284729
9.825422 -1.639998
8.937748 0.049425
6.854936 1.097728
7.838204 -0.050273
7.040902 1.927312
4.000681 1.500812
4.296829 1.363493
0.709983 1.401699
-0.162967 -0.326339
-0.991473 -0.178527
1.377582 0.859363
1.516314 -1.479330
1.571068 -0.325062
1.623439 -0.458223
0.837781 -1.910994
1.636352 -0.651478
1.577443 -1.338585
1.225905 -0.773850
0.624493 -1.636628
1.037821 -2.934647
0.087221 0.723514
-0.001650 -1.368817
1.706664 -0.341666
1.379218 -0.063294
1.623920 0.254346
1.158375 1.541228
4.902635 1.094727
4.127375 1.490770
5.181467 1.764272
4.638204 1.569926
7.025370 0.966133
6.855513 -1.382202
8.030162 1.212183
8.964933 0.686876
8.922449 3.199823
8.547910 2.154741
7.289095 -0.209737
8.784787 2.842165
8.330015 2.264427
6.711923 2.346989
8.044354 3.522756
4.301943 2.100360
4.372415 1.083020
4.695847 1.093322
5.939018 2.594824
4.801710 1.357545
2.167138 1.066898
1.571282 3.233082
1.468374 0.191048
1.629236 -2.315694
1.096365 -0.261705
0.381918 -0.337215
0.415817 -0.828846
-0.729136 0.137262
1.762725 0.524431
1.062244 1.069751
2.433991 1.643973
2.024753 1.190963
1.094278 0.352763
0.596059 -0.124861
1.285595 1.898916
1.813949 1.598376
0.788610 -0.249143
1.033833 -0.496943
0.383688 -1.049749
1.275757 -1.008435
0.290574 -0.070977
1.717646 -1.440866
0.372883 -2.329703
1.394123 -2.975264
1.808258 -0.015202
0.843433 -1.000020
1.488638 0.094961
5.622251 3.433096
6.533906 2.228765
4.579800 1.301719
5.112024 1.110165
7.600705 0.619141
8.393161 -0.028313
8.946724 -0.795397
7.234293 0.551082
6.970723 -0.469776
6.521836 1.489127
5.633930 1.196747
6.885723 -0.950176
0.181015 -0.137264
-0.368576 -1.652609
1.438307 -0.787279
1.333916 -0.162201
3.039936 2.579103
5.338948 1.156352
3.313416 2.109844
6.886875 1.028208
4.101610 1.418327
4.137231 1.166834
6.328968 1.313478
5.720976 1.455861
4.789155 1.549247
3.663607 3.008393
4.698756 1.294379
0.856275 -1.508299
1.248915 -1.347798
0.798905 -1.444782
1.194124 0.198830
1.566902 -0.059536
1.196438 -0.306669
1.309535 1.662798
0.515285 0.072351
0.025128 0.740284
1.580193 0.519389
6.321119 1.305741
5.968359 1.944967
7.561847 0.537956
6.835715 0.757740
4.262213 1.263471
4.344962 2.033408
3.732304 1.472601
2.721470 1.411724
3.573011 1.158652
3.833298 2.656124
4.864932 1.456673
6.424336 1.935469
5.564666 1.334342
6.583352 1.960199
6.945427 1.346495
6.923075 -0.385505
7.657105 0.727720
7.542602 -0.017240
7.223860 -1.083252
8.169041 0.874691
8.918565 -1.163304
7.097633 -1.002902
7.504232 0.328121
7.711675 -0.572447
8.809662 1.558513
8.728111 1.493340
8.788425 0.331566
7.898515 0.498581
4.911117 2.522978
2.731421 1.625706
2.610563 2.108308
4.645973 1.290066
5.930246 1.256752
5.539774 2.322752
4.526690 1.816307
2.800830 1.088295
1.644274 1.017586
1.696602 -2.921195
1.383239 -3.912961
2.888734 -4.952681
4.797279 -4.352530
4.432588 -5.124193
6.696131 -6.894446
7.046326 -8.103253
1.006970 -5.461847
1.657346 -1.490848
3.884615 -4.611270
6.129294 -4.512035
4.757002 -4.086988
6.399839 -4.670824
4.759794 -4.675693
7.738213 0.557697
9.080647 -1.456839
7.409020 -1.431006
8.150616 0.572455
8.737341 -0.556324
7.793737 -1.324261
6.951518 0.018376
2.818415 1.378239
3.059102 1.132965
1.659455 -3.154999
1.121371 -4.254412
3.910912 1.406463
-0.253376 -0.985111
0.258995 -0.487324
7.428952 -0.412870
8.743002 0.224051
8.888203 2.889018
8.446929 0.249753
10.546356 -1.617095
10.864539 -9.402396
10.650917 -6.811054
11.875436 -3.629674
12.200468 -2.741552
7.633101 -0.824527
12.001421 -7.894008
7.943584 -7.682351
9.357698 -8.810683
11.176115 -9.360383
12.941387 -2.489551
12.505841 -3.448385
12.665392 -1.905711
11.990600 -2.073946
12.702765 -2.314745
12.032817 -5.735708
11.772287 -1.879295
12.044323 -2.529277
11.756332 -1.814074
18.363569 -2.323926
16.212332 -7.036174
15.474065 -10.569110
9.004215 -0.706183
8.128697 1.600172
7.928024 -1.073130
7.230185 0.180724
7.514805 -1.052033
8.640891 2.110000
6.099393 1.187882
8.407305 0.984790
7.862645 0.770082
7.509348 4.590895
6.989307 -1.390606
7.704953 -1.511517
5.656954 -6.014731
8.812220 -9.720332
8.448206 -6.723407
3.920842 -8.164049
6.117558 -6.110535
4.449378 -7.032237
5.948397 -4.413085
3.828927 -4.586087
3.848640 -6.033656
4.045177 -5.639897
5.452447 -5.335814
7.518590 -0.649737
7.235999 -0.067460
8.882037 -1.207708
7.132665 -0.952324
6.983866 0.329810
7.561176 -1.381441
6.881626 -1.459686
8.892046 -0.321299
8.500305 -1.018178
7.732397 1.246202
5.399009 1.406005
6.324842 3.368779
3.997228 1.116657
6.395318 1.167784
3.559042 1.117386
0.980746 0.626832
1.321763 0.695035
1.766347 0.760169
0.747651 -2.203741
1.556745 -1.491307
1.521833 -2.185163
1.453447 -0.756590
0.672026 -0.723316
0.984358 0.927891
0.871077 0.304638
1.233715 -0.031061
0.990856 -3.896062
0.486287 -4.595398
1.072983 -3.933720
4.515004 -4.081259
2.790017 -5.259188
3.246919 -4.890147
5.534039 -4.864780
4.189179 -4.532602
5.347207 -4.127915
3.770967 -5.210124
5.251696 -4.629088
4.805543 -4.557557
5.539921 -5.047764
6.364948 -4.240980
3.720658 -7.732558
7.521741 -9.527946
6.660938 -6.933556
3.701794 -8.923981
8.987526 -8.235762
9.196796 -7.483297
5.226696 -6.923282
7.851005 -0.849226
8.016424 0.530654
7.053409 -1.265087
4.974417 -4.388837
6.773810 -8.920234
7.586985 -9.050513
6.324346 -7.042001
3.652687 -5.687350
2.592201 -6.838954
4.623909 -6.388627
9.288116 -9.276584
8.088001 -8.514487
8.311698 -8.694259
7.395614 -9.186870
13.000548 -8.834440
11.657926 -3.492330
12.437371 -1.751215
7.417023 2.323220
5.255075 3.352155
5.806169 2.304907
7.665852 1.054686
6.915117 0.968891
6.827898 -1.365698
9.409641 -6.789641
7.881440 -7.180523
6.196149 -4.266012
4.773674 1.888369
4.096759 1.698131
11.521909 -7.000498
13.839149 -6.587323
11.473121 -5.072175
11.291228 -8.199825
8.911011 -7.714101
7.185904 -6.754982
9.004520 -6.690117
6.822758 -9.612869
7.814317 -8.342693
6.363053 -4.831804
11.023623 -7.819330
7.183431 -10.570315
11.541380 -5.978778
9.081135 -6.911666
8.121544 -1.552982
7.759115 -1.609599
8.699950 0.063095
7.088236 0.929341
8.883588 0.054632
9.035522 -1.003703
8.856586 0.616485
8.750720 2.615261
5.441485 1.361534
6.278847 -4.675558
8.654969 -7.815563
6.471158 -6.890031
9.464140 -7.543033
12.230279 -7.756008
12.035409 -6.283736
11.430244 -8.003362
10.244928 -6.736938
10.247225 -6.840380
8.090416 -6.879218
6.795023 -8.627563
7.228343 -7.733293
9.856049 -9.521401
15.298483 -2.257394
13.598139 -3.315182
8.890674 0.576358
12.678028 3.758403
9.800276 4.560059
7.563160 2.539295
8.636387 4.914131
11.956644 5.461401
11.589130 4.865711
8.680051 2.223195
8.574526 0.531856
7.076813 1.972691
8.927519 1.450654
8.375051 1.629910
8.983566 2.693197
6.403907 1.455238
8.631341 3.674968
9.503819 3.887444
12.331639 4.908005
9.913404 3.765519
10.463936 4.976051
11.261723 4.503359
11.793034 3.549210
12.390069 -3.277781
9.011208 0.383394
9.028115 0.330274
13.431440 -3.083684
15.153529 0.689687
12.746174 -3.039729
14.578092 1.982083
15.977335 -1.108891
12.991065 -4.457548
10.471876 -10.266230
12.736814 -11.736640
11.831007 -3.264534
13.326463 -6.070475
14.822842 3.016275
12.462473 4.531205
14.261996 5.279346
9.956956 3.621420
12.260890 4.087310
8.849022 2.643303
7.860170 2.403001
8.035072 -0.373653
8.127238 1.627316
8.771616 -0.906208
8.233006 1.704546
7.876863 -0.199015
7.628821 -1.223557
9.015643 -0.184098
8.370318 -1.344865
8.392063 -0.443350
7.003678 -0.229380
9.358261 4.882603
10.206301 4.738998
10.596761 4.497006
10.732304 3.446265
15.744796 3.729315
14.132197 -1.081033
15.027933 0.574677
15.893308 -1.024153
15.216887 6.778853
11.792498 3.591098
8.103434 -1.580787
7.304832 -0.681672
2.411762 1.388054
1.935100 2.056737
2.783241 -4.211073
4.171301 2.469921
3.316547 2.320892
4.271789 1.347489
2.259061 2.677381
1.008523 -2.893248
1.751794 -4.594005
6.347077 -3.970039
12.155014 -3.625250
5.494453 -9.111271
11.135780 -10.681549
12.909191 -9.255126
8.047565 0.570628
6.884730 -0.445549
13.121773 -3.143335
8.531713 -1.210584
4.954177 -5.516050
8.202267 -9.219579
8.437426 -1.143319
7.272777 0.039396
8.593022 2.481363
8.505932 0.246892
6.503463 1.685331
6.585841 1.209193
8.991564 -0.283549
8.945336 -1.593394
8.265677 0.520273
8.512968 1.060059
8.888298 -0.375168
8.097207 0.514847
8.600592 0.216453
8.721260 1.432220
7.941744 3.231236
8.829565 2.835139
8.163883 3.559371
11.240234 3.820867
10.071316 5.319153
11.219913 4.847923
8.024655 5.611320
7.042071 4.882143
7.305295 5.157079
8.007336 4.860950
10.720972 4.760794
7.511891 3.348240
8.558710 2.245538
7.527502 1.007643
7.892598 0.913256
7.058878 0.601411
5.391521 2.352351
8.899179 1.175999
6.278800 1.068095
8.747402 3.060952
6.842803 -0.142244
9.179703 4.560118
8.752841 2.998180
10.345253 3.427178
8.763519 3.129205
7.506118 2.666018
10.284484 3.804609
8.559078 3.261213
8.974718 2.341148
7.947260 2.430538
5.545528 1.330815
6.811744 1.433986
6.006901 1.213573
6.678955 1.498586
1.671272 -0.439992
1.422274 0.345773
1.365661 0.025430
1.101214 -1.466970
5.009059 1.329991
6.426287 1.352082
7.810343 0.442979
4.441306 1.541345
7.023555 1.175807
8.767996 0.551964
8.242288 -0.485612
8.790304 1.025943
8.797962 1.861815
9.517698 3.468548
8.695938 3.701965
10.942106 5.554084
11.208176 4.872240
8.294392 4.478342
8.436861 2.648026
7.559155 2.907901
8.271145 2.074921
8.167898 2.498713
7.074920 -1.533015
6.871821 0.736659
8.180371 -0.879814
8.535433 -1.229837
8.501291 1.206145
7.214592 0.717231
7.567518 0.514772
7.307101 -0.159682
7.803109 -0.516566
8.846642 -1.562371
7.004489 -1.035538
4.352561 -5.258375
3.678835 -8.821349
10.095308 -7.452914
11.969998 -9.944768
10.793241 -8.629641
11.346076 -8.232373
10.683060 -8.006154
8.722150 -11.351160
9.502645 -10.987766
7.980475 -7.476841
8.891555 -8.533101
9.675179 -7.993239
9.740770 -9.594739
7.848011 -7.012072
4.436836 -8.019958
5.391281 -4.782707
5.677328 -6.139451
4.718973 -5.762631
5.103289 -5.027425
5.027801 -4.430086
4.770943 -4.739455
5.943487 -6.501091
5.059993 -10.563626
7.518189 -6.765353
9.317805 -7.598278
7.092904 -7.686641
2.833573 -6.350925
6.418354 -5.209874
5.155368 -5.510978
5.682805 -4.640147
3.572212 -6.310246
4.503199 -5.892762
5.789650 -7.380489
4.378359 -7.601770
6.019639 -6.665902
8.307308 -8.484555
7.843191 -8.289396
5.036682 -7.718890
7.393218 -8.388330
9.748527 -8.276532
10.292953 -8.035045
7.411642 -6.718161
8.316168 -1.322153
7.776246 0.255224
8.149167 -0.467954
8.009586 -1.263563
7.575617 0.459245
8.518873 -1.614496
8.697584 -0.795228
7.566988 0.755638
7.468955 -1.121870
8.494530 -0.782676
7.264763 -1.306069
8.668421 0.331770
8.930510 -0.115013
8.110209 0.169172
8.986923 1.639402
9.085775 2.582856
8.722788 2.221125
8.532684 2.094763
7.809281 1.107124
8.322306 -0.433988
8.382807 1.224108
9.046754 3.413962
13.210985 3.501243
11.999835 7.184725
12.816956 6.525500
14.418758 4.910571
10.365871 5.546926
7.304191 4.805758
10.465332 4.057293
9.453634 3.588760
10.080401 5.143067
10.273776 3.736608
6.082767 2.655927
8.009463 2.268023
8.241037 2.999259
8.759693 1.629128
8.518584 0.828700
7.289015 0.865548
8.061892 -0.478066
7.867312 3.227222
8.465817 2.105952
7.685037 0.151689
9.032753 2.236883
8.640869 1.382010
7.245440 1.727216
8.565121 -0.444218
8.495216 2.367275
7.567644 0.778641
8.073791 -0.813806
7.365900 -0.244440
4.096537 1.553055
1.917155 1.857143
1.151023 1.856316
1.133069 -0.435105
3.669204 -4.751226
4.517910 -4.875220
5.697649 -6.280064
7.851434 -7.436843
3.899615 -8.315785
4.258377 -5.375146
0.992265 -4.833334
3.839344 -4.331682
7.194978 -0.499323
8.685482 -0.666328
5.799495 1.125736
6.738956 1.214020
8.218644 -0.391193
8.575517 2.169111
8.686647 3.935715
9.936634 3.787145
15.705073 4.029498
11.945549 3.553726
13.474840 5.249515
9.977764 4.450198
10.315458 4.088870
10.574143 3.540861
10.472991 3.455702
11.005973 5.191761
9.570358 4.999298
11.648494 4.331293
7.908875 2.995963
6.764174 2.753379
7.238796 2.622377
13.516438 5.580373
15.692840 4.214616
14.702663 0.277070
16.200319 1.141462
