-8.956271 -15.972484
-4.954731 -10.287642
-2.436958 -6.957407
-0.083704 -4.068308
1.721404 -0.143846
1.311939 -1.399689
0.600648 -1.337753
-0.529102 1.507472
2.759020 1.480667
5.387331 1.165752
3.441414 1.208566
5.946939 2.130676
2.757802 1.772767
4.950583 1.352190
1.971159 1.231755
1.422219 1.527143
1.358174 0.270138
1.799086 1.044480
2.307091 3.289317
3.788075 1.642624
7.649054 1.413385
6.914865 -1.501805
7.230938 -1.015770
7.853565 -0.449893
7.838188 0.819684
7.150656 0.756416
6.837661 -0.324594
7.069322 -0.508100
6.832355 -0.988032
8.623043 1.607448
4.005314 2.133036
4.576802 2.853783
4.189279 1.246592
2.726545 1.405335
2.704288 1.251809
3.826149 1.062095
3.242078 1.256078
3.460328 1.388956
2.776496 3.029266
1.562859 2.912190
3.021922 1.338175
2.166516 1.471146
2.730765 1.159545
1.580814 0.829027
1.709002 0.414960
1.644116 -0.901615
1.181554 -2.876557
1.582723 -2.603664
1.693805 -3.296348
1.082776 -4.358228
1.511853 -4.755140
0.797583 -6.695762
1.618936 -6.345311
4.760190 -4.977061
1.969564 -6.247671
0.313470 -3.362585
1.106933 -4.082850
0.533881 -0.039203
1.782411 0.673069
1.478130 1.243816
1.356041 1.189468
5.134649 2.015842
4.989905 1.962728
3.565667 1.167189
4.971130 1.175941
3.994638 1.893038
2.536791 1.536619
1.359694 1.555731
4.665798 1.893667
5.021152 1.454222
6.259731 1.377492
6.574055 2.292804
6.926408 0.688817
8.133950 0.765865
5.559330 3.220023
6.612654 1.146144
6.431353 1.336608
8.980096 3.653138
12.519806 4.793074
15.045671 5.544008
17.077412 10.674170
