14.720232 -11.992443
12.614738 -7.455375
9.002171 -8.131670
11.448715 -9.613902
7.488918 -8.744161
9.450674 -6.836499
10.027971 -7.625094
11.079065 -7.573763
9.284286 -9.144773
6.561183 -10.323062
6.254202 -5.469743
5.931567 -6.805463
6.056272 -7.861450
9.952606 -6.976907
7.616173 -8.076824
5.538002 -6.224680
3.013524 -5.210047
1.923497 -5.400881
1.011369 -0.646646
0.588449 -0.537873
1.526145 -0.413614
0.703349 -1.280329
0.672090 0.581923
1.124699 1.380444
4.966942 2.050301
4.884733 3.843844
4.597515 5.164082
5.509392 8.224134
4.949804 9.531231
4.004731 10.535644
10.084390 11.910144
8.691610 13.047716
9.003749 12.117061
11.031018 14.681581
11.160660 16.045816
