-19.559229 -0.925824
-12.992800 -1.725503
-12.318819 -2.204126
-9.878320 -2.666540
-9.694927 -1.631891
-6.578818 -0.590825
-7.846607 -4.522709
-6.898252 -6.834962
-7.614413 -7.781462
-7.691664 -4.789790
-5.641769 -1.249908
-10.136357 -2.597754
-10.477486 -0.133049
-11.575979 -0.828408
-13.488276 -3.165379
-14.703583 -5.890994
-16.507816 -5.762600
-17.140038 -7.000189
-14.243281 -8.145941
-11.900161 -10.020864
-14.556774 -9.533774
-13.075642 -9.420994
-7.157239 -9.007636
-6.667418 -7.203798
-2.656577 -5.977840
2.071126 -6.528383
