19.554846 -14.992274
15.821315 -10.852341
10.786135 -7.259712
10.231073 -7.351815
12.151110 -10.348621
10.652504 -10.012907
11.862489 -8.402182
11.718897 -9.104970
11.466436 -2.795090
13.258212 -3.042045
10.509825 -9.013753
12.283602 -7.078116
5.423122 -7.870528
6.152070 -5.756305
4.289433 -8.335730
8.676750 -9.736085
11.765777 -8.874965
14.024813 -8.443685
9.890386 -7.092546
9.420875 -7.019555
10.091316 -9.773379
16.021576 -5.353025
11.955252 -6.377957
11.830400 -1.961815
16.878815 -3.663288
15.951863 -2.561245
18.421625 -0.198288
15.450460 3.573177
10.813786 5.072149
7.498075 1.861766
8.073364 -1.335595
9.056154 -1.331277
8.310346 -0.516823
8.026890 -0.614071
7.315623 -1.096992
7.725493 0.377404
8.146346 0.604284
8.632032 0.334159
8.453285 -1.126286
7.588615 -1.083916
6.826655 -1.083136
7.955981 0.122326
8.783355 0.550248
3.187595 3.631165
0.295814 6.628004
-0.933934 10.515263
