3.256646 -9.349171
-2.706610 -14.560690
-8.897844 -15.050591
-11.295434 -13.596475
-8.046747 -12.477724
-8.070941 -11.275176
-12.697826 -12.085938
-7.908908 -11.247186
-5.632825 -7.722591
-5.842849 -6.181188
-4.893116 -7.555816
-6.241988 -7.742590
-8.567486 -8.297197
-10.405731 -10.219047
-12.362209 -8.135684
-11.705061 -11.028305
-13.488266 -7.274419
-11.426369 -10.538504
-14.823233 -10.683021
-11.516510 -9.265244
-12.890100 -10.376548
-17.373466 -11.051064
-16.583847 -17.128756
-18.566435 -18.413090
