-7.916534 17.979527
-1.711212 15.448350
-1.606803 12.722328
-1.975858 15.352255
-0.878333 10.414602
1.059480 8.052236
2.170080 8.876620
-2.291270 11.277861
-0.995551 10.359056
5.710824 10.384324
4.124608 12.014699
-0.911552 14.237924
-2.492424 9.624050
-1.810776 12.449216
-3.377428 15.790554
-2.940261 15.508529
-5.151405 11.670060
0.886636 9.263324
3.705578 10.235144
1.525949 8.952372
-2.428352 11.860691
-1.338560 11.321792
-1.770031 8.997750
0.184855 8.860978
-1.598523 9.880900
3.943460 8.152106
5.345894 5.250122
4.128201 13.146230
7.927717 10.864962
0.901237 10.243688
1.940123 8.383409
3.539686 5.984349
-1.721695 9.782497
-4.724563 12.414544
1.060429 9.551414
1.530513 9.883843
-0.162612 8.404401
-1.451737 9.971655
0.887849 10.101668
-1.167264 9.845001
-2.191196 13.337483
-2.257645 11.366157
0.114846 10.545605
0.149152 8.522379
4.222122 8.909213
5.737588 5.850694
8.134167 -0.781221
8.108131 -1.047271
7.699199 -0.505527
8.746875 0.694990
7.222953 -0.342454
6.943473 0.249950
8.028709 1.404565
3.634742 1.094951
6.222980 1.145327
5.811959 1.918130
7.211831 1.808198
6.293219 3.103565
2.139794 1.381472
3.936116 1.323808
3.374310 1.203094
2.478197 1.662311
3.050740 2.677082
3.267547 2.095428
3.970284 1.291798
0.679504 1.120039
-0.133313 0.341937
1.572645 0.948661
0.011914 -0.850849
-0.311971 -2.861681
1.577186 -2.934269
1.339802 -1.586125
0.657327 -3.125628
2.451025 -4.586941
1.763335 -3.997787
1.744710 -0.880477
1.089016 -1.677964
1.307835 -1.936875
1.764221 -0.440913
-0.141469 -0.931759
1.355635 -0.643624
0.954723 0.700179
0.022528 -0.661790
0.915492 -0.035711
1.041435 -2.525209
1.586092 -3.642974
0.642168 -6.007305
2.861217 -4.131675
3.065369 -3.981268
3.938318 -4.019527
3.542687 -4.860538
3.208939 -4.153833
1.390949 -3.879933
1.192250 -2.936035
0.217785 -2.756780
1.701264 -3.421125
0.751753 -3.255478
1.540890 -3.038868
0.882479 -2.492846
0.890437 -1.826740
1.635247 -4.917416
1.780133 -1.252025
1.718206 -5.914196
6.762177 -7.174079
6.169609 -7.577422
6.143255 -9.412249
9.674798 -9.358871
7.840521 -10.922573
9.206144 -10.957690
14.222692 -11.894870
