18.397953 13.272662
12.395485 4.675025
11.987149 4.135411
14.243240 3.392484
14.332253 1.851446
14.548149 1.702605
17.149580 3.580915
11.780519 6.064564
14.108845 6.579205
10.151579 4.122413
10.223997 3.609423
12.175002 4.335782
10.637445 3.568352
9.933376 4.391955
6.953846 3.132253
8.395021 3.027946
8.525744 2.988967
7.569427 2.298696
8.862850 -0.740657
8.348114 3.798828
13.027944 4.121702
14.933648 3.296686
16.337030 -1.417864
15.014269 1.884077
15.513760 -2.409657
14.461257 0.814770
14.208356 -1.415820
14.214283 -3.625256
12.681602 -2.554708
13.127841 -3.288260
13.589878 -9.440784
8.417847 -6.897954
8.741771 -7.674282
5.799339 -7.104869
3.035148 -6.108129
8.183207 -1.220774
8.106308 0.555470
8.997932 -0.421007
8.983377 -1.052894
8.984915 -1.543317
7.973230 0.009574
8.617094 3.178576
9.589819 3.693000
7.951558 4.931165
7.033044 4.038932
10.772496 4.682984
11.408676 4.569950
8.932716 2.497746
8.470670 3.239301
8.449520 0.767029
6.538305 2.695210
7.259182 -1.036602
8.942694 0.325965
8.754207 2.050792
7.489623 3.355395
8.243874 3.753670
5.380712 2.478538
5.042531 2.991868
6.019072 3.106674
4.217713 1.236518
3.125538 1.317847
2.740831 1.419277
0.546933 1.823738
1.723991 0.126255
1.640738 0.252975
1.116413 -1.055336
0.886841 -0.663218
1.235845 0.296389
1.833802 1.460328
2.753981 1.388100
2.896640 1.717821
1.332850 1.171312
0.945890 0.504269
0.710422 -1.937304
1.162545 -1.962400
1.349563 -1.244137
0.573418 0.247094
1.690441 0.430660
1.631558 -0.087245
0.876039 1.459996
1.709191 2.449654
2.356660 1.787176
4.346886 1.165754
5.872016 1.562277
5.717628 4.330799
5.293916 1.742538
6.849203 0.551916
8.395906 0.459255
7.078561 -0.840207
7.749703 -0.840251
7.309199 -1.319841
1.342501 -3.761851
0.648453 -4.850606
-0.670098 -5.427426
1.639644 -2.816823
1.665526 -2.804275
1.030190 -3.154061
4.116921 1.571323
4.174972 1.971032
5.613750 1.142427
3.759606 1.615090
6.490302 1.524705
5.934059 1.308593
8.606878 1.427826
8.697286 1.124963
8.223160 -0.421469
7.092858 -0.619484
6.987861 -1.369738
7.504900 -0.891741
8.735908 -0.017025
7.996743 1.522082
7.647901 -0.936538
8.207914 0.319677
8.292948 0.744808
7.905143 -0.018168
6.500321 1.251549
5.041889 2.508847
3.891360 2.235063
5.025077 1.965141
5.413783 2.153713
4.420177 1.727168
2.983707 1.606631
0.721916 1.317709
0.552720 0.382990
3.079685 1.368118
1.600745 -2.684239
1.140217 -0.704050
0.599951 0.102306
0.824815 -0.600147
11.833560 -5.086094
5.996522 -4.373020
4.186391 -6.959598
4.195603 -8.561256
10.900839 -8.025894
6.641184 -6.807579
7.234216 -7.073582
2.911079 -6.362261
3.274506 -6.053991
2.623910 -4.319763
5.011161 -4.207319
5.458057 -5.839904
5.306671 -6.671855
5.551862 -9.439711
9.025903 -8.347388
10.258366 -7.564282
8.980062 -7.781075
5.714977 -9.204886
5.012464 -5.368498
2.811341 -5.953848
3.613996 -5.827945
5.090017 -4.771655
4.514723 -4.497510
4.078022 -5.311735
7.329952 -8.005336
8.314585 -7.131714
10.637090 -9.816224
13.098399 -10.429128
10.208397 -8.981529
5.945100 -5.690568
5.469101 -6.042857
8.423197 -8.260679
5.478045 -4.506815
3.066673 -6.230001
11.968102 -3.636914
12.415923 -6.841163
14.753677 -11.122363
12.686930 -1.905970
17.332315 -6.101481
10.671311 -7.626419
8.189851 -9.777455
9.755545 -6.806066
11.664644 -7.614980
12.846842 -3.660402
12.559216 -5.879423
9.017487 -9.261752
8.582189 -6.665344
9.468607 -6.776743
7.649790 -6.716049
6.169380 -7.207875
4.170006 -4.056848
3.299079 -4.654599
4.552461 -4.457645
3.659648 -3.980317
3.443442 -4.266131
1.895010 -4.860664
1.484727 -2.522520
1.686353 -0.311321
1.052339 -2.265354
1.187008 -1.078969
1.675557 -1.285246
1.512878 -1.282820
2.954580 1.527216
3.866962 1.203676
6.445204 1.195709
3.789949 1.260156
3.512799 1.596064
8.241392 1.557068
7.123887 -0.990792
8.859423 0.671063
7.309126 2.586790
7.895825 -0.733207
8.427944 1.795336
8.539766 -0.096897
7.960379 -0.362649
8.207838 -0.363653
7.135766 0.227040
7.763475 0.249515
7.413969 -1.589047
8.715261 1.850360
8.753190 -1.110861
7.412683 -0.193772
8.401226 -0.384216
8.417061 0.690255
6.671963 3.635036
3.487723 1.663622
1.674540 -1.048833
1.300931 0.608559
4.938030 -4.109099
3.231989 -5.196804
2.856626 -5.821755
3.707281 -4.525210
2.714858 -5.563063
3.696694 -4.357261
1.058594 -7.587697
3.427855 -10.315182
6.137687 -8.846133
4.852939 -7.605027
3.692691 -9.124028
4.499812 -8.825374
8.701513 -6.954009
5.714277 -9.497739
7.538130 -8.811526
8.292215 -8.299682
9.498960 -6.651783
8.725823 -7.192522
7.018729 -7.868938
5.666186 -6.561402
3.058082 -6.000297
0.065416 -1.117426
-0.798758 -2.078569
0.871495 -1.036535
1.489883 -0.689778
7.495011 0.814383
7.916530 1.333884
8.456207 -0.873993
9.040349 -0.950876
7.854434 -0.591011
7.537152 -0.955853
7.248478 -6.832304
6.124638 -6.767325
5.329062 -4.935150
3.593861 -7.674627
8.868844 -6.723702
8.930597 -7.664440
9.319452 -7.834989
6.402859 -7.512791
7.798014 -7.272757
5.403296 -5.269864
4.017340 -4.165666
3.366794 -4.053266
3.994366 -4.734735
2.339020 1.460773
4.217674 2.161848
4.904267 1.083333
4.631324 1.812624
7.928469 2.642514
8.806186 0.795637
9.501474 -1.604763
9.058269 -6.714629
8.527686 -9.456187
5.035845 -6.381302
5.159655 -4.817229
4.201959 -6.209423
8.245311 -7.908535
8.110257 -8.425863
8.572707 -7.063823
9.271852 -8.604743
4.254599 -6.190359
5.363592 -7.399061
5.198732 -6.465462
5.768059 -4.934850
8.852478 0.056931
6.485299 1.922454
7.662985 0.349222
7.533732 1.081809
9.075036 0.267334
7.352454 -0.013050
13.332493 -2.517413
12.800611 4.358987
13.881519 7.210801
13.559653 3.440362
12.492437 6.422224
13.986497 8.228204
13.413927 4.302729
14.342117 3.466014
14.967636 -0.991612
15.256096 1.133065
15.011683 0.603604
14.904725 -2.231579
12.953482 -1.661464
11.752621 -5.132456
10.907084 -7.067477
10.038180 -7.343041
8.076235 -7.849039
12.609260 -9.208508
11.580628 -6.593489
11.862087 -7.554358
8.533638 -12.286575
5.882947 -9.232399
6.507254 -6.659036
7.242590 -1.490381
8.773518 0.794410
5.962103 3.285663
5.015405 2.178538
6.188049 1.634434
5.256635 1.092293
6.116812 1.099208
7.263529 1.709463
4.638527 1.432246
4.976672 1.570003
2.116294 1.247862
2.142556 1.581498
1.800149 0.968625
1.133977 0.674257
2.543540 1.767923
3.102454 1.098640
0.287403 -0.182302
1.434224 -2.106019
0.426879 -3.214665
1.702785 -1.854286
1.481761 -1.385243
1.088046 -1.231043
3.950081 2.154513
5.920434 2.078332
4.947607 1.479874
5.854190 1.062856
6.433457 2.178610
7.217021 -0.111107
7.519885 -0.398534
7.019391 -1.153570
8.250217 -0.635738
6.834704 0.482991
7.461080 0.028638
8.057735 -1.046650
7.697122 0.767173
7.285433 -0.915966
11.669132 -2.033005
12.171634 -3.044924
13.134550 -5.460552
10.418369 -10.475924
9.651588 -12.117789
17.244764 -1.895517
15.006830 1.118550
14.846581 -0.273832
15.053946 3.030599
16.708183 4.424794
14.132675 -1.998371
12.609653 -2.730132
12.911801 4.323903
12.679897 -1.736387
12.948277 4.397863
8.184665 4.281982
7.882966 0.453188
8.705173 2.129314
12.011199 3.653379
13.354183 3.947677
9.010735 3.570588
13.405323 4.481342
14.242604 -0.362895
16.040371 -6.489604
7.296065 -10.457159
7.550346 -6.748107
4.752829 -4.471006
3.871451 -4.896455
2.000756 -4.406711
1.722040 -3.990366
0.996727 -3.844490
1.515085 -3.941903
1.348495 -1.647275
1.222995 -3.514412
0.433232 -1.969825
2.278037 -4.639427
3.434756 -4.788205
5.298050 -5.289836
5.106217 -6.750646
5.532908 -7.334473
7.559610 -6.949204
6.060834 -7.730224
11.601555 -5.924026
9.894992 -7.693553
8.175705 -6.849428
5.535522 -7.693820
4.256817 -7.863075
3.776589 -8.383668
8.448252 -8.859864
10.440077 -8.729453
9.559439 -7.722837
5.337262 -7.285752
8.612773 -7.815976
6.983727 -8.709947
8.005095 -8.030771
5.704246 -7.786033
8.818384 -9.754905
3.432355 -5.827608
6.385848 -5.790076
5.081934 -6.058468
7.681197 -7.319959
8.858717 -9.317407
12.654339 -11.463987
8.016559 -9.327704
10.635704 -10.058465
9.303289 -7.595567
6.392917 -6.853264
5.987897 -4.248566
5.869929 -4.393261
5.468446 -5.546051
5.466552 -4.816216
3.549936 -4.392407
6.390652 -5.177946
3.740222 -7.228212
3.686839 -7.905635
3.473641 -10.587617
