-9.568055 1.669849
-9.110085 1.537433
-8.575645 3.495109
-8.188508 2.461119
-9.063181 2.123718
-11.329571 1.870794
-8.841984 1.852298
-8.513529 2.533998
-2.359684 -0.019458
-1.982334 0.255413
-4.175061 0.132940
-1.478174 -1.487055
-3.398024 -1.155186
-4.269944 -1.102689
-2.524213 0.088025
-2.329723 -1.502851
-0.781066 -3.721300
-2.718487 -3.657088
-4.274125 -1.493569
-2.135080 -2.035983
-3.982873 -0.813218
-3.199418 -1.545247
-4.103755 0.670619
-1.816503 -0.185800
-2.598055 1.772028
-4.039612 -1.237303
-3.627873 -1.780528
-1.803137 1.156103
9.534478 4.893855
11.603903 2.817004
14.153716 2.272059
