-9.720013 -14.945508
-5.141889 -10.516795
1.611997 -5.463940
3.123277 -4.204372
6.089293 -2.461375
5.870587 -0.480999
7.018229 -1.567912
7.155318 -1.296812
8.347468 1.037398
10.490047 -1.120264
10.279188 0.432808
7.612069 -0.824555
10.684208 0.843055
9.732155 0.423625
8.846979 -1.479814
10.618615 -0.984778
11.350986 -1.190065
10.170311 -1.022483
6.895626 1.481812
4.348457 -2.515994
4.448243 -2.020625
4.444824 -2.221128
7.158270 -1.251457
4.584922 -2.013082
5.656269 -3.725044
3.983857 -6.576716
4.866302 -7.004049
4.917843 -7.443779
4.253088 -7.380677
1.599234 -7.312809
2.336141 -7.898983
2.164042 -9.389476
2.692756 -9.707849
3.789497 -16.310875
3.637890 -6.846466
4.439793 -6.016374
4.545693 -13.847899
8.813186 -13.855151
9.265227 -9.638365
11.791235 -11.131135
9.459067 -9.362924
10.015080 -9.292065
10.693899 -8.191048
8.844101 -8.797751
8.942514 -9.162633
9.691713 -8.866143
8.634521 -8.619024
11.213825 -8.982104
9.286601 -10.766767
9.308144 -9.279149
8.548365 -8.160254
2.464551 -8.990911
-0.002810 -7.897926
-0.104580 -8.868201
1.193884 -6.810702
-0.648893 -9.076444
1.269697 -8.637628
1.809314 -13.183364
8.535917 -9.256040
8.282073 -10.521276
2.274407 -11.768279
0.530581 -10.709596
6.065944 -13.270572
5.380867 -13.427756
3.909995 -7.498881
2.281476 -7.940628
1.554112 -9.463677
2.670306 -8.173135
-0.356191 -8.852534
2.206429 -12.293307
1.185808 -14.834189
6.485763 -14.276292
5.075511 -14.716775
6.389297 -14.086721
10.320269 -12.540797
9.656953 -11.410158
2.026310 -9.702045
5.752042 -7.118746
12.437866 -6.372953
15.546320 -5.053470
10.999969 -8.309379
10.904417 -8.243820
5.116235 -8.185927
5.870973 -5.248762
4.939763 -4.728424
8.196481 -8.369056
10.677189 -9.761209
9.725554 -11.378958
10.696632 -8.240603
9.568960 -10.755163
8.397873 -10.113063
8.678176 -12.260296
8.220150 -8.213982
5.314343 -8.123363
2.831048 -9.694366
2.787829 -11.775119
2.369483 -8.782760
2.081654 -6.892389
5.652842 -7.655519
5.281842 -4.839962
2.862082 -7.694563
3.681282 -7.988380
5.856089 -7.538059
2.992583 -5.330514
5.835084 -6.583688
2.358663 -7.235418
5.202599 -8.198598
6.915541 -7.929716
4.520700 -5.309269
2.276985 -6.865076
5.867267 -7.065635
5.792417 -7.591213
6.273503 -7.903656
7.611765 -7.873901
5.841925 -8.051492
6.037799 -4.437899
5.860889 -8.014577
5.599307 -5.398822
3.613225 -5.954237
5.587286 -6.527712
3.389834 -6.679280
5.921493 -7.402024
9.583106 -10.644225
9.083410 -11.957924
2.434910 -12.804893
2.494128 -10.285588
1.312908 -10.761442
1.347751 -11.841198
1.480927 -9.791087
3.570359 -13.875208
4.112034 -13.702933
8.662721 -11.383405
10.965964 -8.573953
3.468309 -3.103182
5.635545 -5.770196
5.634704 -6.877733
6.548883 -7.910283
8.392330 -0.867069
4.603782 -5.092734
4.670875 -4.462227
8.594126 -8.733518
8.518297 -10.429313
8.322781 -9.292817
9.322039 -8.797140
3.851534 -7.190920
3.954678 -7.694195
4.600601 -6.731387
2.801815 -7.554476
2.377183 -10.832942
1.903455 -11.063495
2.137323 -10.480423
0.900033 -8.884129
2.196493 -7.684470
2.675654 -8.706683
1.478680 -9.255427
2.832111 -9.133681
2.199332 -8.516026
6.002783 -5.096731
4.083417 -7.654773
0.163179 -10.300332
0.759407 -12.573438
4.369047 -15.030923
6.991929 -13.297072
9.657043 -12.240712
2.070865 -17.063503
5.176139 -13.444039
8.299507 -10.226315
7.309752 -7.885688
8.196436 -8.616044
8.604311 -9.067162
8.392565 -11.448913
8.086314 -11.535110
5.241533 -7.849122
4.490113 -6.725358
2.213217 -6.808550
0.327596 -7.076371
4.394125 -6.589654
2.202678 -8.154286
5.754652 -5.791773
5.914189 -5.842638
4.955449 -7.087768
5.812268 -4.880937
4.373957 -2.237470
2.767809 -5.294437
1.047572 -8.195388
1.396513 -8.386430
4.210613 -7.132814
5.524691 -6.369092
5.827621 -5.666996
8.567904 -10.992804
8.339012 -11.092086
6.671312 -14.715722
8.792006 -12.737073
0.945420 -9.742167
0.237610 -10.252482
2.366205 -10.187465
8.127997 -9.122180
9.336971 -10.867495
9.738580 -9.314780
10.365738 -11.027911
8.436168 -11.500731
8.490329 -9.771224
10.159483 -8.707783
7.202229 -7.989260
4.921094 -7.796127
7.728091 -8.097573
2.921278 -8.028367
0.375292 -10.721457
2.872551 -8.034286
5.132162 -8.109282
2.623181 -7.164873
2.734205 -6.068822
5.169273 -6.544747
5.747980 -4.060270
5.682794 -7.188178
2.418001 -7.350567
2.466509 -7.127645
7.197400 -14.994470
8.068913 -15.182284
8.406281 -10.225870
8.488086 -9.911557
9.577003 -12.806554
6.031603 -13.886558
8.330441 -13.230857
10.934486 -8.754332
11.869503 -6.462164
10.689657 -10.449494
9.127766 -10.101487
12.743188 -11.560195
12.132276 -6.109513
13.028769 -9.119905
11.572485 -7.758248
10.126560 -9.004757
10.486983 -10.015773
9.694868 -11.262141
6.991424 -16.277102
8.130276 -16.047941
9.288323 -13.134429
8.176321 -13.388572
9.471852 -9.857498
8.452587 -8.270136
8.032960 -11.624804
7.893777 -9.135576
11.176332 -7.976562
10.576071 -8.706848
10.846994 -8.749946
11.169687 -8.797506
8.155699 -7.946020
8.655933 -8.477708
5.951976 -5.986200
9.418092 -13.705224
10.697421 -12.001399
9.973055 -10.190984
9.563851 -9.444036
10.253191 -10.789001
11.582783 -9.334036
11.021235 -9.307256
1.665346 -11.214057
5.228583 -4.959618
2.569223 -7.894626
5.263781 -7.919992
6.822876 -13.871024
8.469887 -8.057024
6.889897 -13.322574
2.655879 -17.268553
7.539886 -13.725291
13.987528 -12.726330
10.187593 -11.918191
9.481380 -10.717044
8.247212 -8.707671
8.441797 -8.318523
3.837385 -5.720549
3.461698 -7.335536
5.860718 -5.611087
4.570330 -7.069585
4.419508 -7.417161
5.573572 -5.376110
5.189406 -5.613183
3.484241 -6.827152
2.205752 -8.945107
2.557692 -9.861402
4.532313 -6.542438
6.227201 -7.940516
2.886502 -5.875903
2.558949 -7.345924
4.834149 -5.428956
1.685140 -8.111383
3.393155 -7.807287
4.285151 -6.749903
5.777816 -8.181928
5.006458 -6.786152
5.694501 -3.328336
6.112494 -2.714437
7.893860 -1.100195
8.912564 -1.143211
9.661737 -1.029903
12.423271 0.351880
11.533405 1.447706
12.277398 -4.139919
14.824059 -7.704653
15.478243 -4.928446
14.287361 -7.965822
9.043093 -7.975154
9.909632 -8.294837
4.992649 -1.520877
5.874023 -0.970013
6.966572 -1.604776
9.831000 -0.387255
9.287347 -1.167933
8.753063 0.067264
9.173926 0.449832
7.538107 -0.043381
9.117356 -1.143067
9.618132 0.814097
8.031791 -0.250397
5.544488 -1.761064
5.628731 -4.123141
4.766783 -4.867427
3.571700 -6.042907
1.378146 -8.152368
1.843606 -4.321530
3.648596 -3.237235
12.018888 2.647964
10.182762 -0.423997
8.038596 1.099579
10.351503 0.650786
12.010307 2.374642
12.352704 -3.753286
13.724818 -4.013535
11.423957 -1.371783
10.767986 -1.624012
9.711089 0.715797
12.169504 -2.032925
19.311779 -5.250117
