2.968461 3.604175
-1.512816 3.406645
-0.945207 3.485496
-2.915014 3.538040
-2.745596 3.538485
-2.732930 3.433381
-1.014726 2.635327
-1.964911 6.846633
-4.695753 6.280580
-4.675435 7.067336
-5.833989 9.068044
-6.551506 9.363235
-7.069713 6.960493
-10.111120 5.799777
-7.062796 6.300488
-6.615456 6.812691
-3.931564 6.766926
-6.098164 6.028846
-7.104247 6.454870
-3.382917 6.422772
-2.259651 5.101485
-1.939853 2.961992
-1.690059 1.685478
-3.142511 2.538210
-2.870689 5.368040
-1.758833 5.445521
-3.602880 6.324346
-4.777338 6.385401
-5.786668 6.649962
-6.881276 6.697828
-4.985606 7.106036
-5.353932 6.667265
-2.653681 7.406081
-5.356252 8.905497
-4.067417 6.468467
-5.667010 6.482440
-12.407730 5.382052
-10.673383 4.154124
-8.191918 3.830637
-10.625666 6.411547
-14.520161 4.938469
