-12.986453 7.388911
-9.395019 6.197474
-9.031757 3.312436
-8.682387 3.778232
-9.273300 4.983820
-9.085407 3.222955
-8.211385 4.544621
-9.808775 5.328835
-8.110942 6.853242
-5.453716 6.829627
-5.084214 7.519274
-5.748786 6.814922
-5.235980 6.401809
-5.215927 6.484713
-3.081621 7.612939
-3.022665 4.979743
-2.574159 5.248731
-1.819108 4.693779
-2.407452 2.607325
-1.696632 3.667080
-4.731225 8.628525
-4.371679 8.366066
-2.782230 6.055894
-3.648348 6.543691
-5.692888 6.269064
-4.496377 5.948019
-3.749782 6.751128
-1.667192 5.136493
-2.460660 4.577477
0.402727 4.065854
-0.920195 4.929190
-1.789802 2.427968
-2.448140 4.144427
-2.301952 2.063991
-3.058293 3.967608
-2.521480 6.036264
-7.152598 6.080771
-5.689496 6.829243
-5.536993 7.447192
-5.861705 6.089879
-5.159936 6.351434
-4.367896 6.399372
-5.016146 7.393253
-4.521080 6.042246
-1.938457 7.581504
-3.097029 5.496072
-3.145003 4.876715
-2.954040 2.391648
-3.191108 0.286351
-2.219472 -1.180938
-3.745736 -0.457323
-3.673346 -0.421715
-3.524770 -0.243603
-3.169489 -0.905652
-3.155771 2.243531
-0.736670 6.072279
-3.360612 6.870887
-3.345740 6.637696
-2.294355 5.075459
-2.526121 2.189985
-2.957258 2.296567
-3.332171 -0.995874
-4.429157 -1.464133
-3.643164 -4.167961
-5.621971 -3.963292
-7.462789 -5.041042
-8.863125 -5.062926
-12.182652 -4.655461
-10.596743 0.391131
-9.076715 1.539128
-8.782116 1.566638
-8.291257 5.504158
-10.700150 -2.022256
-12.130154 -1.087000
-11.838087 -0.918499
-8.831688 2.734885
-8.507030 2.739059
-8.543162 4.065917
-9.693804 2.810311
-11.882618 -1.711158
-9.204504 -4.918449
-6.882806 -5.718637
-5.823893 -10.704431
