13.768723 -11.484762
9.989449 -8.464585
8.235361 -8.757549
8.152812 -8.336865
8.360161 -10.383176
9.466599 -12.619451
9.944881 -8.660810
11.220144 -9.767617
9.025677 -10.354380
8.420437 -9.714427
10.767110 -10.623751
8.037631 -9.144986
1.884462 -11.253956
0.068514 -8.635352
2.712113 -9.795303
5.933019 -5.920228
3.165499 -7.647591
-0.514005 -7.206230
2.677431 -10.954362
1.257665 -10.037146
1.616973 -14.001245
-0.553412 -10.683049
2.785194 -9.188825
2.170176 -8.389696
4.051182 -4.747209
5.456716 -6.882891
3.909097 -5.027788
4.681171 -4.188256
4.780694 -1.695704
4.793142 -2.033457
3.044765 -7.490174
3.898775 -8.173646
6.411867 -8.060134
2.089454 -8.799790
2.255279 -10.270886
8.408948 -8.731153
8.534870 -9.158522
7.933132 -9.357529
8.389223 -8.439901
9.806005 -10.850988
8.458704 -8.754359
5.354676 -7.465643
6.232099 -7.875247
4.914750 -7.043176
4.391800 -7.381688
5.893167 -7.218189
4.935657 -3.708917
2.010185 -9.080178
1.142234 -8.969410
2.488477 -7.922888
1.767344 -8.647657
2.321974 -10.867211
2.017990 -9.971047
-1.192026 -7.560527
1.389084 -8.918161
1.531874 -10.571660
1.658543 -11.880703
2.475476 -10.351226
2.280170 -9.894629
-4.417703 -9.593211
-7.692153 -12.214814
-9.474925 -11.575505
