18.085093 1.383483
11.941080 -1.369031
12.074099 -2.954177
12.010778 -7.250220
8.803263 -10.667323
9.075228 -10.557449
9.402094 -8.724637
8.406335 -9.986422
9.439236 -11.027415
12.089499 -6.211875
11.958549 -5.354939
12.007624 -6.096284
10.759182 -8.010564
7.904052 -10.449170
8.329487 -13.070611
3.933366 -6.141681
5.696634 -7.757087
3.476647 -7.708586
2.708683 -8.852911
8.589016 -16.251709
7.933485 -11.192009
8.150260 -12.754933
8.804235 -12.280578
1.960743 -10.939747
1.647109 -10.991544
5.308628 -5.700299
5.297379 -7.658344
0.696697 -9.120399
1.887283 -8.714556
1.530177 -8.442163
2.341717 -8.414505
3.761579 -13.814972
1.267116 -13.800029
2.266201 -10.905499
0.349849 -11.716375
1.645598 -11.901324
-0.975725 -12.171885
1.694869 -12.146902
1.049703 -10.341036
2.104599 -6.343845
5.701507 -4.871648
2.510637 -6.872302
1.269085 -8.635847
2.234011 -8.613676
1.548694 -8.584041
9.139198 -12.564784
8.411077 -13.175271
8.809370 -10.186408
2.370023 -13.370738
3.270659 -14.327954
7.298093 -13.509259
11.709694 -15.170065
8.084205 -10.809345
5.761515 -7.731448
3.753108 -7.541490
-1.437010 -8.731769
1.796031 -8.424953
0.465690 -8.184155
0.140305 -9.748906
2.232511 -10.373662
-1.536380 -8.621503
0.667807 -10.013717
5.432053 -7.236546
4.336056 -7.156717
5.319791 -6.151713
3.426554 -7.736669
1.585240 -9.157739
2.377206 -11.454545
1.977541 -10.389006
1.497951 -10.531898
1.548698 -7.753857
4.417747 -7.919793
5.039774 -6.768046
4.566921 -3.851510
4.789807 -2.955796
3.518855 -6.648007
1.146391 -7.606143
3.993940 -7.629684
5.677284 -7.078426
4.280257 -5.230108
5.841026 -7.750801
2.388177 -8.030659
2.275517 -10.869693
0.958550 -9.895299
2.384242 -9.354190
1.871444 -6.467479
0.425376 -6.998074
1.248583 -8.947091
1.364755 -10.951406
2.028659 -8.641902
7.976089 -12.385816
3.893490 -13.426438
2.679842 -9.161317
0.110799 -12.322427
4.376287 -15.970342
5.596562 -13.324386
2.479676 -9.151866
3.491129 -7.934715
4.038657 -7.916132
4.119378 -7.417280
4.797850 -7.955279
5.955028 -6.134610
6.106742 -4.376613
5.570210 -5.198630
5.181740 -3.867505
5.736006 -1.746065
6.149033 -1.391583
7.148833 -1.571841
7.329839 0.832994
8.593901 -1.261478
9.349593 0.983806
9.204040 -0.446112
7.273281 -0.646082
3.084896 -4.471067
3.891148 -6.541616
2.019816 -6.909101
0.736721 -6.384415
1.619912 -6.918259
2.476693 -7.653587
2.571230 -19.512888
6.075558 -15.531514
8.070933 -8.356833
9.800349 -8.793940
8.739916 -9.826329
8.626109 -10.159016
8.027761 -8.085361
3.017433 -8.087980
3.388043 -7.630447
3.136948 -7.932112
5.293311 -7.862728
4.139681 -7.968950
3.986176 -7.460721
4.443371 -7.377578
5.875101 -7.438914
4.268746 -8.180149
4.909359 -7.605862
1.834737 -6.575296
2.672161 -8.579848
2.987157 -7.459219
0.998439 -7.781636
5.811237 -6.641156
6.134751 -7.967623
7.505468 -8.059402
8.142017 -8.197040
8.226175 -9.752605
8.029454 -8.957514
13.036268 -7.989602
9.084044 -11.385844
8.516600 -11.660118
10.416000 -8.904323
8.410027 -13.472671
8.731519 -10.996254
-0.261737 -9.863803
2.316610 -12.783732
5.766454 -13.681111
9.294918 -16.960997
11.246423 -13.440190
8.369768 -8.255158
8.791275 -8.714325
6.213467 -7.993329
7.587954 -0.323757
6.440946 -1.523308
4.915136 -3.017612
4.586073 -1.578169
6.134957 -3.118038
8.558888 -1.469378
6.658712 -1.017994
2.824653 -2.091813
5.812264 -4.095194
3.522773 -7.227505
3.075765 -7.933936
1.204192 -8.994935
1.905109 -9.440462
2.583030 -8.868356
2.527334 -9.752589
1.275591 -9.272941
1.811717 -7.685255
5.324958 -8.017892
5.760381 -8.005826
5.951538 -7.902310
4.848328 -7.305110
1.561518 -7.908763
0.244186 -9.084004
2.340208 -6.916114
0.297960 -7.312935
2.632212 -8.861219
0.592190 -9.291731
2.490995 -7.430567
2.818028 -9.626902
0.024652 -8.345477
3.118541 -5.644054
5.996790 -6.331730
5.654383 -4.279093
4.114458 -6.337110
5.729237 -6.919313
1.416411 -7.916153
1.978755 -11.968022
2.708745 -13.005551
0.156266 -5.241767
6.060785 -7.735173
5.894598 -7.742625
6.144174 -8.079148
6.231740 -8.039487
5.174120 -7.398939
5.195491 -4.836834
5.758071 -4.408897
4.455731 -7.810280
0.941100 -5.732020
3.716684 -7.889194
3.276932 -7.866964
4.962040 -5.465930
5.152470 -7.125175
6.098625 -7.641826
6.069839 -8.060672
3.372113 -7.548119
3.452937 -6.532961
4.984320 -2.812138
5.948229 -6.234165
6.217280 -18.013210
9.353255 -13.011764
8.437222 -9.285509
7.944653 -10.088943
10.086091 -9.876362
10.165919 -9.571445
8.995005 -10.628236
12.161860 -6.749593
10.135215 -11.935315
8.402967 -9.973024
12.675039 -10.674438
7.698958 -16.396791
9.258498 -18.981295
13.889713 -18.183399
11.599295 -14.531553
12.348483 -6.555186
10.405846 -10.934932
12.354768 -5.736650
12.138027 -1.881460
13.139124 -0.823484
11.014861 -8.530934
8.526149 -11.290730
9.548031 -9.049445
9.652773 -9.030208
7.972076 -7.914917
6.829144 -7.975959
4.750973 -7.689317
5.242077 -7.093565
5.707245 -2.773528
4.489665 -4.413098
2.117158 -7.640930
3.625353 -5.885379
5.136089 -3.772100
2.082122 -4.192445
0.644313 -7.565370
1.033429 -8.109717
-1.816990 -9.729496
