15.127730 -8.198137
15.168053 -9.171455
8.635599 -9.266768
7.948460 -10.044426
9.030987 -7.985676
9.677635 -8.245262
8.410267 -8.858920
7.936395 -0.535441
4.412195 -1.728547
4.427999 -2.793835
6.070123 -5.398880
5.112877 -5.882310
5.336036 -6.116109
5.552852 -5.168653
4.292832 -6.077275
4.223499 -6.752824
5.492337 -7.677786
5.147497 -6.950078
5.396374 -5.108361
3.512636 -7.083340
5.005288 -6.894436
6.073480 -6.194942
5.192656 -7.549362
6.214609 -7.909492
5.612683 -7.490318
3.622499 -5.824849
4.618101 -6.283009
3.864817 -3.329445
-1.788940 4.579869
-2.217716 6.543571
-4.462716 5.986784
