-4.959678 5.989602
-6.957058 6.762056
-9.082352 5.351665
-9.848886 3.794951
-8.499778 3.629095
-8.244346 2.681714
-9.292371 3.834921
-8.625350 9.008296
-4.598698 7.224581
-3.866535 7.324569
-3.798203 6.770419
-3.619789 7.180533
-0.833082 6.190171
-2.965048 5.230348
-1.780572 1.937425
-2.251637 2.467180
-2.280826 0.013311
-2.013971 1.996935
-3.130358 -0.474451
-4.162608 0.651456
-1.876254 0.614669
-3.181515 2.169594
-1.349881 2.622469
-2.598726 3.405856
-2.412733 2.781427
-2.381223 0.357092
-2.410167 3.815300
-0.463803 1.870871
-1.740268 2.491664
-2.361942 3.251698
-1.820378 3.197253
-4.088284 7.814972
-4.760805 6.688416
-5.049078 8.465019
-3.753326 7.062013
-6.778896 6.433045
-6.948804 5.945489
-5.498283 6.484385
-4.737329 8.377220
-2.429593 6.159937
-2.888682 4.829824
-2.816228 5.885897
-4.805752 7.049749
-6.336885 6.577844
-5.605530 6.102323
-5.499388 6.497878
-7.013602 6.347819
-7.169138 7.240017
-5.952283 6.863095
-6.722542 8.425380
-8.659584 6.014122
-9.499397 2.168976
