-14.630982 -12.459300
-8.480031 -11.448511
-5.429980 -8.471219
-1.999047 -7.871406
-0.884376 -9.326347
0.010852 -9.625464
4.086385 -5.634072
3.174187 -5.183023
3.998901 -7.631041
5.232187 -6.717571
4.768470 -7.349687
5.898514 -4.963453
4.320398 -6.577422
5.531549 -7.825249
4.173349 -7.990915
2.699375 -8.199321
1.212030 -11.374722
0.995605 -10.524075
2.439606 -12.213481
1.255745 -9.837510
2.461173 -9.250134
1.870291 -11.633128
0.901183 -10.185152
0.489072 -8.250817
5.296251 -7.802445
5.905188 -7.566808
5.540762 -7.615282
5.159906 -5.978360
4.822926 -5.703259
4.476680 -6.795589
5.165694 -8.197055
2.799454 -9.173948
2.811791 -9.335640
2.186183 -7.634008
4.316291 -6.949178
8.485933 -10.878582
2.771970 -8.474562
1.073424 -8.386050
3.115810 -7.036525
1.418815 -6.885733
4.662197 -4.760827
4.695067 -5.441978
8.418174 -10.045697
8.327115 -8.696456
10.066051 -9.195518
12.461754 -9.029590
9.923983 -8.796096
10.692886 -10.178365
9.725842 -12.084347
11.694503 -8.437341
14.395492 -7.229247
