-15.256920 6.016430
-11.976209 7.050061
-10.133955 3.781321
-10.386463 5.087535
-8.525521 4.660525
-9.228091 6.331685
-6.894901 6.141079
-7.704455 6.470123
-7.768105 6.947156
-6.473078 5.956199
-5.311855 7.872155
-4.880875 7.797000
-6.006461 7.690921
-3.990155 6.716911
-6.564287 8.148687
-7.361841 7.282726
-7.673585 7.099391
-10.254361 8.027585
-8.285461 5.484361
-8.628655 6.065112
-6.560701 6.450429
-2.758183 7.453447
-2.164035 5.313910
-3.037370 3.117759
-2.200146 0.536252
-0.750489 3.476095
-1.059648 1.737938
-1.208158 1.665593
-2.580684 0.480021
-3.298679 0.351931
-3.802139 -0.115023
-4.503389 -0.442057
-4.044005 -2.682975
-2.264776 -3.712460
