-14.286291 -2.459264
-9.938404 -4.043639
-4.897246 -5.305159
-6.883904 -6.643688
-5.642736 -4.919013
-4.670403 -3.907475
-3.881194 -4.785088
-3.535242 -2.596041
-4.497244 -1.715160
-3.521536 -2.913852
-4.232176 -0.780621
-3.252033 -2.401514
3.696918 -3.949024
4.894267 -7.014890
4.857769 -5.632905
6.098244 -6.918772
4.772987 -7.389155
2.974244 -5.928231
5.941748 -4.112852
5.971269 -3.784759
3.598082 -6.691920
6.055830 -7.675547
5.591992 -6.426076
5.885530 -6.429154
2.796796 -7.739768
5.040227 -4.719908
5.891026 -6.299319
1.837808 -8.583722
2.597431 -8.450498
2.770531 -6.858094
3.387046 -7.939810
5.424857 -7.885181
7.310861 -14.915993
4.480033 -14.886096
1.582087 -12.272922
0.207844 -12.658658
0.738065 -10.414090
2.124028 -12.401498
2.557239 -10.333171
1.271520 -10.219098
-1.935733 -7.734234
8.739551 -9.686484
10.114500 -7.827527
8.089813 -9.303769
7.894073 -8.286304
9.530709 -8.499153
10.945102 -9.435828
13.270266 -11.963688
