0.702583 18.514185
-1.423579 10.129593
-1.404333 8.448018
-1.058865 9.650974
-1.278181 5.887181
1.765219 5.020171
0.159544 5.335385
-0.984636 5.154506
-1.716992 9.347553
-3.951436 8.829485
-0.341701 5.558523
1.822470 5.646824
1.855749 5.171961
2.093443 4.805182
4.817394 2.295155
5.385439 5.781753
4.451285 7.997416
4.360375 6.643986
5.620865 6.535804
1.558534 4.245222
1.839754 4.500128
-0.955816 5.796041
-0.041245 3.836955
2.768626 5.276522
1.584633 3.595409
1.003120 4.432796
-0.888899 5.727783
2.679547 5.049155
0.412826 3.511883
-0.432162 5.067948
2.554766 4.996683
1.943139 5.459378
2.909388 3.595008
2.567672 4.158559
4.208278 5.699805
4.694129 4.629481
9.119820 -9.378111
8.582678 -7.854559
9.036864 -9.196904
8.667149 -9.655937
7.850941 -9.579089
8.290643 -8.395573
10.418049 -3.963496
10.001130 -6.287416
10.810496 -7.012815
8.770089 -7.556662
9.609911 -7.693189
7.863850 -6.501256
10.145881 -6.117232
10.262539 -5.959120
7.208674 -7.317256
11.519859 -5.361614
6.538260 -7.989725
3.659078 -7.884755
6.375875 -13.462218
0.946133 -9.917069
1.644504 -10.412704
1.466474 -9.140235
8.885812 -14.140095
8.647333 -15.728265
9.940084 -13.782207
8.025086 -13.081731
7.882594 -10.725942
9.600028 -14.210380
6.153568 -15.356419
9.163666 -16.036058
6.215127 -17.108889
8.759080 -16.780756
13.058792 -13.597663
11.482630 -14.974633
6.315177 -14.252591
9.155542 -12.552043
7.912010 -12.675572
9.306546 -5.756115
8.493272 -8.181193
11.281088 -6.519702
9.964076 -4.272759
11.153129 -6.346770
15.575691 -12.929172
13.418667 -12.936711
14.929447 -10.367696
15.657900 -8.626852
15.079609 -11.652884
14.661866 -8.445526
16.154379 -10.146691
18.325720 -11.644274
10.041812 -14.602658
7.747326 -16.602993
9.073471 -10.567614
8.439724 -6.628917
8.296431 -13.222018
9.480717 -13.272951
5.512481 -15.092553
2.048977 -14.517923
2.360885 -11.106602
1.530718 -9.378757
4.211614 -6.738205
3.978483 -8.133588
4.524632 -7.465468
8.864909 -12.935973
6.357220 -7.826537
8.168334 -6.785504
3.998783 -8.173470
3.340317 -7.322015
6.295479 -7.399222
2.715366 -7.393030
2.746476 -7.295748
0.813757 -8.317927
8.020023 -9.999822
9.298031 -8.863524
8.731702 -12.783036
6.559217 -14.556991
8.855345 -13.293546
2.563792 -13.338531
0.809945 -13.301261
2.206718 -15.446037
3.040362 -13.401440
2.430476 -13.878012
4.427904 -13.530210
9.407972 -7.524972
7.573014 -6.547395
7.953650 -7.724988
2.779129 -11.794105
2.771504 -11.662442
1.369662 -16.788017
0.252398 -12.504895
1.501854 -12.574211
2.749094 -10.224279
0.324635 -8.906148
0.565667 -9.098435
1.326169 -7.421922
11.173581 -5.592947
11.527130 -3.428617
10.744411 -4.224456
9.303358 -5.924477
13.079219 -7.241643
12.074530 -7.800947
11.910946 -6.420893
9.143224 -4.090871
8.734580 1.493809
8.784229 0.845416
17.319508 -4.376466
14.656124 -10.033637
1.177675 -11.516420
1.579569 -11.689408
4.106647 -7.447649
2.317752 -9.236795
7.375942 -8.126560
7.962914 -9.533065
8.543947 -8.292766
8.058645 -12.092425
11.337406 -14.215219
14.842090 -12.754718
8.977200 -14.317189
9.932796 -14.697282
8.521404 -11.017877
8.786475 -10.875632
8.702859 -5.958640
7.702367 -5.227809
8.734375 -5.563248
8.387527 -14.103127
10.781885 -14.844997
5.517918 -5.899787
7.237956 -8.195223
9.249567 -10.979996
6.855465 -5.673945
8.729660 -7.675408
9.071107 -11.975163
8.273739 -10.119714
8.645573 -8.961276
8.345360 -7.667646
11.548435 -7.378810
7.607277 -6.337777
8.969810 -9.958131
8.901828 -9.883519
8.333421 -9.638854
9.022639 -9.138896
10.498281 -3.041019
10.487419 -5.858710
11.687140 -7.313827
11.386874 -6.154152
1.304839 -11.321992
-2.353789 -12.294435
-2.088851 -8.449618
2.575583 -10.151038
2.770432 -9.056092
1.830955 -9.547086
4.095065 -6.400457
3.372349 -7.869420
5.270114 -7.448400
5.684410 -6.752792
7.590647 -4.712193
8.242783 -9.170723
2.596560 -8.726306
3.673677 -6.193666
8.629514 -6.796098
4.693802 -6.426860
8.286805 -8.626385
9.382708 -12.578116
8.408165 -9.806058
9.776426 -5.727633
10.459071 -13.223138
12.933293 -12.961877
6.669614 -13.895589
8.751214 -15.055669
12.546801 -15.435205
8.239367 -11.159440
6.379788 -13.265460
2.554675 -9.902612
2.450103 -8.862323
8.518963 -7.446633
7.562398 -14.456779
8.695447 -12.028756
8.201017 -10.989481
12.077871 -16.935318
15.610227 -19.679201
14.516850 -19.696117
13.548595 -12.916211
6.476412 -14.008174
7.812978 -15.154375
5.089137 -17.740007
9.086156 -17.385767
10.134775 -12.948020
15.098057 -10.247090
16.242805 -8.605206
12.771141 -15.538541
12.282360 -13.706391
9.308711 -9.475135
8.779014 -11.477277
9.359591 -10.026180
8.069797 -6.225017
7.264640 -6.581160
8.875438 -8.884505
8.487247 -12.720195
15.087006 -11.162902
12.864997 -13.812247
17.583420 -12.773877
15.180236 -8.013370
17.136349 -10.597839
16.966930 -13.962862
11.455994 -13.134753
2.616004 -13.358129
2.536353 -11.593639
2.014478 -13.391797
3.925283 -13.272398
6.966302 -14.083100
7.402860 -14.975352
8.431905 -13.106717
8.932334 -8.547553
9.180496 -11.355663
10.433792 -13.157780
7.854249 -12.730541
2.072819 -8.409571
0.595346 -11.612515
0.440220 -10.111333
0.726593 -9.524274
3.663510 -6.292988
7.247777 -7.470066
4.524755 -7.224422
5.877872 -8.021245
8.165854 -14.177163
7.554005 -13.354737
10.917356 -13.539779
8.738360 -13.394287
7.532898 -15.403975
8.092385 -14.244664
4.312285 -15.384823
1.964689 -12.053035
2.757984 -11.781189
5.540013 -6.274810
6.584047 -5.200846
6.614532 -5.935559
7.966510 -10.336261
6.144335 -7.745511
6.014977 -7.968009
2.591046 -6.253385
0.243883 -10.265143
1.960669 -11.827994
4.069233 -15.505216
6.626611 -14.676926
4.934081 -13.834031
3.833931 -13.399703
8.276599 -9.426778
4.580051 -7.517459
4.875451 -2.292287
6.159898 -3.574117
5.241675 -6.727997
4.478111 -4.276603
7.222602 -8.014758
11.538656 -14.637160
6.441910 -14.933317
8.306589 -12.773602
7.134012 -14.175891
9.012690 -8.735082
3.247386 -7.958734
2.459271 -8.884200
5.377021 -14.118298
5.527985 -13.772210
6.409837 -7.647378
3.850566 -7.970922
0.924998 -12.534184
3.860672 -13.965627
4.641406 -13.760890
4.618793 -13.673472
3.694600 -14.051934
0.402236 -11.796620
1.871562 -9.998460
0.164172 -9.400885
1.125790 -8.788081
2.564364 -12.577937
11.047106 -18.658537
5.590601 -14.811107
0.987203 -12.659154
4.348894 -16.296953
3.969118 -13.472369
2.459287 -12.382277
4.276101 -14.741659
5.017833 -13.638166
5.391805 -14.546128
8.923557 -15.998490
8.567451 -9.354321
9.311336 -11.755418
10.532856 -12.944619
7.979756 -13.747827
13.841288 -14.449329
8.012421 -9.813635
9.015144 -9.474936
8.461888 -7.268657
3.081772 -13.558759
3.201531 -13.836015
5.368308 -14.362767
5.040826 -14.792978
2.056875 -15.489280
1.906711 -12.722171
1.708057 -13.283028
6.641596 -8.165401
7.446649 -7.828271
7.094978 -6.074841
3.230793 -6.596497
-0.160897 -10.756309
-0.100606 -11.017658
0.823068 -8.675415
8.810948 -11.118553
8.589563 -13.441360
7.460040 -15.003339
9.170071 -14.128755
6.432218 -8.146314
8.269523 -8.723857
9.077151 -13.279586
8.538577 -11.281569
9.061257 -7.809682
6.997215 -7.883260
6.742850 -7.840679
8.655459 -7.608218
8.148651 -8.491940
8.811281 -10.344039
9.010363 -10.823503
9.236742 -9.574530
8.649853 -11.465898
8.697756 -7.930364
7.406389 -7.534795
9.099609 -12.069931
8.656359 -10.364799
8.783830 -14.855504
6.703820 -13.531852
12.008804 -15.730950
9.334484 -9.936279
17.165115 -18.037409
13.217999 -15.624215
12.927966 -7.263303
9.985526 -7.054575
8.147221 -10.902725
8.352269 -9.297299
8.821000 -10.252684
8.038013 -11.012376
8.805988 -6.406051
6.554991 -6.557858
6.831699 -3.876620
6.666636 -13.556193
16.414869 -17.415075
14.729675 -10.509410
14.267069 -6.884665
17.077682 -11.447307
12.426278 -15.585189
17.504814 -13.028308
12.975701 -17.337305
6.594413 -13.212182
9.824959 -14.471679
8.659986 -10.183211
8.833494 -12.616062
10.351512 -14.370539
7.720593 -16.498713
7.759199 -14.614545
9.195347 -10.845987
4.395114 -13.937013
6.920773 -8.158621
1.475941 -8.268884
2.466760 -8.218856
0.998390 -9.019259
1.706245 -8.664297
3.170764 -14.116918
-3.533499 -15.229205
5.202362 -16.115664
5.590732 -13.705480
2.078252 -8.553323
-0.596186 -10.009271
-0.074638 -10.425666
0.803555 -9.232878
0.669748 -7.056105
2.090031 -10.502006
1.893360 -14.934340
6.614280 -13.618978
7.061107 -17.782534
9.471984 -14.004568
8.427909 -10.232808
2.606463 -9.772467
2.474555 -8.733093
4.672287 -7.790278
2.468323 -10.037621
8.156593 -9.277143
9.231882 -15.449450
8.947060 -10.001340
6.171626 -7.139338
8.586458 -5.789856
8.600460 -9.116254
8.303584 -10.393647
3.647129 -8.142689
5.405301 -7.753033
1.882946 -11.658523
0.436150 -13.090346
2.683589 -6.627683
4.222259 -7.818836
3.881253 -6.604228
9.384120 -5.068778
13.313748 -7.669685
10.663624 -6.923776
10.525497 -2.856002
9.023477 -3.918129
1.503705 -8.750759
4.097252 -7.448871
2.639559 -6.710063
0.539171 -7.425818
2.020035 -12.241459
4.902714 -15.909538
6.451155 -14.497893
8.058054 -13.605638
8.161478 -12.288558
8.874071 -14.049841
10.532037 -13.318317
2.451885 -13.501220
0.386109 -10.683530
3.470239 -15.705124
8.350613 -17.141691
13.147477 -15.485457
17.193672 -11.138281
19.849844 -12.560533
16.318295 -11.292442
14.461103 -11.386647
15.899399 -10.246776
15.619301 -9.538537
17.042177 -8.012708
14.898474 -10.546766
