12.569330 16.440166
5.971836 14.230551
10.241348 10.377748
7.997324 11.551664
5.674409 9.815631
4.934365 10.399816
4.426656 8.560843
4.519974 7.207448
7.063416 4.940095
3.244734 4.458560
4.567982 4.762208
4.212439 4.071737
3.780452 4.559845
3.756175 2.628384
3.677979 4.424225
2.919107 4.493369
4.442643 7.826056
6.386779 8.419495
5.436717 4.683162
2.368671 4.473629
1.719064 4.178942
3.642495 4.331015
2.715644 4.771351
-0.875458 7.550387
-1.569773 5.605982
-4.613102 6.964489
1.818843 4.582098
1.878254 5.351305
-2.058345 5.810466
-2.245744 8.987206
-1.730785 8.520007
-1.706301 9.226532
-2.470321 5.706595
-0.497419 5.739503
-2.139768 6.951621
-0.503910 5.647179
2.276227 3.654016
0.108639 5.252456
-3.079749 5.694545
-0.874430 6.322250
-1.035845 6.967998
-1.239251 15.566628
-5.762657 16.642483
-3.722227 15.521989
-8.476074 18.545639
-12.628115 16.295305
