19.903587 -1.767373
16.434834 1.085370
15.916126 1.074349
14.376280 0.730196
18.284708 -1.235211
10.641559 6.040212
10.580303 3.811093
9.454165 4.214603
10.292523 5.165805
10.890350 -2.976429
11.927277 -2.431679
9.491991 -2.999104
8.327082 -2.153615
10.590348 -2.463227
8.359004 -6.847987
11.758455 -7.042705
8.819283 -6.317411
6.437636 -6.498624
9.161590 -9.186018
8.373890 -9.670678
9.115982 -4.708165
11.337085 -4.639769
8.066095 -5.057868
10.278380 -5.267393
10.085162 -2.154418
11.402596 -7.225436
9.419163 -2.247241
8.450041 -5.792172
8.585430 -4.498099
9.944395 -2.221111
8.383270 -1.410854
8.274947 -0.528878
6.186207 0.792374
7.944017 1.583494
6.603996 -0.671872
6.024477 -2.659160
10.884329 -1.883316
10.379981 -6.240311
9.053349 -7.321034
14.262276 -6.812094
19.419695 -12.866329
18.723763 -1.459507
15.676538 6.525155
14.519442 -1.425162
16.859735 3.256424
11.929680 5.700023
9.814060 4.033662
11.485273 4.231534
9.164251 4.044933
6.733629 1.381020
6.030803 1.502000
8.862174 0.223841
5.232418 1.960219
6.721210 2.934605
4.155010 1.278437
9.278570 4.345008
9.561287 3.427319
8.137246 3.475676
6.661693 2.620087
4.696572 2.146638
-2.253387 4.235234
-2.079086 5.978556
-5.502700 6.771867
-7.379294 9.697998
-9.509303 7.323472
-11.594350 7.813385
