13.504262 -6.867276
13.200251 -7.098835
16.139935 -7.215388
14.779413 -13.948396
15.317685 -18.854563
8.117553 -11.954045
8.174859 -14.624777
9.203382 -9.239531
8.936767 -7.259100
10.010882 -7.779224
7.874629 -7.833977
8.328492 -13.080287
13.452152 -13.612618
11.690793 -13.034003
12.357214 -13.069440
4.391237 -14.831295
5.240485 -6.492970
6.339488 -6.775552
7.978736 -9.510500
8.725026 -12.542695
8.527922 -10.711883
9.635368 -16.691271
8.412815 -11.861156
5.008247 -15.636438
2.410110 -15.713998
0.300432 -9.659266
-0.106464 -11.141414
0.698551 -9.579095
0.640495 -9.203460
-0.192658 -9.418986
1.514795 -10.120905
5.630939 -13.600701
6.042703 -14.006339
5.560332 -15.683209
3.747648 -14.406788
2.816098 -11.042518
2.717798 -11.473046
7.874706 -8.394993
8.015307 -11.710042
5.330259 -7.551032
8.128541 -7.994070
7.932407 -8.674727
8.936397 -14.588743
3.900525 -13.856730
-1.437514 -11.096463
2.461061 -13.606635
4.076287 -13.424844
10.283212 -13.744517
0.976833 -15.363725
2.260385 -5.214489
4.716238 -7.106946
6.723085 -7.290551
3.603657 -5.499658
1.605830 -10.691878
2.251637 -7.272085
4.911264 -7.066773
3.415011 -6.621328
4.873965 -7.970363
8.626583 -12.177518
7.589033 -13.212827
8.380082 -11.821726
4.216758 -13.460330
5.779704 -13.408555
5.394531 -6.688809
7.166187 -7.535324
2.595270 -8.941541
2.516572 -11.149978
-1.130430 -11.192259
2.560294 -11.924161
9.108075 -9.616095
8.183481 -10.276841
6.714125 -6.992397
3.365785 -7.369686
2.277630 -8.321811
1.516579 -10.895469
2.554836 -12.629651
2.505349 -10.752940
1.970384 -10.669938
8.382595 -9.407880
2.271667 -11.768239
1.530995 -9.944592
0.144615 -10.205688
1.219033 -9.058307
3.416258 -6.988588
5.030768 -6.722548
8.549413 -9.352598
8.057216 -10.800147
11.506495 -13.485921
5.739477 -15.558837
6.984659 -14.684736
4.717586 -13.266089
3.233829 -7.053627
3.981033 -8.036712
7.949465 -11.851434
8.403209 -9.287225
8.189137 -11.333188
8.135434 -8.368915
8.560266 -10.330943
9.139990 -10.205783
8.128946 -11.393023
10.047733 -13.681938
6.654420 -13.520143
11.435213 -14.271420
10.964596 -12.923572
14.865215 -17.492868
14.697630 -12.242461
18.056099 -18.756344
2.390049 -18.432198
1.272265 -15.539291
-1.176446 -13.050014
6.026879 -15.053473
4.520509 -15.221631
6.324336 -13.862546
9.323156 -14.936818
9.157661 -10.635953
9.280464 -9.530568
8.539053 -11.956933
9.422899 -7.597708
11.033971 -6.032831
5.589107 -7.885169
0.781865 -9.584691
2.630027 -7.418187
6.449364 -13.659688
-0.322272 -13.872954
0.770635 -9.963660
1.714330 -10.868947
8.588553 -11.181788
14.682089 -14.431666
8.197081 -17.681665
6.792852 -15.133285
8.042431 -9.820615
7.325558 -13.221877
8.877068 -7.775424
9.873434 -6.283857
9.374180 -6.826056
8.967194 -7.442204
11.792469 -5.475079
8.675344 -7.668355
8.580585 -2.480079
8.734756 -5.955710
8.591988 -6.511667
6.123965 -13.836334
3.016435 -13.891444
6.316648 -7.419007
8.605561 -6.481492
5.462168 -7.346060
16.063923 -11.464630
14.633883 -10.882431
0.045445 -9.116977
1.439489 -10.547877
3.075958 -8.079605
5.496258 -5.697709
7.917096 -6.394685
3.067013 -6.570948
8.410199 -11.999060
8.378854 -10.508625
8.730921 -11.473886
2.553196 -10.885468
6.116074 -7.779599
6.156063 -7.330019
7.227429 -7.915605
1.302138 -12.620650
2.189954 -8.480722
1.696871 -8.558291
1.561258 -7.879963
11.639900 -6.540409
16.174349 -8.525220
14.178610 -12.954585
14.823460 -17.024363
10.990309 -14.113587
1.338290 -13.608317
2.523769 -7.725585
8.758789 -11.011930
8.538459 -6.582276
5.212139 -7.639281
7.220817 -6.250453
6.958694 -8.013116
6.321112 -14.907922
7.592176 -15.413953
8.044226 -13.235770
3.653656 -13.306714
2.944626 -15.349542
2.491119 -11.767456
3.690795 -7.491149
7.917288 -7.296970
12.166082 -7.668146
9.263544 -11.141851
8.306227 -9.835853
1.306036 -9.406446
2.817069 -9.361701
2.558581 -9.796652
5.675614 -7.430345
4.749209 -4.886741
4.953539 -7.609636
4.957352 -7.882349
9.959906 -13.115891
7.456978 -13.975539
2.051079 -11.635365
8.473495 -13.538720
3.988683 -14.401841
1.640038 -12.652194
2.773942 -9.408448
3.878081 -13.282105
5.285100 -15.554843
2.611587 -14.153189
1.350170 -10.813851
2.002357 -9.202443
2.000083 -10.912707
8.591907 -9.956931
11.215864 -7.046964
10.690479 -7.814075
5.773009 -6.436587
4.704632 -6.062614
5.201975 -4.757909
4.677397 -7.507819
8.389163 -7.310153
8.240715 -7.755254
8.162466 -11.570796
2.777636 -10.911396
8.754248 -8.628872
9.076408 -4.623404
8.518461 -10.529498
8.758261 -10.936074
8.365917 -13.684108
8.970119 -13.813394
7.366921 -14.362724
7.480634 -13.909417
9.418599 -12.880962
8.271182 -13.444451
9.299174 -6.643972
6.748312 -8.163875
8.629000 -3.837716
8.966652 -1.131549
6.903533 2.188736
12.189276 6.993733
15.898744 5.010946
14.737864 1.836578
17.906101 -2.428661
16.160646 -12.096282
15.301918 -9.791256
11.943061 -6.497925
7.926478 -6.585535
9.288528 -10.778817
8.768108 -9.358847
9.287247 -5.821519
11.745202 -3.310909
8.257317 -8.164798
8.856564 -12.715312
8.042331 -9.334080
9.636534 -5.119190
7.585170 -7.528599
9.159951 -11.139229
8.546658 -9.029496
9.197088 -8.759143
9.160188 -11.065842
8.540702 -8.602654
11.176914 -4.719316
11.608709 -7.339927
9.654987 -15.314084
13.119623 -16.052097
15.608424 -10.195840
10.335553 -13.193116
8.976956 -13.912114
5.826140 -13.463374
10.491304 -15.144168
11.280772 -14.887702
8.201126 -12.346071
9.185200 -10.217835
10.163342 -16.477188
8.111975 -16.900494
9.058632 -14.699063
11.107229 -7.078862
15.943627 -9.625918
16.450066 -8.779704
12.621109 -6.922729
10.919379 -7.311870
11.624838 -4.094104
9.107401 -7.853228
7.984518 -6.696169
7.446772 -6.664379
5.381867 -7.541261
12.243954 -7.651051
13.525621 -7.108333
9.087437 -7.838036
7.444312 -7.938334
8.799322 -10.147698
9.232533 -12.439976
9.175199 -12.293773
8.535231 -10.590634
4.775037 -13.365339
4.507023 -15.540111
6.307315 -17.955181
8.396687 -16.319868
10.294308 -16.485819
11.690789 -16.466578
7.905843 -13.729540
8.526372 -14.642820
11.020052 -14.042901
10.239689 -12.877650
8.419384 -12.911527
8.863848 -11.139956
8.203326 -9.079318
7.830204 -5.470648
12.277988 -7.396711
12.719940 -7.664796
9.672323 -7.152979
8.159273 -9.377782
9.181481 -11.455112
14.807823 -10.014371
17.920483 -8.882060
18.309490 -12.280797
19.230659 -11.878488
16.047344 -11.113393
14.605746 -10.923728
14.797152 -7.832832
10.069217 -6.595929
10.552917 -2.219166
8.112414 -5.096357
6.839575 -6.132808
8.652349 -7.866642
7.907564 -11.680535
11.414974 -16.977659
15.999071 -15.049350
10.496358 -13.932458
7.885479 -11.508300
7.959072 -12.865310
13.915666 -13.334039
10.326216 -14.654422
11.596507 -16.643772
15.477945 -18.292402
7.140859 -14.232478
9.288143 -12.345645
9.231053 -9.741709
8.329449 -4.838923
8.950335 -9.808785
9.421413 -2.697720
1.442703 -0.153812
