2.837990 -11.951886
0.945295 -8.808825
-0.005951 -9.365077
0.623413 -19.336773
3.211479 -13.572230
3.140815 -16.113956
4.724096 -14.150846
5.368442 -14.575802
3.902052 -13.425282
1.066695 -12.879484
2.100029 -10.087290
1.574677 -7.973967
-0.302191 -7.704104
1.662063 -8.968835
1.092910 -10.370577
1.757879 -10.020349
2.485727 -10.239144
2.110885 -11.105655
2.358579 -9.702425
2.114054 -14.599326
-0.153303 -11.950562
0.919913 -10.642533
2.815137 -8.627303
2.710618 -8.827348
4.177203 -5.514522
-0.613843 -9.264050
1.054206 -8.940868
9.364225 -9.511231
5.044264 -13.223239
6.944802 -13.692542
1.642326 -16.335443
6.776075 -19.440638
7.901283 -8.615038
2.015660 -8.865703
10.765304 -14.680282
14.026340 -14.281747
8.445961 -9.269969
4.160151 -8.012423
4.863168 -8.060701
7.351089 -6.430869
6.410184 -7.130925
5.100108 -6.390907
8.716199 -8.155923
2.796697 -7.268935
8.775610 -6.736035
8.948381 -8.465450
8.404150 -11.323689
8.983757 -8.358922
7.241536 -8.110425
2.110360 -7.722603
0.780863 -9.011392
-0.124887 -8.927402
1.631662 -7.975764
3.101262 -8.147885
4.359767 -7.419718
5.634602 -7.379805
6.800605 -7.688137
8.649465 -4.405861
8.868570 -8.076886
6.341109 -6.877337
5.115330 -6.774780
0.929305 -9.380784
-0.039511 -9.926484
0.640856 -12.208507
2.611996 -10.547584
0.870265 -10.161901
1.074425 -9.585307
5.359816 -4.129757
10.194788 -6.441705
9.861477 -7.803818
6.859121 -6.731756
5.297046 -7.208365
3.793959 -7.964563
0.384982 -13.289517
0.778576 -8.914453
1.076062 -10.180278
3.601663 -13.449962
2.716842 -11.275411
0.253129 -9.832788
1.497152 -8.974544
1.259776 -8.424259
2.235727 -9.080209
2.708621 -10.761832
2.212519 -12.402846
3.336956 -14.986953
8.420860 -13.707395
8.715443 -9.811357
8.741524 -6.810194
2.530133 -7.946731
2.833781 -8.837336
1.755831 -11.491657
2.753180 -10.016319
-1.117865 -13.468917
7.114604 -14.872805
9.299520 -13.320706
10.572068 -14.586043
10.883282 -14.959433
9.023018 -15.555570
8.890930 -11.667656
9.850901 -13.904071
18.584309 -13.944580
