-0.028684 15.990227
-1.367230 12.812304
-0.321462 12.886060
-0.061746 11.031598
-2.216348 8.811774
-0.690283 6.144829
-0.990075 4.774372
-0.966452 4.577447
3.502738 3.913100
0.244629 4.683292
1.297194 4.977270
5.437450 5.825087
2.559050 4.190456
3.238754 3.356175
4.827464 7.037944
5.157765 5.672329
0.366310 5.051730
0.959356 4.754309
-1.696518 4.311847
-1.897388 7.797200
-2.595939 7.981860
-1.618318 6.696198
-1.954834 7.311842
-2.173548 7.102034
-3.294911 6.118911
-1.669210 7.767379
-0.564872 5.344220
0.890181 5.655200
0.694098 5.266578
1.633990 5.074761
2.416405 5.631266
-0.075745 5.074246
5.529090 6.194991
6.021697 7.994880
4.417618 8.290509
6.289681 8.057517
6.210678 6.999594
4.819162 8.189065
5.396529 8.849597
7.492408 8.399994
4.006265 4.953720
2.803928 4.799803
3.455158 4.653853
5.609039 7.590649
4.531495 8.005020
4.564165 7.795633
7.075349 8.148638
6.680469 8.759036
5.966924 11.174020
6.708771 16.323217
