0.446889 4.680490
2.078769 2.727238
1.497373 -0.597251
7.408914 -7.297613
2.236583 -7.855713
6.203833 -5.453972
6.296613 -6.998200
8.240989 -8.142344
8.696898 -10.363484
7.829224 -13.420594
4.356642 -13.713552
8.155937 -13.197307
12.540665 -14.084722
9.525859 -12.838756
9.021681 -12.810052
8.615137 -11.368844
7.479543 -7.063069
8.288095 -6.737218
7.851676 -8.040511
8.177673 -5.835005
5.948319 -8.192431
4.689826 -7.285410
0.533103 -8.167486
1.413939 -12.707995
0.940436 -10.978691
1.961436 -8.959731
1.298506 -8.121135
4.890647 -6.506930
-0.693525 -10.386304
2.674497 -11.259898
2.240088 -9.323285
1.464875 -7.531160
3.707316 -6.348508
4.096651 -7.123623
7.715233 -7.110850
7.065216 -6.043581
0.990109 -8.753594
2.109335 -11.434278
-1.403428 -11.051768
0.643707 -11.027883
1.750480 -12.265561
-1.027556 -8.846209
-1.441271 -10.068213
1.953015 -9.950777
2.723554 -7.786752
6.702096 -6.295874
6.594476 -8.174246
5.740807 -8.151536
5.750400 -7.921673
5.081144 -6.142845
4.868379 -7.870277
1.498060 -8.983925
3.041396 -7.342751
3.019490 -8.044044
8.114218 -8.935728
8.502430 -8.796047
8.969582 -8.378438
8.250046 -10.336600
7.959601 -10.743841
9.373617 -9.624180
7.078243 -7.069308
10.942748 -7.783719
6.891680 -5.385261
9.744829 -6.056167
8.052787 -10.030519
9.594771 -14.087245
12.241513 -17.081894
8.339805 -14.221347
14.424447 -14.884053
13.254998 -14.372836
18.187241 -11.551861
17.190701 -17.450079
16.936388 -8.185079
15.022520 -7.030087
11.685677 -7.453330
11.893585 -6.348280
7.269816 -7.511722
9.167288 -9.125937
9.045834 -10.237920
8.012496 -9.223674
8.096528 -13.920857
4.400661 -14.454980
6.552622 -14.953952
7.614141 -15.707267
8.522666 -14.257030
2.621122 -12.972751
1.772793 -10.322561
1.872998 -8.730445
0.755718 -7.288695
6.076506 -7.649320
2.049615 -8.941446
3.224879 -6.159147
-0.727666 -8.719198
-1.249956 -7.061139
1.668363 -9.986970
-0.699823 -10.139371
2.506750 -8.848475
1.242003 -10.718715
0.539847 -8.991918
3.753214 -6.009418
5.551504 -6.974414
4.472519 -5.786563
5.283298 -7.619167
10.925418 -5.408189
10.614569 -6.771884
8.040308 -3.657157
8.933367 -12.803353
10.184958 -14.985185
8.954416 -11.906117
15.133745 -11.884713
15.352760 -9.506600
16.020407 -11.029412
16.555408 -12.286141
11.596724 -14.466084
9.992392 -13.796852
13.184000 -7.587888
12.365910 -14.501360
10.347317 -14.977302
14.712502 -8.541568
17.017757 -8.333182
16.452129 -10.516948
17.165924 -9.286677
17.404163 -8.542020
13.037796 -6.694801
9.948920 -7.323695
9.831523 -6.040984
8.751115 -3.550020
11.638018 -6.467758
6.448268 -4.100298
10.541525 -2.771351
8.348042 -5.166172
11.492989 -4.478753
8.751003 -8.263410
8.627783 -3.804021
9.352741 -2.706834
9.657876 -7.708362
10.899430 -7.454787
12.503316 -12.904028
9.785237 -12.983263
11.872095 -6.930626
14.821100 -0.025252
7.314237 1.469055
8.661430 3.939962
8.277572 1.728126
8.968163 1.073780
9.077820 2.956270
8.854945 3.091484
10.753064 4.498329
10.148568 4.424578
11.297855 3.515364
7.485306 2.797172
8.570869 -0.190638
14.557532 -1.251787
19.432018 -3.915742
18.013514 -4.816764
10.865708 -2.642090
9.033548 -0.573962
8.803963 0.970089
6.128630 0.693840
9.008822 0.673020
8.911241 0.725622
8.027801 0.465359
7.768284 0.942325
8.363609 -0.611912
10.119512 -1.979401
9.961995 -4.636815
9.937618 -4.867904
16.013214 -7.561368
14.592975 -9.931402
14.363396 -14.653077
17.284172 -5.693220
18.571505 -0.004153
11.125795 5.735540
13.343819 4.731627
14.575178 4.115314
13.726156 4.071620
16.214983 5.968477
14.417171 3.745208
11.546183 4.552522
7.138299 2.659737
8.916395 -1.049714
8.945807 -1.797701
11.258101 -1.593098
10.158369 -3.472795
9.383261 -2.869891
9.735681 -5.565725
8.268035 -10.518239
9.165769 -8.527989
4.417193 -7.206132
7.007380 -6.708398
8.422819 -8.037646
8.596921 -10.955638
8.688113 -11.595618
9.298583 -8.711583
8.455170 -7.243680
11.138169 -6.734178
10.321451 -7.518918
8.467527 -7.147299
9.070429 -9.428338
7.978037 -13.757419
12.576794 -17.800852
14.011028 -13.134329
13.777627 -14.117518
16.858942 -10.391243
18.108437 -5.473345
18.633873 -0.292607
19.380054 -4.341081
19.002430 -18.285341
14.845634 -14.446614
10.745947 -13.075004
13.793797 -16.394524
15.234903 -15.354775
11.391733 -7.318231
5.018208 -7.878614
5.371439 -3.535181
6.424934 -4.447908
3.504339 -5.787452
4.558810 -7.700151
11.179599 -6.968168
7.619356 -6.930404
8.761149 -13.386451
8.316446 -12.074925
8.422746 -10.349668
7.717129 -7.579226
10.134277 -6.677433
8.747811 -7.179614
7.005516 -7.248070
9.529177 -6.216095
8.567221 -8.710252
9.105008 -11.304533
8.372538 -10.930406
14.873291 -13.088012
17.517494 -15.631059
17.412624 -15.011708
17.990086 -3.900248
10.258600 -4.025315
8.014011 -5.193948
7.014721 -4.391665
10.863213 -5.902332
14.338934 -7.120524
12.990627 -7.426313
13.288614 -7.365031
13.569962 -6.654091
7.924185 -7.123089
8.193363 -8.575160
8.669299 -10.454484
7.007289 -7.784611
5.643883 -7.866065
1.639801 -11.450042
0.403567 -14.854739
1.771603 -11.810908
11.582575 -15.172827
16.298813 -12.710130
14.886594 -15.065267
15.461363 -12.589667
15.095406 -10.763960
15.997278 -12.048438
15.538019 -14.017756
14.849327 -6.659968
13.626113 -7.338597
12.125634 -7.125702
4.471937 -6.016105
8.682117 -7.098379
12.255307 -7.704710
9.135571 -9.818259
9.968935 -2.344390
14.222970 -0.692261
14.410916 1.238389
17.199440 0.590860
16.672291 2.745832
14.599607 1.868681
14.986511 1.106748
13.688836 4.553242
9.790455 4.422079
12.102620 4.046204
10.358704 3.678548
11.625010 6.813448
14.639802 7.042326
11.723101 5.508511
9.464041 5.595300
10.132446 8.785191
10.679731 9.880599
11.313013 4.943232
9.948684 3.769172
13.419662 7.892629
8.315852 4.890780
8.118840 1.218870
8.180363 3.450751
7.915925 4.144137
9.722736 7.211552
12.536679 3.474336
15.095726 2.283720
14.361796 -0.211256
14.304998 1.636992
12.056431 5.263765
8.991552 3.892641
7.735812 1.875444
8.191347 -0.481957
8.505569 2.724160
6.877612 2.682266
7.824709 2.452302
11.335180 5.149891
12.340393 4.247587
10.329760 3.508444
8.142618 6.414058
7.772504 0.714127
10.065054 7.330273
10.347656 7.191531
10.313532 6.397462
11.750235 4.302028
10.776236 4.717044
11.371767 3.874558
12.244750 3.693328
8.315953 5.332228
8.673716 2.359673
8.838070 -0.642082
9.313341 -2.106965
5.097991 -2.382273
7.910501 1.842045
10.963766 -1.771339
8.229244 -2.293692
7.895175 -0.878186
9.304045 -3.128685
11.320274 -2.556535
11.785528 -3.280269
9.639490 -2.194545
11.537594 -5.334457
8.752576 -7.397501
9.095713 -8.859168
7.936067 -12.014005
10.780062 -14.580273
15.266893 -14.178020
12.250553 -15.572984
15.472836 -15.018491
9.777096 -14.252922
12.379152 -15.643602
10.759297 -15.782878
10.360861 -16.564037
8.302665 -13.918941
10.796633 -18.856342
12.895556 -13.278798
8.470894 -13.308761
8.999981 -7.162050
8.571198 -8.903934
9.348740 -8.093395
8.204617 -14.843192
8.142048 -13.340463
7.872392 -5.148908
8.193072 -7.995914
7.694359 -4.179228
14.452620 -10.120364
6.868024 -15.167200
8.884612 -11.676085
8.349654 -11.155547
7.181738 -15.197991
7.551237 -8.069525
8.851045 -5.489235
10.357049 -5.782266
9.700712 -3.525407
9.850163 -5.139227
10.989346 -2.059743
8.906861 -2.835754
11.095187 -7.423768
13.484855 -7.166417
9.100410 -5.765738
10.790815 -3.122659
9.260132 -4.695957
6.762612 -7.750811
8.723585 -6.033932
4.093161 -14.615282
-4.394778 -14.072506
1.952891 -10.297944
0.030430 -9.845398
2.779302 -9.480537
8.156194 -6.298918
7.147727 -8.071266
5.396689 -7.487022
4.695188 -8.081187
6.843119 -6.765370
7.141511 -13.893525
9.096841 -12.423684
8.696671 -11.648298
8.034461 -9.869323
1.229590 -12.628236
0.141040 -11.013704
-1.370327 -11.772279
-1.056202 -12.528974
-0.875394 -10.132531
-0.200438 -9.723751
5.106553 -13.647401
0.872929 -7.938561
2.087562 -8.443006
0.501774 -11.201818
4.617979 -7.369770
0.755382 -8.981624
2.588120 -10.312724
8.103031 -12.646691
2.713851 -9.842532
2.680326 -13.928832
3.747262 -7.958108
4.720815 -6.244338
8.153866 -10.151470
8.986124 -9.467574
8.205914 -8.911801
8.683206 -8.582168
7.869889 -13.816998
4.697899 -14.077126
11.172956 -16.456362
8.124684 -13.468131
2.655861 -10.460644
2.768387 -9.093428
1.861737 -9.549705
1.619651 -8.864786
3.911763 -7.409929
-0.534587 -10.419902
0.856454 -9.390647
2.343486 -10.497426
-1.714955 -10.932008
4.268660 -14.463420
3.966201 -13.731219
10.601296 -13.275792
8.548203 -13.953373
12.000721 -14.126706
9.650490 -13.016249
11.264087 -14.423123
9.873564 -13.084636
6.976217 -14.019853
3.885442 -13.233069
7.030012 -13.850642
1.782610 -8.735021
2.687946 -8.478185
2.763700 -7.993263
2.591323 -12.461381
1.201129 -12.815430
3.799954 -14.731586
7.307937 -16.512926
9.027738 -9.981655
9.173761 -10.975627
8.110902 -15.309408
10.177286 -13.871342
6.182717 -14.494829
9.363299 -12.956912
1.893646 -11.581223
1.548946 -12.090989
1.647649 -10.538267
0.089314 -8.362629
3.390069 -7.150100
4.256946 -6.981174
3.232051 -7.645837
6.014206 -7.268715
10.130188 -6.947078
10.075415 -7.598365
6.228304 -7.268165
9.358087 -9.777475
8.400156 -9.823363
9.062374 -11.891480
8.206400 -12.123940
7.854962 -13.024647
9.212002 -14.155087
7.016778 -13.248813
4.083819 -13.577624
0.282607 -10.591722
2.762890 -11.967872
2.797755 -11.075723
1.778842 -10.263085
3.086918 -6.072161
5.861186 -8.151433
5.637293 -6.786340
7.566088 -4.350725
7.158101 -7.026881
9.707869 -7.435454
8.328393 -8.053574
10.543910 -7.194455
8.894161 -12.702770
10.686840 -14.521926
5.077918 -7.456395
7.849235 -12.212361
8.336314 -10.782141
8.395115 -12.238683
6.115168 -14.788446
8.778201 -13.726092
4.099286 -7.836574
1.957205 -3.458347
2.608076 -9.709683
0.465225 -8.707072
2.619089 -7.003109
3.920695 -8.146165
1.726398 -10.532919
1.030726 -13.283040
9.271964 -15.684392
8.634884 -11.495238
8.911066 -11.960164
8.301855 -9.567595
8.875239 -11.466796
8.492984 -10.514196
9.170183 -10.839692
8.146502 -7.990772
10.971664 -7.173110
12.226979 -7.394763
11.776703 -7.502721
11.445755 -3.535823
10.407566 -3.363231
10.198244 -5.756814
9.259578 -2.297286
10.580973 -3.106097
10.486365 -2.721688
6.085406 -3.793258
10.530537 -2.261489
7.892087 3.676818
6.554475 1.866338
8.761734 0.892588
7.345825 0.945890
9.063426 0.293397
8.488083 0.259290
9.569909 -3.268807
9.898312 -5.346632
8.815407 -1.370360
8.952155 3.600888
6.103684 3.101388
6.199326 1.891889
8.518059 1.834000
11.852798 3.553349
17.173855 0.521979
18.348494 -3.318727
17.426884 -1.171798
19.612259 7.670895
16.237999 6.320574
15.379210 -0.583780
11.386817 -2.690559
11.723495 -7.118200
9.745625 -4.415743
10.087079 -4.697339
8.060331 -8.408210
8.352161 -6.549720
11.400352 -3.863552
11.108366 -4.828401
9.162921 -5.134295
7.158272 -0.691707
7.857807 -1.860282
7.320474 -2.191910
8.910352 0.700060
8.760630 1.340022
15.425177 -7.252657
14.561010 -10.031952
15.712632 -13.243670
15.520079 -12.026594
17.371677 -13.577839
18.421303 -15.219005
6.777790 -7.093067
5.193075 -7.801755
6.881377 -7.360131
5.922969 -6.310883
6.766708 -7.896040
6.071056 -7.080672
7.532156 -5.688764
1.917005 -12.559419
9.053749 -9.556861
8.949852 -10.811676
8.885698 -9.348702
8.320015 -8.693847
8.439620 -10.209067
8.740077 -10.734874
9.208247 -9.213735
8.757162 -10.141357
8.118773 -5.910851
8.713803 -9.618156
4.513698 -8.067527
2.174967 -11.249551
0.287930 -11.945320
7.285133 -8.007210
6.696953 -7.352580
8.837994 -7.606219
11.438452 -5.090839
15.094378 -8.215932
13.681850 -7.347260
13.246660 -7.688463
6.448273 -4.646548
9.135561 -4.255219
8.202331 -10.771729
8.552398 -11.817767
9.310608 -8.946088
8.956114 -12.148568
8.567994 -10.090615
8.354198 -12.395091
4.376002 -14.089180
4.916389 -13.357551
8.662415 -15.833505
1.993698 -13.120635
1.049571 -10.696233
-1.938102 -9.938003
-0.726198 -10.943521
1.878931 -12.078143
1.849433 -9.624178
0.892459 -9.674979
8.622699 -15.338733
6.891470 -15.967044
8.939812 -18.501268
7.904461 -16.185812
8.763498 -12.451283
10.589678 -14.218181
5.573221 -14.342694
4.953757 -15.154283
6.635320 -13.840611
10.915209 -15.068639
12.084422 -15.390027
14.590171 -12.930373
16.149204 -9.833168
9.582783 -13.355815
10.392837 -7.674661
11.714056 -4.062494
8.440288 -7.999282
8.759169 -9.373950
10.906631 -7.172306
6.007267 -7.134507
5.727643 -4.917889
11.057539 -5.379067
10.436260 -4.999210
7.934566 -8.860833
8.811737 -9.748534
6.846615 -6.819343
8.987551 -12.766482
9.983700 -7.425458
6.702276 -5.194606
12.375593 -14.080802
9.496189 -13.168093
12.084133 -14.071715
9.334970 -14.136130
9.013997 -8.502850
8.869055 -10.638312
8.120232 -11.230481
2.742389 -8.938052
1.917087 -9.035441
2.780067 -7.628147
2.753347 -9.258316
0.064245 -8.991773
1.940532 -10.313261
1.838438 -8.862668
4.585372 -6.147313
7.965171 -6.261931
8.375278 -7.302745
7.901791 -10.385156
7.979998 -9.142838
8.989397 -10.554343
8.881886 -16.434368
5.604005 -13.260753
8.100236 -9.109372
5.230633 -7.309445
4.917892 -14.946196
3.675064 -7.323784
2.332950 -9.868950
2.700089 -10.551263
2.526200 -9.183174
8.554224 -8.374646
3.450252 -6.984965
3.254826 -6.438034
2.316624 -10.043237
2.376260 -11.212722
2.701014 -10.797715
2.169423 -11.172508
2.327555 -9.949940
6.221756 -13.578434
3.739981 -13.964419
8.323937 -15.562559
13.265944 -14.807796
13.196748 -13.342672
13.808053 -15.859856
14.671906 -12.262293
9.105391 -14.156741
8.143427 -16.376513
8.204847 -8.340703
8.353752 -6.739123
9.373482 -11.495666
8.114998 -12.017808
12.036480 -13.771087
12.904519 -13.486707
11.568350 -13.289752
14.793568 -9.515605
10.688560 -6.690595
17.143484 -13.290083
12.764204 -14.316924
9.376443 -10.249064
8.856151 -6.353702
14.431733 -12.327945
11.115790 -6.954422
14.531322 -10.177548
10.452271 -7.433001
9.778608 -6.581481
12.238390 -7.526960
8.818846 -10.364543
9.977976 -17.660967
15.593487 -12.649884
9.759310 -13.017062
12.301496 -12.950109
12.180179 -16.557314
7.243194 -15.800551
5.180136 -13.734859
10.650889 -13.315131
10.602645 -13.899262
8.417625 -13.645999
15.583109 -12.375850
8.930523 -11.403943
8.253889 -12.167338
9.294428 -12.365936
3.289924 -13.810481
2.779299 -13.338717
2.552285 -11.586690
2.791881 -9.496207
2.664496 -14.111339
0.171304 -14.397477
1.561244 -12.282001
2.827557 -11.630063
4.520105 -13.901641
6.840424 -14.336920
9.316987 -10.712164
10.889932 -14.720561
10.908703 -6.766853
10.624083 -7.783716
15.207136 -9.657299
16.902317 -14.139132
13.114223 -14.135427
9.369680 -13.576800
9.212646 -6.591390
11.696640 -6.593550
11.109662 -1.907254
10.340178 -3.865133
15.416788 -6.964118
16.003567 -7.250222
16.797953 -9.668079
13.366690 -6.757641
18.673676 -8.230114
10.775526 -6.880498
13.361694 -6.741063
7.873707 -4.202890
9.850332 -5.620955
10.531420 -6.578323
11.364481 -5.588106
7.627305 -6.406187
8.356633 -6.894724
8.405407 -9.124456
9.002354 -12.722335
8.018829 -11.245423
9.194688 -10.799245
8.828632 -11.884032
11.181396 -16.337440
18.496601 -18.168270
14.758651 -11.542800
16.397053 -14.965547
19.477295 -14.370731
19.775818 -14.357733
9.296748 -9.998915
9.278546 -13.284324
7.845839 -10.920491
5.749524 -6.727040
6.401203 -7.530449
11.674599 -7.666041
7.036572 -4.255672
2.445356 -7.123827
1.757114 -12.015861
-1.499582 -10.825174
0.857567 -8.754224
-0.720836 -8.977239
1.916867 -11.521860
2.321257 -12.602789
1.757467 -13.351298
8.874551 -9.797645
8.604050 -10.914207
8.139283 -12.593198
11.302529 -13.849408
13.560119 -16.279839
13.254190 -13.650834
11.379598 -13.316985
8.874995 -8.426993
8.731918 -7.021787
10.367779 -7.357885
11.497661 -7.509244
11.057367 -4.431331
9.759975 -1.867508
5.964808 -2.433983
7.887619 -1.951705
10.455601 -6.594557
6.537302 -13.565694
7.973762 -11.270441
3.416732 -7.408769
6.878292 -6.830229
5.421024 -7.163757
8.989171 -12.328389
7.425078 -13.416192
13.200218 -12.922094
10.412152 -14.036292
10.750306 -13.637277
14.885227 -16.311098
17.218000 -17.195517
15.381578 -14.578724
11.566412 -13.434337
9.078847 -9.110515
5.224295 -7.855875
5.974528 -6.359663
2.815698 -10.976169
4.967251 -13.701160
8.757218 -9.796966
5.891263 -7.002851
7.436777 -7.061766
7.262694 -7.001907
8.763809 -8.527083
7.221671 -7.300305
3.054367 -6.789780
2.358829 -8.864333
2.099497 -9.103703
3.004903 -7.199487
4.111093 -7.382064
-2.660706 -10.773363
2.624791 -11.526182
8.897977 -11.072764
9.120829 -12.348960
5.426125 -6.848083
2.812948 -7.791664
1.617190 -11.981912
6.470283 -8.201470
5.995157 -13.295188
6.325477 -13.447609
7.458853 -14.567696
9.081074 -9.029088
15.370617 -12.133503
8.322525 -11.982373
7.284258 -6.518374
9.104953 -8.763816
8.712807 -1.266921
15.332735 -10.265752
8.237219 -9.481788
1.959138 -10.605898
3.230067 -4.714624
3.831087 -7.917924
7.070506 -5.301250
7.686798 -7.116607
6.671261 -8.136428
9.122209 -12.691846
6.947669 -16.952305
10.133739 -13.310721
9.064931 -10.119508
8.675410 -9.508600
0.988909 -8.690999
4.304403 -4.119024
5.595341 -7.382366
5.388175 -7.033517
5.741060 -6.350532
7.272527 -6.076911
7.040781 -4.799966
7.375501 -4.938756
6.244791 -6.434546
10.984505 -7.809442
5.314068 -8.127565
8.232874 -7.066921
2.148006 -8.517981
2.400575 -9.925880
1.876831 -9.867021
0.940623 -10.872258
2.285580 -9.563633
9.068676 -9.819362
8.865366 -10.707431
4.448149 -8.055615
1.657354 -7.544485
1.999170 -9.563657
1.942967 -12.325133
-1.010064 -12.563684
2.244352 -12.409457
5.461884 -8.026364
7.289441 -7.653111
8.112253 -8.309560
9.382543 -8.499238
8.123645 -10.266192
9.224524 -10.163972
8.580450 -7.715708
6.301300 -8.069886
3.795403 -5.791886
3.848541 -5.643016
3.821821 -7.776778
2.737936 -10.294070
1.816248 -13.337941
10.302929 -15.160277
9.688679 -13.881116
10.154079 -17.390509
14.879952 -18.375170
11.791333 -15.575427
8.108838 -16.348879
8.752978 -11.419328
7.929429 -8.532122
9.058036 -10.337777
9.246278 -10.568927
8.150946 -10.641087
9.122049 -15.245025
9.088969 -12.418144
9.721257 -16.692137
10.440685 -13.099722
6.578777 -13.256610
8.898860 -14.267655
6.794521 -17.764658
7.128302 -18.733446
8.735094 -9.446910
7.915620 -9.357566
8.669144 -8.746118
5.532843 -5.614646
7.848289 -7.512876
8.364529 -8.004213
7.241618 -7.700904
3.611929 -8.036492
4.943913 -7.679805
4.765644 -8.140434
4.845222 -8.077382
4.832541 -6.182581
4.839358 -5.889324
5.043178 -7.442778
7.877728 -6.937725
7.898262 -9.434371
8.205842 -8.491760
2.661423 -8.829274
2.943204 -6.979508
4.488317 -7.732906
3.713264 -4.383754
0.939030 -10.157473
1.555087 -11.713074
7.419860 -15.377765
8.482607 -13.944325
6.570977 -7.510022
9.019378 -4.604303
7.055457 -6.824235
2.669394 -8.321014
2.364994 -9.211452
4.700092 -7.166402
2.554549 -6.741490
2.654684 -10.275830
9.015004 -9.679397
8.036569 -11.458440
7.692016 -14.314717
5.279456 -13.824682
6.630196 -14.121794
8.208182 -12.277426
8.894585 -11.087699
9.316918 -13.592844
13.720455 -14.415593
8.652887 -12.912170
8.001147 -9.062716
2.377381 -11.595118
4.180687 -13.430544
2.392581 -13.976810
5.021082 -13.277169
5.323726 -6.286277
6.261840 -6.609130
5.233796 -8.000508
4.360591 -6.883381
2.431085 -11.819266
2.743721 -11.965466
-0.692299 -10.998567
1.944808 -10.474385
8.058987 -9.799204
7.858028 -10.193294
10.908146 -2.729726
11.133533 -4.564349
8.595694 -7.519473
8.285036 -9.978982
8.984818 -11.873020
9.304125 -8.559957
7.896411 -11.335821
11.411325 -13.726896
14.415571 -14.429912
10.178803 -13.250012
7.524970 -17.947710
3.150394 -13.603693
-0.605367 -10.635325
1.934412 -10.609643
2.757447 -8.665282
-0.799098 -8.997796
1.047256 -8.253640
-0.795569 -8.191595
6.165284 -6.153141
3.190719 -7.893418
5.945825 -7.800559
8.243587 -5.360321
9.042939 -9.378555
9.213787 -8.995696
9.397484 -5.854960
5.783777 -4.900851
2.028214 -7.016473
2.053528 -10.937274
4.530351 -13.744925
6.309385 -15.596086
7.137250 -14.749867
8.463758 -13.884102
9.257082 -12.139380
9.887127 -16.695650
14.188608 -16.498846
6.036137 -17.893152
2.923495 -15.953124
3.736165 -13.707587
2.208624 -15.697118
1.203577 -12.090329
-0.020547 -11.340040
1.230663 -11.364329
1.087829 -13.093086
0.867262 -13.776349
0.418253 -14.332182
2.444723 -8.603898
9.292060 -10.908106
8.956320 -10.925941
8.300268 -13.022578
8.917989 -8.608927
8.178293 -9.028200
8.883382 -10.821722
8.238169 -7.982152
6.159058 -6.202477
14.988958 -8.555851
14.775010 -12.939824
8.950647 -13.644795
9.218391 -17.039135
7.441094 -8.044291
8.036429 -7.890278
10.052444 -2.186439
7.570485 -6.247308
8.429641 -7.212367
11.875040 -7.609165
10.230006 -7.794128
11.021502 -6.592840
8.677147 -8.105962
8.167488 -5.286672
10.228735 -7.783983
4.675491 -7.992420
4.837433 -7.588787
-1.249991 -12.235175
-0.893561 -10.956030
2.619859 -10.480523
0.506509 -8.539948
2.188847 -9.668053
8.957944 -14.551118
6.009144 -17.772024
4.424135 -14.600127
2.528874 -11.764668
8.473511 -11.894889
8.648777 -13.514226
8.977912 -9.085572
8.655073 -8.932464
8.946259 -10.074275
9.208244 -11.658502
8.526199 -12.287195
10.784197 -13.649137
6.049682 -13.426993
16.787025 -15.011494
14.747206 -14.257105
11.491322 -15.113576
12.175714 -13.021216
11.959710 -13.275262
15.321205 -18.151958
