-16.350872 -6.366553
-9.806934 -4.176610
-7.719831 0.497876
-1.042442 0.347873
-2.353933 -0.746883
-4.216753 -0.935964
-5.472870 0.914693
-1.848353 0.100894
-1.278459 2.364448
-1.180909 4.354059
-2.323625 5.586183
-2.813118 8.118176
-5.621944 6.819766
-6.258183 6.371604
-3.707989 6.093390
-3.296900 6.346470
-1.453235 4.098250
-2.850251 2.561182
-2.998801 7.956758
-3.610262 6.553841
-5.109601 5.939057
-3.512555 7.120151
-1.487781 4.807006
-2.565764 5.914568
-5.353921 6.576350
-5.486744 6.260896
-5.177591 11.739969
