-3.006979 -7.799729
-2.802003 -3.244509
-3.840766 0.414706
-3.459924 0.321140
-3.627101 0.720394
-2.175404 1.206376
-2.300173 2.522736
-2.053229 3.116671
-0.233257 4.697548
-1.021719 5.960907
-8.821134 6.562404
-7.100660 6.762794
-6.939773 6.326194
-9.594661 7.707493
-10.879370 4.329528
-8.402503 4.491548
-5.777260 6.111027
-4.419889 7.879190
-5.294713 8.118885
-4.168182 8.872151
-3.975446 6.206077
-4.406017 6.124114
-4.141143 6.650008
-3.553080 6.568489
-2.980623 5.614118
-1.672528 3.959959
-2.493744 3.055610
-1.690243 2.140987
-1.824256 3.206283
-2.539632 5.244401
-2.435097 7.913843
-3.798841 6.374248
-3.900526 6.634172
-5.733418 7.260830
-7.273682 6.049407
-7.742246 6.002415
-5.944836 6.382290
-4.242321 6.264159
-4.355007 6.017479
-5.123061 7.758475
-5.597679 7.096839
-6.488292 6.830894
-3.369293 7.078531
-2.946175 5.545141
-1.941910 5.097111
-1.285758 2.215803
-0.797926 2.783702
0.211048 5.787526
-5.927094 6.128973
-7.359547 6.331460
-7.809371 6.981924
-10.188578 10.994250
-16.404129 19.355028
