7.203284 16.263418
2.545796 18.729120
4.608397 17.319134
1.105186 16.920914
-4.093278 16.061762
-0.677119 12.385531
-1.083524 12.465170
-2.346735 8.243014
-2.139463 9.464154
-1.279579 6.900738
-1.829661 6.884117
-1.079357 7.339733
-1.782334 5.790281
2.481009 4.826733
3.255063 4.081192
0.923331 5.593373
3.255784 5.047071
3.444303 3.560239
5.103606 3.178889
1.937082 5.354829
-0.624925 4.292589
-0.963756 9.693543
-1.760250 9.257561
-1.808909 16.012480
0.138472 14.312245
-2.281092 11.968623
-2.031392 7.263638
-0.657382 4.258854
0.778284 5.137051
-0.315151 4.624014
2.051712 3.687605
0.899781 5.175243
1.239772 3.521105
1.109697 4.484927
3.373116 4.891099
3.065962 4.761427
2.124262 4.833539
2.651385 5.474621
3.183735 5.558408
3.009417 5.338448
2.672944 4.295492
3.852217 4.086999
4.738966 6.711250
3.885870 5.058249
8.135482 10.335598
5.302694 16.290529
7.843396 13.610666
4.983923 10.699217
4.999409 7.118505
4.749246 6.269788
3.463826 4.695271
2.482090 4.949502
4.380402 5.206198
5.526250 6.824988
5.158039 5.045737
6.276732 13.796798
6.656382 17.740765
6.305349 15.616029
8.147852 11.896643
5.968903 11.735604
7.107168 8.576061
3.653195 4.799929
3.840952 5.558818
4.623356 4.723813
1.107091 4.341481
-1.400886 5.890769
-3.714864 6.904159
-1.144477 6.448105
-1.989060 9.722419
-0.918233 9.754703
-2.190393 8.424500
-2.291978 10.567359
-2.707952 8.947966
-1.427500 5.598643
0.039824 5.586139
0.875655 4.334066
0.621533 4.900024
0.415194 5.761995
3.827999 3.846579
4.556447 6.117758
4.476562 5.622856
5.151950 6.917815
7.154724 8.631192
4.786529 8.932889
5.275051 10.343906
4.439391 10.947675
6.065346 11.368790
5.353826 13.050645
7.491235 6.140145
5.156888 10.768752
4.734029 9.548044
6.829021 6.823909
6.466281 9.064686
4.818052 9.993985
7.843227 6.808540
6.325506 7.484266
5.635176 7.647838
6.000304 8.776577
4.365843 7.241744
6.231810 7.910661
8.012197 8.785941
5.691934 8.109649
5.447210 6.719111
2.207405 3.994488
3.369035 4.990181
5.400400 6.949578
4.364327 7.025884
4.812644 5.027029
3.315291 5.587180
1.242659 4.174863
1.673569 4.422485
1.556531 5.226979
-1.498068 6.815724
-0.712014 9.497821
-0.826281 9.230910
-0.897217 8.795274
-1.696668 5.022125
0.827144 4.836345
4.781914 4.862113
5.937726 8.571239
7.335818 10.081387
6.169565 5.850638
5.080091 3.349933
4.265875 4.133088
2.729386 5.474514
0.045732 4.507033
7.082712 6.626473
3.103135 5.057535
1.717129 4.566479
1.305405 4.694515
-0.531719 4.428935
-0.696753 3.804495
-0.767712 7.250418
-2.006833 8.644230
-0.783223 8.067403
-1.854041 9.804109
-3.073672 9.633761
-3.073663 4.961200
0.333028 4.798041
1.519049 4.463647
1.158033 5.948878
2.718765 5.433636
2.831233 5.845898
2.256145 5.492946
2.915540 5.840444
2.670188 4.588597
6.391747 4.398092
4.645150 7.131867
5.026134 7.132453
4.556749 7.368717
5.737570 5.239461
1.328883 3.411490
0.231548 3.488932
1.460429 3.637446
0.773227 4.233552
1.786514 4.838931
0.647385 5.695936
0.395279 3.389043
2.128293 3.774698
-1.822424 7.395740
-0.942619 8.706384
-2.200295 13.578811
-1.979137 10.185867
6.562117 7.327886
5.411094 3.565642
1.451390 5.121741
2.660065 5.141318
4.936140 5.794900
5.438757 3.510537
6.493682 6.090332
1.657326 4.134036
-2.406491 6.419172
-1.047105 10.143365
0.083987 13.909513
-1.616937 12.940808
-1.157717 10.388499
-1.057719 8.934608
-1.531973 9.746329
1.571472 11.132169
2.887228 11.290129
0.288148 11.050250
-2.881313 15.801833
0.932148 17.425276
1.175153 18.113434
