-5.596587 -9.227180
-6.167020 -6.703502
-6.271644 -2.407649
-5.413633 -1.385114
-9.009424 1.369419
-9.214959 -1.595171
-9.706822 3.123001
-9.168625 2.988144
-8.916483 2.347358
-8.800631 -0.533366
-6.108544 -1.267009
-5.773088 0.309420
-6.550185 -0.220005
-5.619542 -0.657937
-8.687801 0.243059
-7.408788 0.738842
-7.173112 0.536651
-5.758586 -0.573672
-6.130028 -1.386684
-4.894537 -0.420850
-4.468705 0.579335
-7.943192 -1.171119
-8.610345 -5.151945
-6.848279 -4.371265
-2.646690 -1.182980
-2.256126 4.103094
-5.164135 5.951597
-4.799169 6.602475
-2.602381 6.338703
-1.941381 3.428495
-1.760390 3.975605
-2.850746 3.549511
-3.992229 7.455185
-4.789712 8.694886
-2.062357 7.528759
-6.582057 6.345461
-9.409410 5.724767
-7.106382 6.190759
-6.851572 6.053764
-6.072598 7.747978
-3.905253 9.030521
-4.149903 7.790175
-3.838426 7.190863
-3.791923 6.913512
-5.007436 8.372572
-4.303813 6.619990
-2.513474 6.401995
-3.108553 5.621351
-2.310432 4.436945
-2.635499 4.286227
-2.719095 2.799072
-1.678822 2.814457
-2.689436 1.787659
-3.167335 0.230554
-5.592562 -0.410657
-5.210690 0.629134
-5.055269 -1.934465
-7.894361 -0.036583
-3.387578 0.235246
-4.691879 0.272233
-1.977429 -1.330062
-0.225213 3.913512
-0.757909 3.279174
-1.929695 4.899474
-2.243963 5.605825
-2.431211 5.688826
-2.849870 5.948660
-3.924618 6.033396
-5.921475 6.613974
-5.405995 7.810252
-6.561075 7.243481
-8.353660 6.173681
-5.449172 6.376872
-3.074007 6.313471
-4.081395 6.513237
-5.172624 6.761478
-2.945529 6.750194
-2.119143 3.842218
-3.200663 6.250623
-5.146859 6.508379
-5.586699 5.948725
-6.930136 6.855517
-9.487608 9.409241
-8.763101 4.513096
-8.572268 1.749616
-9.192548 1.197096
-8.219182 1.012849
-8.774700 1.889822
-9.043406 2.900315
-8.333846 3.753949
-9.566753 1.777777
-9.645261 -1.410859
-8.308789 1.593983
-10.043825 0.859372
-10.033422 -0.183732
-9.140450 2.079172
-9.978962 5.581355
-7.213211 7.040167
-6.013105 6.312541
-3.367420 6.026149
-3.414775 11.358198
-0.329779 15.514462
