19.083904 -14.002766
14.689648 -9.087330
16.613962 -11.246927
14.767403 -8.549272
11.014658 -15.485101
4.860395 -13.484015
7.754448 -7.841961
3.248275 -8.022263
1.284436 -11.532149
11.968903 -14.555868
5.984143 -14.095588
7.329834 -6.458276
8.396816 -10.432645
8.112600 -9.290547
8.298135 -12.602891
10.907205 -13.609807
5.402944 -14.877696
5.664975 -13.599895
6.883620 -14.037925
9.205155 -10.525000
8.170154 -8.744407
5.388398 -6.441350
5.239578 -6.803837
1.815270 -7.993055
2.340414 -8.939982
4.648979 -6.292940
4.460831 -7.055779
2.344922 -8.091960
5.560740 -8.189193
8.831123 -7.880843
8.447893 -8.477004
7.787398 -6.930988
8.693090 -8.890107
8.814241 -8.914117
8.393619 -10.000073
7.974299 -6.117780
12.029558 -7.122657
12.731726 -7.614355
13.273552 -7.507291
13.609711 -15.472948
14.377862 -15.920773
10.994215 -16.010157
13.216669 -12.891347
18.129230 -14.360356
8.050017 -10.222394
8.236678 -15.094391
12.528222 -14.693318
2.033112 -12.006020
8.608934 -8.361670
8.929234 -10.202566
9.382881 -7.417792
8.166376 -7.997735
11.507458 -4.434792
15.133387 -11.552349
9.724465 -14.236029
6.458820 -8.052434
2.399407 -10.879933
0.877057 -10.755181
3.867545 -7.197602
2.559055 -7.154236
7.852111 -7.936815
7.091752 -7.843338
3.207118 -7.137320
2.736037 -7.656191
8.750795 -9.732905
13.336297 -13.803432
16.709723 -18.419271
10.242689 -15.770648
10.919360 -14.218924
2.200135 -6.748885
4.533674 -6.990858
7.681245 -7.220655
10.727918 -7.750402
9.952846 -6.396237
10.868537 -6.440401
7.860844 -8.009408
8.632202 -10.188228
9.062728 -11.263580
8.494522 -10.570102
10.556220 -16.264372
11.951182 -15.191386
18.649416 -12.542538
12.472916 -15.016575
11.237209 -13.472909
13.976794 -14.152547
13.650732 -13.063451
8.943745 -7.419049
8.831306 -10.713630
8.631262 -7.880623
8.873831 -9.117745
9.169323 -7.414499
5.022884 -8.201674
5.585011 -4.753992
9.906567 -7.238126
6.307042 -8.195351
9.313535 -7.280123
11.895101 -5.998927
9.802097 -6.275468
10.169995 -3.539547
7.936140 -7.410912
9.024798 -10.376494
8.774164 -13.666011
12.796035 -14.961936
15.252886 -15.292356
18.141233 -17.267702
14.299139 -7.017609
11.253717 -7.426407
13.447735 -7.463887
15.688829 -6.871565
14.178351 -7.761171
16.140722 -9.390172
17.103767 -10.841881
15.477393 -14.107095
15.167488 -11.679713
14.711568 -8.783978
10.478763 -14.006542
15.988775 -16.223484
6.942914 -6.702280
6.615092 -4.791357
4.425351 -7.346151
4.355196 -7.128455
5.465705 -5.784396
4.838655 -6.565423
9.355719 -9.163722
8.476901 -8.876073
7.950570 -9.609306
8.995880 -10.101669
2.014190 -11.496661
6.769550 -13.818385
8.557144 -14.855217
0.442075 -8.856113
1.536862 -7.877105
5.181055 -7.866896
7.416831 -13.282400
13.778698 -13.870347
10.278238 -13.536569
1.528443 -10.415301
1.558813 -10.846187
0.185650 -11.207100
5.477679 -15.287851
9.960234 -15.724177
4.034637 -15.752152
1.326891 -10.991164
0.319751 -11.883829
-0.190258 -14.497964
2.824108 -10.907501
2.147546 -10.055041
2.132923 -11.151349
0.944870 -8.666897
-0.607427 -7.763712
1.244967 -10.343589
4.718083 -7.527248
5.685919 -5.723512
8.252801 -7.416199
8.365818 -8.953946
8.227350 -5.480942
7.906372 -9.394855
8.006560 -9.148963
9.514086 -15.275612
16.404352 -14.020579
8.552994 -13.493273
8.833730 -13.104964
6.835072 -15.703435
5.838849 -14.097718
6.917213 -17.118097
7.946376 -13.661181
8.378117 -11.851169
8.347795 -15.726847
10.143122 -14.710816
8.273570 -11.338857
9.194847 -9.796740
8.851184 -8.428021
8.134108 -9.026887
9.632002 -6.813823
11.097121 -7.526774
9.833328 -7.564847
8.366856 -7.356409
8.862498 -11.689444
8.525505 -9.428945
2.754128 -9.852614
-0.329921 -14.231824
3.243993 -13.358697
1.647479 -13.319412
-3.376015 -10.341674
-0.316398 -6.911845
-0.381668 -8.252397
0.067928 -10.955289
0.561927 -11.125875
1.517654 -12.856524
2.568487 -13.169042
-1.089118 -11.615539
3.681012 -7.125975
7.216422 -7.950374
4.810472 -7.229000
0.637326 -8.071131
2.499929 -9.555913
0.991885 -10.913001
3.526666 -6.805031
3.071530 -6.566777
4.342758 -7.793783
0.884458 -7.720706
-1.959865 -11.646824
5.186133 -16.558952
1.281077 -13.750602
4.981984 -14.538859
7.191503 -16.911489
9.703857 -14.845890
14.823271 -13.291396
7.890403 -9.958604
1.960929 -12.233953
1.965669 -11.858989
8.711439 -7.770226
6.259343 -5.395736
7.258018 -6.804889
9.117325 -8.256053
9.277244 -7.624247
10.491613 -6.786599
8.258130 -9.483966
6.080606 -6.674739
5.341980 -7.933945
3.803346 -8.052007
3.668271 -8.073072
11.014331 -4.546337
11.871803 -5.078810
10.701073 -1.882178
9.882348 -5.973326
12.738560 -7.379648
9.272223 -9.697659
8.654096 -10.829785
9.059716 -11.577863
8.269219 -9.404748
1.092474 -9.719138
1.092087 -8.116146
0.909422 -9.066002
3.552795 -8.102384
1.686247 -8.809695
2.586674 -9.564053
2.403200 -8.018375
2.253030 -6.027833
4.135227 -6.550546
8.135986 -7.222933
7.982196 -12.553633
0.780424 -8.860319
2.814440 -8.172170
3.307723 -8.196657
1.290621 -8.635610
-0.857326 -9.950280
1.037539 -10.198936
0.338802 -9.398252
2.541086 -8.752671
4.197853 -13.716724
3.266113 -13.601694
4.946456 -13.559310
6.174569 -15.631557
8.965287 -9.830890
3.887958 -8.117736
6.319435 -8.127360
1.237700 -9.219256
2.696600 -8.853263
8.406721 -11.266489
9.164050 -9.656836
9.035999 -10.131585
9.309030 -16.727114
10.327114 -13.007415
12.391298 -13.354548
10.392794 -12.951539
5.173111 -13.540073
5.489213 -16.593618
9.088566 -12.038714
9.150534 -9.230377
8.874419 -12.607244
2.602066 -11.352290
-0.203221 -13.253011
1.941014 -11.148557
3.837941 -13.966612
5.515879 -14.277434
1.898187 -13.802905
3.449048 -13.282958
4.169277 -13.305547
8.360714 -13.958742
0.994817 -11.626429
2.732721 -10.873077
4.116555 -7.775606
4.373307 -7.307562
4.504726 -5.505085
9.665462 -5.748852
6.498242 -8.164080
2.321236 -7.782079
3.875095 -6.535144
1.750587 -8.567298
1.980044 -10.771258
2.656719 -8.408376
1.051741 -8.456869
0.793728 -11.554348
1.489593 -14.681018
3.611873 -15.396859
8.842284 -12.705804
7.862862 -11.448990
8.481669 -10.051485
-2.204985 -11.897651
3.043146 -15.108563
4.678230 -14.076379
10.467752 -14.572715
2.389601 -9.140287
2.099834 -7.183799
2.201222 -8.651315
4.218644 -8.132894
4.437944 -6.558968
5.657505 -8.153946
5.773149 -4.121014
10.302710 -6.451548
9.619311 -7.372530
14.557494 -7.484546
15.441895 -14.941118
11.470644 -17.298918
2.593957 -17.254515
-0.884556 -14.553831
1.550806 -7.272745
2.929225 -8.191979
0.733131 -8.293228
1.973675 -11.077636
2.742671 -8.782315
3.820388 -6.770113
4.307363 -5.306044
3.146108 -7.050094
6.054832 -7.831678
9.071208 -8.401860
8.861090 -6.706004
8.741835 -9.823472
8.693278 -9.885959
8.874868 -13.119906
9.121249 -11.569036
10.849681 -16.823956
6.564471 -13.934535
8.233927 -7.045659
8.791109 -8.037417
9.622449 -7.324397
4.774363 -13.765983
6.367140 -15.180551
2.482857 -11.181821
4.608778 -15.003430
6.477164 -15.996043
10.494333 -13.672638
11.514850 -14.345819
6.143158 -13.306025
8.536465 -10.488029
9.607145 -15.779468
10.611017 -14.238235
7.289369 -7.267523
9.257352 -9.322195
7.085263 -3.936258
6.343404 -7.565961
3.851462 -6.708796
5.578762 -8.004580
9.010564 -6.797009
7.876022 -9.998466
8.147966 -10.173862
9.094000 -6.873088
8.304339 -7.882664
7.927410 -10.391367
8.537240 -11.988423
8.025094 -14.915353
8.253556 -11.537837
1.943383 -11.882856
2.392515 -11.421647
3.071510 -7.909520
5.742908 -7.330573
3.135726 -7.684312
6.271225 -3.700505
4.639586 -6.982116
8.429827 -11.278989
8.351966 -15.381598
8.347033 -11.623738
11.728813 -16.392620
7.346240 -14.053132
6.563916 -14.837971
3.647878 -13.690575
4.258533 -16.234011
6.342453 -14.611150
-1.916304 -10.558283
0.074574 -9.401020
2.204485 -9.331738
8.958300 -9.179162
8.386228 -9.163665
8.836778 -8.984840
1.121523 -10.685906
0.677126 -11.600331
0.843623 -12.216174
8.304501 -11.983727
8.538913 -11.646080
9.704989 -7.772446
7.436012 -8.200239
9.001127 -8.894277
8.235250 -10.902970
8.335932 -8.947996
5.015872 -6.766952
6.606329 -7.434192
4.105009 -5.845911
1.145740 -8.582953
2.693450 -10.064496
5.230958 -13.252442
9.173641 -14.653085
10.359665 -13.132023
8.345711 -12.725115
9.389661 -17.807146
9.340183 -13.221290
8.457113 -16.702122
9.586658 -16.362396
8.085722 -16.461021
3.662444 -13.703618
7.954245 -14.447939
7.770193 -14.671233
9.085900 -6.961495
7.982929 -9.291914
1.025532 -12.323825
1.534231 -9.533305
2.502895 -10.575614
2.286805 -10.975286
7.169715 -6.965310
7.121549 -6.532431
9.352283 -6.781282
7.671560 -8.006316
6.841646 -7.039007
7.732798 -4.949595
5.266505 -7.247356
7.197169 -6.533940
10.636982 -7.629822
8.483386 -8.929068
8.829691 -9.050139
2.813499 -8.816407
1.771474 -9.503201
1.276906 -8.861396
5.376882 -8.104638
6.909702 -7.897037
5.286477 -7.355534
7.261832 -7.238212
7.903594 -7.964603
7.678568 -5.805278
7.740590 -7.211828
14.817029 -9.951239
14.615824 -11.894315
11.343587 -6.794866
8.842680 -11.078418
9.318741 -13.658771
9.227834 -12.164059
8.054617 -11.142778
1.935558 -11.953763
-0.227815 -5.580261
4.924824 -4.378201
6.752256 -5.457258
6.082340 -5.087946
6.794534 -4.637290
11.680777 -7.712768
9.678114 -6.511426
16.483353 -6.986329
19.946630 -9.390871
9.107444 -17.256361
14.999705 -17.055592
10.375935 -13.036739
9.701958 -13.272089
9.062950 -12.498524
8.455013 -8.238718
7.976117 -8.483885
8.220504 -10.756038
9.132542 -10.280298
8.475769 -8.722702
8.349159 -10.268201
8.070902 -10.644051
14.392621 -13.056165
17.183876 -14.233246
16.139101 -15.577944
11.581901 -13.630150
12.497921 -18.279177
8.280695 -13.088515
9.502072 -14.313067
8.851982 -10.324119
9.031059 -8.073338
6.286106 -6.679101
8.332804 -8.456865
7.965418 -9.486047
8.556852 -11.684017
8.089357 -7.657233
8.164526 -9.230214
9.320479 -8.884261
9.358995 -9.322177
5.498434 -5.958813
4.936212 -5.478931
1.094250 -8.179523
1.852944 -9.650573
2.135295 -11.822196
1.991789 -12.088579
2.387515 -10.119784
1.915999 -12.051851
2.541640 -10.327464
1.681311 -15.552779
4.360494 -13.470936
5.605324 -14.122480
6.168093 -15.709297
5.452168 -14.505951
3.781877 -14.810472
3.749922 -13.963977
4.798683 -13.739839
8.993720 -13.575974
6.693145 -13.287269
9.871060 -13.576308
13.951574 -13.977855
15.194245 -12.881266
10.652108 -12.855583
15.250307 -7.189208
13.767349 -7.260604
12.242794 -15.352769
9.055939 -11.251754
8.050267 -6.561924
6.271791 -5.466231
8.592470 -7.769427
9.500064 -14.739625
7.658643 -13.979218
4.320553 -14.913867
7.723514 -14.970307
11.688587 -16.661903
11.272308 -12.878532
17.769981 -9.808405
14.510578 -11.995739
14.541624 -9.983937
14.267306 -13.689500
13.649197 -12.844196
12.870169 -16.749437
2.028667 -13.024896
3.869465 -14.168096
4.313583 -13.604817
8.538067 -11.747964
7.946956 -8.902920
9.228918 -9.452189
8.741219 -12.204795
10.095072 -14.385307
7.170717 -7.590438
8.527775 -7.617441
8.428375 -6.537568
9.104302 -11.084171
8.331221 -12.308158
11.191448 -13.786958
6.392323 -13.530972
5.366644 -14.434431
3.366634 -13.678344
2.477877 -10.244884
2.679052 -10.701779
3.233621 -7.758036
2.082026 -9.158534
2.673378 -8.518146
1.767946 -9.004354
1.601141 -9.699536
2.386329 -8.547800
2.211674 -10.504009
1.885591 -10.747354
1.269579 -11.429482
2.789917 -10.124589
-0.779225 -8.590800
3.178414 -5.526106
4.532312 -7.934178
2.491822 -7.093904
2.060982 -8.377179
4.074683 -7.392252
4.503767 -16.283895
15.652830 -13.817707
11.368643 -15.302145
11.793901 -14.313706
4.971062 -15.503190
8.297949 -13.487487
12.801834 -13.319860
8.224512 -13.960917
2.392297 -14.351447
5.437114 -13.909581
8.062277 -13.776420
8.977115 -12.614652
8.624552 -9.185296
8.208448 -11.481571
8.121584 -6.710843
6.094363 -5.845979
6.355082 -7.776429
2.503776 -7.331150
2.575594 -12.085397
2.073532 -8.356888
3.280565 -7.290817
1.847302 -8.683921
0.529440 -10.506113
0.149347 -10.568395
2.380254 -10.631826
2.760556 -7.797887
4.279193 -6.193210
5.506160 -7.081846
6.547619 -5.766095
1.779638 -4.477855
1.329534 -3.769449
4.001498 -4.340111
2.742781 -6.142597
7.508364 -6.800488
8.465979 -9.251500
7.996346 -9.533778
8.265759 -10.243062
1.094979 -15.965810
0.087653 -12.161573
1.304447 -9.347016
2.524572 -10.148715
1.254330 -13.291995
1.754632 -11.790963
2.776626 -14.443810
7.329304 -16.346901
12.106586 -13.563396
6.115780 -14.726501
9.007657 -12.566707
6.888206 -5.609177
9.952967 -6.551404
6.435735 -7.862768
6.627066 -7.388697
-1.395587 -11.876831
-2.766030 -9.027598
-0.711147 -9.543617
1.180483 -11.444222
2.320561 -9.153380
1.362674 -8.789551
2.702351 -10.860398
8.805741 -11.845467
11.858145 -14.684457
10.643702 -12.833336
11.683674 -15.679245
12.124521 -15.703450
8.637476 -8.871507
8.541958 -10.507842
8.719291 -11.088456
9.129878 -7.662386
7.623850 -7.806781
6.477006 -6.645384
4.278003 -7.491296
7.882273 -13.155735
10.691365 -15.091989
8.695761 -7.393200
6.475835 -8.178186
9.121752 -6.932152
8.139048 -10.309844
9.080256 -8.381749
6.509075 -13.917634
1.373252 -16.173391
4.359633 -16.587708
3.546829 -14.659515
4.865274 -14.044917
1.397808 -14.735266
1.941325 -10.703845
2.116400 -8.799923
3.054951 -7.319865
5.254731 -7.660236
8.316665 -7.717040
8.006916 -12.191932
9.125778 -13.029553
12.276670 -13.862773
8.138198 -12.405232
8.272382 -11.878217
9.451025 -14.320929
9.207173 -10.920632
9.003103 -11.291348
8.199441 -8.572906
8.765614 -11.473851
7.843841 -10.387664
7.931138 -11.946986
9.229560 -8.237367
9.758779 -6.246450
8.742901 -10.485633
8.305773 -10.364043
4.865262 -7.598166
3.172587 -7.821721
4.570722 -8.136855
2.201450 -8.567908
-1.002660 -9.229401
-0.646497 -9.018589
2.364885 -10.788049
1.545297 -11.167045
1.649258 -10.799939
2.047360 -6.352557
3.605140 -6.206815
4.741410 -8.149360
6.499785 -7.207374
3.539463 -6.401999
3.629590 -8.051942
1.514268 -8.004936
5.794629 -8.024582
8.321925 -8.193920
4.410305 -7.322285
5.431231 -7.763983
3.677504 -6.167586
2.459061 -8.714381
1.871581 -8.841113
2.422057 -9.005699
3.666584 -6.578025
4.187060 -7.367807
3.794464 -6.456599
4.723130 -7.142380
5.233203 -7.099644
4.165368 -6.975471
1.236117 -6.626276
1.511285 -10.288491
2.448475 -10.044635
2.970536 -7.153117
7.897040 -7.797625
8.154177 -11.404067
7.962747 -9.040711
6.886765 -13.496300
4.982749 -14.442477
2.716502 -9.887267
1.011169 -8.667598
2.455766 -7.649508
5.238851 -7.787423
5.982269 -8.108809
7.987383 -8.197877
9.034956 -7.792620
8.803221 -11.858224
0.477862 -11.041981
2.430376 -13.130830
1.709033 -13.948864
6.101565 -15.202424
1.540860 -11.832848
-0.492604 -10.265853
0.982433 -10.188990
2.487335 -9.507131
0.934073 -12.023108
2.454964 -9.515096
2.020109 -12.614322
2.304509 -14.101335
4.493437 -13.214836
8.370063 -13.286351
7.997450 -8.757842
7.474390 -6.470445
6.456570 -6.737072
3.579324 -7.706118
7.895202 -8.031114
6.724139 -3.895201
8.910362 -4.618120
8.517979 -10.517528
9.147745 -11.838016
7.709062 -13.624487
9.532787 -15.770654
11.108090 -14.992908
9.869087 -16.445375
8.231159 -8.401139
8.848413 -12.667840
8.856375 -8.148946
8.320354 -7.004336
9.151178 -10.727481
8.537045 -11.273971
8.657995 -15.271428
4.328895 -13.477592
0.084703 -13.109206
2.562122 -12.550672
1.549263 -9.302812
1.667647 -11.657823
2.722291 -11.283664
2.213075 -9.794509
1.030548 -9.031289
4.243898 -7.269373
4.408319 -5.241138
6.614845 -7.308645
9.633604 -7.777695
11.196896 -2.043788
6.642169 -2.117224
9.103642 -0.724681
8.758657 6.195183
10.027875 8.337196
11.162191 5.098592
9.391438 4.934960
7.263659 4.882435
8.807627 2.778044
7.883594 0.691930
8.932701 2.517395
9.066419 4.864607
10.962677 3.681345
12.320728 3.787761
11.861925 4.226393
9.749306 4.045000
8.900270 5.266377
8.717316 0.096195
7.845206 1.679960
8.559958 -2.490456
9.136278 -2.786967
10.351158 -1.883973
9.516562 -4.584137
8.948832 -6.093791
11.454981 -2.075656
10.254335 -2.051954
8.055778 -1.909203
10.033857 -1.945062
10.374845 -2.179508
9.082891 -4.364806
7.129128 2.537347
7.514601 1.944054
7.910432 1.433960
8.215632 -0.196115
7.735224 1.536890
8.823809 -0.652638
8.776298 1.149038
7.626527 0.951564
8.865259 0.377599
5.640773 -0.309029
4.314943 -0.524654
7.649133 1.069219
6.965302 -0.981759
11.111691 -2.159813
11.152302 -1.621799
15.214745 0.353216
8.367561 0.632308
8.478584 0.383707
17.130238 1.588417
17.381990 2.050392
17.342758 3.539237
7.795447 4.044834
9.610024 3.687301
7.465010 3.337558
8.755128 2.897182
7.782962 4.001178
8.951548 0.227454
8.663149 1.922259
7.577164 2.394298
7.534925 0.898335
8.455756 1.122521
9.196674 6.277784
8.020804 4.764464
13.091611 4.501558
12.866617 4.668602
10.993952 3.503880
8.780973 3.880060
8.717003 2.221406
6.487898 1.441924
8.637781 2.719595
7.609555 0.215619
7.459575 0.354075
8.316471 1.352943
7.465448 2.828863
8.993503 4.945391
11.474438 3.736805
9.680368 4.574665
8.641315 4.290912
11.455754 3.989186
14.446720 5.203157
14.352531 1.700290
16.286232 4.228891
10.534770 5.505105
7.706264 1.784644
9.050784 1.796606
7.644968 -0.864421
8.748436 0.629949
6.996926 -0.664719
9.379143 5.658369
12.251645 5.708110
10.102945 5.698452
10.089579 8.236841
9.835803 7.910944
6.802449 4.333101
8.719640 0.505347
7.351730 1.773544
11.639513 6.190725
13.118991 5.896303
9.522097 4.146342
9.496643 4.555528
10.170144 4.644870
10.456347 3.567985
10.690447 3.659291
8.852276 11.192633
