-6.899838 -3.398071
-6.942768 0.266864
-3.635322 0.494314
-3.389164 -0.851803
-3.023921 1.792627
-1.341918 1.355549
-3.822573 -1.049316
-5.274343 0.472506
-5.981194 0.183314
-3.639986 0.210910
-5.023830 -3.023093
-4.299096 -0.284364
-6.312635 0.707339
-6.997339 -0.641918
-10.157351 0.429783
-8.966507 3.316118
-8.633224 4.362022
-8.408830 5.294196
-10.787308 7.485571
-7.168513 8.517202
-7.463017 6.042992
-5.641971 6.472522
-5.722494 7.953421
-4.666118 6.925595
-5.621618 6.209756
-4.789277 7.648956
-3.986991 6.647658
-2.876988 7.304514
-5.093671 7.697833
-4.807196 6.044012
-4.750731 6.670627
-3.883336 7.060334
-5.447188 7.016968
-4.627110 7.650603
-3.172038 6.093303
-3.141171 5.165329
-2.545032 3.346572
-2.073751 1.619396
-2.230760 3.330121
-2.466875 2.112897
-2.893452 4.754836
-2.454388 5.009595
-1.687599 4.421676
-0.553414 4.813004
-1.061040 8.188382
