7.423124 12.751296
6.406160 13.034454
4.666509 6.999093
4.515828 3.890935
2.704341 3.247003
1.223373 3.469163
-0.137149 4.814391
-3.030235 1.482538
-1.934651 -0.235747
-5.021365 -0.912659
-4.811510 -0.476390
-5.379466 -0.122266
-4.485174 0.843295
-5.169926 0.197689
-7.967823 -0.548503
-11.355237 2.173864
-10.602818 3.986772
-8.805597 5.689878
-7.226337 7.876614
-5.076860 7.815975
-1.515039 7.365256
-2.234205 3.088023
-2.804477 4.731043
-2.518453 3.827438
-0.006584 4.484930
-0.947541 3.412680
-2.027485 4.250613
-1.547780 4.672005
-0.907920 7.579999
-5.047575 7.239830
-3.650556 6.884420
-0.898827 4.908225
-5.264774 7.071943
-6.742008 6.960258
-5.910017 5.937444
-3.406874 7.143137
-1.122086 4.317005
-2.144107 2.281110
-1.437860 4.696712
-3.031784 3.181789
-1.499001 3.139036
-1.623344 4.013762
-0.606033 5.163904
-1.544352 1.269653
-2.786899 -0.689194
-3.790515 0.688611
-4.187307 0.338033
-9.095703 -1.103141
-8.471157 2.121479
-11.142146 2.087000
-8.336759 3.687817
-9.624863 2.637147
-11.693437 -1.866444
-15.876129 -5.903936
