19.681025 -1.067933
13.028548 0.838573
13.251690 -2.182638
14.807189 -9.489996
15.889435 -2.579315
15.028477 -4.890439
10.850753 -5.854425
6.433927 -6.141635
11.335292 -5.667201
8.824856 -4.381806
8.097384 -5.541796
6.924011 -4.816015
7.181904 -5.148573
11.777626 -4.207922
10.101978 -5.998757
7.236403 -5.874931
5.580597 -1.341464
6.092959 -1.291480
6.336185 -0.425009
7.365986 0.239338
6.782366 1.636468
8.842639 1.941461
6.820457 2.118857
8.592270 2.690966
9.501722 2.759745
9.103805 2.752395
7.564734 5.876000
12.690629 1.163751
13.633358 -1.453335
16.981180 2.896679
14.807181 -0.411637
11.056591 3.143695
10.138666 1.379815
9.388005 1.692114
9.783074 2.150396
12.230345 1.684387
9.967190 1.381575
12.493074 1.561729
13.773732 1.821471
11.842829 1.807656
11.744241 1.811687
10.456625 2.551717
9.724102 1.589252
9.941507 2.047712
9.209425 1.474464
10.292350 1.401128
8.366243 2.089254
5.247921 0.628446
5.751812 -0.230694
5.232118 -1.451945
4.205235 -3.592788
6.456696 -1.602545
5.418889 -3.038058
4.937133 -4.634813
7.311847 -4.386583
7.123785 -1.751461
4.660069 -0.180557
9.546522 3.615160
11.448520 1.455497
9.121116 1.493069
7.893040 1.378354
5.110558 0.649337
1.713709 -1.203322
-0.568059 -3.543272
-3.050203 -2.553202
-6.283716 -1.526325
