13.635076 -19.641998
10.408321 -13.029904
9.247574 -16.287138
13.063526 -17.258217
6.965791 -14.078702
10.469296 -15.011514
12.070818 -13.015328
8.491714 -13.924260
7.344077 -16.681366
5.206390 -14.181640
2.956394 -13.317550
2.294841 -12.720093
0.212656 -10.041340
1.755826 -16.658443
6.354049 -15.246369
8.849426 -12.759389
7.866723 -10.666784
9.857471 -5.405101
7.048894 -7.525582
8.772799 -7.939189
8.160641 -5.428067
9.258280 -10.747702
8.360798 -8.145656
6.231263 -4.590493
8.742640 -7.055737
3.967544 -4.358759
7.655631 -3.849989
4.712524 -7.210224
8.472179 -4.895878
5.713378 -7.338022
4.023221 -6.643326
6.738091 -8.159062
5.399070 -5.707091
9.116386 -9.373557
7.952869 -11.841022
9.877445 -13.569443
9.792670 -15.990769
6.079831 -14.831008
2.055794 -14.314058
2.246606 -8.616232
1.620631 -8.022505
2.716158 -9.655939
2.062930 -8.477212
2.235188 -9.805862
1.173689 -13.299069
3.706139 -13.526608
5.502656 -13.254235
3.968370 -14.079831
5.749167 -13.583574
6.488810 -14.647666
5.988914 -15.066373
4.795079 -7.001755
0.992204 -8.943029
1.300084 -10.332543
1.439531 -9.273252
2.685482 -9.070685
2.029720 -10.200303
0.906336 -10.717568
1.761538 -9.937253
2.163781 -7.335387
6.273579 -6.798436
6.641042 -6.168540
2.616554 -6.062473
6.213707 -6.767383
7.883337 -9.587942
8.496795 -12.847293
9.041246 -11.891378
8.102699 -10.563446
8.041605 -11.195606
8.941661 -8.774098
8.455373 -8.494344
8.060881 -11.068807
8.213925 -11.304917
10.659518 -17.461576
11.797327 -19.499464
9.113571 -15.972831
4.078701 -14.796941
2.797137 -14.979474
2.767340 -10.455426
0.336559 -10.204038
-0.391165 -10.820591
0.448434 -9.899697
0.602861 -10.458169
1.243002 -10.122792
2.021997 -9.860770
2.162250 -9.641531
3.118918 -7.506325
6.753102 -7.775486
7.566394 -7.804096
8.340029 -5.609666
7.782933 -7.768587
6.842617 -5.264127
9.456693 -6.100997
7.187646 -7.220635
5.522342 -7.857117
3.298662 -5.872304
3.902788 -7.829561
4.736310 -7.395409
3.397117 -6.394555
5.355987 -7.606242
1.438900 -6.366101
-0.067834 -12.620536
-1.452435 -13.170777
5.180463 -14.063806
6.004227 -16.635546
1.405642 -18.817331
4.079405 -13.863555
9.427706 -15.654062
8.376109 -10.393418
6.058674 -14.249074
2.193039 -14.514917
6.789393 -17.047586
2.248566 -9.307933
3.000576 -6.466847
2.391359 -8.293212
3.557716 -13.412335
2.766915 -10.604751
7.090153 -7.866587
12.438524 -7.455463
8.625319 -6.880485
13.665517 -14.998516
11.449534 -14.204539
14.285013 -15.148286
12.763598 -13.498492
11.996947 -13.758491
12.679359 -15.414420
8.902919 -16.093298
8.357622 -11.548249
6.791165 -16.605152
5.176148 -13.799123
4.589322 -7.659801
7.790692 -4.840695
8.743851 -10.210042
8.498367 -12.861314
8.275774 -8.046180
4.221685 -6.081882
4.749663 -8.058583
6.242040 -6.274476
3.775936 -8.124407
4.117974 -8.168338
8.855529 -8.954137
9.260336 -12.139506
11.944674 -19.081715
8.401265 -15.086865
8.526602 -11.804113
9.279897 -8.511672
9.311063 -8.243257
3.655338 -15.158880
7.330085 -14.958273
6.549804 -13.921339
10.119373 -18.244566
12.006515 -13.435308
7.422062 -7.783834
6.826619 -8.053820
8.632241 -8.855111
7.104503 -7.329025
0.998862 -10.791169
2.032228 -9.414536
7.958269 -11.209242
8.361673 -7.885461
8.005731 -9.172418
9.076978 -11.484898
8.305207 -9.252904
0.565695 -10.015367
1.255894 -9.052297
2.491068 -13.368197
9.995663 -13.137286
13.216217 -16.622736
12.140539 -14.078431
10.694571 -14.209054
7.523047 -13.206316
6.762628 -14.381072
4.541041 -14.289287
0.418085 -12.815685
2.227911 -12.733228
2.693116 -10.526695
0.137490 -13.326430
1.882725 -11.940039
2.959035 -8.072080
4.526570 -14.456977
8.372951 -15.060735
3.985186 -7.339949
3.681857 -7.776343
2.575931 -11.394005
2.704567 -9.902795
1.037968 -12.301478
2.586410 -9.510012
2.654197 -9.459559
2.107351 -11.638824
1.248530 -9.653146
2.516054 -5.828681
0.604813 -8.669030
1.969677 -8.690823
2.460348 -11.599292
2.152933 -9.785211
1.807419 -10.090436
2.311004 -15.037171
5.347226 -16.188334
3.762724 -13.632812
6.261160 -14.048932
2.800836 -15.825701
-0.992782 -11.334159
-1.320024 -14.114884
1.771494 -14.753097
2.734683 -12.975516
2.414439 -6.720648
2.936831 -6.756463
2.150008 -8.143715
5.625688 -6.411589
4.402305 -3.803826
5.342163 -7.679974
2.080759 -9.149001
0.371793 -8.663116
4.241422 -8.113368
2.829707 -9.414639
0.100839 -11.367122
0.922138 -13.674253
2.751369 -13.243637
2.270050 -12.160818
2.265096 -13.760224
0.833208 -7.332507
3.950675 -6.319311
7.915288 -7.220305
8.430510 -9.679283
8.217960 -12.507483
7.983954 -8.196481
8.223553 -9.412130
8.785782 -8.697595
7.569509 -7.985828
4.923308 -7.846340
7.104420 -6.922008
3.488333 -6.495831
2.051641 -10.300690
3.208340 -6.667886
2.312384 -10.834226
1.590831 -12.031590
4.638591 -14.675432
3.253448 -14.038814
6.430424 -13.459044
8.774866 -10.290442
8.934952 -11.574313
7.868020 -11.517252
5.242661 -14.124951
9.163584 -14.069864
3.738281 -6.353849
7.978046 -11.468345
5.072328 -7.241896
7.210662 -7.389442
10.907156 -7.367198
10.034201 -7.499453
7.848356 -10.251332
8.951288 -11.207234
4.875794 -13.950627
2.538280 -8.724927
1.476736 -9.838845
2.043563 -10.025397
1.953148 -10.420512
0.925496 -9.421453
0.596837 -9.626592
2.620297 -9.857934
2.776525 -12.513572
2.513458 -9.983609
1.964172 -7.855057
2.100580 -14.020359
6.582928 -14.977081
8.833158 -8.444896
4.189772 -4.488309
5.270496 -7.860433
1.583941 -6.982964
1.865692 -9.281571
3.093608 -7.821213
3.647504 -6.725132
8.686625 -5.377018
8.512528 -9.541966
9.639377 -6.966948
11.374002 -7.604506
14.240295 -6.112067
10.944660 -7.767811
9.342243 -8.692994
7.335723 -14.313252
8.651259 -12.294286
8.646011 -13.728295
18.233200 -14.826028
18.554897 -10.843324
15.010079 -8.925076
8.201529 -12.544899
3.975230 -7.842252
2.498007 -9.264861
7.279245 -7.341073
7.951972 -10.674966
10.062450 -13.876305
8.135316 -12.207574
5.221658 -13.458051
8.932155 -10.339477
8.105762 -10.756449
2.817422 -14.052115
7.519947 -13.820114
12.725009 -15.316800
10.487827 -18.477055
13.287273 -13.926421
14.058954 -13.024045
15.966684 -12.509808
12.172808 -13.738693
13.673922 -13.443265
10.000019 -15.067271
7.867472 -10.549983
9.727455 -6.675888
8.153173 -8.750090
7.443466 -5.218380
2.678476 -7.986047
4.598691 -5.018143
4.444697 -6.026846
6.379993 -7.282312
6.753891 -5.479909
8.824855 -9.227408
8.996616 -8.702226
8.974424 -6.288019
3.500391 -6.396148
4.935879 -5.367819
10.818988 -13.768584
13.479847 -13.734624
15.558023 -11.966224
16.392731 -12.469696
15.578884 -9.718373
8.215875 -10.895486
8.317545 -9.254783
9.329012 -9.335081
7.964676 -8.874284
10.362947 -6.000324
8.031929 -8.764812
8.147058 -11.753079
7.912813 -11.710223
14.923713 -19.488459
13.374151 -15.229493
6.480336 -13.535632
11.360825 -13.040046
11.877295 -13.784669
8.783762 -11.779496
7.865868 -9.862040
9.286942 -8.008153
13.661716 -16.257172
17.599407 -12.914216
5.198527 -8.147630
2.642653 -11.193141
1.698150 -10.316230
1.244898 -9.985629
5.152917 -5.869552
3.509212 -7.200497
4.117920 -7.711327
-1.394045 -10.814509
0.219842 -9.776671
1.517336 -13.056254
8.257797 -8.806040
9.289499 -9.307900
7.917330 -8.684838
1.150079 -10.643744
1.985569 -10.940020
1.904054 -13.043517
0.642356 -10.192434
1.376442 -9.609062
1.849846 -9.813783
1.726636 -8.527040
2.261346 -7.952973
6.780743 -7.960382
4.978624 -6.965868
4.767210 -8.194444
6.450625 -7.433388
3.938041 -7.562985
4.474418 -4.687588
5.138800 -6.552024
9.344051 -10.171298
8.786644 -10.780896
7.942880 -11.900643
10.883553 -17.910944
17.800545 -15.934663
10.514683 -13.594783
10.490502 -14.086999
12.671776 -17.911497
9.401100 -17.586008
8.756148 -7.457992
5.330235 -13.733153
6.957642 -14.050550
4.422863 -14.734368
2.265011 -10.331180
0.366085 -11.922414
2.536908 -10.484262
1.546034 -10.669001
3.765335 -13.579740
9.381583 -13.196059
8.634900 -9.225148
8.714411 -9.999824
8.175962 -11.322518
8.207983 -5.038109
6.954123 -7.877637
7.669796 -7.002811
9.045145 -8.189493
9.865919 -7.428050
8.125540 -10.594681
5.456673 -7.539733
9.037892 -5.602448
15.067763 -11.816991
16.390656 -11.049222
19.155857 -12.260562
12.547260 -4.061482
6.768447 -3.904312
6.525013 -8.091760
6.287170 -4.408501
6.546100 -5.841555
6.392409 -7.025047
5.961723 -7.808037
2.917263 -5.849261
2.582479 -7.311410
1.292764 -6.206464
2.811210 -9.147639
2.230562 -9.016463
2.567654 -11.318351
2.534670 -7.818443
2.383194 -8.662509
2.427861 -10.207850
1.193116 -9.111820
-3.119812 -8.252454
-5.833012 -10.136250
-6.483186 -8.467220
-6.759410 -7.552503
-5.325623 -5.286545
-4.686480 -4.601208
-9.782021 -1.533897
-10.514967 -1.846295
-9.850454 -1.666692
-9.789026 -1.995349
-11.729768 -1.025670
-18.582262 11.298859
