-14.582323 12.861667
-14.320236 9.588799
-15.098006 6.146069
-11.858837 2.140903
-7.742096 2.572421
-5.800065 5.914815
-7.821136 5.804500
-6.703136 4.490344
-6.763407 4.129197
4.402840 -6.461498
4.755481 -6.276794
8.034774 -6.368404
10.976355 -6.189125
7.582408 -5.066836
8.991242 -10.401111
8.850219 -8.752749
8.170245 -7.060268
5.072287 -7.182728
5.072515 -7.813658
3.251487 -7.401749
0.937495 -8.833650
2.698259 -15.904593
6.937352 -14.899265
8.929605 -15.057643
8.235415 -9.781567
5.840108 -8.070414
6.397104 -5.793820
3.537361 -5.430237
5.208169 -7.862256
6.661290 -7.781220
2.325686 -6.772763
0.475700 -10.860184
7.011764 -7.303814
9.015085 -9.334698
5.672823 -7.222136
3.009131 -7.233758
8.051228 -6.493544
2.759556 -11.101525
7.830930 -8.079090
8.243927 -10.224990
8.161593 -9.516345
9.099661 -13.908015
9.226794 -11.228141
9.312926 -7.528464
8.345046 -10.307362
13.943550 -7.651040
13.950189 -7.414958
15.572144 -9.818837
19.359266 -14.948192
8.624881 -13.581592
8.199430 -11.678567
9.356339 -10.385261
8.834208 -7.632121
9.775210 -7.326102
11.847589 -6.990372
13.298246 -7.410892
13.760622 -14.464511
10.884013 -13.416453
16.511444 -14.497979
8.980818 -12.821593
8.002290 -11.193617
9.343554 -12.046351
8.002641 -9.504876
8.954429 -11.738822
8.592577 -9.539162
7.903229 -10.554832
8.565194 -11.734305
8.531103 -9.153185
9.135393 -7.298135
3.681822 -6.031545
1.405031 -8.270404
0.590803 -13.965835
1.428611 -11.796588
1.208966 -12.646943
0.969195 -16.918898
1.980080 -14.027457
0.483584 -11.108662
1.409830 -11.493359
2.704185 -12.399518
1.938959 -12.398062
-1.261661 -11.559338
1.360410 -16.256639
4.869941 -13.306584
8.379242 -13.274932
8.814505 -13.144288
7.638721 -13.530518
8.664775 -8.369264
8.692720 -7.484851
8.511314 -7.319568
18.014471 -9.844583
14.394057 -17.807356
15.746500 -8.381140
11.068367 -4.230913
9.310352 -6.198591
6.888170 -6.080315
7.084341 -5.195086
7.339138 -5.035198
6.157026 -7.065387
3.582978 -5.708514
6.762658 -7.536647
2.803719 -7.094409
8.176948 -8.253420
8.891456 -7.658248
15.308363 -7.216889
2.850763 -7.857014
1.136730 -9.658410
1.532940 -8.932023
1.325630 -10.397979
3.331963 -14.313573
4.379103 -16.605776
2.137537 -14.290641
6.813964 -14.358785
9.907460 -13.824431
8.766010 -13.076938
8.074453 -11.053459
7.897823 -12.717265
8.499922 -7.258310
7.168550 -7.050790
7.810984 -6.742839
9.354210 -12.451480
8.068432 -10.537203
8.094650 -13.144889
8.482318 -14.009471
9.486990 -12.901772
3.522068 -16.036898
2.403372 -12.861767
1.238919 -10.125200
3.561811 -6.377687
5.927574 -6.553304
1.429264 -10.897098
-1.708107 -11.932355
-3.702932 -11.317689
-2.618289 -11.582786
-0.002320 -11.942039
-1.862975 -10.997327
-0.691759 -11.596673
-0.484214 -11.806887
2.403723 -10.097691
2.685458 -9.251145
2.721626 -6.426985
-0.321523 -8.691490
2.418469 -10.693904
1.602627 -10.679278
8.753424 -11.110803
1.502152 -7.753683
2.545813 -12.149380
6.507538 -6.611672
3.804092 -7.640964
1.551542 -11.855683
1.399108 -11.038074
0.374678 -12.686206
3.304348 -6.034601
5.577166 -8.024019
3.889973 -7.861005
7.556635 -13.499691
6.998043 -13.518256
9.320493 -10.933677
8.076463 -9.966805
8.788892 -9.699632
8.147270 -9.067743
8.734153 -12.344422
8.239965 -9.756509
9.219270 -10.454694
6.288057 -7.858213
4.349419 -7.953583
4.900205 -7.816521
6.646759 -7.687015
11.061070 -6.180287
12.117630 -5.717956
10.650143 -5.862287
14.787988 -7.657454
10.865221 -4.865898
8.027123 -10.140252
8.064450 -8.545972
4.993308 -8.139237
-0.112609 -11.479992
0.931842 -10.675450
6.902560 -15.145902
5.112497 -6.856947
2.910161 -7.809681
8.118361 -10.109658
8.321878 -7.563780
14.409380 -12.179732
18.002729 -8.677198
15.611084 -10.111001
14.477587 -11.090613
15.139904 -9.038218
12.007212 -7.716340
11.928474 -6.021812
18.963436 -12.180564
14.541715 -9.608298
10.100444 -12.895801
9.319150 -10.891277
7.631362 -13.917742
6.415962 -16.066469
12.426541 -6.135066
11.894863 -7.144878
15.611243 -8.848096
15.311119 -12.221620
16.005871 -11.085769
15.314524 -15.816744
14.457128 -12.360452
14.651134 -12.408492
13.462121 -15.128205
13.368055 -15.149082
13.217318 -13.912465
11.395996 -13.421952
7.169729 -13.579702
8.607732 -7.784629
11.423291 -7.082752
11.355820 -7.439783
6.357409 -6.581227
6.444570 -7.846640
8.863677 -4.944009
7.419747 -6.996593
5.175663 -7.946763
6.936913 -6.655295
9.240971 -8.875727
9.201442 -9.132211
8.630837 -8.485120
6.842332 -7.814192
8.488946 -7.087615
5.665669 -7.954434
5.516457 -6.281816
6.098249 -7.962555
9.395859 -7.798462
8.748281 -9.908168
7.973860 -9.393096
9.308505 -10.807648
9.012730 -12.489409
7.881385 -9.921266
9.241775 -11.948718
8.564739 -12.758307
8.145456 -10.841612
9.088494 -10.045553
8.296785 -6.902228
6.844806 -7.596025
2.507985 -7.733844
2.454391 -9.033370
-0.583070 -10.606662
2.616214 -12.883962
2.730213 -12.113199
2.806185 -8.538390
1.241436 -10.943091
1.841713 -10.965270
1.178681 -11.206513
1.465426 -13.442328
1.434540 -8.858531
0.873565 -5.959269
3.533082 -8.057000
0.651443 -8.454937
1.966239 -9.705481
2.636360 -10.158158
0.827610 -13.756040
2.357691 -11.541036
-0.582063 -11.717527
1.185841 -13.576229
9.676969 -13.521288
14.031503 -12.862395
