-18.683666 0.852202
-11.466469 2.452505
-12.014373 2.302572
-7.517352 1.478239
-10.143324 3.032201
-9.140585 -0.817357
-6.930938 4.682046
-6.882028 4.727300
-7.822627 6.575050
-6.834293 2.037987
-10.322574 3.024584
-10.708462 1.443779
-9.408231 1.655708
-10.711986 0.844962
-12.510508 -0.949388
-13.198565 5.715257
-16.632034 7.712729
-15.686484 9.617436
-11.274477 9.954327
-13.114399 10.774076
-10.538767 11.517859
-10.778965 10.151185
-7.394050 10.195633
-7.426467 7.575293
-6.352204 3.481337
-6.649031 5.832465
-5.810629 6.170069
-3.857075 6.109349
-0.154709 5.522560
2.271921 8.055393
7.270827 10.528296
12.585558 9.274364
