-0.918054 18.634153
-0.787492 12.475985
-1.180495 12.992065
-1.104111 9.811654
-3.547496 9.872194
-3.172085 11.628369
-2.201308 9.981820
0.238250 7.567259
3.813298 9.199862
5.643566 11.024657
5.627546 15.527905
8.462145 11.405573
3.554079 10.534280
2.524427 9.979085
1.030609 8.311413
-2.493032 9.329928
0.813927 11.189464
1.921491 6.972366
7.656473 4.506381
8.242912 2.827410
6.392885 1.353677
8.236979 2.929378
10.015656 1.904818
10.638412 3.510628
6.265460 1.408023
7.260516 0.317914
4.867669 0.238011
5.200109 -2.019572
6.064412 -2.816621
7.343449 -6.067862
8.433287 -5.744727
10.535293 -6.732422
10.860828 -4.986134
11.007360 -7.505031
11.136506 -7.625752
10.782612 -6.606349
8.849713 -4.502721
8.300436 -4.721906
9.006239 -7.498066
8.234033 -7.397380
10.868279 -7.451052
8.302227 -4.191406
7.350717 -1.835274
6.961390 -0.290267
5.650095 0.584682
5.320656 3.353838
8.651696 1.284473
8.739598 1.518186
9.733195 1.595531
9.371033 2.170114
9.350628 2.737564
9.081367 3.013277
12.525717 1.629800
13.920992 1.831345
14.995447 1.918110
14.964734 -1.236033
13.416805 2.782794
11.097919 2.047926
11.516500 2.859382
11.894827 1.656478
12.350208 3.164963
14.499508 -2.544701
14.440968 -4.398982
10.016104 -6.156532
9.122701 -8.455867
9.363773 -5.782706
9.878113 -7.291133
11.723963 -6.594551
11.853682 -5.933822
10.845298 -5.419389
15.160102 -7.600806
12.548346 -2.514278
13.645692 -1.805202
