-17.451168 -0.842285
-11.224553 -1.969635
-9.665453 -1.151420
-9.748077 -2.351431
-9.543200 -0.430923
-9.813225 -2.629659
-10.493797 -1.539749
-12.514809 0.858316
-13.988930 -4.459822
-15.337822 -12.900100
-10.647943 -8.908643
-13.526213 -6.139464
-13.918156 -8.014215
-14.203931 -4.736387
-10.416166 -8.094223
-6.658990 -4.488166
-5.296557 -3.773880
-6.365210 -7.136570
-7.147974 -9.186139
-12.369571 -8.113382
-7.147791 -8.182010
-9.985382 -11.630223
-9.706662 -9.053427
-7.846624 -8.376739
-7.029418 -6.036466
-7.224935 -7.341877
-5.883255 -8.471919
-9.946426 -8.536633
-7.815155 -10.327891
-11.247974 -9.018115
-10.982166 -9.862599
-5.932964 -9.321880
-6.092792 -6.558601
-6.087699 -7.178200
-6.379770 -3.285945
-5.706553 -2.246333
-3.578350 -5.009664
10.805403 -4.785903
9.679348 -5.233015
17.401505 -1.915121
16.959539 -0.817524
