9.333727 -6.307287
8.390141 -8.131886
7.260162 -7.406845
1.124224 -11.718346
0.530692 -10.185845
4.077471 -13.577642
2.251905 -14.217795
0.607009 -10.091734
-3.046330 -11.358810
-0.557229 -9.318130
1.818591 -11.986701
1.142593 -12.377717
1.655313 -14.199448
0.928035 -14.483360
2.050885 -11.855382
1.817127 -9.975951
2.595763 -10.069373
1.026304 -15.804940
0.077757 -8.886439
0.228774 -9.321890
2.436724 -8.215552
0.783481 -15.253543
2.803926 -9.327587
7.641068 -6.020754
8.142317 -10.159641
7.164377 -7.037446
8.083236 -6.475145
9.374321 -8.939934
8.119198 -9.835977
4.865087 -14.078863
3.695138 -14.042539
0.789158 -13.164664
7.749142 -13.940750
6.890768 -18.218695
7.472594 -16.581541
12.044404 -15.808362
6.504354 -14.357274
5.713000 -13.355550
5.265831 -14.694731
-0.116759 -12.078165
1.650354 -17.341597
2.312397 -11.007752
1.509311 -11.024921
0.303633 -11.226952
1.736944 -10.782489
0.359117 -8.022263
-0.781299 -10.298064
0.343957 -9.793101
2.432707 -10.132081
3.069337 -5.130427
4.833375 -4.385985
6.772024 -6.269308
4.837573 -6.992802
5.576136 -8.157523
7.331462 -6.505311
4.650198 -7.207959
7.395684 -7.052243
8.619411 -8.699781
8.956111 -12.875545
10.283485 -18.806499
5.920665 -13.259520
7.673429 -14.704000
5.925415 -14.422748
6.529489 -14.601182
12.318047 -13.919072
18.273581 -17.079657
18.512314 -14.460151
6.467327 -13.872314
3.575585 -14.275228
10.576929 -13.045762
9.086747 -10.744475
8.542810 -11.403493
7.214606 -5.014454
8.260404 -9.288264
8.863235 -13.104602
8.759749 -9.552281
8.596077 -9.329161
7.451443 -6.380136
5.285925 -4.444697
3.357434 -7.525358
1.645812 -8.404708
2.660419 -8.462799
1.730568 -8.751031
4.314452 -6.760250
6.458857 -6.720095
2.432714 -4.977374
2.793086 -8.236660
4.062112 -7.148913
7.064646 -7.033230
5.078747 -7.835071
5.007879 -5.763786
6.672983 -5.153814
8.687751 -7.396879
8.739867 -9.954764
8.008434 -10.930434
8.556703 -11.648969
8.777053 -10.092764
8.414534 -8.807380
5.559216 -6.396785
3.194692 -5.747181
0.379646 -7.533848
2.148629 -8.308958
2.203469 -6.651559
2.255324 -9.396731
1.706125 -7.034108
0.776985 -10.127643
2.652079 -12.323258
0.376624 -12.309967
1.238766 -10.981893
-0.077113 -7.228703
6.418433 -8.105429
5.044878 -6.775987
0.630578 -7.550169
1.470832 -9.967126
1.325010 -11.529866
3.136712 -14.401937
0.035828 -15.748473
5.730545 -14.475883
5.220394 -15.191578
5.563270 -15.491441
9.737000 -17.393747
3.553077 -14.066295
1.111232 -11.558341
0.557007 -9.372973
1.662589 -10.864807
1.905137 -7.619122
3.677610 -7.859958
6.201031 -7.037901
2.478864 -10.199021
2.837614 -8.908007
2.658131 -12.896311
5.269378 -13.801148
6.234764 -17.118689
6.171516 -18.635511
5.049814 -14.864829
2.159424 -15.415586
3.694519 -16.433559
6.363924 -16.727751
5.268694 -13.501285
8.349106 -13.472417
8.051847 -11.454877
8.272554 -14.873183
11.004256 -12.993302
12.217114 -13.658082
13.136349 -19.283838
