8.245511 -12.144681
8.467105 -11.569712
8.128812 -9.492063
8.344113 -8.447140
9.467319 -14.425149
8.464025 -11.458160
8.515070 -6.793300
7.519517 -13.900844
9.709585 -14.064752
8.503624 -12.108966
8.072102 -12.859292
2.722212 -12.589465
2.855584 -14.472371
2.554893 -14.119618
0.990152 -9.704741
3.616846 -5.336248
3.807053 -6.720682
1.322689 -10.161597
-0.183798 -8.525472
4.359388 -7.988107
4.536808 -6.327341
4.256490 -7.391656
2.730150 -8.085198
1.131774 -7.545099
5.066725 -6.047223
2.648765 -6.972801
5.691534 -8.167954
4.136583 -5.151297
-0.982865 -9.222160
2.225614 -9.478908
1.011244 -8.422765
3.311322 -7.300139
3.328565 -7.867575
7.300472 -7.958705
7.490260 -5.815353
3.885136 -8.076344
2.346246 -5.073205
2.701133 -8.628287
0.692217 -9.853423
-1.244278 -10.144591
-0.098302 -9.490401
1.587707 -8.371430
2.273178 -7.817042
1.532276 -12.766940
0.542849 -10.050925
1.987251 -9.868912
1.977896 -8.137148
1.300288 -8.262929
1.094598 -9.777381
2.313472 -14.131490
4.965955 -14.372201
6.423047 -14.842993
4.755712 -7.094607
7.280440 -8.102769
6.370334 -7.386776
7.165841 -13.284197
7.868940 -10.538060
8.325057 -12.056341
9.271628 -8.008562
7.331052 -5.487776
11.711161 -5.819391
14.894080 -0.648311
12.403008 -3.882060
10.725516 -5.348959
11.902654 -4.683682
16.299763 -9.867578
15.192646 -10.807139
14.757196 -14.294951
6.280704 -16.028999
9.339560 -13.694726
8.033401 -8.557431
7.819833 -14.176134
14.380446 -15.181813
5.766865 -13.728466
7.101171 -13.559176
14.748586 -12.035590
18.654617 -15.601449
13.697483 -13.348351
9.146517 -11.662280
4.251675 -5.419292
4.390488 -6.858979
6.940166 -5.095056
8.333088 -9.415444
8.325985 -10.316449
7.981637 -11.840030
7.958784 -10.210963
8.569549 -8.253064
7.971490 -14.299795
8.299741 -11.390082
8.517922 -9.754178
8.616833 -12.272474
7.895272 -10.486670
5.928709 -17.250814
4.429290 -15.437042
2.705345 -12.831162
4.043800 -7.791100
4.251735 -7.910148
7.483022 -6.768536
1.937984 -8.406817
1.723451 -8.826235
2.821574 -6.966019
0.058642 -8.633231
4.601317 -7.565599
6.294829 -7.953434
7.979990 -7.974674
8.571153 -7.933662
8.793871 -8.736359
15.117981 -8.037064
11.013463 -6.041818
11.001920 -7.144316
6.415208 -4.347788
6.782653 -3.524969
9.291025 -11.925363
9.004285 -14.644325
10.159283 -13.813275
9.029153 -12.373634
9.249256 -5.922817
8.481603 -4.431613
6.324584 -7.173240
4.631158 -6.909267
2.694370 -5.520644
3.308519 -7.965773
5.090471 -7.714722
5.210605 -4.394907
2.116897 -7.215870
2.009883 -9.154854
1.983928 -10.486157
1.364061 -10.345068
2.579946 -9.916076
-0.765609 -8.594910
2.804925 -10.330674
0.962379 -11.065328
2.127668 -10.239100
2.318599 -9.439066
1.668710 -15.481606
4.126385 -13.339286
5.988021 -13.543299
6.109277 -15.835286
7.868521 -13.938677
8.963378 -12.371811
9.220919 -10.443807
8.779625 -8.293855
8.408654 -10.907467
9.456158 -5.601637
13.275556 -7.226630
11.860888 -5.129376
8.169004 -8.136962
9.246421 -7.081790
11.179553 -13.189174
1.479725 -14.338540
1.402047 -11.672580
1.503918 -13.058359
6.544062 -13.515402
8.686678 -12.457274
14.730846 -12.031431
15.182953 -12.544753
3.642127 -15.691996
3.300191 -15.730565
6.751682 -13.669122
9.467434 -15.263663
8.570519 -14.734720
7.973455 -13.022536
6.937829 -14.126777
6.233558 -15.120233
9.540162 -15.692396
5.151012 -13.761170
7.102775 -13.448882
6.535715 -14.118859
2.818888 -10.094268
6.031200 -7.759442
2.613163 -11.324205
1.243203 -11.274209
2.461400 -12.743297
2.438992 -9.772262
2.947955 -7.250755
8.438269 -13.502580
4.004440 -14.523501
3.675976 -13.919261
2.274130 -10.868958
1.094074 -9.626447
8.886444 -10.139276
8.778345 -8.753295
9.172505 -9.274016
8.512282 -9.887404
9.328405 -8.332246
11.040748 -13.173485
8.188351 -13.049495
4.942347 -13.542075
-1.150276 -10.670197
1.199409 -10.317707
2.313300 -13.678345
1.211810 -11.255891
1.186870 -9.669688
-1.122067 -11.261331
4.353689 -14.000457
0.905089 -10.585344
1.967372 -9.776604
2.074123 -7.329309
5.989361 -7.501544
7.254025 -3.390140
9.182459 -9.725418
9.011689 -10.419662
9.076265 -10.133148
7.904113 -10.377381
8.842194 -9.595558
8.548952 -11.645667
9.027722 -7.996580
7.821399 -7.671483
15.003354 -12.512628
11.813442 -15.293849
10.421644 -16.286535
8.101313 -9.326823
9.008591 -10.229504
8.961494 -9.495090
8.462527 -9.535548
10.595650 -5.897024
8.129594 -9.708716
10.644423 -14.498279
7.437502 -13.295679
8.037564 -10.739000
7.871192 -8.157178
6.786286 -6.959134
6.211416 -7.134655
4.776628 -7.301831
8.592504 -12.948191
8.837338 -10.854773
8.587522 -11.340766
7.876428 -12.301311
4.902503 -15.499846
7.344967 -17.011881
11.862970 -16.932547
6.171497 -13.314666
5.187620 -7.839328
7.595015 -7.866453
9.756514 -5.422379
8.439190 -9.121581
7.940290 -11.397679
7.759149 -16.378717
12.662433 -18.355885
12.978737 -15.578265
2.644788 -11.889470
-0.424131 -12.029916
4.087687 -15.268474
2.818166 -9.829458
0.338433 -7.557356
2.592223 -9.806485
2.397295 -10.153331
-0.112819 -8.759942
0.061000 -10.611399
3.386195 -6.683141
5.411406 -7.222175
7.250307 -8.054315
8.057283 -6.339794
9.315262 -10.995049
8.765501 -11.393737
8.429138 -10.838266
8.336102 -14.121236
8.349326 -8.997708
7.954288 -11.075046
9.683525 -4.500082
4.658131 -7.590206
2.601834 -8.085379
5.011165 -6.874300
1.794685 -8.338123
2.456287 -12.864798
2.101185 -14.241638
4.498974 -14.411946
-0.056666 -12.322270
0.894109 -8.874054
1.648810 -8.654919
2.585351 -7.568177
1.277664 -10.983361
0.786507 -7.494376
0.790771 -10.770296
0.793358 -7.391794
3.902094 -8.195609
4.135361 -8.077598
1.432464 -7.858724
1.181156 -9.325721
-0.109186 -7.546392
1.175671 -7.232998
1.853762 -7.181797
3.455639 -6.320304
1.087836 -10.046832
2.613129 -11.133715
1.685338 -8.856349
2.179273 -7.561463
4.007182 -7.890165
5.912663 -8.037570
9.598688 -6.307582
8.352409 -10.919762
8.850897 -12.210382
9.159808 -12.347310
8.886760 -12.120656
9.063890 -9.425354
8.619060 -9.785975
8.546169 -9.913536
7.573574 -7.295557
7.210352 -6.821663
5.723624 -8.067100
8.547140 -11.788077
11.043026 -6.533426
9.476908 -6.272156
12.656099 -13.842991
9.498568 -13.517877
0.830366 -9.220052
1.420291 -11.386568
2.228570 -9.059302
1.660646 -10.018396
2.196369 -9.370324
8.538832 -9.020926
8.048664 -9.108321
8.489624 -10.683114
4.691274 -14.689794
8.314322 -14.307533
-1.166792 -11.244403
0.774830 -10.911913
0.628899 -10.987331
2.838044 -11.678314
2.498308 -11.170756
2.051831 -8.997560
7.626794 -7.403378
8.160364 -5.761702
8.999612 -11.442561
8.800156 -9.994807
7.887340 -9.003404
3.551793 -7.812957
5.179998 -7.485541
2.156638 -8.897286
6.144361 -8.024277
9.319794 -11.214061
2.441512 -8.726483
2.133728 -10.705361
1.594499 -16.094681
8.568303 -16.072611
2.600081 -11.854155
8.559008 -11.284289
9.183683 -8.350068
1.464921 -11.158555
0.967554 -10.175809
2.177011 -10.008109
2.682806 -6.628688
5.285753 -7.282145
7.862209 -11.774772
8.091908 -9.780194
7.854637 -9.560584
4.729851 -13.363306
2.524505 -13.393720
2.359046 -8.905752
5.967150 -7.977468
7.869134 -9.324905
8.015411 -9.109187
9.252615 -8.796793
7.686980 -15.235735
4.936465 -15.136655
-0.435912 -15.784030
2.406101 -14.072272
1.520962 -8.454614
1.753799 -9.998097
1.168764 -9.922837
2.413022 -9.022532
2.129201 -8.905295
1.535357 -13.114827
-0.054286 -10.920205
1.529728 -8.874553
-0.124752 -10.567872
-0.584094 -12.002605
-0.786896 -8.087211
7.169622 -7.873597
7.384255 -6.799917
2.517930 -9.792030
1.259037 -9.665368
2.487926 -9.365696
8.618735 -7.597008
7.760516 -15.059191
8.361690 -12.109633
8.405156 -11.091969
9.084080 -6.023400
2.182720 -7.608784
3.916323 -6.553429
10.630480 -7.751073
4.416820 -7.187773
8.746237 -9.499129
8.833435 -10.930387
8.814965 -9.980010
9.837044 -16.223797
10.892939 -13.373738
14.441501 -12.728250
15.089650 -4.982784
12.595469 -6.698920
8.728882 -11.098414
8.273375 -11.250239
9.222018 -11.990471
6.639414 -14.415988
4.774158 -13.400243
7.541418 -14.594409
10.370554 -15.784080
11.741683 -13.808831
10.543041 -12.885668
8.975712 -14.321980
9.249376 -10.206764
9.054550 -6.201567
8.000007 -10.126935
7.984796 -7.640026
5.540025 -7.417485
3.833692 -8.107907
2.356580 -5.855871
5.238426 -7.085685
4.248632 -7.538500
4.143675 -6.001254
4.822979 -6.203208
-1.067134 -10.654107
2.364045 -10.865584
-1.046721 -10.459981
-0.635203 -9.834685
1.906610 -7.267170
3.366670 -4.282004
8.908901 -8.709900
8.751789 -9.898543
8.429464 -10.520942
8.092998 -11.492159
8.755682 -9.750052
8.854328 -10.704193
1.911902 -9.973751
1.072996 -11.220056
0.345602 -6.769549
2.409157 -11.623887
1.761185 -9.933845
3.983357 -14.350472
3.561394 -13.393735
-0.080553 -8.914630
1.283666 -15.338230
14.423727 -13.909249
14.133577 -12.941871
11.652862 -13.875325
8.809867 -8.812421
14.509350 -7.538448
10.111845 -7.397547
8.855758 -10.026315
0.884855 -11.582183
-1.692807 -11.647491
1.492691 -10.285542
2.523942 -8.995262
1.385063 -9.527751
6.924353 -7.396516
3.167442 -6.925530
8.303560 -11.241263
7.891831 -7.479792
17.118023 -7.781696
13.760494 -2.937377
11.935202 -6.865842
5.910485 -7.612496
7.270419 -15.273362
7.300652 -13.899255
6.879542 -14.561126
1.657984 -6.959884
2.713155 -9.552676
8.713169 -9.176631
11.096451 -5.860490
16.167652 -5.273420
11.097616 -4.683918
7.196608 -6.097297
7.925099 -7.301085
4.186728 -4.510118
3.703967 -6.533776
2.808887 -6.384190
8.342401 -9.950101
3.506608 -8.081157
8.552468 -15.038109
8.888224 -12.699017
12.030430 -16.362720
11.417800 -13.295175
6.866441 -13.953078
6.865497 -13.279410
11.329031 -13.288353
9.808410 -16.663490
2.290734 -18.895027
5.271219 -13.447154
2.070977 -12.372972
2.618917 -11.349775
2.443636 -10.212359
2.670592 -8.639102
1.986739 -6.446518
0.013638 -11.428510
2.300266 -9.964034
2.254659 -7.993013
4.871237 -6.157864
3.962819 -5.536482
5.031576 -7.726446
4.850786 -8.112473
4.715631 -7.710254
3.677513 -7.162429
2.392094 -8.456949
4.593095 -6.509916
6.264729 -7.670591
4.874731 -7.612889
6.285425 -5.973108
0.077275 -7.897646
3.499108 -5.135301
1.867423 -3.569772
9.163410 -8.295238
8.101462 -12.038996
8.978073 -12.413884
8.535810 -10.198718
8.199605 -10.828207
9.617162 -6.924807
15.317947 -5.863730
16.315979 -8.384233
18.649666 -11.688182
15.604067 -11.735840
14.544370 -6.964352
13.652085 -7.362189
14.332031 -7.227725
19.085331 -12.108815
12.116725 -14.290606
13.274811 -18.110193
7.783597 -16.276320
8.459744 -7.545080
8.699405 -10.063940
7.565327 -7.065970
6.491967 -13.832980
8.799172 -11.683163
4.880899 -7.374008
6.085877 -5.352776
2.520846 -8.834964
4.914273 -6.743463
5.897997 -13.887792
5.953512 -7.704697
8.447124 -9.984689
6.031602 -15.202290
12.274595 -16.284138
8.749134 -12.876956
8.168976 -12.545027
8.533913 -13.086079
6.157356 -15.464894
4.267472 -13.636199
4.818124 -16.597004
8.133127 -15.610982
8.582747 -9.363233
8.583613 -8.703738
9.282687 -7.441033
3.483948 -7.386925
7.308066 -15.099748
3.641174 -14.364195
7.730648 -15.147239
2.662196 -13.785809
2.673879 -10.234168
4.371428 -15.559722
6.786880 -13.901526
7.191838 -14.122361
3.287450 -13.323941
2.319273 -8.651800
2.724893 -11.686645
0.776737 -11.314609
7.581197 -7.745943
8.677142 -9.348746
3.321849 -13.632082
8.537197 -11.188056
8.285643 -13.279346
8.268998 -9.250102
10.127995 -7.578760
3.928447 -7.320720
2.234741 -16.246214
2.550768 -13.222272
-0.718843 -9.427993
2.293542 -12.059293
8.389905 -15.767806
7.909251 -9.920254
3.866840 -8.098155
3.174329 -8.175913
9.347027 -12.900830
8.607554 -8.713164
9.297696 -11.373750
1.621888 -6.861557
7.502166 -6.190910
3.800839 -7.593551
0.345139 -8.470948
2.606224 -11.033187
0.538879 -7.839345
1.519833 -8.523290
3.587523 -6.792813
9.675800 -7.461379
9.442309 -7.683292
9.610585 -5.743104
7.332267 -7.116700
9.374816 -7.961481
5.263288 -8.132220
4.417587 -8.139043
1.067216 -9.923093
1.628631 -13.749551
3.479988 -13.664397
-0.540304 -13.756604
7.559741 -15.547332
11.902958 -12.945050
8.947546 -13.674388
7.897364 -10.571939
8.425837 -6.837716
5.388819 -5.581467
7.636946 -6.612742
4.639427 -5.093838
3.101254 -6.767166
1.846055 -9.048495
1.210828 -9.588304
2.619977 -8.213332
5.756444 -7.700384
3.572541 -6.921126
4.882752 -7.058967
3.336171 -8.173417
1.460776 -7.887753
1.764624 -13.323856
1.057544 -12.741899
2.535047 -10.932132
1.696479 -11.141279
0.018200 -9.209669
3.543944 -7.636528
8.172805 -8.158090
5.028497 -5.694989
6.783324 -7.872559
-5.819433 -8.535849
-8.638956 -11.992269
-17.070110 -9.859119
