-4.018267 -13.544256
-0.088295 -7.385849
1.879105 -3.347115
3.445306 -1.476155
8.505096 1.160296
8.973168 1.386242
7.543041 2.936836
8.285179 2.502769
5.151130 2.202249
5.644446 0.753956
9.083786 1.353666
8.623168 1.512019
8.795075 2.463029
6.974936 1.634310
9.017226 1.094267
8.974661 -0.085875
8.424445 2.404656
6.140141 -0.186730
9.569246 3.707862
9.656538 3.488522
8.719397 5.572455
6.657831 1.440009
8.997480 4.221475
13.688908 4.260863
10.357279 5.318112
11.690334 5.157381
12.661526 4.464617
13.343613 4.283042
12.977054 5.320207
14.174147 5.970501
14.374969 0.825611
16.341372 2.890617
10.606085 5.137964
15.381002 3.327749
15.669892 0.042345
15.192826 0.895390
17.845284 1.745061
15.203907 3.626280
15.698188 1.776660
14.558659 -0.207873
14.804922 5.408094
12.804995 5.544615
9.255018 5.463858
10.572409 4.927277
7.759185 3.964461
8.785712 2.500436
8.820152 -0.868286
7.667985 0.034417
9.053583 -0.389428
13.283594 3.856153
8.881564 0.512003
7.271056 -1.231472
6.336232 -0.662111
7.631483 -0.613798
8.560143 -8.865871
12.904358 -8.546504
13.602797 -2.733063
10.442710 3.933239
14.569185 2.138154
12.217430 4.300671
16.403805 -1.017148
8.360520 -1.152183
7.403071 -1.282526
7.357574 0.765302
7.191426 1.585405
8.622888 -1.312023
14.972337 -0.210343
8.878426 -0.223245
8.815908 -0.244899
8.314863 -1.182118
8.055367 -0.099487
5.116152 -2.405370
5.354360 -6.611402
5.824639 -3.005618
12.262060 -4.222835
11.485416 -3.695606
12.674747 -2.950063
6.906283 -0.517975
8.928938 -1.568155
5.080496 -3.825434
5.659798 -2.584131
6.346540 -1.068369
12.893713 -9.112370
8.880104 -7.863386
4.733048 -4.467213
3.685745 -7.477460
5.827965 -9.276028
11.075682 -1.628706
7.838266 -1.431811
6.874043 1.488351
9.054459 3.571911
15.037525 0.404180
15.603384 -6.147093
12.244957 -1.896202
13.257847 -2.675673
13.365225 -5.388589
11.924709 -2.722765
11.697856 -7.127307
11.864515 -5.451149
12.264565 -2.849001
13.293779 -3.496202
11.677954 -3.631056
15.221062 -6.105715
12.062935 -3.891857
10.380464 -11.327735
9.817346 -9.813996
10.616976 -7.942005
8.322412 -7.748360
9.473538 -6.929626
8.531095 -8.650546
7.195315 -8.369407
9.456473 -7.576339
12.705205 -8.216599
5.188145 -6.491701
4.698759 -8.344504
4.994384 -7.012193
6.843383 -10.829044
11.605000 -9.967964
11.457312 -3.979555
11.688437 -3.287987
10.399693 -6.838762
8.256351 -8.101626
5.656638 -5.840123
5.731671 -3.653646
8.985663 -0.762996
7.210970 -1.016356
3.882702 -1.862290
5.796771 -3.054453
6.386911 -1.877626
5.904455 -2.696531
5.302344 -0.126143
8.488695 -0.580587
4.388425 -2.697608
5.380241 -6.410109
6.191851 -4.623204
6.133268 -3.513786
3.388891 -3.779008
6.921605 -0.911803
8.444372 -1.324310
8.473927 1.470388
9.042253 0.381619
8.889637 1.006083
8.087682 2.941207
8.346655 2.842751
8.805828 2.983548
7.041661 2.925833
7.546443 -0.315659
8.689400 0.214959
8.848188 2.021266
9.061134 5.534674
8.532834 1.307843
8.514701 1.524579
8.438551 3.445289
7.603149 2.154380
6.837236 4.759951
10.503622 3.537167
10.783906 3.753847
11.876492 3.687668
14.225637 3.678465
