-3.377599 19.813494
-4.971807 10.349545
-3.954700 7.095708
-4.981558 6.770433
-7.794619 7.482021
-10.321695 -2.146729
-10.403745 -7.013183
-12.652584 -8.293138
-13.374844 -9.891715
-15.403204 -11.752986
-14.667803 -11.948203
-10.826859 -8.582517
-10.471945 -5.986111
-6.530230 -8.874722
-7.043133 -6.068169
-11.674933 -8.966252
-9.711680 -7.133784
-8.450353 -10.217755
-7.626196 -9.821016
-10.895569 -9.748669
-15.269543 -10.641919
-19.661602 -8.385486
-16.843903 -15.051935
-17.940434 -18.820608
-18.318258 -18.649801
