8.693857 12.363460
8.667507 12.460469
5.319986 10.304336
6.233837 8.762298
3.880861 7.785995
6.308584 6.688961
6.025985 5.437572
9.633738 5.375507
11.476515 5.346624
10.267602 4.122152
14.261364 3.791029
9.397771 4.876881
6.361423 5.333432
5.749244 9.205492
5.808612 2.889468
9.036205 4.234016
9.875734 3.529237
11.416059 5.115476
14.055325 5.677880
11.109482 5.133678
9.659079 5.231331
9.507218 5.216445
14.000195 5.331933
14.646885 6.694566
12.308701 7.761125
11.276379 4.768412
10.272127 3.828242
4.409773 5.753441
7.007715 3.920133
9.005054 2.836007
11.780612 4.832517
9.417332 4.185462
10.908497 5.560551
8.754211 2.659247
7.231928 5.060683
3.893751 7.226527
6.027412 6.718091
6.306218 4.091526
7.612655 4.259303
9.307673 5.148305
11.321726 3.793723
13.164293 7.087467
11.676392 6.638896
12.701349 7.608745
13.536228 6.478217
10.602770 5.262946
8.969404 5.211627
8.598953 2.328387
9.059712 0.466333
9.285719 5.090996
12.461279 4.924746
9.630714 3.527459
11.112598 4.633673
9.778257 3.930889
11.764112 4.432941
10.722914 3.588763
10.203620 3.735821
10.496790 5.522835
7.244248 1.547181
4.111512 7.624414
3.965432 10.148775
9.497935 12.247073
8.732367 10.856056
11.703988 11.106112
11.561502 8.547246
11.597126 4.806242
10.047566 4.688156
9.215152 4.919054
8.580948 2.680381
6.277064 5.102173
6.246969 6.657135
5.245605 4.661337
8.780105 4.152223
8.817982 1.891028
8.121535 4.508637
6.097934 5.150803
4.540761 8.560158
5.194288 8.214193
4.926995 10.120486
3.962656 10.269358
8.336201 11.929517
10.557823 12.300076
12.442576 12.546534
9.676071 11.081176
10.815893 10.876368
10.343696 11.582328
8.168638 11.920642
4.436213 9.038157
6.072752 9.052392
3.496977 9.240239
5.893968 6.802218
5.704375 6.867923
5.339281 7.497362
4.490926 6.767606
3.575484 5.039942
4.030775 6.625437
6.583656 5.631356
9.550504 4.677039
8.085017 5.446255
9.658438 5.397052
11.297848 5.378005
12.372867 6.125399
11.716050 10.376581
16.888653 13.533157
