6.574326 -17.211336
6.356112 -8.375361
9.537472 -7.536829
8.398662 -8.418076
9.289282 -8.999459
12.382120 -6.376618
14.816021 -2.070964
14.473308 2.061968
15.080084 -4.128399
12.071941 -4.628410
12.810110 -4.117405
13.119513 -3.167584
12.244881 -2.467231
7.658276 -7.923630
7.860269 -8.180444
8.149670 -1.634396
8.677839 0.273290
10.443960 4.728175
12.873695 4.892936
12.246845 6.727835
13.739595 6.348794
11.563272 4.173973
8.403421 4.142729
7.692786 2.636881
8.595956 2.366416
7.719528 2.122414
5.634758 2.791015
8.863914 1.370067
6.982709 -0.486571
13.028500 -1.610714
8.211545 -8.592422
8.166430 -11.647686
11.607814 -10.409479
8.173622 -8.190658
11.730203 -5.226163
13.853931 -6.008905
8.118015 1.234224
7.383695 4.533692
9.815205 5.206151
10.927745 4.625186
13.517689 4.622778
11.143438 3.454269
14.825628 6.118956
16.525438 0.531156
14.538783 -4.478797
15.433266 -5.531971
12.313890 -1.782069
12.099194 -1.913769
11.574871 -4.096071
7.865361 0.764518
1.911633 -5.955490
5.418928 -2.878218
7.894529 1.432716
9.341469 4.800053
8.603022 -1.358866
8.253069 -0.054136
8.977752 -0.488494
7.795467 1.091623
7.326417 0.210190
7.135797 -0.097638
8.143879 1.475390
12.358746 -2.647601
13.024372 -1.589574
10.424383 4.106886
14.602697 3.120564
14.248621 4.844806
9.064902 3.454061
8.740167 2.261835
7.073352 -0.331451
5.559169 -1.144433
6.771007 -0.908488
4.041724 -3.503683
5.883236 -5.390465
6.405670 -2.140042
5.551692 -1.083042
8.577514 -1.070652
9.073037 1.355237
7.790190 0.212236
8.059972 0.727969
5.977367 4.055432
11.177019 4.619693
11.472895 5.564057
12.102331 4.006662
14.869932 5.754973
14.762818 0.277766
14.978836 1.042958
14.781307 -1.763016
11.857754 -2.601614
12.226876 -2.066154
11.593391 -3.102534
4.402231 -2.105816
4.886203 -0.937617
5.632320 -4.092312
5.382154 -3.444047
2.926117 -2.204051
5.119847 -2.184794
5.348786 -2.804457
5.402014 -4.278081
6.547928 -0.558946
3.786142 -1.095814
6.396980 1.261010
7.620714 2.270689
7.113307 3.217409
7.814722 4.988765
6.651148 5.040387
5.305364 5.886050
11.591106 4.142088
17.438803 5.264166
16.777035 1.261240
13.412136 5.075550
9.226649 5.502431
11.670481 4.623078
11.659676 3.835912
8.997073 4.224759
6.942730 3.661279
8.126621 3.466856
8.943514 1.097953
8.896029 -0.481094
8.147979 -0.447555
7.328635 -0.803563
6.373938 -0.281912
12.836216 -2.763254
13.392436 -2.601802
11.859298 -3.445140
11.447336 -3.732922
14.341738 -2.424092
15.403561 0.056940
13.590902 -3.880424
11.965393 -2.312675
12.206568 -3.697606
13.841618 -6.078842
16.722275 1.525310
15.431229 -2.341797
16.889801 -0.883573
14.429730 0.688623
17.223810 -1.953680
11.021082 4.425842
8.701387 1.321307
10.348980 3.503001
7.560993 2.075853
10.967590 3.986314
11.024468 4.676217
7.759699 1.257024
12.926910 -1.731143
11.798450 -2.054892
8.327291 -1.133744
8.617401 -0.781759
8.531001 -0.009576
7.363314 0.454766
6.079191 -0.277782
8.274978 -0.499691
7.559646 -0.889184
8.167835 -0.964179
7.137721 1.687696
8.865952 2.093140
7.756038 2.766892
7.594990 5.100138
7.839213 3.869899
9.285627 4.001836
10.959717 5.078173
8.645240 4.927429
7.533847 4.398580
11.019732 5.550958
9.719589 4.162193
10.598822 4.468283
10.117078 3.556422
9.800180 4.989563
6.691780 4.026148
7.172133 1.247525
8.721736 1.415492
7.916142 0.729212
8.941269 0.277685
8.225731 4.774236
11.425855 4.450534
5.475259 4.667267
8.958828 2.382737
8.621812 -0.834687
7.995111 1.033493
11.446980 -2.033234
12.647511 -1.811433
11.821714 -1.991946
9.062840 -0.302839
10.157854 4.335508
11.592508 4.062000
12.078136 4.993734
9.972982 3.667692
10.299702 3.963221
12.360346 3.639529
14.885437 5.995525
18.826515 3.718359
10.348960 4.120611
10.399353 4.445498
8.861430 3.680390
8.487987 -0.501420
6.206666 0.229073
7.386786 -1.305860
7.330562 -0.837087
8.096352 0.759989
7.936843 1.410454
8.762715 2.148067
9.080487 2.918131
8.932713 2.362602
6.751731 -0.506796
8.798430 0.429857
11.175037 3.758697
12.393559 5.999651
7.563649 2.327608
8.538373 -0.317507
8.581447 1.713274
9.061556 -0.238916
9.028278 2.528872
4.418317 2.237322
5.174718 2.681518
13.343855 4.923246
10.088997 4.546592
6.944746 4.599802
6.132047 5.741607
14.092268 3.914098
12.281914 5.527647
11.364799 3.671977
11.256083 4.540471
10.112172 5.042381
8.051917 2.349910
6.003652 0.379621
5.873842 -2.186395
5.604148 -5.694293
4.599750 -5.814909
9.004258 -9.964286
4.479562 -7.810558
7.044705 -7.640314
11.315860 -6.685479
11.535431 -3.289242
12.714043 -1.616301
13.155011 -2.812873
11.610994 -3.340022
12.592070 -7.498281
8.104013 -7.305016
6.808751 -8.069973
6.210667 -6.068579
6.640616 -9.154666
7.743479 -7.034200
5.690056 -2.293398
7.928243 -0.202791
8.488647 2.832444
8.980045 -1.277898
5.882318 -3.437696
5.606650 -0.651198
8.010651 -0.464291
9.082094 0.880589
8.411755 0.668868
8.577847 1.537954
8.705236 3.392492
12.199987 5.485076
12.031427 4.198701
11.129251 3.783870
9.165822 3.676644
10.407784 4.420009
7.200119 3.513362
7.113119 0.325642
8.341968 1.245525
8.670902 1.911826
8.428713 2.150313
9.000777 0.017920
5.500856 -0.434759
7.878887 -1.544141
7.411966 -0.952544
6.897175 -0.237791
7.577856 -0.665572
9.095721 1.667259
9.037380 4.066498
8.571852 0.689950
8.292238 -1.587401
6.140828 -5.118014
8.579351 -0.953938
12.773624 -2.276329
6.319535 -1.745054
6.054134 -1.923430
5.345009 -4.571605
6.430792 -3.620646
12.592829 -1.702712
9.592115 -7.138329
9.536222 -6.927376
9.191489 -6.728590
8.668591 -8.417168
8.785102 -8.042950
11.158976 -7.428788
13.247696 -2.115459
5.146932 -2.392756
8.050266 0.256502
14.618312 3.636736
10.505522 3.490687
9.493395 4.319700
6.397957 6.433167
5.816660 6.042084
6.097211 2.623786
8.663700 5.284499
11.706005 6.876896
11.840843 4.645234
10.511534 4.848559
8.462519 4.833377
9.428680 3.928194
10.158742 4.609532
10.758335 11.010876
9.296875 3.808579
13.305702 8.687963
12.707974 8.526445
12.210127 7.955330
11.366217 3.970671
6.964412 4.125038
8.759937 1.656233
8.251276 2.142949
8.600992 -0.228739
8.601446 2.591460
8.240772 2.846797
9.047768 3.252505
6.891280 3.038898
8.057477 4.179277
12.217372 4.870600
9.342520 5.629901
9.605561 4.140809
8.505733 2.691667
8.750174 4.981171
11.116455 4.463082
8.052106 3.283952
8.604698 2.809744
8.523360 3.186156
5.581053 0.855991
7.577505 0.533805
7.706986 -1.262655
8.903856 -0.188093
7.277925 -0.694812
7.946970 0.314674
7.312062 0.571558
10.033356 5.277137
8.425245 5.529677
8.189390 5.230752
10.905897 3.625628
10.448233 3.432501
7.735243 3.394613
7.929744 2.056955
8.230717 -1.342132
9.054417 -0.802353
8.850645 1.456384
8.660633 2.753328
9.043087 1.991578
6.522272 1.290981
5.713252 -0.100324
8.074520 1.073138
9.540329 3.504082
8.095723 3.195943
8.466805 0.043820
6.935164 2.213378
5.565285 2.779647
8.920313 2.388314
6.094248 1.821167
6.805505 0.954815
7.010374 0.404250
6.180237 0.344305
7.293988 2.442479
8.580996 2.720752
10.637599 3.843293
10.318876 3.617941
13.040100 -3.205748
12.672341 -2.607993
14.251535 -0.276932
12.672369 3.429688
8.956883 3.774406
10.554441 3.984980
12.671583 5.392121
12.140015 6.719235
9.882888 3.448063
7.965754 3.476750
8.422914 4.985650
7.626068 4.898104
7.167356 3.905876
7.398407 4.527344
8.290321 2.516114
8.692152 2.081444
5.323236 3.881069
7.066364 1.284395
7.500862 1.490260
9.392109 4.079707
13.297941 5.338777
13.769416 4.116333
16.209433 -0.947451
15.379450 -4.260118
13.374903 -6.020418
13.465788 -2.033118
13.187204 -2.510218
12.500533 -5.913754
13.125766 -2.814571
10.389271 3.954729
11.643517 3.450811
10.998495 3.426161
13.150188 4.038441
8.776044 0.832151
5.608884 -6.045774
5.518734 -2.163230
8.586136 1.342872
5.049439 -1.722817
7.651974 -0.977276
6.648177 -1.198996
6.237385 -1.051669
5.471466 -1.864748
6.046601 -1.961047
5.313501 -7.005870
9.877322 -11.581021
11.581560 -8.369550
7.086282 -7.864587
9.406813 -7.341059
8.518971 -7.302067
7.646203 -7.766252
7.818110 -7.107737
8.554181 -7.415480
11.907137 -2.115179
11.695160 -2.706560
12.223354 -6.042565
7.720756 -7.658867
10.044722 -7.514803
10.047839 -6.851684
5.298614 -2.664353
6.682831 -0.698294
5.884515 -2.406060
4.380401 -5.481983
5.880811 -4.949443
6.327252 -3.303977
6.750284 -7.682467
8.221866 -7.691817
5.329475 -9.438831
12.788589 -11.478387
11.407673 -12.039445
4.518358 -11.421102
6.109714 -4.736456
4.559184 -3.355755
4.376615 -2.120883
6.497235 -1.518344
8.964199 -1.571786
7.476080 -0.896267
5.392136 1.945863
7.172446 -1.474346
8.666066 0.025827
8.587944 3.142927
7.605973 3.465988
12.718021 3.466674
6.509511 -1.372960
7.408712 -1.432866
7.702256 -1.520876
12.131343 3.459339
13.575972 -2.175212
13.088113 -1.883758
13.846334 -1.665021
17.352831 -2.495049
13.740749 -4.354948
12.451960 -3.431067
12.449751 -6.044512
8.401462 -8.596438
6.884526 -8.305377
8.532557 -8.164774
9.220116 -8.048074
9.057205 -9.488954
9.619444 -7.654491
7.841341 -8.022013
7.902060 -8.390130
3.672161 -8.766239
6.848415 -8.237489
8.055590 -7.862289
12.525928 -7.405260
17.978344 0.245013
15.621929 1.740054
16.702179 2.167823
14.613715 0.067964
8.775756 1.678210
8.120443 0.820380
8.921648 2.133541
8.790666 3.742861
10.865110 4.817479
8.028438 3.598342
5.661005 -1.439233
8.875602 0.362140
7.676977 0.447936
5.881260 0.190310
6.014956 -3.148121
5.075123 -0.497223
5.249461 0.767715
4.803493 1.391800
5.342498 1.578162
9.455070 3.523348
12.231351 3.792267
10.939100 3.915542
11.203867 5.236963
8.099223 -0.336719
8.942355 -0.795216
9.093036 -0.754095
7.564232 0.573409
7.901261 -0.977525
8.582426 -1.290653
7.161389 -1.148544
8.754712 1.568847
8.560726 -0.046956
5.815837 -2.093512
4.829954 -4.254388
3.581959 -3.803928
11.530609 -2.121182
12.124094 -5.662589
11.780569 -7.461423
10.513612 -9.028728
10.055232 -8.587395
7.883705 -7.856520
8.560228 -10.263743
8.761833 -8.383252
5.121134 -6.674592
7.540503 -7.139839
6.516549 -7.048244
2.238526 -5.427625
5.865609 -3.271256
6.437000 -1.359083
8.986096 -0.552108
9.074423 -1.526806
7.831017 5.278511
9.915697 5.119527
10.232681 5.483979
8.384746 2.406217
8.765486 2.347740
7.843525 0.712047
4.735291 -2.408101
4.786438 -1.498998
4.008680 -1.375800
3.752524 -5.467574
4.004708 -2.617501
3.403377 -1.560882
9.018593 -0.867128
8.866336 -1.354195
12.379167 -4.645448
9.033617 -7.314813
8.315126 -7.616405
9.912216 -1.637106
13.569998 -2.686888
12.644719 -2.236053
14.343742 0.659722
17.353756 -1.537880
14.751635 -1.409110
13.372910 -5.998071
13.124890 -7.076960
10.177895 -8.835757
13.604585 -4.953689
14.690615 -7.283880
12.855969 -8.336143
12.894272 -5.964931
13.460550 -5.931674
12.592584 -2.527257
2.780920 -8.934996
1.806859 -7.027403
6.329718 -3.877383
6.295758 -7.393123
6.106217 -5.803924
5.458998 -9.359015
11.986509 -8.101756
15.128587 -9.229001
11.996672 -2.391734
12.568196 -4.297041
11.630217 -1.960242
11.467458 -3.423744
12.421305 -8.371967
11.911888 -4.312922
9.860395 -8.837950
5.845181 -7.456627
8.659269 -10.060918
8.425944 -7.156220
8.824455 -6.962819
8.608858 -7.854706
9.764143 -9.490541
7.311522 -7.304039
8.675236 -7.797069
7.966600 -6.747203
9.371486 -7.569307
8.579375 -6.749379
8.737371 -7.731277
8.228397 -9.035812
7.959335 -6.839237
8.684786 -8.130449
8.988748 -11.667702
12.950733 -3.868304
15.552278 -2.656667
14.202109 -8.500495
11.608599 -11.805545
11.750758 -8.264695
9.807111 -8.969871
6.321563 -7.824654
4.777715 -8.516622
3.096387 -5.222837
4.768883 -4.321579
5.494951 -2.064014
5.877419 -2.274543
6.732196 -0.153344
8.631980 -1.558319
6.598663 0.960744
7.298403 4.517645
7.069662 1.124452
9.075145 -1.396006
7.647370 0.489973
5.234872 -1.934952
4.897616 -4.068694
5.340015 -5.043430
5.225933 -6.007792
4.029812 -6.958414
6.437526 -5.406148
6.226665 -0.006193
7.531451 -0.742790
5.015309 0.313115
7.881943 -0.068594
6.096566 -0.832258
5.907512 -4.256122
4.800611 -8.188696
7.798172 -8.089637
10.377475 -7.507573
6.104881 -7.554761
6.387568 -2.199360
6.314493 -0.850348
8.438972 -1.575221
8.286642 -1.609301
6.552074 -0.052632
7.118691 0.138662
4.680512 -3.078947
2.830375 -5.098656
5.371369 -3.146330
5.132181 -7.405081
4.606704 -8.436394
3.873305 -5.583158
3.523243 -4.360885
3.641951 -4.664142
5.428793 -2.968234
5.988115 -0.406660
8.412519 0.308102
7.452612 0.412544
8.793392 0.545219
8.450641 -0.344580
6.694893 0.160746
9.065866 -1.254246
10.216766 -1.619077
11.554291 -4.015946
13.299932 -2.910885
10.844710 4.863500
10.176874 3.475469
8.829568 -0.022749
8.694878 3.092503
7.375205 -1.335804
9.101233 0.437151
6.284106 0.117633
11.754537 -3.209925
12.083467 -1.690943
12.845556 -7.206922
12.274946 -5.115739
9.032738 0.200055
8.371889 -0.574821
8.161822 -1.640137
8.605474 -9.167939
11.353083 -9.463557
10.476155 -7.991410
13.354664 -6.091313
11.492224 -4.699149
10.199625 -10.585833
10.738579 -7.227616
9.440391 -7.335843
8.947012 -8.577435
8.028052 -7.634101
8.068585 -10.398844
7.562251 -9.331892
9.666711 -8.548312
10.769834 -6.712620
9.153391 -7.420833
9.399903 -7.168156
11.855234 -3.963151
12.002914 -5.235944
10.867624 -11.061467
7.171414 -9.475808
8.214220 -1.420659
7.942187 -1.077349
8.944530 -0.642164
13.384449 -4.179215
11.527906 -7.929172
13.705860 -8.193661
12.675102 -2.663456
13.249784 -2.213152
12.348704 -5.071324
5.596913 -8.922417
6.050704 -3.958726
3.233669 -3.030676
5.271305 -2.538683
5.143753 -1.216215
4.933969 -7.180990
7.949462 -8.002597
8.418141 -8.981784
8.349964 -7.377189
6.701917 -6.889311
6.053461 -7.954893
6.157851 -9.116677
6.636329 -7.410934
6.686808 -7.892333
4.721229 -4.494220
5.456260 -0.885275
8.593220 1.343251
8.778387 -0.812183
6.986059 5.426341
10.464740 4.831881
10.487911 3.520847
13.210297 6.850170
14.637836 4.117987
10.442514 3.597936
10.698930 3.789049
6.847425 -1.562844
11.845302 -6.149085
11.615097 -6.552272
11.735075 -5.278499
12.624487 -2.937304
15.084731 -7.652010
13.825315 -7.051842
12.674268 -9.218459
11.023192 -7.603454
13.034772 -10.141738
15.900177 -10.298493
11.746182 -6.266005
11.718966 -1.675160
14.329916 -7.558449
13.909994 -4.885708
12.708376 -1.769845
12.390226 -2.263262
5.772905 2.596036
6.445930 1.600598
7.688608 3.404392
6.626099 2.960131
8.659658 0.018688
11.023188 -1.627546
14.551268 4.219983
16.546856 4.638107
11.736681 3.777283
12.698122 5.171641
10.872173 3.586069
11.399030 5.103863
7.097046 5.624371
8.162189 2.305184
10.930377 3.801026
12.665619 4.805082
8.985426 5.305293
10.277353 4.422254
11.362824 3.530532
12.913202 3.463746
13.434502 6.811779
14.259254 6.458216
17.456751 3.512466
13.929798 -2.133487
8.171291 -0.339320
9.093931 2.544300
8.023473 0.628816
5.759102 0.576145
5.651080 2.094358
10.768742 5.341726
9.850771 3.412847
12.302588 3.916728
9.733037 4.275657
11.870956 4.901484
8.692814 3.922132
6.877771 1.932509
9.028605 2.058376
7.633736 -0.701874
8.475094 -1.500421
8.486006 -7.671724
8.016563 -9.568500
9.589023 -8.296608
6.242470 -4.097261
4.200895 -3.908313
5.130984 -6.259810
6.849105 -7.891251
9.922129 -7.803705
8.710018 -7.049580
9.550647 -7.735037
9.645708 -10.150859
13.542191 -4.678912
14.098444 -10.479712
10.345045 -7.129506
7.936686 -6.899371
6.607521 -8.300988
6.399405 -8.332995
9.295810 -8.063933
14.733156 -5.552648
11.450917 -6.228901
12.617762 -3.748324
11.973930 -1.827915
17.043406 -6.038650
12.064336 -1.787843
11.821943 -3.592048
13.162045 4.289371
13.963929 5.738917
10.220541 3.869539
8.604290 1.505764
5.981050 0.262738
9.057703 0.019747
7.668352 2.611749
11.522416 -3.907624
7.193502 -0.509583
7.348361 -0.532967
3.849382 -0.140032
6.276008 -2.093632
13.186527 -1.907385
14.908499 -0.940294
13.803246 -3.279740
8.701807 -1.377146
7.612427 0.751752
7.678746 0.984510
7.572578 0.562992
5.977773 -0.319311
5.999251 -5.628456
6.073398 -6.079260
8.311229 -7.193258
11.628606 -6.983752
11.873457 -2.211536
11.685286 5.906690
12.766901 3.632473
12.116634 3.605035
12.929539 4.487875
12.656854 3.974406
9.364001 4.806321
9.334177 4.306252
7.346516 -0.392159
7.658471 -1.101877
7.321599 -0.673990
8.210497 -1.161566
7.357838 -0.660998
8.041071 0.423274
15.453934 -0.274864
13.559978 -3.807907
12.425822 -4.461387
14.609383 -6.582695
13.631931 -9.357534
13.552530 -8.005009
8.931534 -7.871417
4.479782 -6.871566
5.209954 -6.204473
4.965436 -0.228340
6.269284 -1.477270
7.733445 -1.232498
8.596115 -0.375310
8.442785 -0.004257
8.527659 0.756459
9.085545 2.250339
8.275462 3.187517
10.422597 4.216176
9.759525 3.862409
11.561707 5.085042
8.275958 4.332543
8.072166 1.957011
7.447917 1.732807
8.029515 3.368198
8.914427 -0.338159
8.043513 -1.059062
7.538785 0.469876
9.010775 -1.018971
8.221324 -1.191137
6.348524 -1.396983
4.666311 -3.205910
8.902189 0.968811
4.416664 3.258235
9.208094 4.683943
13.300177 3.823077
14.765825 0.135400
12.304014 -2.258458
11.867535 -1.686256
10.122824 3.444128
7.694253 0.658209
8.793335 1.267359
14.589396 0.545225
17.824507 3.894682
14.386638 5.082966
11.978127 3.633576
7.968127 3.536235
11.050602 3.798171
16.871750 -0.355442
14.273952 1.429848
12.993097 -1.669587
8.142168 1.010824
8.321088 1.749491
8.608251 0.535681
9.079998 1.437953
9.083353 1.279703
8.823675 2.000842
8.762964 3.633013
10.426547 5.018246
12.740368 4.467313
8.384054 3.296425
7.901510 0.343712
11.210536 5.448006
12.251846 3.484128
13.560722 4.251371
9.597601 3.841385
9.419759 3.644852
11.742121 4.269508
11.031782 4.371854
11.933278 3.605721
8.338254 3.733174
9.106918 2.969769
8.884296 0.228791
7.742149 1.945872
7.637112 5.548833
8.764603 4.480182
8.884371 4.901139
2.224592 -6.039075
5.144251 -5.514380
5.559758 -7.888165
5.874297 -8.806146
8.684278 -10.008415
9.003215 -6.863541
8.781901 -10.503991
8.562860 -7.028367
5.288517 -7.770480
6.007079 -8.401362
3.606718 -5.927348
4.523039 -4.790620
5.315244 -2.565573
10.058269 -1.635734
9.504184 -7.088820
5.451826 -5.734570
5.113314 -3.567172
4.868959 -2.509836
5.656298 -2.565956
8.324686 -10.059486
6.083043 -7.570668
9.606352 -8.183036
6.820509 -10.086707
11.045977 -10.385488
11.840721 -4.882590
15.026363 -1.198741
13.936537 -2.789170
14.941051 2.088811
14.434057 3.052257
15.349203 3.488488
13.107002 4.484263
8.183184 3.719752
7.575382 1.964840
8.025004 -1.022712
8.081995 -0.427976
7.366916 -0.527941
7.226667 1.025818
4.951157 -0.966614
5.364546 -3.520837
5.611937 -4.243202
5.998348 -4.573655
2.227783 -7.413753
10.314054 -10.005375
8.201189 -8.412355
7.656199 -7.694357
6.269649 -9.083072
5.242403 -5.493308
5.246075 -6.937835
5.874234 -8.426486
8.743643 -7.432079
9.851469 -8.374154
7.384139 -10.289855
8.309525 -7.426965
7.812546 -9.851789
8.313225 -8.943732
11.572971 -2.188041
13.085473 -2.705347
12.204701 -3.363743
16.407116 -1.028722
14.312060 -0.516383
12.448324 4.636880
13.334821 3.941604
11.021013 4.778479
7.485450 3.513124
8.984338 1.128690
7.335245 0.226387
6.159386 0.157325
6.808861 0.630518
7.422707 0.412716
7.056835 1.748316
9.089042 0.305604
8.738544 1.665832
8.300713 0.890627
8.506876 3.883591
9.459301 3.974601
5.996671 0.904237
8.201262 -1.534643
7.241221 -0.039241
4.865129 -1.646692
6.527781 0.252756
8.264278 1.503754
7.722650 0.467155
6.719988 3.762375
10.344068 3.672734
9.792458 3.657617
5.851542 2.970884
10.099818 3.851978
4.710876 1.621512
8.166864 2.962070
7.151085 1.074381
7.090016 -0.177017
8.478608 -0.415754
8.940489 1.252115
9.165423 4.596155
14.213150 3.434385
17.450935 -0.802835
16.272980 -2.770562
11.649215 -3.197545
13.549201 -2.566173
13.640187 -2.202282
13.428005 -2.672805
16.189781 -2.711128
14.930816 -1.773881
8.816216 0.773081
12.135782 4.360989
10.390166 3.807809
8.980894 4.654118
6.009175 5.824941
7.317878 4.683320
9.790768 5.017673
7.564189 1.893025
7.289761 3.435561
8.945811 2.219709
5.984730 0.765282
7.810867 -1.603773
8.476961 -1.466243
7.241550 0.224074
5.368214 -3.505821
5.964536 -5.653808
5.992226 -3.915646
1.894231 -1.368109
6.518367 -1.408765
7.988541 -1.539506
5.808218 -3.308060
4.422937 -6.537791
5.875063 -5.337383
5.791169 -6.874242
7.724432 -7.735188
10.819763 -8.798442
7.296529 -6.655872
6.121290 -6.828416
5.547040 -3.632206
6.826220 -8.298038
5.423373 -4.817212
6.273512 -5.344524
6.424956 -2.348595
5.512988 -5.521192
4.756798 -3.942973
10.334948 -6.926416
11.714460 -7.119355
11.476664 -3.994643
11.454927 -6.001783
12.707201 -13.639649
10.340001 -11.748714
8.087648 -6.692461
8.734539 -7.012251
12.885695 -3.827789
11.464510 -6.503603
8.500244 -0.562760
8.896996 -0.651279
7.889581 1.900131
6.808024 -0.101962
4.806804 -3.305541
5.319882 -3.409205
9.232882 -9.281632
10.634140 -9.417623
9.137949 -8.883281
10.597312 -7.941965
11.492387 -5.424041
8.265246 -8.940504
8.359381 -8.570407
6.665374 -7.951663
4.980667 -5.867265
3.292427 -4.322005
5.405295 -5.403704
11.199228 -1.618312
15.152048 -1.937222
15.112850 -6.352797
15.083893 0.586161
14.131567 -0.169327
14.263058 6.350646
18.136269 4.983304
13.831951 5.078085
14.770386 2.863592
16.291142 0.503895
15.653088 0.113098
14.051216 3.898057
13.029217 4.346396
7.068452 2.962355
4.148534 5.907983
4.674006 3.232720
11.100051 3.780674
12.065101 3.810241
9.763496 4.711285
12.233109 3.540890
9.215502 5.310744
8.585373 1.191889
7.462874 -1.146472
7.352653 4.449084
14.482277 3.927518
14.920314 1.314048
18.356712 1.085997
16.464691 2.601182
12.412451 4.393231
10.024647 4.534234
7.097141 3.683511
6.816492 1.454748
12.810640 -1.714504
13.129695 -2.391435
13.344299 -3.721786
15.217845 -8.040472
14.496931 0.720817
15.196191 -0.292054
14.887548 -2.461009
12.902822 -1.880576
7.987808 -0.666694
7.596337 -0.607076
5.620286 -1.237454
4.924779 -2.993834
5.591748 -2.974030
8.444076 -0.502997
6.127776 -1.382982
8.304946 -1.184858
7.351257 -0.548188
5.055272 1.082925
15.168325 3.488901
11.344585 4.786312
12.146433 5.443703
11.578226 4.216152
7.517159 3.869112
7.919936 -0.747512
7.259321 0.912127
7.985203 1.210110
8.911554 -0.604587
11.278887 -8.188005
10.996428 -7.143730
10.848552 -6.841502
15.717670 -9.575686
10.225823 -10.174776
11.957150 -10.625322
7.273310 -10.474634
6.712621 -7.882713
5.524151 -7.185455
5.694000 -2.826292
6.516978 1.071338
5.919174 0.980314
6.223268 0.874556
8.006704 0.832382
6.741003 1.161866
7.644519 2.041836
7.141493 2.054027
6.813648 2.795361
8.151810 1.257334
8.339840 -1.134389
8.895181 -0.570945
14.265469 -1.427902
15.675484 -1.819173
15.880154 2.053892
13.938750 -3.815083
13.215228 -6.214332
14.364881 -3.173610
12.775861 -2.205941
13.743749 -3.060223
11.603605 3.940130
10.816833 4.142998
8.175837 5.591976
6.951136 0.378298
9.002226 1.346380
7.685543 2.334484
10.176573 5.544073
13.499212 4.800629
11.640930 4.445378
8.867619 3.437237
11.682633 4.827124
14.076356 4.501009
14.129574 3.182635
15.175669 -0.433161
13.247920 -2.819942
10.381289 -9.057584
10.599319 -10.136491
10.431313 -7.874568
9.331262 -8.367701
11.645790 -8.113801
11.717805 -5.568947
13.613733 -2.501710
13.883358 -5.596684
15.757835 -2.659012
13.059328 -2.546376
14.514399 -3.247181
16.665283 -0.520242
13.098668 -4.345696
12.171357 -9.861644
8.243971 -7.570720
5.450946 -3.869256
9.692210 -8.161705
9.897311 -7.772843
7.739547 -6.799159
10.731767 4.256922
10.884079 3.677242
8.267835 -0.904495
7.917750 -0.961577
7.846521 -1.262149
7.214486 0.402220
9.984818 5.012248
6.063745 -0.278448
8.722750 -1.305243
6.916726 -0.512270
8.850300 2.261738
5.349630 1.326637
8.082487 1.057185
14.470530 1.939243
13.294193 6.742997
10.553858 3.700603
9.184480 5.351531
8.216627 2.552902
8.349440 4.009248
6.315870 2.757926
8.084520 0.229004
8.821060 -0.465468
9.003603 2.499346
8.802704 0.777987
13.504185 4.140342
10.493396 3.961792
12.862937 4.453462
11.902063 4.838864
10.017039 3.914460
7.028073 4.173696
6.791793 1.346096
10.349285 5.375640
13.412430 6.414704
9.178194 3.476346
10.043925 4.302013
10.783463 5.297245
14.713069 2.081828
12.133400 4.747591
11.997280 6.874681
12.691721 6.061566
7.894174 4.327206
7.924529 1.921753
8.794439 1.145223
8.576920 -0.140736
8.057926 0.510092
6.932504 0.708162
5.561106 -0.354376
6.785232 -0.158090
9.003162 -1.172028
6.362717 0.873327
7.477023 1.229200
5.486651 0.160504
7.890881 0.602029
8.859010 0.761513
6.457012 -1.258646
5.081863 -3.526751
4.206378 -4.479219
6.645021 0.037326
8.019804 0.283041
8.962242 0.919644
7.990921 2.844277
8.593237 2.794202
8.543815 1.586456
7.473329 1.315585
7.867933 -0.112619
8.778782 1.328298
7.711172 3.036240
7.510527 0.160843
7.179956 -0.151903
8.096787 -1.337933
7.895646 -0.719472
8.681087 -1.253815
8.346958 -0.805715
6.012953 -1.096703
5.935710 -4.715154
4.023256 -8.175540
11.309877 -8.866276
11.827998 -1.978482
12.334978 -4.589389
11.450733 -2.225250
12.164612 -2.353329
8.447014 -0.523876
7.217536 1.020693
6.661153 -1.400730
5.895916 -0.599043
6.162284 -1.890120
4.428329 -2.656184
3.471336 -0.380605
4.726635 0.607787
6.875383 0.931845
6.951786 3.151603
8.440063 -0.620213
9.006145 -1.256681
8.669796 -10.178384
10.616047 -8.788991
10.182478 -9.551041
5.067833 -7.923619
7.460420 -8.687041
5.355570 -6.457549
7.016253 -8.455737
10.186002 -6.895687
10.187124 -8.465925
10.101562 -9.641856
11.526611 -6.451234
11.622636 -5.713300
8.868032 -8.154985
9.849971 -6.883303
5.903705 -7.714952
4.113634 -3.218860
4.514106 -3.187190
3.928303 -5.342475
5.532166 -3.031837
5.747836 -6.082150
4.787128 -5.465050
4.679551 -4.920026
5.508109 -7.520454
8.286439 -7.305537
5.024499 -7.378603
5.344560 -4.941032
2.737386 -7.266220
4.305471 -4.506619
4.684037 -1.735982
7.743474 -0.957700
8.303537 0.003638
10.405463 4.376690
14.563627 7.712937
15.144101 2.702598
14.484833 2.137332
14.110888 0.889111
10.870263 4.591990
10.228437 4.855135
12.988232 5.186772
14.615374 3.992511
9.131773 4.637943
7.787744 0.478290
6.899584 -0.065611
10.942360 -1.618607
8.411627 -1.604370
7.628401 -1.595514
7.808755 0.005749
7.884899 3.793916
5.285861 2.314691
7.873650 1.489290
8.931900 0.599270
8.008170 0.676883
7.973709 0.097936
5.556071 -5.047675
13.255484 -9.028924
11.524372 -6.826032
6.838827 -0.689097
11.709534 -2.752352
15.275179 -2.566053
15.241434 3.072638
12.963373 3.964384
11.804707 3.592040
12.841874 5.195496
12.975476 4.505045
8.669777 5.121266
7.835329 5.612199
8.131451 1.212520
8.201904 -0.441545
7.131731 -0.771643
6.667278 -0.202997
7.966036 -0.680157
8.450749 1.125798
8.905289 1.103924
8.334194 -0.943016
8.168917 -0.361511
6.604107 2.320471
11.257633 4.945872
10.673868 4.155175
11.941663 5.420634
11.891142 7.021337
12.365042 7.915415
7.166259 11.710271
9.564718 12.138465
11.638502 11.025939
12.220470 10.076583
8.381251 11.411925
6.411137 5.164590
8.155552 13.651151
10.859086 4.397041
9.454689 5.483087
9.352512 3.536000
8.986296 5.531384
10.310534 4.181270
15.764462 3.819067
16.505424 3.062405
12.758879 6.840327
12.470243 3.890803
8.775274 2.837973
5.767007 4.653368
5.586901 0.968082
6.674514 0.729679
10.712856 -1.618861
8.146250 -0.643275
8.267746 -1.233446
9.049292 -0.424871
12.452547 4.789438
8.755904 4.060987
8.349974 -1.218656
8.536660 0.404825
7.829128 1.971778
7.251043 2.859502
7.969354 1.171490
7.000192 2.830247
14.356939 6.094964
12.192507 4.659434
11.021368 4.995532
10.028987 3.757395
9.956133 4.899865
6.761538 2.788107
7.682866 0.686386
12.722324 4.681334
10.651198 3.800572
9.957711 3.860175
15.518557 1.138637
16.354174 -6.841747
12.841326 -7.833182
11.892135 -2.023933
13.095530 -2.743819
12.517270 -1.940037
12.456387 -4.521967
12.288012 -11.245351
8.314892 -8.587127
6.839256 -7.295080
10.745590 -9.659414
11.179281 -6.691235
9.268083 -8.360437
6.508491 -8.755177
4.602987 -4.552609
6.429061 -4.699817
5.406991 -2.993223
4.555032 -5.926529
7.870372 -7.377235
10.202300 -6.841193
6.018542 -9.283672
9.285156 -7.607007
11.958438 -6.442707
12.583397 -4.583641
15.667217 -1.349804
16.245195 0.559622
13.513026 4.535631
13.236542 4.549561
12.741508 4.049087
12.633745 9.349922
14.192822 14.951034
