18.259731 -11.093067
9.436174 -9.331136
7.773973 -10.173688
4.376355 -6.496248
5.567353 -1.076823
5.666707 -1.477039
4.003211 -3.633059
6.296443 -4.711572
5.061802 -5.054270
4.859426 -2.619662
6.484658 -1.312740
8.046236 -1.272820
8.257689 0.003823
8.366677 -1.143743
5.785154 -0.950485
4.519717 -0.329633
8.828374 -0.743008
7.654542 -1.115653
4.207375 -0.473610
6.450755 -0.816994
5.829155 -0.178745
8.070555 0.610547
6.929565 2.983575
9.779509 3.954281
10.660854 4.626647
16.640179 4.937098
12.040120 5.388175
6.020053 1.375530
7.065592 0.245773
8.126071 -0.980148
6.098140 -8.734666
5.484257 -6.962996
3.827140 -5.161105
8.043422 -7.981273
8.680553 -6.960752
6.602124 -7.350605
5.882561 -7.980159
9.824849 -7.293055
12.521188 -7.682876
10.675275 -6.832883
6.734732 -9.533478
11.130731 -7.561830
6.570981 -8.247779
6.058993 -6.642604
7.490130 -8.046590
7.984468 -7.121439
7.349281 -7.843888
4.262406 -6.284562
5.572587 -4.924025
12.012007 -3.908561
6.789031 -8.432284
5.588023 -6.703059
6.224748 -4.580986
4.406815 -0.663742
3.387820 -2.407029
5.620003 -3.365896
7.906046 -0.084355
7.053913 1.576099
7.250452 -1.108083
5.883194 -1.055709
6.440802 -0.820363
5.935753 -4.439562
6.114554 -4.069116
4.998801 -3.231102
5.508725 -2.041258
5.106853 -2.752333
5.034449 -2.794750
5.703640 -1.146753
7.087853 -1.296053
4.153683 -1.205024
5.234836 -2.471069
5.351157 -5.943063
1.575182 -5.579515
6.070700 -1.454139
5.804945 -0.667622
6.791754 -0.768381
7.188589 0.506120
12.157543 -2.899188
14.906729 -2.920451
13.104135 -3.440474
12.155218 -3.633301
11.687803 -2.657462
13.610292 -2.004634
14.100640 -2.209059
11.602156 -8.722147
15.743259 -0.167387
14.666184 0.825902
15.698217 3.364808
14.021694 6.556194
13.986263 7.731290
13.828266 7.410557
15.561355 2.820772
11.076447 5.467431
6.200920 3.208334
5.364646 4.677841
6.371173 7.078202
6.227652 7.356681
5.351668 4.903740
8.898830 3.696531
8.789613 0.839176
7.616102 2.579774
9.065094 5.000196
10.295794 4.383107
9.605425 3.714255
9.906839 4.172717
10.209610 5.296403
10.352925 3.671260
12.223095 5.971728
9.949868 3.927307
5.089966 2.204319
6.686858 -0.330759
6.515654 -0.347204
7.345945 2.286141
9.604128 4.428346
13.922824 6.373770
15.143478 0.864333
15.214689 1.667984
14.502359 2.771631
17.221630 2.666905
10.913195 4.999247
11.862558 5.713886
11.578712 3.821000
15.680549 5.842002
17.893862 3.865181
14.458979 0.372968
15.982884 3.888894
12.922060 3.791622
9.534060 3.923765
8.749937 3.141588
8.824047 1.613514
6.742685 3.290997
7.571704 0.263757
8.007339 0.019669
5.747548 -1.606619
5.682217 -4.437926
6.336605 -5.401013
6.385920 -4.818823
4.148345 -1.894351
8.884297 0.341533
7.126208 0.114116
8.607116 4.040557
11.406162 4.272237
15.069856 3.796261
17.143631 -0.756571
14.195061 2.727011
6.452389 -8.014524
8.999907 -7.799677
10.582968 -8.391361
10.426943 -7.550660
8.025256 -7.762504
10.258880 -8.565480
6.496534 -7.385626
10.843406 4.205149
8.472039 3.723979
7.742429 0.692299
8.953434 0.744055
15.283150 1.495330
15.116035 2.736132
11.169505 5.081506
11.383464 4.549168
10.599501 5.003300
12.976488 6.141234
12.700603 6.571711
12.167763 5.449118
10.115761 4.362166
9.421464 4.788591
8.553425 1.885551
7.887646 -0.137630
8.503088 0.859208
8.229681 2.453605
7.601200 0.447343
8.516463 1.389414
7.475271 4.573905
9.750175 3.573673
11.935822 5.534245
7.700240 2.398463
8.828154 0.698467
8.322155 2.426089
7.552945 2.499526
10.433296 4.566036
6.926723 1.657881
8.082243 4.138043
8.498198 -0.583196
7.355961 -0.075659
7.923079 2.434701
10.482217 4.817216
10.654802 3.892972
10.364729 3.913735
8.952188 3.357463
6.485089 1.801224
7.511226 0.297386
9.072088 1.346833
9.022150 3.507375
8.294003 1.222489
4.221332 -0.141860
7.178590 -8.874048
5.664499 -8.141372
12.171902 -7.650313
9.619629 -6.895119
7.967690 -8.232413
11.701586 -10.000075
9.147629 -8.184205
8.745623 -8.476327
10.348767 -8.874232
10.896379 -9.074502
8.540706 -7.460174
5.043118 -3.505519
5.878660 -1.463588
4.518420 -2.118472
5.605351 -0.339304
6.850345 -0.246104
8.183563 -1.024464
8.459221 0.258756
7.565825 -0.703322
5.531071 0.313864
6.402706 -2.148303
5.288576 -0.490075
8.541862 -0.233574
7.272751 -0.012662
7.764619 -1.366517
5.775643 -3.441964
3.650562 -5.994184
4.367881 -5.361313
7.193755 -8.307158
12.417150 -7.294876
11.869384 -4.497794
13.518714 -2.249381
11.622194 -2.490836
12.786046 -2.910959
15.569159 2.256343
14.922415 1.066345
16.145185 -0.362301
18.063784 -2.150246
10.248034 3.641352
9.057156 0.840329
9.156395 3.432640
8.478065 2.201328
8.291607 3.495811
9.023246 2.211800
10.595030 3.650741
8.341835 -0.962488
8.388006 -0.937552
8.217993 2.003243
8.857805 1.872046
7.510967 0.507646
7.670259 0.438460
9.092873 4.700087
8.904325 4.051729
6.639057 0.436651
6.077423 -0.788857
6.414523 -3.944378
3.134307 -5.406385
5.963246 -3.253493
6.289617 -6.716726
6.727615 -7.211978
4.933107 -8.722729
8.621740 -7.768142
9.081553 -8.071572
7.213334 -7.745770
5.929784 -9.565093
6.983541 -8.749259
10.732549 -8.909155
11.713545 -6.230148
12.399302 -3.635751
14.760061 -2.343932
14.141227 -5.770495
14.056672 -5.778860
11.900346 -8.334290
7.072153 -8.306595
10.169025 -7.843698
9.854346 -9.689851
12.241280 -5.224481
13.417539 -1.951735
13.533676 -9.629623
8.679167 -11.739739
4.847478 -9.854318
8.951878 -8.567709
9.604700 -11.852937
6.226690 -10.204959
5.629811 -3.263726
5.981441 -4.800331
6.166852 -3.417640
4.585698 -5.256861
4.465283 -4.692016
4.105908 -4.564478
5.941657 -3.659454
5.869307 -3.345479
5.135750 -2.520372
7.090849 -0.540012
7.924184 -1.638756
9.071617 -0.741341
5.515966 -1.224952
7.286740 -0.470043
7.197981 2.127913
7.242345 1.604388
5.806524 -1.456604
6.011918 0.887088
8.429386 1.602749
7.197562 -0.568618
8.485632 -0.064356
8.291676 1.994628
6.929711 0.179554
4.369957 -2.846330
4.405562 -6.520806
7.250502 -7.982469
8.395947 -7.707132
4.602227 -7.248137
5.086295 -6.151781
3.851533 -7.685365
6.175234 -4.898792
6.104304 -3.436765
5.280418 -5.982481
2.003793 -7.523851
4.031438 -3.378789
5.582486 -6.883653
7.087548 -6.836061
13.140482 -6.675088
10.799978 -9.831478
13.630826 -7.892147
12.978460 -1.637257
12.547918 -3.107858
11.996729 -3.513227
11.201241 -8.568851
6.617865 -9.370252
5.180446 -7.383190
6.398460 -7.851782
9.845116 -6.991738
10.759985 -9.959645
11.590210 -9.866185
8.410872 -6.849704
6.520049 -8.591966
8.766100 -6.754330
6.891228 -8.413933
4.693470 -7.926393
5.401142 -2.153233
7.521522 -0.456923
9.221666 4.002801
10.769715 5.139950
13.177767 5.583071
