-9.864432 9.959030
-10.235054 6.211874
-9.922916 5.786541
-8.792668 3.834215
-8.758467 4.566866
-12.888691 5.346717
-10.245914 1.860548
-9.985958 2.139364
-10.282429 5.251966
-8.292057 4.424667
-8.244704 4.628083
-8.991735 4.184266
-8.296402 6.231433
-8.849257 2.804127
-9.189562 1.294938
-5.992524 -0.317569
-7.528745 -1.262478
-4.628060 -0.821694
-6.663899 -2.117403
-5.456309 0.910841
-12.756207 -0.427446
-10.460079 4.095555
-10.098080 -0.600719
-7.575861 -2.685036
-9.652794 6.213867
-6.708397 6.095685
-9.741332 7.525004
-6.959655 7.491144
-5.093797 7.897183
-9.905226 5.672246
-9.454298 1.921952
-8.638954 3.645209
-8.641502 3.005528
-8.392526 5.816014
-8.713799 4.882411
-10.561947 4.957027
-10.443892 6.263656
-8.190498 -1.365777
-9.716373 1.247982
-8.616561 1.327444
-5.654049 -1.430024
-5.319843 0.823239
-4.170221 0.192593
-3.435171 -0.342568
-2.901255 1.362351
-3.027780 1.995743
-2.975932 0.484382
-4.643827 -0.328067
-3.390176 -0.663868
-3.580348 -0.379802
-5.989572 0.932608
-5.134898 0.578586
-6.328616 -1.130090
-5.992705 -1.776170
-3.734367 -1.001367
-2.217460 -2.100631
-2.604025 -6.239468
0.055530 -7.868531
