-15.702082 1.659062
-10.895670 4.326976
-3.002923 11.864725
-6.305840 14.230567
1.861098 18.711464
6.208452 15.929873
3.547571 17.357435
-2.393650 15.686774
-1.358188 12.916949
-1.874709 11.796528
-0.901434 10.768847
-3.645734 11.400350
-4.010104 12.753836
-4.880190 13.546023
-2.810530 12.361184
-2.074787 13.095841
-2.982623 10.562053
2.347602 9.036344
1.684701 9.106584
3.591558 10.003725
2.294408 9.939419
5.812536 9.782665
6.769568 12.842660
3.041553 16.697466
-2.477431 17.853003
-2.853264 15.346980
-2.932260 11.058786
-3.996882 14.080678
-2.658011 18.030100
-0.595158 16.045410
-0.726154 18.782490
-4.900203 10.515718
-2.373571 15.906305
-1.534510 14.449090
-4.125309 9.620024
-3.021130 10.368989
-2.309323 12.255887
-2.911944 13.340663
-0.894004 9.820498
-1.580982 10.659771
0.509132 16.649723
-4.853753 7.568084
-2.201267 9.576301
-1.689066 9.653948
-1.835601 9.914983
0.256482 8.534699
-3.741338 11.112473
0.240337 9.556262
-1.820223 11.566909
-1.421119 11.849252
0.565004 7.995823
1.802970 10.592935
3.336643 10.354541
1.666850 9.487049
-1.488523 8.728720
1.419218 10.208146
1.344537 11.026349
-1.811952 8.957210
-2.522856 9.340823
-0.992619 13.498269
-0.844774 17.332556
-1.879353 10.602893
-1.930260 11.446428
-4.160096 8.384602
1.498385 10.451843
5.126714 8.192487
6.776924 4.328151
4.319504 4.772406
4.206188 5.531110
2.936647 6.956954
3.399201 5.760341
5.033354 9.472135
6.868334 11.184430
8.268204 14.529799
6.971081 10.753892
8.780474 12.658337
6.521544 12.450049
8.193230 11.768080
8.685827 12.630573
10.508186 10.704774
8.241251 12.129336
7.773405 12.721151
5.543224 9.231410
5.456198 6.946947
5.617937 6.196223
6.632744 3.932756
6.884961 5.655437
5.315546 3.862798
5.191737 6.026226
5.617623 5.755565
5.878317 5.219355
5.208791 8.185245
5.228062 9.759626
3.330482 10.107915
2.467347 10.244224
4.681931 10.139922
2.915975 9.284794
1.475735 10.225104
2.261095 10.002849
0.725603 10.509731
-0.301461 10.258183
-4.012749 13.047677
-1.238284 12.330285
-1.318831 13.690562
-3.034523 10.328840
2.612941 9.214919
0.192337 9.886122
2.838545 10.512981
3.850370 9.735495
4.120555 9.222157
-0.235316 9.660159
-4.322887 9.825305
-3.151188 9.282783
-1.634446 12.466969
-2.512184 16.209625
2.427706 17.087320
2.031752 16.663746
