-5.226893 -15.525703
-1.133582 -11.655310
0.684856 -8.610862
3.336932 -4.914031
4.592410 -1.665847
4.494111 -0.050523
8.474080 0.478598
6.550748 0.506936
7.712937 1.302752
8.549347 1.608320
7.131673 0.129790
6.372585 -0.065194
5.964281 -0.200862
7.711215 0.107363
6.929627 1.045330
4.253957 1.495035
5.986469 -0.035994
5.719193 -0.079515
5.990774 -0.100809
6.500505 0.947088
5.304323 0.091923
4.336658 0.512980
5.287118 -0.734455
5.455309 -1.873986
5.050035 -3.154547
4.706469 -2.733872
4.099297 -3.251524
4.646854 -2.734194
4.626592 -7.303658
5.645727 -6.448580
9.290716 -7.772946
7.944193 -10.800781
7.926101 -7.535964
7.459978 -7.435255
8.105517 -9.069667
2.982512 -8.845666
5.029887 -0.419257
5.766709 1.251470
4.511496 0.701683
3.747609 1.011977
5.080564 -1.471892
2.879086 -2.253425
5.337325 -1.903324
3.861139 -2.633491
4.606854 -3.557219
5.042962 -6.383061
6.598626 -6.999073
11.466173 -7.215783
11.610744 -4.986076
11.466071 -4.406690
11.949106 -7.680778
7.948861 -10.043733
5.813037 -5.960731
5.190185 -7.319534
12.253168 -8.357636
10.573280 -12.209413
7.364885 -9.502316
11.130974 -11.408343
12.474136 -9.005995
8.052264 -8.166582
11.092598 -9.073067
8.056206 -6.690374
8.538651 -7.039798
10.670750 -7.913184
9.267906 -6.897398
9.018491 -7.661904
6.910210 -7.786055
8.706713 -7.371218
7.895532 -9.196849
6.665172 -8.818708
9.378150 -8.218038
7.831393 -7.034957
4.806481 -7.352031
4.290493 -5.358222
4.200554 -1.974564
3.410231 -4.145491
3.221346 -5.339327
4.758820 -3.508640
4.180465 -3.455461
4.018569 -4.185765
6.655449 -7.059722
5.927825 -5.895050
6.956409 -8.160964
6.457657 -7.104816
6.222932 -7.502968
8.194447 -10.042161
14.972176 -8.388803
13.434552 -4.910975
10.431816 -7.455218
9.549743 -7.400295
12.811712 -9.114607
11.901787 -3.676188
11.829272 -4.218417
14.998528 -3.867364
16.862123 1.760012
