2.043664 4.571928
-0.704604 1.480161
-1.426514 1.063887
-2.021879 1.531169
-8.507407 2.903956
-9.142132 1.709075
-4.085039 2.137514
-3.632782 0.875220
-3.954236 -1.225896
-3.978212 -2.390808
-3.511052 -5.257014
-5.219284 -3.928949
-7.774656 -4.271569
-7.725688 -3.991749
-5.335640 -5.247683
-9.016768 -4.439589
-11.583439 -8.414909
-9.626853 -3.294978
-11.068347 -4.536973
-9.086687 -5.882308
-8.685287 -7.246936
-6.725410 -5.746311
-7.399331 -4.608082
-8.295715 -3.983835
-10.401165 -5.204144
-11.909782 -1.945792
-10.415808 0.258239
-14.051214 -0.317193
-12.234817 2.229534
-12.358098 -4.215890
-11.638227 -3.597904
-11.273018 -0.253394
-8.833207 1.829090
-6.990183 1.900779
-7.711394 1.660829
-7.416880 1.354727
-8.357884 2.650151
-8.655571 1.500423
-7.958681 1.761295
-8.034369 3.304355
-6.756662 3.275620
-5.560948 2.752049
-6.717798 4.796659
-7.739855 5.454017
-9.831989 0.692054
-10.577584 0.515759
-10.686707 -1.001205
-11.498046 0.142712
-10.694425 -2.958999
-10.087574 0.470334
-8.153180 3.419775
-8.295349 1.165296
-8.960111 3.068309
-9.624454 1.032512
-10.526028 -3.476953
-15.429137 -6.168933
