18.083706 11.452146
15.389208 10.840666
12.744536 10.014572
11.676369 9.172914
11.539971 10.207256
9.024132 8.175560
8.815752 8.321459
9.069180 6.005551
8.973894 4.687067
9.191816 5.894269
9.206466 5.063798
9.776977 4.147631
6.388982 3.502670
8.596103 3.776261
4.127732 -1.204327
5.642229 -5.991066
5.330818 -9.351453
10.456709 -8.022460
9.787490 -8.558303
10.716653 -7.793901
11.861684 -7.442593
10.405523 -9.327935
5.401145 -6.379755
4.524342 -4.040934
6.336308 -9.232181
8.681221 -7.598372
5.588447 -7.165255
4.865373 -4.075510
5.357395 -4.127721
4.469460 -5.719782
7.438189 -7.667259
4.892351 -6.060118
4.823164 -4.374225
4.265574 -1.041792
4.437772 -2.917670
5.481848 -4.183893
5.226820 -2.000224
4.051881 -1.072735
4.759904 -1.635170
4.596556 -0.607944
6.558139 0.860372
8.045930 1.058513
8.379342 0.519720
7.852835 0.759605
8.736053 -0.046355
6.318669 0.281132
8.692768 0.111335
8.495515 1.592736
6.744246 2.752541
7.030126 4.098113
8.795959 6.072831
8.811601 5.442695
7.219666 4.694667
4.432393 -0.277901
3.118568 -5.366137
6.312878 -7.582588
4.874692 -7.100168
5.812731 -6.971426
8.348331 -9.046627
10.078836 -11.086419
6.973700 -6.709023
7.340247 -8.418475
14.013266 -6.763150
12.331293 -5.314541
16.583965 -11.564258
12.277226 -14.707259
