16.471170 2.715528
16.929346 -0.905190
16.701847 -0.996549
11.920736 -2.743590
4.736097 -3.846448
8.580776 0.447949
8.257303 1.509569
4.464996 0.148309
3.999391 0.353803
4.608968 -0.719625
6.511978 1.100455
5.030907 0.281529
7.294349 -0.043993
6.807664 1.514018
4.988599 0.203568
4.960741 -0.310638
4.519897 -1.979234
5.418465 -4.037014
4.571682 -3.845528
6.176784 -5.767756
6.197220 -6.142622
6.304400 -7.348601
8.635403 -7.688326
7.965107 -7.046185
5.654329 -9.310935
2.778797 -5.396955
3.785833 -4.814962
4.424006 -4.878539
4.061012 -4.510242
3.516410 -2.162605
4.669456 0.502641
6.508104 0.045446
7.494633 0.683149
7.601103 1.521449
6.609126 1.263328
6.052192 1.542693
7.419074 2.524789
7.438046 2.191862
7.071563 3.037520
6.477514 1.202971
7.008573 1.916219
10.942636 3.582340
10.546188 3.549675
13.559058 3.581442
5.281863 3.837880
8.478048 0.415354
7.085954 2.171121
7.079804 2.634648
9.781200 4.180202
9.632219 4.960392
14.453826 0.238621
15.833324 2.153891
14.978060 4.588069
14.429901 2.323399
4.481016 -3.683112
6.551114 -7.696809
8.548194 -6.953584
8.317254 -11.452842
8.006576 -7.764493
12.185230 -5.427655
9.803057 5.191196
8.846617 3.500499
9.230477 4.740837
8.660622 2.644668
9.030510 8.008794
7.040320 9.778818
6.067646 9.316262
7.979850 8.274833
8.829495 3.804511
7.744447 2.529391
8.636520 3.662169
8.492254 3.793036
9.111777 3.516358
11.281331 3.597188
12.642376 3.674874
9.806919 3.962122
9.660366 9.110019
8.731988 2.731499
7.767057 4.834283
5.499203 5.085913
7.802421 3.625431
8.628390 2.459795
8.015098 1.026838
8.613114 0.642035
4.472573 -0.583686
5.401831 0.025272
4.665026 -2.427500
4.275694 -3.379977
5.027936 -5.844985
6.450039 -6.969444
4.680902 -7.415412
4.870119 -2.092744
4.733238 -1.348838
4.155464 0.772763
7.976197 1.085644
5.074601 0.317412
6.349555 -0.207709
6.416080 0.171846
7.112931 3.694274
9.449217 5.724350
8.316905 3.050707
8.663921 1.929255
9.028609 3.946401
7.875373 6.227299
9.777515 4.665290
8.610860 2.794209
9.106268 1.458442
8.258894 0.361846
8.439151 -0.101893
7.288581 2.114112
9.475872 3.721043
5.936393 3.471934
6.918223 1.004495
7.951410 0.500338
9.101652 2.401227
8.905313 2.036793
6.439545 1.694220
6.332505 2.558551
9.044930 2.528214
8.189176 3.744905
7.826164 2.715992
6.496652 3.063506
7.126370 0.656181
7.596122 -0.206864
8.710167 0.278069
3.593432 -1.939873
0.324243 -5.114823
1.790836 -7.048986
4.150284 -8.326908
5.909819 -6.378757
7.481082 -7.227388
10.243328 -7.533143
12.840052 -5.557760
11.521457 -1.678095
14.610581 0.794487
15.341942 0.051699
15.564900 1.334946
15.328680 0.331506
12.466852 -3.743053
11.807538 -3.875313
11.659834 -1.852391
12.785921 -3.297688
13.452316 -2.608854
8.932180 0.759745
7.535259 2.795856
6.334004 1.317962
6.797768 -0.165859
6.222070 1.215434
7.561433 2.247221
7.307133 0.825537
6.516984 1.785296
7.312414 3.180101
9.133586 8.938229
8.091318 6.315378
9.674860 3.936474
9.095121 3.550440
8.721766 0.682925
7.580071 3.912788
7.164795 8.020323
8.719706 6.698794
10.409012 9.174698
11.392664 10.418992
12.601683 9.410067
7.492249 9.194709
11.689724 9.237373
11.759935 8.980919
8.970493 4.344920
8.969206 4.033411
12.137487 3.469818
15.733477 1.522219
16.152699 7.146224
15.813522 5.188496
14.544291 2.720933
7.850045 1.274413
9.029790 1.983514
8.330300 2.539159
7.454760 2.923761
9.840653 4.780276
11.806540 3.488416
8.951571 3.498114
9.031355 2.535235
8.320776 5.790867
9.720266 6.550920
8.252541 2.553863
7.530530 2.856665
8.073942 1.008292
7.073485 1.932841
8.345018 1.033391
7.890202 0.275300
6.705562 0.146080
3.150824 -0.850989
5.476391 -1.013242
5.034548 -1.397657
4.667862 -2.410882
3.852952 -4.402672
6.478000 -7.091650
3.327221 -6.348662
4.317986 -1.830177
5.351113 -1.379663
4.030553 -0.687707
5.228831 -2.196500
5.139530 -1.164041
5.347891 -1.130784
5.482841 0.612860
4.173382 0.593101
3.639430 -0.919103
3.847758 -2.356695
5.266755 -1.536099
2.473431 0.007397
6.421010 0.383314
7.068913 -0.028654
6.852378 0.417138
7.673729 -0.094449
6.837551 0.103955
5.962690 0.252463
4.727022 0.699800
4.856129 -1.101655
4.959656 -4.700195
4.572768 -3.873257
5.422812 -1.828822
4.380896 -3.494423
4.790360 -6.134334
3.546927 -2.244499
5.207623 -1.257113
3.016153 -2.987281
4.516245 -3.709175
3.166638 -4.887094
6.304465 -5.646767
5.503055 -5.423063
2.864500 -5.095624
4.383345 -5.110593
0.877256 -6.028054
7.385290 -7.025665
8.959002 -7.674736
7.116769 -6.922344
3.550126 -6.475732
6.452583 -6.778297
3.346825 -5.587292
4.015151 -4.041243
5.291656 -1.043246
3.457378 -1.981024
4.651526 -1.749195
4.693128 -2.661835
4.686780 -1.958570
3.942814 0.670139
7.833361 0.103554
7.320268 -0.073421
6.804202 1.007660
6.957788 1.281660
4.457920 -1.216371
3.682805 -2.364552
4.155771 -3.553687
