19.108946 -1.569520
12.865751 -1.807335
7.757555 2.928508
8.825682 2.217721
2.807240 -1.985988
3.471331 -3.763220
2.092860 -2.750514
3.251655 -3.601961
4.799991 -3.984658
4.821857 -6.207353
5.108412 -6.956177
5.505975 -7.835251
5.291072 -1.998996
3.584053 -0.646621
2.702319 -2.234559
3.889606 -2.956148
2.995873 -3.738374
4.159187 -4.054136
4.133873 -1.718318
5.653085 0.958179
6.359912 0.354940
7.533540 -0.048278
8.675385 1.182023
7.654262 1.273950
8.011451 2.769017
8.189026 4.394493
9.532009 3.523502
7.840657 6.509900
9.159351 4.240897
16.853077 6.350472
14.923917 1.486169
15.343418 3.844287
18.706657 4.689809
15.753621 3.436141
17.571556 -0.270724
16.161306 -2.408289
12.063350 -5.173484
6.369054 -5.713002
6.417823 -5.842894
4.417418 -7.667098
2.552139 -4.598205
9.075045 -0.142856
7.309954 0.163644
5.395406 0.266396
4.705187 1.791559
4.674101 -2.045726
4.376042 -0.370106
6.279357 0.633216
8.913681 -0.085896
7.486643 0.304833
4.609947 -0.317430
4.056962 -2.670216
3.540503 -0.996957
3.216993 -1.038584
3.620816 -0.506514
5.947290 2.039736
7.860952 0.646889
8.358031 0.035550
5.240738 -1.489044
4.797689 -1.401229
4.872094 -1.565075
4.245437 -2.533567
5.483314 -2.643527
5.442440 -2.882391
5.081563 -2.181491
8.979771 -6.784419
10.475424 -7.219074
13.570286 -10.435336
14.245251 -6.508646
12.746703 -4.111025
12.748718 -3.698227
16.532440 -3.005179
15.676697 2.100400
15.723772 1.653402
14.387590 1.889982
14.386736 0.526718
7.036334 2.746574
8.776964 1.856972
8.978956 1.570949
8.833986 1.449062
8.523129 3.220813
5.461784 1.200387
9.364048 4.304427
8.075022 2.701111
5.008183 1.504723
8.041475 -0.128678
4.572650 -0.158944
4.935157 -3.008008
8.119291 0.947702
6.987252 -0.201942
7.355984 1.525772
7.028306 3.206174
7.963467 0.420731
5.719262 -0.051594
5.633988 0.054327
3.866856 -0.039516
5.342797 -1.087481
3.785502 -2.297857
5.333902 -5.159644
2.828132 -7.975399
7.072050 -7.191425
5.423192 -5.955986
5.182687 -3.808944
5.128855 -3.647122
4.322815 0.284290
7.489838 3.984911
8.981384 3.741039
9.668299 3.767213
9.371791 5.868780
8.908978 7.827299
9.312895 9.176430
11.453156 11.387603
12.633354 9.287712
13.994731 12.657458
7.844876 6.992658
7.896482 5.917772
8.524224 3.337872
7.417079 3.825485
10.368405 3.747800
8.666027 3.600045
9.846970 3.618645
15.491985 4.152355
9.372690 9.540359
9.976122 9.395379
8.858898 6.330426
12.182113 -3.293486
3.551340 -1.689598
4.951724 -3.025707
2.942164 0.508770
3.921574 -2.783679
4.839631 -2.439509
5.307129 -0.411773
5.440754 -0.761242
5.109054 0.104317
6.262235 -0.002892
6.183093 0.534009
5.368684 -0.310536
5.704218 0.172644
8.298698 1.316367
7.756074 3.444793
8.586468 3.895239
8.197672 5.386493
8.373749 6.231032
12.030605 9.145944
16.631069 5.186392
14.684404 2.730192
12.613293 9.700521
9.099749 6.938884
8.329063 6.772572
8.478981 5.544078
9.267336 6.923455
7.159023 1.132899
8.314820 0.229258
7.392622 0.838835
7.923601 0.149814
6.705471 0.392633
8.703874 0.756673
6.080755 0.993117
3.768146 -0.993325
4.342869 -3.304784
5.271474 0.128831
7.618903 0.970559
6.408484 1.625401
6.228868 4.125453
6.697666 3.468480
7.126235 3.806389
7.905982 4.232494
9.031212 3.788919
9.056236 2.190736
7.705214 1.316951
9.580868 4.887799
9.148754 7.320673
8.150088 6.237355
9.165915 4.367159
8.546700 4.722477
8.440756 4.247146
7.612579 2.347899
7.011446 0.259965
6.468346 1.392740
8.201960 0.054679
7.735214 1.825939
6.452144 0.961467
7.358008 0.610561
7.505008 1.338882
8.686995 1.342251
11.952941 3.659449
8.459660 3.585684
7.715371 4.318897
6.821424 2.521360
7.842545 2.520065
8.166330 1.615546
9.038101 2.536303
8.351258 1.475213
7.702917 2.708786
9.399063 3.739194
6.351346 2.215537
8.495125 2.204426
12.460464 3.483418
7.553788 1.965217
8.851729 3.775812
15.402370 3.346585
10.489500 8.965243
7.708934 3.669903
8.457339 2.998646
7.405685 1.489213
8.061910 2.555201
7.491138 1.725050
8.590440 2.483695
7.808138 1.463220
11.599577 3.782796
11.731696 3.754703
10.618273 3.468451
10.490705 3.768680
8.041050 2.262266
8.871872 3.347781
16.096619 5.464698
15.534908 6.895108
14.925594 5.387898
16.720516 9.672722
16.516304 9.473856
14.617058 1.792399
14.500764 3.020038
7.964599 2.333372
6.917624 2.688409
11.098314 3.623651
11.024197 3.722787
9.220332 3.768826
8.413477 4.338414
8.675751 5.104224
8.408178 7.928915
6.770987 5.182691
9.333002 6.856507
8.583382 0.918641
7.862777 5.281790
3.922419 -0.290033
5.778034 0.043105
7.224125 0.947492
7.261857 1.113729
8.165558 0.610279
8.563452 4.003770
9.354086 6.741311
9.507586 5.028111
9.219684 5.608248
9.635468 6.950797
8.764164 6.288502
9.673109 8.245590
7.821208 1.663537
8.775403 3.608355
11.499458 3.711461
14.245184 2.600895
14.818273 2.521872
17.047167 1.544024
15.536942 7.530038
15.162572 6.911397
16.319511 1.311729
17.296989 2.951897
17.975845 2.109835
14.627211 3.517728
14.208326 -1.125129
13.046821 3.621208
8.281433 2.670683
8.689920 4.506928
7.507740 5.290742
8.081844 4.633242
8.641577 2.961318
8.872958 3.915480
8.867182 0.324063
5.196583 1.263083
6.710218 0.958781
8.332020 2.466216
7.355657 4.994585
5.787477 0.993923
7.481140 2.686086
7.993183 2.235260
8.175989 2.275939
8.816879 -0.196017
8.216608 3.392232
12.502478 3.626777
8.724557 1.458775
6.791697 0.975731
9.388134 4.482178
8.348471 7.459832
8.771020 3.862937
9.035781 0.728452
9.015051 2.340394
7.258666 3.168272
6.779778 2.606629
6.977584 3.265679
7.084740 1.483107
8.738344 3.244229
6.148081 2.163694
5.215028 1.641390
8.040817 0.887048
8.795967 1.070491
6.103504 1.302526
6.438146 0.742036
4.561697 0.203281
4.427188 -1.370034
5.652740 0.201890
8.067168 1.615376
8.370187 2.445987
9.594696 4.894547
7.779840 5.342561
9.521368 3.900844
4.815462 0.586311
8.585337 1.439583
6.765907 0.068599
3.938326 -0.431007
3.170044 -0.292072
3.505986 -2.187479
5.712100 0.962150
6.328721 0.745334
7.685121 0.333039
7.971738 0.791399
7.323570 0.512936
7.398958 -0.185341
5.266171 0.060913
3.489492 -0.751854
4.452538 -2.503670
4.913754 -1.589784
3.458633 -7.490436
4.989469 -6.486940
7.019230 -8.551073
3.903088 -9.429182
4.090834 -6.057448
7.166033 -7.697380
3.585349 -4.353838
3.950571 -2.674383
4.966034 -2.730517
5.443000 -2.884245
5.184086 -1.480750
5.269381 -3.593550
2.629328 -4.184664
3.485607 -1.727273
4.809512 -0.475977
5.125324 0.692924
8.311775 0.760028
4.836124 0.056003
6.669064 0.907142
9.027863 2.300966
7.085544 4.516128
8.333654 7.368512
8.103942 0.142418
7.821351 0.438335
6.467855 0.325526
8.240995 0.286585
7.685013 2.827068
8.362133 4.349443
9.383027 4.072356
9.387557 3.481308
8.879503 4.225339
8.555166 4.257183
8.931905 1.992701
6.912164 2.377006
8.911481 2.982197
7.916152 2.750196
9.517975 4.158431
8.349045 2.939947
8.918483 1.802489
7.020000 -0.215796
7.478202 -0.069609
3.678482 0.054032
5.260998 -0.339998
5.475658 0.957087
6.932999 0.452553
8.340487 -0.077467
5.200666 0.742973
5.047966 1.313081
4.858257 -2.877139
4.747990 -5.273908
4.707154 -9.470624
6.118020 -8.136790
5.127109 -5.304300
5.351551 -6.507554
4.829394 -7.359239
8.759533 -9.567934
5.335363 -7.065111
9.714246 -7.287528
8.819308 -8.055308
9.526361 -7.440542
6.160037 -11.209265
11.914379 -6.324078
12.922700 -10.074054
8.706701 -7.862094
7.947870 -7.108304
7.808607 -7.581472
10.093808 -7.113773
10.102632 -7.686768
8.888022 -10.238408
13.368822 -6.846555
12.224797 -5.527584
13.636643 -5.534369
16.388254 3.065884
18.442154 9.417617
16.325867 -0.040033
15.492214 -0.798815
15.958056 1.744673
14.382508 -1.610565
16.113440 0.523267
16.289207 -0.842069
8.690999 0.919943
8.347746 1.960973
7.449973 3.575644
6.682025 3.041586
7.802005 0.985704
8.284944 -0.199452
8.650315 1.076757
6.766845 2.415784
9.719385 3.848800
9.822154 5.692381
7.839106 3.542477
11.880833 3.445471
8.602184 3.029919
8.299041 1.616168
3.765893 -6.784575
4.371153 -3.949402
5.447715 -6.614896
4.678808 -9.984465
4.518459 -8.650562
4.668073 -10.284194
10.521545 -10.113782
12.149393 -3.944149
5.231294 -4.154067
2.455958 -3.375089
8.072617 0.655621
7.499336 2.259549
7.887365 1.755610
9.835928 3.724104
10.885859 3.647429
8.998610 4.778841
9.102989 6.947800
9.465836 5.120965
7.168041 3.801439
8.798368 0.816746
7.685281 0.920692
7.015839 0.716006
6.844677 0.907378
7.721021 0.386077
5.589907 0.002949
3.876369 -2.126484
4.824077 -4.721726
1.678924 -8.141667
5.048879 -8.664090
3.281961 -9.144895
2.300955 -5.098860
4.766716 -1.836906
5.921577 0.981528
5.605236 0.874777
8.992643 2.535224
7.880720 4.290425
6.254957 2.750310
8.876389 1.431391
7.106114 1.066236
8.321063 1.392771
9.395416 4.898470
8.602618 1.958093
6.183052 1.619453
5.634264 0.823614
6.159265 5.254214
7.103889 2.189161
5.492454 0.281301
4.914514 -3.055979
5.600942 -8.444397
3.179298 -8.614840
5.184186 -1.489883
4.360768 1.288789
6.843737 0.872142
7.409471 0.167764
7.037992 0.654248
9.004856 0.382619
8.275019 -0.171150
8.489266 3.679270
7.205420 3.066179
-2.822524 7.997072
-3.534240 14.644185
