19.051285 4.555283
14.559123 3.192779
16.657207 1.688476
15.071670 4.043290
15.085232 7.248190
16.260643 6.301928
15.610761 8.248284
16.034616 9.420549
12.937281 9.715601
13.051932 8.813237
9.458200 4.014991
8.895350 5.424460
8.766092 5.130694
16.882118 3.881460
15.124454 2.035680
11.864951 3.452593
8.151455 1.617394
6.685835 1.764606
8.468555 3.262486
9.672369 6.015889
8.704706 4.681571
8.086943 6.608200
6.490287 6.382810
9.829670 6.299172
7.772370 5.446751
5.602109 4.196500
5.932641 7.875903
8.503685 4.735418
8.730515 3.485112
9.183527 5.695878
8.238516 6.648407
9.017490 6.004275
8.962713 0.922546
8.672104 5.738496
8.841054 2.926856
9.591490 5.022299
8.286465 3.180367
8.998197 1.737588
7.916986 1.245490
6.263179 2.970506
9.069856 3.185361
8.442921 4.388443
16.693533 9.563368
14.883410 2.552241
11.134090 3.717203
7.662748 3.560592
9.172454 7.363335
9.594103 4.052138
9.770258 5.800104
7.623785 4.807424
8.945591 6.615564
9.056131 4.930129
16.681522 6.603645
15.493587 8.494700
9.692728 5.709222
8.598408 8.257214
9.191303 3.671000
15.691003 7.145708
15.623631 5.576288
15.282962 2.061309
15.941422 5.553062
14.147329 0.448949
11.381178 3.710291
16.399555 5.221860
15.105928 0.060956
14.266343 2.328133
18.535614 2.386768
16.827562 -1.726945
15.881332 2.623222
14.686337 3.167620
15.267912 2.918850
9.143694 3.433859
7.126790 2.696193
9.103719 2.651595
6.711134 0.963676
7.951628 1.074188
8.481318 3.289123
8.640402 3.255610
8.330364 4.474735
8.876978 2.174558
7.719564 1.705047
7.085223 1.205025
7.218521 2.795137
6.422126 1.317388
7.019657 0.953479
5.470479 1.254339
4.078268 2.209698
6.115263 3.952876
8.571639 4.654814
7.037477 2.622366
9.595702 6.756301
8.672478 8.993761
13.038025 10.915932
9.025412 6.108853
9.765961 4.672347
6.697663 0.824775
6.276356 -0.014402
12.404564 -2.861605
6.710313 1.791254
3.294556 -1.269033
4.764242 -1.359353
5.180738 -3.083328
8.583194 0.835462
8.468086 -0.029790
8.716204 6.930898
7.629848 5.201796
7.560633 5.588040
15.174183 2.347332
14.965961 3.031417
14.934406 6.167736
16.614540 -2.057368
15.731100 3.946781
11.345776 10.101653
7.496968 10.796396
9.699880 6.753873
8.936638 6.166930
8.921937 4.866958
7.912080 6.806591
9.457656 5.951571
9.580559 8.619296
11.023619 11.423622
9.738455 8.961595
8.388004 1.065229
8.961441 2.595640
8.982072 2.899087
6.857980 4.762397
5.841366 4.014758
9.326389 3.979207
9.466728 4.667936
11.466051 10.234632
10.953521 11.378425
7.236656 5.407348
8.143493 4.023191
11.022696 3.485545
10.684536 3.573270
9.324288 3.942668
9.876657 3.474607
7.990848 2.454608
8.583454 4.345541
9.012091 5.914715
9.591425 5.883668
6.934158 3.182369
8.694042 2.532903
8.785499 0.168890
8.098635 3.226644
8.128889 5.349012
8.097095 5.389182
8.696611 5.929960
7.197521 6.265282
8.649893 8.129751
8.396523 5.347223
8.792267 7.106996
8.218188 8.390317
10.233099 13.001037
11.218113 8.858013
7.803134 3.412804
8.927993 7.338817
7.886298 4.088975
7.715206 4.266359
8.908959 4.117870
9.466111 6.985100
15.830990 4.141218
17.471441 7.504987
16.147129 4.456821
13.150917 3.681345
9.882366 3.615644
8.231846 7.512276
8.644141 4.816462
8.570295 3.543176
8.538855 1.774060
8.651737 1.962618
7.765974 1.512507
6.813963 1.883574
5.579622 3.167417
7.874809 3.987703
9.205369 9.027954
8.296930 7.084944
9.733944 7.344148
8.765773 4.629242
8.420192 4.893601
9.499424 5.152516
7.957565 2.166427
8.180898 0.708809
16.187656 -5.424962
15.176073 -1.463586
15.898829 2.545773
14.770880 3.263108
13.914694 3.605749
11.001445 3.785639
8.359581 4.728990
7.976165 1.068906
8.699270 2.554121
7.756968 0.060292
7.584864 -9.297113
5.265617 0.237681
4.702977 1.071966
4.979418 0.698434
5.020764 -4.076988
5.342399 -3.239877
5.003817 -4.994613
12.933273 -4.734231
14.027043 -2.714223
4.745277 -0.978009
6.747326 1.535859
8.982903 2.351584
8.765788 0.624494
8.544297 3.959217
7.817868 5.459099
9.370033 4.462311
9.802937 4.426083
9.667323 4.413583
7.223695 2.653716
8.523678 2.317669
8.594320 3.019412
8.870426 0.897790
7.848343 -0.044465
8.061399 3.125928
9.111244 3.821345
8.287978 3.578027
10.708380 3.654380
12.259615 10.816117
7.660696 1.673504
9.013026 3.150524
9.754772 6.373825
11.747807 9.453285
16.044682 4.384345
15.318676 5.725782
9.727703 4.990063
7.263389 4.612194
7.528051 2.445209
8.382641 1.576634
7.678736 0.436095
8.526396 -0.120106
8.415393 0.806056
7.248156 -7.511434
3.060854 -8.042412
14.187762 -1.857214
14.111837 1.714329
16.138737 1.530683
14.678550 0.636670
16.919529 7.627409
16.647699 11.392331
12.661467 10.541998
13.806800 9.550499
10.476903 3.412094
12.522273 3.589485
15.512024 8.856742
17.208214 4.669120
14.771698 3.042583
16.540972 2.638127
17.075005 -0.143077
16.709118 -2.380004
18.111832 1.096026
14.305138 2.537276
8.756139 3.725779
8.024039 3.345487
6.428986 0.654881
8.750423 0.956567
8.990926 0.717772
8.553139 -0.152908
9.108876 1.865005
8.107514 0.901226
7.825678 2.743925
8.410036 2.457107
9.128314 7.571887
9.834199 4.471076
8.460272 5.160442
7.901900 4.636935
9.865585 3.414280
10.612902 3.671502
8.814582 5.239924
11.868839 3.683248
9.925829 3.685784
8.489613 4.951725
11.791805 3.421693
14.654013 3.593161
15.346018 3.475911
15.982434 6.283768
14.886395 11.487972
12.809832 9.492873
9.773662 4.070595
8.371655 4.128871
11.473797 3.583298
14.876448 4.773501
7.678844 7.702078
7.476906 9.730466
12.971070 8.836350
9.226106 8.985915
5.564746 9.324007
9.225109 7.424274
7.552416 7.511946
9.034056 6.133040
8.755157 4.763701
9.475620 7.888810
10.735193 11.736030
10.832814 9.360015
10.997005 10.077170
6.500341 5.468502
9.743017 4.952478
9.144389 5.588348
6.570398 1.089740
7.386900 3.267893
8.613863 1.730689
7.289202 2.547502
7.597359 3.145638
10.972618 3.476497
9.370435 3.451237
5.990777 2.608865
6.780763 1.761867
5.498282 0.072867
7.131246 2.627622
8.322851 1.615617
5.849811 1.018053
7.009207 3.121634
10.818662 3.488436
8.500765 4.062213
6.459984 4.722370
8.924593 7.700164
5.041150 5.481575
5.827492 4.546708
7.475024 4.693046
8.515379 1.267196
8.213461 0.784052
8.243708 0.385711
8.791380 0.255541
7.067400 0.663500
6.965979 -0.185747
8.598974 1.307105
5.855184 -0.141187
6.762974 0.635821
8.239693 2.360180
6.855079 0.751192
7.917676 2.173804
9.836971 5.134470
9.043880 9.142286
11.117095 9.429111
10.863953 9.538758
11.065540 9.184409
9.357067 10.209463
8.423695 7.035914
8.710563 7.202422
8.291946 8.555394
13.580190 9.941551
-10.824222 10.818031
