4.848153 10.882979
6.669317 9.875478
5.840389 12.750696
6.413271 13.955191
5.650826 13.794599
6.118442 13.481531
11.271317 14.498219
8.992020 17.031210
5.711968 14.872699
6.317918 11.870184
5.276768 11.860133
7.885450 13.492530
4.638373 10.114900
4.608418 9.561396
5.257914 7.525807
2.967743 6.438111
3.171611 7.507229
-1.115671 9.240632
-1.616684 9.541943
-1.973908 12.482400
-0.894132 10.348490
3.793689 9.951730
3.975747 10.809278
2.153622 10.225206
3.077160 8.035028
3.577587 9.457164
3.505065 10.816509
3.642214 7.795432
1.733086 10.827506
-2.568106 11.657605
-3.860785 12.656290
-15.614350 17.337479
