8.815702 16.375681
8.004049 13.052950
6.786777 8.737154
5.856413 5.918805
4.017932 1.228347
4.235202 2.317858
4.221037 1.343111
1.206610 2.241701
1.760769 0.928940
2.251948 2.441145
1.317543 2.341053
1.784657 1.332800
1.547983 2.507352
1.736642 -0.550468
0.287210 -0.222483
0.124982 0.010755
2.066807 1.380434
2.650357 1.130429
4.502019 1.513930
4.540646 1.120493
2.757748 1.078551
1.842106 1.117925
0.596559 -0.457313
1.225563 -0.661575
0.911924 0.393958
1.084270 -0.189116
1.664544 -1.194364
2.263172 1.456977
2.352972 2.799447
2.168853 2.587492
2.074191 1.335200
7.878045 1.391016
6.866220 0.040177
7.757627 0.059001
8.250244 1.436956
7.403307 0.593289
7.089116 1.184930
8.129226 0.683319
6.544624 1.357198
6.009722 2.444349
6.308748 2.263354
1.096632 1.154896
1.600650 -1.387477
1.545178 -2.754133
1.367650 -1.503342
0.872652 -3.759214
2.437786 -4.073019
2.947169 -4.225609
0.893091 -5.361489
4.606195 -4.359346
4.547716 -4.883156
4.977241 -4.488060
3.829044 -4.617953
8.379381 -6.531590
6.056839 -7.268856
6.854464 -5.559798
11.518480 -7.926147
8.668443 -10.924870
