18.461882 -14.308830
10.567327 -11.789218
6.327839 -14.991805
7.195444 -13.312925
7.602538 -14.626776
3.788443 -14.430120
-4.652668 -10.464059
1.595248 -9.988832
1.405665 -11.295068
0.928601 -10.328912
2.496704 -11.084380
2.596155 -10.761989
2.180115 -6.418238
3.059334 -8.008237
4.632568 -7.633609
4.597730 -7.910874
3.305974 -7.629969
-1.510034 -8.016238
1.728580 -10.586400
2.387947 -11.205694
2.375800 -8.008265
2.754418 -10.916846
1.340621 -10.098884
1.903188 -10.811842
1.216039 -9.888551
2.761661 -10.772038
-2.237295 -12.992987
-2.484065 -14.144515
4.230242 -13.451896
4.989264 -15.125995
5.312436 -13.508161
5.815513 -14.008012
10.217915 -12.584837
7.910595 -12.081061
9.376723 -9.955317
8.959571 -8.767026
9.512558 -9.992256
10.311111 -8.944919
7.658507 -14.032151
2.872164 -14.765748
1.653782 -8.479255
6.472586 -6.220589
5.005394 -6.904150
4.532062 -7.688355
-1.714551 -7.727808
0.108692 -8.866348
0.247165 -9.011926
1.001300 -10.786573
0.372847 -10.886697
0.025196 -10.063561
2.434057 -7.615006
3.680004 -7.841653
6.424661 -8.141944
3.256100 -7.660319
-11.224642 -5.550044
-10.131387 -1.725241
-12.691628 -1.239633
-17.312330 0.983048
