8.178537 -11.332563
13.258688 -3.546485
11.887547 -3.456333
10.548563 -4.465186
10.864792 -3.530125
12.083664 -7.216648
9.070139 -6.785154
7.730395 -5.980025
7.801344 -5.293692
8.491749 -6.109918
8.994610 -7.988782
9.564681 -7.633955
6.323894 -5.642999
6.953533 -5.645359
4.522590 -8.194774
3.743554 -8.049739
5.250113 -4.342604
2.354760 -6.466072
1.924954 -4.987009
1.292182 -2.929359
0.728260 1.017325
1.489871 -1.367880
1.618270 -1.740913
1.809608 -0.862430
1.769909 -1.699671
1.390512 -2.264697
1.386279 -0.451647
1.650947 -0.709473
1.467404 0.116889
1.231447 -0.404982
0.684650 1.004356
2.588321 1.142000
-0.239789 1.047515
-0.218652 0.294572
1.250056 0.526026
1.061188 -0.432286
1.644868 0.913228
1.059331 1.416483
3.830878 1.078576
3.972156 1.675059
2.761737 2.882711
-0.152018 1.706593
1.748014 0.472748
0.989666 1.539283
0.879408 -1.494276
1.468157 1.110763
2.722948 2.579529
3.035316 1.176743
2.489269 2.148299
3.031649 1.101212
2.573978 1.523454
4.895020 1.087561
3.443353 1.130884
2.698811 1.138770
4.112947 1.060022
2.069070 1.330912
2.978551 2.921082
3.805967 1.167847
6.485267 1.393941
8.193193 0.057529
7.099194 3.219005
8.611658 6.390821
