13.461131 -1.051661
11.500552 -1.180579
10.719990 -0.208436
10.332919 -0.029049
7.793820 0.641694
7.663264 3.531520
5.840089 1.412441
7.061426 0.816828
3.868948 -0.762028
3.268135 -3.272482
2.138274 -5.546452
2.353925 -7.351866
2.738976 -6.586466
3.182827 -5.819041
6.129451 -9.342910
7.764749 -7.869802
3.417977 -1.777327
2.458659 -5.598964
4.824799 -3.472217
4.249892 -7.292248
5.124161 -6.472523
3.852194 -2.774159
5.776936 -5.820756
4.447972 -7.085285
4.879540 -5.179257
5.208739 -8.403444
3.705287 -3.872384
3.778968 -3.163509
4.415353 -2.046081
5.384428 -0.082892
7.565611 0.527725
7.608598 0.211850
8.253145 1.600581
8.906922 0.991336
9.370703 0.374569
9.809692 0.942158
5.856956 2.326159
4.505681 -0.634998
4.630367 -1.670015
5.278713 -1.809340
5.243458 -3.974260
3.743789 -7.554018
4.117067 -7.107701
4.070188 -10.212860
6.859532 -7.839285
12.653512 -8.759583
11.389766 -7.405663
14.341044 -8.964416
10.250262 -8.406552
9.429979 -8.503331
7.292495 -9.617255
5.933755 -8.179204
4.690615 -4.162777
1.362180 -8.750909
8.265709 -11.154262
5.512856 -11.068191
4.969778 -7.760484
5.957484 -5.791980
4.318985 -9.706093
3.972482 -10.535586
5.658257 -9.131450
1.863607 -12.260900
