7.504261 -9.923234
7.242225 -8.461499
9.596426 -7.920373
6.525342 -12.962647
5.027384 -9.796816
5.368223 -8.804859
10.290658 -10.042438
9.163937 -8.362620
10.204618 -9.425260
12.224407 -10.927915
9.617357 -9.450934
11.849540 -9.077044
10.701208 -7.938711
7.753064 -10.442242
3.205771 -6.178460
4.620282 -1.821952
5.187824 -1.209389
3.903534 -2.024127
3.961870 -1.957809
1.875760 -2.707287
1.728355 -1.080858
3.813327 2.010244
6.366699 -0.204371
4.418200 -0.047224
4.880179 -0.506159
7.161739 2.057012
6.979673 1.982127
8.609576 0.788939
11.214425 1.166786
11.210834 -1.840082
12.700316 2.237574
13.716424 -1.302918
15.162594 -1.108273
13.393116 0.765823
10.528549 -2.250957
11.068594 -0.732594
11.129709 0.761558
7.811380 0.568992
5.947558 -0.035703
4.669587 -0.514149
3.770073 -2.083557
4.674398 -3.472308
4.960276 -5.730499
3.452214 -2.085887
4.681312 -2.476963
2.281489 -2.403747
2.504568 -7.368976
4.224829 -8.918590
6.546694 -8.747723
5.179312 -7.103529
1.213040 -8.132716
2.678572 -7.350143
3.132834 -4.730896
3.772241 -5.052543
2.119546 -5.836544
5.691257 -6.055885
5.188580 -7.285913
4.312575 -6.953526
4.478732 -7.564772
5.776956 -7.069396
5.734492 -9.231610
7.931865 -7.971193
7.178963 -10.467473
6.445398 -9.651044
3.633152 -5.221626
4.232876 -1.274101
4.951357 2.362269
8.407352 0.197421
7.630040 2.416542
9.549919 0.115245
11.017508 1.014173
11.478611 -1.180603
12.074430 0.775699
13.018353 -1.441968
10.895615 -1.069887
10.643923 -1.892390
11.626638 -3.388545
6.885232 -10.063908
5.556891 -8.173893
7.432319 -8.443313
6.294670 -9.442334
7.985649 -8.756783
6.268219 -8.083224
8.306951 -10.104748
12.424492 -6.947893
11.836555 -8.447678
7.770528 -9.260639
6.989184 -9.779140
8.956501 -10.059608
10.284676 -11.914339
10.577518 -10.756797
9.689661 -14.412017
15.830199 -7.131168
17.235863 -7.323972
13.325380 -7.520116
10.483980 -8.336906
10.782065 -10.062650
9.050989 -11.794654
8.799953 -10.411939
7.249939 -8.680333
3.896810 -6.472509
5.082767 -1.706049
5.592940 -6.563864
4.818252 -6.199675
4.615443 -7.860547
5.230575 -8.257959
9.124035 -7.908391
7.746230 -7.882568
6.315414 -8.481444
5.445297 -7.641352
2.421474 -4.842468
4.789888 -1.337016
3.351171 0.529399
8.118884 0.638000
9.329972 0.321263
9.314785 -0.018480
6.591354 1.649958
4.538622 0.599564
8.205389 0.183270
8.974645 0.209957
6.908567 0.788869
2.331495 -0.395813
2.835717 -1.078892
5.030974 -1.151525
4.717328 -2.502932
4.427658 -1.755929
4.753853 -1.589359
4.030821 -1.801430
3.268915 -2.726503
4.125212 -5.484967
2.145775 -5.835386
2.988713 -4.747413
5.128533 -3.768865
4.362488 -3.018635
4.332090 -3.773329
4.458188 -7.292106
3.041787 -3.786317
4.280966 -3.754905
5.029925 0.509930
6.029409 0.087158
10.593200 -1.677219
11.244466 0.976397
11.231228 -3.411940
10.739959 0.114946
11.353539 -1.166148
10.733288 -2.661142
13.629364 -1.156342
10.689431 -11.338126
7.516414 -10.550498
8.833149 -9.694863
14.034864 -8.365500
12.276127 -9.906240
10.382310 -10.923387
4.901350 -10.075480
7.638400 -9.835942
6.089264 -8.957938
9.041812 -8.526059
9.039309 -9.395009
8.798370 -11.846145
11.863814 -5.897346
11.789552 -5.802030
11.068337 -2.236839
10.999710 0.170831
11.833193 -0.514331
10.773215 -0.919225
12.271146 0.125258
14.848619 1.861338
10.902853 2.857450
8.387206 2.064884
10.379947 0.547297
9.299400 -0.063241
5.162079 -3.075121
4.732650 -8.445285
6.564884 -7.981895
4.714150 -7.711576
7.969815 -10.324975
9.525632 -9.205184
6.242237 -9.098866
8.514221 -9.430356
6.738184 -8.684983
3.256400 -4.860451
4.632891 -1.153521
3.446285 -0.788406
7.258639 0.463676
8.492228 -0.062719
7.904287 0.166688
7.073023 0.256216
7.264433 0.611630
9.752716 1.480795
11.000942 -2.291387
11.241814 -0.582640
10.612797 -2.200996
14.541945 -8.075006
13.316727 -0.166446
16.099400 -10.405499
11.716980 -10.009805
10.493069 -1.325486
12.230036 -7.229097
11.596652 -6.041599
11.205260 -3.778826
12.215775 -0.489567
10.884098 -0.239608
8.970782 0.969656
4.676085 -1.401943
7.217300 -0.037035
9.048802 0.969116
9.971256 -0.087091
7.682494 0.336247
6.889391 -0.188542
5.725388 -0.038259
7.497343 -0.098730
3.308417 -5.013265
3.719939 -5.720746
5.185135 -3.870424
4.511662 -1.309004
4.227360 -0.382304
6.777102 0.104499
9.843069 1.402319
8.845863 0.566760
9.649415 3.203438
11.868032 -1.494430
10.573731 -1.255333
10.825071 -2.556097
12.303238 -0.617183
10.747212 -0.731682
11.501673 -3.553001
11.875782 -5.013415
11.757116 -12.869802
9.151508 -7.859754
10.541062 -9.858047
7.106982 -11.652900
7.341237 -8.288951
9.331332 -9.479450
7.872864 -9.410874
6.098886 -8.908004
6.573983 -11.727049
5.864491 -6.545058
7.815368 -9.538038
8.059009 -9.451486
9.433462 -8.792710
7.035573 -7.955412
6.432995 -8.609479
4.912042 -9.605456
6.101867 -6.229328
3.824131 -4.490664
4.867898 -2.987569
5.078526 -3.042658
4.883812 -2.841748
3.886652 -3.166139
1.632757 -3.374138
10.564356 -0.550219
10.602040 0.266638
5.932033 0.469087
6.669599 1.928972
6.170026 -0.070794
5.133770 -1.249161
3.096594 -0.160182
5.247106 -1.153934
3.537560 -2.526493
5.328202 -2.997049
4.493699 -3.738737
3.306692 -7.270005
5.901070 -5.758092
8.042217 -9.245255
7.127612 -9.251443
10.285698 -9.120318
9.132301 -10.304573
8.776655 -8.326471
6.572819 -12.339944
8.382502 -11.405772
11.790904 -7.082450
11.237114 -5.886817
12.385185 -7.943696
7.641444 -10.019909
9.388387 -8.048497
7.276635 -7.888120
6.809145 -8.620811
10.618423 -9.676704
13.662579 -9.638626
11.161957 -6.687715
11.823242 -8.360900
9.146964 -8.356826
5.026732 -10.250992
5.114640 -7.036777
4.848037 -5.308497
3.352000 -5.742583
4.385279 -0.439415
5.010268 -1.454107
3.551620 1.459546
3.113555 -1.559314
7.123606 0.908115
9.352355 0.210506
8.592264 2.273889
10.403387 0.837022
4.876238 1.618279
5.373625 -1.141470
4.648301 -2.654145
4.558812 -2.925778
5.055449 -1.863945
3.318141 -2.598395
4.503167 -3.637956
4.446823 0.735338
6.291173 0.721388
6.234269 -0.021936
5.112350 2.326656
3.083566 -3.275742
4.994365 -3.968233
5.343357 -2.655676
4.538089 -0.742002
3.848257 0.773588
5.343995 -0.808492
7.737016 0.255578
6.720448 -0.161941
11.214886 1.673478
9.732807 0.459394
9.964338 0.276803
6.820451 0.705519
5.947421 2.300613
8.516304 1.792630
4.501370 -0.049285
4.835209 -0.905474
11.195318 -3.699097
11.164812 -0.741316
4.910605 -5.165180
2.719439 -5.140938
3.986107 -4.291634
10.730331 -2.292056
10.517086 -1.276673
11.394428 1.598310
9.887096 1.880826
6.453682 1.283398
9.178093 0.159555
10.127768 1.387608
8.777141 -0.046762
9.046250 0.514056
11.537003 0.672824
10.738055 -1.056527
10.758820 -2.379192
11.630429 -1.819718
11.946831 1.022139
12.965719 -1.081000
