10.371300 -9.071144
6.820705 -7.977051
8.578281 -9.046123
5.612149 -9.539201
2.563736 -5.746816
3.275321 -5.394907
4.143383 -4.918517
3.642596 -4.379084
4.287090 -5.454490
5.161499 -6.001183
2.814835 -5.230361
1.401270 -2.259359
-2.373576 0.884215
-6.238816 0.648489
-4.651875 0.692208
-4.625420 -0.331565
-7.042444 -0.666571
-8.389538 0.671680
-8.623810 5.273141
-8.259420 8.431970
-5.397630 8.474834
-5.438982 7.867788
-6.758407 6.807707
-6.248339 6.965191
-4.523248 7.333036
-2.032966 7.958580
-2.411927 5.386811
-0.821087 4.825553
-3.211535 7.494362
-5.611778 7.018049
-2.785268 8.074137
-2.142350 6.009326
-1.879852 3.502326
-1.159618 2.998175
-1.212406 5.091737
-1.991484 5.482435
-2.646160 6.741480
0.589013 4.386476
-1.550054 5.201680
-2.077085 6.429687
-4.836371 7.572158
-3.271218 7.106255
-3.307807 6.859412
-3.300770 6.482228
-6.849742 7.391249
-10.237814 5.693539
-9.902050 1.610951
-9.551774 4.651530
-10.499012 3.720000
-8.982352 3.360536
-8.816115 6.398878
-8.945841 3.769770
-9.322980 4.914158
-12.941214 9.794657
