13.281689 -0.415546
15.178051 4.069311
9.451416 6.152651
9.516209 9.906117
9.735246 8.331795
7.681014 3.936040
9.669353 5.553545
9.751915 5.129587
9.361349 3.896175
8.752356 6.465703
9.662010 7.785819
9.153099 8.605436
8.083345 5.953867
9.210539 3.472705
11.973604 3.458236
14.109804 1.520907
11.757227 2.843811
13.254617 1.972282
11.112381 1.987850
7.899714 5.639109
8.739302 5.757125
5.314649 4.797904
6.346125 6.892655
6.576499 6.457418
7.345923 3.367451
11.784984 2.427510
9.629667 1.943861
9.269749 3.854710
10.793646 3.154568
11.049212 2.821087
10.558819 2.376889
8.846769 2.836368
8.875687 6.856936
9.258215 5.268271
4.907416 8.696860
4.651232 8.861522
5.952513 10.983155
0.320414 11.632372
2.468317 12.146864
-2.479861 10.316031
-0.926758 10.129772
-2.110259 9.396174
-1.767276 10.119084
-1.179592 4.485047
0.807823 4.838820
1.547467 5.423201
3.479231 5.717857
0.956785 5.065415
1.181106 5.133659
4.234507 4.665242
4.288429 5.732151
6.132194 6.892901
4.908217 10.705008
5.789920 9.739161
5.045443 7.454274
6.886620 8.908002
4.406507 6.768930
4.740220 6.732934
2.641228 3.533758
1.534489 3.951948
3.652882 5.617940
2.874478 5.655188
3.360177 5.710320
1.166215 5.794194
3.712670 4.903545
5.111301 3.125365
4.743786 7.381124
3.953575 4.416677
1.764732 3.720105
2.265046 5.050946
0.175418 4.718287
0.649482 5.953413
4.548180 9.641513
5.983809 10.717384
3.524360 13.542496
3.476397 13.564725
2.899714 11.606816
-0.136867 15.446933
-1.654480 13.294181
-0.766695 17.086504
-0.103803 13.144708
1.161889 11.042910
-1.870841 11.666791
-1.295775 8.940305
-0.742422 8.683466
-1.014419 6.116117
-2.028749 5.561102
-1.256644 7.028250
-1.151102 6.836290
-1.747093 7.699385
-0.686965 9.293666
-2.084719 6.425746
-1.127448 5.702309
0.855985 5.884496
1.414711 5.942483
3.735423 5.552373
4.404399 5.949749
4.826288 5.878346
3.939264 5.944855
1.936316 4.577130
3.069940 5.621955
-1.353170 5.844397
-1.583095 9.236078
-1.921106 10.703771
-2.153757 8.873368
3.871698 12.064187
0.207853 11.057693
2.006680 11.537763
3.428252 10.960465
2.058686 11.469626
3.909659 12.975509
8.005944 10.977346
6.397748 8.723997
4.959727 9.126683
5.334707 14.826423
2.054128 13.631849
-1.153350 12.687953
-0.693737 6.539336
-0.878467 8.100749
-0.959280 8.895478
-3.536070 6.525048
-0.780208 8.295557
-1.189066 9.788510
-1.397162 9.412781
-0.939630 10.871580
-0.179283 14.759859
-3.852486 19.104670
