-7.005778 11.676394
-3.788797 6.955691
-0.689373 6.377199
-1.702631 6.950434
-1.405819 6.608335
-0.600654 5.597270
0.259320 2.596110
2.890766 -7.437846
2.130646 -7.363460
0.419241 -10.135125
2.186840 -8.536774
1.988769 -7.646118
1.133141 -11.988069
2.878967 -15.473102
6.656337 -15.342890
9.612581 -12.050626
8.331501 -8.634512
11.017405 -10.196445
10.651169 -9.925118
9.800070 -7.442167
9.214069 -10.008716
6.843815 -6.786322
6.874910 -7.751544
5.748229 -5.239843
6.081013 -7.467624
3.054462 -8.197421
3.941409 -7.765202
3.266360 -5.575770
5.556415 -6.185247
2.405865 -8.370111
1.809198 -7.629564
4.909785 -5.760017
2.969257 -6.257051
2.472405 -9.099583
2.744108 -8.536160
3.195242 -6.631361
2.449536 -5.762497
5.104800 -7.708316
4.233345 -7.533403
7.552584 -7.516249
9.680688 -10.492502
10.213187 -9.219566
8.278725 -10.460351
8.166767 -14.006010
8.611695 -13.114635
11.963318 -16.552916
10.894194 -11.776612
9.239950 -11.199783
8.279224 -10.943562
10.071143 -11.631230
1.200000 -14.010322
2.297408 -12.295898
1.763107 -10.613626
-0.562734 -10.987342
2.051491 -9.668118
2.618317 -10.138738
1.924651 -10.649156
1.085787 -10.394519
1.580244 -11.598991
0.490575 -11.106644
0.977047 -10.072507
2.759145 -9.907784
0.543779 -9.097878
2.576245 -9.664738
2.539064 -9.761394
1.604168 -11.264007
0.972887 -11.751973
-0.367972 -10.722560
2.317791 -8.617335
4.685882 -8.055459
2.232679 -6.521346
2.697701 -6.722872
5.227025 -7.951560
4.795037 -6.957434
5.488980 -7.796224
6.362877 -8.117282
4.931784 -7.246764
6.024426 -7.705901
5.201008 -6.915854
4.963522 -7.850873
1.574606 -8.290715
1.152006 -11.049657
-0.289894 -10.089691
1.903195 -12.530803
1.043840 -9.796218
0.010132 -9.899587
3.807248 -7.341566
9.507887 -8.231715
10.776552 -8.823125
9.097442 -9.447518
7.876946 -10.724488
11.357780 -16.107576
9.079971 -11.247345
7.789222 -15.010302
10.732703 -11.654866
3.507267 -15.940074
0.623465 -11.680516
1.404827 -11.750705
2.391108 -8.737952
2.147592 -8.623441
1.044462 -8.587840
1.806563 -10.296001
1.559684 -7.728451
6.419578 -7.638495
0.496223 -7.482530
4.764429 -7.547651
4.296490 -6.815322
5.127717 -1.354762
2.852471 -7.597695
2.400799 -9.167953
2.069729 -5.356251
7.360499 -6.982588
10.802439 -12.289607
9.994309 -14.307200
9.200305 -11.128921
8.486857 -10.675466
8.358191 -16.473291
