6.468623 2.598952
6.436457 2.071146
7.198263 0.150181
6.990284 -0.911212
1.233447 -6.340940
5.878538 -7.567938
6.207601 -6.023461
6.033555 -7.736424
1.646022 -7.494582
-1.126453 -8.241714
2.265106 -6.768090
2.307217 -8.996435
2.710610 -8.994879
1.450377 -13.639253
4.168697 -14.068429
8.476439 -13.868745
8.234499 -11.874787
8.482081 -10.167848
8.685526 -8.774976
9.724268 -9.791800
13.766084 -12.965952
10.767065 -13.430436
12.106611 -11.723292
8.178036 -12.185946
10.949559 -17.171764
8.415460 -9.742164
13.772070 -11.613181
15.724984 -16.500072
