15.740851 -16.988531
8.791924 -9.243404
8.332660 -9.550201
8.419184 -7.149936
3.625351 -8.137819
-0.351505 -7.911745
0.816093 -9.853166
3.798271 -6.443271
4.269818 -7.217874
1.159177 -9.651404
2.805928 -11.676984
8.682981 -12.262807
9.230662 -6.988266
6.482916 -13.853043
6.797384 -16.644428
9.549914 -15.774110
8.094140 -8.360731
13.312249 -10.215726
11.524517 -11.959854
13.799157 -10.910167
10.102727 -8.910069
8.304995 -12.892922
6.340565 -8.010827
7.931637 -8.118107
8.710054 -10.047830
10.655594 -10.178638
11.159340 -14.660226
9.644341 -10.704152
8.827909 -9.798529
2.530758 -10.868985
2.273966 -14.026088
0.687784 -9.563048
2.761972 -7.388926
-0.334369 -8.112991
2.482804 -9.828690
-2.625954 -9.644198
-0.230200 -9.803432
1.855444 -12.234185
2.584270 -11.079701
2.821738 -11.506513
2.519356 -8.907218
4.307588 -5.000659
4.830557 -3.991056
6.134892 -8.053237
5.443847 -7.294230
2.925026 -6.506396
2.010683 -10.386838
0.461721 -12.024184
1.035413 -10.902785
2.824223 -9.813495
1.420703 -8.004266
2.547957 -10.851267
2.216797 -8.034871
4.454865 -7.610347
5.009401 -7.444345
5.581994 -6.622914
3.424775 -6.782763
0.597961 -10.790994
2.805630 -10.010497
2.225985 -9.798629
2.739923 -8.991136
2.047739 -9.044806
0.666022 -9.343760
3.121380 -7.940110
2.810259 -6.960091
1.812213 -8.429768
2.867957 -7.911698
6.530798 -7.024136
6.023620 -6.771635
2.873414 -13.580039
0.152640 -11.158084
9.120464 -11.385563
9.165510 -12.952245
11.118032 -10.297933
7.760238 -8.088723
6.642500 -6.779621
5.730065 -7.853962
6.063483 -5.687396
6.026384 -5.500006
5.030929 -6.479354
7.202836 -7.920928
6.849982 -8.025180
7.818138 -7.999975
11.625004 -8.489702
8.960595 -9.641410
5.670444 -6.411170
5.971367 -5.056756
3.420725 -6.625976
3.560305 -7.301456
5.769715 -6.309416
3.947588 -7.952601
-1.195075 -8.050193
-0.252136 -9.554243
0.911098 -6.825191
6.930440 -7.428896
4.819892 -7.763047
4.994689 -4.289227
0.925060 -7.556480
0.735356 -6.942850
5.234979 -7.347025
2.516177 -6.525639
0.685243 -9.017262
1.445261 -8.646653
2.145648 -10.686277
1.202561 -10.993577
8.074047 -9.405879
6.290092 -7.604042
4.626323 -6.569636
4.476498 -5.348700
7.842060 -9.511367
2.847719 -5.263513
3.141397 -6.945971
2.974392 -7.809767
2.624526 -6.436540
5.503031 -6.207890
5.299656 -7.088438
2.792336 -6.328976
3.776351 -7.990807
3.342802 -14.809226
7.929533 -13.666964
8.105477 -12.335238
9.423232 -9.007257
10.487514 -10.795517
11.421865 -11.386933
11.433888 -13.282609
11.080247 -13.896565
4.526950 -14.713103
2.040973 -12.922428
2.679274 -10.811030
2.577895 -11.709008
8.504210 -7.906282
10.315855 -12.956275
9.247501 -12.031053
10.425582 -11.008286
14.424184 -15.212992
8.059715 -8.424325
8.804784 -13.930476
9.792696 -12.935199
9.255447 -14.994988
11.179791 -9.514975
8.287407 -8.213901
6.698578 -7.945052
3.199855 -8.115078
-1.550927 -7.778556
0.009030 -9.125340
-0.664856 -5.392835
-4.820227 -6.221642
-5.693081 -4.167781
-10.090408 -3.925377
