8.034348 -12.277606
9.122476 -11.504140
8.827845 -10.142659
9.407482 -13.243646
13.560921 0.244284
15.342607 0.007494
10.578384 2.728441
9.679642 1.715163
5.516995 -6.481314
7.587381 -7.280907
4.466716 -7.694653
-2.012257 -13.510180
2.266690 -13.199712
4.064938 -13.379686
1.704342 -11.958171
0.695699 -13.918952
6.857038 -13.441484
4.011148 -13.202979
1.231393 -11.520554
0.684950 -9.861261
1.485616 -11.967434
1.784335 -8.411852
3.560488 -7.206189
0.839638 -10.815093
-0.298329 -11.074611
0.544686 -11.107088
-0.128660 -13.614510
0.108854 -12.486276
2.564781 -14.296839
2.316105 -13.320250
4.580405 -14.550318
1.277468 -14.694533
1.689562 -13.004741
2.419878 -12.232228
2.607220 -12.076514
-17.279778 -13.904831
