6.858100 0.901634
7.361557 -0.092596
4.882144 -1.049421
4.991935 -0.021996
6.614966 -0.327110
6.847497 1.040643
4.458348 1.206880
8.354240 1.486121
8.004004 1.309317
8.806351 1.701763
9.177645 1.856570
9.177857 1.600490
7.408325 1.299913
4.801752 -0.746079
6.709685 -0.432127
7.426751 0.776817
6.948910 0.705748
5.400177 -3.965556
6.289053 -4.753185
5.058662 -3.211283
3.253073 -5.422249
7.237000 -8.076482
8.050771 -6.988835
12.473528 -9.132329
10.765612 -8.524585
8.326611 -8.043470
7.687561 -6.930787
11.486397 -8.278970
10.813128 -9.880916
9.875957 -6.742075
9.223003 -6.730181
8.805418 -7.705247
9.904085 -11.075686
15.342163 -10.993756
13.050139 -10.032330
