10.891741 -15.922976
8.081301 -10.140756
7.895126 -8.067266
8.627314 -7.428739
5.972159 -7.646265
6.151381 -15.063352
4.140100 -13.384013
2.812635 -12.472279
2.722203 -10.188270
8.666784 -13.989648
2.498729 -12.069892
-3.474144 -11.108049
9.707465 -11.208268
9.739907 -12.510430
7.928886 -7.883533
4.289065 -5.833344
4.972885 -5.568038
0.138020 -6.573245
5.639781 -5.548537
4.981635 -1.664496
6.262855 -7.087399
6.290501 -2.501360
2.931188 -4.013275
4.067626 -4.551522
5.226130 -8.139461
6.513309 -7.411793
4.613140 -5.589293
5.404348 -6.403773
1.374743 -4.465322
-2.867026 0.773483
-5.305759 -0.025432
-8.067549 -1.137716
-9.705150 5.896191
-14.998724 7.027234
