-3.220802 -7.387662
-1.374844 -12.059496
2.555859 -11.012663
2.451115 -12.467537
1.577086 -9.165496
2.812025 -11.689668
2.810435 -12.299107
1.061798 -9.546462
2.962358 -7.637722
0.512013 -8.088679
3.454377 -8.100850
3.133782 -8.148961
9.793167 -7.136028
8.721975 -10.382295
8.835129 -14.580491
8.209956 -14.760840
9.281482 -12.399758
12.735046 -12.601002
9.217799 -11.683796
8.087802 -13.416036
8.846965 -6.799346
8.786098 -11.431178
11.423906 -10.993377
8.574570 -10.978127
10.015688 -9.895918
7.290766 -7.308127
1.545344 -11.689616
3.234109 -13.953319
1.979588 -11.981088
2.331394 -10.818627
7.034947 -13.663644
5.151905 -15.455277
7.517365 -16.800203
4.897305 -15.669044
5.444029 -16.874434
9.517036 -13.547523
9.099821 -12.341708
8.415307 -10.492969
10.007840 -11.225637
8.109079 -11.913672
8.064135 -12.902270
8.832749 -14.509431
6.157995 -17.203260
2.041830 -14.091016
0.935724 -14.033835
5.350595 -14.227083
6.919789 -15.376309
4.024379 -14.305963
0.604545 -11.714648
2.190237 -11.033681
2.797792 -9.237441
2.452723 -8.811982
0.924871 -12.988385
0.786221 -14.310407
0.276038 -11.843979
2.642723 -10.258555
1.766194 -13.904874
5.842356 -13.470309
2.474347 -10.145176
1.751669 -9.396604
3.418438 -6.902617
0.241039 -10.825160
1.635147 -8.406029
-0.201674 -9.361078
2.313754 -6.041170
3.492186 -8.162420
0.415948 -5.930861
1.245818 -8.555556
1.343221 -7.164562
2.553514 -8.618052
2.096972 -10.401876
1.583290 -8.061701
1.882043 -9.314196
2.705131 -9.917016
0.713824 -11.170329
3.518289 -6.530445
1.476846 -9.230863
0.416749 -10.599411
0.675810 -11.179736
2.193877 -12.887920
1.887488 -10.249026
-0.457884 -10.638383
0.386743 -14.690196
4.110510 -13.605245
9.132958 -14.685265
9.701244 -10.274153
7.947172 -11.366265
9.097023 -15.244440
10.328077 -11.578329
11.546631 -14.135620
18.309010 -15.862105
