13.550094 -10.079937
7.527593 -7.092444
6.365489 -8.005427
4.073496 -4.542260
5.358487 -5.675244
4.915138 -4.054184
8.033385 2.594774
9.071673 1.815017
8.429278 1.970199
9.967941 2.028909
8.260393 2.026242
5.218553 -0.152033
5.143089 -0.348532
7.202611 0.534478
5.943807 0.075059
8.319328 2.967328
8.390045 1.432608
8.339676 1.943930
9.077242 2.539321
7.143822 3.123990
7.375298 0.280845
6.124548 -0.766998
3.154827 -6.642150
3.735544 -7.923013
3.020176 -8.163917
1.871517 -7.657615
-9.572637 -0.449725
-9.789267 3.604650
-16.602133 8.581078
