-11.669730 -13.439768
-4.490026 -7.846346
-2.495087 -6.860919
6.284707 7.925128
5.899066 8.809692
3.973370 4.119670
9.233409 5.263237
7.827455 5.306520
8.051300 3.207360
7.262494 5.280147
3.440671 3.023952
6.238567 6.385374
5.432990 8.133090
5.681745 9.152518
6.496897 9.193937
4.268198 11.021461
6.586336 10.703282
6.810497 11.156041
7.577614 13.056114
5.858525 10.143324
5.087944 7.252568
5.042634 10.090652
5.766155 5.368144
9.151344 5.049746
8.592361 4.851060
9.132347 4.574105
10.212610 3.578508
12.549431 5.940006
12.367102 9.153688
12.939419 8.997629
12.729828 4.345633
9.495080 3.277252
9.905116 5.022218
8.671716 4.809756
10.146738 5.216511
13.095281 4.182331
12.115019 6.119072
11.356873 4.486962
10.973725 3.694112
11.495724 5.514935
9.553757 4.744961
8.083414 5.567398
8.666679 5.463383
7.928442 5.173079
2.787989 5.154574
4.780824 4.742304
4.634476 6.886161
5.817446 6.548066
6.075801 7.777431
5.770823 8.414010
5.703449 5.265707
7.139366 1.803955
9.683075 1.625574
11.717189 1.668154
9.659125 4.401558
10.434813 3.790646
13.291397 3.854636
10.977772 4.796907
12.131930 7.811231
7.701163 5.483102
9.050714 5.129711
7.815193 4.244215
12.298401 6.762546
7.117608 4.674640
5.664292 6.359179
4.463646 8.838663
5.209017 8.853121
4.993834 10.576557
8.964676 11.483875
10.200809 13.220851
11.204206 11.819925
7.645622 13.667690
4.662098 10.663264
6.072376 6.065331
6.360727 6.536815
4.566936 4.288750
6.103601 3.020430
6.407289 3.281668
7.286839 5.050556
10.185915 5.152386
11.013445 5.199698
8.433912 4.362949
8.644279 4.185207
12.814568 4.222371
13.103588 7.984197
12.662241 5.846941
7.207418 3.103381
7.574497 4.871830
9.158123 5.585804
6.374254 5.334027
6.309303 7.424381
6.016293 5.663571
7.281563 4.768580
4.755637 6.638469
6.319599 8.732371
4.168306 2.986484
6.483809 3.651110
5.077367 8.045315
6.341446 7.045803
5.252742 6.529600
6.232216 5.921182
6.578424 2.129060
9.368965 3.666576
9.134684 1.586439
8.640541 5.453950
9.084370 5.359158
9.044930 4.813709
4.532994 3.790523
4.681523 7.409975
6.556100 10.793054
10.016001 11.281859
7.261844 10.777477
5.081109 11.966482
10.743256 11.192363
8.170301 13.106496
5.847155 10.423736
5.785958 11.652574
6.135183 9.890507
5.587321 9.212278
4.645366 9.145779
5.948711 7.490395
5.001481 6.589384
4.973432 2.660743
6.815856 2.542891
7.023082 4.002195
9.808897 5.239097
8.932005 5.650933
8.643616 3.976333
8.719776 4.479373
9.723887 5.203018
10.257487 4.089961
8.472976 4.265763
7.847495 4.859837
6.621582 2.922491
10.979602 5.030639
13.949501 7.794144
11.935691 7.839732
12.876682 6.606149
11.732706 9.691557
10.380083 10.758002
4.524009 7.416244
5.405798 8.048656
5.518059 5.913399
5.694149 4.436486
8.804327 4.013594
8.190910 3.491247
7.892330 5.339345
7.624800 4.775120
9.751040 3.907552
8.467813 3.186620
7.319148 1.564071
8.786726 3.486492
10.852491 2.060402
9.706476 3.536404
5.363019 3.387918
6.184602 8.262034
5.199673 5.514441
6.689935 5.044461
3.796867 3.669030
6.107830 9.410701
5.642100 9.007070
5.552786 11.369746
5.273039 7.335208
2.947254 3.242424
3.063286 4.652678
2.948462 4.853902
5.241533 5.464274
5.673447 9.546831
11.827477 10.469710
11.970794 12.635215
9.337498 10.729180
4.755736 5.856760
5.891341 6.137384
8.294120 3.278139
8.136687 3.727922
5.863078 6.893020
6.429078 6.369821
6.352354 8.763970
9.253354 11.145155
7.920094 12.351957
11.149839 11.819375
9.021795 10.942702
9.603619 10.694929
13.238224 5.112103
11.999685 4.327830
11.936799 6.458651
10.321065 13.054900
6.102535 10.918023
6.089110 9.494844
5.931865 8.995044
4.951112 9.896152
5.837447 8.201155
6.518590 7.860603
4.820004 9.879704
5.630791 6.597586
5.097980 7.056816
6.464417 5.776805
5.939029 5.385600
12.431013 5.393495
12.042679 6.283861
11.744015 9.080243
12.251923 11.698466
10.609253 4.361615
7.975585 4.810128
4.992751 6.460325
6.524706 6.741241
3.967674 4.601865
2.272204 4.456012
5.773604 4.661735
8.640858 5.250319
12.788315 4.037398
12.996290 6.815432
13.377821 9.890420
14.885014 7.586016
11.055863 3.375543
9.313751 3.943482
8.622118 3.300839
7.674425 3.082650
7.946119 4.559290
8.150722 3.478319
9.918381 4.468268
7.518967 4.138104
4.175959 3.063467
6.493292 10.084460
4.846907 6.803237
6.413059 7.122820
5.911776 6.316475
5.191651 6.492312
5.635620 5.004518
8.682957 3.778511
9.025221 3.681980
7.484444 4.009573
9.448711 5.613780
5.940114 3.224704
5.886465 5.798318
2.364642 4.718674
4.055892 3.061553
6.102677 4.529370
7.912397 5.239014
11.944685 5.703755
10.576628 4.405249
11.279833 3.236283
6.892934 4.053290
7.123857 3.216068
5.515491 6.555480
6.702703 11.666256
7.606053 11.431304
7.317594 13.213829
6.214562 9.889555
4.894347 9.996936
5.659739 4.404362
7.304250 3.248597
8.286570 3.757516
8.638138 5.621024
8.118283 4.977306
9.138981 5.525978
7.035200 4.772852
6.202628 5.882511
6.333176 7.809165
6.326866 6.884849
5.123389 2.668732
7.470216 5.621460
8.361667 4.945873
9.379080 3.680374
5.334328 3.794524
8.795633 3.756531
6.591655 5.001238
4.920436 8.762466
5.195669 7.273147
5.630587 7.539626
4.791827 10.151545
5.984560 12.222330
3.495252 11.134048
8.739579 11.157459
7.032784 11.305165
3.450080 12.166382
10.930497 11.550319
10.236753 10.707488
11.234985 11.996223
10.647764 11.686395
9.740408 11.163930
6.171841 13.020806
5.678587 11.347316
6.187179 10.402202
6.336414 7.765902
6.506045 4.284273
6.882364 4.282699
9.692722 3.338359
7.855765 4.195892
8.358070 4.716529
7.280818 5.123567
6.375039 5.214907
9.696520 4.268642
11.869089 2.002750
10.855999 5.118309
14.051899 5.659019
11.569843 5.918649
11.577106 6.456824
12.873247 9.364242
12.752620 7.668699
12.319839 6.935139
13.406923 3.563944
9.397651 3.866926
6.745859 4.248609
4.641677 8.060881
5.656977 8.848470
5.968665 11.763294
7.923159 11.140059
8.989489 13.030386
10.191597 11.367052
9.710274 12.011789
14.220411 12.948850
