14.248619 13.447130
8.535754 10.694364
9.272047 11.409789
8.371332 13.605011
7.976339 13.905517
4.357900 8.761430
4.705971 8.115392
5.249074 5.760223
7.398068 4.525775
7.466515 5.294140
6.294167 5.141647
6.376399 6.590075
5.453700 9.350747
5.539940 8.798348
4.684237 10.707515
5.405111 5.928199
7.413631 5.029283
6.783618 4.177271
5.930096 7.633681
4.697797 8.395345
4.737041 6.146370
1.500389 4.239902
0.923161 5.595779
0.180175 5.731908
-0.588733 4.688170
-0.840976 6.134450
-0.331700 4.795342
0.814611 5.345697
-1.888547 6.293688
-1.686642 9.663824
0.239555 12.532043
-2.021137 11.103127
-4.701173 14.562621
