-14.578443 15.063354
-10.319867 9.513561
-12.200738 9.730948
-11.912482 10.053556
-10.739388 9.599476
-11.433545 9.242696
-13.154512 10.311480
-10.113086 8.721786
-9.507597 9.082650
-6.352216 7.977614
-7.736641 6.353716
-6.320876 8.676098
-4.093653 6.453999
-0.746238 7.228047
-0.821495 5.042436
-0.548215 5.785686
-0.733855 4.974665
-0.631376 4.834791
-1.698074 6.816063
-7.881966 7.502900
-7.245111 7.381147
-7.649688 6.953043
-3.928577 8.802394
-8.292728 9.253022
-10.111620 9.145104
-11.004463 8.746945
-12.503570 9.140580
-14.586341 7.629660
-15.394203 11.028032
-10.900967 10.961949
-7.631608 9.469491
-7.739717 5.655965
-7.460801 8.228717
-4.271272 7.797236
-5.738254 6.494936
-7.278626 9.431739
-9.314421 8.519464
-16.269135 10.642051
-15.785295 8.074436
-7.798271 5.712317
-6.715903 6.799427
-4.747542 11.111586
-4.538497 8.341540
-5.048153 7.729318
-1.193143 5.018120
-2.121960 -0.145879
-3.787160 -0.133218
-4.121843 0.886755
-2.130147 0.960231
-0.949369 2.038049
-1.614140 1.854205
-1.847060 2.353258
-2.131421 4.664768
-1.828251 4.018922
-1.952632 3.613145
-1.847621 4.153459
-1.404754 3.630411
-7.325688 7.150092
-6.823339 9.809962
-8.258078 11.473383
-8.101649 11.881238
-7.091327 6.361814
-7.915784 3.432150
-7.901321 4.101371
-7.033119 9.511653
-6.782286 7.072010
-6.877620 6.421966
-6.960280 6.428549
-3.575802 7.300858
-7.185698 6.449484
-5.356630 6.854273
-3.168604 7.334073
-7.195965 7.212106
-3.602647 6.409539
-3.132730 8.034912
-2.191111 8.502060
-5.096796 6.858641
-6.042415 7.456442
-6.349444 6.711425
-7.956162 9.462909
-7.721654 7.755946
-6.515744 8.462347
-7.604245 6.816603
-7.442621 7.425354
-7.889335 4.586307
-12.227243 1.575253
-11.318853 3.004286
-13.082548 3.470293
-13.984730 0.214998
-14.180751 8.165745
-14.055309 6.777956
-13.216806 6.554207
-12.878094 0.674614
-8.113926 3.331982
-8.283726 2.989468
-9.940468 9.287045
-7.875614 11.121556
-7.065202 6.678617
-5.529623 7.426909
-4.172975 6.950842
-2.065212 5.699226
-2.224455 5.261176
0.036329 4.512610
-2.017645 6.250337
-6.024825 7.391126
-4.565518 6.614619
-5.279148 6.732087
-7.013642 6.935554
-5.449741 8.218008
-5.323007 6.531575
-1.210611 4.134186
-2.382959 2.210627
-2.150446 0.942628
-2.231189 2.846035
-1.122651 2.196146
-0.278253 1.353696
-3.603256 7.038011
-4.052347 6.705922
-4.398229 7.177786
-2.839059 9.113580
-2.594869 8.797241
-5.670254 6.615416
-5.594895 7.534929
-7.285307 9.473232
-7.700393 5.971996
-7.616209 2.912338
-9.434856 3.452480
-8.175295 1.505258
-7.702729 4.854220
-7.664578 7.917367
-6.067761 8.140939
-8.232623 10.181604
-7.149515 7.301026
-7.379431 8.800264
-8.578494 9.838876
-8.253766 9.134183
-10.179160 10.005486
-10.255646 8.934007
-8.889288 8.598588
-7.945212 8.844255
-6.803907 7.045928
-5.363160 6.966379
-3.138918 9.060480
-7.469415 7.107408
-7.584123 7.081755
-6.760827 10.021447
-7.315427 10.780408
-5.633522 6.900782
-4.527886 6.492050
-7.688144 8.444456
-7.237611 6.381674
-11.187336 2.567762
-8.516448 2.435823
-7.519601 4.758248
-4.450281 7.430663
-5.571464 6.369214
-13.541033 5.001250
-14.483206 5.548568
-11.875489 0.772241
-14.525240 6.733374
-13.755896 7.502063
-12.629755 9.246505
-10.636087 9.673308
-5.097786 8.008327
-3.878540 6.966364
-6.321875 6.598553
-9.111082 -0.365044
-8.731056 0.840214
-8.623363 2.740594
-7.813643 5.761297
-3.870574 11.251281
-5.803492 9.205185
-6.850510 6.548378
-12.063251 8.692628
-16.204727 9.161770
-13.843513 8.931067
-11.023776 8.958630
-6.854192 6.873312
-7.819313 4.617271
-6.009435 6.690618
-5.844644 8.258559
-5.859929 8.890368
-4.724199 6.745406
-2.365999 6.526330
-2.112824 3.629747
-2.344536 8.014648
-3.581301 7.481305
-6.479118 8.102333
-5.976469 7.243037
-7.408000 7.607121
-5.409229 6.335716
-6.594294 9.002983
-7.267461 7.638788
-7.882461 3.991364
-7.671390 -1.709792
-4.459234 -0.201231
-4.718068 -0.019305
-6.584609 0.997171
-10.085524 0.520540
-12.451129 2.173910
-12.353258 3.070481
-4.283677 -0.099668
-6.392353 0.805356
-7.900076 3.757977
-7.467865 -1.155633
-12.054010 0.027831
-12.167444 2.152909
-8.771096 3.203088
-8.329421 1.424696
-9.287975 3.186343
-7.843436 5.893416
-6.124363 7.011623
-6.509869 6.805182
-7.346195 7.212230
-9.803869 3.485846
-14.430177 3.344103
-9.941656 3.337186
-12.400629 0.780120
-9.089911 1.480668
-6.130638 7.267796
-7.681730 3.892155
-7.830847 7.233089
-8.453950 8.512552
-7.725654 5.132709
-11.741577 1.988573
-10.837123 2.627321
-7.980316 3.312402
-8.193034 -4.393991
-9.656177 -0.638425
-8.532039 1.517616
-12.959784 4.115019
-14.802238 5.518331
-13.128481 3.012151
-14.940364 8.759826
-15.990345 8.797978
-7.078554 8.145450
-7.159310 8.454570
-5.738839 10.157639
-9.248253 9.664172
-11.447783 8.592134
-9.256748 10.450151
-7.623039 8.607620
-6.073809 7.815916
-6.660449 8.882022
-6.735043 9.669603
-7.162115 8.892359
-6.321416 7.582918
-7.363130 9.028703
-5.900951 6.950515
-8.019299 3.170630
-3.193718 0.729540
-2.001734 0.821386
-2.413953 1.486792
-2.492046 -0.741009
-3.291507 0.896217
-3.820786 0.834150
-8.172739 -0.357917
-5.162961 -1.757461
-4.556987 -1.282103
-8.496713 -0.760154
-7.560693 4.237817
-9.761454 3.208158
-11.361918 2.524371
-11.629408 2.429068
-14.782490 4.903615
-13.666679 5.621410
-13.678279 5.015415
-13.613976 7.118557
-15.335392 7.471636
-11.639326 10.055054
-12.178076 9.315154
-8.853032 10.911098
-7.721466 9.662314
-7.088527 7.566887
-5.307170 7.084571
-5.987745 7.845263
-7.051972 6.967354
-4.946930 6.455883
-8.379829 8.824669
-12.219414 8.982521
-8.098083 11.027087
-7.039162 7.117745
-4.841870 6.704084
-4.053192 7.378394
-4.542003 6.735044
-0.979952 2.362499
-1.264722 1.346528
-8.212336 2.656197
-9.193763 3.125519
-1.447254 1.812213
-1.940533 2.540440
-2.011159 3.947632
-1.467943 2.651602
-1.851090 0.001520
-1.228472 0.998424
-1.516801 4.574869
-1.560854 4.915670
0.408656 5.394367
-3.067356 6.445935
-5.310936 6.674600
-7.495811 7.205852
-5.917569 1.302624
-7.194243 -0.880695
-5.280046 0.743712
-7.239971 -0.333600
-6.294016 1.287929
-3.424395 -0.770356
-4.271611 -0.866633
-4.247170 -2.637219
-8.752065 2.795009
-8.870687 2.959240
-9.137285 2.966383
-8.882614 8.508929
-9.704563 9.849054
-13.815450 9.486092
-7.395826 8.462650
-7.284466 8.552045
-6.987909 6.476866
-9.356697 12.127810
-9.919497 9.706171
-9.887336 8.519050
-7.565269 3.518948
-6.554669 6.728621
-7.502884 8.577289
-6.940188 9.667351
-7.212914 6.381438
-7.853525 4.276942
-7.897239 5.504875
-7.530591 3.800234
-9.649735 8.828232
-7.634810 10.153306
-7.672198 8.372522
-7.264625 6.764944
-4.834852 6.346701
-6.526175 6.903664
-7.899189 7.038066
-7.571927 4.726408
-7.553694 7.181491
-6.271283 7.074958
-7.802223 7.101486
-7.202715 7.456153
-7.062144 8.203104
-6.974026 7.753759
-6.507380 6.582227
-2.954881 6.617754
-2.130154 6.472057
-2.399191 7.278416
-2.270640 5.239866
-0.789092 2.435796
-3.151014 0.837553
-2.289019 -0.031961
-1.545500 1.385321
-2.393172 2.127292
-2.044041 3.716725
-1.153428 3.299312
-1.189615 3.646229
-1.198010 4.623569
-1.857329 4.156756
-1.401425 4.222682
-2.412784 3.117938
-2.391145 5.859932
-1.761900 8.567195
-4.952525 6.696090
-5.540690 6.494744
-5.453544 7.087788
-5.772398 7.959912
-5.949958 7.342124
-7.603529 6.757874
-7.336271 7.077334
-7.651914 6.014296
-1.816437 4.589864
-1.068762 6.248743
-0.694477 5.865694
-2.082497 6.404938
-5.579355 6.831037
-4.919992 1.109905
-4.164872 0.332948
-3.579507 0.874517
-1.888118 -0.180716
-2.200059 2.190486
-1.700524 2.140920
-2.208177 4.604421
-1.095922 2.940658
-2.402953 2.655599
-1.826802 2.054444
-0.930798 3.579088
-1.957837 3.670077
-2.787085 8.669899
-5.352512 6.728333
-4.339777 6.453745
-7.279727 6.774590
-5.688972 7.973123
-6.563742 7.599493
-6.155573 7.001496
-6.703060 8.034829
-3.725201 6.546274
-2.540454 6.321352
-0.687567 5.920455
-1.303984 4.633996
-2.340565 4.478403
-1.578817 4.934675
-0.643438 5.474874
-3.065926 7.088137
-4.517865 7.872262
-4.160470 6.571275
-6.967072 6.920686
-7.777905 6.656093
-5.337639 6.732408
-7.243744 7.392452
-7.715078 7.866349
-6.160987 9.119165
-6.548592 9.074777
-8.595800 8.826564
-7.882668 5.113461
-7.548656 5.280280
-7.831733 6.098545
-7.432950 6.895068
-6.317562 6.730913
-5.253156 6.315783
-6.294895 6.517677
-7.210424 6.820469
-6.958843 8.878067
-10.577528 8.785253
-11.271922 9.066787
-6.856897 8.855901
-7.682418 8.623146
-6.230365 7.751348
-7.150631 8.264182
-7.782703 9.163338
-11.590757 8.717104
-8.170452 11.615195
-7.975003 10.571567
-7.736341 3.468032
-9.671775 2.332818
-9.373016 3.187794
-9.803083 -0.135375
-9.442832 2.911438
-8.451573 -0.463087
-9.345799 1.406015
-6.452682 0.748678
-5.519889 -0.516455
-3.327133 0.295362
-3.583714 1.123089
-3.103993 -0.917502
-7.939712 3.745191
-7.803053 4.039636
-7.573730 4.278432
-3.536260 0.423958
-0.757747 3.116757
-1.976742 2.337643
-6.109352 -2.310209
-7.146463 -0.573829
-6.869061 -0.048514
-5.767137 -1.957628
-4.481823 -0.425133
-3.854849 1.304234
-2.839485 -0.253589
-1.197944 1.660098
-1.054655 2.768569
-2.154509 4.277905
-2.274966 2.335122
-2.893072 0.776153
-2.104444 1.481052
-2.852017 0.850176
-4.603299 -0.097851
-7.117989 -0.095877
-6.512392 1.157897
-5.245319 0.996741
-0.597375 5.813691
-2.379398 5.906224
-2.937060 6.378418
-2.711641 6.812712
-2.260384 4.656443
-6.335215 6.444841
-5.957902 8.136296
-5.139314 6.746405
-6.563312 6.794949
-2.767642 -0.192313
-2.867280 -1.197003
-8.849133 2.329780
-8.657726 0.549835
-9.401000 2.413578
-8.528799 1.979476
-9.751352 1.904093
-5.794122 0.691423
-5.871910 1.250935
-8.180686 1.143556
-9.172850 2.671992
-10.161016 1.653960
-8.920794 3.146323
-9.114529 2.685322
-10.450262 3.430433
-7.365119 0.410769
-7.954645 2.178712
-7.535839 5.635786
-10.901546 3.035434
-12.419920 3.476269
-8.915824 8.548006
-6.795602 6.746191
-7.697795 6.172460
-4.947654 8.060973
-5.758214 6.314835
-5.133831 7.378455
-3.823279 7.798987
-4.852630 7.586687
-6.329455 7.157602
-6.755605 7.614515
-4.067969 7.809179
-4.815644 6.803608
-7.595705 7.176449
-7.594733 5.150895
-7.706520 4.589946
-2.378602 1.084015
-1.410032 0.791890
-4.108952 1.110577
-2.515136 0.378760
-3.405114 0.006141
-3.697397 0.590550
-4.924195 0.896296
-8.689785 1.368544
-9.285168 2.217103
-8.226063 3.349198
-8.882309 3.034853
-2.596731 10.387589
-3.494732 8.938748
-1.683750 8.123657
-1.339695 9.093703
-3.112825 7.568357
-3.403474 6.769589
-4.496021 8.028656
-5.139045 6.485580
-6.705948 6.521332
-6.775243 7.627356
-7.756680 5.890358
-9.423191 2.597531
-11.891321 -2.298860
-11.431587 2.799582
-9.607195 3.052957
-8.781946 0.562031
-7.364793 1.119392
-6.101182 0.085412
-13.536036 5.320416
-12.362099 9.810872
-12.715617 8.594160
-14.189318 8.795468
-18.717606 8.216312
-14.305710 8.954654
-12.351563 8.914863
-6.613178 8.890099
-5.835614 8.313869
-6.368974 7.934160
-6.102968 7.265038
-7.323996 6.586970
-5.070056 6.823863
-6.676918 7.542414
-5.167809 7.913547
-6.788887 6.531909
-7.081309 7.012212
-7.281952 7.726380
-7.277867 6.416067
-7.805575 8.240027
-7.428202 10.188263
-10.098306 9.606214
-6.542119 11.040174
-6.225486 7.056340
-7.797807 6.960349
-7.362799 6.562422
-6.509912 7.591533
-6.477725 6.788175
-6.191121 7.165009
-6.863019 7.038639
-4.091175 8.755526
-5.639837 7.426103
-7.890776 5.159067
-7.674682 4.837500
-6.597377 1.038728
-4.254367 0.645092
-6.271889 1.199078
-7.528336 0.636206
-5.224066 -1.629700
-6.527225 0.947719
-8.440310 2.682223
-8.910284 2.752077
-7.834603 1.025403
-7.739707 5.918609
-8.178602 9.425890
-4.246390 6.487683
-4.023994 7.042645
-5.012168 7.874434
-4.878032 6.384634
-8.353587 2.550143
-7.882167 3.535619
-2.257130 3.118775
-2.275610 2.935698
-2.080698 0.228050
-1.652712 1.772587
0.196787 5.012716
-2.213736 5.643203
-0.317184 5.681113
-3.946450 7.070654
-4.404809 6.712755
-5.780970 6.852307
-7.813183 7.698523
-7.586260 4.905109
-7.931397 3.044280
-7.930796 3.766148
-6.276706 7.426801
-6.951490 7.119875
-7.128098 7.069239
-5.459428 7.097141
-7.230290 7.372694
-5.360517 6.324756
-6.969477 7.372993
-6.869092 7.075713
-7.985719 8.556492
-11.714282 9.020497
-11.064143 8.553751
-7.577484 7.649683
-7.723326 6.988198
-5.738338 7.371603
-7.116252 0.012042
-6.234448 -0.986844
-6.224496 0.689503
-8.704281 3.114119
-8.176687 3.313646
-11.600339 3.338906
-11.988989 0.709979
-17.187510 4.797284
-13.506670 5.845623
-13.483915 4.315635
-13.122416 7.270278
-14.645970 6.834245
-16.272602 9.032402
-5.892632 9.472889
-6.195395 8.319729
-7.144987 7.673122
-7.647870 7.059492
-6.871358 7.131595
-7.687335 6.084902
-7.576040 6.599588
-4.239371 8.122413
-7.953691 6.386534
-1.041780 6.815428
-1.655779 3.971234
-0.730541 3.736960
0.087029 1.614385
-0.819210 3.965922
-2.150056 3.255041
-1.240334 2.862796
-1.524320 1.797388
-0.721435 3.143983
-1.928167 4.177898
-1.849461 7.514738
-4.005182 7.739704
-5.054866 6.369490
-2.354613 6.700956
-2.839033 6.414547
-2.714819 6.323861
-3.705047 6.748358
-2.731933 6.668657
-2.904057 6.885696
-2.330554 5.867417
-1.981858 3.591598
-0.735549 4.685171
0.624493 3.194093
0.193633 5.356914
2.488940 5.000824
1.962522 4.594764
3.340681 3.788737
1.279022 5.545378
-0.686134 5.964262
-4.968595 7.071258
-5.158117 7.307377
-6.305567 7.805065
-8.890629 3.281098
-8.122295 2.994991
-7.917135 6.739119
-7.215732 6.480549
-6.190137 0.802768
-5.940511 0.164701
-5.682590 0.652775
-7.919437 2.677740
-8.515349 3.347923
-5.225349 -0.944381
-4.618576 0.083032
-5.388776 -0.457382
-6.905911 1.002737
-7.551899 2.465240
-6.778526 -0.214484
-5.831759 -0.002784
-6.688344 0.975046
-11.269292 2.778816
-9.105560 2.670578
-9.920747 2.992400
-10.577364 1.864363
-8.354330 1.028685
-6.932231 1.065369
-5.372914 -1.144426
-5.328010 -0.374058
-4.191401 -0.230884
-3.835987 -0.074970
-7.499734 2.601462
-8.229122 1.315836
-5.552018 0.903757
-8.953141 2.983262
-7.531913 3.276849
-6.092542 -0.913480
-3.524163 0.699006
-4.064241 -1.089419
-5.470691 -1.935840
-7.649702 -0.396217
-7.143014 -0.285935
-8.289914 3.212373
-7.601190 2.438311
-7.903863 3.272595
-7.890562 2.121384
-8.214539 2.717431
-9.724800 -0.711639
-10.001751 3.160985
-9.481284 3.272160
-8.585663 2.405257
-8.843666 -0.021470
-10.108221 3.041903
-8.510742 2.408147
-9.789454 2.813918
-9.605326 0.426944
-7.534238 1.431839
-7.849992 3.943054
-9.183044 8.556998
-6.933800 8.722470
-4.517066 6.659641
-5.512888 9.510188
-4.013214 8.507528
-5.914499 7.519936
-6.855274 6.452803
-6.194660 6.595170
-8.862789 9.713555
-13.470141 10.349957
-10.266644 12.015748
-6.755074 9.746454
-7.366636 7.163044
-7.143836 8.384518
-6.127882 8.773308
-5.724836 8.926278
-7.861805 6.172909
-7.899300 4.313822
-7.824306 3.921349
-7.646787 5.291451
-7.508585 6.722109
-7.177811 7.493477
-6.870847 6.368291
-1.563289 3.950018
-1.380174 1.193511
-3.329052 0.797124
-2.040992 -0.390954
-1.902473 0.274367
-1.427060 1.165452
-1.635930 4.099365
0.104120 2.391357
-2.480267 5.037567
-2.412525 5.236273
-1.981359 2.023499
-2.233242 2.147292
-2.222699 2.731814
-2.271585 2.556196
-1.714880 2.377495
-0.837628 1.159942
-2.685366 1.210112
-3.459455 0.983719
-1.145226 0.989830
-1.058436 2.771024
-1.546292 4.267063
-1.693405 4.743597
-2.522943 6.827711
-3.619676 6.976053
-4.291231 6.534641
-5.363201 6.643801
-4.523791 8.488484
-5.796981 6.742960
-3.938915 6.568866
-6.958338 8.144478
-5.028399 6.316390
-3.583854 6.685754
-3.002956 6.341925
-2.825991 7.411067
-4.704771 8.247832
-5.201838 6.981722
-4.387982 7.168971
-2.560531 7.154474
-2.476946 6.027628
-1.787006 5.890453
-1.295079 4.538447
-1.189510 3.605509
-0.567219 4.184528
-0.494861 3.078585
2.975325 3.693086
-1.604710 6.322625
1.690084 3.064225
-0.024887 2.498568
-1.045913 1.730505
-1.896447 2.089682
-2.451114 1.552055
-1.468385 -0.383303
-4.534858 0.143683
-4.704859 -1.492940
-9.402996 3.166492
-10.211867 3.256888
-7.113316 -9.930634
-5.011623 -10.669128
-3.901153 -17.158062
