-17.055021 -4.289639
-13.459815 -0.737641
-6.516088 -1.995972
8.145313 5.627453
8.472844 5.474265
8.530829 4.339358
8.424749 4.263364
8.264816 2.783459
5.486122 6.712883
5.357319 8.893535
4.402386 6.264239
4.945988 8.906748
6.115225 7.255293
6.297997 5.655739
9.919401 3.641749
9.792538 2.808959
12.334529 4.525314
9.422685 2.214055
10.072271 4.615795
9.028963 2.864809
13.465637 7.115045
14.972934 11.871459
11.700888 12.242373
12.089145 9.998256
14.482330 10.861023
13.504446 10.749409
13.284485 7.806935
15.208958 11.253574
13.204428 11.403107
12.564976 13.596622
12.138189 9.184103
11.759494 10.601758
