1.009418 12.068361
0.717381 11.113518
-2.709502 12.205852
-5.371860 10.051856
-5.046576 11.247290
-1.028691 6.553772
-0.722882 7.898528
6.412902 10.842745
5.505758 9.174831
4.560175 7.365032
4.310196 5.267457
5.959452 7.142097
3.795671 3.823458
3.842633 4.411130
3.735113 5.787958
2.607732 4.910460
0.599178 4.785074
2.972363 5.365778
5.104629 6.151532
5.313650 9.484382
6.083526 10.033074
4.606842 10.194191
5.797105 9.561390
5.690752 9.249710
6.063457 8.524858
6.229318 10.021094
4.678599 9.322816
6.043464 8.436864
4.873886 7.166013
5.412639 6.165865
-0.906247 7.694967
-1.097339 8.481690
0.443260 11.679790
4.094915 15.738773
1.729058 11.671692
-0.810965 10.919668
-1.242444 9.790393
-0.735822 9.319840
-2.238904 9.467451
-1.281052 5.862364
-1.022051 5.160282
0.578211 4.047146
1.297821 3.362125
4.856632 5.712688
5.049306 7.960246
4.379816 7.311481
4.378252 4.973773
2.977807 4.504995
2.542792 3.336624
3.305677 5.026427
2.054108 4.820850
-1.181112 5.537532
-3.230330 7.744501
-4.074450 6.562438
-1.115507 8.111471
-2.710972 7.533275
-3.071598 6.533189
-3.562188 7.330067
-0.972656 9.437444
-0.771541 8.167162
-1.486008 10.019045
-1.259665 9.616864
-4.147173 10.002886
