12.683047 12.621816
9.321552 12.194341
10.164621 11.141325
7.831840 11.555613
10.980699 4.251276
8.290709 5.047010
6.419244 9.535420
5.960525 8.351998
6.009145 6.730247
4.947350 6.405789
7.455274 4.398804
8.211411 1.911679
7.944684 4.398392
8.943297 5.347895
8.395395 3.142641
7.111394 5.514381
8.768146 3.773562
9.674792 1.996140
8.902636 4.630239
7.643538 3.883640
8.281734 2.931777
9.212782 4.871212
8.154728 5.491191
5.153529 3.989778
6.052310 7.805040
4.776476 4.589563
0.531812 3.731587
4.409204 1.973573
5.316582 6.907967
6.634504 11.467170
5.744484 6.626153
4.928080 8.184900
6.198404 6.208295
5.822237 3.286678
4.696620 4.334925
10.118732 4.252448
10.298922 3.720472
9.204247 4.099019
7.914709 4.663948
8.882401 4.046097
10.255676 4.077935
10.416420 5.275312
9.046713 5.484235
6.222103 5.635269
6.243033 6.369839
6.076241 4.291252
7.794090 4.559354
9.054316 4.753225
2.093564 5.839118
5.917657 8.524547
5.395345 8.599930
8.392805 11.366211
8.580045 11.602648
9.302933 11.485978
6.189787 15.719300
5.689919 11.028511
5.297883 10.760409
8.008865 12.242420
5.189366 9.348547
5.411136 8.098397
5.092671 7.303591
5.439054 6.929107
5.734365 4.644353
8.814539 5.374792
9.799339 1.685031
13.639565 6.347462
12.429329 8.770465
11.925959 9.441696
11.782189 7.240843
11.503014 5.202478
12.029303 6.979144
13.361458 9.515553
17.507250 9.480137
13.449515 9.890151
11.998753 5.086196
8.838191 5.102926
10.455742 3.429079
8.812794 5.567399
8.828051 5.515019
9.326225 5.150007
5.870584 4.003866
5.123486 8.647687
5.665526 8.157389
3.699295 4.345283
3.660307 3.363681
2.415220 5.071670
2.700679 5.376926
1.560513 2.724519
3.729901 3.735718
6.664808 2.874080
3.853295 5.952289
5.316607 3.779591
6.094880 6.230047
5.897078 4.695173
9.015097 2.737405
9.706643 4.892109
10.458792 5.371736
8.263320 5.481386
9.604610 5.586111
9.973925 4.054286
8.946671 2.935046
7.409611 3.871881
9.068243 4.920010
10.987431 2.031550
12.506353 2.412316
11.645143 6.980728
14.613120 2.865946
9.340036 3.487864
9.767338 2.340742
8.241160 3.525506
9.056251 3.588418
10.079412 2.815012
11.709654 3.660124
11.999933 7.330595
14.437275 8.064902
12.091682 7.656148
12.900504 9.727248
13.445654 8.934665
12.650364 12.887301
12.750285 11.560231
8.447014 5.599388
9.656154 5.560542
9.026976 5.024080
10.525265 4.393851
10.201221 3.325007
12.203824 5.484315
6.785731 3.209420
4.767580 6.075975
6.311124 7.826805
5.254602 9.712644
6.275878 5.810932
2.797326 4.434494
4.018083 4.100960
5.573402 5.695597
4.336376 6.780867
4.815929 6.260396
2.492475 4.052511
3.093716 4.813862
3.613117 4.985347
2.949209 5.342795
4.667889 3.334553
4.627247 6.686651
5.383545 7.346333
6.182384 7.954898
5.928257 3.954186
5.371135 3.935242
7.286389 5.492190
7.788418 5.068534
8.188554 5.287988
9.905938 5.562047
11.473445 3.230176
13.355187 9.259288
12.933167 8.987918
13.700499 9.536063
13.977406 7.833924
13.162956 2.504184
9.140987 4.858691
8.912315 5.432075
10.187084 5.607666
11.627886 3.889961
12.309802 9.446732
15.683973 8.508499
14.990930 8.767584
12.190058 10.563856
9.152136 11.610100
12.668539 11.220281
10.262640 11.078315
10.779497 10.919523
12.852650 10.219375
12.636718 9.375986
10.956245 14.663019
7.595856 11.039813
10.640896 10.887225
15.703976 11.952139
10.359900 13.700441
5.938673 11.035656
5.685742 7.386301
4.929539 7.160739
5.544847 7.796039
5.460552 8.156940
5.531836 6.369591
4.486664 5.916433
7.870393 4.669774
8.616217 5.065948
11.486326 3.628660
9.372419 3.064496
11.759155 3.026510
12.333000 9.801854
11.503752 3.970287
15.247440 9.932815
10.663641 11.500558
8.422325 10.795835
9.464856 12.348657
10.719208 12.868738
7.746394 11.067510
7.295292 11.700103
5.839325 9.911847
5.071996 6.975856
7.185026 3.746852
10.144630 5.419273
10.087486 3.786605
8.624386 2.585281
6.596985 4.040608
4.947684 10.318500
4.538324 6.525500
4.984773 6.850933
2.091864 5.577205
2.807510 5.269049
3.297582 5.068735
2.674617 4.749022
1.499909 3.995864
-1.833846 6.852428
-2.283198 7.234984
-2.594479 7.196761
0.995805 5.597068
-1.600586 7.284611
-1.093218 7.286047
-1.279415 5.586287
-2.526479 7.023164
-0.073125 5.754699
-1.983369 7.621607
-0.048335 5.658843
4.366489 7.349289
3.459114 4.463405
2.444970 5.573259
-0.655606 3.679753
1.705794 4.124764
0.424033 5.748311
-0.622977 5.788266
-3.037184 7.084912
-1.440654 10.387006
-2.201408 7.899278
-1.029663 7.490911
-1.731733 7.979474
-1.159529 8.447215
-1.216330 6.095807
-0.039744 2.858134
1.969080 5.428381
3.517004 5.916946
8.082494 5.482076
8.907175 5.432891
7.812122 5.504460
6.981665 3.619068
10.463264 3.613147
11.881150 6.077833
11.626186 5.708661
10.588638 4.514573
7.895233 5.113530
5.657376 4.657440
5.335621 7.309519
6.227300 6.732345
5.634371 8.049512
4.461062 6.501667
6.507742 4.969451
5.535455 4.994233
8.900020 4.810927
6.763395 5.060689
5.358393 6.014890
6.039516 6.532785
5.729749 5.705310
5.541022 7.350057
5.051951 8.886311
5.148991 7.812021
4.642509 3.298591
3.394552 4.510876
1.723305 3.515656
1.861213 2.826723
3.515348 5.056672
2.823475 5.527330
3.611057 4.120059
3.177810 4.759424
1.203633 5.135252
2.018003 5.393306
2.658052 3.463750
0.869029 2.300527
-2.438091 1.471023
-2.329766 2.369276
-1.550738 1.655853
-0.132799 2.577256
-1.949148 2.009278
-1.726030 2.409382
-1.680595 1.238315
-3.876642 1.272901
-3.679596 0.624341
-2.870053 0.769897
-3.547013 0.641642
-3.564055 0.571579
0.736075 1.467296
-2.184815 3.020862
0.193719 2.196949
-4.994318 0.418131
-4.572924 1.136251
-6.748215 0.384194
-3.778226 -0.712966
-6.754067 -3.367413
-12.854618 -9.370214
