-1.136778 -16.229170
-3.561278 -9.019084
-5.260164 -7.832916
-5.328442 -4.394916
-3.792635 -2.273617
-6.941971 1.148860
-8.801331 -0.606096
-8.688480 2.247688
-7.802123 2.900073
-7.844268 2.752954
-8.692934 0.427733
-6.105334 -1.174661
-4.060980 0.830929
-1.579337 -1.477720
-1.941555 3.307056
-1.856478 4.620530
-1.022120 3.378656
-0.921981 3.569498
-2.032473 3.289054
-1.374481 2.078101
-0.157206 1.844722
-0.450985 1.312493
-3.221527 1.150395
-1.360595 1.093532
-1.293647 2.237031
-2.422109 1.515690
-2.264223 5.631198
-0.750145 4.733161
-1.616266 5.051580
-2.160915 3.650438
-1.449948 1.309008
-4.214670 -0.937377
-1.892887 -0.512842
-2.961567 0.284318
-9.541368 0.048459
-8.096921 -0.333903
-7.587935 1.164915
-9.069216 2.272815
-12.545735 1.556992
-13.858471 4.529205
-9.947239 -1.342006
-8.559818 2.380335
-8.465815 1.540028
-8.821306 1.354556
-7.795187 2.635537
-8.699135 2.403388
-8.552617 2.743852
-8.912050 -0.033646
-6.492162 0.594845
-6.808338 1.231907
-5.081795 1.086764
-6.267827 -0.099532
-4.209242 -0.306801
-1.204054 0.980157
-2.386489 0.309838
-1.665080 4.326224
-2.178511 7.073449
-3.199039 7.095631
-5.322097 6.837734
-5.546487 7.763478
-7.154212 6.501041
-5.895976 6.566742
-6.148468 7.066401
-6.845500 7.065744
-3.329360 6.730941
-5.192047 7.719953
-3.844745 7.090891
-4.809767 7.377900
-4.499395 8.514501
-0.629657 5.696546
-1.683563 4.891906
0.636763 5.586070
-2.395387 5.263556
-2.049846 9.065972
-4.244565 6.674423
-5.087961 7.444836
-6.232301 7.132330
-5.379061 6.344171
-3.810992 6.973179
-4.395490 6.369942
-5.348286 6.329165
-7.864935 7.996223
-7.557439 5.062747
-7.875712 4.902251
-7.848055 5.829076
-7.587035 9.106406
-7.681899 9.650142
-11.841328 13.333647
-11.742431 9.198371
-9.858123 9.038970
-9.344208 8.754901
-6.698886 8.581528
-7.911612 5.254824
-7.890350 5.913546
-7.734572 4.090040
-2.980748 1.100598
-3.299127 1.024956
-3.661001 0.131017
-2.438346 -0.771053
-3.862679 -0.075734
-5.872051 0.794989
-6.063775 1.044990
-1.959517 0.317229
-0.929483 0.954938
0.654698 2.068270
-1.080866 2.816911
-1.448489 2.929976
-1.191087 5.938637
-5.743830 8.002583
-4.091357 6.867714
-5.603192 6.369679
-7.036873 6.376835
-7.622837 3.599585
-10.868040 3.143476
-9.321010 3.033770
-7.621268 -0.583446
-8.206345 -0.384014
-7.683926 4.205562
-7.628820 3.336177
-9.803461 3.135772
-7.889358 5.473521
-7.698298 4.725451
-7.943546 2.616213
-6.119768 7.428684
-5.081121 6.983037
-2.859473 6.557111
-4.258138 8.095376
-2.099114 6.221997
-4.279100 6.813679
-2.367442 5.633524
-1.276636 5.596582
-1.103921 6.297513
-6.788672 8.235642
-5.985853 6.999085
-2.012640 6.709411
-2.265632 3.282512
-0.242462 2.103634
-1.390854 -0.133530
-5.052190 1.113690
-7.846307 1.170823
-7.850833 3.112144
-8.071733 1.633563
-5.463230 0.137874
-4.596617 -0.292691
-3.263207 1.273370
-6.580809 0.798597
-5.690199 0.165025
-5.815749 -0.070085
-4.816498 1.044266
-4.362922 0.441730
-2.699931 0.883671
-1.515130 2.541682
-2.439973 3.087471
-1.877625 4.484359
-2.028462 7.563588
-6.485686 7.411562
-7.259709 7.979163
-7.895236 3.930272
-7.700533 6.693409
-6.496070 6.620653
-7.716431 4.502828
-4.424720 0.829696
-4.089749 -0.029765
-7.969045 1.651222
-10.808984 2.575647
-10.257171 2.147048
-9.702466 2.863059
-7.933974 2.520712
-2.403625 1.186473
-2.430820 3.370109
-3.386564 6.397838
-1.300007 5.089952
-1.741303 3.566917
-3.353787 1.218105
-4.600193 -0.862040
-5.128489 1.082808
-4.992873 0.629426
-3.911070 0.742840
-6.540497 0.938592
-4.326508 -0.269444
-1.723091 1.750772
-1.240388 3.901754
-1.469918 6.649763
0.377442 4.977249
-2.238617 2.193718
-1.984962 2.715643
-0.142067 2.306123
-1.432027 3.835916
-2.196628 3.837269
-1.764522 4.918832
-2.302550 6.267845
-3.650991 6.984707
-4.587917 6.670380
-6.496574 7.114584
-5.954411 6.386455
-0.289036 3.316875
-0.113014 3.693070
-0.782789 5.320533
-1.889778 4.649832
-2.310407 2.184811
-1.962150 2.818759
-2.331108 3.915294
-2.392305 4.581769
-2.031966 1.959457
-4.669582 0.659060
-4.128126 -1.087512
-8.256930 2.657141
-7.829916 1.785741
-7.485081 2.761939
-8.817189 3.471745
-8.565671 -0.266103
-8.134405 1.790004
-6.323558 0.188017
-5.852715 -2.903867
-3.697148 -0.513517
-4.998644 0.802236
-4.130140 0.504603
-5.398628 1.279069
-4.848365 1.232690
-5.121469 -0.382930
-7.130773 1.306867
-6.755250 0.798100
-6.535021 1.018015
-8.048372 0.233245
-12.161303 -1.499195
-9.017578 2.989830
-8.590074 2.108164
-7.621714 3.925369
-8.728189 3.254847
-7.607929 2.353331
-9.586727 1.749984
-6.867503 1.048099
-6.041208 1.027444
-5.238642 0.909514
-3.242279 1.243413
-2.467615 -0.076970
-1.876565 1.409057
-1.504027 1.407249
-3.571295 7.054448
-6.383650 7.012402
-5.776488 6.446968
-6.446138 6.334996
-6.063179 7.314678
-6.781973 7.104398
-6.214984 8.708556
-5.386888 7.378434
-5.119927 6.977095
-6.304564 8.069328
-6.819105 8.767605
-8.375771 8.507614
-13.045886 8.937130
-10.083954 8.819356
-7.479815 6.677108
-7.876106 6.560971
-7.594595 6.880866
-7.637341 8.075471
-4.401531 7.194859
-7.119138 7.920130
-7.637226 4.955571
-7.564909 5.423620
-7.588270 3.884390
-6.917647 0.221413
-3.279248 0.648838
-5.650294 6.505670
-3.877210 6.471885
-5.914088 6.480167
-7.751277 7.537791
-7.635540 5.375306
-7.301912 8.820745
-6.934686 7.424015
-6.228477 6.571638
-7.184649 7.597213
-7.304442 9.302990
-10.179848 10.556476
-13.357966 10.548710
-14.168118 7.481890
-15.287587 7.048265
-12.227945 9.112761
-11.207142 9.488542
-9.060481 9.288938
-7.313436 8.147167
-10.113421 3.210554
-7.638424 5.468994
-7.895376 5.190187
-7.872803 5.175821
-8.078493 3.182129
-7.835215 3.621021
-10.566628 3.139124
-2.774436 0.332181
-1.898010 -0.121774
-6.251771 1.075039
-3.668381 -0.274424
-1.296784 2.509048
-1.807978 4.601118
-2.134994 6.196303
-6.626043 7.293180
-6.736462 6.678777
-11.654425 3.178061
-10.262218 2.644505
-7.601090 1.947247
-2.171862 3.664426
-2.472408 2.748539
-7.375113 7.103484
-5.678251 9.489869
-7.541261 8.025415
-7.632661 3.173627
-14.236040 0.235083
-11.126476 3.258769
-9.335804 2.236697
-13.109607 -0.046921
-13.072382 4.618485
-8.907248 2.779998
-13.674959 7.335214
-15.318579 7.501443
-10.991837 1.659575
-14.476463 6.168829
-17.008701 4.770646
-7.175607 7.999378
-6.786096 9.010716
-6.823049 7.364876
-5.286510 7.659402
-3.440332 7.438387
-7.767388 4.970311
-7.558392 8.753780
-10.687186 8.731109
-8.357779 1.661165
-8.161935 2.833518
-6.666941 6.386569
-9.035519 3.123348
-12.125622 -0.794785
-11.677855 1.897887
-7.491621 3.532364
-10.176119 2.893847
-9.174356 3.036780
-9.607703 2.688849
-13.953257 5.309220
-14.865506 8.730456
-9.723787 11.004203
-8.966537 10.264156
-11.962954 8.559237
-13.315156 5.375189
-8.981055 10.207382
-8.587997 8.679534
-8.905162 9.218011
-11.466305 8.842835
-7.214145 8.631167
-4.996717 9.142153
-6.080859 7.443000
-7.665890 6.734459
-7.639104 4.741901
-7.715250 3.489967
-7.782280 1.868743
-7.713929 0.491024
-3.480970 0.647290
-2.364018 1.117685
-1.528362 3.354882
-1.922936 6.097106
-4.150852 8.283626
-4.082517 7.910994
-6.114006 7.196002
-5.849318 8.034286
-6.800619 8.407360
-6.003496 7.151628
-4.919908 6.436625
-6.372657 6.477377
-7.222887 8.266391
-7.527192 8.506770
-8.890539 10.162464
-6.432779 9.518668
-5.726762 8.608614
-8.407762 9.707559
-10.454417 8.817271
-11.122346 9.498774
-12.383638 11.841868
-13.472817 8.146869
-12.119444 9.257745
-13.450918 9.568994
-13.836153 8.616526
-13.110966 16.260176
