5.329982 12.335505
8.845768 13.568578
11.569430 11.258460
9.430185 11.004379
10.311102 11.426286
12.111217 10.312016
8.389714 4.845435
4.217572 4.561433
7.144425 4.604008
5.259003 2.829183
6.193592 7.644076
5.613411 7.761556
5.264335 9.320441
5.506743 8.275032
6.117673 6.529554
7.071743 4.476921
7.626877 11.151150
7.778055 11.138638
15.944749 7.881260
12.432631 6.439309
12.971693 8.102254
12.467969 6.472649
11.268533 3.329755
9.812880 5.128052
8.751972 5.109417
8.063176 4.393355
9.254587 5.331375
6.241323 4.213920
4.981650 7.860870
4.805079 6.857305
5.610238 8.222459
6.206477 6.139781
5.169704 5.717655
4.150778 5.945512
4.099088 4.595925
4.726935 6.154831
4.917528 7.049417
4.572627 7.549553
5.143301 4.689844
7.821009 4.756779
9.233961 3.993270
8.550503 5.104480
6.231194 5.665294
6.171575 6.367071
6.317798 6.059647
5.950593 6.547438
5.401807 7.517594
4.896615 8.831758
6.342681 7.032257
5.745080 6.845544
4.432210 6.628988
8.307635 4.031416
9.145424 3.518438
8.551329 5.577397
3.360355 3.498432
7.760082 4.769861
7.491226 3.676201
5.387885 6.828216
7.518920 4.315199
8.736432 5.594779
7.637053 2.027707
5.686355 6.014225
6.967881 2.921778
8.364119 4.853661
8.197448 5.263179
9.935521 1.501794
7.532851 5.516226
6.504474 4.622507
9.762360 4.971049
8.233522 5.442153
9.268176 5.635205
10.053206 4.906308
7.399933 5.148720
8.149481 3.632947
9.556465 3.558475
10.191830 2.137056
9.640285 4.259475
8.211251 5.300517
10.244270 3.335768
7.769992 2.043495
5.554647 5.662704
4.675995 8.379041
5.446965 7.155704
8.573112 11.187851
10.102726 12.111202
5.783574 10.887613
6.403773 8.793042
3.809785 3.494200
4.467905 2.207266
6.926353 4.022085
4.517048 2.318532
7.206458 5.634686
6.154702 4.785726
5.694410 6.380573
4.458559 7.002647
1.385682 4.879660
-0.507450 5.660590
0.653120 5.844411
-1.230794 5.750547
-2.035235 6.096639
1.191010 5.395998
2.238027 2.988729
1.079659 4.818306
2.428369 4.358856
1.852842 3.453826
1.655412 5.436599
-1.034372 5.565332
-1.106287 7.469984
-0.811898 8.287857
-0.971756 8.336305
-0.833239 9.563988
-1.710821 9.313926
-0.880598 9.593693
-2.342175 9.127416
-1.106163 11.898411
1.896894 11.313904
1.035825 12.217527
6.590579 10.872288
4.439120 12.519052
4.754540 9.907089
5.112643 9.766546
5.475209 8.993043
5.168200 7.817214
4.444425 4.597593
5.592731 10.067742
6.451665 10.061016
4.669402 2.126631
7.900218 3.868885
10.995823 5.521839
12.309414 4.845452
12.862401 6.911459
9.385375 5.625684
11.517843 10.777387
9.895491 12.625486
7.236945 10.852052
11.719318 8.019764
5.635624 7.842574
6.236121 6.654563
3.690711 2.998442
6.292341 6.046750
7.123643 4.569092
8.404953 3.162677
8.314898 5.233852
7.332638 3.096601
11.119447 5.580563
12.455679 10.018654
12.362261 8.359209
12.749518 10.913610
10.460629 11.288989
8.391993 11.089572
12.295760 10.694768
11.600281 11.349066
8.791527 11.661314
8.857058 11.350509
7.041198 10.942824
10.413712 13.045040
14.079487 12.296392
14.587703 6.776314
11.925137 7.273327
12.532627 7.385678
12.057924 9.394680
9.278017 5.136516
8.628201 4.934595
7.636791 3.473496
6.220588 5.307300
7.573001 4.494394
6.975862 5.021757
7.822639 4.160242
7.300962 4.609930
4.939294 1.600897
5.604922 1.346480
6.339728 6.334262
5.637570 8.378943
6.163974 8.946071
4.674860 8.394773
-0.545194 5.541439
-0.490620 5.717842
0.676484 5.135434
0.840180 4.374464
-0.419506 5.073750
-0.988189 5.266602
2.670257 4.518519
1.356285 4.582945
0.727931 4.992116
3.863157 5.679427
5.767044 6.238383
4.323407 7.464994
5.000120 8.736940
6.270921 8.432103
6.133126 9.716503
4.757495 7.507688
5.086713 6.471278
2.287943 4.526618
0.704818 5.199040
3.105679 5.470616
0.782962 5.730889
2.290346 5.205657
2.625989 5.806391
-0.822504 4.989105
2.262805 3.936072
0.765795 4.172960
-0.174866 5.787120
-1.522353 6.021348
-2.750807 7.444475
-1.710866 9.776958
-1.149961 6.773859
-1.447611 5.035912
-0.174785 5.077956
-0.784312 5.972702
-2.554584 7.548008
-2.617194 6.930532
-1.630495 5.854927
0.893289 4.333502
3.161504 4.457980
3.576139 3.399678
4.372299 5.812998
4.839145 5.494132
2.288815 4.043789
4.520671 6.945360
0.615557 4.919984
2.941622 4.645337
0.445910 4.634041
0.618672 5.943581
1.188311 5.141684
2.638389 4.874063
0.669221 5.796689
-1.475229 5.866436
-1.241882 7.346378
-1.176529 8.140146
-0.752766 7.940956
-1.631502 6.377632
-1.635946 4.174065
-1.742056 6.606541
-4.488620 8.119812
-5.373855 7.200791
-0.972272 7.802997
-0.924403 9.578339
-0.892249 8.624701
4.774657 7.578931
6.102458 8.994494
4.381143 9.298755
3.665386 11.224277
3.055844 11.892368
3.265939 11.228285
0.471527 12.685904
0.089983 13.961833
-5.119675 9.866865
-3.157973 9.251512
-1.930707 8.299878
-0.881274 8.002234
-3.910862 9.145988
-4.907661 8.930642
-1.852291 7.720799
-1.297769 6.133459
-1.411667 5.816911
-0.955041 6.271862
1.155327 5.481734
0.810078 5.794193
1.107863 5.231142
1.776241 5.339322
2.941724 4.878207
2.224231 3.877881
0.796870 5.571928
-0.476861 3.343661
0.213455 5.784579
-1.187492 2.367636
0.000958 3.123443
-1.553838 2.583529
-1.644732 3.821330
-2.264692 6.210849
-7.861587 4.750287
-7.725755 6.536884
-6.605139 7.671776
-5.592979 8.632270
-5.338937 7.311765
-4.261857 6.504451
-3.211486 7.798100
-0.709427 8.651958
-1.441492 9.344110
-1.908926 9.132816
-1.759558 9.820006
-1.047115 8.560232
-1.151667 8.964764
-3.162374 7.423563
-0.296900 4.935078
0.211718 4.681970
0.090553 5.646998
-1.262033 5.242105
-1.147228 6.546243
-2.749372 9.868044
-1.798032 9.218896
-2.653330 8.842350
-3.183162 9.976563
0.807530 12.261967
5.000248 10.760346
6.739759 11.912658
4.775635 9.408062
5.027007 5.098553
7.683465 4.282537
8.771194 4.643650
10.485451 5.655437
7.811781 5.189898
11.753617 2.329941
6.548893 3.264629
5.934568 -3.615397
6.589553 -6.117605
6.868682 -5.711769
8.138707 -7.186020
11.102824 -9.190868
19.224522 -16.506823
