0.853911 -2.842865
1.368968 -0.325946
3.739478 3.982649
4.915490 6.326109
5.542325 7.400560
6.192159 8.732800
4.734799 10.690168
5.821890 6.978342
6.418719 4.384222
7.177572 4.653200
10.267220 2.001144
12.962667 5.049628
13.771185 4.540251
12.013084 5.489212
7.195010 5.202260
6.422993 4.758256
5.154738 4.676074
5.564170 8.229858
5.591559 12.482704
6.403895 10.770369
4.888463 9.066970
5.478898 7.374197
4.457397 6.109374
1.887479 2.581095
1.906797 4.751324
2.386905 5.141402
1.956379 5.455554
3.475696 3.920001
3.439469 4.141348
5.450830 5.443619
4.406756 8.638972
4.535377 6.997227
4.856791 7.505103
4.793281 4.289080
2.124408 4.981527
0.347561 4.197325
1.304698 3.697520
3.598415 3.771198
4.795412 6.759963
5.680679 6.614100
5.295687 6.590564
4.974792 8.739726
5.449336 6.753717
8.635496 5.655152
10.394787 3.453428
13.135121 7.571135
8.731779 4.568738
11.343864 5.497607
10.469976 5.455371
7.870625 5.099981
2.739424 3.020258
3.107866 4.599297
3.411695 3.922393
2.515272 5.768513
1.750162 4.597046
3.345780 4.286474
5.432739 7.320954
-1.029684 8.897477
-0.712979 6.151388
-0.944304 5.709093
1.932817 5.015026
-0.114743 3.793974
1.152595 4.472418
2.406955 4.092174
2.638681 4.828881
1.774890 5.765415
3.806375 5.309721
0.973283 3.936732
-1.777068 5.016868
0.037759 12.416129
-0.758913 11.872443
-1.028826 9.779816
-0.843441 10.261802
1.198056 13.394752
3.948720 11.148920
