-18.566586 18.009632
-13.962656 11.555186
-8.682867 9.045511
-6.393194 7.353540
-5.475355 7.135647
-4.173188 6.562575
-0.978051 6.250508
-2.829579 7.295494
-3.419072 6.489028
-4.801816 7.524629
-2.079186 6.366533
-1.899745 2.051791
-1.496604 0.109553
-4.639117 0.914224
-9.255331 1.532851
-8.773778 2.962768
-9.154939 3.003180
-9.125727 3.491700
-7.775088 3.028936
-13.247595 -3.130801
-10.453688 0.388068
-8.046124 2.361789
-8.803404 2.259847
-9.449653 2.041245
-7.527569 2.123586
-7.215173 1.039463
-6.595475 0.102461
-5.366261 -0.508719
-7.235050 -1.165024
-7.254250 0.864614
-3.802310 0.354472
-5.683137 -0.618657
-7.167624 1.297468
-4.498116 0.814643
-4.587106 -0.660301
-4.350443 1.169395
-5.191430 1.200054
-5.048511 1.092368
-5.042506 1.293710
-4.757307 -0.305998
-3.263800 -0.557775
-2.216525 -3.834402
2.174536 -5.990534
