-1.745743 11.541223
-4.737093 6.886108
-6.777819 7.158352
-3.214082 7.322237
-4.889381 6.399270
-5.356359 6.815893
-3.635539 7.233120
-4.720858 7.527810
-2.178552 7.328207
-2.351040 5.164768
-0.909766 3.566055
-2.097521 3.278245
-2.418048 2.773718
-1.081270 3.490247
-1.495095 4.203075
-1.969614 4.878507
-2.274413 5.922172
-2.600099 6.641855
-4.381868 8.316577
-4.999609 6.876838
-6.099723 8.470801
-5.593111 6.723990
-6.106197 6.546174
-1.572308 8.820376
-4.768767 7.294565
-4.799148 6.505957
-3.697682 6.469105
-3.244350 8.664969
-1.231091 7.083228
-1.257427 4.807818
-2.159111 4.754078
-0.199365 3.950161
-2.149009 1.781507
-2.030748 0.489674
-2.369124 0.517581
-6.000504 0.647823
-8.258666 0.615712
-8.226888 2.603215
-4.948837 8.716781
-6.987439 9.380207
-7.796477 8.070796
-5.280705 7.204011
-1.159661 4.754575
-0.581092 3.575482
-4.893700 -1.557459
-4.428050 -0.745471
-4.390106 -1.421798
-2.863799 -0.340110
-5.742429 -0.252261
-6.716314 10.860489
-7.333660 9.147676
-11.482852 9.444824
-12.559883 8.732079
-11.762012 8.916191
-11.351822 1.980644
-6.257918 7.897326
-6.290005 6.768654
-4.279584 7.350162
-3.623928 7.176869
-2.308785 4.729348
-1.905011 5.628416
-1.346988 5.699646
-0.452417 7.069456
-3.356724 6.417874
-4.100116 6.580294
-2.415187 5.716570
-2.019336 3.946087
-2.005624 5.134290
-2.162174 5.086185
-1.812506 5.848556
-0.783316 4.121647
-1.762532 4.166660
-1.019447 5.929927
-3.231293 8.084210
-4.335064 6.655817
-8.573735 10.556691
-9.853901 9.997893
-10.131119 11.008476
-5.639788 7.494496
-7.636789 7.335154
-6.955883 7.893514
-7.584705 7.536250
-6.395359 9.107409
-7.333552 6.617563
-1.802020 6.280341
-6.983318 8.061316
-6.294147 7.939603
-5.016519 7.680178
-6.696405 9.161213
-7.246175 8.273031
-9.545452 11.719937
-10.212186 8.840157
-5.802260 6.771076
-7.095960 7.633463
-7.259526 6.473859
-7.323074 6.482714
-6.135283 7.649112
-7.897480 7.513921
-7.527541 6.118152
-7.912293 6.612915
-5.930900 6.422029
-5.048545 8.496383
-9.040071 10.329118
-2.206325 6.172987
-1.955580 7.215773
-1.928848 6.431760
-4.567531 6.554578
-7.797694 7.158797
-7.298709 7.822214
-5.293422 7.423381
-5.257443 7.961795
-6.147268 6.917261
-5.369363 6.579535
-1.839869 2.425343
-0.117678 2.397195
-2.384363 3.035268
-8.300490 3.379338
-8.200883 3.115268
-8.961030 2.752013
-10.065241 3.086748
-8.681255 2.751275
-7.246544 8.321941
-4.005362 7.405411
-2.034603 7.408150
-3.301323 7.062473
-2.044454 4.734571
-2.427100 6.034800
-1.420930 6.096942
-7.181400 7.213673
-7.172861 7.610001
-6.461503 7.729432
-5.749954 9.988782
-6.359203 6.892680
-5.976750 6.792317
-6.793079 9.214824
-7.694767 10.358588
-8.414330 9.519002
-7.539500 12.055112
-9.467716 11.959643
-7.503639 9.306874
-7.440945 6.804700
-4.849082 7.912693
-4.130501 7.595052
-4.901003 6.628988
-4.518573 7.277003
-5.491361 7.181388
-5.146716 7.577931
-5.051667 6.969852
-7.843497 7.158978
-6.304069 6.844636
-5.726992 7.437363
-5.875664 7.839891
-4.667891 6.578873
-4.725634 7.550984
-4.319728 8.469983
-0.061787 4.969852
-0.603871 3.694525
-1.482674 3.770488
1.816649 4.829155
-1.061688 5.344256
-3.606000 7.355482
-6.101832 7.806501
-7.665693 7.120442
-6.519378 9.286591
-6.383408 6.429859
-3.964978 8.397138
-0.260249 3.415410
-0.921298 2.733117
-0.725862 2.540287
-1.216158 2.020978
-1.348271 2.923555
-2.341922 4.296302
-2.474344 6.063416
-2.017405 8.517833
-3.233367 6.629859
-6.084672 8.016814
-7.360909 8.731228
-6.546396 10.662292
-5.750343 11.023651
-7.861279 9.101018
-5.584376 7.029071
-6.640656 6.771699
-8.027831 10.093490
-11.169876 11.779150
-6.600776 7.907571
-7.098383 6.902434
-1.766279 6.224922
-0.351839 3.259090
-1.677407 1.800607
-3.190795 0.924495
-2.887609 0.130433
-0.705501 -1.043590
-2.197257 2.652133
-2.338184 6.656211
-1.601864 4.381319
-7.338850 6.482773
-6.152644 8.745189
-4.627180 6.945338
-5.164505 8.154913
-5.437413 8.533003
-6.639888 8.343844
-5.430034 8.646232
-4.594480 6.657712
-4.207855 7.021694
-9.305329 2.786358
-8.846982 2.266542
-9.097683 2.161315
-10.016496 -0.568822
-13.043447 -2.572169
-13.056730 -1.190954
-6.160056 -2.597453
-7.881410 -4.508343
-4.214215 -2.650258
-9.423677 -2.224409
-6.782359 -5.112396
-7.184317 -6.514835
-7.892516 -8.369201
-7.824205 -7.940809
-4.027565 -7.775864
-6.072222 -2.334777
-6.647105 -4.205446
-7.719675 -3.855964
-7.864889 -3.807292
-6.112606 -4.387165
-6.242287 -8.370097
-9.106512 -10.176997
-12.088245 -9.221783
-9.585165 -9.580430
-11.133265 -8.113676
-11.397083 -9.142879
-7.223386 -8.694075
-5.849344 -6.414449
-6.172297 -8.887215
-7.576184 -7.224205
-7.547966 -8.937282
-8.383259 -8.493670
-6.642225 -8.683782
-6.941504 -7.038451
-7.815254 -7.008175
-8.698252 -1.298841
-8.991666 1.388929
-8.236874 -1.364772
-6.910958 -5.299807
-7.181522 -7.975534
-6.514517 -7.392964
-13.085382 -5.856282
-13.206369 -5.632271
-11.761656 -1.037436
-14.119455 -1.454079
-14.730970 -4.235366
-11.914783 -1.278293
-10.021700 0.794159
-10.916524 -0.540115
-9.258812 -0.759599
-7.352856 -2.220422
-11.384371 0.040472
-10.082184 -1.209809
-9.904580 -2.227148
-15.057276 -1.969236
-13.640150 -7.499634
-15.355089 -7.301952
-12.912489 -8.273833
-8.257390 -8.550664
-10.449382 -10.257817
-9.620992 -9.618085
-11.043253 -9.242075
-15.359926 -8.432424
-13.119226 -3.219194
-10.824391 -0.598624
-9.224920 -1.717251
-8.353298 -1.982231
-11.721860 -1.634547
-10.578863 -2.630457
-7.794784 -2.640353
-7.471724 -4.014224
-5.715259 -6.747665
-7.697900 -6.712480
-7.363455 -5.449646
-7.560197 -7.324192
-7.535338 -9.193352
-8.255079 -8.399877
-9.046956 -8.692193
-9.813899 -9.708182
-7.080805 -7.444701
-7.747103 -6.913588
-7.460192 -6.108283
-7.169025 -7.645404
-8.227454 -8.250193
-8.662911 -9.115446
-9.292310 -8.306550
-8.020980 -8.346740
-7.197392 -6.644722
-7.797613 -7.006747
-7.431536 -5.989192
-7.070823 -6.754969
-6.562101 -7.269996
-7.015460 -7.585323
-7.136960 -2.820833
-8.324274 -2.093301
-11.468016 -2.192687
-12.852783 -2.897517
-9.836051 0.960767
-16.814848 0.433664
-13.277870 -4.236021
-13.454845 -4.929962
-7.859385 -4.614904
-9.565603 -2.683195
-7.959914 -1.055079
-9.174501 0.553602
-6.113079 -1.140134
-6.247909 -3.045419
-8.319177 -3.004132
-9.125187 -2.655095
-9.660210 -1.445309
-9.117099 -0.638941
-7.338582 -1.914532
-7.432931 -6.966378
-7.426080 -5.304704
-6.915081 -8.801341
-7.134978 -10.646913
-11.699646 -9.086667
-13.593737 -7.422915
-8.763060 -8.086644
-9.237913 -10.475892
-7.040742 -8.976024
-7.360067 -7.985235
-6.983943 -5.682812
-7.562687 -6.977384
-7.758009 -9.225783
-6.759081 -8.865449
-6.379478 -7.084466
-8.253555 -8.360641
-9.818305 -8.135837
-11.351813 -10.497880
-12.976814 -9.061927
-10.142707 -2.965080
-12.361458 -1.759233
-12.900434 -2.382894
-13.823257 -5.492862
-13.029184 -5.422472
-13.087791 -6.514200
-13.767208 -2.160583
-16.181862 -5.886402
-12.944492 -5.373732
-10.565155 -9.372351
-10.950089 -9.022002
-7.921967 -9.460591
-7.680724 -8.139615
-7.412038 -5.921483
-6.399321 -6.957573
-11.663448 -11.683597
-12.913343 -8.648301
-12.129065 -10.232394
-14.275893 -12.323989
-8.703489 -8.760112
-6.127386 -7.524993
-8.470678 -8.985456
-7.630128 -8.369885
-6.798773 -5.305747
-5.013855 -8.329087
-6.919728 -8.931549
-5.381390 -8.532715
-5.662504 -8.062188
-1.448597 -5.320801
-8.432488 -2.494813
-8.801437 -2.936769
-9.095556 -2.960996
-5.922530 -2.188085
-6.833162 -3.873276
-7.100255 -6.363269
-5.919555 -3.449697
-7.130270 -6.971462
-6.318035 -9.389762
-8.047236 -8.657307
-11.711201 -8.282274
-8.482294 -8.210508
-10.293381 -9.005095
-7.078165 -8.446494
-5.227088 -6.821103
-5.565582 -6.650620
-7.492150 -7.774394
-7.123983 -7.265465
-7.269133 -7.925474
-9.232882 -8.996780
-11.268056 -9.022408
-14.855534 -13.452989
-16.030294 -18.606565
