-18.085287 -11.553682
-13.152451 -7.184676
-13.103163 -9.966308
-6.307228 -8.471808
-5.760845 -5.998103
-8.059564 -8.582181
-7.550873 -8.902118
-4.645303 -8.480245
-9.146420 -8.341355
-10.889736 -11.405057
-13.665810 -9.035769
-13.483339 -7.007917
-14.257287 -5.004085
-13.979425 -2.603156
-10.120359 -2.447906
-10.231262 -2.497429
-9.741730 -0.762420
-10.361260 0.083661
-15.993940 -5.312375
-13.897162 -1.108168
-7.351574 -1.970633
-7.712343 -5.078985
-6.407063 -4.605016
-6.577878 -7.066963
-7.895833 -7.825756
-7.516665 -5.065917
-7.431087 -4.989606
-7.122837 -3.110700
-12.873940 -1.441410
-14.234507 -1.985694
-13.084163 -1.574605
-7.400665 -2.764545
-4.480064 -0.757789
-6.161397 -5.095098
-6.282703 -5.755863
-5.789964 -6.656821
-6.933979 -9.458324
-10.028931 -8.018596
-11.470880 -10.256897
-9.757205 -8.050096
-9.161145 -10.680320
-6.379685 -7.515457
-7.405702 -4.661676
-7.599058 -5.869487
-6.325804 -8.799439
-8.734817 -9.326422
-10.828335 -11.289128
-7.649172 -7.883823
-7.668319 -4.885353
-7.231078 -5.280706
-3.543591 -3.002064
-6.994994 -4.963296
-6.930769 -9.957871
-15.482771 -9.253657
-13.777044 -9.182185
-13.414600 -7.496124
-14.499415 -2.786880
-13.897707 -3.741816
-13.689821 -4.174408
-14.422028 -0.220804
-15.441240 -5.217564
-14.494724 -6.843998
-12.364332 0.195118
-11.015394 2.312827
-11.095253 -2.061286
-9.795887 -2.804618
-13.825154 -2.697800
-13.133586 -5.731833
-7.571916 -6.418745
-6.235043 -7.230052
-6.947566 -7.083876
-9.245905 -10.192246
-9.625353 -9.753288
-7.783933 -9.683046
-9.655693 -8.473875
-9.057423 -9.612308
-11.600079 -10.413418
-7.052231 -7.876038
-5.906706 -6.281284
-7.735689 -5.690074
-7.128974 -5.012079
-6.868114 -7.691873
-5.518113 -8.680074
-10.995903 -8.222854
-6.231439 -7.946341
-7.118203 -4.521704
-7.499463 -6.129871
-7.057809 -8.485904
-7.786727 -7.014053
-7.739872 -6.276951
-6.297431 -1.477029
-6.461411 -5.287455
-6.944953 -4.779959
-9.364671 -0.288010
-11.429749 -2.199782
-11.904999 -2.551802
-11.525452 -2.534621
-11.374133 -2.506317
-8.852623 -2.228372
-10.248850 -0.580026
-8.539803 -0.840876
-9.691687 0.318633
-11.218979 0.180247
-12.573660 -1.185889
-13.653675 -5.426950
-13.091156 -3.024080
-11.808180 -1.735110
-10.172466 -1.895092
-8.370729 -1.297871
-6.967299 -4.034225
-5.770413 -7.341664
-7.294828 -8.304531
-6.854285 -7.652448
-5.798478 -7.471020
-8.008406 -9.763005
-8.501732 -11.327588
-12.468660 -8.227445
-13.094207 -6.702195
-12.159487 -8.763102
-6.672226 -7.932151
-7.340702 -6.589082
-6.804853 -7.105818
-6.618275 -6.285810
-7.321384 -4.026968
-6.526004 -4.445246
-7.636838 -2.883018
-9.229362 2.686045
-8.481736 -0.151595
-9.421752 -2.765266
-6.497564 -4.175837
-5.313971 -3.928097
-6.867651 -3.286120
-5.655497 -5.786201
-6.280205 -6.856664
-2.978935 -5.643871
-1.524279 -3.118243
-8.446049 -2.892682
-10.144341 -2.180073
-14.695775 -1.666447
-14.810941 -4.408920
-13.561707 -5.345272
-15.138291 -3.811543
-13.936859 -0.317581
-9.516950 0.174684
-8.021148 -1.552405
-6.863337 -5.671926
-6.780830 -6.219139
-4.973270 -6.386919
-5.789205 -4.906747
-7.814752 -8.236066
-10.969277 -9.480399
-10.085738 -8.111037
-12.517694 -8.049779
-7.785081 -8.724133
-2.687765 -3.832380
-7.759100 -4.468325
-7.471087 -1.920276
-7.065123 -6.484962
-5.889522 -6.893636
-6.559343 -4.694233
-8.056591 -2.806379
-6.812269 -2.106545
-11.318463 -2.619646
-7.433790 -4.925175
-8.002777 -11.286729
-5.744206 -9.797399
-8.792809 -8.812384
-9.881147 -8.833537
-10.829319 -8.450961
-10.383455 -10.137719
-15.040447 -11.340971
-13.543579 -8.096498
-12.141639 -9.270202
-11.781025 -9.139098
-7.571598 -8.235200
-6.305959 -6.316598
-7.767857 -5.939650
-6.105003 -7.030876
-6.246793 -6.216543
1.924663 10.111868
4.641942 17.905682
