13.089996 17.204060
4.496886 13.353896
3.870146 8.376340
2.326580 7.386576
-1.734054 8.115024
-2.123317 7.767128
-3.261102 7.510985
-2.735457 7.240396
-2.071940 8.802590
-2.446825 5.173947
-0.679298 3.041547
-1.345671 3.617838
-1.685369 6.955201
-1.246543 5.567872
-1.981550 2.295110
-1.831918 4.746926
-1.614691 4.963859
-1.186538 2.517465
-0.611842 2.588915
-1.707229 2.255481
-2.336520 0.334151
-2.397115 0.577591
-4.025715 0.835505
-3.032471 -0.282737
-3.899582 -0.273366
-5.029976 -0.274490
-4.226773 0.404761
-4.114907 0.608624
-1.845399 0.086866
0.905407 2.682665
0.339845 3.154506
-1.913833 4.752945
-2.884966 6.515053
-6.411084 7.325533
-4.847269 6.607403
-2.808414 7.409420
-1.458463 4.809300
-0.665102 5.371763
-1.833458 7.335682
-5.151654 6.600454
-5.310825 7.797074
-5.074317 9.221098
-2.062272 5.998781
-1.645208 5.944978
-3.730211 8.086582
-5.296389 7.826908
-4.364948 6.392216
-4.684990 8.159469
-6.166244 7.117692
-9.377619 9.938524
-14.150428 13.111444
-11.098376 10.311316
-9.990751 10.478330
-7.182833 9.017167
-8.076734 11.344719
-7.108891 6.724430
-6.554219 6.567456
-7.753780 6.145353
-6.172117 7.684422
-3.628606 7.027989
-6.307648 6.756938
-8.875252 2.959117
-8.299223 2.563398
