-14.556122 -18.846931
-8.041987 -9.375131
-3.611463 -7.842623
-2.081072 -7.668116
4.620792 -3.067281
5.225089 -2.626335
5.023981 -3.169762
3.932390 -3.218227
3.617260 -6.457234
3.517380 -4.681766
9.247088 -6.465168
9.786772 -7.214195
10.929414 -7.975770
10.360659 -7.780330
8.931650 -5.737017
8.522566 -5.734129
7.140799 -5.979980
9.004137 -6.057936
9.291178 -6.276503
6.179216 -6.366348
4.426807 -3.548451
4.727469 -0.911533
6.043611 1.621901
5.701558 0.834171
4.413124 -1.763906
4.788528 -4.497289
5.125749 -0.743685
5.590050 1.029191
6.997859 0.708213
9.869681 0.362729
9.033172 0.897687
7.408289 1.581148
7.257574 -0.063184
5.885400 1.805189
7.757165 0.892461
7.184309 1.471385
6.739742 0.521850
8.552004 0.435441
5.529036 1.023964
4.646030 -1.319273
4.408317 -1.560340
5.420533 -1.694571
3.581964 -3.507183
4.983911 -3.944614
3.765935 -4.717552
4.840696 -2.677805
4.603590 -1.658444
4.949649 0.090565
7.450002 2.444093
9.619722 0.841620
8.642408 0.299307
9.682332 0.517383
6.978579 0.671236
7.594826 0.339190
6.709383 0.003585
8.190880 0.405673
6.625733 0.704906
3.966127 -1.003919
2.633412 -1.837130
6.267991 1.700488
6.130080 -0.107270
6.860361 -0.202068
9.750051 0.602020
8.719711 0.214653
10.258894 1.527442
13.181123 -1.135551
10.833104 -0.785075
12.828316 -0.539751
10.953210 -4.777891
