-11.623350 16.596870
-12.910248 10.549047
-6.203867 8.879810
-6.603009 8.551013
-7.538042 6.632873
-6.860867 7.828742
-7.579812 6.710408
-7.260953 7.117425
-7.571694 7.110800
-7.742681 7.503249
-6.877170 8.540343
-7.668497 6.842051
-4.122192 7.620992
-5.809108 6.838180
-4.720235 7.489846
-5.558969 7.336407
-7.568473 6.438253
-7.774255 9.097267
-8.381357 9.444415
-11.529963 12.693982
-6.792314 8.347024
-7.444149 7.907734
-7.310054 9.411988
-8.226279 8.800159
-11.713784 8.747426
-11.391118 8.980576
-11.829376 10.664332
-7.691010 9.147778
-7.018728 6.408694
-8.795201 0.588920
-7.419361 0.042616
-8.669130 -1.836938
-9.266279 2.991653
-6.620016 0.170938
-8.618080 1.950797
-10.503592 3.142750
-9.090881 3.384724
-8.412325 2.847099
-2.355431 0.180958
-3.804581 -0.077371
-5.492562 -0.029246
-6.449620 0.468370
-5.248275 0.723904
-5.590202 0.764386
-2.155229 3.165184
-0.722059 2.660002
-2.347709 2.709664
-1.794742 1.558808
-0.969700 4.110388
-0.886310 4.421826
0.873659 5.734539
-3.694606 6.626501
-5.429725 7.516090
-2.950963 7.093719
-5.652970 6.884067
-4.997002 0.795408
-5.312970 6.489244
-3.373247 7.357851
-6.459957 7.757241
-6.014291 7.140146
-6.972231 7.895089
-4.535476 8.278628
-1.564498 5.981655
-2.379298 3.401091
-4.561186 9.874489
-2.244060 9.640237
-2.868886 8.505300
-4.955379 6.973051
-6.251521 6.860455
-9.571562 8.945034
-8.965423 8.888528
-9.421986 3.314714
-11.382174 1.178130
-8.396433 0.182306
-8.959997 3.272182
-7.917927 -0.054788
-6.264633 -1.473030
-8.935455 1.812905
-8.878418 3.486510
-9.751472 2.723855
-8.464664 3.290603
-8.229397 0.833037
-4.843325 0.641456
-3.973802 0.298359
-4.274220 -0.013738
-4.023670 -0.070560
-4.379462 -2.924408
-3.961324 -6.372312
-2.419267 -10.084591
4.438721 -19.284906
