-12.143434 1.288076
-1.749383 -0.283149
4.704579 -7.615571
9.208978 -5.795792
6.991495 -7.638280
9.677592 -8.005840
10.706102 -7.144490
8.171041 -5.225024
9.338978 -5.438306
13.314688 -5.764226
12.637160 -2.044580
11.080257 -1.149236
11.213525 4.480690
12.158454 0.254927
9.569281 -0.054217
7.736116 -0.065618
8.544848 1.456604
8.635254 1.329653
9.074358 0.216502
6.093450 0.095900
4.803044 -0.537102
4.479015 -2.004472
4.535789 -0.221152
7.481102 1.954861
9.460894 2.671162
10.729589 -0.008332
9.482418 1.070434
13.173496 0.697347
10.749217 -2.058691
10.621834 -3.515533
10.601667 -3.037182
14.868936 0.127982
8.482372 -0.200549
10.824344 1.684080
12.459330 -0.073596
11.356598 -0.933889
9.826059 0.839218
6.438197 0.125149
7.878204 1.839771
8.149059 1.250530
8.933530 -0.092327
9.133968 2.166170
10.043314 2.831028
9.816826 0.490083
9.682954 0.083561
7.799344 1.071704
8.658363 1.604613
4.522689 0.888496
4.932182 -0.633496
4.875867 -0.899624
5.464577 0.472868
5.279361 -3.217539
2.095402 -6.364582
6.853055 -7.264867
8.524118 -6.281905
11.060490 -7.629579
10.793591 -2.356968
11.207762 1.795058
5.832175 1.368778
8.656067 0.238837
7.242475 3.706422
7.966257 3.686756
11.339539 -0.025889
11.463699 -0.772786
11.374241 -2.702796
13.602849 -2.235546
10.904394 -1.017847
11.014383 -3.659263
17.271927 -8.544470
