-14.018197 19.894154
-10.984706 9.880019
-4.060563 8.724412
-7.312078 9.605397
-6.859517 7.238466
-7.612050 7.923862
-7.126106 7.902649
-4.596754 6.583025
-5.040837 8.292562
-6.659478 7.916744
-5.149874 7.269829
-7.121549 7.684527
-8.188678 10.225095
-7.828841 9.049089
-7.879730 6.135374
-6.816216 7.046152
-7.230880 6.447352
-3.961186 7.590490
-4.265592 8.773861
-6.266875 8.276469
-6.977548 7.581342
-4.617372 7.466381
-7.820145 8.301125
-10.403595 13.974286
-11.082436 9.210546
-13.588848 5.702893
-13.205537 6.090301
-14.169071 5.831572
-13.322700 6.312949
-14.390051 10.236365
-13.697209 11.874965
-9.763964 9.618731
-10.744854 11.410687
-7.870182 7.637262
-1.976686 6.287492
-4.806910 7.746301
-5.157717 8.428834
-6.021514 7.754412
-3.583565 7.983426
-3.908907 6.542724
-3.832163 6.520781
-4.871900 7.545016
-6.737995 6.868294
-6.673697 7.552479
-5.916045 7.750565
-10.763107 3.354351
-10.227762 2.949741
-12.074677 3.405227
-7.927494 9.791865
-6.915963 10.023281
-14.392653 6.547263
-14.643153 5.239483
-13.373110 9.293277
-14.651951 3.508235
-13.712673 4.178475
-11.283010 3.117802
-11.001513 1.867717
-11.418071 2.452220
-5.972660 7.229987
-4.421697 7.816700
-6.634981 6.913174
-7.643111 6.464053
-7.625245 6.405561
-5.286006 9.536485
-5.066680 9.753576
-5.483998 6.893484
-12.360548 3.321126
-10.433275 1.760553
-8.360931 2.050030
-9.049822 3.298173
-10.546754 3.213706
-8.797361 1.812580
-9.591019 1.772124
-8.446556 3.467830
-8.523216 2.731685
-10.953550 3.404487
-10.629878 1.462449
-11.266407 2.457319
-10.248896 1.481019
-11.173580 0.015112
-2.989688 0.187327
-2.351959 0.500048
-3.112827 0.897377
-1.921389 0.889031
-0.738702 1.298867
-1.271097 3.005311
-1.491572 4.901866
-2.940904 7.654009
-8.382689 9.618999
-6.172978 7.856239
-6.667322 9.599442
-5.322587 10.125405
-7.759417 10.921523
-7.476336 7.512909
-7.110209 7.179748
-8.540510 9.620577
-10.685210 10.042134
-10.982867 8.645802
-9.729065 9.060881
-6.759172 8.678629
-7.667308 7.819878
-4.628205 6.797149
-8.577106 9.360100
-8.371466 8.868356
-13.190957 8.766940
-12.410441 11.091950
-10.783972 11.394154
-4.049757 9.763642
-7.394818 7.403977
-7.196397 6.592529
-6.597816 6.680578
-3.697753 7.523526
-0.653751 4.490684
-1.315790 3.106154
-1.992783 1.881044
-1.962174 2.181617
-2.387333 2.677722
-2.270639 3.413015
-1.030455 3.930970
-2.192100 7.478549
-6.437154 7.336934
-4.465000 6.874147
-7.600752 8.893408
-8.840361 11.180010
-5.889991 8.262719
-4.011031 6.555511
-4.774494 6.981657
-6.010375 9.950227
-3.927120 7.492912
-3.573964 7.027976
0.446673 6.372804
-2.146958 5.614440
-1.911115 5.914084
-5.738734 8.641725
-6.425378 6.531990
-4.915310 8.236252
-3.707464 6.534824
-6.968907 9.389668
-6.758619 6.614310
-7.177721 8.150227
-6.467048 6.585744
-6.928193 11.781487
-10.403811 9.309262
-10.531464 8.947267
-10.034987 10.352010
-9.888324 10.063326
-11.844345 3.277716
-9.974398 1.683019
-8.205630 -1.244694
-8.837373 2.165976
-9.222412 3.195070
-8.809079 2.725014
-8.947048 3.151494
-9.001943 0.459767
-5.886876 0.566822
-5.519919 -0.658710
-4.235137 0.286386
-4.018977 -0.164067
-6.533926 0.020700
-10.189665 1.673890
-8.876600 1.456535
-8.566033 -0.963556
-8.197956 -0.021622
-9.675719 0.432902
-7.438491 -0.896909
-7.976912 -9.650246
