5.327723 14.141745
3.112317 9.001558
0.099687 5.717767
-0.681777 3.490382
-1.414661 1.769322
-6.371632 -1.863613
-10.256430 -2.457073
-16.019449 -1.356097
-13.825861 -0.480302
-11.137733 -2.909885
-8.707020 -0.773796
-7.746471 -3.058475
-7.555238 -7.132716
-7.711283 -7.151964
-6.914912 -9.906125
-10.742731 -9.757873
-12.235765 -9.217315
-11.171417 -9.420510
-8.874002 -8.349704
-10.226316 -10.678559
-9.064090 -9.751405
-10.545118 -8.143209
-10.348083 -8.481986
-10.159587 -9.360924
-10.891645 -10.000935
-7.860739 -7.941447
-7.082037 -4.765694
-7.463103 -3.720273
-9.382544 -8.969396
-7.514213 -7.756029
-7.460250 -4.835438
-7.720348 -6.518035
-7.776655 -7.095997
-13.314911 -2.721913
-19.265518 -6.254983
-14.983147 -7.421571
-6.877810 -6.999683
-7.048196 -10.751372
-10.811687 -9.644547
-6.591846 -5.763907
-6.965307 -8.308845
-8.962788 -8.025958
-9.670005 -9.094999
-8.588988 -8.087747
-9.656495 -10.809730
-9.661061 -10.672325
-10.833202 -11.559792
-12.151089 -8.501715
-13.481307 -9.295850
-7.832486 -7.873624
-7.504220 -6.569039
-5.753277 -5.389861
-6.457424 -4.471085
-5.308394 -7.749478
-8.535251 -8.122890
-10.555185 -10.035184
-11.731840 -8.135281
-11.461626 -8.499701
-7.508903 -11.002090
-9.089815 -8.499758
-17.587811 -11.614889
