17.346849 14.088155
12.810989 10.360141
11.679673 11.325866
12.703955 8.957244
13.101454 12.099295
17.331221 10.060102
15.192226 4.428755
18.851505 2.805559
11.668590 2.690316
11.366592 2.180163
13.962527 1.814866
17.816650 7.963199
18.451523 2.837472
12.474325 3.701943
11.614168 3.294446
12.189018 2.132869
14.931280 6.428081
12.047856 2.491352
11.753893 1.248355
8.151657 1.906023
6.052747 4.571404
7.341850 5.409454
7.613710 5.553044
7.384373 3.497888
9.016885 4.226694
11.704899 2.758184
9.094162 3.298044
9.525599 4.035291
12.510262 0.697288
10.505330 3.417812
10.597651 0.667735
8.746154 1.538876
7.619828 2.536072
10.034319 2.793463
8.831392 4.288753
8.230906 5.413617
9.573213 4.167616
7.237120 5.207871
6.598986 5.450596
4.580971 6.270271
6.425572 8.331859
6.502525 8.107693
6.493222 5.877241
6.657450 3.248798
6.553247 4.620461
4.709529 6.196075
5.063037 8.734185
6.131828 8.364463
6.070754 6.415655
4.834027 4.574976
5.669542 4.493970
3.927399 4.368319
3.293615 3.977485
4.491570 5.226702
4.662784 4.623542
6.501165 7.792159
5.789336 7.892521
7.803787 4.852682
9.305937 3.231111
10.724308 2.960647
12.071103 3.488021
10.983152 2.365021
8.730618 5.024452
11.558401 11.240565
9.289026 16.530058
6.200597 13.711862
5.014896 7.234499
10.981992 10.846069
7.652220 10.791770
11.694777 10.906329
9.807588 3.312345
9.531235 5.421959
4.952658 8.120847
6.732409 5.265293
7.641484 5.307106
9.419920 3.888258
14.679950 1.891259
11.637278 3.099051
9.160432 2.546741
9.442146 2.424291
9.207214 1.639099
9.423329 1.860675
10.798613 0.996070
7.019409 3.789640
8.916831 4.560087
7.358054 1.513734
7.158724 4.047825
7.333559 5.410311
5.748725 2.181885
12.420664 3.000371
8.543437 2.271282
9.635296 4.428913
10.817793 2.581278
11.982469 0.002033
10.262362 2.375609
13.563900 2.769338
14.396582 2.394722
17.591862 8.439602
17.363552 5.097162
17.799618 6.461382
15.767968 8.377671
16.232574 5.905546
14.947398 9.106396
17.093088 11.465691
16.231007 8.970160
13.736755 12.092610
13.602186 9.794402
15.231457 1.656459
13.544407 3.213344
10.539255 1.978978
15.473229 6.601048
17.919764 7.560926
14.083152 2.284614
11.704344 3.618017
11.979813 3.147854
7.762927 3.834416
9.643406 1.181509
11.322640 0.168119
9.616892 2.346095
8.195671 3.597959
8.676693 3.961426
9.879934 2.280227
10.345564 2.357087
9.602847 0.248657
9.809364 3.811193
9.390157 5.545341
9.625031 5.149724
9.083124 5.648552
9.475061 5.393883
9.469115 4.138795
10.236427 3.101864
13.438580 3.239786
11.368561 0.745517
9.718039 3.841467
9.136008 5.082918
2.466186 2.587409
1.950126 1.340922
1.984918 0.134764
