19.805632 7.640862
13.947798 -0.531711
11.738642 -3.373875
14.404542 -6.226963
19.985161 -16.354992
13.021315 -14.432430
17.359762 -12.487454
15.781063 -11.563686
16.595331 -5.845366
12.407488 -5.926801
11.277889 -7.264792
8.248093 -10.687514
2.996196 -7.843419
4.581456 -9.159127
8.697184 -9.162573
8.509509 -10.457490
5.124808 -7.791313
7.793585 -8.537517
5.884117 -11.007758
4.629368 -8.377422
8.789586 -9.172747
7.665287 -8.186528
7.875929 -9.601553
6.896708 -7.995669
4.033743 -11.165822
5.737527 -6.361870
6.042756 -4.831734
5.235938 -5.984344
2.962852 -8.779322
8.602337 -10.717330
9.179367 -12.107747
6.482911 -14.878509
9.427756 -13.578044
16.035976 -14.699718
14.522740 -14.623298
10.228430 -12.832458
8.300074 -8.345772
7.429584 -8.489833
11.263659 -5.710145
5.920699 -8.435029
6.729116 -9.010927
8.535728 -11.959699
13.016069 -13.075810
16.320940 -17.177105
14.693634 -17.346273
11.375504 -14.158937
15.402468 -7.069458
6.682471 -10.025306
3.045889 -12.917315
12.727701 -12.891805
6.921121 -8.718727
7.238389 -8.491072
13.610240 -6.796555
8.794126 -12.458289
10.540249 -14.248153
12.183403 -7.430482
18.149170 -2.926642
17.094162 -11.595046
7.238947 -2.004182
9.193071 -0.712263
5.724461 -4.027812
8.948049 -7.935960
8.960427 -9.917357
11.720744 -3.588689
15.519157 -5.625255
11.165681 -6.529214
13.280146 -7.010252
12.968903 -14.276714
7.911966 -13.234818
6.517661 -10.515861
5.528430 -8.509254
6.886535 -7.899592
9.316622 -9.200404
6.885644 -8.323255
6.954638 -11.376658
7.324343 -9.479544
9.283194 -11.536809
7.074845 -8.978518
3.113665 -7.397029
7.214762 -8.194410
7.986963 -8.198613
4.006780 -7.903801
6.428319 -8.191894
8.009069 -7.937718
6.843851 -8.569294
8.064091 -10.384431
7.429712 -9.162120
5.855218 -11.089189
6.773914 -8.606118
8.635719 -10.405791
7.269119 -10.024125
9.647177 -14.240767
11.794740 -18.293320
