2.017278 -16.617073
7.440582 -15.712078
8.305036 -10.582731
8.276404 -10.232131
7.805380 -12.442101
9.530094 -12.854605
9.703488 -12.856679
13.800852 -13.902237
4.843167 -12.249969
7.734492 -9.695834
7.101623 -9.511798
6.508358 -10.734927
7.636078 -11.261619
7.941692 -10.801536
9.072195 -12.663802
5.824199 -8.603557
8.955157 -9.768023
6.742131 -9.540852
7.395210 -10.804212
7.508190 -10.457692
6.114190 -8.701199
7.064772 -8.497447
8.875277 -10.728956
5.623303 -13.758007
14.189249 -14.032098
13.060589 -14.570531
12.193520 -14.033734
8.005091 -7.928481
9.242239 -10.171034
8.818107 -8.040448
9.080112 -11.814192
8.484248 -11.225758
7.971590 -10.394355
7.764925 -10.273480
6.189311 -11.627467
5.728240 -8.701520
7.834122 -9.952616
9.381230 -8.519729
8.757091 -9.960883
7.020272 -8.414795
6.543895 -9.194204
4.277695 -8.628990
4.959268 -4.939065
5.427115 -5.355718
8.621949 -8.347526
4.150159 -6.490678
5.193306 -7.034954
9.185348 -1.720703
12.829798 -5.854488
12.401680 -1.176348
8.848064 -2.044727
8.227468 -1.781902
9.760412 -1.886858
11.283500 -1.057258
11.106486 -0.635796
11.321914 -3.535534
4.040069 -4.461678
1.643364 -7.957261
5.946282 -7.237667
8.736422 -7.826410
9.032965 -8.776793
9.095417 -12.068175
8.891438 -9.006230
6.857585 -12.023206
7.056797 -12.498016
13.482206 -12.831742
6.808697 -16.182133
7.837182 -8.957911
8.009746 -13.523670
5.035984 -6.358343
5.495742 -4.928491
3.832598 -3.009314
4.913228 -8.552285
7.568041 -8.521415
6.963655 -8.211625
8.552036 -11.504882
9.189528 -11.802229
8.923851 -15.158523
14.568878 -12.064355
15.049426 -12.046134
13.417953 -5.560823
8.114482 -8.028562
7.141921 -8.459519
6.044853 -3.540059
5.452696 -6.027865
4.104919 -7.760310
11.541637 -6.467297
9.872703 -1.491388
11.892043 -2.758705
13.288997 -6.076975
15.295517 -3.706501
11.273596 -5.186999
12.577724 -7.252166
12.097485 -5.735512
12.119179 -3.281260
15.726833 -9.565667
15.979432 -11.026396
13.988974 -7.021468
12.224264 -5.983469
11.638226 -5.315831
7.779448 -8.027255
8.988019 -10.212224
7.731023 -8.926859
9.319036 -9.873555
8.889919 -9.593092
11.239643 -7.615588
15.168056 -7.768924
13.325493 -7.417544
8.229563 -8.946753
2.908786 -12.119176
7.478689 -8.415449
5.512149 -7.999340
4.168990 -5.468627
6.099296 -6.189910
5.267407 -3.608845
4.808383 -5.088857
3.825179 -7.517306
7.729879 -8.406495
6.997189 -8.563643
6.877186 -9.612782
5.671509 -7.101914
5.199488 -6.102441
5.675819 -4.842743
4.544021 -6.833501
6.809402 -9.388467
6.135939 -8.969019
4.734745 -9.300400
8.240070 -8.533017
8.521542 -8.786832
8.490242 -9.323835
8.556625 -10.442794
7.286643 -11.141336
5.989860 -9.482635
5.999621 -3.636825
5.521158 -2.258630
7.023865 -2.617994
9.542292 -2.647676
6.165052 -2.110789
4.350398 -3.477486
5.398856 -6.121394
6.234633 -8.327725
6.162436 -10.441740
7.257832 -9.156390
3.534305 -9.368894
5.075310 -9.340266
9.083390 -8.282089
8.717355 -9.728309
6.610219 -10.093384
7.913962 -10.727700
6.172614 -15.688085
12.985256 -14.463833
14.848406 -12.781855
11.321502 -14.110507
7.578963 -11.955211
6.425722 -12.500175
16.728487 -15.236575
8.453253 -16.140768
9.133032 -10.589540
5.190284 -10.585374
7.498279 -8.889769
6.777472 -8.741556
8.632769 -9.221056
4.540916 -8.259285
3.690363 -6.232935
4.647123 -6.443351
5.279105 -7.833465
5.026044 -6.059858
6.343103 -2.233804
7.519139 -0.875463
12.404484 -3.284632
13.869715 -6.798898
11.817196 -3.690380
10.889772 -0.167506
8.296963 -1.046608
9.311083 -2.434728
9.680923 -1.710204
8.352331 -1.766664
5.592469 -2.649369
5.272384 -4.420714
3.689252 -7.081812
3.221581 -7.577802
6.026491 -6.781645
4.741724 -8.637170
4.528232 -7.610790
8.647074 -8.438744
7.151226 -8.551148
8.398628 -8.395831
8.290596 -10.334695
5.428442 -12.776990
10.838245 -15.654518
13.958576 -16.596432
8.885094 -13.037255
8.866406 -9.298156
5.263695 -8.194188
4.708987 -8.729825
4.932832 -8.640173
8.734320 -8.978309
8.123661 -9.010469
7.423089 -8.323367
7.366519 -8.199330
3.731186 -7.549867
5.269663 -7.122547
6.135978 -5.029928
4.876702 -2.391767
4.518726 -4.400562
7.988151 0.042382
7.662425 -1.610488
8.643545 -2.591792
12.612329 -0.503855
11.570517 -3.882377
12.545774 -7.034490
