19.393003 12.173047
14.635986 -3.281206
14.350414 -2.073141
13.943981 -4.627706
11.202820 -4.333710
12.525749 -7.004726
11.396009 -5.478707
12.737511 -1.391189
11.496445 -5.413505
5.185747 -4.331390
4.296929 -11.256138
7.735831 -8.582951
4.856813 -6.041607
8.889113 -7.984170
5.893782 -9.704389
6.723367 -8.586755
4.994598 -6.790002
4.519481 -8.297457
5.696826 -7.677486
2.611284 -11.746243
5.941606 -8.759568
4.792310 -9.410191
8.624983 -7.917100
8.907465 -9.624406
6.738682 -10.147378
5.472328 -7.296920
7.897164 -10.149936
8.770042 -11.286859
7.456647 -9.123142
6.392489 -10.784873
1.195106 -10.096305
3.394408 -12.138581
6.163324 -10.537120
7.694680 -9.325109
6.895482 -10.398597
8.085863 -11.019984
7.998793 -10.691743
5.656360 -14.467904
11.553829 -12.821198
4.347934 -17.161127
8.629121 -14.260434
7.867960 -11.429154
8.500364 -8.441429
7.501290 -10.532654
8.915726 -8.020664
8.602436 -10.108830
7.201319 -12.316207
15.775061 -15.439384
13.817253 -14.568919
13.034212 -13.229112
14.503053 -14.363496
14.633093 -10.010985
16.956900 -12.359395
15.115616 -13.365783
12.980288 -13.198339
6.428215 -16.660627
9.444462 -18.369328
