-12.888619 3.471805
-9.407434 9.142876
-7.536799 10.778872
-4.324808 8.682795
-0.855250 6.562750
-1.561468 4.189764
2.072013 5.363754
3.346283 4.463562
8.834416 4.893185
8.883778 4.527162
7.673198 4.175500
10.100655 3.083222
11.594957 2.098042
13.986127 3.290560
10.046873 2.602625
10.418915 0.221106
9.501143 4.094476
7.912611 2.539057
8.753342 5.285163
8.683088 4.272846
11.805098 2.696450
12.875577 3.523536
12.127436 2.879449
10.063073 3.456087
12.210095 3.709821
9.771982 0.344461
6.548427 3.257642
9.409411 0.935968
11.612999 2.745330
9.057297 1.381094
11.187845 2.879115
11.009867 3.485034
9.461876 0.758383
10.897384 3.244869
7.815854 4.000797
5.110814 3.369441
5.750354 6.420219
7.040000 4.896430
9.198099 4.982657
14.947931 5.304201
15.985732 5.455418
17.073956 8.316475
15.255095 5.439444
17.649147 7.701354
14.972126 2.931648
10.547098 -2.332345
9.508703 -2.241262
13.231384 0.650403
10.846601 1.833920
8.813210 3.613086
8.611313 1.058986
11.445566 2.014587
15.170397 1.114672
14.940581 6.070329
17.810356 4.462645
17.289934 -0.590225
11.882338 3.681855
12.366864 2.194645
17.084057 3.222472
18.519625 8.584996
16.067799 7.686471
13.597984 2.454228
10.488995 1.751388
8.676641 4.561997
9.896488 3.605318
7.567900 3.358027
6.381982 3.679667
9.277688 3.903220
9.283117 0.977912
11.829239 2.966877
10.080461 2.066418
7.965322 4.979795
5.689538 1.124841
7.275377 2.988143
9.851292 3.025922
13.091572 2.687372
12.139191 -0.218823
11.689986 -2.780708
9.741417 -0.760912
10.182765 3.047475
11.326393 11.372413
15.071640 9.148345
13.790654 8.945292
17.156528 11.153371
