13.444593 -19.737585
9.252891 -12.723561
6.468255 -10.371975
4.133232 -11.842251
9.528503 -12.901021
5.843913 -13.211308
3.103522 -5.821242
5.548733 -3.293264
5.684408 -3.183037
6.036837 -1.289111
6.984085 -2.131182
7.345063 -0.560928
7.140851 -0.919098
5.575135 -3.644773
5.872982 -5.881619
5.381754 -1.911137
7.083805 -2.336267
9.792742 -1.809092
9.512650 -2.485619
11.293035 0.359711
9.875549 -0.623891
7.143175 -2.663604
6.069389 -0.547842
5.164612 -5.848315
3.634413 -8.891435
5.303763 -10.035907
7.679150 -10.415257
7.785050 -10.068091
9.063300 -10.269073
5.057770 -8.828576
8.581443 -9.776917
8.085389 -8.529067
8.987909 -8.256305
4.461172 -7.824756
5.046172 -7.363685
5.946660 -6.885560
5.310986 -5.675731
4.636031 -4.522767
6.312407 -2.316879
7.912699 -0.998096
6.230041 -1.167854
8.299660 1.196449
