-11.064230 3.566582
-9.564425 2.930395
-7.212916 -0.383058
-7.961688 3.735409
-9.089238 7.759194
-5.816712 7.340166
-4.054832 6.885254
-3.547530 6.924784
-3.365096 7.024534
-3.039645 6.864362
-5.843594 7.271811
-7.764681 6.963666
-5.079508 7.541862
-4.525796 7.036998
-8.445794 7.796947
-2.706125 8.398249
-1.858868 6.016614
-2.274056 4.808072
-2.275329 4.933215
-2.149965 6.924325
-2.352738 4.531226
-1.091118 0.822233
-2.071898 1.298619
-1.931926 1.592192
-1.959927 1.910942
-0.777655 2.654180
-0.917745 3.582520
-2.453539 3.361305
-1.746235 0.861644
-1.992349 1.134075
-2.075300 0.238657
-3.481729 0.808143
-5.469954 -0.351864
-3.964442 0.056551
-2.397984 -1.674127
-6.067873 0.196444
-10.193098 2.311112
-8.305507 3.820782
-8.632784 -1.012743
-4.223348 0.721479
-1.014441 1.480534
0.282498 2.444779
3.884855 3.773568
5.686563 4.670635
6.509539 8.503213
5.561533 9.557950
6.469904 6.893292
6.231994 8.201585
5.521114 4.769988
2.750560 2.391410
2.680922 2.567546
7.539201 3.026178
7.982502 5.301973
7.893963 4.372244
7.262816 4.022752
4.991302 5.373824
4.672210 4.715222
5.321770 3.255152
5.492705 7.532393
5.046712 5.876184
8.271957 5.308908
7.946110 4.179840
5.282257 3.045232
6.088991 6.253111
6.385420 8.471431
4.817271 6.994940
5.204391 6.427104
7.956993 2.379746
13.432143 2.410171
13.088590 2.441472
17.319519 3.667184
15.035187 5.640450
14.916419 8.609492
17.383335 8.782689
12.930477 9.622830
8.813194 1.731172
8.904857 1.633605
8.327304 1.642870
12.794017 2.971114
8.998007 4.347128
8.978586 2.452931
9.800898 2.211962
9.973421 3.346098
9.547747 1.804030
8.700604 2.121109
8.928102 2.484354
12.964902 -0.555593
14.507454 -0.310336
14.063007 1.117813
12.902054 2.392303
11.631744 0.876566
16.450872 4.441080
17.240337 7.477864
15.002400 7.743092
12.640012 3.548930
7.426424 0.413681
8.009686 1.093228
7.500292 1.208767
7.365670 3.318338
7.414258 0.812701
11.540854 3.301426
11.075958 3.619966
13.574526 10.829560
15.547852 8.101495
15.825871 8.140684
12.151312 9.239375
11.724319 9.672328
16.426332 8.746696
12.624389 9.619618
5.694386 7.429213
5.737360 6.662895
5.363435 6.431550
9.459517 11.763302
12.289005 11.762407
9.284626 11.291924
6.040129 6.498445
9.136705 4.463446
9.018688 3.886653
9.832579 4.767213
6.682168 5.045772
6.471708 4.746650
6.055691 8.414976
6.419980 6.234421
6.445630 6.278614
5.241796 6.072811
5.735985 5.451586
4.725134 7.689209
7.199799 4.993184
8.331682 2.995502
8.900244 4.780162
6.392025 4.604963
6.112414 6.863397
4.650946 7.163409
5.385104 6.563704
5.285414 3.291344
8.873910 4.351394
10.394445 2.469060
9.035070 3.918614
9.517705 3.849665
7.311356 4.306407
9.009129 3.432765
9.634245 2.665754
11.222230 2.500954
13.690125 1.655489
17.596571 8.443779
16.187019 7.240385
14.780980 2.145477
14.443823 2.687201
14.964776 2.483700
10.051536 1.357733
10.863720 1.880134
15.400745 -2.103695
16.099737 10.840235
17.884626 6.443154
18.152088 12.324881
15.965740 8.570497
12.346498 9.481466
12.499045 8.951097
11.888870 9.595117
10.828516 2.805723
9.261471 2.601552
9.649147 3.536975
8.820310 2.080768
8.048959 2.995363
7.570672 2.188643
8.816994 1.737764
8.035025 1.433364
11.328917 1.384171
8.642788 4.037706
9.734980 4.854421
6.566299 3.700982
4.710805 5.143921
5.880981 6.714328
7.279538 3.598125
10.195896 3.705741
10.340543 3.399663
10.470091 3.773032
11.834287 3.113962
6.885313 4.764620
5.848071 3.240491
7.019615 4.171253
7.243725 5.275764
6.312049 5.056181
6.399060 9.397207
6.230287 4.513698
7.915069 5.548693
8.695090 11.678635
9.272249 12.203325
12.427013 10.274550
12.981361 9.388993
11.689135 9.261580
11.874698 9.941522
13.348557 11.610812
11.008924 10.765221
10.758657 10.839743
9.753799 12.929938
9.062878 13.342065
6.882127 11.560170
8.120520 12.879897
17.497326 15.935338
