-4.117819 -12.435584
-3.900866 -8.254544
-1.826897 -5.290415
0.411494 -3.006638
6.142672 3.077283
5.862558 3.901667
7.634402 3.856941
8.134624 3.366308
4.411359 6.425789
5.388368 4.806401
8.688396 1.042967
9.253699 1.263547
9.730405 5.288939
9.399448 4.532450
9.636350 2.283904
10.115347 0.818377
10.924615 -1.079732
12.465219 -2.592673
9.028555 -2.488976
9.226384 4.223492
8.114938 1.728838
10.389360 1.374718
12.247709 2.155732
12.433737 -0.355423
12.456354 3.617631
11.349472 3.524455
11.537792 0.306085
9.441841 4.439934
7.535367 4.460673
5.725049 3.493696
5.132370 5.542651
4.587771 5.636173
6.456442 4.710270
5.037783 4.800301
8.352592 5.461103
6.080181 8.609253
1.873857 5.945574
2.796204 4.446842
4.626501 6.050738
10.295517 11.406490
11.236108 10.873003
14.471634 8.797502
11.568497 8.933057
6.739954 3.527536
6.023570 6.132894
5.983612 8.117571
5.424614 9.195123
8.490790 4.251987
6.308852 5.437938
8.473943 12.768204
9.650467 10.674409
8.380373 11.246779
5.836655 10.446046
5.860085 7.568656
6.157379 4.544424
5.309177 8.963211
5.118897 2.794979
1.515466 4.127077
3.587231 5.817870
7.147784 4.985101
3.694347 4.689962
5.088207 2.962823
7.692247 4.799385
7.762507 5.598330
8.791666 3.071360
5.956649 5.267736
5.312870 11.025737
2.707352 5.293490
1.745721 4.220360
3.107582 5.790964
-2.988899 10.465599
-3.296881 11.703313
-0.942722 9.007191
-4.177652 8.581389
-2.313666 9.260630
-1.620764 10.019309
-1.363338 9.723922
-4.357082 8.544827
-1.198050 10.390567
-1.198526 9.397634
-1.180243 10.333039
2.176229 5.945819
1.312530 4.218679
-1.244939 10.051354
0.125701 11.025749
3.940364 4.405178
4.859262 6.481581
6.422565 6.401213
4.604255 8.395861
4.342716 8.050293
5.227582 6.791865
5.460078 11.869121
5.487246 11.101233
6.002167 9.884343
4.174424 11.537197
5.088918 9.747676
4.885077 8.561943
8.138225 5.552522
11.897643 10.408041
5.011173 5.788143
4.709916 10.875028
12.292437 9.143254
13.066955 8.845664
12.078819 10.932472
15.271922 9.156552
11.859539 9.136296
12.348305 11.014849
10.029934 12.319600
9.058585 11.141069
10.810111 10.835435
10.233616 12.780523
4.132499 12.495342
5.374147 9.849835
8.793879 13.736819
9.921222 12.773329
10.620455 13.606853
5.114079 11.898103
6.419970 9.481268
5.060484 10.294894
4.738330 10.772084
5.492397 7.793562
6.248976 8.471379
6.151128 6.236999
5.843306 5.019267
8.013582 5.058907
7.293544 4.370154
8.196968 5.302570
8.965216 2.649864
6.932366 3.893727
7.770175 5.326454
8.069414 4.769084
11.382846 2.857141
8.084271 11.191389
8.274972 11.844393
7.846860 12.631659
14.380585 9.680830
16.535320 11.833318
