-1.538483 13.449871
-2.562472 17.968853
-1.843801 10.797888
-1.983588 11.025316
-4.267694 9.814775
-2.255156 12.727649
-1.827620 6.799834
-1.551772 5.114211
4.007150 5.759792
3.271209 5.901258
5.163996 4.342195
2.922869 5.488371
2.993108 5.007850
0.192665 5.404547
2.718312 5.521677
1.717459 5.733104
7.898746 5.578244
7.700292 4.559287
4.988453 6.185459
4.627433 6.844886
5.661740 9.872021
5.419970 6.494809
3.281946 3.998678
3.013234 5.062417
2.754541 4.637539
6.983850 4.267226
4.650526 6.214186
4.865491 8.317382
6.173059 6.924440
5.689524 6.802275
5.172498 3.950503
8.622793 3.365399
8.670170 3.731511
8.694670 5.345244
9.041090 5.027359
10.066432 2.835250
10.941534 2.804726
13.908710 1.090724
12.971178 -1.177656
11.741769 3.610509
9.024246 3.429694
8.295553 4.273816
10.347698 -0.820010
10.117411 -2.134892
13.123319 3.215717
10.161778 1.860842
9.090524 0.872289
14.962645 2.948254
12.686848 0.228796
11.850630 3.735490
11.443959 3.419680
12.689779 1.670473
14.275919 2.897003
13.088517 2.196593
12.951671 1.878212
17.173832 3.870274
16.655651 7.559258
13.983541 9.895851
9.090655 5.634549
8.686542 5.167999
7.253713 2.438229
6.391685 5.707865
9.031233 4.789387
9.092541 3.676868
10.821499 3.599235
12.609875 2.858579
13.145550 1.143304
9.666632 1.372285
12.420449 2.470859
7.696790 3.317574
8.925629 4.921652
9.377360 4.021330
10.522947 2.559330
9.708857 2.479033
7.718577 1.057328
6.357341 0.440903
8.802862 0.704646
8.462430 3.020275
6.939990 3.834734
7.936033 4.100698
8.243064 4.451070
9.569321 5.048987
9.051991 4.954141
12.384365 10.860108
7.934581 4.131122
6.872138 5.236809
7.402868 4.867603
10.772424 11.734313
8.888023 11.826296
5.282941 11.868180
6.411754 8.495874
5.730919 6.635570
6.591310 5.329046
7.879865 3.124356
9.833196 3.887586
8.911865 4.505577
8.235897 3.652912
5.253503 5.250347
5.845618 6.652743
4.346137 6.744101
8.463080 4.380545
9.104818 3.537014
10.402439 0.768430
7.394580 3.596109
8.432699 3.563302
8.418365 5.316494
7.137459 5.365471
8.004111 5.391037
7.980291 3.905297
8.553329 3.445046
9.821747 3.502292
10.704010 3.629220
10.518154 3.718534
13.902687 3.179173
13.247475 0.420909
13.434040 -2.567886
9.332031 3.409433
8.366285 5.527268
7.263532 5.505331
5.793131 5.673160
5.108901 8.078861
5.923915 8.683190
6.025216 15.213109
6.978961 11.401203
10.585066 11.530237
9.195427 11.188713
6.985274 10.905979
8.439453 11.219735
8.704576 11.112077
4.695662 16.461224
5.254685 18.211409
-0.136878 17.959864
-3.720259 19.055859
