17.154932 11.652366
17.199585 9.248560
16.961765 6.233591
15.713020 3.756981
10.346857 3.495295
11.607798 3.409903
11.376009 2.857612
10.600471 3.563367
7.504833 4.246166
7.011963 4.736096
8.934468 5.084584
6.777642 5.305018
7.461424 3.652865
9.895759 3.425047
9.768785 3.191687
9.043129 3.949012
6.907884 5.334371
4.870018 7.053241
5.050948 3.947484
6.227308 5.248510
7.723127 3.481838
9.051395 4.005256
8.644110 2.041039
8.353827 3.406501
9.736809 5.588279
8.150505 4.156445
8.024898 5.357251
6.732038 3.309272
5.608553 6.966134
10.062308 3.656761
9.412312 2.293488
11.807302 10.590949
11.816364 9.180696
15.485700 13.488803
10.277193 2.915142
8.869481 2.106916
6.679948 4.416886
9.210419 5.609548
9.581928 4.474721
8.933123 2.959128
11.328168 3.621994
11.880478 1.945593
7.921756 4.538820
12.174785 9.359981
9.796267 4.933597
6.975936 3.953441
6.285894 6.417360
5.934642 6.791675
4.679294 3.779472
4.944924 2.951290
7.927273 4.672644
5.461068 5.998940
7.392235 4.589486
5.762859 4.006200
10.664019 3.611771
10.540251 3.335687
8.939169 4.141694
9.382301 4.366796
9.749021 5.637145
7.585023 5.020115
4.838194 7.117565
6.194093 4.317111
8.616554 4.751344
8.325434 4.676444
9.156562 11.513010
11.062954 12.945738
9.075766 12.781333
7.210217 11.522744
2.458625 5.605943
3.252512 2.723034
2.011178 3.018364
5.056618 6.659899
5.289372 7.297205
4.356482 7.768853
5.986356 7.944135
5.958370 7.127721
6.192554 8.956597
4.302145 4.280692
2.957923 3.931546
1.615474 3.957998
1.848709 4.874671
2.583086 5.686695
2.267079 5.683378
5.581980 5.398048
4.701418 7.867207
6.101953 9.987724
5.009292 7.330283
4.098247 4.617993
3.425060 5.313154
2.550614 5.581050
2.120949 4.439900
2.401562 3.404397
2.267964 5.825109
2.551269 5.897506
4.538918 4.590266
4.350303 9.541631
5.868373 8.614333
5.715770 8.464252
6.402465 9.233649
11.854154 10.648284
12.982711 10.985755
10.836155 12.684751
6.096727 11.111721
5.505365 5.478604
6.081950 4.673961
6.861642 2.269907
7.457635 1.533368
7.717319 3.493467
6.417744 2.974283
9.532345 5.194721
9.403143 4.544508
8.832413 5.276084
8.604059 3.302708
11.131865 3.482680
10.108804 3.715963
9.367832 2.963244
5.256892 5.207173
8.484540 4.796072
10.160610 2.961786
8.255496 4.647725
8.541653 5.089324
6.698176 4.832180
9.400295 4.870708
9.198413 4.762861
9.573178 3.983425
10.047346 2.351561
12.173625 -0.712234
11.471640 0.156942
11.635141 2.001965
7.140646 5.638534
6.779885 4.779719
9.092937 4.024298
9.743140 5.402305
9.485547 5.577136
11.467776 2.839249
11.933861 3.362322
9.805635 4.931809
11.200203 3.098851
17.602283 2.566920
15.702777 3.530399
16.197075 7.972517
18.104826 4.269348
16.090601 -3.470521
10.887978 1.082184
12.724585 3.468184
7.644003 3.785762
4.916066 7.028600
4.930027 7.442013
7.752584 15.417918
10.358137 15.265496
13.227127 11.505365
11.937681 9.169367
11.787514 10.945045
11.743814 9.983565
11.980804 9.391973
15.721581 7.743665
9.203869 3.968747
9.373411 -0.644190
13.690894 1.918681
11.865337 3.197358
7.053779 0.408227
6.732739 3.796145
5.694624 3.642869
7.209429 2.552115
4.889202 5.256454
5.169724 7.077486
9.016531 2.705837
9.030874 4.460385
10.361958 2.783083
12.141428 3.139028
10.722763 3.778309
11.372461 3.509112
10.861494 2.628229
15.708950 3.887254
16.283880 4.735551
15.739305 3.700904
13.411545 2.993639
11.515343 2.579390
6.357999 3.242865
9.395467 5.310469
8.671810 5.493598
8.996028 2.532374
1.097890 3.870099
2.009318 3.430340
1.399321 2.973457
1.305678 3.594954
1.273915 3.499998
-1.043964 4.919323
-1.535739 7.068498
-1.967226 9.172817
-6.949491 8.990112
-11.505816 6.562370
