16.551716 12.332788
6.674930 12.962755
6.134367 5.934649
8.133086 3.706044
4.667875 3.206145
5.429935 3.980965
2.628152 4.830814
3.104909 5.601016
2.159081 3.613799
7.057272 5.385467
8.588193 4.782451
5.008154 5.664149
5.526498 8.330863
5.703894 6.040472
3.210440 5.538011
3.408129 3.377946
5.029115 6.255046
4.401668 5.018258
0.929338 4.594575
0.734582 4.669949
-2.359355 6.605895
-2.089621 9.616393
-3.341243 10.359519
-4.937034 12.076078
-7.037457 8.023074
-7.579077 9.877754
-15.135008 12.835964
