19.254467 17.644140
14.081402 11.359630
12.440275 9.749672
15.400953 12.590106
15.038576 10.602290
16.103863 8.375749
19.702152 12.567883
15.065983 5.499542
15.754337 5.159127
15.375973 5.012496
15.852211 3.504401
12.518762 3.670467
9.031856 2.126300
8.419260 1.941916
7.686782 4.374789
9.675651 4.955464
7.289848 4.592708
10.830252 1.190753
11.420481 1.052053
12.157431 3.389651
14.480693 -0.845846
12.718216 -0.687697
12.748899 0.333450
10.363688 0.659340
10.342079 2.075393
8.875488 3.528133
9.100855 1.958051
9.093962 4.030456
9.257609 3.571102
6.155324 5.891275
3.703470 -1.016522
2.405505 -3.517876
1.253210 -4.562410
0.749387 -5.929293
