-10.958291 11.508718
-8.747865 12.496683
-2.195459 10.291890
-3.417733 6.702988
-1.702853 6.952706
-0.684623 6.073802
-2.151460 5.552195
0.048145 5.377351
1.184169 5.796696
1.382986 5.428303
0.936969 5.737654
1.190789 4.712024
2.603743 3.525894
2.160402 5.029188
-0.658113 5.480302
0.443171 5.075477
-2.398188 5.845942
0.972473 5.329235
3.145844 5.465996
5.024593 5.997346
4.608307 7.180778
6.052775 7.333600
5.278907 8.425565
6.042714 10.370279
6.088307 10.351140
4.859590 6.430759
8.369013 4.257889
6.472532 4.267059
7.523862 5.522871
6.671936 5.432286
6.135895 5.554071
4.489640 5.922895
6.227612 6.099239
5.256341 8.371963
7.244633 3.062258
5.964135 6.158185
7.810937 3.847235
8.626371 4.830109
7.307286 2.725091
9.884284 2.774131
8.026228 4.252366
9.605961 5.214970
9.179052 3.483613
8.752491 5.639927
9.985678 3.295238
10.227003 2.170555
9.573709 1.140860
9.248778 1.118050
9.117154 4.309548
9.403680 3.504470
11.780211 3.523608
12.853380 2.340621
9.441075 2.898590
8.891644 3.425211
13.676311 2.848522
11.969465 2.634571
9.015944 3.433134
6.907252 4.152647
5.669114 8.551926
9.908031 11.515557
11.550200 9.452399
12.158899 10.684180
8.565708 12.850237
18.206207 12.013312
12.407482 12.608055
12.757660 12.300767
11.862012 9.829381
11.604177 12.827847
18.755587 17.694817
