12.046918 -7.001421
12.792271 -6.996692
15.079514 -6.697426
16.231518 -5.347784
18.818157 -7.338635
14.745218 -11.965283
14.020581 -17.181852
8.935484 -15.746722
9.062485 -15.465544
6.917396 -11.525573
8.723116 -10.010337
8.665633 -9.801988
9.263452 -8.694945
9.039548 -7.842575
8.932207 -8.461406
5.524519 -9.844508
6.314763 -9.586053
7.530488 -9.167133
5.616290 -7.739711
6.179364 -8.547166
6.248729 -8.368382
6.201809 -8.292130
7.303211 -9.205901
7.638125 -8.803292
4.745584 -8.817737
5.526552 -10.527415
5.763368 -7.250776
5.398303 -7.763998
5.958127 -8.096011
8.459605 -2.724941
4.718066 -7.682378
5.574885 -5.291687
6.371290 -8.906824
5.973051 -7.827183
5.900187 -11.464162
4.914353 -9.267212
11.156782 -5.871838
12.580637 -6.030170
17.579426 -8.005373
14.211612 -14.608653
5.788651 -11.615731
4.882137 -13.033973
8.458382 -11.840212
10.993460 -17.272936
17.628387 -16.807564
4.992398 -8.089744
6.798412 -7.916594
6.004478 -8.884009
6.923468 -8.216692
9.031010 -8.571449
7.031345 -8.005860
9.274894 -7.897012
8.492575 -10.064238
4.341655 -8.684703
5.381619 -8.755418
7.304884 -8.004268
8.472313 -8.154826
4.997502 -5.453634
5.246569 -5.293006
6.668303 -9.969419
4.203695 -6.484795
3.745454 -4.753493
6.044864 -5.458159
11.969038 -5.371667
14.954758 -9.001802
16.850115 -6.062208
11.691448 -7.292347
11.183189 -7.786758
12.233511 -7.415788
11.791034 -3.183149
7.687630 -8.753731
8.117151 -10.125226
3.621362 -10.505484
7.509211 -11.490855
8.871712 -11.478553
8.240610 -8.407958
13.723804 -5.748634
14.705638 -8.517477
15.527956 -9.925294
14.068493 -5.471942
11.675106 -5.251090
11.843864 -4.704264
14.666076 -5.326651
12.794971 -3.879990
15.947933 -9.657517
15.870992 -7.740444
13.947895 -6.665156
8.875010 -10.216472
9.232573 -12.954698
6.786991 -13.486609
6.598585 -11.955347
7.091496 -8.677711
8.491962 -11.909904
6.368990 -12.021405
6.007140 -6.193871
5.587971 -0.593528
7.622592 -0.610901
7.744648 -2.200199
8.876205 -2.169145
7.292687 -2.790259
3.580600 -4.751394
2.757283 -7.217363
3.939916 -5.070232
5.333206 -5.762525
6.682161 -9.228252
5.070676 -6.799623
5.558604 -4.676499
4.949029 -4.455208
3.770565 -5.041917
4.510900 -6.340040
3.844276 -8.436298
7.757127 -10.242719
8.836494 -9.024950
7.934195 -13.081675
3.667078 -14.000393
7.628278 -12.245614
8.154172 -9.837648
9.150554 -8.699853
8.334813 -9.053113
7.145267 -9.465672
6.361044 -8.970901
7.850019 -11.538302
5.530065 -16.612387
4.630199 -15.423274
13.166345 -14.337293
5.977951 -11.812442
8.740737 -11.971754
8.155695 -9.115211
3.380783 -6.446214
3.422389 0.678743
4.684242 4.066626
4.145399 4.612877
1.199237 4.903384
-2.514646 6.799307
-3.063079 7.575848
-3.307410 7.733138
-1.488989 5.008522
-0.952094 15.985480
