-14.706568 -6.455488
-12.991238 -6.237075
-14.808134 -8.786878
-10.340017 -9.033647
-10.334945 -8.711742
-7.350212 -8.883656
-7.438786 -6.228935
-6.276073 -8.768848
-7.143878 -8.893401
-9.893496 -9.662257
-10.578161 -8.143735
-10.352345 -8.575564
-7.853428 -8.588113
-9.109721 -9.083390
-6.683733 -9.062133
-10.727158 -8.041081
-10.886616 -9.862582
-9.579878 -8.019044
-9.781762 -8.821036
-12.546362 -10.598939
-15.002234 -7.172037
-13.934505 -7.071762
-10.077688 -12.463159
-9.081879 -8.046926
-8.503307 -9.423100
-11.182066 -9.295292
-11.835382 -9.003839
-8.654396 -12.082776
-9.778756 -11.769586
-9.017301 -8.469544
-8.125125 -8.138943
-5.047276 -7.912859
-7.246003 -7.242481
-7.661141 -8.929027
-5.791851 -6.403572
-6.881677 -9.459394
-7.536180 -15.150058
-8.321878 -8.857066
-12.638254 -9.599400
-10.905329 -1.039926
-8.726998 -1.332712
-8.419355 -0.947748
-9.185205 -2.455556
-13.706907 -4.651454
-7.816123 -7.416471
-7.394916 -5.839124
-5.865632 -6.119065
-7.494255 -6.397775
-7.266448 -6.292462
-13.026451 -6.076927
-13.121885 -10.451862
-12.587136 -10.026149
-8.736975 -12.933795
-10.698069 -12.632577
-13.902608 -6.176050
-13.027203 -3.525502
-11.843825 2.077309
-10.356626 -1.404769
-8.794394 -0.104415
-8.550255 -2.581258
-6.151501 -2.609805
-6.222191 -5.222190
-7.891517 -5.136544
-7.617673 -1.654722
-7.149837 -4.916270
-6.388400 -0.977219
-10.542787 -0.265304
-10.729597 -2.353989
-5.511027 -1.736582
-6.637067 -1.757177
-5.957018 -3.359169
-7.659429 -6.584814
-7.636758 -8.731563
-12.070204 -2.176298
-7.693810 -7.425766
-7.521265 -7.387401
-7.052957 -8.322837
-5.591565 -9.030005
-7.214215 -7.557827
-7.777595 -4.215029
-9.084249 -2.508070
-13.115414 -4.752234
-13.552925 -4.335426
-13.722792 -7.417442
-11.081779 -9.753448
-8.955233 -8.136085
-12.273577 -9.392072
-14.832184 -6.356618
-11.203435 -9.781699
-7.240651 -7.880527
-10.222942 -8.089475
-7.072365 -9.690044
-6.390059 -5.472858
-9.143042 -2.537311
-10.460973 -2.450041
-13.076110 1.063934
-10.849660 -2.865807
-7.348743 -7.647201
-6.278945 -5.208344
-7.513695 -4.959696
-5.556158 -8.086424
-7.195200 -7.184491
-6.970609 -5.613963
-6.857880 -1.393260
-9.050693 -1.331568
-10.423507 -2.625891
-9.161953 -1.502492
-6.794774 -4.116013
-5.382572 -2.800925
-5.993751 -4.302023
-7.678178 -4.834225
-5.558964 -5.361396
-5.376238 -7.640078
-9.882062 -8.615735
-7.429078 -9.344285
-7.409454 -5.210960
-5.982099 -6.716925
-8.671345 -8.777684
-7.435779 -8.771978
-9.364135 -8.076161
-10.073348 -9.216392
-14.481245 -10.684178
-17.285574 -5.166093
-13.012306 -8.000186
-13.922943 -10.201240
-8.395483 -8.395289
-7.611276 -9.437846
-7.884877 -7.076684
-3.817831 -10.575986
-7.529704 -7.029458
-5.203606 -5.799162
-7.129333 -8.482469
-10.078401 -8.170846
-5.697211 -8.924989
-6.469039 -8.803543
-6.479492 -6.127014
-6.165213 -8.209678
-8.448975 -8.077457
-8.531116 -10.846756
-11.079720 -10.524335
-7.892763 -8.186111
-7.136230 -6.392843
-5.581266 -7.851544
-8.756251 -8.896333
-13.237453 -4.612496
-14.376812 -6.340796
-14.125512 -7.181376
-13.554778 -7.461154
-11.948935 -10.997340
-6.382478 -8.064054
-11.188494 -8.342755
-11.230988 -9.853772
-10.518016 -8.797219
-10.134580 -8.040292
-9.157802 -8.543663
-7.644619 -5.883023
-7.810077 -5.386382
-4.837745 -6.042984
-3.206158 -2.770667
-5.442724 -2.785622
-11.735666 -0.647121
-9.530783 1.413630
-7.778638 -3.286018
-6.052700 -4.038354
-7.674397 -4.473115
-7.089602 -2.789101
-7.191143 -2.534531
-12.998081 -8.200110
-12.023510 -9.947963
-10.789152 -11.627250
-9.502195 -2.743077
-11.252052 -2.068864
-11.298288 -2.567353
-11.901355 -2.097803
-17.178318 -4.058303
-14.258251 -6.379343
-16.249372 -6.822884
-11.527949 -9.546441
-10.051397 -8.311319
-9.485808 -15.818243
