1.979005 2.784096
6.807195 1.592771
7.410256 -1.760087
7.494408 2.583621
6.333623 3.214722
6.423744 1.335474
8.803092 1.758924
8.894119 2.952362
8.803516 2.502536
6.033253 2.768223
9.738510 5.205496
8.283617 6.140255
5.957387 1.301913
9.596087 5.093822
8.812253 2.889802
8.128893 1.376883
8.077084 1.264383
7.856965 3.247972
9.837980 5.322086
11.041695 3.579702
16.517630 -2.399107
8.102293 -8.490119
9.586817 -8.790517
9.043751 -10.198709
9.427466 -12.362488
9.375496 -8.264458
7.436134 -1.569981
6.936442 -1.738398
9.031368 2.363008
6.792554 2.740845
8.451446 1.544855
8.038819 1.306111
9.200314 4.045066
7.382215 2.147291
8.090008 1.543852
8.369094 2.899810
8.976557 2.812566
7.248436 1.542178
7.425845 0.587910
9.755709 -7.992884
9.175483 -8.764964
11.242567 -7.972770
11.563563 -11.416052
12.437843 -7.700530
13.512634 -3.872108
11.508751 -4.504581
14.872760 -6.287626
15.740556 4.926515
15.245658 0.778550
14.927173 0.775939
14.834820 -0.120017
8.632322 5.948637
8.880716 6.056257
14.579351 2.590196
12.937021 3.597791
10.670412 3.761973
7.645153 -8.849380
5.716377 -8.841660
14.188288 -0.245183
12.279766 9.124343
9.550880 10.236771
8.535562 7.053421
8.316645 7.508331
9.772429 6.616728
9.584923 8.619487
17.226040 5.853314
17.213329 3.927329
15.471231 4.129864
15.415344 5.215062
15.700859 8.422871
16.014530 4.944940
9.556049 5.510369
6.084790 3.819839
8.592736 3.297171
9.338122 3.962710
8.480294 3.992159
7.583899 5.261671
8.648541 4.188776
9.385801 5.441081
9.613256 3.615649
10.170146 3.768438
12.887691 3.680639
4.935603 8.326608
7.247460 9.210991
14.118048 9.004986
14.861801 6.047040
13.369509 10.325668
6.480474 7.415828
8.869394 7.867873
8.191705 5.538726
8.696462 2.551185
8.960263 4.500451
8.434437 5.060236
10.737838 9.047589
17.239630 8.944615
16.340519 4.264060
9.759880 5.241273
8.261774 5.095987
8.963111 3.137091
8.719858 4.476889
6.549067 3.236053
6.132182 5.546985
9.643761 3.477501
7.975120 3.634561
8.859395 4.512241
9.083746 3.716220
6.483843 3.984649
8.562684 4.702809
6.999885 2.235812
8.527374 4.134314
9.274735 4.054114
9.541052 3.996532
8.966578 5.168355
7.275596 3.976144
7.408360 0.877163
15.178251 5.102814
16.951366 7.321273
14.786932 3.387401
16.032616 -0.039499
8.661119 1.938816
8.398794 3.482109
10.674356 3.612226
7.587500 5.587022
8.233881 3.203679
8.389666 4.250782
8.332305 4.556420
7.785457 9.445510
8.553753 2.135954
8.178901 2.864386
3.483004 1.672964
3.491235 2.300047
2.964157 2.030905
6.613374 2.135406
4.299966 2.917153
2.434687 2.940409
2.244017 2.185433
1.771788 0.488287
1.507874 -3.126025
0.993609 -7.254430
3.864077 -8.062803
7.482930 -8.873830
10.833529 -9.348462
12.799113 -2.989104
16.121767 -0.923808
14.949687 1.004842
15.001307 4.050447
15.997692 10.159312
17.742931 7.691137
10.665468 9.159940
10.989509 10.226396
9.248898 7.824964
14.494822 9.456483
12.759447 9.063666
14.913356 11.096734
14.220936 3.212908
8.946258 6.343725
8.660942 5.645857
8.507929 6.118616
9.393389 7.155334
7.979001 5.029742
8.754139 4.602358
8.439068 2.276957
6.564280 1.497690
6.970939 3.204905
8.982826 6.295536
9.787573 5.582583
9.021137 3.495427
9.851606 4.747138
6.641170 6.566291
7.954051 4.090709
9.705913 3.604004
8.094350 4.759937
8.538607 6.290698
4.902015 4.566093
11.203909 9.986887
7.338469 5.382151
7.300164 6.031998
6.821441 4.045906
7.880714 4.696746
15.133912 5.260994
15.691898 6.258660
14.244876 12.064883
5.468391 7.132465
10.685909 9.950315
10.439261 8.821866
10.836137 8.897418
10.367854 3.543957
5.709898 3.109830
4.361101 1.088341
7.669261 3.343235
9.510710 4.749222
7.871240 1.811994
7.551857 1.909626
8.472674 1.925037
8.989647 1.445511
7.602077 1.486969
6.422134 1.948868
9.032160 2.284238
8.813817 5.771338
8.663645 5.126127
9.127016 5.180153
9.113111 5.214719
8.412664 6.622032
8.850677 5.075309
9.044785 2.038434
14.389782 8.982131
9.221703 6.420397
8.733579 1.654898
12.753496 3.737035
13.717035 3.425380
9.763262 5.587128
7.107174 2.433449
6.928778 1.763005
8.835503 3.017549
7.309092 1.559075
1.578874 -9.363095
3.463903 -7.418866
3.332926 -6.199565
5.335670 -4.384539
15.715953 -0.628842
16.563892 2.687763
14.880132 4.409386
15.815651 5.138123
9.583907 4.570179
9.833376 5.103374
8.374022 3.236212
9.098469 3.577796
11.037155 3.537922
8.235046 2.071201
9.553431 5.287578
9.050398 4.620656
8.392651 7.732096
8.340148 9.125385
9.298613 4.349728
8.847549 3.805124
11.876976 3.493152
14.714946 8.880381
8.440406 5.825366
8.890636 8.135964
9.619177 6.537163
15.383308 6.637302
11.060141 3.559544
14.299048 2.467487
12.129957 3.593749
9.676840 3.572277
8.874386 2.868662
9.615011 4.903009
9.335030 6.154757
8.661055 6.458322
9.494768 3.902065
6.261127 1.951781
7.401814 1.347113
8.513867 2.016912
8.950954 2.320626
9.346571 5.874629
9.613522 6.093544
13.348064 -3.815143
10.670357 -9.523277
9.407921 -8.135078
5.696815 -6.822892
4.395411 -6.906454
6.526978 -8.497033
5.548108 -4.930277
5.569987 -8.291657
5.679969 -8.764084
6.969511 -8.240586
10.810424 -8.890320
6.450006 -9.183983
6.727681 -9.706437
7.280562 -1.928793
6.981950 -2.027917
1.246800 -1.423688
-0.559111 1.753174
0.835284 0.297264
1.532147 -1.970197
1.648499 -0.820614
15.272873 1.685782
18.158802 1.365339
9.526914 4.717603
8.638262 1.361897
8.695148 2.070732
9.792059 5.448473
9.850410 4.444358
9.501732 3.897427
10.042665 3.415768
7.895228 2.763139
6.725412 1.075041
6.648231 2.244261
8.840639 1.588586
5.962555 2.482460
8.498916 2.469816
8.756756 1.993453
9.182981 3.897845
9.074318 6.090517
6.709257 4.928487
9.913105 10.262665
13.161356 10.146198
11.002890 3.614346
8.269176 3.376480
6.896434 4.754559
8.108844 6.466544
11.284725 3.554115
8.635463 4.074833
7.783744 4.032900
7.201486 0.202780
7.017488 -0.519303
7.041467 -0.535879
7.427160 -2.747010
8.302076 -8.132781
15.698030 -7.743709
12.522995 -4.153679
11.420641 -12.415605
8.720412 -7.917995
10.729214 -8.103134
11.149282 -8.499497
11.343331 -6.226741
12.553822 -5.816411
12.896463 -3.570046
12.619169 -3.393316
13.182998 -3.842086
13.426380 -3.184777
8.839681 1.559310
7.842775 1.381844
8.192432 2.328469
7.587722 4.485220
7.023488 0.187980
7.141316 -0.179998
6.845319 0.212629
7.259542 0.595433
6.860418 0.959755
8.283653 1.950920
4.647054 1.744552
3.923003 1.533565
8.650354 1.939140
8.468510 2.194259
10.470058 3.448815
9.459328 3.890375
8.580678 3.427226
7.196564 -0.306597
7.568636 2.320063
8.781784 2.331877
14.178749 2.563573
17.337212 4.594265
8.887608 5.013569
6.562334 2.478906
11.531032 -3.842054
11.230714 -7.313395
16.039030 -5.063253
17.675482 -5.584531
12.366400 -5.348398
15.347478 -3.024288
17.280712 -2.257115
15.406715 3.487799
17.165064 8.750828
16.495693 3.399823
15.765066 0.863833
16.149912 1.137064
18.981253 0.562284
16.511091 6.366927
14.467266 1.169787
7.299733 -0.674877
8.764039 2.912250
7.165025 2.837036
8.816707 1.431295
7.085021 1.847564
9.568459 3.568777
8.189754 2.110744
16.853184 4.713517
16.723949 6.500976
8.080159 3.512090
8.700938 2.541988
8.560335 2.027712
8.626617 1.794631
7.943414 2.149067
4.809421 1.281588
3.573491 1.965047
6.047580 1.219920
8.188900 1.268688
7.263596 -0.284359
8.133110 1.897729
4.551067 1.144696
7.158604 0.020431
8.626477 1.903603
7.268790 -0.192161
1.213896 -2.899083
2.554558 -5.429024
4.644601 -5.110522
5.125997 -4.302234
5.517303 -5.795883
6.104161 -4.586639
4.701183 -4.578319
4.822018 1.331011
5.343002 1.196372
6.431031 2.661444
6.826329 2.096566
7.505864 1.701957
4.975258 1.118767
6.667183 1.943175
7.101440 0.611874
5.945611 2.670947
7.116891 1.178847
7.039853 2.897001
8.725438 4.071398
8.903799 5.200627
7.767230 6.044916
9.641993 4.824939
9.681469 6.053841
7.342697 5.178710
7.062990 5.511455
6.438496 4.505672
9.662242 5.111643
7.077805 4.962337
9.441324 4.468080
7.360551 4.364038
9.102220 1.809587
8.533337 3.564119
9.288094 3.963072
7.608367 3.203440
7.361285 3.668279
10.846535 3.576039
8.042928 3.488226
8.968759 2.191156
7.280674 2.072295
9.221475 5.020001
9.500283 5.200336
8.154695 7.925593
9.220056 5.609002
8.970132 8.396414
9.448671 6.812489
8.103662 2.963089
9.056058 3.077807
14.803203 3.479435
14.946770 4.017587
15.885496 4.152851
15.846634 5.385730
16.856924 1.569655
11.045524 11.748044
8.768903 4.486675
7.098681 2.911056
9.574726 4.143329
15.011938 2.832288
18.263832 10.878716
13.777641 9.168262
13.512543 8.796883
9.397367 4.997496
13.883835 3.471193
11.486206 3.647890
12.531786 3.666505
13.270746 3.578496
19.167297 3.391146
15.727388 6.761091
16.462429 7.774840
17.565163 4.304396
18.261324 11.452065
13.679018 9.451520
11.671545 8.794940
16.565382 7.096763
8.412496 4.925072
8.698315 2.535932
10.381830 3.429748
8.693790 5.454541
12.458910 8.993358
9.245083 10.760769
13.420603 9.712270
12.180860 10.792303
17.011127 8.762129
13.678318 3.617596
14.207666 3.182895
14.239859 3.131548
10.397353 11.116657
9.631662 6.919087
9.456830 5.065567
5.485906 3.129875
9.085320 3.172678
9.108809 6.067009
8.463409 6.234121
9.648947 6.152560
7.335380 6.779772
7.196509 6.551085
5.286188 6.250550
7.823214 3.737349
7.157407 2.303807
7.356729 4.181330
8.343889 4.350842
9.072343 3.408864
7.641813 2.758315
8.922659 3.648620
7.087643 2.898945
7.191499 1.706918
8.890703 1.534928
7.294055 2.052364
8.349170 1.311630
7.452469 1.349272
5.764159 1.133555
7.781053 3.352449
6.553265 2.569223
9.729042 4.379126
7.488436 7.077685
8.709997 6.659482
8.556094 6.591556
9.034653 4.429445
6.675081 2.126994
7.221171 4.302327
6.963755 4.914436
7.860766 6.593196
8.892488 4.924906
8.411656 4.747339
9.243053 4.790533
7.380429 2.254423
8.713130 3.340283
10.546644 3.698300
14.947575 4.815590
19.716509 9.366183
9.470257 8.250573
9.281858 6.616662
11.455788 10.862955
7.248767 11.787769
10.275709 8.942940
11.420850 3.536682
9.505681 6.244863
8.251799 4.685720
7.206061 1.763556
7.544349 1.578206
9.098022 1.721558
8.710588 1.734281
7.463039 6.958377
7.773771 3.914518
10.271868 3.683235
8.418359 5.539651
8.991005 8.209576
12.063602 10.392742
9.739422 9.138243
7.812500 1.518587
5.291096 2.195345
7.633101 2.257812
5.685118 1.485097
8.751013 2.811608
8.058496 2.406565
8.582361 1.632515
7.265650 -0.385718
8.083441 2.769595
7.560010 12.085142
11.199425 10.875684
10.880447 9.837239
8.789375 7.169590
7.089190 -1.874637
7.291012 -1.508846
15.290979 0.904147
14.209938 3.074453
15.784021 4.679196
14.686599 3.185349
14.198849 3.773346
15.721843 0.968135
11.845871 3.738182
14.154589 3.607401
14.342272 2.348864
15.216619 2.821387
14.046179 3.456422
11.954624 3.535131
8.936494 3.182230
9.425751 5.229029
7.323026 5.823065
8.091203 7.258299
11.225562 11.768538
11.870823 10.729981
14.802166 9.827311
13.691053 10.124135
15.837108 10.038093
13.419765 9.882787
11.789902 8.793808
10.353271 9.202707
11.153021 9.606335
9.743530 6.279304
9.327370 7.696976
11.903366 9.223191
8.980010 7.804942
7.226981 7.026831
7.522957 9.593024
6.603096 9.409227
7.912746 5.349543
9.603222 7.028419
9.704646 9.985249
11.969469 10.195985
10.853045 9.379705
6.314216 9.239720
7.907046 4.670607
9.829971 6.524440
9.534580 6.183934
9.130525 5.367037
11.017817 3.494413
12.028486 -4.699862
4.904189 2.613502
6.209801 1.509780
7.990250 1.287603
8.189119 3.182800
8.817715 2.904562
9.086967 7.086861
10.218351 9.881569
7.831932 11.027563
8.476097 4.046640
8.416828 6.429953
7.818350 4.189500
8.260553 1.428429
14.443403 1.776774
14.836977 3.576812
8.172039 3.515950
7.970671 2.678494
9.479324 4.183898
15.458033 4.737957
11.678413 3.536318
11.779978 3.603322
15.412687 2.305796
15.055202 -0.062881
13.048077 -2.141445
9.839703 3.695395
9.947868 3.783094
7.080828 4.948181
7.116873 3.347639
7.677576 6.191405
17.321413 6.871401
14.217799 10.218807
12.229773 9.518924
9.328341 4.648836
9.087438 5.570891
9.624063 5.490860
7.866957 3.724027
6.870290 -1.964391
6.838034 -0.576076
6.708848 1.582792
3.931165 1.155955
6.937559 0.702672
7.474900 0.261934
8.884628 1.771583
5.525958 2.586379
6.974370 1.902569
7.933064 3.944645
9.713671 5.172116
15.010849 2.726949
8.137766 2.451724
5.230014 1.095950
2.258243 1.604726
2.274691 1.552273
1.589995 1.206596
5.166958 1.116856
8.170914 2.146490
9.028957 2.032471
5.883057 1.999769
6.831684 1.302863
7.436811 -0.227139
7.359547 2.011662
7.520416 2.558504
8.008541 1.448184
9.033061 2.481959
8.860561 8.499526
11.546997 10.210782
10.969361 8.856248
9.070148 9.038790
6.858678 6.409154
8.923817 7.879556
8.835522 5.620840
9.189254 4.798888
9.411108 4.084294
8.961077 5.336647
9.576233 3.716401
14.262678 0.726865
13.945784 3.491618
9.422955 4.560697
6.365179 1.103586
5.974651 3.037813
8.705112 2.565673
7.753678 3.145670
9.501718 5.863510
8.291870 4.644594
7.957907 4.240945
7.884556 9.869174
11.899852 8.959632
9.556701 5.649918
12.932096 8.995992
7.043257 3.400257
5.758406 2.845231
7.413157 2.820040
14.865961 6.975569
12.305501 12.141897
12.411781 10.138552
9.626919 9.287444
13.122553 8.878661
8.878356 10.156930
9.698712 8.818760
9.550412 7.253729
9.363941 8.549874
9.317995 7.773003
9.681131 4.147798
6.102345 3.596362
9.045124 3.404276
9.051517 2.663169
3.420341 2.175336
4.903646 2.808703
4.160393 1.243182
3.470029 2.311306
2.654573 2.270528
1.343297 0.904595
0.138211 -1.964809
1.167660 -1.186619
1.568690 -0.201653
0.147095 -1.442137
1.618203 -0.676866
1.231815 -1.937495
1.581555 -3.213275
1.953554 -5.265292
4.540179 -5.012291
4.691933 -5.958368
5.775533 -7.064515
2.989438 -7.663323
5.259460 -6.667264
5.729093 -5.283664
5.128815 -4.402045
5.165274 -6.311077
3.749208 -8.586328
7.362001 -8.102096
10.511394 -8.971364
9.063370 -8.356867
9.447836 -8.115882
9.708342 -8.151487
8.297220 -8.011309
4.635029 -8.669570
2.285301 -5.943151
5.578785 -4.019123
4.049863 -4.213247
7.455312 -2.089453
7.360127 0.930956
7.156872 0.900754
4.517747 3.276019
4.767306 3.705111
3.859556 1.859711
6.984140 -2.015606
4.380771 -8.003633
4.618994 -4.216107
4.021540 -6.818085
8.938106 -8.410533
3.965936 -9.069777
6.016269 -8.927052
9.371923 -8.139436
12.252469 -5.530683
11.786528 -7.032929
10.971001 -11.938038
8.823558 -8.298498
7.498771 -8.839156
8.732846 -8.583336
8.321107 -9.596531
5.866662 -7.930233
8.231876 -10.104127
8.670276 -12.109771
6.983838 -9.232953
12.217571 -10.118507
11.413530 -6.805939
11.776548 -4.317493
15.548763 -2.080840
13.759382 -1.817793
18.909328 -1.506811
16.594063 0.533469
15.067646 1.109735
14.926008 2.078586
15.363400 2.245991
10.862664 3.536281
9.734914 3.903119
9.668558 4.755497
8.681335 5.976773
9.616590 5.898506
9.473776 5.223266
9.370201 8.284006
9.425176 8.063993
9.216107 3.595757
11.604942 3.692152
13.835818 9.797384
9.892281 9.051841
11.280708 11.446123
13.331446 11.859407
13.216918 10.957147
7.998112 8.915724
9.699171 6.977558
7.817719 4.789701
9.097785 1.946642
8.582301 2.950713
7.010181 1.473951
9.160446 5.108606
9.843760 5.161249
7.542778 5.146064
9.139966 4.273368
9.470215 7.096332
8.401003 1.948201
9.449867 4.587710
7.874793 2.824181
8.768663 1.328523
9.112446 5.809074
8.620872 3.307006
9.066110 2.873555
8.671495 1.326353
7.014484 3.900264
9.841505 5.827310
7.974435 9.123755
9.853305 7.308162
9.353878 5.781522
9.839408 7.588858
8.437207 5.338799
7.707528 4.572933
8.934601 5.653192
12.338762 9.414071
12.573444 3.611691
12.285459 3.641768
9.608904 3.739627
6.249474 5.412333
7.468126 8.713813
11.866499 8.928610
14.282581 10.008722
9.510174 9.385720
8.716198 7.774859
6.033000 9.654828
7.098828 4.352727
8.896962 1.667947
8.816775 3.464910
6.224636 2.076233
7.156041 0.950172
8.708822 2.706325
8.787379 1.750134
8.222270 6.924052
9.386499 9.360723
8.278501 9.353145
12.433283 3.662494
7.778977 5.036017
8.325415 5.394807
6.979728 3.650228
15.529236 4.198188
15.838755 3.971409
10.607404 3.640998
9.549801 6.328691
9.095575 4.297204
9.499524 6.990378
7.123141 4.689536
9.751923 5.160126
7.297649 4.935437
9.078762 6.482747
7.805996 10.058741
10.948318 9.098404
9.212269 7.292945
7.255508 4.818345
8.989295 5.258107
9.109675 6.283951
7.032582 4.900470
15.380795 2.349715
16.777948 3.609234
14.310188 0.644995
14.947044 0.292070
14.388234 -2.274044
13.187778 -1.605669
13.287827 -8.614944
11.693710 -5.095751
18.043093 5.305770
14.737467 1.298123
18.845091 5.947099
14.960623 5.123509
8.315301 5.681115
7.662270 5.003620
7.975813 2.393254
8.846453 4.703672
8.330923 5.226205
9.381496 3.609822
9.406528 4.530073
15.049366 -0.873376
12.750774 3.513693
11.245182 3.784011
12.862571 9.719064
14.832296 10.764195
9.371221 4.070734
7.056029 2.811511
7.678316 2.256307
8.814360 3.202202
9.348886 4.701982
14.296783 -6.578421
12.651060 -5.519138
14.905733 -3.851656
13.492130 -2.546928
14.720254 -3.266612
19.258883 -3.564730
9.674809 3.537241
7.032143 5.764645
7.502716 0.810733
7.275846 2.501203
8.854134 2.550443
9.388144 6.067307
8.289239 2.253668
8.904719 1.457423
6.484906 3.820463
11.459525 3.547765
7.168589 2.487985
7.783118 2.817707
15.864609 6.385835
15.114492 7.279366
19.821207 7.590685
15.838416 6.598602
15.049879 4.484606
15.824350 5.436960
14.422779 2.020330
15.464390 6.023973
11.921134 3.619645
8.852564 3.334525
7.697651 4.884757
8.495028 2.994012
8.389870 6.806186
9.719292 7.244313
8.628200 3.347098
7.395798 3.024623
7.115517 2.187618
7.034481 3.437401
7.620051 3.238805
8.075871 3.507766
7.725652 4.065979
7.234704 7.015059
9.827568 6.307301
9.187385 10.550437
8.543934 4.955129
7.550144 4.443146
6.549903 3.630682
7.277255 6.435173
8.736832 7.589757
11.173837 10.457793
6.448560 4.499274
8.229006 2.966107
8.959805 4.997584
6.854348 5.704137
6.850632 6.556781
9.782660 4.681635
9.186199 7.134468
8.318512 8.137801
9.597321 5.955141
9.712770 4.874828
9.812332 5.158882
6.763612 7.551643
9.367769 6.997309
7.477492 7.313421
9.200126 7.830766
8.460880 2.076542
9.150995 4.956419
9.851421 7.072103
8.510809 7.222731
8.478180 5.497666
9.558177 4.934302
9.754536 5.809008
14.746665 1.914174
14.747645 1.793879
14.957204 0.428039
9.072335 2.074355
8.853668 1.661024
8.784845 2.586060
8.694856 3.316384
9.339598 3.878691
7.327209 3.845135
8.910196 6.663463
9.431272 3.636228
9.736914 6.940629
7.894163 6.824982
9.084455 3.864741
10.819959 3.468635
8.294403 2.177948
5.823657 1.124815
7.128922 -0.220839
7.577436 1.771722
7.989077 1.343463
8.726053 2.434483
8.782433 1.709064
9.648727 3.416256
12.376194 8.821561
15.728882 10.387893
10.989479 10.490295
5.834184 9.264784
8.470127 7.830255
8.651229 3.914015
7.500474 1.968254
7.075481 2.344915
6.113901 4.785728
8.360606 3.416388
7.512074 2.105354
8.861498 3.050980
8.993984 6.976279
8.186392 5.868654
9.547010 6.518781
8.841505 6.820783
11.637944 9.834850
10.186029 11.154547
7.746202 7.033151
9.785643 4.092116
9.121185 3.696004
8.766390 2.107717
7.340302 4.256748
8.325461 4.364899
13.443605 -1.944825
14.752831 -1.602751
16.388468 1.775591
16.111910 -2.818019
16.560966 -2.935387
12.702142 -3.076766
13.092215 -1.983805
13.597788 3.622818
9.756126 5.613151
9.342161 6.591307
7.549282 6.163606
8.202774 8.305405
15.510339 2.988210
14.237246 0.458556
14.957786 1.306249
16.749508 -5.124640
18.267181 -2.410935
15.661627 6.428411
17.352230 7.940735
19.186876 17.685556
12.536805 9.883634
8.843790 10.651366
9.778749 6.986490
10.296864 3.574344
7.299483 2.745965
5.522827 2.022973
9.399028 3.571266
15.375815 0.211900
15.778087 -1.536590
6.800826 1.957870
8.416070 3.586314
9.675941 3.419833
8.667457 5.487022
8.825168 4.823267
7.295917 0.499830
5.560656 -4.342339
5.567935 -8.718952
8.661206 -9.229896
8.371755 -9.423453
6.405802 -10.722808
5.150800 -7.134385
8.374622 -11.068511
7.136268 -8.901399
14.528389 2.594743
15.631419 1.293919
17.612049 3.762852
14.891142 1.793506
16.957144 3.776926
14.482620 -1.162620
15.132421 5.908617
18.796185 3.677763
15.007442 8.341237
15.670544 7.181975
17.232370 6.548249
18.238800 1.739882
11.620852 3.613515
12.349009 3.669166
12.732302 3.784968
6.732290 2.338489
9.232534 3.639557
8.209734 5.108334
9.573936 6.938838
7.227229 2.543597
7.283710 2.247514
4.552821 1.958985
9.910955 3.773310
7.274327 6.424460
9.226480 4.317596
7.875199 2.067070
7.289241 1.344163
9.031890 3.214436
8.009189 6.615909
7.645591 4.387187
7.451158 0.569170
7.324570 1.029463
4.800404 1.670555
4.973897 1.581291
14.721622 2.629167
9.515195 3.992699
7.197956 5.746184
8.027675 4.396161
8.478792 4.699880
9.039940 4.619813
9.317217 4.337386
9.576511 4.575167
9.470768 7.537481
7.022186 6.138023
8.357439 5.025292
9.300065 4.948458
8.125286 5.474916
9.716993 5.438064
9.185677 3.856729
12.082196 3.425612
9.257463 5.466490
9.059447 4.251521
6.801681 7.106557
6.192096 4.455224
9.827618 5.784787
9.845357 5.133321
7.320792 9.737044
10.213449 8.904497
8.511100 8.926421
9.248630 8.922177
9.296097 8.708941
9.575892 4.995490
8.640007 5.200993
8.835648 5.520423
9.788688 5.508393
8.523643 6.504455
7.054976 1.476035
8.283993 2.208254
8.783421 3.822433
10.169249 3.576424
11.284998 3.640330
9.643502 3.482482
8.488628 4.562459
5.514943 2.255018
6.978159 1.189104
9.619793 6.339952
8.695086 2.907007
8.385597 5.085087
7.529602 3.692453
9.351429 6.558557
8.766241 6.987827
8.992620 7.956268
10.743046 10.895041
12.731979 10.128787
14.346046 9.600654
14.466108 12.368923
10.631493 10.972331
14.057226 11.674726
9.562014 10.967145
10.822777 9.957396
9.619707 12.982299
12.105412 10.244289
10.984312 9.064052
12.625223 9.991424
11.268600 3.642717
12.572971 3.682172
14.054149 3.625643
15.117500 6.070661
17.632557 4.231156
16.357399 11.655222
14.321866 11.595595
17.312378 4.774415
17.128483 3.358504
15.113196 3.099793
14.846490 3.251076
15.531788 5.150778
15.935778 -1.435122
14.892281 6.360882
9.011778 5.191917
6.894358 4.327729
7.714321 2.918902
8.542069 4.048938
8.909672 5.162092
9.755457 7.733061
8.149292 4.410830
7.329150 6.523151
7.104306 8.101667
9.508999 9.456105
11.901325 9.233735
15.732404 4.435391
16.530739 2.807679
15.518631 6.503863
9.582833 3.985201
10.963533 3.438267
10.200717 3.488137
9.366699 6.799276
8.933054 5.386257
9.385073 5.997022
8.250891 2.134565
8.858084 2.180435
8.313947 1.625213
7.092710 -0.781476
3.541685 1.852858
4.839443 2.166095
6.256060 1.920122
14.344227 0.808828
11.220987 -4.519335
12.576198 -2.805168
8.241609 3.893493
8.210361 1.990956
8.221961 1.984138
14.273771 9.190280
13.369329 9.682910
9.378326 3.736038
6.933897 1.675375
11.863491 10.042237
9.266010 4.959494
8.936794 4.225688
8.528910 7.343912
8.730824 7.918749
8.824186 7.764834
8.877548 5.777396
9.784431 10.547626
12.645538 10.585981
12.285572 3.670515
10.852407 3.457183
7.530034 3.465436
8.456703 7.821797
8.854040 7.936766
8.227268 6.731613
9.235060 4.643682
8.183086 3.451156
11.766882 3.732651
9.737741 3.613194
7.124594 2.827460
8.197600 2.332445
7.639121 2.561978
8.169867 6.205219
4.554863 7.115690
11.832956 9.501712
13.514002 8.883483
10.541670 9.764148
8.302575 7.118996
8.126913 3.207793
9.082470 6.403680
6.516891 7.741537
10.234415 9.131497
11.522881 10.076074
11.467697 8.810322
8.867926 6.021511
1.332013 5.812284
5.366128 5.318642
5.010577 9.788619
5.245599 8.250474
6.587502 6.125217
7.496109 -0.982526
7.346177 3.642216
7.516667 6.670555
9.014763 4.310139
9.445465 3.835731
7.865835 3.310662
11.164848 3.704154
14.994452 0.095459
14.410513 -0.675824
13.758357 -4.599874
12.951352 -1.810225
14.084028 -2.669635
14.216099 -1.463004
14.172628 1.745310
10.455639 3.480771
15.225369 3.054161
16.174137 4.091038
6.639970 1.823019
7.839039 4.715161
7.058768 5.174653
7.411684 3.766149
8.460062 5.158925
6.058997 1.204048
5.428400 1.455520
8.881914 2.841989
7.674348 2.849584
15.868994 3.926367
15.860655 3.181740
15.344120 -0.484026
16.190506 2.127020
16.043293 0.708941
15.654287 4.715256
16.356926 4.114911
8.462104 2.574832
9.016622 2.227826
8.234455 6.044835
8.901359 6.323857
9.339172 6.310217
9.365583 5.298059
9.519106 3.834001
9.241414 4.676715
6.857922 4.413643
7.937628 5.492458
11.669205 3.755600
8.603536 2.437662
6.076519 4.613165
9.081020 4.664130
9.118033 6.583190
8.640182 6.234298
5.428422 1.934538
9.519747 4.209953
10.166675 3.495811
10.102157 3.703033
12.001057 3.477386
14.170931 3.157889
6.882228 7.268229
7.728025 2.554981
8.262200 5.715460
9.726034 4.606447
9.802347 5.008605
9.019686 3.535422
8.278748 3.492772
8.095481 4.741521
8.229924 5.477689
7.538295 6.242974
9.486921 5.064936
15.198187 3.212815
9.586887 7.027568
9.499488 8.394247
15.240602 9.221376
13.063324 9.573792
10.805342 9.802991
12.134972 9.039434
13.929956 12.366774
12.427828 9.985765
12.011908 11.259820
8.265086 8.072679
9.600121 5.966502
7.851901 4.231895
9.802467 5.825376
8.504829 2.709024
8.620317 2.965830
9.603668 5.629547
9.154454 4.495228
9.086830 7.849864
9.136147 4.417256
8.404808 5.629037
9.122290 7.481566
9.443365 6.775687
9.497229 4.814863
8.475794 3.285316
9.079508 2.134061
8.761703 1.641622
8.676826 7.301154
5.845563 5.448577
13.406116 3.507981
16.144327 3.632308
14.568342 3.060272
15.345562 3.614599
18.053194 1.752200
15.275324 0.380949
15.165880 6.844565
15.546127 5.802456
14.976673 3.971095
14.866716 4.012925
12.982422 10.279533
10.539940 8.946148
9.637767 6.994280
9.839058 4.196578
11.268246 3.644329
9.003498 7.292634
9.843256 4.356993
13.224642 8.957570
10.492326 10.221500
10.137478 12.381797
11.004151 9.379101
7.366184 6.837515
9.324958 8.065315
7.224968 6.683641
9.952615 9.840949
13.370039 8.939300
14.885820 10.446035
13.935966 10.871182
14.448835 11.907495
18.624111 12.348112
15.909277 1.122622
15.043341 0.781683
14.150728 -0.399443
15.743562 0.959613
14.858559 3.279200
13.237282 3.696539
10.041714 3.709877
7.951963 3.461417
7.318561 2.076771
8.751160 1.802007
8.411481 4.272320
9.460070 6.579720
8.178047 4.889213
9.444435 6.421144
8.744246 6.686943
9.025575 2.278436
7.671090 2.319380
7.368090 0.581976
6.413498 1.744085
8.750146 2.229069
8.201775 1.610811
6.763029 2.277036
7.223239 0.358211
7.087616 -0.163772
7.475277 -0.713981
7.048530 -0.341297
5.948624 1.594586
0.634647 3.588861
0.886356 0.756562
1.183653 0.476691
5.460459 1.744816
4.646888 1.230387
2.871226 2.302019
4.367437 1.701154
7.790574 1.575528
8.302368 2.844427
8.587057 3.630921
5.174551 1.397174
5.173243 1.136962
5.514999 1.770561
2.214339 1.660175
1.185598 1.052148
1.755204 0.181729
0.599562 1.275420
1.865313 1.276011
0.039910 0.987137
1.425513 -1.553482
1.576411 -0.895091
1.255549 -0.822108
0.515812 -1.463524
0.767252 -1.818983
1.800558 -0.812930
1.222678 0.523825
-0.201272 0.813435
4.988912 1.764526
4.537132 1.198224
4.664595 1.190276
3.929576 1.313892
1.221634 2.181268
0.420324 1.922587
3.312742 1.560080
6.145164 2.113559
7.309815 1.376353
7.354898 0.163576
6.942147 -2.014743
7.205183 -1.849760
2.161671 -7.510157
2.452530 -5.267946
2.672657 -7.842992
6.877143 -7.910428
9.601912 -10.274098
13.909246 -11.089475
11.220050 -5.962409
13.230825 -4.198651
14.770645 -2.064045
15.645162 -3.611306
18.433374 -6.384448
