4.198871 -7.892127
6.112358 -5.622473
5.199105 -5.523003
4.214180 -5.060072
4.100968 -3.977684
4.561532 -4.093511
6.077642 -6.542641
4.236738 -6.192313
0.671812 -6.148535
0.531819 -4.450155
0.098474 -7.127186
1.365899 -3.541445
1.425983 -2.412760
1.794346 -4.783166
1.086857 -6.525769
2.280540 -8.126264
4.588867 -5.348537
5.267779 -8.031590
6.463649 -8.184342
5.289008 -8.892058
5.140905 -8.140081
5.787847 -6.774659
5.211590 -4.959243
4.077821 -4.335185
1.726700 -3.171556
0.857846 -1.279844
1.794149 -2.146663
0.590791 -2.191080
2.015911 1.224164
2.276942 1.491368
1.203302 0.677996
1.419956 -0.181385
0.538791 -1.654544
0.989635 -1.384862
7.342838 -1.470972
7.335886 -1.366645
6.882881 -0.160075
7.309222 -1.310777
7.173175 -0.763323
7.673127 3.376290
5.357243 2.590798
4.545241 2.023345
5.499705 1.876275
8.123963 1.753190
7.584743 2.842659
8.024185 3.674086
8.285872 1.713468
7.539043 3.486605
7.105011 0.897840
7.564172 1.669772
5.425837 1.458301
6.372198 1.122237
6.835684 2.183453
8.760653 2.798502
8.669224 2.049827
4.371536 2.551046
8.133261 2.313263
6.395711 1.210046
5.389444 1.898940
4.046984 1.753039
4.936319 1.789619
4.781801 1.752497
6.626684 1.833742
7.474326 -0.588354
6.367750 2.199183
6.606771 2.101736
8.384161 1.491358
7.715667 3.720538
7.006588 -0.655209
7.114688 0.157695
6.747441 2.601657
7.458320 2.211705
7.209529 1.966584
6.013675 1.410193
6.310848 1.763363
6.572187 1.485252
5.577273 2.496650
5.324847 1.404933
5.670274 1.580633
4.703517 1.661066
4.643171 1.335973
4.199935 1.723559
5.031476 2.810423
7.090620 3.072979
7.111558 0.610901
7.393728 -0.462631
6.821961 0.928448
7.172575 -1.712850
8.214926 1.883618
14.593826 1.309217
11.686180 -4.743763
11.977839 -7.022069
11.245668 -6.043360
7.359653 -2.147218
7.558187 1.738568
7.191761 0.288969
5.661380 1.568180
2.174854 1.762322
1.682932 -0.818694
1.468310 -1.527150
1.541116 -0.844445
0.298819 -0.311641
0.163638 0.235217
1.056733 -1.736497
-0.178413 -1.463124
1.548167 -1.504867
0.814127 -0.424060
1.713620 -0.333243
1.136226 0.091985
0.874024 1.018472
0.873861 -2.050602
1.123726 -1.687273
5.078309 -5.332595
5.743062 -4.264007
3.267203 -5.218877
5.458817 -10.491616
7.713147 -9.878232
8.602701 -8.184093
8.437409 -8.523797
7.808945 -8.239738
5.845653 -7.927493
5.084918 -6.780014
6.140212 -7.755405
3.945353 -10.371774
7.918763 -10.544347
8.461439 -10.009550
10.049810 -7.849752
10.147013 -8.971844
5.641190 -8.356806
2.858702 -9.094104
4.681315 -8.943886
4.395268 -4.944599
4.493699 -4.271551
8.627548 -8.318430
4.821474 -7.348925
4.003249 -8.338096
3.949343 -6.802691
6.058022 -6.774363
7.241632 -1.422827
4.334226 1.512727
3.099110 1.557559
5.021014 1.645658
5.935608 1.695425
7.322190 0.648711
6.928280 -0.622126
4.489915 2.479599
3.847683 1.662827
1.128365 -2.302868
1.363405 -1.846197
0.985144 -1.759911
1.548730 0.413236
1.571956 2.521502
1.778009 0.248595
0.566803 2.779629
1.489889 0.716966
0.803522 -3.569520
0.631510 -0.840146
1.627339 -1.371154
1.641534 0.127048
1.185847 -0.112281
1.581762 -0.125537
0.508384 2.209486
4.793952 1.776995
4.380037 1.849636
5.179222 1.318783
2.171451 1.370374
5.373385 2.035568
8.520920 1.365964
7.028296 1.406124
4.797369 1.310675
6.788821 1.445678
4.184254 1.849887
2.614894 2.864606
3.318112 1.640971
4.259330 1.407246
5.034394 1.724663
5.640394 1.394206
3.747426 1.379854
3.446294 2.121865
3.627464 2.236753
4.767598 3.096869
4.541034 2.679740
3.129917 1.761252
5.148960 1.673775
6.594294 1.848297
7.466938 0.802911
7.270690 2.162549
9.006030 2.218477
8.472807 1.891675
4.803828 2.938679
7.877306 1.466167
8.539564 2.736582
8.625021 3.782035
8.668452 1.981482
8.106747 2.908866
8.641618 4.257794
9.340223 3.607685
8.966016 3.288114
9.817310 5.036907
9.247272 8.725805
13.087831 12.674736
14.257168 11.654618
12.022163 10.173111
8.493519 9.603026
9.601862 7.404007
9.507425 4.991605
7.839978 1.658180
7.304811 2.332328
7.624548 1.381878
7.822770 2.624977
7.767446 2.451069
8.851738 1.457815
8.041787 1.961245
8.195723 2.420603
5.985657 1.549675
7.387188 -0.399635
9.304338 3.510016
7.099800 5.199900
9.147161 5.222013
8.643786 1.291256
9.124094 4.132940
9.542027 4.450831
14.504727 2.515986
8.537525 2.955012
7.123664 2.826425
9.441732 7.229357
7.284404 4.743184
9.770766 3.721250
17.004456 9.113575
13.087873 11.728640
12.706665 9.640346
12.392014 10.060602
15.899390 6.284684
14.925405 0.771795
16.114084 3.306745
11.615343 3.638906
7.271441 -1.497088
17.196327 0.792321
18.973806 8.131481
14.996178 5.494503
15.796362 2.059319
15.624258 7.026614
15.583008 5.054314
14.889633 3.609388
17.156857 8.212124
15.993850 9.640806
17.405529 0.931339
17.819551 5.668386
19.808285 3.308462
15.305941 0.769290
14.881937 6.482532
15.706327 4.399003
14.689927 2.490626
19.393204 4.985515
15.425499 -0.025228
15.887897 6.649863
15.906908 13.933822
16.409340 13.489282
12.513304 10.290533
6.854953 8.635823
8.311586 7.818035
9.420292 6.489924
8.234665 4.184300
8.335975 4.137947
8.399672 2.260258
8.573754 1.323109
6.345129 2.696876
8.604385 2.053391
8.103072 1.565347
8.371119 3.324790
8.322138 2.298375
7.271431 1.447480
8.756452 1.803559
7.750761 1.459246
8.900988 6.486836
9.602026 4.851558
8.610801 2.532122
8.601746 3.616630
7.638258 3.588040
5.894659 1.617781
6.722449 3.653194
11.952887 3.484314
6.936009 -0.982378
6.546206 1.795105
6.844398 1.454780
7.239150 -0.427809
17.675598 -3.434794
14.117660 -10.999770
13.517315 -3.543617
13.717365 -5.888980
13.108439 -3.431443
13.682703 -3.674243
1.160942 0.832209
3.164450 -5.605380
3.839435 -4.093689
1.280547 -2.035897
7.112212 1.153911
4.899968 1.557242
5.446344 2.635891
9.000177 2.640498
10.945498 3.435330
7.161087 -1.090239
7.397532 -0.303678
15.549942 -2.101035
8.084939 1.742644
8.060975 1.533248
8.961720 3.487677
13.269516 3.580278
10.365751 9.672892
13.527181 9.564107
12.428041 9.443580
7.983218 7.994302
3.947038 1.118783
4.241829 2.398681
5.510834 3.585579
8.714970 2.297647
7.320368 3.167473
6.977871 0.398185
6.948884 -1.108417
7.331558 -1.759468
7.242598 -0.364828
7.390838 0.016677
8.411662 2.630449
8.529778 6.284996
15.868603 2.278351
14.552452 3.023150
14.313777 0.264369
15.537288 0.309715
14.394341 2.111712
14.810768 1.112127
9.702202 5.161636
18.399204 4.486745
17.778439 -1.387644
6.076587 1.578957
6.394415 2.248148
8.309799 1.638829
8.767595 2.084422
8.204772 1.836927
8.789480 5.650739
8.280933 1.955159
8.546462 6.074090
9.272303 6.647252
7.794342 6.930171
12.536047 12.989864
9.928602 10.508290
9.233621 6.059999
8.292136 3.915034
6.795137 4.943765
7.939598 3.340619
9.650950 7.233565
7.725026 5.781223
7.559340 6.564436
9.694606 4.941184
9.071518 9.086213
9.104102 10.044684
10.813814 10.246091
14.792583 3.139513
15.989820 4.843655
9.613174 6.149338
9.109377 6.679588
9.613624 4.524327
9.838641 5.434117
12.714640 3.485052
10.082207 3.648272
7.723547 8.039920
9.839068 7.296925
9.483621 3.652578
9.493107 3.859479
7.183977 5.267067
8.757755 3.384452
8.476468 2.672063
8.416447 4.380923
8.231282 3.929449
9.806503 6.546594
8.080284 7.779070
8.525230 8.484935
8.257592 5.160666
7.959759 6.397457
7.206053 6.987979
10.631161 11.536304
15.521781 8.370805
17.124971 5.741099
15.648745 4.991571
16.657043 5.454786
18.719255 4.271200
15.852677 6.186370
16.048080 5.922304
14.907266 5.283403
16.314640 7.334923
15.017608 2.267333
15.162499 -0.964826
14.337850 -0.315597
13.136124 -6.282759
11.114074 -10.538341
12.861959 -7.362856
7.299842 -10.919705
8.038502 -10.043756
8.938313 -10.701655
7.576822 -9.853881
8.072059 -8.787610
6.657721 -7.893482
10.336312 -8.278457
9.968004 -9.077250
14.395351 -9.164162
6.350283 -8.490680
5.520716 -7.544035
4.291700 -8.441276
4.214622 -9.321791
9.953608 -10.175333
5.126763 -7.436010
8.665672 -9.178779
7.555045 -9.793191
7.605647 -9.183847
5.113941 -9.201558
5.463253 -7.002099
5.469531 -6.168465
5.640125 -7.211004
5.739075 -7.607217
7.255676 -8.749736
5.504932 -7.308384
9.112048 -10.634630
4.781921 -7.433400
7.200350 -8.596292
8.836521 -8.515341
2.418733 -6.831054
5.556444 -5.563397
5.191290 -4.954371
5.495587 -6.113403
4.838640 -6.144652
7.324854 -8.941618
8.664104 -7.934857
8.611008 -8.145004
12.415178 -8.501117
11.752754 -7.551881
11.523449 -4.426692
14.383896 3.369683
17.307007 5.302769
17.958355 7.229637
11.793603 3.432575
10.553066 3.783497
9.291965 3.522135
8.276264 2.762600
9.342985 4.568198
8.943007 3.706122
8.972668 5.314158
9.038340 4.335860
9.128304 6.222827
9.172821 3.569451
11.801636 3.538521
15.105911 2.224075
14.254475 1.067524
15.312784 5.067661
14.131431 -6.027105
12.669806 -4.484239
13.391882 -4.575985
14.962955 -0.934403
17.666042 -1.331637
14.688141 2.229935
9.076363 2.349225
6.365188 2.549932
4.885241 1.943498
6.077856 1.718057
9.488470 3.904312
6.837171 0.700404
8.502834 3.858557
9.247658 3.919235
15.243796 4.934209
13.622743 -2.603335
12.659337 -3.087582
14.144150 3.789983
9.102566 4.140202
10.169517 3.779090
8.786648 5.208827
15.831223 4.801127
9.623892 8.608562
9.667974 4.280744
9.470713 5.126401
8.060763 2.360750
9.274197 6.130568
11.825018 9.603594
12.438173 3.604265
9.435607 4.334344
9.677165 6.922004
7.004977 11.215738
10.297177 8.974920
8.890323 2.011576
13.590600 -2.160105
7.704998 4.819241
8.901595 5.174526
17.709867 5.037545
19.387856 5.849957
15.332760 7.909062
11.263823 9.399228
11.329293 10.730433
9.808752 8.595901
9.245461 4.172130
16.404863 2.758965
15.186326 4.223192
12.485306 9.213735
9.728052 9.174054
6.956507 4.385528
9.236073 3.676310
7.287843 3.893649
7.670845 2.119468
8.810777 3.619992
11.956427 3.509993
13.379555 3.660451
10.225058 3.652898
11.349963 3.478181
10.878722 3.534241
15.450333 4.177379
16.883236 0.749899
14.830134 1.593075
14.320196 0.199015
15.878551 3.951623
14.230005 2.497418
13.244179 3.763466
15.924008 7.292120
16.097649 4.714396
16.023317 5.002560
15.860919 4.331521
14.858577 5.311553
15.414602 4.589503
9.064080 1.989303
9.756111 8.720852
6.974012 9.547666
9.586657 5.162840
10.599979 3.681178
12.761526 3.761712
15.396719 3.355128
9.357643 3.649434
7.460674 2.259677
8.376749 3.133438
9.477970 4.241127
8.596840 3.502408
8.165627 2.832878
13.732507 3.431803
9.516809 3.715062
9.387959 4.771149
8.568220 2.945635
7.855124 4.133240
9.372503 7.365521
8.789138 4.506526
7.563114 2.639165
7.521778 2.661861
6.273184 1.785630
8.375230 2.629319
9.834170 3.434603
17.678629 3.090068
15.509792 4.280326
14.499044 2.743689
15.965582 0.897089
7.216219 4.166737
8.159933 8.203930
8.313119 5.660195
7.212391 4.743872
9.444118 5.685339
7.186105 5.814524
8.886671 8.598954
11.138039 8.829371
12.373365 8.892652
15.023459 7.170479
16.870672 6.974415
18.696995 10.783879
13.802553 12.099409
15.687366 6.407460
15.173300 5.522446
12.133919 3.772269
12.982573 3.627319
9.162786 3.700455
8.972658 5.811013
7.164046 6.780393
8.468869 4.779253
5.046570 4.862170
9.840418 6.699287
8.711094 2.286623
9.019568 3.320933
8.066007 2.960364
8.508281 1.404387
7.598658 1.505895
8.794898 5.264085
9.575512 5.974164
9.774345 7.359041
7.282563 6.236741
14.266237 1.329787
6.297856 5.082976
6.852678 5.020814
10.109622 3.569518
17.640244 5.525024
19.186720 5.995189
15.094735 5.047351
7.450871 -1.637566
6.972379 -1.374087
7.117256 -2.099156
7.169085 0.731494
5.361480 3.269387
6.715490 11.454528
12.101832 9.608636
11.232733 9.909810
7.375438 7.725621
8.078731 4.121564
8.693376 4.995341
8.870172 5.176715
9.380932 4.669736
9.483227 5.330446
8.451326 6.727781
8.479927 9.414515
14.068914 10.133112
15.242346 9.228526
15.365591 10.901143
11.386683 9.018310
8.416475 10.087729
11.889487 9.530672
12.238701 12.768778
13.309537 13.030566
12.719685 13.291584
17.427015 7.771378
14.890429 7.479206
14.946007 3.825759
19.797832 2.798170
15.237580 5.474362
9.546901 4.910414
9.654189 6.695447
9.114373 5.442008
9.373647 5.851496
8.144471 3.896305
8.963402 2.243954
12.922075 -1.702920
9.041801 -8.778300
7.442555 -9.305535
11.573402 -7.833302
17.045723 -5.116024
15.099002 -7.696095
16.937933 -10.642918
8.604438 1.585650
9.090391 3.009685
9.705769 6.483027
8.511717 3.505854
7.366007 3.987771
11.803257 3.529394
14.688665 2.753805
10.778506 -10.249578
9.117893 -9.367283
6.280133 -9.769723
4.927377 -6.629334
5.381258 -5.663637
5.232912 -7.317310
12.394504 -4.797978
12.012058 -7.134937
11.366888 -4.732378
11.552437 -6.198271
11.415176 -9.284348
9.488797 -9.051129
9.867404 -8.607434
10.549129 -9.854757
12.578273 -3.168971
14.093243 -1.884186
13.900378 -6.621869
15.714034 -3.103779
16.848787 4.736921
16.800076 3.992145
14.932743 6.668148
10.510588 3.710754
9.735088 6.283741
7.431616 2.239605
8.918505 2.392801
8.209241 2.472390
14.580790 0.462439
14.862363 -1.819908
14.984476 0.705028
17.655460 -0.834268
15.214913 3.578997
15.377522 4.573528
16.173262 3.137446
13.017895 11.965535
14.644779 8.946684
15.297756 12.499557
17.088741 7.510681
15.695430 -1.127588
13.717897 3.578008
6.982180 -1.130734
11.158659 -3.853338
14.304565 -4.073006
15.302282 -3.334080
14.302071 3.349905
9.356819 4.079782
14.572037 2.644705
7.769823 2.764152
8.167702 4.111653
7.779769 3.071558
7.872283 4.393309
5.893067 4.558818
8.441660 4.698775
9.494104 5.510540
15.877588 5.759071
19.074539 5.361028
15.347857 6.261418
15.047086 6.657177
14.091448 -2.023939
14.353002 3.301044
14.876261 7.624830
15.641658 6.647849
9.437789 4.275260
7.910719 5.997535
7.974671 3.866838
8.933163 3.569582
9.783216 4.417118
6.984112 1.328329
10.668327 3.582202
13.410343 3.497840
11.458491 -5.516284
11.970470 -4.844875
15.243176 5.101722
15.189354 2.063173
15.111734 5.122641
14.971394 6.929006
9.243570 3.585520
7.340292 2.260448
7.494796 0.425108
8.845796 2.664670
8.504437 1.848830
8.787861 1.705383
9.803541 4.982490
13.830109 9.842550
11.092597 9.039172
5.611215 6.192125
8.023473 3.418501
9.615906 6.794621
9.406176 4.893276
9.251364 5.805467
8.690929 5.105726
9.747353 5.439152
7.907077 2.693294
6.688581 3.855970
9.387827 3.973347
8.404748 4.635648
8.179404 4.165473
9.051173 7.562185
6.956030 4.002952
8.828959 2.470081
9.381675 9.352715
10.714937 11.115015
14.131676 9.126030
13.639740 8.946532
11.140916 9.246355
9.193291 11.161383
9.038757 8.840948
8.858234 7.414101
11.592500 9.026077
8.749387 5.936123
9.465029 6.322920
15.691027 4.300222
14.809742 2.977046
14.956886 2.858461
15.926250 0.543826
15.578828 4.673459
15.635790 0.996197
7.102578 5.813056
6.542600 7.813274
7.441291 7.166862
12.579149 3.751719
15.408891 0.996878
16.067759 5.322081
13.798117 3.469719
15.385916 2.736523
14.706705 2.371187
16.099377 0.557372
17.517628 10.741010
17.481861 8.494466
13.588432 3.527205
9.868868 3.708828
10.250441 3.679643
7.280540 3.464113
8.779470 2.331465
7.686420 2.820065
5.880856 2.577871
9.022187 6.092903
9.372023 3.559439
9.715414 6.571293
12.981077 10.012033
15.763620 9.006059
13.449048 9.335612
10.224554 9.567623
10.434826 10.588362
8.960724 6.872851
9.816768 7.245812
8.113404 7.225342
8.388680 3.373974
8.608662 3.243382
7.429779 1.501962
6.323787 2.053370
7.005001 2.186383
8.764629 2.270588
8.745479 2.124214
8.461486 3.174614
6.559587 1.565169
7.426888 -0.699314
7.030743 -0.988607
4.134513 1.061099
6.569839 3.170293
8.804861 2.423969
8.588875 2.086240
6.201258 2.805372
5.153782 1.938273
5.842156 3.700308
7.437203 4.248911
7.612138 3.186558
8.240274 1.285485
9.419910 4.213765
8.568534 4.257974
8.932751 4.014847
8.611036 3.654751
7.710159 2.867753
2.575978 -4.609785
1.500016 -6.379183
2.910839 -5.601774
3.521406 -4.681488
5.172812 -5.050143
7.059931 -0.886396
9.094255 1.579623
13.514072 3.503314
12.713923 3.425114
9.734413 3.702134
9.052436 2.915795
6.917726 -0.457432
7.462488 -1.548435
2.582153 -6.261850
1.906971 -5.072773
1.033890 -4.137964
2.337510 -4.687210
4.349895 -5.050659
4.736154 -6.789134
6.379399 -9.427720
6.898517 -8.711244
8.066383 -8.759335
7.890847 -10.452296
7.582829 -8.266445
8.929755 -10.243313
13.619251 -10.182926
12.262502 -4.344733
14.870995 -4.813067
13.631535 -3.077165
13.751148 -7.313113
11.347040 -6.854141
5.666828 -6.807683
5.404455 -5.849169
5.955458 -6.475905
7.000360 -1.939503
8.890039 1.393147
8.372620 2.337520
9.052599 2.126153
8.899379 2.877671
7.142456 -0.373449
5.866908 -4.279755
7.874188 -9.694793
6.811064 -8.794494
15.877843 7.893215
15.847398 6.566184
9.418816 5.058243
9.615532 7.356497
6.725790 6.993514
8.797094 4.973563
14.816790 -0.931362
7.344013 -0.649311
6.854879 -0.293755
7.161543 -0.315251
12.228564 3.641629
10.608283 3.447184
15.060098 0.982711
15.524263 5.369168
16.036060 6.587305
8.970658 2.940445
10.848039 3.549132
12.442539 -4.891154
7.529921 -7.990430
6.741693 -7.974236
6.693585 -10.763297
10.564541 3.598628
8.571352 4.645100
9.031164 4.160802
8.416636 2.530919
8.609546 3.844262
8.891395 4.117756
7.436500 4.787314
4.743921 4.416909
5.737394 4.017480
7.267585 5.584497
8.548834 1.724083
5.684130 1.214816
9.516951 4.568648
9.241714 3.439444
8.727322 4.496595
8.690031 4.897569
7.165484 2.943936
8.676695 2.629901
7.054483 1.251465
6.660122 1.773431
6.646560 1.848912
7.249293 -0.873019
6.830731 0.470645
8.813228 3.243868
6.433552 2.874939
5.474130 -5.301737
5.721433 -10.051003
7.467171 -10.011096
11.900243 -8.448514
13.514484 -4.436141
13.483137 -2.387115
16.411375 0.146975
19.740396 2.003220
19.581032 3.020325
14.476006 2.339072
15.381833 0.738323
14.750331 3.259102
9.572677 5.814082
9.590317 4.932619
9.016275 4.512068
8.631529 5.054907
9.532183 3.494149
8.186378 7.702336
9.069649 5.488552
9.352767 5.878069
12.153870 9.065195
11.767752 9.703742
9.131113 6.501645
7.237878 3.388681
9.572073 6.753136
6.318663 5.571532
10.148222 3.477533
11.381861 3.583609
9.402513 6.744770
8.948462 2.637480
10.488218 3.517038
9.395391 4.935812
9.718056 5.135426
8.037176 4.731149
9.197733 3.723295
9.007071 3.046493
10.217759 10.112286
8.445346 5.282107
9.110214 7.987068
9.055400 2.604261
7.188451 1.004498
7.038383 1.430654
7.008666 -0.191910
6.961821 3.438657
7.728979 3.469153
9.537272 3.782015
10.866497 3.435727
8.068505 4.145123
7.362081 4.658114
6.864587 7.432561
12.067652 10.306531
12.385427 10.001250
11.470976 11.975309
11.209513 10.965091
10.185340 9.994090
8.986749 5.331487
9.249043 6.004191
8.704994 4.131202
8.822737 3.455335
8.107061 4.767026
9.754192 8.170872
9.785763 6.530210
9.701145 8.207633
9.800275 4.941865
9.648330 5.751993
7.144406 4.552394
15.576570 7.731808
15.359880 4.180071
14.383457 0.664295
14.351436 3.592282
13.827655 3.524897
12.453002 3.608303
17.174751 3.372913
17.678656 7.771626
15.945343 9.818649
15.725023 6.317403
8.316380 3.961423
10.778828 3.487886
10.589345 3.771301
9.773721 6.009747
7.583174 4.195488
9.347394 5.025017
9.752077 5.782364
9.321756 5.934607
8.550734 4.609687
8.025061 4.442321
9.065384 2.103877
7.416087 4.410527
8.081704 3.627764
9.804808 3.933961
9.132949 7.731031
10.384901 9.269293
12.416306 9.783957
8.626224 3.753360
9.327068 7.801709
13.406776 3.738599
11.564732 3.582387
8.833242 1.853635
15.118847 4.226830
15.013863 6.158141
9.619825 4.412473
8.017456 4.875759
9.530170 5.694317
8.515356 4.110951
5.913677 4.541797
7.738153 3.996022
7.988822 2.082633
8.552387 3.981199
8.250355 4.956247
8.646442 1.688242
9.030900 2.501131
8.882149 2.393085
7.232023 1.468896
7.227975 -0.563227
7.033791 0.683925
4.183815 1.221789
2.249182 1.812244
3.521277 1.711886
1.773453 0.155086
1.705627 0.119714
1.241941 -0.803680
1.635309 -1.475711
0.605062 0.583523
1.359121 -0.579893
1.465935 0.649041
4.384075 1.805393
5.004183 1.469998
7.068420 2.121762
8.937880 1.918541
8.792931 4.421205
8.796268 1.520408
7.463534 1.691479
6.884402 -0.409523
4.302850 1.382975
7.912024 1.693070
8.163759 2.139336
6.847225 2.083907
5.224491 1.266477
6.532201 3.301332
5.984642 3.915723
6.979727 1.014266
6.757086 1.354853
5.158452 1.482115
5.885159 1.875783
7.764009 2.417246
8.756113 1.972670
8.751446 3.301304
9.692211 8.212337
8.233071 7.399982
6.397672 7.007575
6.706829 5.016899
8.041076 5.919763
7.546341 7.052057
10.931950 8.989110
11.681581 9.326089
7.733837 10.864901
10.531341 10.078731
8.369851 8.655430
8.499430 5.024382
8.483995 6.443481
7.621876 6.154271
6.828219 7.080306
7.792819 7.929372
6.941321 7.366755
8.731071 2.219083
7.034963 2.593163
9.618301 3.912244
8.425766 2.762018
8.182331 2.743902
8.937201 5.593816
6.869238 0.264769
8.106809 4.411503
8.804846 5.342325
9.089842 4.678758
7.991573 6.245683
8.413040 9.127250
15.716649 9.947310
10.626426 10.385294
15.162597 12.716064
13.102257 10.971794
16.959923 8.278878
13.365005 12.175305
