2.305121 15.182416
4.578465 11.465406
5.126930 6.791314
2.030254 3.439344
0.722874 4.733997
3.191257 5.544413
3.949177 5.398761
4.996986 6.225454
6.717245 4.785054
8.680653 6.328032
9.469079 5.260938
9.017824 5.196101
6.771496 4.839445
8.030350 3.672328
8.287232 3.524435
7.669560 2.544619
8.545442 4.046541
8.947264 3.331700
9.832067 3.840304
9.794610 5.664326
8.211584 2.762885
8.523031 6.434512
8.919832 2.985708
6.291897 1.527793
6.204539 2.473722
5.449693 4.326846
6.708690 2.490288
7.368278 -0.554181
7.066464 0.256039
8.304771 4.906444
9.774878 6.656051
8.202591 3.128283
8.915435 3.274220
8.900066 2.376493
9.027145 3.872182
11.373681 3.521726
12.113604 3.506754
9.731592 3.546523
8.474361 6.605326
5.759913 9.143928
8.837295 10.281280
9.187139 7.550277
8.995911 3.988344
9.209626 3.601676
11.264107 3.674755
16.631966 3.332675
16.708586 6.841754
18.279121 5.471903
13.712925 -2.463148
13.050352 -2.569358
14.539379 2.230231
9.621059 4.760134
8.825703 5.866895
9.613305 4.928785
7.987719 1.783344
8.425665 3.293024
6.382560 2.847762
7.158378 -0.036405
7.503734 0.719962
6.814461 4.477985
10.505865 3.472141
8.753223 3.650340
9.039351 2.182707
8.973392 2.856114
3.475016 -4.948422
0.710391 -1.911078
1.420549 0.547436
8.651552 3.319074
6.820947 -0.422655
7.440014 1.928602
6.931589 1.899969
8.182776 2.493273
8.820419 1.666983
8.792822 1.269902
5.823180 1.114120
7.797354 2.706779
6.740694 2.310380
7.245616 0.157281
6.687805 2.569546
5.551806 3.048872
5.938425 2.145372
6.207582 1.829958
8.305047 2.969205
9.810514 4.824049
8.493507 9.383654
12.439487 9.323522
13.403444 11.443244
18.343258 4.677970
16.732965 8.480940
15.218571 -0.216888
14.625923 3.479111
18.533831 1.793762
15.528297 4.470766
16.015209 3.055004
15.826141 3.291086
16.252792 5.097802
