-16.366583 -16.745188
-10.883622 -9.522460
-11.018432 -9.509938
-8.778185 -8.555099
-4.601018 -8.839946
-6.471022 -5.860558
-7.800562 -5.041199
-5.456931 -4.443406
-6.592083 -7.134585
-7.139936 -4.099567
-6.318999 -5.143671
-4.895253 -3.450265
-6.998577 -7.135877
-7.386836 -7.556901
-7.822144 -6.688703
-6.620701 -7.802877
-6.392005 -7.767284
-10.700700 -10.548773
-7.416081 -8.131602
-7.333096 -6.728969
-4.846960 -2.944251
-4.279112 -0.167993
4.616496 1.808703
5.017045 1.059514
6.171435 2.059464
5.403417 2.001713
5.790732 3.524695
6.623767 2.027109
7.977304 5.106164
8.894525 6.659174
9.454332 8.659316
8.904486 6.167217
6.589083 6.091847
8.546039 4.163380
8.224638 4.989944
7.624878 4.078410
7.712269 2.874954
7.725989 2.572730
8.656694 3.876224
6.440652 4.461694
7.601879 8.099526
4.649722 9.111557
9.847118 5.849332
8.147360 1.620338
6.836227 2.561009
8.658606 1.435801
8.323352 1.513906
7.156276 1.547581
13.717388 3.498453
16.346989 3.420687
10.330420 3.491868
5.629437 3.350529
7.264369 0.970395
7.087937 2.688978
4.789583 3.409250
8.559595 1.486133
6.171855 1.224504
7.877580 1.439140
9.081577 2.552692
8.957352 2.220891
8.473925 1.794662
15.295109 8.204473
9.587004 3.716764
9.805735 5.935457
6.955093 0.508972
5.538694 3.405942
5.354004 2.515976
7.011416 1.520958
7.364419 0.121473
12.695655 3.681841
12.551037 -2.133172
9.282488 4.572999
8.633005 4.620976
15.363298 1.916593
14.654830 3.461318
11.183432 3.560828
7.575381 3.995450
7.898717 3.217555
7.312569 4.453691
5.583481 2.034174
8.596839 4.337760
8.300424 2.049294
8.620626 3.233508
8.509929 3.860736
9.341287 6.750401
9.394594 7.592632
10.413347 10.233850
5.811997 4.767111
7.113406 3.949045
10.713635 3.703671
10.530870 3.471763
10.277763 3.555282
9.140577 5.235769
7.861405 4.161689
4.827435 1.628513
3.553912 1.206010
2.989927 1.406559
2.044381 2.152633
1.521906 -0.218899
1.526891 -1.476222
1.211527 -0.090488
1.703328 3.196012
3.054769 4.358531
4.583902 2.270284
7.927450 1.486709
9.034752 3.033024
9.443167 5.393348
9.386195 3.896582
6.693644 2.192145
8.386750 3.010050
6.969092 4.798099
9.054006 5.146454
14.069166 10.053131
11.709536 12.403636
9.829533 9.668335
13.515770 3.487978
14.481900 -2.629120
14.464309 -9.667087
10.238754 -9.327876
7.265704 -7.897555
8.560370 -13.563075
14.267601 -7.503786
13.224044 -1.685829
7.373687 3.393628
8.828785 3.945260
7.764264 2.897577
9.035229 4.605788
8.197523 5.600182
12.049971 3.744097
18.751972 -11.490325
15.561948 -4.573054
14.839660 -1.287207
14.160128 -2.367120
14.215783 3.587720
14.236143 1.482518
15.294023 3.680758
18.465969 8.646358
15.517017 12.233007
15.947730 8.635785
14.777415 8.833508
16.501934 8.959731
16.114801 5.071939
11.707077 3.774451
14.904390 -3.843119
12.516239 -6.333709
11.480133 -4.272982
14.107257 -3.935465
14.315569 -4.144446
13.050598 -1.610718
13.720316 -2.397410
15.300444 -0.678699
13.666336 -5.692215
9.132189 4.650316
7.245371 5.892064
7.606274 9.733924
8.131943 8.442154
9.470173 6.858178
8.949366 4.859595
8.548767 4.705362
8.977221 1.775307
9.033171 2.534900
14.754823 3.664603
14.451965 1.961583
6.392457 2.177911
7.345437 3.065029
16.135059 5.341987
15.498711 6.549906
15.551956 2.876979
14.855445 2.771904
14.590605 0.800164
14.869517 1.258553
18.782125 0.995646
16.395012 5.433419
16.427343 7.690226
8.871140 5.301604
7.892092 2.059460
5.995420 1.507306
6.312485 4.342595
6.641798 3.190471
6.391098 4.211383
7.403975 4.218851
8.487600 3.348721
10.027584 3.601902
8.624014 3.000514
6.711684 6.550272
9.347138 7.732286
9.665314 6.440422
8.747255 5.705884
9.294922 6.030512
9.766456 6.080782
9.074452 4.670293
7.732895 4.653644
7.022325 4.918054
8.185726 5.032436
8.512259 5.475392
7.626637 6.763070
6.403420 8.804819
9.753236 6.073575
9.666689 5.832042
9.022952 4.704570
8.681133 5.561152
11.901096 9.556441
15.208085 7.527452
18.802710 8.956110
7.900187 6.432521
6.236052 4.052318
6.414166 7.197815
7.352824 7.358263
9.877712 10.935249
12.582268 10.075254
11.206800 9.970470
11.815857 10.534286
12.853968 3.604475
9.017974 2.253267
7.524160 2.662638
9.689669 3.698133
8.631670 1.351970
7.193151 2.388083
9.151134 6.763818
9.761391 6.696919
11.075218 3.621592
12.975363 3.527825
8.229994 5.043857
7.116312 5.050264
8.459893 5.496428
8.175012 3.573003
8.277142 4.330432
5.452374 4.333897
9.495499 5.545801
9.809565 6.398285
9.733386 8.421395
9.788164 6.451793
8.648894 7.738559
6.672965 11.880545
12.278525 10.722148
11.290901 11.018277
15.814357 8.305470
15.534084 7.377029
16.229733 2.599039
14.305565 3.064415
14.409853 2.812081
16.194340 0.964109
15.213188 7.097194
15.957801 9.507462
