-0.339563 -10.216126
3.775070 -6.002209
1.934745 -7.118078
1.542169 0.289877
1.730633 1.581342
0.891513 -0.010679
0.439050 -0.053803
0.818198 -0.258978
0.694209 -0.895341
0.531175 -0.821951
1.495550 -1.154186
0.839949 -0.634275
1.730418 -0.959470
1.319276 -0.267666
1.809216 -1.086087
1.524374 -1.550311
1.755666 -0.616011
1.023964 0.122934
1.594157 -1.317972
1.713873 -0.709877
1.306876 1.464338
2.988010 1.318800
2.693467 1.091428
2.466418 1.668713
5.369003 2.547538
4.720740 5.936033
5.629684 11.816590
