-16.755674 -9.020460
-14.014977 -5.846303
-11.507856 -9.083728
-7.785854 -8.101884
-7.166331 -7.311274
-7.706458 -1.400900
-6.673939 -3.613864
-6.065267 -3.392952
-7.755201 -1.802150
-7.822032 0.454751
-6.451273 -1.588105
-6.599349 -3.320245
-7.199624 -4.663130
-5.274451 -3.931688
-8.808131 -2.437947
-7.328234 -2.037539
-7.629891 -5.499889
-4.967302 -11.677264
-6.444207 -6.583184
-7.170165 -6.638486
-4.216617 -6.994507
-9.161701 -10.059800
-10.844362 -8.627624
-12.070333 -8.097389
-14.358805 -7.894294
-10.081539 -9.085422
-11.712888 -10.011761
-9.035248 -9.537124
-7.035347 -7.413916
-8.289763 -8.884877
-9.192680 -11.426017
-7.596096 -7.280610
-5.879724 -3.213198
-8.778814 -2.520457
-10.089178 -2.545214
-9.777219 -2.747167
-9.471716 -2.693227
-7.720876 -1.857605
-6.986720 -5.162285
-7.607339 -7.898085
-4.837598 -3.384741
-5.457984 -5.267253
-6.945564 -5.685572
-4.880179 -4.644934
-4.303493 -3.811233
-6.282607 -6.842942
-6.239458 -6.236959
-7.798897 -8.001764
-7.776792 0.798193
-10.249061 -2.624669
-11.298277 -1.524409
-7.784340 -2.204837
-5.854055 -0.426770
