14.349842 -10.563010
13.723934 -12.370831
5.160672 -9.416258
0.715150 -3.948436
0.360000 0.192076
2.967563 2.442177
4.067922 1.110208
8.106752 1.733506
8.425737 3.490355
7.611973 4.070085
5.228249 1.270263
5.307311 1.604684
7.727823 1.487720
8.284588 2.338503
9.426477 8.492287
10.847692 9.908828
11.817403 12.137001
8.785181 12.246058
8.381390 11.444920
9.676384 6.890567
5.584850 3.722944
7.184272 0.892951
7.431430 2.389701
4.488414 1.176459
6.648355 2.261648
7.158749 1.032202
6.922577 1.398716
7.346642 -0.786959
7.265147 -2.079470
6.826674 -1.661877
12.038566 -7.291981
11.542050 -7.965350
4.744604 -8.588463
5.764223 -6.665050
4.981422 -5.736535
5.494675 -6.996745
5.708471 -4.527756
5.735399 -5.997371
5.042464 -4.111610
6.018465 -6.236646
5.058826 -4.173138
6.282452 -9.348340
8.087731 -9.643368
8.359279 -8.355781
10.914907 -9.916665
8.394060 -7.897116
2.741934 -9.845128
4.139198 -5.566764
4.196720 -4.247583
2.816786 -6.279350
5.746952 -8.013963
9.433008 -10.195804
8.538195 -8.434844
7.978944 -9.169163
9.309465 -8.097569
8.039200 -10.034659
7.560262 -8.398442
9.545527 -8.797840
7.823605 -9.734976
3.465445 -5.748569
5.677791 -5.504045
5.618874 -6.161207
4.844622 -4.179217
6.109340 -4.564982
5.354656 -5.134524
3.250253 -7.709810
