-10.524246 -14.791684
-4.445457 -7.635144
1.127527 5.332298
1.423578 4.959006
-1.100454 5.865038
-1.206199 6.129757
-4.204313 7.633858
-2.223550 7.885568
-1.684792 7.125391
-1.449660 6.801757
-1.360955 7.496223
-2.303141 6.574862
-1.139915 5.284977
-1.213870 5.168466
-1.786382 7.729028
-2.341091 7.330276
-1.328457 7.929015
-1.346016 8.927710
-2.307614 9.071871
-2.907352 6.386288
2.128339 5.109863
-0.539199 4.540877
1.063978 4.971982
-2.354275 6.438691
-0.750013 6.826520
-2.153317 9.715684
-1.492957 8.773529
-1.245259 11.435231
2.611648 10.956998
1.264748 11.131544
1.947159 11.005993
