8.819107 9.516201
7.109918 9.336012
5.826202 8.438910
5.434288 11.661181
5.211890 11.613404
5.370356 11.977267
5.744636 9.082016
4.536377 6.964928
4.355803 7.928225
4.983787 6.117563
2.812258 5.473264
1.478093 5.368007
1.434699 5.325542
1.328332 5.120768
1.534731 5.220144
0.041055 4.992824
-2.387227 6.158832
-1.409309 6.432027
-0.085619 3.710982
-0.085566 5.334705
0.449735 4.539204
1.290448 4.958607
-0.017894 3.646182
1.249904 4.779631
0.545414 3.751709
1.289534 4.139195
0.122566 5.835679
-0.812031 4.612339
-1.489174 6.420071
-0.927177 6.371719
-0.683706 8.041566
-2.436214 7.960209
-2.573563 6.890750
-0.641799 4.333138
-3.167036 5.999074
-5.428527 3.165654
-7.158071 1.947116
-10.680525 0.261272
-14.189416 -0.672169
