16.334234 4.616264
17.177452 9.341140
14.672953 9.421376
12.109549 13.517180
8.038509 6.248538
9.187809 7.251061
9.111879 4.967524
8.887040 4.642892
9.364654 6.047039
6.977901 4.561138
8.174335 2.538437
6.616530 2.768282
8.312624 3.020157
7.557635 2.628256
8.857167 4.063240
9.275539 5.836764
9.610735 5.979945
9.027613 4.159592
9.511894 6.426967
6.706841 7.822661
10.796350 9.781122
11.525482 9.054045
14.285746 8.821459
11.543011 9.263575
9.271339 10.012342
9.714160 7.712270
6.220558 4.524478
6.480067 1.661670
4.927165 1.653397
6.195528 1.734725
7.591952 2.403635
7.021891 -0.476228
7.519760 1.534549
6.931943 0.673226
6.930491 0.803132
8.021780 2.695545
9.612066 4.616304
9.938133 3.469685
10.487256 3.741425
10.104692 3.589654
10.632023 3.693116
14.171741 1.359866
14.262237 -2.664545
11.387715 3.675807
8.275270 8.342085
9.305490 6.828893
10.073679 3.544647
13.935661 -4.754538
14.376072 -4.245668
13.083648 -6.448371
12.285124 -7.598739
10.875465 -9.580392
6.122581 -9.575818
9.309725 -9.932532
9.361925 -8.358233
13.778024 -5.644279
12.174598 -3.996094
11.694654 -3.996186
8.065953 -10.412040
7.881673 -10.510627
6.904458 -0.375911
7.158203 -1.793856
7.271513 0.568622
7.364538 1.830917
9.072943 2.807221
5.080434 1.746943
7.178787 2.348947
14.111025 2.843439
14.681528 2.203402
16.921608 2.993073
14.521085 3.701375
14.995284 6.630215
11.439871 -5.121086
12.442299 -8.641850
15.183519 5.739839
13.204208 10.583826
10.208395 9.054327
7.929822 5.075246
8.376932 3.267331
7.741598 2.286576
9.533491 4.912550
8.974676 7.127158
8.979843 5.070401
9.176168 5.562757
9.170256 5.255249
9.615849 4.753501
7.664846 3.549414
8.685160 1.944255
7.228335 4.600698
7.738289 2.321045
8.037873 2.843208
7.858821 1.448708
9.723318 5.042360
8.228149 3.636753
8.791278 3.697782
11.708057 3.567850
11.625998 3.487055
12.920400 3.681153
13.503503 3.772185
8.925675 3.501511
8.698437 3.846252
7.865119 4.646035
7.475566 2.859322
7.686098 2.626392
8.351999 4.400818
9.320895 3.437130
8.173553 4.537717
8.869422 3.632094
7.998262 2.935693
8.930679 1.665057
8.361088 1.384502
8.892042 2.587130
8.377241 2.644644
6.446545 3.094379
3.581846 2.590751
3.766821 1.410182
8.486082 1.760742
8.852745 3.405002
8.570775 7.327787
15.926564 -0.060139
7.904218 4.346394
9.006271 3.594748
15.700086 -0.364330
12.965308 -2.262275
8.966507 4.633049
5.926903 7.410446
9.713337 7.254362
8.909904 6.031170
12.261204 3.568619
9.557532 3.732679
12.894144 3.574195
17.034628 4.613911
15.701839 2.132998
16.390087 5.090886
8.632479 2.670817
15.863409 4.640044
14.384782 1.269603
14.565958 0.766356
9.863264 3.434934
7.784883 3.454344
7.337008 4.275804
8.408108 2.311584
6.023621 1.197094
8.015527 1.374923
6.607014 1.695168
7.389550 -0.451387
6.942404 0.024649
7.174972 -1.172781
6.853775 -1.156889
7.850337 3.629594
6.148819 4.730184
7.049159 3.759217
8.895124 1.829488
7.709002 1.578326
4.722671 2.524420
2.206820 3.323563
9.547904 6.890955
9.547941 3.481491
9.829756 4.457838
8.734434 5.880392
6.093641 4.705589
6.269894 3.313284
11.024544 10.788522
14.261505 11.104977
15.372625 2.052237
14.788729 1.977494
13.992415 3.691529
14.460737 3.257504
7.111566 1.264512
8.811834 3.422145
8.720840 1.589170
7.915854 -7.918370
11.729978 -5.235734
16.114334 -2.290905
16.757729 0.353436
18.872326 1.931152
15.368151 12.355350
10.139911 14.336152
11.220057 10.146712
12.446524 9.117196
16.321268 11.710878
15.349447 12.011515
17.972431 9.345538
15.165081 7.082508
15.040340 8.391667
10.753906 3.563101
9.308443 7.009938
6.800388 5.083134
10.301640 8.949944
16.466845 9.409798
8.021747 7.570408
13.202919 8.916658
13.237554 9.121758
7.932215 7.155331
8.806050 4.279404
6.692684 8.118036
8.892571 8.121856
7.906277 6.507322
7.578226 5.461491
8.806834 6.247587
8.779446 7.146819
8.515821 5.051344
8.811070 5.770618
8.546812 3.811177
8.427780 4.776166
8.208956 6.620665
9.499353 3.532315
10.027969 3.469209
15.166069 3.747935
14.655426 -3.484674
14.273859 3.415590
14.237662 -0.467656
6.451414 2.730265
9.755801 3.769469
8.966913 1.299884
8.994837 3.403440
8.883570 2.478806
6.003742 1.258921
6.943864 0.201541
7.585716 2.538145
7.802103 2.188712
8.775939 1.316311
9.155333 4.059554
8.880044 4.850896
9.396110 4.108776
7.461512 0.855148
6.495649 1.557941
7.059103 0.764239
13.273130 -2.986250
13.944254 -1.877646
12.856859 -3.520594
13.357303 -3.790464
12.797567 -4.778317
12.542336 -9.600029
15.950521 -10.039528
11.319968 -5.145895
5.552087 -7.561464
7.213068 -9.824657
4.392926 -7.687775
5.729181 -7.255209
5.937309 -4.261220
5.677691 -4.977249
6.187304 -9.414527
6.938353 -8.254064
2.565317 -7.507353
5.869195 -6.426883
5.164997 -4.580196
6.922344 0.351718
1.369838 1.407948
4.775950 1.667372
4.512216 1.222086
4.675365 1.621922
6.928495 0.840623
7.214258 -1.715202
6.928795 -1.650122
5.952107 -4.044762
5.843423 -8.342226
2.024661 -8.300004
9.657578 -9.438479
13.555774 -9.159602
8.430666 -8.731694
5.156811 -6.126749
3.196679 -4.510838
2.849828 -4.018079
7.371444 -1.273107
6.864295 -0.411179
5.747827 3.169363
5.800116 1.419060
4.402892 2.464613
5.928784 1.738007
6.011199 2.206974
6.056676 1.730012
8.197130 1.571928
6.336075 4.221355
6.129343 1.771463
6.444200 1.218549
7.040778 -1.224380
6.882421 -2.581642
7.481667 -0.354352
6.847165 -0.453719
2.684976 -9.252949
5.019930 -7.071054
13.953249 -1.659029
16.223869 -4.279163
11.999495 -4.884578
6.682405 2.556427
7.874825 3.351600
8.764297 2.168622
8.350408 2.622797
9.322191 3.977304
9.146910 5.039591
9.178048 5.110100
7.879379 4.811937
8.770639 6.041090
9.567501 6.962275
9.701530 4.375254
7.072570 2.902004
8.815706 1.754787
8.754813 2.505115
6.955407 1.461057
6.257003 1.129996
8.126827 2.974572
8.402554 3.244014
8.380072 4.183592
3.603086 1.197171
9.673744 4.057056
8.969456 3.871058
8.771080 3.390172
9.253824 3.993568
9.774870 5.440995
8.431186 3.747334
11.458742 3.502797
7.799647 5.139979
9.305428 4.742712
9.783873 5.020154
9.898154 3.562852
6.810848 3.144437
7.106958 0.120755
14.932075 1.334078
15.095308 3.597502
9.860067 3.698205
8.568649 1.450484
9.157785 4.121749
7.887568 2.453335
7.899980 2.629909
8.078925 1.393692
8.208008 1.719857
7.562848 2.950983
8.028723 2.367672
10.498087 3.726741
6.861098 4.264577
8.704750 2.923762
6.280593 9.571782
10.258507 10.108143
11.727874 10.067689
8.590562 8.298973
9.472051 4.775960
6.216406 4.653632
10.207834 3.490505
10.303416 3.650417
8.994890 4.013484
9.654392 5.292729
11.309538 9.589463
11.483368 10.862147
8.669132 7.306529
9.617915 8.154100
8.025732 4.936122
9.703798 6.588671
15.578142 9.915660
15.028108 3.604850
14.365015 -2.059040
16.757999 4.409520
17.103062 9.593600
14.863728 12.140897
9.748518 10.361014
7.899868 5.100536
9.077561 4.201972
7.857373 5.193408
8.988983 4.162505
9.558112 6.004961
8.777742 3.021848
9.297319 5.416438
8.675534 4.787191
7.719930 2.920486
10.586252 3.724861
11.904693 3.632327
9.615701 3.702444
9.851911 6.314868
9.038248 7.546111
9.051112 5.394499
8.701015 5.994487
14.373436 1.623626
16.054651 4.767565
15.170132 0.477031
14.172814 2.750094
11.537643 -3.934131
12.400056 3.625341
8.241405 5.529924
9.306929 4.352349
6.923791 0.895272
7.810181 2.514507
8.948793 1.448339
9.619839 7.512395
12.541323 9.855134
15.510202 6.796633
9.146213 5.979187
15.254869 5.453396
15.048375 3.719727
6.935358 -1.462506
7.284611 -2.568995
5.113357 -8.263985
6.044542 -4.176095
6.259550 1.302143
12.662394 -1.997867
17.417072 1.113225
12.992068 3.424960
10.441527 3.759272
7.811641 3.387517
9.372679 5.595835
8.772797 6.964560
8.984355 2.408556
6.680549 2.310563
8.168392 1.264519
7.966616 1.865347
9.326864 3.536854
15.801592 1.652663
17.224161 -2.456223
12.507789 -2.260390
12.641556 -3.334786
11.777306 -4.674106
17.634048 -4.566682
14.140217 0.990462
15.450826 1.975990
16.462711 6.211456
9.292881 5.126351
5.862073 2.594466
5.603487 3.066878
7.423355 1.072711
7.302095 0.139976
5.984319 2.524385
7.748482 1.908581
7.636447 4.585541
14.805103 10.300496
10.732997 3.571353
8.950621 5.255734
8.808090 2.331943
7.939467 1.421494
8.958628 6.072494
9.377366 4.237032
13.482258 10.511017
17.400526 6.508162
15.069320 11.340442
9.410742 5.567172
8.992586 7.403199
9.347689 3.780591
8.201364 4.100240
9.454796 5.531391
8.388393 3.573823
11.877138 10.081194
8.012592 8.035024
9.296528 8.776767
9.573444 5.449848
9.390846 4.389726
9.787350 4.118101
10.751218 3.517611
9.844169 4.727273
9.653597 4.755342
9.004737 5.526909
9.922060 8.818272
10.086649 8.800303
9.708778 10.205444
11.123077 11.536266
9.540375 9.467824
9.061687 7.479291
8.419474 4.920211
8.292748 5.212608
9.293922 7.479279
12.397097 9.267782
7.406159 4.844829
5.762124 4.649965
8.998244 7.861247
8.543245 3.952697
15.015132 1.486874
17.735825 1.524285
15.525317 4.881764
16.406685 -3.831931
15.814943 -0.059696
12.214156 3.412175
9.866544 3.469565
8.374950 3.632357
10.139343 9.538634
8.964792 7.135618
11.278800 3.747998
17.006420 2.937323
15.278437 2.856470
17.495209 2.272025
16.178383 1.275465
15.692839 1.861690
15.391963 3.003019
7.242422 4.333515
9.353245 6.311300
8.818542 6.543782
9.789895 3.468235
14.607801 1.452452
7.202692 4.245254
9.500002 3.804330
11.222904 3.647470
12.023296 3.721962
9.852799 3.582649
8.072028 3.962978
7.931746 5.157918
9.634094 9.328912
15.056215 4.791953
16.516087 3.581598
14.224551 3.008312
16.336720 -0.643514
14.358208 -0.894932
16.982841 0.548379
14.660899 3.454225
18.110130 6.040213
9.834984 4.417660
7.890694 4.121243
8.152282 2.314279
11.568643 3.473386
7.222638 5.477096
8.646494 1.849558
8.370254 4.472217
15.480267 5.797593
15.410076 2.105569
16.265755 -0.055622
13.812431 -3.693689
13.172145 -5.770711
12.057240 -9.164409
11.769958 -6.176459
7.724687 -10.631175
3.565443 -10.476783
5.976693 -8.256557
6.376075 -9.677541
9.430314 -9.391856
6.587034 -9.258155
5.594868 -7.010973
7.035898 -10.275109
9.456104 -9.111256
11.337225 -9.793199
5.097176 -8.540028
5.274937 -6.961280
7.009473 -0.298246
7.070406 -0.314126
7.490956 -2.423448
6.903077 -1.536574
6.986829 0.118033
7.502850 -1.944757
6.877649 -1.904817
7.263671 -2.337400
7.409680 -0.226231
6.848181 -0.153409
7.387020 1.553925
5.430648 1.850298
2.928539 1.162521
4.455819 1.962622
2.287466 1.092803
4.882344 1.887040
6.783188 1.427896
7.541417 1.602143
9.017403 3.053618
8.772018 1.538593
4.487101 2.010792
5.065681 3.150478
4.275261 1.129594
4.822016 1.613677
6.320677 1.273901
7.906859 1.985648
9.450475 4.261828
6.860081 2.445180
8.501170 1.406835
15.181662 0.317837
14.566574 -2.686095
16.136440 2.870980
7.279711 -0.749276
7.394502 0.889059
7.292075 0.443505
2.640903 1.174342
4.520943 1.212625
3.855542 -4.495542
4.055838 -4.152051
2.787807 -4.006267
2.956662 -4.089045
1.561975 -3.626708
1.202550 -3.125930
1.012695 -3.303021
1.551378 -2.033718
1.462847 -2.634316
1.249037 -2.136330
1.510140 -1.925934
1.542292 -2.685887
1.038756 -4.459970
3.230286 -5.592156
3.865844 -4.420630
4.880768 -8.595243
7.655505 -9.278272
9.997176 -8.247227
6.977258 -8.852145
10.075852 -8.286961
6.793293 -7.887904
3.961843 -10.247787
5.440420 -8.015865
4.686560 -10.710747
13.005500 -3.718245
12.870487 -2.697138
18.785679 -7.405228
14.118216 -1.364213
8.772516 5.349669
8.609019 3.226217
8.097689 2.841482
9.098564 2.397384
7.060235 4.337129
9.391384 4.418596
10.598829 3.533967
8.056905 4.263333
9.846884 4.823761
7.857972 6.136866
9.289742 4.733878
5.302063 2.645310
8.496969 2.812150
8.816387 2.003942
8.524790 1.585845
9.111871 3.617041
7.084971 3.477774
8.841091 2.274827
7.593650 4.006673
9.012876 2.899753
7.289622 4.152093
5.543569 1.996837
7.384748 2.299249
6.991794 -1.470062
10.527978 3.457522
10.700150 3.464275
14.204303 -2.028389
15.775677 1.958294
15.348412 0.617527
15.769103 2.619901
3.148566 3.893157
8.276721 3.068916
7.029675 1.287722
7.397740 0.039767
9.058136 2.297175
7.450007 -0.020977
6.910240 -2.327498
3.857444 -8.803790
3.789259 -4.863480
4.896210 -8.244077
8.097723 -8.815127
6.332901 -9.272082
5.102682 -11.043225
6.063743 -5.200327
5.199243 -5.604185
2.424317 -6.403660
2.537355 -4.097789
1.940101 -4.471084
1.453558 -3.752415
7.384460 0.943392
7.471365 -0.721557
6.926754 -2.303870
6.825693 -2.090016
7.107054 0.205674
6.692957 2.008701
4.777642 1.391043
4.929347 1.325219
7.626225 1.392062
6.508369 1.871450
7.368711 -0.121469
9.022404 1.368812
7.474097 1.953904
7.502133 -2.723918
7.132646 1.976290
8.271665 2.668987
5.498348 3.145413
8.625197 5.535633
6.450328 1.464814
5.378473 1.354570
8.093632 2.574268
8.323954 5.429535
8.646728 4.941885
7.974209 6.443919
6.997453 2.852154
5.986731 1.651416
6.162988 1.674684
5.945550 4.638028
7.618155 8.736592
6.971096 9.971307
8.492548 3.800841
9.860882 3.457665
9.180784 5.240053
5.601514 2.818005
17.038803 1.773598
15.280529 3.050486
14.238178 2.066163
16.210949 7.046590
16.548504 2.058596
16.842354 8.025954
12.943829 10.789362
13.168141 9.237067
9.790137 4.781123
9.487818 6.598562
9.281334 4.900841
5.414555 1.082525
1.073503 -2.124600
1.541397 -2.670382
0.889152 0.996292
1.599255 1.368289
1.067189 0.758068
1.200693 -1.294418
1.503493 -0.266531
2.500454 -4.147804
5.111090 -3.972581
4.609886 -4.914204
2.677979 -5.083818
4.718421 -4.076811
0.676127 0.497955
1.222877 1.550146
3.273438 1.612279
4.082886 1.186548
7.089561 -1.779250
7.406660 -0.616007
8.933627 2.387371
9.259858 4.356357
8.615172 7.153702
11.371092 3.506101
11.553496 3.556159
15.814144 1.868162
15.835188 2.569604
14.862339 7.879363
9.105528 7.851572
9.834457 9.596377
11.427485 9.989139
13.573694 10.588317
13.709301 9.245091
14.082848 10.543796
10.625486 9.920417
9.412535 8.861560
7.973722 5.301919
9.613962 5.807655
9.176643 7.785392
9.821432 6.612868
16.174503 9.057133
16.949293 0.620224
7.502071 5.688508
4.219345 2.776947
15.587633 -0.652946
10.192251 3.623222
7.845637 4.315383
9.028395 5.198277
11.277719 9.988872
12.228966 9.253181
13.966129 3.759417
11.341594 3.422021
9.604959 3.472024
7.868156 5.244761
8.631252 3.074099
7.528005 1.311432
6.039669 1.301150
8.611164 2.030972
8.850359 1.666658
7.631006 1.665830
6.074042 4.127637
8.022370 4.369328
8.480043 4.222920
15.232057 7.637274
15.892122 7.747602
9.490620 6.525984
7.515949 5.322517
9.340540 7.022561
8.360765 7.770763
9.311354 5.493058
9.223839 6.248955
9.665564 3.667419
15.304718 5.566258
8.738451 4.604669
6.363527 6.518718
9.598376 5.803939
14.748582 3.244968
9.670597 7.438728
15.156725 5.426452
9.516994 3.759127
11.397240 3.582190
14.413295 0.988859
14.973039 -3.435611
8.281099 5.622836
12.320073 3.442153
13.705036 3.649761
11.681540 3.445590
19.627205 5.730080
17.459360 6.179465
15.812033 8.163759
19.058695 8.284041
15.649035 6.354116
17.899479 2.659143
16.156944 2.802785
18.162712 6.518878
16.579432 -0.588027
17.754845 1.672643
15.069029 3.709262
15.789698 7.274782
17.591070 5.732321
15.652328 -0.791639
15.133702 1.936341
15.496456 5.019660
14.549822 1.987658
19.078718 3.554265
14.478159 -1.415606
15.304928 5.975072
18.893465 10.332019
13.076933 8.975033
14.267946 11.050437
13.477138 9.376069
9.340568 8.978236
9.078304 8.385407
7.893864 7.712203
8.718472 3.184003
8.319018 1.617182
7.310112 1.993142
7.187237 0.525320
7.458792 -0.077243
7.154043 0.729758
7.149842 2.456694
9.847392 5.668723
9.689322 4.147930
8.452379 3.648324
7.595155 2.299407
10.725837 3.527440
8.649979 4.326628
8.094399 4.441353
7.339582 2.051915
8.926130 2.537490
7.223168 0.235431
7.428646 0.238562
11.720598 -4.725147
5.702796 -8.426598
3.856855 -8.507461
8.075770 1.539021
5.724699 1.743009
9.433203 6.150444
7.270855 3.761764
10.968483 3.663126
7.422110 4.492887
8.041186 2.316872
8.908432 2.258396
8.746349 2.395238
8.945687 4.096531
15.409246 8.074236
19.357029 -0.627843
17.999775 -2.034997
13.613946 -1.874671
17.588053 -0.026813
9.160938 3.986523
15.764221 0.208900
14.456050 2.120087
14.511383 1.604610
10.604900 3.443731
9.455614 5.215847
8.807081 2.733177
8.812604 1.421069
8.905924 1.844066
15.393489 4.850233
16.574268 2.651992
15.644539 8.513227
10.944286 3.737966
13.442219 3.652515
9.103825 4.931571
8.083633 6.294929
9.312990 4.648664
9.675453 4.992688
7.877161 3.926826
8.296359 2.684630
8.527089 3.623578
8.447184 2.084887
7.385294 -0.366371
7.385929 0.524662
9.720380 -8.253009
8.274363 -7.843895
5.048336 -9.032248
3.843886 -7.713505
2.675833 -7.938979
7.345202 -1.560255
7.049160 -1.549979
12.265302 3.735013
9.326147 6.992171
12.266766 3.533632
17.782990 1.737753
13.131273 -2.530922
13.518457 -2.191590
7.932641 3.284044
15.613157 2.855790
15.373808 1.074448
16.264423 2.852054
12.066395 -4.324043
14.960526 0.764556
15.184031 1.767128
13.175660 3.769559
9.036822 1.736397
8.767384 1.734908
8.523545 1.831116
9.316882 3.926771
8.828281 5.409297
11.529135 3.664847
10.646786 3.426956
7.260290 -0.237554
6.586082 1.348867
8.797216 2.829886
6.537772 1.268490
8.902901 1.471204
8.910709 3.065097
9.812479 5.298542
8.640563 1.439038
6.554073 5.663137
8.828206 2.712326
10.537918 3.456014
12.436788 9.581329
9.800720 10.193553
9.761886 6.314812
8.104939 3.624073
11.814134 3.672687
11.609547 3.596775
9.897967 3.756958
6.613777 5.241715
7.338337 1.841996
7.998702 1.898446
9.130465 4.516189
9.805289 5.450087
8.388277 3.882439
10.241858 3.549212
13.780262 3.784259
9.753030 6.905392
10.532157 3.580181
9.830566 8.240415
8.992668 10.809615
11.351360 9.077852
9.711573 7.662891
9.065142 4.180189
9.289932 7.240963
10.813173 12.628224
13.849531 13.004889
12.284711 13.368404
9.171797 8.374755
9.811088 5.320383
8.514496 3.499400
8.479963 4.670488
7.326458 9.031626
7.116223 10.528392
7.677253 6.030584
15.743060 8.190957
15.416461 11.363941
17.434429 3.897216
14.525913 -1.555283
15.142056 6.568987
15.991734 9.738070
15.751008 8.466361
12.498434 11.620264
10.306471 9.984886
8.018962 7.376501
8.550583 7.074403
9.927346 10.084428
10.639616 9.894338
12.010747 9.036083
10.504871 10.675746
7.814599 7.751684
4.502889 3.955895
6.909082 5.746980
8.562763 1.295160
10.851521 3.754505
12.802865 3.447898
7.464368 -0.033506
16.358692 5.822326
15.417819 4.251677
12.999166 -1.645156
15.522227 4.173795
15.336994 7.049592
15.173553 5.303856
16.342230 5.144771
14.932755 3.846573
9.383387 6.148738
9.473741 8.448721
16.089624 6.663862
15.985111 5.921731
17.020159 5.382491
15.556673 3.398915
12.518978 3.715468
9.486404 5.713507
8.261919 9.622407
8.553726 1.477686
9.502947 4.878962
8.937383 3.887689
9.171582 8.065675
9.092787 9.321102
11.232046 10.174538
10.598312 9.114153
8.883864 6.146968
4.955690 3.535716
8.629869 3.386587
9.068511 7.510004
10.653314 11.180436
12.426267 11.428712
9.332157 8.357282
8.839869 8.053084
8.505651 7.632837
8.642338 6.664435
6.499722 8.269266
9.372213 6.911421
7.327206 4.619642
7.950820 5.422551
8.460733 6.442163
7.863736 6.917903
5.312921 12.195410
-0.705213 13.409146
-3.665329 18.941149
