5.015001 16.151026
2.234775 11.811707
0.994485 12.078897
1.322423 14.470971
-0.471515 12.097059
-1.427357 10.372369
-1.898654 6.802380
-3.179335 8.398737
-2.662349 6.965714
1.009497 4.392774
1.497158 5.718337
0.409559 5.445549
-0.262337 5.452125
-2.527282 7.533952
-2.754325 5.982343
0.605286 5.720575
-1.488787 5.820253
-1.416051 5.326135
-1.143755 7.365953
-1.420543 7.649509
-1.438208 6.059621
-0.406027 3.573066
-0.731711 4.783119
-1.029954 8.866703
-1.896151 9.977313
-1.678818 6.859301
-8.438483 2.361952
-8.729968 -0.734628
-9.145799 0.191976
-7.099693 -1.405115
-10.074438 -2.611764
-10.111013 2.487971
-16.102676 0.979792
-13.003731 -6.654415
-14.009972 -4.979004
-11.907213 -1.071810
-10.434855 -2.955441
-11.237768 -2.720293
-10.549591 -1.727449
-10.259254 -2.046239
-9.996850 -2.841489
-8.866708 -1.296258
-12.998194 -1.420596
-10.248074 -2.770520
-15.009422 -1.071621
-13.096060 -5.931560
-13.097994 -3.652484
-13.944714 -7.970596
-10.498220 -8.816789
-12.676670 -8.227489
-10.850503 -8.649360
-8.459951 -8.849327
-8.738759 -9.519494
-10.786638 -8.846517
-14.088559 -9.394956
