-1.063508 -11.301913
-1.229819 -5.577449
-2.058408 -2.353122
-3.801894 -1.438432
-2.337353 4.039500
-1.330926 2.728992
-2.953844 0.746133
-4.224390 -0.336800
-3.247522 -0.020093
-2.563538 2.372320
-2.394344 2.270358
-1.715922 0.776135
-3.696791 0.505547
-1.748344 0.417299
-2.908435 -1.195386
-3.543109 -2.471211
-3.861905 -1.972303
-2.787088 -2.333472
-3.618413 -0.650517
-4.518061 -0.179522
-2.679684 0.621962
-2.767269 2.417739
-2.315757 4.164928
-2.524765 5.031061
-1.755521 4.281294
0.237287 4.740475
-4.521602 6.936409
-5.050127 6.229102
-7.011194 6.059946
-8.043282 6.056077
-8.399632 7.189041
-8.200160 5.385188
-8.316768 2.705266
-10.454528 3.316054
-8.445209 2.522173
-9.154043 2.793851
-9.697416 1.048889
-10.479243 -0.193559
-10.496454 -2.433302
-11.197616 -1.370151
-10.562459 -2.291480
-6.021720 -7.643410
-6.040801 -9.759636
-7.774587 -6.897205
-6.558854 -7.892773
-8.899025 -8.903825
-5.957053 -7.976948
-7.111025 -9.719691
-6.709352 -7.632315
-9.449986 -9.738733
-12.074852 -8.621726
-7.651907 -8.378579
-11.652683 -10.000393
-13.899793 -7.206541
-13.825035 -6.804562
-12.915553 -8.928229
-9.957863 -8.833068
-6.307617 -7.965700
-7.377424 -7.618997
-8.918954 -9.591111
-7.305582 -10.289531
-6.324745 -8.831626
-6.753261 -6.324383
-3.879763 -4.332517
-4.288877 -1.754669
-3.373308 -2.362113
-2.918359 -3.229893
-6.701942 -5.257558
-7.520766 -5.684158
-7.419715 -4.765783
-6.930901 -4.192686
-5.932651 -6.240877
-6.752628 -4.138087
-6.187739 -4.664466
-5.694821 -4.137062
-5.740423 -6.761353
-6.967463 -6.497850
-4.556509 -4.335130
-5.165148 -6.299653
-5.767665 -8.622113
-11.365825 -8.171060
-11.473166 -8.968312
-15.710132 -6.850412
-14.303852 -9.594340
-17.395624 -8.031324
-15.830991 -4.397303
-12.631308 -9.193093
-16.408329 -5.588767
-12.866546 -0.640875
-10.436563 -2.078387
-9.942325 -2.299926
-9.617546 0.200028
-10.508353 -0.990361
-10.861223 3.514421
-8.916100 1.700875
-8.595418 1.219810
-3.349845 -3.830361
-4.466238 -1.654630
-4.167642 -0.343688
-3.906826 -1.065972
-1.855658 -0.918858
-2.632897 -1.503976
-2.065460 -1.512499
-3.163085 -4.947468
-5.994476 -4.717165
-5.997412 -3.976251
-5.997051 -4.041443
-2.918849 -0.561708
-4.241596 -1.722613
-3.628187 -2.881698
-4.138289 -0.843051
-3.529772 -2.409227
-3.704781 -0.933954
-2.798910 -1.610940
-2.369625 -0.828182
-3.489364 0.255268
-4.207472 -0.515074
-2.834212 0.211615
-0.180123 0.233263
-1.855879 0.999880
-3.941269 -0.394739
-1.568459 1.921865
-2.295447 9.045616
-4.694033 9.094831
-6.492392 7.169526
-5.261704 6.464474
-5.734587 6.795535
-3.331668 6.307621
-4.019602 7.645476
-3.288397 7.875480
-3.155405 5.764191
-1.289707 5.400654
-2.870972 0.127882
-2.786829 -1.366304
-2.726717 0.946469
-3.753800 -0.352843
-2.826083 0.779260
-2.219368 0.301686
-5.762981 -6.186493
-6.445261 -5.235816
-7.500894 -4.580556
-7.116853 -4.109782
-6.028970 -4.184728
-4.880333 -4.238157
-3.628701 -3.448650
-5.901385 -4.542189
-3.884600 -5.088604
-4.360546 -3.173857
-4.162228 -3.124884
-4.482062 -4.500225
-7.649343 -4.942486
-7.518810 -6.799040
-5.990600 -6.401371
-7.880968 -7.259611
-7.644584 -7.862284
-7.160042 -5.703043
-6.394685 -7.491402
-7.857789 -11.120809
-11.477585 -8.264257
-6.775403 -8.003093
-5.581663 -6.414125
-7.196056 -7.979071
-8.444908 -8.139027
-10.188845 -11.064111
-11.051789 -8.544850
-9.650642 -9.006667
-9.903957 -10.908326
-9.012648 -8.125743
-13.571547 -8.864234
-16.374563 -7.668160
-13.449274 -2.427337
-10.295095 -2.038086
-12.049149 -0.035645
-11.247000 0.072131
-10.316027 -2.376486
-10.683214 2.655654
-8.533733 1.482579
-4.036694 6.010944
-2.512938 4.475019
-1.467478 4.422828
-0.750649 5.501934
-8.409962 3.854422
-9.297604 2.064657
-3.941622 6.364282
-2.517398 6.513793
-1.317582 5.157580
-1.466132 2.822651
-1.634128 2.516237
-2.456741 3.422675
-2.285320 2.494845
-3.710226 -0.140349
-2.935657 -2.456921
-3.696871 -2.908265
-3.703076 -2.103233
-4.592068 -3.042433
-3.196785 -1.472460
-3.787346 -5.087235
-3.825174 -2.267053
-1.732995 -1.067997
-3.939308 -3.382168
-6.429074 -5.516649
-7.772824 -5.521832
-5.214485 -7.536393
-6.145481 -4.496869
-7.097947 -5.213293
-5.656719 -5.667133
-4.544120 -1.996999
-4.202158 -1.339046
-3.325991 -5.096132
-6.261218 -7.189927
-7.581234 -8.548860
-5.871995 -3.958326
-9.750124 -2.749485
-10.860460 -1.925177
-10.958311 -2.548493
-10.046230 2.673876
-8.251827 2.132611
-10.522197 2.138342
-10.851434 -2.087717
-12.380328 -0.033963
-14.315254 0.094668
-10.095891 -2.609986
-11.759268 -1.124985
-10.702007 -0.417178
-11.791458 -1.051659
-11.045688 3.605681
-8.690829 1.211209
-11.940267 2.839180
-12.877121 10.424981
-12.418979 15.047479
