-2.520544 -14.044898
-6.615218 -8.076649
-7.456457 -7.193738
-5.407271 -8.821216
-8.632198 -9.080482
-7.104361 -7.853411
-7.332180 -5.618051
-7.620775 -4.031734
-6.842355 -6.327821
-5.768513 -7.512294
-4.483963 -8.430831
-4.472507 -8.190833
-6.495781 -5.628941
-4.534311 -7.085054
-4.171456 -5.526679
-5.545467 -5.596151
-2.894501 -3.962262
-4.898757 -6.786261
-6.584165 -6.462675
-4.404182 -6.463362
-3.845135 -3.372998
-3.541199 -0.828053
-3.407394 -3.850962
-5.501791 -4.516664
-4.856052 -3.984741
-3.779340 -4.974925
-3.116629 -2.945475
-2.535636 -2.868405
-1.705222 -3.202266
-2.930550 -4.014953
-2.358027 -1.794965
-3.579329 -3.604842
-3.243355 -4.371211
-2.453872 -3.090694
-1.977412 -1.562050
-3.410152 -3.637107
-5.770033 -4.597155
-6.266627 -4.290435
-9.680127 -1.782648
-10.289384 4.432022
-10.337999 0.073275
-11.885480 -2.826941
-11.172520 -1.498215
-10.989120 -1.570236
-9.777346 -2.062734
-10.225988 0.063866
-9.861855 -0.819333
-9.884624 -1.927411
-12.492336 -2.320979
-16.335640 -4.649410
-11.271637 -9.642587
-12.579541 -9.133609
-10.868017 -9.637935
-7.780461 -11.013877
-12.953581 -11.452210
-14.199787 -2.521019
-13.637461 -1.206886
-10.761927 -1.523859
-7.341691 -7.041552
-6.823560 -7.595811
-5.824378 -6.629486
-4.628511 -8.078259
-9.641086 -1.366615
-13.372129 -7.410444
-13.736314 -7.712302
-13.247640 -7.602184
-12.473255 -10.254920
-11.141529 -9.238414
-5.701943 -7.656862
-6.930157 -4.181478
-6.510473 -6.815757
-7.112706 -3.941111
-7.299002 -5.359422
-7.407689 -6.163099
-7.838848 -5.261701
-7.864209 -5.169467
-7.465091 -5.701445
-7.449298 -7.080455
-8.562152 -10.001426
-8.490105 -8.297771
-10.010866 -8.310030
-12.285128 -8.324050
-14.844727 -11.945291
-14.784817 -4.913826
-13.180669 -5.420027
-13.741214 -4.763312
-12.221545 -0.265610
-12.327770 -0.972740
-10.702231 -2.178565
-11.277023 -2.589391
-7.396287 -5.198884
-7.520754 -6.236420
-8.251444 -8.822930
-5.831117 -6.947335
-4.163955 -5.633437
-5.190599 -6.780557
-4.852152 -5.058722
-3.760798 -2.993027
-4.055212 -3.053802
-3.404005 -0.308856
-4.198406 -2.364806
-4.183876 -2.179713
-4.788768 -6.930520
-6.242231 -6.696889
-7.252863 -6.749480
-8.270132 -11.584895
-11.057835 -10.229565
-9.149121 -12.743356
-9.423578 -8.871949
-6.582770 -5.010873
-7.429223 -6.168077
-5.838208 -4.158124
-5.007164 -5.188778
-6.535455 -6.230761
-15.811897 -6.128943
-13.114799 -1.577635
-16.084625 -4.795482
-12.978521 -4.632676
-13.231647 -6.881255
-17.940697 -8.243793
-10.612682 -10.238163
-10.360444 -8.034941
-11.876978 -8.992499
-10.271767 -8.318857
-7.320480 -8.460408
-7.450190 -5.695389
-6.714499 -6.546856
-7.591449 -5.512671
-7.097182 -4.153289
-6.714550 -5.584205
-6.228700 -4.189846
-8.220955 -9.031198
-10.586132 -8.706307
-9.846964 -9.020461
-12.840533 -8.036620
-9.720100 -8.046801
-9.530190 -8.582827
-9.247101 -8.492056
-10.035299 -9.918593
-9.779504 -9.396461
-8.446943 -8.116157
-12.973776 -9.561874
-6.505523 -10.260896
-6.852261 -6.844811
-6.822805 -6.263481
-7.036968 -5.683933
-7.771248 -7.748222
-5.673434 -4.055955
-6.933161 -6.229364
-6.045806 -3.954521
-7.839285 -6.562844
-5.548149 -7.521718
-6.112272 -7.739439
-8.403535 -8.275677
-7.548670 -9.286150
-10.273983 -9.771852
-9.661913 -10.853557
-11.464546 -8.989324
-9.969692 -8.706035
-7.153182 -9.838067
-7.665007 -11.766265
-7.307333 -6.862086
-6.891393 -7.456066
-7.811482 -7.325436
-7.845670 -5.556635
-6.197542 -9.382114
-8.990788 -11.159205
-10.663076 -8.995201
-10.233091 -8.777289
-13.795137 -8.178899
-11.928354 -9.213177
-9.803699 -9.622549
-10.633584 -9.087165
-14.178469 -7.904421
-13.379395 -6.125988
-13.001699 -6.348356
-13.419386 -1.544185
-9.650852 -2.618610
-10.191275 -2.057832
-9.990694 -2.796679
-10.526479 2.615324
-8.836421 2.038198
-10.825016 5.151062
-12.872480 -0.109640
-11.826314 -8.329946
-12.748055 -10.955493
-11.786837 -9.484309
-4.859998 -6.885343
-6.216183 -7.235654
-7.776399 -6.724604
-7.563551 -5.029150
-6.402982 -6.496034
-7.013363 -6.956742
-7.528871 -6.066119
-7.460992 -7.063009
-6.730771 -6.456117
-5.078653 -8.851563
-6.592691 -8.999771
-8.071846 -9.188308
-9.230851 -12.162345
-8.278890 -10.440454
-5.457717 -4.361634
-9.425397 -10.512618
-13.105061 -8.536860
-13.378147 -5.851324
-14.257227 -8.028520
-8.549241 -9.495674
-7.365654 -7.846636
-8.709806 -9.403663
-7.049120 -8.616990
-7.147461 -9.202927
-7.241143 -6.622662
-7.730552 -6.339946
-6.247833 -6.766670
-5.763092 -7.320848
-6.682278 -8.822612
-7.874961 -10.557490
-12.933765 -10.223325
-13.019640 -3.586603
-15.648256 -1.958784
-11.477718 -2.986825
-15.062004 -2.201604
-12.959718 -4.305713
-13.140011 -5.036004
-13.276785 -5.555501
-14.899744 -5.728763
-14.062954 -0.153791
-10.431002 -2.597832
-9.693187 0.810160
-9.499974 2.190656
-10.937925 0.634349
-9.029597 1.397945
-12.091404 0.217037
-11.705111 3.635305
-11.976130 -2.990378
-11.909990 -0.807743
-9.983678 -1.844214
-12.124056 1.088175
-14.040997 -6.053004
-14.078161 -6.230226
-14.327534 -7.033584
-13.950155 -6.394826
-13.943417 -3.762343
-13.160099 -3.930747
-13.195672 -6.620373
-13.121070 -7.130645
-11.280963 -8.488872
-8.725848 -8.941314
-12.121955 -8.926017
-10.486583 -8.768482
-10.108847 -9.736762
-9.338622 -10.098125
-13.477095 -8.356299
-14.032442 -8.918461
-11.741060 -9.302716
-8.962203 -9.514203
-7.391837 -7.361992
-4.859395 -3.980084
-3.852961 -4.146121
-2.888075 -2.164637
-3.737208 -1.642156
-4.418675 -2.758746
-3.816653 -5.666319
-5.475440 -4.896959
-6.887015 -4.855882
-7.809935 -4.948729
-6.644151 -5.944862
-7.626252 -7.052319
-7.487412 -8.125995
-7.114830 -5.478525
-4.149828 -5.567833
-3.894263 -3.429281
-2.488329 -1.431618
-2.453858 -2.112259
-2.458360 0.026367
-4.329067 0.418870
-3.427747 -0.090001
-4.141067 0.776466
-4.538729 -1.895934
-4.485147 -0.093917
-3.093022 -1.749805
-2.288738 -2.987121
-4.556650 -0.639330
-2.665515 0.029342
-2.541786 4.876406
-3.837772 6.190778
-4.702373 6.275215
-6.470275 6.889962
-5.810378 8.902367
-10.079884 5.620792
-8.327033 3.069723
-10.416871 1.411821
-10.228002 -0.796654
-2.461779 -4.043378
-5.763355 -5.133849
-4.295805 -2.859577
-3.652569 -2.802873
-3.305327 -1.466608
-2.963177 -1.118343
-2.180393 -0.845541
-1.721285 -4.784736
-2.821627 -2.264594
-3.686631 -3.882504
-6.844397 -5.348550
-7.428256 -5.810978
-7.330986 -7.643337
-6.379220 -7.105845
-6.580480 -7.009599
-5.625484 -5.609700
-6.393378 -6.607897
-5.142381 -4.409818
-5.392570 -5.121361
-6.407418 -4.023683
-7.454368 -8.965413
-7.059710 -8.785651
-11.479317 -8.821103
-7.746667 -8.442443
-7.428683 -4.882041
-4.165841 -2.726154
-3.642457 -2.117824
-4.233934 -3.459047
-5.213946 -6.669786
-6.459557 -5.141361
-8.723192 1.930331
-10.066210 1.387067
-9.993740 2.467621
-10.788999 7.014629
-10.748856 8.226234
-9.167434 3.140713
-9.404206 4.825762
-8.573071 2.279953
-8.642313 4.276248
-10.949564 -1.114501
-11.201159 -1.606913
-11.179348 -0.464088
-11.689487 -0.821757
-10.588034 1.319960
-10.101551 2.643276
-12.818660 4.728822
-12.523551 7.375352
-10.179474 2.163705
-8.936592 1.551613
-8.702744 1.972997
-10.846779 1.616780
-11.311840 -2.274351
-9.050766 2.988436
-10.607394 7.352753
-9.974777 -0.801470
-11.931406 -1.900339
-13.070381 -1.030143
-14.279912 -2.672473
-17.164665 -6.983428
-11.283539 -8.809082
-9.369001 -9.102309
-9.708222 -9.815869
-11.331333 -9.790094
-8.167328 -8.767579
-9.822282 -8.742505
-6.833329 -10.882815
-9.963131 -9.180966
-9.398376 -9.087598
-8.369963 -9.711798
-6.167080 -4.446648
-7.334141 -6.007495
-6.933710 -5.797237
-6.026165 -6.163333
-7.374503 -5.133930
-7.042862 -8.176789
-7.742986 -7.877316
-11.215858 -0.462411
-10.571308 -1.795697
-11.091918 -1.302883
-9.859022 -2.561815
-12.474479 -0.183129
-11.637291 -1.618789
-9.400284 2.213431
-10.185308 -0.327108
-11.601270 -2.845094
-10.950842 -0.686327
-12.299814 -1.493413
-11.571172 2.965176
-12.726767 -1.393173
-13.126972 -0.684354
-9.801318 -2.455656
-12.109045 -1.156630
-12.820126 0.204276
-16.564926 5.808474
-19.459160 7.979828
