5.222377 -16.297501
1.947803 -10.864526
-0.584590 -8.669387
-2.522016 -7.010122
-3.834603 -5.192744
-4.381369 -0.969554
-4.543199 -3.041206
-1.426295 0.617334
-2.778423 2.369939
-3.030254 4.326841
-3.102461 3.220590
-1.665422 1.821610
-3.326888 -0.611123
-3.111365 -0.037197
-2.242019 3.162044
-3.195125 6.275025
-5.754875 8.638876
-6.850382 6.812209
-6.537621 7.308395
-4.555453 6.900371
-5.642705 6.118785
-4.350060 6.588814
-5.659733 6.036288
-3.742796 6.810228
-2.436548 5.492098
-2.752609 4.872787
-2.345278 5.230534
-3.015440 6.091107
-4.994877 6.084856
-4.550501 6.225885
-5.497643 8.322909
-2.638398 5.766564
-2.326455 5.375974
-3.758972 7.334328
-5.143244 6.179424
-8.543136 6.797600
-6.653679 7.361504
-8.709792 5.703989
-8.363816 3.599524
-9.085415 2.842107
-9.051149 1.445433
-8.616804 3.132181
-8.602689 7.518438
