4.266732 -3.719857
1.783832 -3.946199
1.270937 -0.886114
-1.370714 -2.205347
-3.248005 -0.445339
-1.764553 -2.093194
-2.362849 -3.231103
-6.642462 -4.522088
-6.774134 -4.033653
-6.395768 -6.004383
-6.774844 -7.576180
-9.606529 -8.853951
-13.020405 -8.352984
-13.994765 -5.547843
-13.005847 -5.253829
-15.257538 -4.154719
-13.215680 -7.301465
-13.190592 -6.318503
-14.053186 -3.521552
-14.767369 -3.225021
-12.982250 -6.070671
-15.762193 -8.813031
-12.514601 -8.879971
-8.466309 -9.381480
-9.908503 -9.577613
-9.945837 -9.262955
-6.095893 -9.482955
-6.283772 -4.542482
-7.825578 -6.484931
-5.953214 -5.303464
-6.196721 -9.260354
-10.854800 -9.440581
-12.977458 -8.882572
-9.877119 -8.386210
-9.126892 -9.093952
-14.534517 -8.275558
-11.789419 -8.724112
-5.710088 -7.891522
-7.100373 -6.627005
-7.803130 -8.402932
-7.175883 -4.869546
-7.208856 -4.362973
-7.018990 -7.611449
-6.424911 -5.182344
-5.171657 -4.441655
-7.571527 -6.051924
-7.555444 -9.652410
-8.538422 -8.562526
-8.220671 -8.460744
-6.074024 -9.624860
-7.020800 -6.219065
-5.344166 -3.997410
-2.412022 -1.842208
-4.328891 -1.052790
-3.494210 0.036006
-2.295077 0.978516
-2.395322 0.768869
-4.009888 0.493122
-4.508380 0.798906
-4.254949 0.495531
-7.936211 7.927948
-6.682175 7.203568
-8.081681 6.537643
-5.837386 6.053367
-6.892208 6.630278
-5.440370 8.804210
-8.319858 6.321855
-9.840761 2.237261
-9.189386 2.488810
-8.858039 2.164121
-9.317394 2.559707
-11.584839 -0.600766
-12.933807 1.955233
-10.223200 -0.051772
-10.821374 2.989387
-11.317043 -2.896215
-10.078392 -1.276271
-9.775099 -2.894839
-10.210471 -1.867430
-10.883772 -0.792884
-14.304285 -3.196602
-14.954609 -2.630699
