-3.172589 -19.144327
-4.389687 -11.213876
-6.027043 -9.940715
-5.632468 -6.523512
-6.005744 -5.856014
-6.693953 -6.281657
-6.532597 -7.720398
-8.741766 -8.769813
-9.501802 -8.894697
-9.354384 -9.124385
-9.205273 -9.152033
-6.921080 -8.065812
-10.553164 -10.021539
-11.241456 -10.657384
-16.087749 -7.696800
-12.971722 -7.510110
-13.237020 -7.996027
-7.289600 -9.328898
-5.059049 -7.796817
-5.516572 -7.133528
-6.980880 -7.224165
-6.634439 -5.515132
-7.079151 -10.417213
-11.677155 -8.333162
-10.788956 -8.049556
-8.371323 -8.574323
-10.922178 -8.918790
-9.041609 -9.589679
-7.342790 -8.865436
-7.303050 -6.966849
-8.096699 -9.643838
-11.160126 -9.585227
-13.166111 -8.342032
-12.919022 -5.847939
-17.014841 -9.789608
-11.709838 -10.313973
-14.538710 -7.304942
-14.028613 -3.583275
-10.568213 0.589653
-10.464882 -2.403633
-11.027245 -2.761844
-10.230166 -1.121913
-12.119610 -1.258838
-9.002036 2.578377
-8.277169 1.695400
-13.100866 -5.872205
-16.020493 -6.984118
-16.323689 -7.808824
-12.960132 -6.205257
-13.840866 -4.067373
-8.013523 -8.190417
-6.209421 -7.327676
-7.073680 -6.654722
-10.516059 -9.646755
-10.049755 -15.122398
-10.908801 -13.187892
-14.705933 -19.393738
-10.085348 -19.398092
-14.363507 -11.633287
-6.408573 -11.280786
-15.279280 -12.102299
-13.267271 -9.483130
-8.848111 -8.294350
-6.745295 -8.022294
-7.066565 -6.929126
-4.483728 -8.530644
-11.226498 -9.111478
-10.493036 -8.023149
-10.043751 -8.453362
-10.448124 -10.249112
-6.650548 -5.798859
-6.782713 -6.880606
-6.980171 -5.751836
-7.640680 -5.794441
-7.434052 -8.219361
-10.761972 -8.677797
-9.273322 -9.560456
-10.829199 -8.761214
-13.049053 -5.217377
-14.760084 -6.172671
-16.518423 -11.515639
-12.432340 -8.543977
-12.991163 -8.204563
-8.819672 -8.143665
-8.740589 -8.337811
-8.356842 -8.466489
-7.385801 -7.660709
-6.704579 -5.600008
-7.192254 -5.602774
-6.062243 -7.302532
-7.883952 -7.365684
-6.725259 -5.636245
-6.379866 -5.854380
-7.787038 -4.992872
-7.387670 -4.321788
-6.193803 -4.063825
-7.485282 -4.185477
-5.474562 -4.392575
-4.558588 -5.285073
-5.883644 -5.762372
-3.864916 -5.321253
-3.024527 -5.403809
-4.247206 -6.406921
-10.109026 -2.688983
-10.470247 -3.000570
-11.646380 -1.845247
-12.161203 -2.305324
-10.181641 -1.412217
-11.668650 -0.881597
-14.026601 -2.993733
-13.050203 -5.720597
-9.948352 -10.177979
-10.136707 -8.129754
-6.689774 -9.494603
-5.414658 -4.106049
-7.958091 -8.428573
-11.173114 -9.122203
-10.860346 -8.051163
-7.331897 -10.020354
-6.983772 -5.496550
-5.750690 -8.592919
-6.956809 -7.104492
-8.610057 -8.112965
-11.513710 -8.668848
-13.050978 -2.846983
-11.704851 1.610340
-9.718483 1.584776
-10.321902 -2.121880
-3.600646 -0.865162
-4.047935 -2.396016
-2.949139 0.363121
-8.337069 1.657788
-11.484618 -1.272685
-10.118032 -1.436163
-13.214019 -7.264443
-14.996893 -9.765081
-13.753640 -6.790743
-16.432362 -6.626504
-14.300596 -6.039228
-12.411051 -10.266313
-7.435372 -10.610057
-11.607835 -9.320138
-6.282761 -8.889819
-6.537658 -7.861075
-6.583851 -7.852029
-14.183260 -7.107701
-10.134142 -2.372820
-10.482204 0.125892
-12.235628 3.465431
-8.337610 4.163049
-8.415248 3.997065
-8.851951 5.987233
-3.331187 6.656270
-5.452228 6.248193
-5.569760 5.956997
-5.430748 6.577595
-1.068733 6.669225
-2.095173 5.595862
-2.657540 5.605137
-0.333242 5.084670
-0.812567 3.017913
-2.582873 0.985905
-2.109706 1.978981
-2.599809 2.219687
-2.876737 1.484870
-3.902470 -2.306541
-4.453097 -0.034568
-4.308203 -1.075439
-4.306526 -0.243424
-3.464011 -0.737209
-2.341411 1.488782
-3.032860 1.119479
-3.850839 -1.064081
-2.453599 -1.696844
-2.277109 -0.982149
-2.841617 0.160589
-2.438735 0.359612
-3.484616 -0.505124
-2.641868 -0.766596
-3.969707 -1.715330
-3.624179 0.004592
-3.948335 -1.857398
-4.474947 -3.375453
-3.749576 -2.456255
-3.350768 -2.458878
-3.591243 -2.187917
-4.122839 -4.540027
-6.031175 -5.626426
-6.027343 -4.874023
-4.904771 -5.321747
-6.090061 -3.958778
-3.246323 -5.024204
-3.688584 -2.632694
-3.359742 -1.583136
-2.605220 0.746858
-1.035219 -0.300949
-3.689146 0.442455
-2.654340 1.231693
-2.292915 2.281967
-1.862187 0.434525
-4.531397 -1.245438
-3.981561 -1.385656
-4.314034 -3.123484
-3.722054 -3.248374
-5.484180 -4.683733
-5.383154 -4.904053
-6.019763 -6.700072
-3.122334 -5.081953
-3.659409 -3.424957
-3.793101 -2.443485
-5.910730 -5.429504
-5.071742 -4.124809
-10.646959 2.356856
-8.406203 4.435527
-8.559586 2.533066
-8.913188 2.445462
-8.687956 2.162874
-8.404363 3.890538
-8.934243 3.311209
-12.229901 2.011577
-9.913755 -0.396905
-10.226055 2.556427
-8.455948 3.116467
-8.663728 3.548937
-10.013662 4.691977
-9.413162 6.956553
-5.386436 6.071385
-7.448992 6.154663
-4.913629 5.954986
-3.361920 7.503787
-3.040301 5.751415
-1.629201 5.202762
-5.351108 8.097610
-5.849515 7.071617
-5.653768 7.678036
-7.703799 7.232057
-13.504151 13.779506
