-12.374250 8.670392
-11.874378 5.039636
-10.799582 7.760725
-9.284028 7.834953
-9.939895 7.962766
-9.738099 6.357034
-6.217378 6.037407
-5.407743 7.617493
-6.130168 7.650894
-5.511418 6.237394
-5.834903 6.449371
-3.916805 6.553684
-5.327514 6.830702
-5.735992 5.987142
-9.942457 6.747259
-10.188110 6.108528
-9.922651 4.672982
-6.586064 7.850109
-4.253961 6.722628
-2.801796 5.682909
-2.851041 6.376510
-5.225595 8.741912
-5.346294 7.436059
-7.111938 7.539162
-5.361532 7.104330
-5.188648 7.443969
-6.661596 5.984181
-7.382549 6.101431
-8.822285 7.166873
-8.306019 3.983598
-8.793416 3.786768
-8.481448 4.149269
-8.771478 1.962106
-4.179221 -1.801698
-2.511347 -1.955844
-2.549330 -2.472708
-1.965191 -2.147954
-2.369464 0.454596
-3.527422 0.876921
-1.988433 1.066005
-3.058538 1.493274
-2.835127 1.142695
-3.427017 0.069250
-3.003394 -2.174235
-3.727771 -0.683404
-2.641392 -0.378802
-2.139643 -0.320462
-4.286778 0.316840
-3.925659 -1.123777
-4.521892 0.368996
-4.536091 -0.281839
-4.174030 -2.426084
-3.287420 -1.560602
-3.446129 -2.210876
-3.027095 -2.524104
-3.588045 -2.818043
-2.067909 -3.220497
-1.767602 -5.545270
