-18.391308 -12.639998
-10.502497 -8.305434
-9.693638 -10.634154
-8.370124 -8.727992
-10.455341 -10.345024
-8.834075 -11.593385
-9.367002 -11.548310
-14.519218 -10.214484
-13.783157 -7.089751
-13.344481 -5.282456
-12.723387 -11.020413
-9.350924 -9.073215
-8.116696 -8.217687
-7.158309 -8.246984
-4.440615 -8.239292
-4.629984 -6.989425
-9.692122 -8.684670
-9.775599 -10.166442
-11.133854 -9.090501
-9.583069 -13.617041
-7.182186 -7.228353
-7.049252 -7.751417
-5.437886 -5.542913
7.566586 4.620273
7.362899 4.799829
8.522079 3.228684
8.708276 5.542728
9.123656 4.584153
8.925456 3.422218
8.876940 4.651327
10.333681 5.320672
9.464424 5.539872
9.969521 4.585620
7.287853 5.087127
6.742147 4.198065
6.779442 5.222106
5.749829 6.937479
2.894803 8.667427
4.590479 10.325929
9.061246 13.562325
9.545284 11.704489
14.795034 15.012006
