-1.819398 -6.044982
-4.307868 -3.458116
-4.265206 -4.496099
-4.999581 -3.908381
-6.781554 -4.481437
-7.108708 -5.903271
-7.634564 -4.558115
-5.628783 -4.047975
-7.521869 -7.602781
-8.279299 -8.791749
-9.721626 -8.624291
-6.899243 -8.150493
-7.880169 -4.879010
-7.606465 -6.746061
-7.938095 -9.608790
-10.667645 -9.148423
-11.454874 -8.401315
-5.216736 -9.313380
-5.990663 -5.262199
-5.325206 -6.303660
-7.534889 -8.506799
-9.081055 -8.063220
-6.726965 -8.739861
-9.251056 -11.020086
-6.988347 -8.649835
-7.711310 -4.979020
-6.425572 -5.436290
-6.896829 -7.903186
-12.136650 -8.586125
-7.555899 -9.041321
-9.084012 -8.153340
-9.066705 -8.486670
-8.519159 -9.824702
-11.619498 -10.561509
-15.867416 -2.634017
-14.558594 -2.433049
-15.362176 -5.670355
-12.201164 -1.125513
-9.938538 0.221192
-11.611060 -1.477999
-14.636991 -1.541657
-13.399320 -5.712186
-13.825035 -6.315327
-17.690826 -12.689116
-13.815626 -6.807014
-14.318640 -10.593736
-10.432966 -10.793275
-6.820618 -9.543649
-5.906657 -8.236763
-7.609478 -9.557582
-7.504956 -9.824258
-8.894642 -8.281334
-10.609381 -9.409547
-8.217687 -8.287763
-6.337553 -6.881191
-4.900114 -4.717421
-7.040832 -8.021087
-8.690980 -8.976529
-10.232244 -9.140210
-5.984507 -3.954907
-5.854042 -5.678339
-8.737252 1.197073
-10.960272 4.122052
-9.772768 1.747042
-10.905658 -1.619929
-12.073584 -0.581308
-11.214560 -2.798297
-9.943664 0.771425
-12.572679 0.956025
-13.846493 -6.538284
-14.606633 -6.273777
-14.469190 -11.436749
-13.350765 -5.191919
-14.534689 -6.271000
-12.821192 -1.830198
-14.962554 1.716678
-13.692264 -1.653269
-11.915674 -2.769786
-10.741676 -1.123921
-12.639851 1.933571
-15.574502 6.200654
