-8.492958 18.152901
-8.380344 10.780606
-10.503700 6.494322
-8.227114 5.125113
-9.324306 5.376632
-9.356178 4.428623
-9.225261 7.531780
-4.968583 10.525739
-6.707032 6.937309
-5.627934 6.164811
-3.209965 6.425499
-5.155840 6.003700
-2.536214 6.192570
-2.347837 5.558713
-1.985255 4.022947
-1.846561 3.856663
-2.847386 2.329334
-2.463644 3.890289
-0.015792 4.705654
0.324593 3.227217
0.798791 2.921738
0.221805 1.573315
0.152719 0.579695
-2.646437 2.292907
-2.913181 2.683835
-2.765863 0.717186
-2.493152 -0.809950
-3.301857 0.825459
-4.360426 0.721874
-6.930714 -5.049953
-7.654512 -9.606158
-5.068119 -6.187434
-5.280518 -4.385422
-9.706387 0.448187
-9.926038 1.163052
-8.784781 2.938396
-10.038025 3.812613
-8.919498 3.150647
-8.276445 2.413260
-8.934930 1.765685
-13.714952 -7.027829
-10.093249 -8.112759
-14.646294 -11.114396
-17.828196 -8.093923
-9.787580 0.885877
-3.626769 0.612674
-3.158923 -0.427783
-2.918143 0.414925
-4.443685 0.633027
-4.334858 0.874108
-3.375155 -3.334524
-3.458853 -1.647779
-2.625527 -0.022421
-5.063957 -4.555377
-3.114637 -3.862216
-4.468576 -0.728909
-3.657273 -1.386813
-3.336756 -2.604259
-8.233275 1.857184
-8.588408 3.837986
-10.131925 1.027208
-8.747068 1.750496
-9.112084 2.645066
-3.506719 6.210925
-0.931977 3.995509
-2.465667 4.351698
-2.500309 4.486667
-2.804973 2.484739
-2.536764 3.398447
-3.157361 3.096152
-1.323103 5.447476
-3.066066 5.928910
-3.068666 3.045255
-1.256608 1.431937
-2.312506 4.591459
-1.934771 5.681317
-2.737756 4.523277
-2.920499 0.928823
-3.593146 0.103319
-2.691063 -0.407096
-3.065772 1.492249
-3.197224 0.499915
-4.098120 -0.862032
-3.768050 -1.604311
-3.713695 -1.445767
-3.665990 -1.137993
-4.491908 -2.819684
-4.439144 -0.246525
-3.434916 -0.589946
-4.529400 -3.999256
-4.328911 -3.894014
-2.734415 -4.404688
-9.064221 -9.469002
-11.616982 -8.942145
-10.733154 -11.459888
