-15.331524 -17.696938
-18.314487 -16.662352
-18.166943 -16.063826
-19.090466 -10.169204
-17.738560 -8.124381
-16.033033 -9.359420
-19.690825 -12.446504
-11.830521 -11.520641
-12.252106 -10.156856
-9.820442 -10.878558
-8.819616 -11.894263
-7.490865 -12.854323
-8.216351 -10.974959
-7.274234 -11.172477
-12.948048 -11.793159
-12.425615 -11.756440
-10.796850 -10.330623
-14.121469 -7.637830
-13.600761 -5.721588
-13.458362 -4.945761
-10.253140 -8.778971
-14.381398 -6.816514
-14.347188 -6.174179
-14.114230 -7.230541
-15.332706 -7.847904
-12.651403 -8.119050
-10.646460 -9.309611
-11.060747 -1.806195
-7.537556 -4.367681
-11.277863 -8.053479
-12.597487 -8.779439
-13.902388 -6.098252
-14.465073 -5.916268
-10.493942 -1.966516
-6.966997 -4.762232
-6.212865 -4.128438
-6.795120 -8.029092
-7.380645 -6.872700
-7.784867 -5.276842
-7.847995 -10.543060
-8.462711 -10.244028
-8.692978 -8.795706
-7.369218 -8.272294
-8.903030 -8.793702
-5.953202 -7.931620
-7.856793 -5.292513
-7.604548 -6.329859
-8.280877 -10.308427
-7.167702 -8.538337
-8.925412 -9.483373
-7.481443 -8.626491
-11.004637 -8.163147
-12.232406 -8.689459
-12.250935 -8.503361
-8.968591 -8.924144
-10.442437 -8.622783
-5.742280 -7.644369
-5.934484 -8.513413
-5.945651 -7.326790
-10.600331 -9.792224
-9.727967 -10.821221
-12.949051 -6.923655
-13.652716 -6.777896
-13.171697 -7.009692
-15.579656 -4.764688
-15.862076 -2.455755
-14.235599 -5.467403
-14.932214 -5.231966
-13.946503 -5.366497
-12.415678 -11.377475
-12.176779 -9.883501
-7.425584 -9.518334
-7.577184 -8.508546
-7.220835 -8.368014
-7.172790 -4.373213
-4.439271 -4.000639
-6.604359 -4.287384
-2.754181 -3.817697
-4.430019 -1.364074
-4.502943 -3.171426
-4.530588 -3.480031
-3.286911 -1.559292
-4.921546 -5.982997
-7.106360 -4.075791
-6.924285 -6.529633
-7.413030 -5.917188
-7.792402 -6.961929
-7.556265 -6.221654
-7.532070 -10.422519
-7.357965 -9.706853
-8.235926 -8.676035
-7.813242 -9.484806
-7.869053 -7.361512
-7.195340 -5.059182
-6.001314 -5.655652
-5.454113 -4.780638
-4.365416 -3.035153
-4.424121 -4.927871
-4.408436 0.176141
-4.517255 -0.839218
-4.290616 -2.888326
-4.123066 -6.048321
-7.176517 -8.329553
-6.086256 -5.494073
-6.947725 -5.249290
-7.491367 -6.170290
-5.485948 -3.941934
-5.274304 -8.048690
-3.554389 -3.689506
-13.289356 -1.760392
-11.014281 -2.101412
-10.562447 -1.384990
-9.641303 0.672595
-12.786166 -2.255717
-10.693713 -1.072474
-10.756495 -2.734485
-11.037304 -1.689764
-11.546253 -2.385921
-11.003098 -2.191812
-14.842859 -7.416698
-14.612160 -4.520609
-14.152866 -9.864375
-11.230307 -10.328862
-10.688698 -12.059649
-11.715098 -10.113250
-5.873346 -7.054464
-5.866807 -5.323576
-6.508647 -12.627257
-12.128641 -9.222585
-9.434616 -8.281545
-6.685222 -9.279525
-5.419705 -4.810409
-5.925290 -7.106134
-7.449059 -5.100399
-5.076047 -4.758412
-7.956313 -8.246345
-7.724569 -7.299641
-7.852578 -8.857913
-7.908608 -8.260441
-10.788508 -8.365691
-12.352678 -9.689392
-14.855555 -7.827988
-13.338007 -4.416108
-16.290638 -6.479758
-9.393314 -9.804159
-8.586071 -9.958734
-5.742459 -6.913113
-6.019863 -7.501589
-5.462824 -8.672523
-10.131544 -8.131350
-10.156561 -8.553645
-5.522704 -8.050242
-7.047260 -6.291623
-7.583078 -6.386134
-7.069242 -5.161788
-7.831201 -7.037620
-5.346587 -4.309625
-1.378098 -4.002757
-3.424297 -2.468600
-9.362183 2.918386
-10.760769 4.336492
-8.981935 1.496721
-8.339796 1.983972
-12.190773 1.131713
-9.222984 3.519692
-8.215673 3.706208
-8.514643 1.617675
-10.577599 1.413989
-10.801932 0.504128
-4.248730 -0.101319
-4.248638 0.851676
-3.185795 0.310518
-3.062733 -0.528344
-3.429753 -1.094747
-3.425336 0.385102
-4.175742 -0.197584
-4.024076 0.117235
-4.301478 -0.164479
-2.249743 -1.658119
-3.431889 -1.708830
-1.634691 -0.077102
-2.701032 0.354004
-0.415706 0.220865
0.435920 -0.271362
-7.725681 -6.698479
-6.773588 -7.193525
-10.400991 -10.287378
-10.479185 -8.356562
-9.759579 -9.971259
-7.750102 -8.799642
-6.966563 -8.052419
-13.359213 -10.534262
-14.405581 -7.665628
-15.985649 -8.060276
-7.079120 -10.176063
-7.714035 -7.950581
-6.836028 -8.195947
-10.470644 -8.316468
-10.280800 -8.709134
-15.177668 -7.541934
-15.013612 -10.393266
-10.852432 -8.197598
-8.546687 -8.580058
-7.722915 -8.658553
-8.676655 -9.747919
-8.105598 -8.798829
-11.654009 -10.486580
-13.524432 -7.748693
-14.217211 -8.326585
-14.015099 -8.483492
-14.342586 -4.024786
-13.029867 -4.532442
-11.530982 -2.646838
-15.123457 1.206994
-12.610676 -0.819130
-11.216891 -1.959781
-9.906837 0.137240
-12.636315 3.346284
-8.611503 1.955037
-10.096037 2.455794
-10.341103 -2.371490
-9.860253 0.736122
-4.534235 0.162360
-4.484705 -1.603428
-4.491075 -1.947250
-3.951428 -1.922157
-3.208836 -3.998522
-6.010167 -7.196198
-6.537177 -6.633565
-7.726226 -5.571810
-6.644141 -7.055208
-5.794037 -7.444915
-8.805187 -8.435205
-9.418884 -8.724618
-8.874118 -8.046138
-6.696772 -8.438617
-10.724380 -11.356558
-10.402647 -8.399017
-9.554630 -10.072131
-6.469514 -6.712165
-5.805953 -6.360323
-6.924559 -5.254014
-6.428740 -9.135684
-11.665478 -9.608755
-7.039172 -8.873000
-10.629215 -8.286220
-15.714273 -7.663848
-12.393004 -8.444353
-10.372926 -8.630406
-8.054600 -8.822932
-6.374068 -7.372115
-3.621614 -7.403872
-3.656463 -6.066429
-7.372677 -7.802541
-7.037791 -6.676699
-6.466709 -4.348014
-6.422412 -4.993968
-6.327605 -6.760433
-10.762251 -1.122244
-12.941319 -2.925716
-13.248230 -1.454760
-12.329437 -1.827459
-12.805162 -0.015573
-14.926073 -0.004463
-12.343754 -1.713838
-11.328041 -2.854024
-6.642112 -7.438576
-7.442834 -8.489643
-10.449627 -8.217497
-8.390345 -8.145904
-7.280233 -7.851988
-5.868541 -6.089568
-6.973405 -7.337704
-7.036679 -6.062861
-6.760746 -5.752417
-8.401808 -9.195627
-9.503275 -8.355035
-10.756094 -8.687793
-11.620615 -8.068730
-18.275986 -11.798793
-14.084275 -7.323690
-7.021090 -5.977631
-4.844372 -6.896941
-8.375093 -8.606819
-10.336088 -9.671838
-7.836719 -8.982537
-8.288509 -8.433720
-6.336763 -7.720469
-9.045983 -10.926652
-9.428156 -8.330386
-7.943769 -9.665769
-6.930221 -7.668671
-7.199375 -6.911039
-6.058794 -6.126188
-5.653363 -5.568503
-6.321872 -4.258740
-3.763789 -6.880813
-4.287789 -2.434738
-3.935636 -4.469895
-5.452926 -5.044821
-6.563727 -5.247971
-7.979980 -8.600955
-8.388053 -10.356572
-9.180063 -9.613168
-6.185558 -11.613955
-7.893821 -7.316126
-7.847172 -8.232071
-9.572842 -9.132763
-10.307929 -10.317190
-6.349525 -6.692093
-5.054439 -8.071311
-4.706704 -9.780786
-7.668601 -8.188409
-6.823624 -5.675409
-7.863220 -8.531743
-8.837939 -10.281298
-9.297380 -9.860166
-11.142542 -8.219337
-7.662940 -9.748308
-12.061684 -10.210765
-10.305819 -8.420362
-9.464581 -8.788602
-9.780783 -8.865475
-11.950106 -10.484402
-13.291408 -7.552487
-9.395699 -13.999779
-9.498756 -10.115233
-14.835930 -10.222661
-9.363991 -11.861688
-4.875913 -9.122353
-6.073210 -8.497938
-18.658367 -11.394219
-17.786232 -16.733727
-15.460407 -19.167578
-8.212439 -16.214590
-7.635165 -12.788424
-5.510638 -11.361213
-13.022637 -12.151227
-13.860197 -9.384403
-8.701083 -13.935682
-13.499079 -9.373125
-11.667839 -8.807533
-15.084002 -7.643417
-7.935746 16.538961
