19.572739 10.700296
11.825179 8.606696
11.835508 5.938967
9.116885 2.465647
10.359066 5.609618
8.345993 5.129994
9.587674 3.457524
8.916984 2.752660
8.751636 2.913975
6.252949 5.929739
5.354252 8.506074
6.314860 6.224334
5.323729 6.250120
8.470044 4.580866
8.863787 4.844836
6.237255 1.910227
3.926934 0.073399
1.331831 -0.144837
0.092403 -1.883270
-3.797924 -1.744462
-3.011693 -1.662596
-3.191605 -2.238808
-4.230050 -0.403409
-2.854403 -2.063954
-3.578912 -2.267865
-4.529334 -2.107797
-3.474671 -3.069775
-4.693525 -3.998371
-5.087022 -5.940502
-7.583008 -4.993052
-7.160190 -4.067318
-5.329195 -7.386415
-14.181583 -10.342124
-11.650572 -8.659564
-10.482823 -12.116345
-9.135880 -10.846694
-10.454187 -12.834656
-13.724727 -10.985823
-9.740847 -8.297216
-5.661062 -9.466966
-12.589347 -10.066286
-9.714355 -13.938405
-10.729108 -10.296058
-14.537769 -11.237912
-14.141562 -4.219887
-14.288077 -4.131214
-18.954229 -8.521346
-15.874423 -6.745056
-15.820677 -6.179786
-11.706497 -10.107297
-13.948315 -6.400441
-13.398080 -5.538321
-11.643883 -8.663116
-11.122261 -8.214856
-5.294334 -7.052133
-6.337376 -4.873902
-9.677464 -9.263013
-8.764688 -8.772104
-11.586693 -8.938169
-10.419417 -10.554696
-6.415898 -6.771032
-4.692050 -6.438086
-8.528566 -8.650573
-10.739563 -8.753539
-11.312023 -8.411785
-10.940406 -8.167203
-17.763638 -12.708808
-16.565578 -6.558832
-13.055591 -8.615328
-13.898391 -8.586407
-12.012539 -8.893992
-7.612979 -9.206191
-8.510534 -9.005939
-10.117872 -8.643820
-7.512279 -9.465584
-7.321909 -6.277728
-6.969795 -6.745944
-8.663568 -8.144203
-10.202405 -10.115426
-7.694810 -8.197595
-13.904160 -6.297886
-15.312979 -5.396882
-13.168645 -7.841569
-15.547541 -10.735590
-12.500067 -1.120503
-11.488452 -1.872903
-11.804650 -2.187633
-6.798420 -7.025117
-7.558113 -4.036886
-6.378929 -6.175206
-7.227965 -8.594403
-7.605701 -4.329313
-7.822986 -4.594568
-7.683450 -6.546874
-6.328470 -6.926095
-6.726573 -5.030434
-7.881336 -9.401371
-8.948760 -10.985419
-10.779934 -8.490123
-10.617191 -9.831668
-14.757079 -7.344532
-12.412016 -11.073382
-11.007580 -11.087138
-11.371280 -10.856121
-7.466705 -6.394300
-7.222813 -4.623321
-3.563979 -3.760725
-4.423703 -1.712468
-3.818633 -2.186771
-2.750197 -5.472728
-6.249282 -6.048034
-6.744163 -4.890326
-6.633039 -7.459546
-8.356170 -9.594543
-8.656490 -8.022492
-9.409779 -9.153027
-6.544433 -7.700956
-7.224379 -7.064981
-7.858904 -7.669754
-9.672839 -8.248679
-10.902974 -8.079597
-5.077520 -6.899062
-4.991084 -5.742823
-4.871377 -4.719785
-5.715125 -4.894132
-6.753983 -7.338614
-6.600156 -8.232539
-9.990801 -8.903099
-11.386337 -9.024711
-11.653622 -8.303243
-11.769088 -1.144208
-9.790460 -0.962670
-10.725241 -2.931459
-13.030473 -2.916360
-9.701725 -2.962126
-10.210815 -0.588997
-10.384829 -0.728736
-9.669573 -2.763239
-11.212360 -0.163040
-11.147196 -0.296972
-8.961371 -9.796508
-10.346123 -8.105244
-5.872766 -7.527406
-4.907516 -5.997035
-6.101480 -4.487440
-7.643478 -7.489656
-6.530305 -8.573956
-6.234044 -6.973978
-7.612201 -5.671583
-6.902639 -4.083938
-3.166041 -3.798040
-3.920879 -1.526507
-3.306490 -2.353593
-3.884075 -3.324606
-3.322310 -1.484158
-3.523244 -2.562059
-1.748033 -1.379231
-3.640145 -3.754220
-6.666242 -4.636060
-4.546341 -5.114932
-4.462953 -0.068736
-8.334031 4.620020
-8.579598 5.164548
-8.794086 2.391503
-7.179338 6.182127
-9.569181 4.138779
-9.296157 2.975712
-8.999695 3.576550
-10.410261 0.077966
-8.824488 2.538627
-9.155430 2.938023
-8.961245 2.885970
-8.627005 1.148836
-9.425257 1.421295
-9.998001 0.889793
-10.310695 -1.012831
-13.483549 -0.750738
-15.063052 -6.594193
-14.801826 -4.888878
-13.780708 -7.760432
-13.288559 -8.420915
-16.232576 -3.376941
-14.674061 0.122500
-17.578423 -6.828479
-17.130770 -16.288765
-17.278332 -17.108662
-14.831697 -17.628035
