8.447979 4.150539
5.715147 3.387016
3.770780 2.433358
1.554760 0.891048
-2.195210 1.420989
-2.175459 1.570863
-4.187714 -2.311351
-3.846477 -5.517633
-7.068570 -6.184180
-7.394409 -6.867482
-4.829238 -8.026037
-11.684051 -9.038627
-9.727875 -9.624377
-8.949799 -8.495598
-7.758348 -9.186812
-11.298996 -8.396796
-7.396101 -8.004334
-7.988923 -8.141931
-6.244871 -6.544177
-8.965727 -9.017658
-10.367138 -8.824825
-10.431801 -9.443272
-9.110323 -9.729172
-13.434055 -7.875931
-9.450099 -9.280530
-7.697413 -9.067349
-11.851915 -10.199682
-12.879887 -9.308068
-11.286579 -8.422654
-7.611558 -8.203519
-10.552345 -9.067656
-10.905605 -8.905643
-11.864769 -9.733747
-11.531500 -8.215231
-13.279417 -11.199407
-15.051844 -6.105184
-11.443452 -9.553947
-9.423569 -8.158326
-6.181878 -10.280830
-7.213456 -9.475446
-8.865559 -8.432023
-7.853790 -8.733512
-7.387463 -7.722461
-9.221745 -9.947985
-8.059397 -9.893328
-8.654448 -10.375203
-7.456325 -7.079191
-6.783326 -4.848215
-7.768157 -10.034482
-10.585667 -12.201315
-10.994534 -9.309228
-12.167501 -9.952713
-12.143968 -11.531531
-13.905569 -7.342710
-15.438618 -4.867801
-13.659262 -5.735284
-15.884876 -5.765162
-11.655562 -1.653154
-14.912060 -3.778175
-13.644749 -4.881254
-13.175211 -8.507900
-9.855058 -8.370927
-9.415955 -8.998523
-8.723282 -8.534318
-9.716349 -8.895736
-10.655306 -8.756758
-6.795012 -9.651589
-5.813232 -8.710439
-7.510029 -10.039513
-6.962913 -6.793721
-6.998866 -6.694190
-6.467339 -7.141875
-7.317708 -9.566966
-8.090746 -10.128442
-10.338168 -8.097457
-13.125985 -8.101213
-10.884513 -10.844971
-10.885277 -9.864860
-11.080412 -9.867042
-11.452991 -11.325294
-7.306170 -8.747050
-6.598155 -6.051652
-5.671215 -8.429143
-7.672296 -7.390208
-7.874393 -6.764242
-7.145522 -3.952588
-6.603929 -7.673471
-6.581028 -4.771749
-7.121114 -5.642410
-6.226778 -8.917839
-11.362678 -8.849685
-8.919857 -8.288640
-8.395727 -10.498186
-5.188300 -9.165085
-7.390212 -7.498823
-6.883552 -7.633727
-6.928764 -7.268495
-6.300520 -6.240642
-7.713227 -7.331852
-6.834986 -4.288161
-3.709570 -4.526889
-2.905871 -0.418553
-3.551920 -1.861237
-2.162261 -3.098568
-6.394660 -4.578209
-6.213948 -4.404897
-6.924570 -5.873393
-7.139022 -7.304628
-7.681530 -4.988501
-6.873356 -5.690902
-6.960732 -4.756276
-7.366102 -5.290218
-7.272724 -9.279243
-9.047474 -11.657191
-7.779593 -10.490952
-6.423178 -6.165372
-9.736946 -2.433610
-10.220439 0.069240
-11.715798 1.388454
-11.525154 -1.363820
-17.941898 -2.491977
-18.939838 -11.913857
