-16.851627 19.955189
-9.265260 10.108786
-9.665204 6.086390
-7.089010 7.465195
-7.748494 6.796758
-7.656568 6.784531
-7.228260 7.477828
-6.036428 6.061851
-5.890302 7.298614
-4.947025 6.799221
-4.689497 6.650856
-5.893941 7.184871
-6.377110 7.044380
-4.779651 6.435867
-0.765994 4.357087
-1.369237 4.213344
-1.713740 2.730482
-1.871140 3.512523
-1.067466 1.970928
-2.627194 0.456460
-3.769318 0.802625
-4.223413 -0.902798
-3.568280 -1.099422
-4.612492 -3.928183
-6.608069 -6.622929
-4.067864 -6.212273
-4.977713 -5.710320
-6.647644 -7.039970
-5.863818 -4.308164
-7.421185 -6.078813
-5.911355 -4.163077
-6.398082 -7.988700
-6.248792 -5.383650
-10.385542 0.974507
-12.934993 0.385917
-3.874658 -1.005332
-3.092706 -1.926514
-3.509331 -2.678679
-4.348118 -2.869709
-4.096376 -2.232838
-2.380031 -3.309844
-4.263741 -2.723622
-4.106470 0.577137
-4.112057 -1.818385
-3.613256 -0.602227
-10.583275 -2.272879
-11.206110 0.247650
-9.963675 -1.369045
-11.068262 -1.148890
-11.939729 -2.187108
-5.877630 -6.096932
-2.181190 -1.309531
-3.620155 -0.848675
-4.104199 -3.479337
-3.521868 -4.790191
-6.183092 -7.397861
-7.042633 -5.085289
-7.696476 -4.310999
-6.927135 -4.606220
-6.439941 -6.708069
-6.042378 -5.372974
-7.184831 -6.443916
-6.530192 -5.513636
-6.975193 -7.938852
-7.872480 -6.748139
-5.372637 -4.466831
-3.571490 -4.574989
-4.512239 -1.113176
-4.035471 -1.087711
-4.134030 0.110578
-3.067011 -0.401875
-2.329705 0.169275
-1.668350 -0.282286
-2.736559 -1.073975
-3.250322 -1.697931
-4.289800 -1.384076
-4.201935 -1.697501
-4.400704 -1.786729
-3.291813 -3.105770
-2.969259 -1.073945
-3.349544 0.003369
-4.588141 -1.724454
-4.146852 -0.256985
-3.585204 -1.910553
-2.726343 0.407961
-3.968328 -1.356262
-4.026658 -0.877300
-2.502543 -2.492994
-3.651436 -2.176053
-4.686918 -4.331515
-5.675406 -4.319218
-6.722186 -5.972803
-7.851660 -4.097130
-6.656445 -8.835534
-4.993832 -4.099192
-2.927701 -1.379940
-2.369668 -0.192533
-3.040044 1.016968
-10.059306 -1.821117
-9.707753 -2.163345
-11.175949 1.026077
-8.523869 2.516326
-9.345886 3.107211
-10.148648 2.037138
-10.071755 -2.804564
-10.301212 0.335804
-9.643923 1.052131
-10.105241 -0.859383
-11.469403 2.647214
-9.070761 4.409712
-8.353516 2.906180
-9.892273 1.945947
-3.622518 0.317533
-3.342878 0.508516
-3.472390 -0.862597
-3.333204 0.387333
-3.937586 0.769469
-2.412409 0.207211
-2.868109 1.444727
-2.647974 -0.453792
-4.056309 0.303418
-4.248028 -1.122483
-2.830446 0.661504
-4.264360 -1.152843
-2.724907 -0.686000
-2.667959 -0.139861
-2.209140 1.031507
-1.594167 0.674147
-2.104436 -1.407950
-3.079348 0.479829
-3.337422 -0.007911
-4.264165 -0.561808
-3.725429 -1.379789
-3.167453 -2.247166
-0.130327 -1.512821
-3.062817 0.167795
-4.195167 0.244868
-3.588770 -1.127435
-3.878997 -2.105764
-4.433349 -0.836871
-2.809607 1.026897
-2.415188 1.254998
-1.318226 1.259260
-2.941386 3.828322
-3.038063 2.085447
-2.641447 1.854720
-3.223670 0.448424
-2.236547 1.293734
-3.930828 0.032612
-3.402102 -1.408708
-3.796117 -1.378375
-4.011662 -0.710880
-4.087523 -4.043470
-4.272383 -7.809547
