2.361131 -18.808847
3.239649 -15.613669
8.368674 -10.273577
9.187217 -8.983352
8.001007 -9.957395
4.935834 -7.352737
2.990198 -3.473680
3.763040 -5.036283
4.515715 -4.116819
4.585996 -2.591755
4.364202 -5.385812
5.057785 -5.848910
2.606413 -4.664695
2.464930 -8.219043
7.548913 -7.994092
8.636491 -8.933803
2.770188 -7.018065
4.872409 -5.417207
2.210209 -5.976993
4.582190 -3.018577
4.281839 -1.047363
6.525460 0.671635
8.688595 3.203126
8.182043 1.295511
8.161432 2.460477
9.046442 3.917875
7.247435 3.019902
7.485262 0.497724
6.139797 0.726098
4.895740 -0.542007
6.090237 -2.460494
6.316149 0.155600
6.970976 -0.128608
7.134666 -1.283316
7.385776 0.464217
6.914585 -0.245860
3.862430 -4.186508
4.918252 -6.440688
4.669028 -9.037304
3.374593 -7.541947
6.550699 -7.954999
4.839706 -9.442564
9.177945 -9.293074
11.454750 -7.732517
12.031756 -7.103436
12.930338 -8.413032
12.615087 -1.957961
13.205624 -5.532692
