-15.573068 2.601753
-10.180403 1.909095
-5.588254 -2.259565
-2.197187 0.739761
-0.802072 0.449600
2.587409 -0.192758
2.161001 -0.898155
5.774426 0.065986
6.713071 -0.519426
6.821285 0.111228
5.927118 -1.412816
5.792877 0.769303
6.476210 0.459693
7.495832 -0.455352
3.590817 2.172320
6.641059 2.334913
6.220263 3.112597
8.658080 2.123185
9.039793 3.947233
6.930337 2.651245
8.278968 2.335975
8.191319 1.586453
8.738986 1.516582
8.840074 1.722654
7.969037 1.823112
9.252432 4.235714
7.300039 1.180165
7.140574 0.661690
6.360693 -1.307917
3.718105 -2.481900
7.945158 4.780864
10.017634 3.656958
14.071421 3.925543
14.578766 2.661693
13.205510 7.848006
11.060308 4.319086
9.028487 4.264236
8.079823 1.397688
8.522326 1.797622
8.372253 2.100842
8.619989 4.218543
7.639738 3.956954
4.460703 1.687233
12.070736 4.802267
11.059563 3.473958
9.854360 6.300311
8.954402 4.488622
10.847969 4.409604
10.373343 7.091457
8.648184 5.132921
10.816074 5.004779
15.872234 4.620162
15.634127 0.877474
16.160027 -3.579792
14.292759 -5.195319
16.703934 -3.407526
