12.971137 -3.195962
12.518957 -7.186226
7.461900 -10.177547
5.876667 -7.876683
5.861837 -3.925392
4.158078 -3.346950
5.533905 -3.829398
5.965290 -7.132768
6.887220 -10.740068
9.587250 -11.173070
8.499319 -8.043095
6.719231 -9.480770
5.548535 -7.392227
5.917680 -11.104756
7.266464 -8.088210
10.946692 -10.705139
5.257602 -9.510517
8.806967 -8.535268
8.836981 -11.958505
4.216360 -8.967368
5.230377 -4.344189
5.498912 -5.128767
4.189828 -5.293909
4.041574 -5.868743
5.476861 -6.216815
4.163080 -10.737034
9.800594 -9.765840
12.042836 -9.950717
11.473175 -3.939200
15.140163 -3.851635
13.741976 -3.214644
13.378881 -2.954241
12.864339 -1.827950
13.033775 -3.722515
13.165413 -8.793162
10.872978 -8.127435
10.331968 -9.897744
6.944760 -9.094729
3.268288 -9.066336
5.383763 -2.300005
6.036793 0.290935
5.820333 -5.228005
5.262739 -3.464595
6.679837 0.654367
7.012020 -0.261572
5.232223 -0.859742
5.992903 -8.730690
5.103053 -5.749875
4.867051 -4.151323
5.720737 -7.049957
4.385312 -0.284507
5.688361 -1.242028
3.766416 -5.565465
5.166315 -7.698881
9.450609 -10.422653
8.748415 -9.114545
8.704931 -10.690686
6.038974 -10.623933
6.123416 -6.982119
5.830325 -2.017858
4.583663 -0.139264
9.216573 3.546742
10.751328 5.036508
12.742043 4.967056
12.139336 3.460486
10.377769 4.525871
11.196331 5.118422
10.260121 3.534536
11.461634 4.868780
11.326567 3.985940
8.461584 4.913163
8.888205 2.034273
8.580324 2.115002
8.461445 2.035477
6.783375 0.849779
8.121070 4.025478
8.236015 4.242996
11.994410 4.443498
13.812601 4.685014
12.832794 4.993013
11.544310 4.272977
10.298639 3.529865
11.707260 6.947252
6.266556 3.650389
7.802389 1.321218
6.092039 2.224345
7.983357 2.354683
5.918283 1.295256
7.800343 2.363522
8.652115 1.970224
7.059191 2.847524
8.753409 2.996841
8.959942 2.715214
8.360843 1.582590
8.576739 3.849212
10.024399 4.489996
8.667545 3.970688
11.836258 3.690859
11.606665 5.973289
11.448342 4.345668
12.178692 3.469834
11.063860 5.732957
17.671476 7.228955
14.160215 2.755013
14.887426 4.422545
12.863267 3.732935
14.371393 3.378237
15.592947 6.175898
14.126133 3.578256
16.024307 -1.270622
13.984072 -4.927352
15.822458 -0.923243
15.135421 -2.327972
14.544226 -1.066917
12.753327 -8.141474
11.140336 -8.179132
12.850788 -6.170806
11.807331 -4.578078
14.192303 -3.841170
12.327668 -6.959456
8.478273 -8.212229
5.522661 -7.473301
2.971369 -7.778889
4.286275 -5.595379
4.078759 -1.787546
3.962953 -4.752643
5.337755 -5.974655
6.051518 -7.826170
4.249690 -6.315377
5.054808 -7.265331
9.631976 -8.888030
9.542227 -8.326165
6.982411 -9.459927
8.383662 -13.011712
6.743117 -7.917431
1.501557 -7.325707
5.566007 -5.025083
6.094007 -5.778894
4.596131 -5.441719
4.642547 -7.104035
4.622239 -3.166678
5.505699 -6.141636
5.736786 -7.712182
6.096339 -8.295844
7.834391 -8.630067
4.835489 -10.145114
7.210516 -8.732319
9.229726 -10.153523
9.132759 -8.246896
9.059928 -10.109822
10.729942 -9.499381
11.154919 -8.729018
8.305761 -8.200759
4.378991 -7.767517
5.492594 -5.594126
4.190826 -2.456724
4.728710 -2.210122
5.339831 -1.215746
6.658916 -1.586219
5.632594 -1.413407
4.767654 -3.966889
5.203539 -4.963624
4.809185 -2.620717
4.382102 -2.920425
5.253203 -1.378854
5.748921 -2.962557
6.080387 -0.604680
4.404175 -3.374261
5.631857 -1.429399
7.266711 -1.205032
6.934465 1.229160
6.701419 2.030332
7.875934 1.538674
10.606625 3.941245
11.907449 6.831359
14.820580 -0.416351
15.480512 2.830709
15.341381 0.882303
18.488792 1.184824
17.115250 -0.307387
17.489094 1.905249
15.327056 -1.516835
10.760442 4.386401
11.249860 4.631675
10.985358 4.887640
8.508760 5.749337
11.952948 7.316092
12.278793 3.602906
11.277781 3.589691
8.503786 4.360057
6.819762 0.691939
5.505417 0.644953
5.859427 0.432264
9.051414 2.994912
7.703238 2.819428
9.442644 5.737213
10.997611 4.443623
13.560019 3.445314
10.471447 4.473141
9.482483 3.581335
6.052273 3.302324
7.646712 2.441471
6.713762 1.454850
8.810713 2.071555
8.559597 1.985515
8.333939 3.650012
-8.259752 8.304364
-13.860722 10.819419
