6.853906 12.690338
7.819485 11.287333
7.497566 11.817623
9.542406 13.724928
7.641171 14.133617
9.724140 11.169745
9.600107 14.598401
10.177896 11.147515
12.310710 11.658897
12.563830 8.416653
12.016258 7.815808
11.313711 12.038722
7.302446 11.070024
8.272033 11.362153
7.833060 5.088486
5.737363 6.333276
8.020374 4.386277
6.716389 2.452842
6.251431 6.331988
9.930412 4.580492
9.843788 2.230663
12.288654 5.677739
10.489159 4.436859
13.773241 4.187893
11.151054 5.184879
10.452097 4.421104
9.760649 5.414939
8.113333 5.082593
8.159306 5.469094
7.341082 4.411903
7.677717 2.678946
6.056172 3.494644
6.239341 7.391079
5.018477 7.873653
4.230328 5.339726
3.549490 5.951368
8.453762 4.885925
7.559045 5.154272
7.755237 5.345447
3.275599 5.841363
4.846579 4.506913
6.359705 9.135707
4.561467 8.078646
4.203305 3.368414
3.341824 4.619655
3.022030 4.440427
1.631005 5.043681
-1.009592 1.569098
-4.281215 0.264618
-3.420103 -4.665368
