18.042120 -15.030065
18.394318 -12.586596
10.758818 -16.554825
8.545671 -11.709918
9.038205 -7.867822
8.999212 -8.476203
8.449468 -9.213471
8.112414 -9.602026
8.272256 -12.622023
8.315151 -11.163699
1.792150 -13.200770
-1.382383 -12.328562
1.979712 -11.409963
2.465029 -9.723905
2.163366 -8.207707
0.816130 -6.017818
4.281113 -7.982665
10.382748 -12.895953
5.939337 -7.922137
4.591564 -7.371354
7.816025 -7.989820
8.202787 -8.309320
1.475781 -13.770150
0.399574 -17.565996
-0.883208 -10.933165
-1.050654 -12.745790
2.392012 -14.595220
0.817612 -13.644168
1.096676 -16.207178
6.848408 -14.540511
3.198240 -14.399224
9.947099 -13.681573
11.244945 -13.920600
8.904194 -9.648475
8.023460 -9.907295
8.218706 -12.380745
8.322203 -6.946213
8.790172 -6.783084
8.171101 -8.482300
8.392514 -8.177657
4.587140 -7.431129
5.086398 -5.226479
6.362467 -2.460826
6.400729 -3.053994
6.062384 -5.613780
8.339663 -9.279730
14.052782 -6.533819
14.248550 -13.493871
8.493997 -13.033717
9.188905 -10.684591
8.095699 -11.039845
10.821968 -7.674324
8.132856 -8.301827
6.991493 -7.721792
9.225511 -11.024338
9.273817 -10.418469
15.218555 -0.936171
14.743408 -2.109484
9.406697 -7.694297
12.525909 -6.814131
14.832537 -9.656753
15.401917 -9.419724
8.473658 -8.749000
8.653221 -9.586607
9.286684 -9.506236
9.284605 -8.172059
8.227482 -7.071017
8.413684 -8.988627
9.379108 -7.327943
7.856873 -8.258387
7.847544 -12.398295
11.932590 -13.960355
-0.266606 -14.148024
3.456186 -13.951785
7.870458 -15.019509
7.858013 -13.402247
6.218467 -14.486550
2.291423 -13.834929
1.059717 -8.956548
5.221385 -6.562713
5.957782 -5.114201
5.907992 -1.889666
6.697598 -0.587954
6.347035 -1.611430
5.997645 -3.570394
5.553134 -6.701632
3.739520 -4.518189
3.838861 -3.945788
4.520057 -5.151942
5.269225 -2.698439
7.550725 0.165215
6.543396 -1.221917
8.471433 -1.575648
6.288506 -0.737411
7.322313 -0.878942
5.737946 -0.162562
6.127049 -3.335500
5.394346 -1.005681
8.616471 -0.791124
8.620736 -1.420553
9.549689 -1.290624
10.339517 -0.203779
9.116677 -0.725554
6.446537 -1.394077
6.170701 -4.165962
3.729622 -7.056499
8.961367 -7.697240
6.635021 -7.688324
8.334975 -8.269899
8.365314 -8.970185
8.115558 -10.418015
9.152737 -12.247405
9.404707 -13.102842
8.853481 -14.056386
5.629043 -13.297091
7.256149 -13.214799
10.922117 -13.138807
4.852827 -13.485012
-0.198699 -12.905129
0.851200 -12.490765
2.190519 -9.984764
0.556851 -8.011981
10.261112 -7.008836
6.613826 -7.403067
5.807920 -6.547952
7.579012 -8.200238
9.582049 -6.703078
9.625715 -7.508843
2.020744 -7.566884
2.195436 -7.028259
4.303413 -4.516804
5.351354 -4.149089
5.243788 -4.089719
6.048975 -6.208698
4.883018 -5.942152
6.165771 -1.050578
5.665666 -3.153934
6.311200 -4.806524
6.377989 -8.041611
7.932475 -6.755822
6.898458 -8.103723
6.629570 -6.869731
7.877529 -6.773263
6.168454 -7.227799
5.034963 -7.954195
7.770888 -8.055382
8.023712 -8.537352
7.848599 -17.533287
5.653666 -16.273256
4.525709 -7.603340
7.921540 -6.855632
8.445601 -9.826917
9.386333 -13.689551
9.019855 -11.084723
3.363194 -14.403549
8.381964 -11.377438
8.088843 -11.605767
8.088372 -12.348998
9.091580 -13.835954
11.856626 -6.027245
12.891394 -4.209479
10.865324 -0.339862
12.028988 -2.517301
11.992538 -5.385424
17.281883 -3.108144
18.072510 -10.857732
14.562847 0.137846
9.627432 -0.119279
12.719249 -1.467158
12.701339 0.377893
14.480644 -4.643873
12.479205 -7.578146
10.969556 -13.750107
9.652628 -17.283369
8.737451 -8.048082
9.178146 -11.046016
8.039907 -9.158505
8.244793 -8.909163
9.366688 -14.538211
6.270523 -18.755709
6.391078 -13.676331
5.815784 -14.627104
1.076107 -15.424146
1.588758 -11.814569
2.585203 -11.418737
1.990507 -9.912885
2.528472 -12.070214
2.270236 -9.754360
0.612940 -9.214779
-0.865708 -11.503581
3.548034 -7.971618
3.283161 -6.547286
0.822757 -9.237102
1.158861 -9.824560
1.099685 -8.782044
2.563426 -8.322806
2.452133 -4.922435
3.975199 -7.788307
6.710593 -6.952096
7.601796 -7.616399
9.315523 -10.417629
7.925163 -9.499310
9.179757 -9.124228
7.124590 -7.021447
-1.067211 -9.000475
0.282798 -11.117896
1.785965 -9.614960
0.074396 -14.255546
3.856590 -13.211457
3.660558 -14.134021
1.596388 -12.968682
4.057288 -14.881724
3.880149 -14.046180
9.197180 -8.521482
8.484756 -11.082713
8.127720 -9.510308
8.916076 -10.189178
8.864135 -10.116578
2.390282 -10.289788
2.786944 -11.734861
2.417672 -11.321107
1.413040 -10.658708
0.808202 -10.132834
1.824388 -5.509662
1.839698 -7.058040
4.785427 -7.964317
5.989912 -5.956875
17.182350 -7.360036
11.824873 -7.728871
9.093457 -8.610090
8.529429 -11.067210
8.230474 -11.354148
7.932780 -16.424536
6.762635 -15.515473
12.854128 -15.113695
5.564404 -14.301796
8.348179 -15.869102
7.426242 -13.796348
9.111810 -12.856369
2.386096 -10.512949
5.892320 -8.187646
3.460207 -7.318687
8.808544 -8.162753
7.633751 -7.914237
7.382108 -8.021186
10.675324 -7.605881
9.380984 -11.736223
8.031691 -11.063972
8.179212 -10.325165
9.372612 -9.252595
14.658066 -10.054073
15.786135 -12.375844
15.810826 -17.864267
9.224510 -12.419698
9.224001 -11.330762
8.789366 -11.002124
8.846947 -12.466394
9.207098 -9.399056
12.761106 -14.500941
11.427809 -13.361508
6.032127 -8.093279
8.021724 -10.928802
7.022493 -14.457383
6.470476 -14.339519
5.106755 -8.011441
9.001313 -10.350161
8.684153 -9.354765
6.499436 -6.851401
6.214171 -8.100329
10.095380 -6.904212
17.665150 -6.743194
18.966888 -12.625825
15.272346 -4.142901
11.525207 -2.337855
8.355299 -7.169330
8.776865 -10.153062
8.858719 -9.648708
8.062199 -7.087951
10.931192 -7.312698
13.608279 -5.742388
15.097942 -8.771977
10.648451 -7.591056
8.560362 -9.247988
6.041909 -7.654869
5.256122 -7.932725
11.504755 -6.322106
14.762486 -9.991915
14.695504 -9.372922
11.614098 -6.626823
8.491926 -9.272664
8.958326 -9.342599
8.344907 -9.356272
10.163617 -7.214192
13.065353 -6.312582
11.050076 -7.741551
11.833880 -7.663465
7.346847 -7.190089
10.340583 -6.779263
8.396506 -8.298781
9.185906 -9.607253
7.594051 -7.542996
5.774684 -6.459982
5.972065 -6.524409
-0.462714 -9.730103
1.700063 -9.055503
1.471597 -11.379449
4.530508 -7.495229
2.264824 -10.081585
1.517635 -10.766675
0.859901 -12.426929
5.848374 -6.795823
8.279902 -8.620427
7.848798 -12.656747
13.751583 -15.231467
7.036280 -14.659831
3.082848 -14.969419
2.184879 -17.098726
6.931814 -8.040343
11.103604 -12.848035
9.464566 -14.225669
18.053774 -16.329042
8.043162 -10.538257
6.235811 -7.708757
1.563021 -8.814679
1.785381 -9.652783
2.316206 -8.396248
6.520595 -6.709677
6.371991 -7.577732
10.054803 -7.210203
2.583951 -4.966636
6.090502 -7.112749
7.462524 -6.934813
6.724394 -13.968887
-2.589308 -15.234804
1.542135 -14.058698
1.734950 -12.229112
2.179175 -11.884782
0.565733 -11.669249
2.776118 -11.291008
8.056399 -11.009300
14.749743 -6.735986
16.171177 -10.988105
14.795934 -15.002097
9.888901 -13.591540
17.529968 -11.547151
12.351980 -7.140473
17.038399 -13.392160
8.940499 -14.808227
16.046005 -10.922191
8.122237 -10.010404
8.423949 -11.397430
8.559914 -14.266446
4.936309 -13.407899
11.336727 -13.041322
10.501684 -13.159812
7.149259 -13.730289
8.215171 -14.405911
7.501432 -13.555654
4.155149 -15.156130
9.803059 -19.474665
8.368738 -12.663625
8.422276 -8.027850
8.148523 -7.975328
8.585482 -7.772392
6.989384 -6.865311
6.038468 -4.863457
3.901486 -1.405050
9.005300 0.021212
8.959517 -1.116603
8.465714 -1.261042
6.330382 -7.472071
7.876894 -7.855700
8.314190 -6.704454
8.248914 -7.271529
13.853333 -6.962389
11.922189 -5.636916
13.414925 -4.224960
13.464519 -5.379697
14.514837 -6.433858
16.116873 -10.535484
14.853134 -6.705299
14.045827 -5.940963
13.818623 -1.227178
11.515924 -0.675399
12.681949 1.600709
13.646540 -4.347266
8.678289 -14.519357
16.351711 -13.276896
16.153860 -12.041215
17.923817 -11.482682
16.763006 -6.238273
9.362562 -6.998764
10.237710 -6.924727
2.453612 -8.355327
3.689160 -7.489561
3.122305 -5.415948
7.431055 -14.441869
8.766225 -11.283288
11.299109 -13.245492
9.072699 -8.818408
8.363429 -9.827703
8.192142 -9.760816
7.865426 -10.902609
7.144453 -14.802415
15.099601 -17.411230
13.697783 -14.558011
13.175895 -15.119700
10.328282 -16.602160
9.386310 -15.118882
9.235790 -10.086329
0.549381 -10.607467
-1.108249 -15.135080
3.779752 -13.578723
-3.239873 -10.909639
-0.161137 -11.444068
1.698166 -12.210592
-0.260447 -12.572756
-1.359375 -15.285952
5.074411 -13.231597
10.234841 -13.248661
6.227285 -14.238136
8.494089 -13.586072
17.838322 -12.447867
18.182434 -8.013966
14.893703 -11.035404
15.891572 -9.312892
8.315647 -9.495803
2.930413 -8.135533
1.122804 -8.474631
7.336342 -7.833403
5.235804 -7.183532
6.270190 -8.015732
6.986558 -7.525648
15.118468 -10.438245
8.572913 -8.450070
8.271449 -10.306834
8.022579 -9.214257
8.735675 -8.996869
8.143835 -13.018844
10.589820 -7.492064
9.239717 -7.407278
7.894792 -12.445901
0.772395 -12.170454
1.878649 -10.931291
1.806831 -10.768765
1.706578 -9.463567
1.065632 -8.881576
5.744868 -5.218689
10.147534 -13.622729
8.662300 -11.116204
8.813372 -10.947147
8.411453 -10.528367
8.480945 -12.298671
7.913633 -11.666006
14.730766 -13.803773
11.927678 -5.243797
7.805754 -6.843716
8.511602 -8.232586
7.941442 -7.961285
4.383345 -7.997121
4.727860 -7.847287
1.271329 -12.006295
0.748234 -9.289086
2.610031 -11.259122
7.065514 -14.576251
7.018518 -14.462655
8.196712 -9.720698
8.014979 -11.271710
1.830461 -9.970552
0.352490 -8.773366
1.285381 -9.353381
0.478002 -9.787545
2.271467 -9.525397
8.225181 -7.129045
7.679724 -6.680699
6.086368 -7.467363
11.466200 -6.363790
8.156711 -7.573480
6.291716 -7.712462
9.004691 -0.918846
4.036366 -4.045945
4.868379 -5.197967
6.301424 -3.334835
5.165541 -5.933373
8.351801 -7.005228
8.114023 -9.246298
8.824970 -9.390725
9.010219 -7.976910
4.651372 -6.806611
6.366484 -8.100091
9.320939 -11.042706
7.965878 -11.043986
8.958720 -10.074287
7.901433 -11.551984
12.099258 -16.417015
5.073149 -13.828305
7.111750 -14.297146
1.583638 -17.701757
1.912182 -11.073691
1.010814 -10.691953
2.761224 -8.556230
1.575882 -6.860817
2.336146 -8.573834
1.842188 -7.508438
2.579772 -7.572289
4.804668 -7.272806
5.630745 -7.748617
6.261465 -5.769476
5.816894 -4.234706
1.444484 -7.883734
8.081283 -8.206598
8.661719 -7.049897
9.329353 -6.815384
7.980588 -8.034760
9.845113 -7.674524
4.666415 -7.691488
4.909827 -6.488103
7.078391 -6.719128
5.926363 -4.470340
5.786805 -3.417443
6.160984 -5.515841
9.025364 -13.898779
12.320669 -12.921594
10.019434 -6.929887
12.944658 -6.879938
6.268564 -8.193820
14.469349 -15.256108
9.108916 -8.293938
5.819074 -7.588659
6.252898 -4.449902
5.039050 -5.218202
8.653349 -10.580172
8.696393 -12.905942
7.762460 -6.972728
8.115028 -8.594058
9.586561 -7.542339
8.113283 -8.422130
9.628980 -15.155555
6.854205 -16.533747
10.439872 -14.273139
13.620963 -13.278266
17.779638 -11.077392
17.891281 -12.748685
12.346249 -12.911313
11.824202 -13.275949
3.036057 -7.666463
5.379127 -7.735596
9.292202 -9.194909
9.279102 -9.876414
4.012750 -4.917306
4.864978 -5.396297
4.536924 -5.872764
4.402102 -3.351765
2.789652 -5.474777
4.549554 -4.543304
6.359889 -5.609425
8.783267 -8.840246
13.716458 -1.096228
6.051157 -6.244530
5.446321 -8.132194
7.860891 -7.517126
6.577536 -6.699646
6.278948 -5.194674
4.036223 -5.552242
3.049728 -4.791545
6.681316 0.162310
10.177295 -1.626840
10.740751 0.684083
13.122928 -3.730963
11.707395 -5.027203
7.167572 -7.777511
2.841183 -7.938342
-0.492150 -9.430107
1.523098 -7.980088
1.385344 -9.279656
-0.860603 -16.383339
-1.384446 -16.896805
2.548324 -13.903993
4.437789 -13.709244
6.774005 -14.079783
6.309360 -14.950070
8.833240 -12.217843
7.177780 -14.343973
1.999385 -9.280602
3.024502 -5.674641
2.391273 -10.997962
0.117328 -10.792314
0.687442 -10.058212
2.434207 -7.038452
4.227962 -8.009419
4.872533 -6.946408
4.631649 -8.128230
2.838930 -8.114158
1.604192 -11.933613
2.082392 -9.444938
-0.218100 -11.812621
1.595336 -9.082959
1.107892 -9.695355
-0.826729 -11.488260
1.830516 -8.114228
8.812873 -7.713199
2.857698 -7.015926
8.505577 -8.890460
8.264002 -10.365374
8.300467 -11.669744
4.054746 -13.635250
-1.492864 -13.195272
-1.161435 -9.690888
1.371375 -12.667638
2.686801 -13.981332
5.996559 -13.687527
3.891539 -15.029446
1.238347 -11.229743
2.349524 -9.132419
0.271962 -9.848773
2.816835 -10.670516
6.257742 -6.978441
5.885965 -3.423867
4.384697 -8.047503
4.178965 -7.291664
4.943892 -6.975941
5.710155 -7.198789
8.474599 -7.376689
8.498329 -10.962366
9.369799 -12.424434
14.846766 -11.172418
17.913549 -9.210221
19.585052 -16.133715
13.703874 -5.186198
13.355346 -5.821607
13.388412 -6.194471
13.176639 -1.528687
14.465315 -8.153415
15.409266 -13.255320
15.692244 -10.697836
11.832193 -6.877954
8.582890 -7.981422
7.912234 -7.689999
7.914185 -11.516248
7.979667 -9.435106
7.850482 -8.549486
9.468072 -7.766564
4.810366 -7.369201
7.201765 -7.162902
4.749498 -7.828647
9.286005 -7.058133
13.555626 -7.376322
12.245943 -2.334707
12.828905 -5.640314
12.348583 -4.580715
12.101099 -2.915707
12.095852 -2.663772
12.684235 -5.024619
11.542437 -4.531925
12.646811 -2.348817
14.308619 -4.130100
10.849010 -7.298394
9.913005 -7.347997
5.911829 -7.876778
8.608332 -8.073936
7.872843 -8.372294
9.519493 -7.713197
8.836843 -7.499348
9.202925 -8.106236
9.282465 -6.705158
9.320093 -9.331435
5.596542 -3.759278
6.306841 -7.261972
8.035988 -6.750171
9.092560 -11.803023
8.860717 -10.940152
7.390380 -13.457957
5.015374 -15.415758
8.879105 -14.348903
7.557117 -14.187762
8.835098 -13.295174
5.370300 -14.210141
6.786036 -14.189790
9.003852 -12.252922
7.474799 -14.664483
1.576676 -13.592898
2.489522 -10.381806
1.013757 -7.242555
2.969803 -7.721313
5.853179 -6.452973
3.445405 -5.857638
4.875459 -3.438469
6.010556 -2.836565
5.230092 -2.179256
6.962758 0.735952
9.355837 -1.398549
11.955631 -2.937937
13.571776 -2.693799
10.694879 -7.172884
8.583604 -8.038636
9.829383 -6.934933
8.232656 -8.347200
11.306823 -13.891341
16.756168 -12.757228
15.476862 -11.547105
14.986177 -8.884160
13.033678 -6.618796
10.863998 -7.224007
9.987006 -7.769695
5.580769 -8.067043
3.782823 -5.473315
5.198809 -7.574234
4.750008 -4.594583
5.473008 -7.072688
2.719505 -7.752034
2.599241 -8.379354
1.779922 -8.617993
-0.122160 -7.341256
4.151672 -7.746871
2.843957 -7.248411
4.530866 -7.699173
7.347801 -8.194795
8.156980 -8.010342
15.963489 -5.950240
10.804346 -6.964999
10.288098 -7.735043
9.187530 -7.162076
8.717649 -8.494630
2.554270 -10.193196
1.435997 -8.048079
5.910745 -6.845550
5.100459 -8.043895
4.933724 -14.666651
14.156756 -13.910794
9.107585 -10.407533
7.953260 -8.601015
15.342268 -12.804085
17.498455 -18.034605
12.278409 -17.389856
8.537148 -16.567648
10.951267 -14.324506
13.315898 -12.941381
14.392773 -6.092523
9.591686 -1.476659
7.950649 -0.536016
8.927937 -9.619300
8.800903 -10.822185
1.203097 -10.415974
-0.801497 -9.902150
1.608450 -10.887952
2.195138 -10.385537
0.015968 -9.064835
4.441175 -6.978478
8.257694 -6.738698
9.287112 -7.575974
16.525951 -6.419403
11.997195 -5.344066
12.321785 -1.766135
9.559264 -0.919396
10.048336 -1.143691
10.996684 -1.279743
12.641809 -2.126563
14.874561 -5.697748
12.107686 -3.917139
14.991318 -0.297764
17.755646 3.304422
12.845082 -1.303075
12.039784 3.300786
13.079731 -4.692581
11.826395 -4.125984
12.317770 -5.865593
10.136065 -1.130448
10.277932 -1.622702
5.473346 -1.367300
5.938712 -5.072096
4.314910 -5.151830
3.739412 -2.964216
7.089317 -0.678752
5.840149 -2.757730
5.757933 -3.649318
5.965588 -5.035328
5.066050 -14.123832
2.637482 -8.764012
3.087860 -7.865491
3.468132 -7.963087
2.673939 -8.181952
6.899422 -8.098044
13.963600 -5.884616
11.507317 -4.673795
9.923709 -1.321408
7.327258 -1.020202
4.330852 -2.432006
5.026140 -3.684218
5.215196 -3.800313
4.462070 -2.302126
11.019365 0.016015
12.100296 -1.972133
12.610699 -4.200876
13.694662 -3.157910
11.571199 -5.507732
9.816682 -7.686764
8.629927 -8.610180
8.092506 -10.949199
9.062795 -10.336642
10.863713 -16.022671
11.394929 -15.538723
13.721335 -14.753171
4.774549 -14.892744
2.086214 -13.162888
0.464469 -9.912885
0.739449 -10.796397
7.943242 -9.327939
8.898766 -10.912763
4.440362 -8.117412
6.545164 -13.504506
15.349931 -17.897352
7.994343 -12.625691
8.113758 -11.163686
8.175385 -10.742619
2.575840 -7.556118
1.809020 -8.578366
-0.757275 -13.737822
0.444926 -15.037967
8.949064 -9.225758
10.628088 -7.560672
7.887128 -15.526618
7.597428 -19.802959
8.344736 -12.348611
16.330317 -16.668718
14.039448 -16.913145
10.947138 -13.759582
8.142145 -16.785532
8.178508 -8.286126
5.800595 -6.837273
4.298193 -6.375926
4.844263 -1.527095
9.601407 -0.967099
9.475762 -1.568639
8.899769 -0.734686
4.824946 -0.124438
6.275892 1.314997
4.920801 -1.584920
5.884344 -2.526808
5.746642 -5.099141
4.975226 -6.242953
5.627239 -5.951404
3.097486 -6.695764
4.151503 -7.406114
2.735466 -7.475202
4.657798 -3.623137
5.103319 -4.159659
4.689708 -4.285946
4.744462 -3.152539
3.871836 -3.240414
5.150415 -4.379870
6.120438 -1.115268
9.298992 -1.523153
-0.076763 4.711208
1.520499 5.004829
6.026237 6.525942
4.728188 8.841983
6.445997 9.837835
4.360697 11.835075
7.990516 12.886345
4.526548 12.661205
4.468465 11.701022
5.255182 10.139272
6.146221 10.137657
6.568504 4.358410
5.021886 3.952432
5.353405 5.242626
5.950244 7.242171
5.073081 5.130777
5.948062 6.302341
4.764789 1.519382
8.402037 4.681475
7.329857 4.020089
6.971141 4.883499
6.052190 4.532778
3.402569 4.146442
3.176729 5.805611
2.734385 5.329133
5.697423 3.089615
4.345744 6.554869
11.559356 2.506936
12.168502 3.973822
9.840164 4.391415
10.134265 4.048646
10.182215 5.068993
9.445118 5.446588
13.556248 5.089890
12.454737 3.549164
14.264977 4.200746
10.640436 5.598514
14.575019 5.127496
13.359118 8.610047
5.870882 7.309833
6.610738 3.601750
7.802490 5.208858
10.087025 3.387374
11.004856 2.667193
12.497712 4.429737
10.008972 5.259482
8.006420 10.777135
10.779888 11.718328
8.625110 12.254272
11.863007 7.304028
13.611238 6.858984
4.793110 8.414210
8.545932 5.473869
7.391326 10.914991
8.851448 12.498216
7.443004 10.845000
5.118096 11.299670
9.621136 11.164791
7.002858 12.578199
8.268692 11.290515
7.504111 11.821946
4.651468 8.614227
0.962206 3.476884
-3.369550 6.645531
-4.941704 7.894633
-2.109467 7.550216
-1.524390 8.082605
-2.419460 8.335229
-2.015887 8.280301
2.919603 11.032538
1.989817 5.273428
7.832252 5.071802
5.667012 8.228773
4.418551 7.230702
4.735626 6.840085
3.090391 3.238145
2.123572 3.735486
1.936204 3.812131
-0.853313 5.464048
-1.043318 8.702117
-1.704745 8.230169
-2.417755 8.439310
-0.798827 10.598137
-1.419232 10.827691
-4.680202 10.488900
-6.548639 11.064460
-1.659338 8.342167
-0.763812 10.451867
-2.004522 11.891736
-1.501121 9.587234
-3.088558 11.650732
-1.048557 14.033079
-2.352601 10.749181
-0.802414 8.947942
-0.094583 4.482708
0.955017 4.432588
1.917143 4.498343
-1.818657 4.709379
-1.240251 6.442240
-0.063831 4.834895
-0.434194 5.635236
0.040487 5.769075
-2.287883 3.950080
0.414132 4.790126
-1.717387 6.791723
-3.765616 6.606846
-5.287477 7.674815
-3.089821 7.915255
-0.967403 6.450434
-2.498092 7.083020
-1.772704 9.131484
-1.117436 6.550498
-1.327829 6.194217
2.105926 3.623500
2.223726 5.385150
3.832305 4.779980
3.122612 4.249282
2.621250 3.557981
2.635147 11.032351
2.467620 5.697768
-0.752030 5.150399
2.646772 5.761049
4.683055 5.170890
4.653007 4.840672
5.078430 10.604774
5.021968 8.691800
4.384164 7.604005
4.654141 9.324552
6.213417 7.502244
4.171060 5.087613
4.572188 3.442541
3.700132 4.386121
2.044321 5.455767
2.733200 5.746015
2.443516 4.872903
2.259116 3.185322
3.299377 4.305277
5.201399 6.123036
6.030332 12.780736
8.375505 11.199872
5.683615 11.696157
5.631792 10.378425
4.321454 12.321755
5.738118 5.797250
4.661399 8.571918
1.572632 5.792182
2.967113 3.582902
4.839085 7.174439
3.008751 5.272089
2.568215 5.511308
4.235806 5.075798
2.582374 5.943155
3.060854 4.536191
3.599145 4.205351
1.755792 4.977357
-0.793721 6.437642
-0.860538 6.681748
-1.072617 6.120840
-0.604018 5.112767
-1.048609 7.260653
-0.888510 5.707418
-0.094266 4.244450
0.120564 5.694810
-4.531314 5.480913
-3.860440 10.197237
-2.262931 13.571057
-1.261318 12.171736
-0.837385 10.319378
-1.283339 10.941890
-2.486950 8.464423
-2.832312 7.703493
-0.275332 4.817938
0.360602 5.518099
2.091424 4.443038
1.396993 3.968319
1.342948 3.994848
5.006518 4.607523
5.728015 10.116908
4.629204 13.072716
4.791820 16.308853
5.326214 8.880298
6.448796 9.602277
6.121849 9.913815
6.807304 12.296003
4.716640 5.168679
8.019853 4.754981
7.074404 4.370281
7.311614 3.395500
4.648659 7.072336
5.845093 7.150979
2.627832 4.557789
1.134096 5.059310
-0.102411 5.214104
-1.228265 6.524492
-1.853658 9.184387
-1.722133 8.360415
-1.390879 8.716749
-2.543885 8.105103
-3.705148 7.761656
-3.161065 8.217999
-4.230998 7.324823
-1.124815 10.517493
-1.695722 9.498388
-3.605331 10.433808
-1.393430 11.527121
-1.662537 9.329727
