-11.962447 -8.198302
-7.466167 -0.148888
-4.642527 -0.531507
3.809004 5.026938
2.585278 4.070462
1.712057 5.660424
5.525689 5.594244
4.475676 8.689404
5.816977 6.833606
4.206976 5.031095
0.345223 3.766006
-1.642324 7.795916
-2.450832 9.406363
-4.248634 10.538032
-4.131225 9.457344
-0.919793 9.561063
-2.244889 8.870118
-1.291071 13.048241
-1.450370 9.959394
-1.197694 9.483703
-5.088017 13.126197
-2.614406 10.185062
-0.835084 10.951468
-1.687198 9.504933
-1.355188 7.814579
-0.842617 11.028955
-2.395391 9.802717
-1.233542 8.605857
-2.122127 7.396865
-0.620310 4.507555
2.529840 3.091744
1.621288 5.870545
1.803210 5.341528
4.566814 4.044714
5.118326 6.890239
5.804464 8.183794
5.861154 12.847260
7.329862 11.354457
5.472412 12.108539
6.414093 12.998708
4.592770 7.224842
5.578076 6.065662
2.953020 4.798151
2.116892 3.699073
2.278753 4.488466
0.051636 5.402625
-2.992852 7.463260
-3.939567 10.452509
-4.004220 10.505229
-3.561744 13.031772
-1.047220 14.336059
-2.403708 11.939729
-1.228308 13.498956
-1.207033 11.412053
-3.308502 8.180550
-5.788476 8.437907
-4.094587 9.159081
-1.348920 12.360665
-0.891151 11.901059
0.068341 4.731504
4.651400 4.414824
4.926612 4.324572
5.407146 6.401862
3.758828 4.257606
5.296329 3.351675
4.208865 14.375504
5.989819 16.735487
6.533226 10.084917
5.629458 6.058718
3.488940 5.637529
2.799350 3.715889
0.915931 5.259800
-2.786276 8.493054
-1.773212 10.011226
-0.177630 10.956813
-2.412349 11.066201
-2.351182 8.693385
-4.572836 12.475524
-6.070540 10.154241
-2.914308 13.472585
-1.164465 9.774453
-2.964316 11.604331
-4.128883 15.776481
-3.407288 13.195510
-2.572103 11.627893
-0.984550 7.260195
-3.584128 8.807754
-2.436135 8.661525
-4.426989 9.202330
-2.970133 15.788243
-0.271644 16.276394
4.042159 18.375063
2.913515 16.296312
-0.956679 9.049332
-0.957015 8.238820
2.073337 5.540078
5.037043 5.813690
1.153895 5.218030
2.872520 5.565654
-2.637146 6.566482
-1.688655 5.541082
-0.966379 8.106291
-1.436128 6.516002
-1.825116 8.794403
5.187413 7.424887
6.112397 6.721792
3.229298 4.210458
3.917878 5.043505
3.034846 4.598691
2.178034 4.246201
2.590868 3.704524
1.548106 4.160802
4.007687 3.894893
3.639603 5.169106
5.076285 6.576737
4.425881 7.259503
6.434767 7.726929
3.834190 3.795160
3.724122 5.913030
1.959435 5.876249
5.340122 4.812761
1.891352 4.362791
3.330093 3.710323
2.600507 5.889182
5.977154 5.655652
4.482522 7.242045
5.731669 12.734406
6.880830 11.765183
4.358969 9.484941
6.430069 9.036302
5.206047 7.175601
5.160570 10.518912
5.014458 10.348234
6.778301 11.153350
5.297941 13.692801
10.485640 16.496761
2.511138 16.882992
7.066050 19.873110
6.765402 13.262876
4.499267 7.268757
6.319617 8.013665
5.571293 8.176812
1.874253 5.404068
1.157572 4.960445
-0.545408 5.107249
-1.025910 4.563413
1.044934 5.095865
3.524081 4.719579
3.876895 5.203425
-0.152774 5.634811
1.088996 5.944185
4.414869 5.756574
4.849752 7.670205
5.015078 6.496855
6.210516 5.676265
6.809388 4.542531
8.548659 2.556566
5.166328 4.887647
0.775763 5.292144
2.702219 4.239416
2.869622 4.997354
2.885282 5.816658
1.358747 5.495017
-0.373054 4.558784
-1.264987 10.843448
-0.747136 10.793237
-0.706586 9.617231
-0.770211 9.542351
-1.254985 6.924856
-0.506729 4.500760
-0.910600 3.770469
0.816568 5.928434
-0.801563 4.520660
-2.820795 11.912338
-2.627413 15.254810
-3.287737 11.887649
-4.757802 13.252270
-1.163720 10.487487
-5.093534 10.335073
-2.320582 8.985314
-1.237188 8.901497
-3.613816 9.550515
-0.885749 7.575363
-1.947953 9.120155
-1.446338 11.673536
-1.893838 10.724073
-4.501344 8.861429
-3.098027 5.066599
-2.354611 7.848564
-1.562830 8.443899
-0.853009 4.282768
0.958700 4.762096
2.218507 5.884100
1.680786 5.199718
-0.667438 3.369957
0.494173 5.682941
3.947899 4.265098
3.808514 5.822036
5.097169 6.975720
5.760519 7.555526
4.736202 9.226568
4.548434 10.116603
4.465691 14.964101
4.095299 16.099627
1.189957 17.056335
4.357891 16.199137
4.090711 18.793137
