-3.404152 5.261942
-1.100226 6.893519
-1.276511 13.005377
-0.892003 8.511743
-2.485942 6.696951
-3.257567 8.226140
-4.758331 9.639394
-2.558988 10.717193
-1.583073 8.124449
-0.837682 10.804092
-2.558599 8.024784
-1.039644 11.153274
-1.020241 10.572181
-1.341099 7.569340
-3.051439 6.660542
1.083105 5.199233
1.884679 3.909107
1.548994 1.524192
1.828265 3.892369
4.895019 5.277950
5.834830 12.820088
4.935534 9.551563
4.690389 8.010015
6.081008 9.957974
5.393351 5.883386
2.667029 3.127731
1.709408 5.671098
0.305807 5.836156
0.666197 5.515952
2.457535 3.746307
2.063588 5.216750
1.233211 5.102674
5.774292 2.580131
4.153619 3.107861
8.310694 3.400262
6.734708 3.382113
5.648263 7.508015
4.344161 8.073446
4.460845 11.342481
6.466088 8.639507
5.408916 8.024212
2.263515 4.045262
1.233458 5.347416
4.569914 5.768771
4.741179 8.100070
-4.071923 8.784795
-3.301648 6.822929
-1.492814 7.892369
-4.027431 8.353003
-1.227703 10.547812
-1.075308 8.859361
-3.310965 10.002524
-4.262512 9.999538
-1.657902 12.217477
-0.975255 15.810931
-4.733388 13.302041
-1.975262 8.343795
-1.431030 9.571335
-2.638859 8.229878
-2.033067 4.933005
-1.312002 5.895305
0.493282 4.660366
-2.483513 7.228351
3.728811 4.581780
2.988495 3.736085
0.548418 4.563432
1.656409 3.093555
-0.427395 4.643548
1.846785 5.567958
0.482201 5.436841
1.428097 5.721668
1.410017 4.291581
1.633889 5.307312
0.804210 5.706262
1.229457 4.165573
-0.578533 10.975705
-3.843525 10.963351
-1.120687 12.905837
-2.189383 9.335658
-1.742159 14.293718
-3.597515 7.201202
-4.326934 8.835108
-2.082647 10.714675
-1.453018 14.294573
-3.631480 12.328398
-6.166050 11.920525
2.761404 19.288883
4.014820 16.203379
1.276570 16.663347
1.902179 17.250038
