19.966982 -5.207530
13.500500 -4.429308
12.715249 -6.402809
8.283906 -8.266660
8.546910 -7.427453
8.402776 -10.648225
7.996717 -12.890456
8.629539 -14.912879
9.156146 -14.366735
11.893703 -15.533208
8.269354 -15.564984
7.984465 -12.651141
5.900310 -7.497936
7.042958 -7.153321
3.358157 -7.118236
7.180696 -7.239566
7.646271 -7.974217
5.669989 -7.257741
0.036595 -8.132393
1.242423 -9.094102
1.849819 -10.590988
-1.065489 -13.561666
1.987476 -12.880147
2.147964 -9.970319
-0.570817 -11.898376
4.907077 -16.853930
5.984788 -14.648152
2.640343 -12.682656
2.105994 -7.990444
5.351635 -7.332145
8.374249 -11.152541
8.381510 -8.395993
8.827516 -10.748363
8.647968 -8.722908
5.639325 -3.350886
4.728076 -3.734425
4.896300 -2.221662
5.345142 -6.877070
5.704729 -7.237656
5.668227 -7.211592
3.699730 -6.027572
5.296068 -7.031264
9.749358 -7.687911
8.168973 -8.043446
8.728691 -8.253987
8.977307 -8.273814
8.376673 -10.814525
8.887455 -10.507157
8.604222 -10.743587
8.576065 -10.505858
3.883648 -6.134910
1.537004 -7.603274
1.352177 -8.041206
3.675265 -7.267912
5.930543 -7.582707
4.991456 -6.513311
4.883559 -8.060065
4.955430 -7.873928
3.829857 -2.247100
-1.080072 -11.349439
0.884515 -10.634916
1.845663 -8.916899
2.056169 -10.897685
1.230409 -14.614058
6.010928 -14.979329
1.473413 -13.236365
5.016605 -16.119286
6.078066 -18.880735
7.518893 -13.964619
11.880413 -18.191122
5.606887 -13.241547
7.001534 -16.210001
7.448746 -14.602143
8.520790 -12.475591
8.237733 -9.847745
8.586233 -9.152436
8.256717 -8.642139
8.684494 -10.892274
4.305017 -6.854631
0.313459 -10.188004
1.966874 -10.480176
1.139626 -10.632076
1.064823 -8.190156
5.850496 -7.914624
3.467598 -6.251241
4.559641 -5.687572
1.997806 -7.407151
3.004963 -5.789063
3.186931 -5.698124
3.271722 -3.105485
2.639202 -5.414580
1.744908 -10.364323
1.396471 -10.124494
0.309953 -10.563396
2.704210 -10.258599
1.478267 -10.204776
2.817890 -11.812226
1.478494 -8.863436
2.689372 -8.967666
1.947957 -10.375079
1.508863 -9.171073
0.637286 -9.907560
1.765622 -12.984466
8.753980 -16.126627
8.754146 -15.756995
6.268677 -17.048426
8.042376 -14.638895
8.991339 -12.827373
9.307032 -11.084292
8.193758 -9.782589
8.791079 -8.057700
3.181232 -7.086408
3.655053 -3.211965
5.343616 -3.786897
2.175541 -7.915607
2.038476 -11.419062
1.242143 -12.424843
-0.900815 -12.073846
1.980483 -9.580815
2.876320 -7.293302
3.428325 -5.362993
6.628058 -8.140255
5.013658 -5.881858
4.192742 -8.134391
8.941800 -7.101882
4.671548 -6.503786
4.892704 -3.609820
3.591688 -6.729185
6.233807 -3.792152
5.698498 -3.819170
2.629719 0.307779
1.211806 1.712828
-1.033187 4.652711
-2.778758 4.733939
