6.656439 -14.749173
9.553030 -13.423364
8.835005 -10.920421
8.427794 -11.813142
8.713209 -16.065516
6.998062 -13.650504
11.582220 -14.381390
15.320688 -13.537408
16.438990 -9.742442
16.424343 -6.490429
7.267792 -7.097341
7.009048 -6.932758
8.746384 -8.985918
8.211843 -9.673328
8.160657 -9.959021
7.893213 -8.296453
7.925429 -8.410533
9.878078 -7.234954
8.666517 -8.450827
6.012760 -13.786692
5.569192 -13.863219
8.193344 -10.143476
5.878915 -7.897459
1.518472 -11.827407
2.708479 -11.792277
1.244596 -8.136987
1.404255 -8.762574
1.699098 -10.412091
2.157672 -8.366646
1.484483 -7.723948
3.615655 -7.412479
2.641197 -7.009589
0.162688 -8.116147
8.223194 -11.115347
8.183592 -11.108641
3.628075 -7.028707
4.429597 -6.889355
5.649431 -3.773982
5.275153 -3.728778
6.287047 -4.102743
4.383242 -4.539854
4.323590 -5.967258
4.973395 -7.202525
2.737017 -11.572627
-1.513242 -10.650151
0.651497 -10.375272
1.331534 -9.866363
2.174664 -13.967273
8.904965 -13.365529
4.378847 -13.940003
9.010753 -14.823436
9.173091 -13.039355
8.594293 -11.283361
8.759238 -8.831621
8.727663 -10.996650
7.890281 -11.396661
9.294100 -12.807479
7.843148 -11.176418
7.914276 -8.957376
8.591257 0.182172
10.274693 0.080326
9.750149 -0.136609
12.720290 -6.049222
11.988310 -3.130575
12.895960 -6.016476
12.419552 -4.181897
12.266030 -4.773483
10.664457 -0.861493
7.930158 -1.631762
7.661241 -0.600311
5.961476 -1.718623
8.958435 -1.126514
10.540170 -1.147295
12.830086 -1.973564
15.130968 -7.484384
11.594585 -2.242516
12.265270 -1.755521
11.456059 -2.726707
11.579803 -2.231998
11.768396 -4.463614
5.963536 -4.038481
6.060176 -5.434183
6.159380 -7.132619
8.579222 -9.428564
8.296205 -8.102989
8.326533 -8.665189
7.862052 -6.717358
8.588463 -7.606682
8.830466 -7.034302
10.102310 -6.884685
12.882790 -6.686395
13.334768 -5.601849
10.703149 -7.067914
8.338312 -7.628924
8.143211 -10.349302
8.033756 -8.325832
8.388313 -9.101872
8.964619 -7.771895
6.572345 -7.581508
4.371469 -7.335403
5.813233 -6.543326
5.763243 -6.104125
5.799904 -4.051012
3.276974 -4.497964
6.767168 -7.634110
8.974047 -8.543311
9.571915 -7.137363
8.009349 -7.387977
7.744300 -6.953761
5.266790 -7.241240
5.149115 -5.860552
0.516316 -10.515079
2.496709 -15.495351
8.859089 -17.175085
4.762800 -13.902029
-0.743137 -14.148752
-1.581067 -9.652164
2.554793 -10.265561
2.222426 -5.004960
2.421931 -9.202863
1.249266 -9.210077
6.369969 -5.207255
3.436935 -7.869257
5.786643 -6.411968
7.433805 -7.080802
9.120836 -9.650683
-0.010873 -9.191575
2.326545 -7.354694
8.211796 -8.939232
6.205040 -6.238355
-2.335661 -9.202236
-0.132377 -10.199937
1.277806 -10.139497
2.422137 -12.614359
0.992694 -11.746835
0.481348 -8.603198
6.416991 -6.679352
5.624086 -7.987944
8.396554 -10.555552
9.101885 -10.408353
6.049124 -7.639727
3.561996 -7.751683
12.406015 -14.971186
6.207852 -13.878089
8.133224 -16.624451
8.646133 -13.738233
6.451380 -13.293191
6.630597 -14.532512
4.644070 -13.363128
6.810595 -15.641613
10.259941 -15.640862
5.036552 -15.415586
7.424276 -17.048105
8.069405 -11.483937
10.854984 -16.097189
7.764033 -13.620539
8.470546 -9.940806
7.474477 -8.002893
1.628793 -7.430771
2.817709 -10.206250
4.483183 -7.955624
5.953308 -5.518430
4.765214 -7.832829
8.473740 -11.306604
9.360602 -10.443738
8.123072 -11.511282
8.530974 -8.864494
7.884699 -11.358687
8.937418 -13.225995
8.962254 -9.727216
9.261193 -10.820194
8.185964 -11.498120
7.904841 -12.712430
7.545866 -13.223401
8.128955 -13.914662
8.872304 -7.258366
8.945116 -7.667395
8.520445 -7.268491
8.716291 -10.678795
7.126596 -8.126653
6.093295 -6.192907
5.660292 -7.874596
14.542884 -11.875447
8.663898 -12.087783
9.407528 -12.985965
14.442263 -13.762179
12.812083 -15.731145
14.424289 -11.380567
8.426745 -7.211009
8.411234 -10.094979
2.504721 -10.248033
5.902738 -6.435385
6.584229 -6.675619
7.505612 -7.062569
8.721139 -10.597594
8.247312 -9.719229
7.210808 -7.801351
4.731738 -7.589159
4.932229 -6.722901
4.883362 -5.660123
6.326051 -4.856651
6.134990 -4.303854
5.599783 -4.944904
3.465557 -5.511751
5.127112 -8.172893
0.456484 -6.912276
2.192423 -11.204323
-0.473407 -11.120829
3.875124 -6.136839
3.951145 -7.892895
7.956454 -11.224804
9.672358 -16.060938
16.346336 -17.783945
6.635629 -7.906852
7.848637 -10.452006
7.940607 -10.235446
8.065711 -10.783043
9.073256 -10.721422
8.124516 -14.290697
4.228947 -17.360205
0.267476 -11.500246
2.745472 -11.204440
1.449414 -9.363381
2.461715 -15.291679
1.410412 -13.650868
1.583356 -10.485040
2.442788 -8.472894
2.684380 -8.477860
1.367769 -10.790857
5.361303 -7.806839
5.552947 -8.139692
2.792056 -4.904481
2.199397 -8.676999
1.669621 -9.050889
2.861987 -5.837652
5.778198 -8.108468
8.075586 -6.933533
0.237354 -10.998616
-2.480837 -9.290606
1.928487 -10.064931
2.362144 -8.659841
0.792471 -10.093630
3.074197 -7.763860
2.324834 -8.353759
-0.940556 -10.744760
2.955729 -14.674333
4.131285 -13.532112
3.565538 -14.710437
7.470509 -17.347137
9.368024 -10.983187
7.977897 -10.603359
0.187370 -12.469148
2.055018 -12.135045
0.474919 -12.852484
1.389245 -11.686323
-0.879231 -12.005686
3.523410 -13.898854
5.880150 -13.944288
4.291396 -14.409223
5.524183 -14.973043
4.155578 -13.961734
4.851158 -14.302793
2.374711 -11.572560
0.922327 -9.173803
2.495645 -6.765422
2.058546 -12.014661
1.474834 -8.769368
1.940085 -11.392791
2.289860 -10.159638
1.049928 -9.259653
7.238646 -7.257520
9.069726 -7.285800
7.090972 -6.805890
7.364849 -6.961665
12.071039 -3.656797
12.437185 -0.977791
10.268559 -0.810218
9.922501 -1.076052
8.944728 -1.302363
8.718042 0.581603
8.675446 -0.906092
11.495892 -5.810554
15.554205 -8.481965
17.114256 -4.169549
14.201714 -3.935659
11.988562 -5.738086
8.409358 -10.355677
8.836714 -8.891364
9.314554 -9.985892
4.957338 -6.281324
2.869267 -7.941246
6.465539 -7.653734
6.145610 -7.305604
7.434701 -6.724244
5.307051 -7.231170
4.878128 -5.786532
4.167282 -6.083316
8.565521 -9.623517
-0.269936 -9.157475
0.902469 -9.878661
2.406126 -10.049829
2.018743 -8.517045
1.776118 -7.223914
4.330097 -6.999761
4.816353 -4.962170
3.808320 -7.747140
2.614232 -6.114476
2.575773 -10.175398
-0.467187 -9.123464
3.000093 -7.242654
9.336669 -14.791160
10.600671 -12.892562
10.955545 -14.477576
10.480341 -14.858214
13.369269 -12.951041
12.320377 -13.246755
11.066301 -16.721693
12.075274 -14.691447
8.813536 -8.198211
8.638294 -8.336625
9.749902 -7.571867
13.962320 -14.878287
10.090630 -14.118864
9.116331 -9.221869
8.249218 -8.645270
2.608046 -9.622252
1.347717 -8.707741
3.679925 -5.411386
5.765052 -7.918367
8.252878 -8.421624
8.286982 -13.518874
12.053150 -7.109999
12.209734 -1.693593
11.016701 -7.138007
8.867960 -12.824201
11.190377 -13.466137
13.460014 -12.922635
14.896263 -9.479970
12.382305 -13.609736
7.869457 -13.520658
8.974786 -8.360093
8.443611 -11.256857
9.981888 -14.612241
7.031773 -18.608751
-0.087675 -12.417657
1.686972 -14.086871
6.660213 -14.653293
5.462527 -14.753505
4.525048 -14.379165
2.391906 -11.621970
1.125437 -9.015683
4.646692 -7.130301
7.040787 -7.458607
2.914798 -7.151491
4.943213 -7.842077
4.456183 -6.656144
6.318063 -6.929727
5.259988 -13.219726
1.892957 -11.331004
5.991018 -14.370279
8.775772 -9.078148
8.817055 -8.410382
6.916658 -14.007026
7.556975 -15.737631
5.072492 -13.384994
1.096463 -9.349458
2.840052 -10.129278
8.207902 -7.780771
5.988439 -7.683845
4.639706 -7.704065
4.231721 -6.664652
6.415020 -7.033388
8.988437 -7.275523
4.693503 -6.935864
7.913113 -8.445472
8.039396 -9.838164
8.332825 -12.780326
8.050083 -9.269094
7.891220 -12.217799
8.490356 -10.236036
3.528748 -7.548323
4.002563 -5.967762
4.980409 -4.090497
6.397739 -6.593017
6.335174 -7.738241
2.484807 -5.025402
5.718997 -5.324602
3.347982 -6.710986
2.071171 -4.230458
2.545438 -8.755368
4.895490 -4.716415
4.790073 -7.637316
8.358408 -9.457862
10.296377 -13.633221
8.324325 -10.045802
8.989250 -9.149575
6.819179 -14.559146
8.461531 -12.907552
5.544162 -13.776053
2.248852 -13.392642
1.748574 -11.441877
2.847411 -7.830156
5.602922 -7.461472
2.470722 -9.111026
5.421933 -7.771053
2.950830 -7.322136
2.255500 -8.309762
2.214861 -8.749245
3.691633 -7.437902
5.851397 -6.013996
3.378379 -6.582332
2.695935 -5.485842
4.108629 -5.156893
5.387772 -4.337018
3.385090 -1.659286
7.264534 -1.432198
7.043753 -1.613259
9.327135 -1.446048
10.287846 -1.213493
9.771293 -0.517250
12.208677 -2.151024
13.540325 -6.144178
12.967951 -7.163892
8.087107 -7.882088
14.553247 -7.282061
14.754517 -14.122397
8.892704 -15.276869
8.852419 -12.142892
8.572459 -10.750653
8.170704 -10.374847
8.571312 -9.525453
9.174690 -8.899078
8.699307 -9.281857
12.661196 -13.660238
8.475057 -13.604735
8.562236 -10.942327
8.823518 -11.186069
8.862234 -10.510674
8.923440 -11.655471
9.108226 -13.112399
11.096619 -14.036090
11.971945 -15.840776
10.688740 -15.313701
9.341017 -13.549946
8.946209 -12.103232
12.179525 -14.436305
11.322318 -14.929921
6.605323 -13.328412
8.239130 -7.966901
7.834471 -8.147923
9.223646 -7.185688
10.136816 -7.196284
10.991063 -1.441379
16.561661 -1.907465
15.471944 -5.645353
11.897296 -5.162275
11.646461 -4.176884
18.128437 -12.333919
12.024035 -4.737073
9.988934 -7.175775
8.041193 -0.783201
7.701408 0.425600
11.108244 -7.530958
7.231411 -7.916474
6.262466 -6.928566
6.281125 -1.431881
6.024229 -3.598382
3.998582 -6.987901
5.141276 -5.949760
1.314756 -9.638705
1.048657 -9.971814
1.847764 -10.755895
1.753040 -10.906605
1.494646 -9.006474
2.380474 -8.147113
1.382063 -9.039294
1.305509 -10.704226
1.374355 -6.918332
0.882447 -6.681706
7.661713 -7.534337
7.417307 -7.165168
8.170847 -6.832090
9.514760 -7.311134
10.170259 -6.970233
12.575865 -7.701280
15.370537 -3.450969
15.488771 -11.626840
16.591194 -10.753251
17.915018 -19.294806
8.673412 -16.927782
9.211510 -11.888169
8.710630 -9.729089
7.925537 -6.734214
14.182990 -7.120512
12.475229 -7.819938
11.610921 -14.096368
10.865773 -15.504546
15.414854 -10.528882
19.518997 -13.033931
13.063212 -13.099597
9.249781 -7.179062
16.077169 -6.535207
13.148912 -3.841924
12.239323 -5.523988
6.978047 -7.936664
14.294103 -6.945827
13.931499 -6.925494
10.551273 -7.585232
12.532293 -7.711200
4.843630 -7.728710
8.492184 -7.933757
8.870814 -8.190457
9.046877 -6.669986
6.156946 -4.715936
5.888300 -1.563050
6.199547 -3.515014
6.211527 -5.362923
6.415647 -6.189912
4.879492 -13.216231
5.848941 -14.761920
10.602913 -15.617063
11.312427 -13.292689
12.530772 -12.899383
4.121298 -7.694273
9.361454 -11.599917
8.671988 -13.073222
11.568952 -12.864513
15.545271 -11.311881
9.052051 -12.477091
6.087419 -8.157339
9.098568 -10.172070
8.497950 -11.394586
9.007365 -11.387532
8.262794 -9.079908
8.953313 -8.767781
7.988505 -9.639116
8.919634 -8.542259
9.052757 -9.553254
8.378922 -7.713383
2.410525 -8.107944
2.012722 -9.699800
3.491114 -5.274581
4.606568 -7.947831
8.639934 -13.247517
8.272794 -11.044714
8.163953 -11.882364
1.571783 -10.432185
2.098807 -12.203292
1.927239 -10.123000
8.178988 -7.933941
10.704353 -14.307560
5.945848 -13.791947
2.433741 -11.928058
7.912994 -7.588653
8.394268 -8.939612
9.335918 -1.319348
8.818796 -0.223130
9.097635 0.126101
9.051762 -8.322407
7.536016 -7.202008
7.197280 -7.787595
6.004432 -2.404769
6.125851 -2.743266
5.663812 -2.573667
3.922648 -5.787343
3.687263 -3.551170
5.664269 -4.140640
5.711127 -0.751498
10.695794 0.331886
9.628540 -1.537000
7.135369 -0.579992
8.780659 0.544422
9.663102 0.279428
9.902143 2.805319
14.721950 2.078650
12.678801 0.064043
11.649147 -7.676882
6.699444 -7.204519
2.366566 -7.932139
0.682814 -8.172894
1.760687 -8.100184
5.911412 -6.924848
8.978968 -10.168975
8.048039 -9.014129
8.385273 -9.061727
7.853936 -11.348103
8.729479 -12.097942
6.476089 -14.970820
2.037381 -15.022595
6.542265 -14.655118
14.252198 -14.024732
15.613449 -10.719436
14.616777 -8.048512
1.944252 -10.998431
-0.390680 -8.286137
3.542956 -7.910195
5.004592 -7.772048
5.476331 -7.701990
3.676075 -7.148200
4.626289 -8.085351
5.571096 -8.029852
5.985214 -7.238780
7.102709 -8.139877
9.151942 -9.630210
7.856194 -8.869962
8.311958 -7.183523
10.318552 -6.834820
7.394360 -6.933060
9.215475 -8.085481
7.108752 -6.810781
6.067277 -7.387398
7.285586 -6.892832
7.244989 -1.516230
9.849811 -1.154116
11.265404 0.057079
11.994522 0.153284
9.652458 -1.170963
10.253330 -0.680290
8.563368 -0.071751
8.225128 0.464417
10.755280 -1.248040
12.731258 -4.936422
14.260210 -4.368786
15.362377 -13.356000
15.679906 -13.419044
11.794364 -16.294989
12.791411 -14.105439
14.859033 -14.015275
18.485460 -11.701764
15.186664 -9.439477
17.607433 -15.528940
16.437140 -9.893472
16.934879 -14.124732
12.490196 -13.709441
13.762039 -16.156263
8.017470 -11.890531
8.562991 -8.028914
8.592054 -9.829648
7.900850 -9.005256
10.289528 -6.722429
11.462367 -7.264850
12.315884 -4.864510
12.895967 -4.963988
8.379626 -6.891044
8.497745 -9.227392
9.161444 -8.577491
9.162663 -10.737786
8.571012 -10.052727
9.213337 -8.609320
8.601725 -11.760476
14.791389 -12.450115
9.145989 -11.880909
10.744792 -14.216943
9.995977 -14.881940
10.704927 -13.087086
11.195469 -13.188958
15.656963 -12.815123
15.385003 -11.646271
13.202809 -15.335860
10.831993 -13.899585
9.074573 -12.762675
8.156461 -12.552825
8.354252 -10.713510
7.691529 -15.165041
7.234383 -13.832896
9.155426 -10.775043
7.886949 -12.628039
9.270075 -10.960727
9.280186 -8.646264
9.257259 -12.851031
9.070776 -6.957549
7.561559 -6.853964
10.259001 -7.776228
12.790220 -4.929424
8.573704 -7.133441
3.427145 -7.297317
1.914077 -2.591652
4.826458 -1.234377
4.850276 -4.103478
4.124327 -1.054087
11.140661 -1.527241
9.794288 -0.758590
9.910264 -1.205744
11.547329 -4.155266
6.366143 -5.400251
7.714787 -7.700460
6.818565 -6.734602
8.422421 -7.926625
10.052492 -7.075178
7.978395 -8.779037
8.460624 -10.016505
5.819702 -8.038871
2.593526 -12.388043
5.119446 -8.117966
1.641980 -8.492509
2.062412 -8.066744
4.182331 -7.004380
4.068521 -8.114175
7.800582 -13.249840
12.408704 -13.496865
9.455184 -13.555095
6.593338 -15.971406
8.832903 -18.057495
1.634535 -11.858504
2.605175 -14.719413
-0.096274 -10.768052
1.394037 -8.249364
0.087218 -10.357413
0.254156 -9.037000
-1.819337 -9.032781
2.982044 -13.334162
1.168685 -9.962151
-0.981303 -8.837632
1.429188 -8.998536
1.370327 -8.609759
-0.685415 -9.488783
0.916035 -11.156787
5.033000 -8.116176
4.427621 -8.086980
0.005624 -12.204463
2.124587 -11.599395
9.300747 -10.907641
7.842897 -11.512764
7.993337 -7.530480
7.522120 -7.972991
5.821578 -6.604849
5.399930 -7.258163
4.468286 -5.709603
5.539665 -7.960308
7.603261 -7.661560
9.143229 -8.126048
8.594398 -11.213223
9.304608 -11.926778
8.813003 -10.713003
9.104696 -12.589952
8.062959 -10.557202
9.355919 -13.765438
6.957983 -14.931153
1.704965 -12.936668
2.370061 -10.115426
0.822367 -12.840211
6.202703 -16.285543
2.535020 -9.302812
-0.119784 -11.704040
5.347063 -7.558468
4.736647 -7.958617
2.854640 -7.844456
1.295529 -15.473443
2.770358 -14.810687
2.743382 -12.731749
-2.569344 -14.143956
5.706623 -13.768798
1.885604 -10.788579
3.395570 -6.389019
3.247671 -6.706919
3.160784 -5.761453
5.225739 -6.094981
4.254541 -4.763356
6.400580 -3.932679
5.932983 -7.211062
8.795216 -6.884574
8.386690 -11.851817
8.435444 -12.188169
8.059108 -10.016925
8.769087 -8.674873
8.312935 -11.956504
6.262364 -5.999195
6.409675 -5.694010
6.104253 -4.364322
6.264102 -2.631872
5.913047 -4.436510
4.968776 -3.062198
5.226500 -2.929203
7.549870 0.391789
8.388751 0.191790
7.438856 -1.616282
5.061898 -1.633851
4.423899 -2.210502
4.244278 -4.795918
7.170503 -7.377800
8.298042 -9.069564
9.126670 -13.173825
5.225380 -15.195361
2.558328 -10.862475
2.730665 -11.967082
2.594787 -11.686704
2.126531 -8.910362
6.087653 -13.230285
10.298480 -15.534079
4.523436 -14.273747
9.359115 -13.221789
8.730911 -10.430860
9.102724 -7.925752
8.806498 -11.300014
9.475392 -12.834459
12.245127 -17.855038
14.378525 -17.441824
8.768386 -11.038809
9.317752 -12.211488
8.556814 -11.303847
2.425123 -14.821702
1.054124 -12.683684
3.498509 -13.519618
3.185690 -16.219866
2.745157 -12.986092
4.309757 -16.518988
6.003359 -13.857299
9.752676 -18.202101
7.920197 -12.625417
8.585516 -12.693558
7.860535 -10.400891
7.917983 -7.235755
6.588045 -8.098285
9.232336 -0.892264
12.424879 -0.712812
13.767832 -1.582019
8.252983 -9.083495
8.228183 -9.527734
8.197964 -10.533531
8.552645 -10.126924
8.825304 -10.191836
8.797663 -7.875153
7.496425 -6.768644
2.722592 -8.080101
2.528344 -7.849153
2.824383 -11.192920
1.347239 -11.649077
0.960002 -11.912587
0.500876 -9.173577
1.962714 -11.035964
0.296336 -9.815890
0.208788 -8.848923
2.339633 -9.301600
1.141636 -7.606682
7.127653 -8.002728
8.681175 -7.271728
8.063560 -9.405293
7.927648 -9.840924
8.910884 -9.364095
8.293916 -9.926865
8.300570 -8.108627
0.585064 -10.396260
2.583322 -9.782331
5.119841 -4.602718
5.899120 -4.863205
4.918337 -2.939358
4.892546 -7.329874
2.825002 -5.942175
2.779964 -9.756063
1.184793 -10.350236
2.197316 -8.284681
6.896404 -7.351186
7.107231 -6.719457
5.177021 -7.640574
4.354918 -7.369190
6.164646 -6.246485
4.761414 -7.592229
6.851538 -8.106053
4.896694 -7.812626
5.565491 -5.156440
5.661386 -3.511213
5.005661 -0.167087
