13.737128 10.344079
12.493654 6.399602
12.637884 2.062062
10.130961 0.950504
9.761464 1.814785
7.647612 0.218742
8.905125 -1.626502
6.857490 -0.320654
7.356741 -0.798291
6.675593 -0.376424
5.907187 -2.767764
3.263380 -3.265742
5.115780 -4.009202
5.012844 -6.184999
6.084528 -5.160885
6.272392 -7.830411
6.858470 -6.936531
5.642839 -7.844173
5.391693 -6.707063
6.407475 -6.313215
3.499044 -2.031393
4.760355 -3.686122
5.786161 -3.733624
5.751158 -7.527398
8.568963 -7.091467
10.142796 -7.163014
6.950866 -7.767778
7.800065 -7.949729
8.537785 -10.991561
8.336885 -7.541586
12.092594 -6.706512
13.704452 -4.694906
15.103501 -1.474187
15.745828 -0.915685
12.095660 -0.593082
13.191405 -0.415196
13.104118 -0.957910
12.128036 -0.419485
11.331997 0.253073
13.480373 -5.122761
12.685580 -6.619225
10.123134 -7.592068
9.518461 -7.191503
8.364594 -6.739623
7.747745 -6.785349
6.652738 -6.976568
8.383091 -7.513000
