16.866957 -14.309413
14.929846 -12.279450
15.939482 -10.324925
9.287825 -10.274158
8.978572 -11.687156
10.539959 -14.251593
8.041798 -14.268858
5.580519 -14.456925
1.491608 -9.974653
2.839964 -9.038861
0.708619 -9.424462
0.161700 -8.187579
4.222147 -7.566709
2.554668 -7.792552
3.238163 -7.290735
2.090744 -8.117290
0.135057 -7.521433
2.378031 -9.942332
1.767281 -12.513276
2.374935 -8.969567
0.594056 -8.376960
1.127646 -9.975410
0.693807 -9.319302
4.668386 -6.575967
4.381000 -3.008547
2.924624 -5.091885
3.543530 -6.904914
4.765380 -8.176263
9.033579 -6.873590
7.942412 -10.127997
8.598291 -8.393435
8.289440 -7.589832
12.375461 -7.815139
0.834302 -13.931077
0.047441 -9.887927
1.443691 -11.806062
2.382036 -7.364665
2.322508 -9.399534
2.535936 -13.237542
2.715645 -10.428889
0.806954 -9.608578
1.759625 -8.657246
1.592351 -10.234088
0.061064 -13.978072
6.139053 -18.549646
9.179980 -16.344622
10.300652 -14.358884
8.661183 -13.001693
12.150618 -14.669591
6.023005 -13.732525
2.598050 -13.270606
-1.133522 -12.035084
0.603422 -11.010115
0.702478 -12.963809
-0.287084 -12.207917
1.180765 -11.339501
2.572706 -10.534886
1.049901 -10.826042
1.593030 -11.978036
3.235866 -16.087696
5.158783 -15.902064
1.570753 -12.818596
13.672251 -4.394424
12.200850 -7.311216
7.919954 -7.555265
7.259778 -7.833395
4.753743 -7.969787
3.227652 -8.091706
8.079407 -7.803743
5.670246 -6.351467
2.555509 -6.797122
1.208934 -8.251665
2.132837 -9.074471
0.360277 -11.131663
-0.702762 -15.019750
5.730356 -13.249287
4.382481 -13.846868
8.367169 -13.924975
4.868238 -15.096336
1.142721 -11.365323
2.540815 -13.266291
1.756946 -8.899596
0.568153 -10.466228
1.972782 -11.022462
2.554952 -7.971129
3.926604 -7.444395
4.647827 -7.578216
7.721698 -7.137262
5.619062 -7.167523
8.618194 -7.721013
9.367722 -12.657063
6.702661 -17.284412
8.242095 -14.356587
5.215796 -14.783719
4.848331 -15.776653
11.383460 -15.578579
10.094452 -14.323239
13.875399 -13.750340
12.006723 -13.559571
9.252682 -14.125857
9.062828 -11.927958
9.037800 -7.806983
5.973466 -6.571656
5.288513 -3.854290
8.311510 -0.875614
5.469708 -1.480815
6.200381 -5.946665
5.520896 -6.176812
5.220486 -8.115831
5.475051 -7.576247
4.842115 -8.003549
5.892743 -7.192214
7.126822 -7.417974
9.305197 -10.044816
19.151268 -11.323111
18.569317 -13.220988
17.308979 -12.476586
13.901830 -15.548167
18.378719 -15.845736
16.995674 -19.170450
8.218227 -12.507504
8.748211 -8.430430
9.356669 -9.892234
7.896771 -9.129643
8.136583 -7.297242
10.086544 -7.644988
6.375071 -7.186665
4.804920 -6.172745
5.532038 -7.903119
5.872945 -8.054473
8.638675 -6.808248
7.947737 -8.713570
9.079504 -11.925470
12.702765 -18.647764
15.144975 -17.570103
15.260117 -7.657128
16.753746 -8.994586
17.900469 -14.721437
16.537638 -13.213437
12.531565 -6.989439
5.757340 -8.137527
8.121309 -7.942394
6.987845 -7.947784
8.260444 -10.747304
8.613132 -9.926879
7.892217 -10.965470
5.117672 -14.338357
1.769046 -12.713624
1.982452 -9.458510
9.949396 -7.360845
9.539782 -7.658015
8.273016 -7.484212
7.316714 -6.746892
6.801563 -7.864811
18.406141 -12.098844
15.653812 -11.179733
5.953306 -5.738853
5.846979 -4.137023
6.486657 -7.529150
7.220582 -7.686846
10.703340 -7.790622
9.358727 -9.115037
8.773096 -9.776229
9.042737 -8.510941
19.197708 -16.561747
10.767195 -14.507200
14.631968 -11.958411
14.493361 -8.433011
4.333930 -8.101293
8.844682 -7.514050
9.879753 -7.280386
7.930160 -9.606703
8.167459 -10.577869
8.448120 -9.423942
9.292925 -8.962070
9.358480 -10.005168
3.872401 -7.305869
6.816032 -6.890584
9.955605 -7.258632
9.719013 -6.842117
8.027081 -10.116614
7.901493 -12.085597
8.595195 -11.725223
2.572115 -8.171004
2.564119 -8.620446
6.267271 -8.185492
2.924239 -7.776294
4.522834 -6.813611
2.994248 -7.923195
3.064229 -7.858850
4.154514 -7.109435
5.873379 -7.369560
7.880749 -9.372891
6.301883 -3.877995
4.982944 -3.729297
5.971491 -5.388274
3.791940 -7.269183
12.550021 -5.550295
12.712399 -5.355434
14.010643 -7.220055
8.098903 -7.314756
8.354149 -10.535764
10.854486 -13.022802
11.896190 -13.939356
16.800047 -12.834963
12.946607 -13.563793
13.633663 -12.888124
11.763786 -13.728879
7.196069 -14.737020
7.722277 -17.708307
9.944633 -14.008664
9.423806 -13.276625
0.893074 -13.774019
0.995054 -10.725907
1.612585 -11.117566
2.458721 -6.865311
0.050260 -9.008143
-1.013264 -8.903241
-0.113026 -7.658089
4.802712 -7.903599
9.286712 -7.969259
9.039711 -8.385107
7.841770 -10.848247
8.626682 -13.592334
3.325685 -13.286008
9.339901 -15.152015
12.840973 -13.218606
16.232613 -6.701844
12.520103 -7.408245
8.565084 -8.625280
0.090403 -12.315112
-0.837105 -10.459160
7.086484 -7.499306
6.253207 -6.759891
5.500875 -7.873293
4.844966 -6.158227
5.079824 -7.063148
1.245848 -7.926346
0.449415 -9.677966
2.477086 -11.049689
2.670842 -10.721999
2.831307 -10.210319
6.132643 -14.232001
5.887419 -14.989668
8.154433 -13.954317
9.000095 -9.900010
8.161790 -10.820412
9.091377 -13.325418
10.368676 -7.763818
5.911694 -7.924582
3.717146 -7.616814
2.085203 -13.893723
6.568733 -16.408648
1.668115 -9.365472
2.558257 -9.288306
2.227020 -9.292693
5.702603 -6.222157
5.890060 -6.330980
7.357502 -8.107944
7.068376 -6.715488
6.149199 -5.010288
4.584372 -6.889886
8.858356 -11.374992
3.579272 -7.851725
1.834627 -11.752336
2.676062 -12.414905
5.805961 -6.818928
6.430680 -5.917306
4.529357 -4.090712
3.498192 -6.385451
6.456344 -7.291858
8.803533 -8.089281
7.213159 -7.757099
6.136151 -6.572005
8.193443 -7.170238
5.784441 -6.711674
5.201402 -7.604588
3.657111 -5.723810
1.815528 -10.586907
2.559212 -12.436176
1.208658 -13.593102
5.733947 -16.052561
9.069891 -13.200963
5.498045 -13.423581
8.731049 -11.409822
2.620608 -9.816749
8.562984 -13.686991
2.524410 -14.953240
1.567664 -9.576018
7.879494 -9.841058
2.484640 -12.682616
8.797913 -10.668885
8.029571 -8.965915
7.678648 -6.874191
6.212623 -8.033765
3.896631 -5.121521
5.782682 -6.188960
5.818569 -4.490139
5.917571 -5.053026
6.064435 -1.852480
4.851451 -1.688952
6.073428 -2.382486
5.810338 -5.179738
6.143102 -6.990794
6.714943 -7.990551
3.843303 -6.537339
0.250311 -10.979483
2.295054 -12.851523
2.819587 -10.538903
1.279661 -9.353620
5.904643 -16.407923
7.873828 -14.706708
12.267908 -13.334286
10.733116 -13.015903
8.576900 -11.349217
7.863622 -9.640056
8.572286 -16.200747
6.533127 -15.115906
9.758744 -15.532640
4.374163 -13.516833
11.788306 -13.334030
4.148741 -13.428030
6.886621 -14.685488
5.779435 -16.275461
13.519150 -14.657348
10.591231 -13.864697
8.318287 -12.586802
8.575301 -6.669992
8.854069 -11.225142
8.272623 -9.641813
5.761569 -17.948778
4.319262 -14.826589
2.712989 -13.932711
9.819298 -17.641520
9.424244 -17.596342
13.079601 -18.172693
5.690927 -17.240967
4.463053 -15.312394
2.626962 -9.270012
4.275696 -4.765614
6.061061 -5.881557
2.049226 -8.608899
1.752813 -14.022889
11.528004 -13.843159
11.135547 -13.769864
12.328936 -13.633691
8.700192 -9.405696
8.814911 -7.924004
8.468420 -11.299185
8.119586 -12.365502
9.154436 -7.569570
8.247416 -9.352797
8.226106 -7.556637
9.315952 -11.898295
14.905859 -11.208274
14.437340 -11.992240
5.218880 -8.093068
1.844206 -8.652402
2.618898 -9.735976
7.901606 -11.827106
8.799281 -11.510209
12.757311 -15.145080
17.831049 -19.747675
9.902380 -18.087635
10.024679 -13.430530
14.389484 -10.830646
16.408501 -10.115243
17.708054 -10.110462
16.985516 -11.296011
9.214942 -7.947538
8.482334 -11.874968
9.494401 -7.212657
9.640703 -7.531446
16.521645 -5.991908
14.669189 -7.530740
12.844266 -6.585403
7.919054 -7.295851
5.496785 -7.472707
7.352601 -6.881557
10.368971 -7.264860
9.293864 -7.290741
6.549328 -6.726315
8.871744 -9.321026
8.234135 -12.833230
8.246662 -12.742923
9.133869 -13.736488
5.893506 -17.199099
4.512324 -17.194159
4.343657 -15.438811
4.402879 -14.710719
5.744148 -14.131232
1.485556 -13.954652
7.813541 -14.763487
8.052060 -9.637729
10.207639 -15.071509
7.955065 -11.069613
8.845417 -15.329107
9.268699 -16.568069
7.986542 -13.328200
4.025747 -15.554130
4.482761 -15.342363
9.680277 -14.400363
8.792274 -11.182634
7.917133 -11.599643
9.322597 -12.744708
6.346960 -13.952407
11.926294 -14.540288
10.453305 -17.145502
5.375216 -14.252831
9.568024 -13.716872
5.607384 -7.787218
2.564816 -6.390106
4.726943 -3.939393
2.303293 -9.527518
0.254842 -10.722147
0.888942 -6.109718
4.777323 -7.023138
2.466627 -6.539570
4.999503 -6.917908
6.161356 -5.334144
6.850559 -8.172378
6.303040 -4.969496
5.979816 -4.864645
4.234333 -1.978944
12.079383 -4.970741
14.564203 -7.124464
12.380112 -5.760062
13.253238 -7.210732
10.006048 -6.790936
11.324839 -6.687776
11.433504 -1.007959
11.512319 -2.027264
11.847890 -5.616538
11.547005 -6.555784
1.930912 -10.504436
0.871962 -10.466994
7.063321 -8.174112
3.618767 -7.118250
6.773386 -7.293478
8.733554 -8.437744
8.235424 -11.971286
9.442208 -13.366578
6.477487 -13.370984
3.515557 -14.218883
2.157607 -13.674476
1.841745 -11.111421
2.270603 -8.656006
2.466921 -10.119577
-0.679467 -9.841682
0.463807 -11.975255
1.456584 -8.751263
2.655166 -10.222110
0.469131 -9.878325
2.291967 -8.861152
3.230605 -6.377850
4.279740 -6.558527
2.413934 -6.976854
2.638810 -8.693982
-2.332514 -13.199122
1.637479 -10.481355
1.663659 -10.003600
4.110398 -7.589520
9.076932 -12.982400
7.915532 -9.363468
6.499033 -13.567370
6.951162 -13.462999
11.660283 -14.279645
13.463563 -16.800713
12.033306 -14.945924
13.916519 -18.892227
14.362685 -14.737171
8.846142 -14.013782
16.245314 -12.731636
11.524027 -13.506059
10.991123 -13.303123
14.578772 -8.979945
15.023885 -8.551847
14.806952 -8.379071
14.118424 -7.618922
5.566267 -7.990270
6.039299 -6.857646
2.182929 -7.381166
1.134638 -10.032278
-0.618315 -8.290254
-2.398577 -9.740660
-0.010500 -10.785705
1.375485 -10.487473
2.187871 -11.898987
2.693299 -10.300157
2.321243 -12.527457
-0.064123 -10.852353
3.896168 -7.155350
5.031118 -6.525514
0.249090 3.471344
-7.093845 11.762801
-8.110884 16.257174
