8.118520 -8.434392
8.950711 -7.888278
5.664062 -8.028599
6.929922 -7.640673
2.203069 -6.185040
3.120352 -6.223916
5.974345 -5.935988
5.395522 -8.083582
5.860025 -7.451938
7.493902 -7.850281
9.208653 -13.452893
9.078297 -11.528761
-1.091471 -13.319956
-0.602394 -11.565438
0.678722 -8.576813
7.911438 -11.366588
8.556187 -9.199469
8.964979 -11.006013
8.400095 -10.365115
8.913231 -7.281862
4.889395 -7.828001
2.542114 -7.788348
2.330091 -11.343492
1.555700 -9.657609
8.086057 -11.056444
6.262156 -6.138480
6.733385 -7.666328
3.529627 -8.141980
8.576804 -12.086728
7.929840 -13.550284
7.559278 -13.493882
6.450454 -13.216104
2.916364 -15.283535
2.042090 -11.347558
1.614683 -7.483854
3.574458 -6.977513
10.516625 -14.591702
11.248924 -15.657262
10.481057 -17.370941
6.696906 -16.678556
-0.069969 -15.079122
5.984385 -15.931926
9.381417 -12.301913
6.437637 -14.408710
8.581264 -15.274912
8.094996 -13.086311
11.350941 -14.936737
14.181037 -14.142821
9.649105 -15.154868
11.765898 -13.121612
8.160175 -13.231035
14.627924 -12.836749
9.793556 -13.983623
6.088918 -13.558845
7.975310 -13.561824
8.078476 -9.632766
8.143881 -9.256032
8.522453 -11.998046
8.026645 -13.916844
8.011224 -9.003689
8.541866 -9.328521
8.800879 -10.103839
5.548892 -18.848866
2.828135 -14.403758
1.654562 -12.756673
1.930690 -10.696759
2.124764 -7.729592
1.966714 -10.358955
1.195530 -10.904469
0.887964 -7.437268
2.437295 -9.531088
1.874894 -7.950824
6.337514 -6.529045
5.220466 -4.472430
5.789059 -2.173674
8.933679 -8.175931
7.992042 -12.345984
6.282881 -15.262292
2.809467 -13.557434
0.455763 -14.346555
5.985637 -16.759401
6.871340 -18.208448
3.008127 -16.653959
1.829928 -10.185734
0.951263 -8.069768
2.960209 -8.060924
-1.251952 -9.416729
1.414504 -10.534965
2.109932 -10.493240
1.529232 -10.639007
1.387830 -10.324636
-1.532495 -10.849442
0.793448 -5.624482
5.908253 -7.071205
7.390006 -7.705894
6.161887 -8.068059
2.623116 -6.565650
0.458308 -6.733091
2.024001 -10.412030
1.490626 -11.284665
-0.149660 -12.055743
3.572513 -13.675815
5.784935 -16.715277
7.147591 -18.605474
5.101146 -15.592773
8.739033 -17.907305
3.697155 -13.519017
3.192916 -14.505813
1.117166 -15.276572
8.439908 -14.573767
2.763201 -13.542922
4.542994 -13.957744
-0.335868 -12.357419
1.432037 -10.662810
1.336507 -10.868905
2.788004 -12.361716
3.356651 -13.576656
4.950096 -13.313142
10.902918 -13.654269
7.304459 -7.737096
4.326200 -6.368198
7.732308 -7.733270
-0.898267 -11.665948
-2.361615 -10.541941
-0.807488 -14.125010
2.284387 -13.990632
6.052087 -18.501801
8.209476 -9.163508
8.163754 -7.040483
1.988971 -9.582870
0.425935 -10.837401
7.744725 -7.105714
8.480775 -9.717183
8.625411 -8.384603
8.837450 -11.335113
10.123994 -15.358220
5.611641 -5.655616
3.966350 -8.193597
8.216822 -7.614324
6.894512 -7.600142
7.109908 -7.319999
7.827609 -7.609189
2.753844 -8.271403
1.909783 -8.482215
2.083918 -7.752294
2.166353 -11.429670
2.185739 -8.253245
1.308435 -9.268407
1.207070 -8.855086
0.023753 -8.240746
1.609423 -13.168144
4.830769 -14.129937
1.692089 -12.129182
6.868769 -15.271916
4.092321 -15.304194
8.190610 -9.343110
8.014141 -11.760481
7.842710 -8.807496
8.802820 -7.275634
7.192253 -7.866531
12.033934 -6.935357
7.881436 -7.179856
8.300504 -10.915678
5.501641 -4.048947
6.865347 -7.414210
1.527723 -11.073817
-0.433421 -13.887295
6.117251 -13.888963
2.732634 -12.277901
8.147083 -13.033050
9.113338 -10.272874
8.877382 -10.761452
10.967501 -14.992076
13.929101 -14.196863
18.339169 -15.657430
13.689126 -16.376104
9.422563 -14.740514
11.850483 -12.828315
12.854537 -12.976104
10.913465 -13.497592
8.007010 -12.261576
6.296926 -15.160236
8.732399 -14.542818
7.913020 -11.739656
3.390388 -8.153446
2.508530 -7.561418
2.224095 -11.105456
0.166026 -14.493945
2.589917 -11.971384
2.019152 -13.846509
0.564403 -11.227689
2.731302 -9.296852
1.118621 -10.421815
1.816572 -8.222816
2.196159 -9.260793
3.366397 -7.450336
4.158480 -7.110569
2.175605 -8.419966
8.748510 -10.938653
9.199430 -12.343543
8.435900 -9.629715
8.365658 -9.107202
5.642704 -14.094880
10.862821 -13.135063
1.593678 -8.805371
4.664562 -7.219312
6.738674 -7.674852
5.709649 -4.178646
5.211363 -5.258210
4.783271 -7.725475
3.075088 -5.429118
5.747524 -6.228541
3.638788 -5.030724
3.797090 -3.267422
5.116839 -3.463101
4.553564 -6.699742
7.477719 -6.963277
5.973751 -7.721018
6.725646 -7.927378
6.162592 -8.084598
4.951658 -7.043716
5.587703 -7.244212
11.881224 -14.317047
10.459442 -13.037051
9.276670 -12.626180
8.081929 -12.251127
9.336859 -7.379142
8.898147 -8.805057
8.959887 -11.674482
9.666019 -7.791695
12.083555 -13.673401
14.534245 -13.152815
9.367649 -10.864743
8.391957 -10.981530
8.687469 -16.217781
13.646776 -13.647688
18.462442 -15.495985
14.142981 -18.041647
8.884121 -10.242976
9.379246 -10.406584
7.945185 -8.623616
9.149059 -6.940438
6.376516 -7.334287
5.799474 -8.141414
5.342717 -7.734464
6.884453 -7.678249
0.761005 -8.356683
1.240101 -7.007910
2.784500 -9.654773
4.536294 -14.169749
3.463531 -14.348671
5.801593 -15.433396
5.411223 -13.857772
9.731634 -16.302458
8.088224 -8.609924
9.496009 -7.295309
8.292225 -10.375211
8.634058 -10.195733
8.327257 -9.802382
8.408771 -8.878987
10.288932 -6.760298
9.040259 -7.581266
7.572297 -7.532755
6.311557 -8.068658
6.773929 -7.839272
5.479201 -6.614316
2.775945 -8.083192
0.818371 -12.121367
2.886357 -15.441786
2.732952 -11.824580
1.603611 -11.552266
-0.550079 -14.142004
3.276158 -13.499898
3.358890 -13.677031
3.359256 -13.398015
-2.741183 -12.134848
1.118503 -9.798115
-1.874423 -10.140665
-0.043356 -7.882860
1.483534 -8.006918
0.529365 -13.584605
9.047896 -14.447099
8.070409 -10.964023
9.696254 -13.685317
7.779559 -14.096185
8.939530 -14.392564
8.756317 -7.733459
6.766207 -6.996553
10.321014 -6.994255
8.385489 -8.032269
9.298907 -6.974251
6.268709 -7.367033
11.260605 -6.778077
9.250570 -6.823328
8.779096 -8.882442
6.936201 -6.760438
3.470877 -7.292189
7.398251 -7.965406
6.657018 -6.679272
9.175407 -9.915812
8.775848 -7.333929
7.265581 -6.700054
6.690956 -7.762567
7.104351 -7.470829
6.608409 -6.928144
6.731022 -7.580656
3.038221 -7.588215
2.495735 -7.777415
6.262735 -6.963092
5.154515 -8.072511
6.369049 -7.563526
5.436446 -7.331898
7.526171 -7.048389
8.853092 -9.158587
8.542072 -10.470157
8.707352 -10.184635
8.776145 -9.278497
8.641721 -8.481735
9.098117 -7.043985
8.334523 -7.058578
7.196521 -7.269280
4.724219 -7.157655
5.535750 -6.505644
3.162413 -7.999632
1.792491 -8.448802
1.959800 -9.045085
3.091115 -7.884645
4.375779 -7.107914
-0.154071 -8.336316
0.510619 -9.901722
-0.477271 -11.064280
1.334371 -14.045311
2.801835 -12.692780
0.419982 -10.144912
2.085472 -10.061412
0.429432 -9.153009
1.792265 -11.143410
6.380426 -7.409624
11.657972 -7.137103
3.940899 -6.816153
2.609233 -7.848896
2.234165 -8.688968
4.581340 -6.465910
4.560530 -7.259378
9.206930 -14.553094
13.082174 -14.638099
8.477328 -10.718687
8.654079 -13.767806
12.219766 -14.201663
10.685727 -15.183065
15.963089 -12.216506
19.138268 -12.245748
13.959879 -7.059403
15.005005 -8.736415
14.471730 -10.082476
9.033396 -9.523126
8.755674 -10.460632
12.492147 -13.368801
7.450847 -14.156482
16.162338 -16.299870
9.949049 -14.247773
11.324370 -14.283057
6.748922 -13.720212
10.681061 -13.200518
17.773119 -9.239112
11.948744 -4.786135
10.414001 -7.245574
4.734051 -7.980982
7.905977 -13.418433
16.853931 -12.914376
12.350996 -14.012790
12.616359 -17.648169
13.256761 -19.019285
12.927023 -18.559807
11.814925 -5.176624
7.912046 -10.470870
8.154630 -9.965130
2.015236 -11.205098
10.368521 -15.554585
13.977617 -13.540071
14.041216 -14.422030
15.743408 -5.119998
11.005124 -7.786309
15.137163 -5.024861
13.206280 -6.562406
12.016319 -7.154157
14.062420 -5.939572
9.629587 -7.590952
6.160090 -7.029786
5.140504 -5.831757
8.401234 -8.447344
7.877905 -10.866716
8.266647 -11.274915
13.501486 -15.026263
17.132961 -16.384748
7.362439 -13.331439
9.374166 -9.939296
2.637327 -9.445397
0.867613 -11.341723
2.052203 -13.163026
2.840884 -9.616084
1.784438 -11.825012
1.144836 -10.811026
1.723923 -8.740932
2.475987 -8.284850
1.245333 -10.063535
1.323851 -8.081772
-0.942849 -11.266112
2.865675 -14.806155
6.743609 -13.312825
7.977280 -14.968726
9.370367 -11.769324
8.771571 -8.588649
9.237954 -10.934772
6.355693 -14.256579
3.037091 -14.335165
11.607750 -13.094845
14.700232 -14.077365
12.204319 -14.000006
12.685803 -14.013070
7.318828 -16.802917
0.251958 -12.585462
2.207414 -9.788651
1.611855 -10.027358
2.309872 -9.560129
2.439751 -10.557096
1.969494 -10.605397
2.547055 -12.500339
1.962231 -12.732502
0.172992 -12.409259
8.653687 -15.502852
9.247396 -11.361495
4.977931 -14.009796
9.068181 -13.709247
3.904542 -7.841835
5.581225 -7.043389
2.260784 -7.072399
2.829744 -7.980926
3.572514 -7.196132
0.511264 -6.202657
2.721902 -6.190101
7.905132 -10.991061
2.421148 -14.887147
9.261261 -12.871541
7.105866 -7.173506
0.757959 -9.748957
2.422965 -10.029389
3.320788 -7.093661
4.336421 -7.786832
3.235157 -7.802349
8.650168 -8.201869
8.875788 -13.217797
7.952957 -8.273692
8.962971 -9.431323
9.260830 -6.752979
7.157717 -7.950384
10.301338 -7.672675
5.646874 -7.421501
6.742180 -7.483213
7.589019 -7.104167
6.324856 -6.984381
8.599421 -9.606166
9.183383 -6.943308
8.744482 -7.331528
8.323647 -8.610188
5.578637 -6.453228
4.460349 -6.004416
3.332726 -7.865889
4.642128 -8.009912
9.058926 -13.070769
8.734227 -6.650574
8.111555 -10.479878
8.336908 -10.676038
8.682002 -11.224940
8.613739 -7.319015
3.694464 -6.389554
5.856898 -7.389866
10.123952 -7.605171
5.553450 -8.026765
6.213523 -7.205034
5.457370 -4.676623
5.890374 -1.733171
7.299024 -0.438737
7.718220 -1.095183
5.511107 -1.510442
1.938019 -2.547416
6.144596 -3.723837
5.925153 -2.360556
3.974745 -1.785911
8.263592 -1.529981
11.021810 -1.608451
9.069529 1.068084
9.902660 -1.050378
12.067447 0.579065
12.410479 -0.988226
13.109695 1.642174
8.776715 -1.217926
6.822288 -0.327252
9.091000 -1.514259
14.237826 -1.600323
14.886588 5.744658
