-10.049312 1.619408
-6.231813 3.780311
-3.176645 5.557405
-1.934141 6.315723
-2.001945 7.691804
-1.079053 12.630482
-1.393343 9.321920
-2.695751 7.459282
-2.153649 9.865237
-1.653216 11.022252
-0.833169 7.030852
-2.601977 7.910792
-0.978661 6.552678
-0.870500 4.971000
1.314889 2.825235
1.950333 4.997835
-0.194999 5.245119
0.836905 5.737773
2.258970 5.624499
1.079543 5.035149
2.606178 5.902173
6.264974 4.798400
5.330901 7.924797
5.162883 8.301579
6.299995 8.416720
6.188471 9.584934
5.217994 8.845168
5.149694 7.417977
5.661287 6.371411
6.165530 8.121115
6.504122 5.834019
5.856164 3.741017
7.335255 3.962841
7.614802 2.420980
8.709779 5.644496
6.903477 4.919618
11.226316 5.434839
9.623967 4.958188
9.794175 4.585030
8.897081 4.934406
7.953337 4.806808
5.282321 5.920759
7.351586 3.237847
7.326268 5.513449
5.755340 4.048393
6.304059 6.977835
5.568847 3.537762
9.847946 3.640198
10.029524 3.092750
9.322258 4.578282
10.971754 1.693601
11.972195 7.411770
12.200680 7.534910
12.796411 5.951222
12.845851 8.897067
13.552772 6.747892
13.829259 5.093957
12.601140 7.698140
10.652379 2.382580
8.149343 5.335011
7.469856 4.983352
9.771643 4.621321
10.765731 4.312327
12.008223 6.056931
12.440860 7.772183
11.925014 9.328237
15.327173 10.609208
13.339827 3.287704
10.071320 4.690085
7.552019 4.818358
5.592522 4.819232
8.439947 4.375208
8.525285 3.439116
8.944031 4.946816
7.837267 3.457715
10.039499 4.543831
7.592213 5.019300
6.882192 3.914093
7.843977 3.367300
8.121499 3.550200
12.140606 5.225678
13.391740 8.038765
11.772994 11.094029
11.762454 6.022673
11.021049 3.543311
9.636673 5.470090
10.147079 3.435535
10.548310 5.012588
7.243175 5.315564
5.375941 5.449234
6.336455 10.378205
4.574254 4.906806
6.328206 5.584792
7.634741 5.434532
7.732701 4.570767
6.859446 3.303267
7.632264 3.697474
7.626143 4.466413
6.966161 5.083007
9.212885 5.581527
9.980455 3.277255
8.805064 5.241145
8.854162 5.431117
4.422507 4.547828
6.078218 6.760937
6.448795 8.333619
6.067713 4.478213
9.436190 5.107592
8.228180 4.429000
4.871890 2.889120
7.237596 2.052006
10.569216 2.677919
13.073856 8.325206
11.090487 11.491677
14.478018 5.294589
13.075499 5.491758
12.488295 7.320498
12.340492 6.181126
8.201798 2.882357
8.926510 4.169263
7.719493 5.350501
9.694916 4.894700
10.570424 5.482553
9.032498 4.931071
13.529449 3.851947
12.073812 6.530128
11.590589 6.119252
12.133904 4.823544
7.439403 4.630818
8.993994 4.584825
7.448235 5.613027
10.708578 4.754154
12.973325 1.225587
11.626358 6.346358
12.338655 8.516508
11.383576 11.966228
9.746354 10.842152
11.979467 14.242455
