-8.360722 16.754660
-5.810528 14.551351
-3.758783 11.227706
-3.868688 11.559985
-0.954033 8.492140
-1.333719 4.643277
1.258854 5.126675
2.146585 5.076160
3.070380 5.895014
3.330081 5.890126
0.365645 5.598186
2.347285 3.541414
1.642458 3.962509
1.722823 3.780743
5.567214 3.922885
7.897908 3.216795
7.533285 4.091496
8.585711 5.024617
14.538861 5.106919
11.660316 6.086962
12.731991 9.258065
12.825663 5.729162
8.156977 3.076358
9.044409 5.295002
5.423674 4.963332
6.491494 10.888041
7.866780 3.652059
7.872992 4.843453
9.212699 5.117034
8.929636 5.600614
10.838688 5.399230
14.068716 5.378684
14.510818 9.634253
13.437819 10.055524
11.900681 4.502975
13.120111 6.260674
12.683452 4.937938
10.455628 2.258991
12.515801 2.968903
9.606583 5.547761
7.269792 3.730818
7.975924 4.250366
9.387909 5.009290
9.965232 2.838081
9.698618 4.695410
11.651899 5.220734
12.985497 6.477433
10.484906 4.696515
9.025942 5.366642
9.654320 3.382906
6.536055 1.551040
5.560469 7.227668
6.658247 3.813496
5.872890 1.846750
6.876496 3.231901
9.123441 4.697031
7.777134 4.696799
5.780931 5.077217
7.129486 5.413156
11.065712 4.908268
10.119407 4.654874
9.600245 4.905993
9.825174 4.412494
9.919725 5.328113
9.331567 4.098103
10.561169 5.654498
12.209667 6.348158
11.596056 7.428786
12.172991 7.128258
11.605656 9.975150
9.701002 4.681615
11.866506 1.168957
11.069916 1.028330
8.975149 5.379004
10.094945 5.232172
10.393160 5.109460
8.406147 2.980042
8.683893 5.282792
9.982363 5.336950
9.730627 3.235769
11.073977 4.379377
11.042774 5.596503
12.611382 3.234400
12.099146 8.235332
13.715899 5.842193
13.368748 2.549206
12.862175 5.250238
13.359490 6.775566
13.131419 9.130964
8.629417 2.421949
8.527342 3.014827
8.444838 5.354106
8.283072 4.783988
4.076565 3.237943
1.553186 5.717159
6.010151 4.116087
4.784513 7.211278
5.705646 6.462282
6.659317 11.248186
9.885797 11.027320
10.947645 12.270761
12.159029 9.263728
11.834366 7.258836
3.756684 4.026078
4.598466 3.513400
3.620312 4.663764
8.882778 5.362368
8.843077 4.276510
8.965562 3.255943
8.721023 4.436808
7.783482 5.519891
8.900316 4.883825
7.547655 5.064975
6.265627 5.134054
6.782883 4.394877
6.054869 4.436450
6.400725 7.315150
5.467358 5.076206
7.294103 4.960473
6.063178 4.604659
5.143753 5.238669
4.394273 7.440283
5.136825 10.099733
8.040618 11.430640
4.685896 10.676946
5.764605 5.755093
7.462543 4.239446
5.370486 5.927955
6.060379 9.707227
6.296748 4.057401
8.334137 5.587542
7.730253 4.038280
8.075821 4.870720
9.725796 5.548827
7.563843 5.129033
7.652294 5.124283
10.988078 5.174068
9.314318 4.104621
11.724867 7.678843
12.244976 7.458134
13.876853 6.047132
12.524609 9.733293
12.717983 6.945258
12.190052 9.700315
11.656595 8.420764
12.448166 8.492882
14.439593 7.299278
13.495419 7.743673
14.256615 8.322995
13.288844 8.412299
12.987133 13.182002
12.136815 10.421693
11.601389 6.113759
12.143167 7.209428
9.231728 5.117122
6.393576 3.585529
6.980777 4.013938
9.987752 4.317309
9.087044 5.174437
8.600554 4.721743
7.736994 3.743599
6.670497 4.313920
7.258655 3.066994
8.159125 4.003561
11.490736 4.791042
12.699394 10.346173
9.534077 11.613664
7.308571 11.284440
9.700901 15.091131
