5.925955 17.304663
7.323215 11.666264
6.942630 11.388846
4.446924 9.956458
4.781572 7.125084
6.628928 4.929155
4.030693 5.775429
3.346058 5.227787
-0.087468 5.208876
-0.967945 5.032980
-0.721091 3.755328
-0.509752 4.693081
0.760110 2.423428
3.548093 4.398189
4.661643 4.839201
7.921101 4.480472
9.692141 4.318708
8.728598 5.401573
8.722012 5.621967
9.947690 4.899416
9.693333 2.859544
8.903170 4.558066
9.730852 2.116439
12.679045 7.166226
11.975624 8.029324
12.237175 7.909274
13.219032 7.054424
11.344504 5.390832
10.837787 3.509685
10.131695 5.116213
10.114338 3.938755
11.898088 2.856563
9.189441 4.733893
7.442986 4.938715
1.315770 -6.712823
-0.623965 -10.260600
-0.365071 -15.180608
