-13.445095 14.356932
-4.036586 13.480994
-1.909318 12.489742
-1.246578 10.109499
-1.377342 8.880435
-3.070789 6.606926
1.037379 5.187078
3.344125 5.572340
5.496448 5.833440
1.679215 5.575037
2.724248 5.842525
1.512423 5.062791
1.869342 3.910969
-1.712070 6.458929
-1.691281 8.608786
-1.546631 8.544794
-1.632931 8.161400
-1.733573 6.060071
0.570612 4.910082
1.111969 2.938405
3.007138 5.468088
5.146288 5.268041
4.472292 8.859820
4.392751 7.085865
4.746192 7.892399
5.033661 5.054026
5.423147 8.591838
4.808450 8.986693
5.639267 11.679882
6.340121 10.378637
6.044266 10.220311
4.466845 9.104268
5.457963 9.359611
4.147623 3.899497
2.994138 4.392154
1.008174 4.855198
1.060716 3.535463
2.456224 4.063804
1.407995 4.408168
2.488216 3.882250
1.040893 3.801312
-2.309727 4.258310
-1.338078 6.785645
-2.584991 9.677547
-1.597210 10.070718
-0.928164 8.099136
-1.035866 6.703223
-1.596427 6.219456
0.976460 5.366116
6.079026 5.986763
4.619395 5.222391
5.194324 6.362937
2.376118 4.876120
2.936902 3.868597
2.168040 4.350985
9.991035 4.032447
7.506911 1.983100
6.676172 5.101185
4.800151 9.030726
6.005238 8.645050
5.114828 5.996333
5.784978 5.302283
5.901886 6.453718
6.088279 8.496406
6.252516 7.357869
5.906064 8.739777
5.119455 7.013783
6.125235 7.069460
4.283475 5.695084
10.703553 3.166294
9.542290 4.373408
10.687136 5.495728
10.793767 5.101482
11.411793 4.592614
10.178961 3.599884
10.129776 4.005171
7.466363 1.975155
5.991398 6.706040
5.979501 10.062274
5.640377 6.384906
6.077239 11.887551
9.105440 11.398461
10.287865 12.742221
7.927981 12.101372
11.153316 12.687601
16.398785 5.663284
13.820692 4.882294
12.168013 4.372166
11.762264 8.233356
12.213322 3.850682
12.596092 5.489925
12.499563 5.499200
11.819157 4.814963
14.732511 8.985694
13.660172 13.180890
9.488310 10.821318
10.052311 13.432804
11.572777 11.158264
8.247700 4.822297
9.547199 5.318860
5.823297 5.068044
6.996485 4.169431
6.509134 3.467547
5.159274 4.270652
5.553098 5.622942
1.560721 5.672161
4.189857 5.647418
4.273877 5.236263
7.273082 3.221614
7.586935 3.549458
6.816289 1.985851
7.461235 1.603545
5.672098 5.438754
6.022727 5.415026
6.431198 9.291455
5.067836 5.779399
7.956930 4.066039
7.099583 4.603683
7.953122 5.546402
7.353994 3.837224
5.496959 5.052403
8.226921 3.305330
6.189533 5.521315
5.840352 4.807089
9.103888 5.361632
10.182161 4.188653
9.195710 4.718503
8.630089 4.943903
12.777503 7.872419
9.951165 2.848393
8.251115 5.277511
5.915567 9.159767
12.360474 7.652819
12.374105 6.867855
8.982095 2.068359
9.882506 3.844622
10.327127 4.572516
8.847488 5.359460
7.477153 2.616548
5.624061 2.945826
8.379179 3.652308
7.541630 5.518346
11.252369 5.335554
7.578420 11.518598
7.171246 11.302677
10.848539 11.230350
11.322667 5.069932
9.454896 4.433301
11.875660 7.076059
13.490906 7.907854
16.700222 9.169708
10.531292 5.107290
13.063931 6.209675
14.872000 13.182796
9.604115 11.217831
10.129189 4.864707
9.259768 0.332476
10.551104 3.654691
10.934450 5.112095
10.898556 4.646861
11.195597 4.482062
6.025949 4.186937
8.445574 5.122605
11.436253 5.542965
8.389118 5.556857
8.132808 4.862356
5.494204 6.938826
4.133592 4.895482
6.098601 5.245439
5.008249 5.181022
5.992373 7.318180
5.511525 7.046979
6.222793 6.995616
6.184613 5.922410
6.584418 5.117184
9.176302 4.205470
11.590189 6.511629
12.694232 11.814363
12.431652 7.334872
11.571720 8.701816
12.596838 6.769829
13.346817 8.798508
13.203152 10.485664
11.808813 13.240476
11.926323 5.680192
8.512173 4.628451
7.926785 5.496624
9.555759 5.280828
9.709892 4.509921
8.769645 5.410205
7.932266 5.330480
6.906261 2.981731
7.030678 4.476285
5.855875 6.484479
4.416520 6.011026
4.977513 6.065754
5.095341 4.351409
10.720532 5.523143
15.163712 4.793494
13.585527 4.804996
11.624887 7.289128
12.524847 8.197719
11.999254 2.126734
9.975895 3.693740
8.050637 0.556591
10.256759 5.315329
6.456494 5.309188
5.967680 8.129229
5.745944 7.588773
4.967526 8.083968
4.844467 10.213062
6.028309 7.338778
4.676939 4.570830
6.381845 6.712782
6.506220 9.772264
6.354051 2.571769
8.872430 4.045040
8.929456 4.710343
11.023228 4.707428
9.544428 5.163806
9.323057 3.743899
6.682735 3.873847
7.939589 4.778458
8.202539 4.839234
6.715619 4.708094
6.530763 4.554357
5.521877 5.422453
4.445079 3.100821
5.947552 8.014727
5.307712 8.391580
4.665462 4.696815
5.820516 5.515493
5.987085 9.268793
6.347962 5.492008
7.589776 4.008004
7.540149 5.103487
11.397984 4.719115
10.552870 5.368148
10.629295 4.545114
8.455544 5.293120
12.168112 3.897351
10.767207 3.801290
11.007890 4.117922
12.092998 6.922953
11.832561 7.885226
12.725079 11.055602
9.689375 13.166464
13.198070 6.769029
12.743687 8.484406
12.142435 7.980469
11.780401 9.400811
11.779174 5.165860
8.600739 10.993385
8.272428 11.714769
10.579370 14.468375
14.573789 16.899355
