15.646780 -4.406530
11.735785 -1.965577
10.865810 -0.055950
8.275099 -0.741225
6.275212 1.580290
4.160166 -3.130984
4.341448 -8.093352
5.022118 -5.583005
4.390130 -7.939110
8.093309 -7.630094
7.942673 -8.924174
8.115946 -7.882035
5.627847 -7.951232
5.485523 -5.750472
4.028365 -2.238461
4.589718 -1.419054
6.323824 -3.429242
5.765650 -3.411742
5.840991 -3.643049
6.075882 -6.520797
5.059417 -4.384859
6.201258 -4.297582
3.849368 -3.410680
5.359243 -1.614233
10.929581 -0.512290
10.316303 -0.407688
11.100519 0.518822
7.759090 0.278115
6.339893 -1.494659
5.420792 -3.221461
5.987332 -0.644034
9.178419 -0.600417
8.123225 -0.756492
8.330858 -0.589005
4.525863 2.596137
3.596212 3.576891
-1.473011 6.396241
-3.652582 8.542865
-3.582492 8.560651
-5.726358 11.109700
-17.632650 18.746222
