13.625169 -16.542431
4.124160 -14.112031
6.331494 -13.856359
12.835051 -16.721666
8.624911 -14.041178
11.259565 -14.000228
0.537773 -10.513786
2.733681 -9.093147
1.270188 -8.178073
7.344617 -7.303364
9.008497 -6.963116
8.599862 -9.366246
2.012930 -10.543380
2.205406 -11.592136
1.423888 -14.451600
2.283554 -17.175291
1.706464 -9.933413
1.811884 -11.030875
3.631873 -7.873941
6.507016 -7.153636
7.526741 -7.592548
12.100964 -7.360390
5.824326 -7.608062
2.055065 -4.891350
4.916543 -5.157850
15.712486 -11.631782
14.810795 -10.476306
14.400637 -11.201138
15.742848 -11.752282
17.666712 -17.108051
12.630651 -13.707108
9.021938 -12.574645
8.873647 -10.360017
8.461254 -7.366456
9.239174 -6.856790
10.610563 -6.795159
7.981626 -8.263924
8.999650 -8.379210
8.899382 -8.835271
8.581005 -11.028584
8.388649 -7.040884
6.655895 -6.927244
5.170789 -6.521270
6.438734 -6.377806
5.655922 -1.639250
4.404167 -2.745876
4.987723 -6.005830
7.196243 -6.786317
11.451210 -1.865160
12.158140 -7.643005
12.608529 -7.211309
10.564613 -6.791298
5.511683 -1.594593
5.136943 -6.912947
5.160805 -7.940139
8.068588 -14.950452
9.582906 -15.532641
8.212186 -9.720233
7.131815 -7.088023
11.879490 -3.140172
13.136512 -0.804051
10.161338 -0.345865
8.949952 -1.518135
4.503159 -7.803530
6.103991 -7.375794
6.151759 -6.313480
6.374795 -3.540700
8.428123 -8.925201
9.917558 -6.720604
8.633911 -7.503872
8.459333 -7.918900
6.246161 -6.951997
10.662144 -7.509521
7.304048 -8.185122
7.759890 -8.118477
5.365974 -7.454491
6.405604 -5.187454
7.227999 -6.809990
5.771064 -6.626701
5.913726 -6.677934
7.242743 -7.130782
8.445908 -7.976639
8.631991 -8.263230
8.659298 -9.305730
8.340936 -8.045147
12.058430 -3.600098
14.583368 -6.482548
14.876147 -10.878726
16.586941 -12.895866
13.934576 -6.652780
19.335453 -6.746902
18.056049 -10.942257
13.925971 -16.055567
13.999099 -13.249418
12.254741 -13.908805
5.993911 -14.107979
-1.388801 -11.100501
1.303676 -12.865320
9.310647 -9.101068
8.765490 -13.041389
12.060565 -14.261804
10.515791 -13.201066
12.261748 -16.409899
13.674260 -17.636909
13.189268 -14.859487
14.577469 -12.451930
15.801510 -9.318115
16.418156 -11.619841
13.632832 -14.976867
13.244379 -15.303937
11.122391 -13.505254
10.614870 -14.853711
11.359041 -19.021776
5.642038 -13.700700
4.150956 -8.117600
9.315605 -8.088161
8.527217 -9.148629
8.922083 -10.766215
8.013874 -11.743915
8.323843 -6.703630
9.563982 -6.647833
3.932755 -7.361230
0.216758 -7.923764
2.538083 -10.343331
1.910546 -13.665559
6.165355 -13.249004
4.937502 -15.593353
3.243833 -15.446592
0.539014 -8.454892
5.279116 -7.110891
4.133666 -8.145291
9.861172 -7.145872
9.375227 -7.710410
7.848458 -10.092896
9.046897 -10.758779
8.891050 -12.074860
8.466079 -8.684057
8.968137 -10.163741
8.343585 -9.535968
8.472826 -7.940339
5.782461 -8.028983
8.998620 -6.853737
8.073947 -7.319385
8.203609 -7.926716
10.805990 -7.068193
11.155562 -13.170259
11.447716 -16.343994
8.291020 -9.431040
7.972359 -17.054537
7.267184 -15.219520
8.616267 -16.160742
8.283376 -10.745744
8.117361 -10.445084
8.954438 -13.402637
11.924764 -13.145091
14.149351 -14.171868
16.417843 -13.110091
15.013962 -9.033966
18.815231 -6.755220
8.644660 -7.825923
9.276781 -9.846493
8.420735 -8.618340
8.809048 -6.752718
13.085770 -7.656301
10.025026 -7.603233
8.886798 -7.395617
8.744352 -9.262918
9.549519 -17.571301
6.469667 -13.466818
8.087679 -8.989785
8.027489 -11.421638
8.803211 -11.046447
8.522691 -13.054652
8.112048 -10.997183
7.765974 -8.138465
12.066021 -14.547633
8.616639 -14.771810
7.443892 -7.288581
8.469637 -9.649018
8.516752 -8.488397
9.000513 -12.842307
11.445607 -13.057190
1.913923 -13.237404
2.569646 -11.040702
6.859965 -14.308515
8.946504 -10.649848
4.915932 -7.197500
2.957175 -7.920224
2.340084 -8.917359
7.659432 -7.180424
15.248592 -11.899400
15.129018 -4.265081
11.308982 -6.940692
8.434354 -7.153699
9.081016 -11.925085
9.006846 -8.740376
7.019327 -7.290980
1.904486 -7.744894
4.002279 -7.950148
3.357384 -6.504328
0.474375 -7.300943
3.318957 -6.602684
1.718115 -7.772405
4.564812 -4.120143
4.599985 -4.598665
4.045287 -7.208411
3.008808 -6.080168
4.562773 -7.283173
12.631452 -5.981306
14.959210 -6.671249
9.052555 -7.865466
7.851130 -7.266045
10.030107 -13.128401
8.079047 -8.499981
7.857238 -8.437320
9.248633 -9.611817
8.647964 -9.383861
8.671379 -12.190539
14.709471 -11.745421
15.096592 -10.163086
14.792044 -10.810973
17.728706 -12.626416
11.589743 -13.688333
7.027050 -14.078148
9.246030 -15.466768
7.943089 -10.474096
1.881072 -11.776996
0.460360 -9.992745
2.797990 -9.049609
2.238072 -9.633396
8.208214 -9.301190
7.870325 -11.098622
7.487368 -7.737507
6.960700 -7.099134
6.378709 -6.699770
1.587583 -8.240005
1.165017 -10.998654
2.618426 -10.131545
6.168406 -7.970698
3.283780 -8.051551
5.182020 -7.547268
3.014697 -5.318468
5.177269 -13.408908
2.096482 -13.396445
0.465812 -9.556066
-0.023194 -11.323630
2.171125 -11.629889
2.839210 -10.931362
4.044252 -7.463175
5.029586 -6.858878
5.488481 -6.370268
4.772271 -6.397813
4.004252 -8.077958
5.671031 -8.114662
11.476295 -6.706558
11.645421 -5.240425
8.646662 -8.097126
8.318064 -6.848967
5.545128 -3.369087
6.247653 -5.460353
3.755994 -5.845013
3.099025 -6.632481
1.446791 -10.242925
2.797595 -8.841224
2.490077 -7.427794
6.329590 -8.072363
8.743846 -8.797500
6.991351 -7.138042
5.499540 -8.003609
8.708418 -10.143681
9.030214 -12.777343
8.981215 -9.432837
8.436919 -9.133921
6.500068 -7.740240
10.289855 -6.884627
11.727393 -3.360725
13.381343 -1.592246
9.329620 -0.876057
10.200496 -1.615274
8.632554 -1.246908
7.825814 -0.784473
5.360282 -3.774351
5.000432 -4.567446
3.629866 -6.331539
2.818795 -8.256145
8.254292 -9.649214
6.235195 -7.284507
8.150476 -8.391559
6.949183 -7.966901
4.751445 -7.382390
5.821773 -5.957463
9.243234 -8.181180
7.127527 -7.462749
6.396451 -5.406502
4.956165 -4.963738
6.639828 -7.387661
1.755605 -11.029902
0.688732 -10.497682
1.824479 -9.118787
5.126217 -7.786324
7.457584 -8.014533
8.921085 -10.993634
8.991753 -13.393462
7.878999 -12.447836
8.711236 -13.184299
10.728611 -13.912004
7.197323 -13.506393
6.447154 -14.084218
3.982464 -18.115915
8.849627 -9.086508
6.246515 -6.739769
5.448327 -7.057742
6.269688 -7.196105
1.942080 -12.694571
2.566721 -12.415545
9.339959 -10.528697
9.073263 -10.833990
1.958691 -9.738801
2.679066 -9.567046
8.168565 -10.146396
5.920664 -7.931543
5.204123 -7.980375
4.978847 -6.897955
8.163711 -9.090167
8.704692 -11.826195
4.583976 -3.743403
6.784305 -1.290801
7.722909 -1.074715
5.258588 -3.482819
4.041220 -5.666630
4.242275 -7.922927
9.021097 -6.866829
6.701947 -7.997198
7.996384 -11.751937
1.708495 -10.787309
3.092266 -8.018353
4.253005 -7.715175
2.996297 -4.095898
1.795917 -9.314763
1.286065 -9.858377
1.205717 -13.910747
1.557129 -11.992465
0.115967 -10.354941
1.596013 -8.055767
3.150588 -8.084941
4.684534 -5.595636
8.634655 -8.426861
9.257267 -11.178943
9.147857 -11.702901
8.276073 -12.673828
9.708946 -19.236916
3.946069 -15.631657
7.196462 -13.410243
10.974431 -13.357047
9.584619 -13.021914
9.186321 -12.718570
12.965424 -15.518648
13.490353 -17.299669
15.240615 -11.046418
18.961531 -14.219818
4.839565 -14.115334
7.903103 -13.774421
8.655064 -11.890458
7.038169 -7.887113
9.140625 -9.226182
5.758068 -6.028845
4.402680 -7.129542
6.480100 -7.143866
5.203123 -8.137641
8.763779 -8.740539
14.895617 -9.841453
16.020348 -14.213603
14.140358 -13.750777
12.066384 -13.610966
13.481631 -13.946925
10.376724 -15.086791
6.373054 -13.380435
8.365908 -16.146654
4.270588 -13.818412
3.490469 -13.414374
1.876269 -10.369975
2.003657 -10.372031
0.551198 -9.992887
2.663662 -10.336383
0.742061 -9.621611
0.844272 -7.362576
3.576299 -8.085814
7.209156 -7.078594
9.016859 -8.715073
9.414822 -13.206712
3.204582 -14.210238
8.205089 -10.854882
7.996974 -13.949041
6.055223 -7.117580
10.368928 -15.413833
8.292612 -16.522097
8.445277 -10.651818
8.926754 -13.637212
8.195463 -11.267114
8.040005 -7.288820
8.148751 -9.383411
7.849683 -10.745374
8.156483 -13.023801
12.876758 -13.102733
5.088725 -6.936204
4.254195 -7.689052
5.793430 -7.604518
5.821886 -7.622044
12.515573 -13.557950
9.037258 -14.235635
1.609339 -9.668697
1.410049 -6.550233
-0.160650 -11.556310
1.556252 -9.331042
1.610291 -10.536367
1.750978 -9.892961
1.732509 -9.247718
0.727957 -8.353419
3.379772 -7.982223
4.354810 -7.491321
2.528800 -7.128213
4.305429 -6.176441
4.661849 -5.279287
5.116226 -5.400468
1.550724 -8.505150
2.048402 -10.345727
1.723427 -10.770068
1.867238 -11.064167
-0.153883 -7.785218
-8.317700 -3.273888
-11.437301 2.143722
