-18.818001 8.014380
-15.432474 4.694653
-13.114932 9.425030
-7.158619 9.984130
-8.014380 8.985285
-6.589796 9.963045
-9.144019 10.567092
-9.046352 8.832519
-11.705225 12.342177
-5.492002 11.872219
-5.397296 10.130129
-6.222886 6.154988
-3.611012 7.595914
-8.221196 8.653711
-10.755733 8.685027
-8.279960 9.407992
-15.265033 11.314147
-12.242798 10.976620
-7.084734 9.108422
-1.851569 5.084575
-6.765601 6.613068
-7.488532 6.386737
-7.914353 5.971669
-5.921849 5.903384
-7.244175 3.532986
-7.681813 6.417816
-7.309528 5.496416
-7.242309 5.787105
-6.383997 5.473757
-7.299559 2.105574
-3.984209 2.143422
-2.836365 -0.355321
0.561977 -1.961226
2.175979 -5.311988
