-7.705349 -5.145258
-6.095210 -2.564862
8.566013 5.520395
6.456466 4.810596
5.817452 4.501109
7.632871 5.225378
7.278893 5.011142
7.828012 3.699575
8.380077 3.344138
12.404182 4.905705
8.262998 5.595607
10.113572 5.589459
10.099630 1.824173
13.292889 8.467965
11.616835 8.520248
12.159910 10.391963
12.592346 2.861276
9.287380 5.131465
9.943085 4.420938
10.560328 4.652776
15.113925 7.303527
11.824290 7.059966
10.114185 1.301830
9.231228 2.893198
6.600650 4.921593
6.401793 6.757719
5.369336 7.435344
5.302830 8.841705
5.863669 7.652485
6.429265 6.699396
9.239868 11.534989
9.175094 10.658284
10.127361 11.164849
10.923329 11.251653
10.909756 10.733344
9.441308 11.448928
10.409447 11.984955
8.009578 11.739366
5.204417 10.318971
10.154103 13.802904
12.622972 10.873957
11.576147 9.081399
11.860527 9.790968
12.303707 9.608839
12.766685 5.475292
10.422132 4.030412
7.358118 2.933937
5.104544 2.761553
6.155937 5.393042
6.458342 7.041241
6.357646 6.211384
4.686373 6.621025
6.350678 9.622741
6.101285 10.195825
6.074199 7.722497
5.193074 4.661924
7.736161 5.429512
3.735699 5.829549
6.850206 4.009570
8.122795 5.565443
8.771557 5.033782
10.729704 4.783438
8.416673 4.199280
11.626065 3.677191
14.463207 7.995058
12.503317 4.862863
12.518473 9.200701
13.698098 10.796152
16.888851 8.894797
11.703587 6.094489
11.441141 3.250500
8.223957 2.367129
10.517107 5.492301
8.334537 4.238102
8.969632 3.603833
8.966383 4.994611
10.849342 2.602827
8.987871 5.254611
8.338928 4.333203
6.884283 3.344248
6.025325 5.914891
5.780833 8.632206
5.924573 3.216272
7.731246 4.981405
10.124531 5.351262
10.007105 5.006538
4.856986 4.360940
9.081594 5.090599
8.750757 5.117467
11.608900 11.158134
13.314031 9.667539
12.322331 6.830409
5.888555 9.791832
4.592715 8.547183
6.492794 4.932146
6.148534 7.547393
6.409378 6.261615
5.368016 7.070237
10.168798 5.098627
7.989472 4.035083
5.208845 5.417295
12.268948 7.846581
12.288519 12.203234
11.077742 12.416278
9.703476 13.147882
8.821697 10.836325
9.471540 11.316264
8.646433 11.917494
7.193073 11.229009
8.918081 11.202086
13.694881 9.074631
13.724220 7.555182
14.868595 7.582651
17.526981 4.807200
12.319360 6.165884
9.240816 1.685486
12.643012 7.423683
11.496237 4.621615
9.911845 1.980232
8.846864 1.185638
9.174658 2.339747
10.437102 4.441607
5.402945 7.899362
6.745007 5.226430
8.409492 5.394430
8.666448 5.108898
10.888447 5.305264
6.856025 3.891459
7.444202 5.222332
6.872554 4.725655
6.600017 4.195953
5.290994 4.402462
8.544701 5.180881
8.814413 4.063361
11.364795 3.606269
12.023136 2.827273
11.547830 6.131258
11.640837 5.257254
8.884117 3.705523
11.294532 5.025249
9.394730 2.935331
9.466593 3.504721
11.666323 4.918064
12.354418 7.579047
11.736813 9.178217
11.737622 6.858246
14.246127 7.838674
17.292109 13.918966
