4.798501 4.389210
5.540180 3.090373
3.464743 2.019313
0.961801 0.628616
0.745836 0.000003
1.970536 1.816727
0.886024 2.364998
2.822204 1.312484
5.675227 1.697366
3.921583 1.863384
5.598173 1.704221
4.796237 1.692755
4.936260 1.218273
6.339643 1.358858
8.452574 0.365256
8.016064 -1.612916
7.044310 -0.619060
8.376080 -1.876918
7.092291 0.156927
7.568984 1.226722
6.249658 1.838571
3.724509 1.718025
3.512193 1.073228
4.114835 1.246787
-0.079458 1.816877
2.581139 3.343927
0.902546 -0.540726
0.635318 1.442019
1.238439 0.305387
0.777723 -0.493837
0.462263 -0.088886
1.124946 0.364454
0.958603 0.268115
2.583327 2.650661
3.858566 1.315807
4.711889 3.036897
6.644583 2.468092
5.353411 1.794463
5.564359 1.897207
3.462700 1.171978
3.072680 2.163608
3.243043 2.929749
1.820502 3.130853
4.033656 1.678327
4.554955 1.465146
3.360244 1.789040
4.726640 1.645974
2.984435 1.348744
5.018120 1.111594
2.269653 1.398057
4.374800 1.254420
1.801230 1.754955
2.578801 1.524832
7.397557 -0.804040
8.234047 0.538647
7.434009 -1.936962
7.487922 -0.487030
7.590599 -0.469012
7.346223 -2.567258
6.244580 -5.724505
2.790059 -5.940259
3.853080 -5.133494
4.980299 -5.111606
6.084157 -7.647611
8.389197 -7.023275
8.874509 -9.731174
7.950883 -6.755734
8.371469 -11.505449
7.331711 -15.393729
3.913359 -14.262083
-0.217807 -11.173392
2.671651 -10.304677
1.365526 -11.093238
-0.697580 -9.157153
0.164140 -8.708433
4.493360 -7.874619
2.991841 -5.327211
2.379797 -6.523743
4.720832 -7.448818
5.513988 -6.492575
5.825943 -7.850026
5.628230 -7.886355
6.220375 -6.204522
4.376476 -7.276277
5.756493 -7.772178
1.909108 -8.780754
3.375490 -7.183311
6.278244 -8.154819
5.538574 -7.590971
3.664575 -8.183458
1.940497 -10.099296
1.665929 -9.667855
2.478618 -8.355188
2.423026 -9.756885
1.865801 -9.534650
1.704697 -11.623513
-0.359482 -13.485530
6.832174 -14.048749
6.837416 -14.504252
5.056910 -17.955265
2.005746 -12.577206
1.902386 -10.154138
0.844804 -8.311955
3.200740 -7.889324
1.750059 -9.011481
2.641260 -9.109512
2.547626 -9.841382
-0.044009 -9.884311
-2.321740 -9.536904
0.461582 -10.019044
2.536222 -11.059226
1.537973 -14.274083
4.336700 -13.647470
8.634651 -15.885139
8.072142 -8.841987
8.877632 -6.352404
5.648219 -6.813098
6.865484 -7.318481
5.344936 -6.789609
7.366466 -7.670080
5.345541 -6.934722
6.555829 -6.449145
6.059631 -8.136231
5.399682 -6.258609
-0.871532 -8.771876
-1.000285 -8.404701
1.261181 -9.551454
0.351997 -11.174644
1.877371 -11.541806
1.255587 -9.305448
2.598056 -11.736827
-1.328948 -10.173276
1.574616 -9.781500
2.462641 -10.586663
1.914327 -11.437903
1.402704 -9.485774
1.529581 -10.681792
2.196286 -9.962045
2.005048 -11.008480
0.679538 -7.789900
8.059292 -7.878717
8.668200 -4.843172
7.085988 -7.346000
12.247789 -14.973886
8.871674 -18.343576
10.090491 -16.053989
10.392947 -17.228445
8.623865 -11.345830
7.957234 -12.857739
8.124472 -12.472894
3.167574 -15.577569
1.950891 -8.571385
2.454220 -11.738650
2.667975 -13.827800
3.433008 -13.435849
2.597517 -8.985370
0.856349 -13.417748
3.578727 -14.400645
8.560169 -14.678550
6.155602 -13.541847
8.434686 -11.133038
8.342043 -11.323079
8.305559 -11.394629
10.674957 -18.398466
13.662006 -13.571279
7.540095 -16.300241
2.741172 -13.164321
7.924640 -11.578946
8.990574 -14.975328
9.078076 -10.311103
7.964726 -9.581903
1.896645 -13.887843
1.986410 -10.572326
4.675449 -7.752870
7.379847 -8.195063
10.336063 -6.986749
8.568762 -8.188128
6.224489 -14.571233
1.589203 -12.793363
2.024815 -11.840393
2.688299 -10.365422
2.247348 -12.311009
3.020857 -14.214520
1.067036 -13.714811
11.455070 -16.676041
6.431465 -15.536819
-0.750176 -14.942061
1.889479 -10.039207
1.624996 -15.392524
4.287905 -13.994897
7.431941 -13.537343
5.725691 -13.282765
5.982344 -14.205670
9.932184 -18.258173
10.117246 -13.532458
8.631371 -13.237830
8.463901 -11.670453
8.141382 -10.092216
8.455656 -10.120839
8.927927 -10.066852
8.890272 -5.092856
2.007501 -8.283489
0.938868 -9.785098
5.288450 -4.057287
6.123503 -5.543031
6.282651 -7.115716
7.530834 -6.666412
4.324555 -4.102025
0.244900 -9.478232
0.686475 -9.930605
5.311866 -7.565641
6.883263 -6.954812
8.826843 -11.350754
7.904291 -8.557765
8.841444 -8.824859
8.994631 -8.207197
5.775732 -7.453304
5.304796 -6.920067
4.932439 -7.935319
4.571084 -6.180398
0.850595 -7.851790
2.580024 -8.360983
-1.210505 -9.899863
-1.055889 -13.098491
6.935976 -13.320149
10.504055 -12.912700
11.089471 -13.681919
13.948288 -14.218812
