-3.599136 -2.775573
1.339224 -0.507586
1.368558 0.101841
1.590716 3.440636
2.179791 2.456606
3.653466 1.177899
3.794948 1.239535
3.232258 1.611389
2.285389 1.064710
3.778311 2.330623
1.144382 0.892381
3.281901 1.583540
4.942465 1.698132
2.014939 1.941321
4.651462 1.312664
7.212733 0.009579
7.498540 1.904274
6.498839 1.492127
4.691943 -4.756652
7.489038 -1.168183
6.985653 -2.447410
6.826970 -2.747572
8.690160 -1.473363
7.202908 -0.725998
8.337894 -0.690138
7.845487 -0.980604
7.047651 -1.758348
7.687505 -2.127410
7.073547 -2.034964
7.522523 -0.987178
7.528612 -1.457576
6.904798 0.512803
1.798352 -4.887084
0.927653 -5.840034
1.620177 -3.842070
2.810831 -5.307918
4.764743 -6.941411
5.619276 -5.913452
4.384908 -4.466928
3.433559 -4.716844
2.603841 -3.980960
1.121545 -4.294678
-0.427800 -4.431505
1.315938 -0.115025
1.275063 -1.122387
1.315778 -0.691947
1.085806 -0.021823
2.953267 2.567337
2.207175 2.009847
2.734018 1.331069
3.525627 1.558433
2.266893 2.717008
5.155463 1.613273
3.799845 1.335796
7.006348 2.316498
7.027810 0.573575
7.494009 2.626426
6.054715 2.588119
4.921748 1.250319
5.015671 1.290892
5.971133 1.310860
3.234315 1.622921
3.155325 1.243029
6.569372 1.275779
7.140516 1.185402
4.604092 1.154682
8.585618 2.268606
8.212388 0.818130
6.871779 -0.578618
1.801987 0.767660
1.434088 0.792288
2.104894 1.663401
3.721866 1.407313
0.209454 -1.012995
0.826254 -0.970922
1.574825 -4.993129
1.389967 -0.939246
1.267953 -0.941896
-0.346889 -3.959201
-1.073551 -3.858124
2.849377 -5.243480
4.860845 -5.787011
5.519564 -5.235996
2.326969 -4.006462
-0.360522 -4.307602
1.184979 -4.131602
3.089862 -3.970527
3.808885 -4.029709
1.769833 -0.047909
3.017838 1.646822
4.531728 1.100215
4.338016 1.114965
5.914578 3.443982
7.177847 1.596690
7.291118 0.188305
7.969882 0.206991
8.621517 1.964330
5.013157 1.746203
5.027018 1.761915
7.687521 1.992171
6.982906 1.122609
7.449106 0.009226
6.896460 -1.218252
7.650960 -2.394522
7.606045 -0.053328
6.213743 1.982082
4.219441 1.745699
4.920652 1.464023
3.671431 1.451768
1.116632 1.037181
1.351894 -0.486630
0.610535 -1.076698
0.307344 -1.458515
1.395767 -0.430137
0.348546 -0.272247
1.301545 3.049850
2.400082 1.966487
4.038832 1.204214
2.145044 1.523170
6.160013 1.567484
6.289243 3.181289
8.306847 -2.337843
8.031734 -1.507477
9.028720 -0.095749
8.598583 -0.639893
6.893004 -1.947807
9.048061 1.499459
7.093180 0.563085
8.883289 0.064923
8.196545 -0.110293
7.165956 0.588796
7.255059 1.403770
5.243407 1.552222
4.218750 2.812819
4.708987 1.200714
8.633683 1.786781
8.675465 2.764193
9.651729 5.023950
11.617592 5.992709
16.245136 3.681546
17.618313 6.473435
