7.674798 0.594370
7.491834 0.278029
7.151639 -0.333606
7.531143 -1.714811
7.445192 -0.536533
7.767638 3.668038
6.009509 1.882728
5.242868 2.939498
4.068791 1.342020
2.524061 2.100067
3.534385 1.691053
3.972528 1.225301
5.227364 1.794169
6.503380 2.009057
6.218204 1.646729
5.349413 2.587537
7.816721 0.093712
7.230206 0.935604
4.991329 1.751872
2.448769 1.215929
2.782322 2.045953
2.898881 3.725089
1.048304 1.693118
1.748988 0.260569
1.697340 -2.104916
1.272366 -5.272930
-1.831494 -9.800158
-3.665220 -18.077372
