1.081862 17.151762
6.884184 17.557034
5.645204 13.274289
5.760727 12.837794
8.064090 10.143422
4.112077 9.035387
2.682845 6.458702
2.128219 5.164402
1.758254 9.918439
1.250913 10.045437
1.614699 8.258952
1.900639 9.911183
-1.278436 8.943360
3.869964 10.841623
4.376340 10.564890
2.153306 8.605212
3.786338 9.775949
3.770286 7.171723
5.233792 7.918893
3.520661 9.434714
1.904993 9.337458
2.862858 10.617851
-0.036235 8.796067
-1.075447 8.979616
-0.951712 13.392811
-3.281249 15.532505
4.690893 18.394545
