-16.266354 -16.445946
-13.115632 -6.762615
-11.393469 -3.904307
-8.739163 0.274017
-8.562593 5.564644
-8.279928 5.150749
-9.493565 3.849963
-10.200831 -0.172669
-7.279684 1.309027
-3.765063 -0.633962
-2.632094 1.173020
-4.147780 0.487226
-3.869929 -0.545838
-4.941603 0.475401
-0.759151 1.451810
-1.229431 4.225197
-1.864686 5.447880
-1.443784 4.984546
-1.083298 5.745938
-2.161309 3.828471
-2.284993 3.475759
-0.902951 1.682731
-2.293789 0.412111
-1.071712 2.145092
-2.280336 6.010268
-0.669274 10.733057
-3.787679 13.254209
-5.709739 11.511635
-1.960582 14.734130
-3.689110 15.847136
0.661537 16.758163
