14.447453 -14.258718
12.971983 -14.794238
9.804019 -12.942285
9.221831 -17.082878
1.670116 -15.947479
1.739115 -11.063548
1.768329 -7.656355
4.532856 -7.198886
2.931614 -8.125775
0.170722 -6.827728
1.880782 -9.600237
2.623939 -10.964031
0.263184 -12.386883
0.528303 -8.526462
2.088497 -10.219925
1.796715 -14.108166
7.620881 -15.462488
11.046966 -13.392089
8.422044 -14.461369
7.820549 -7.862001
8.174789 -11.484942
8.928289 -7.397058
6.279926 -5.001289
6.152503 -7.194824
12.060106 -7.080608
9.233950 -7.784530
6.797192 -6.946417
1.148308 -6.473840
-1.403200 -9.636095
-0.411106 -11.589044
2.811112 -10.452857
2.328160 -8.180305
6.029841 -7.814002
6.971303 -8.191367
19.679390 -6.174891
15.760391 -12.215247
12.888623 -7.622663
7.050120 -7.456745
8.235843 -12.078135
9.293978 -12.806846
8.377836 -11.745693
9.850561 -17.633270
12.181242 -14.484871
11.888752 -14.119487
9.999710 -17.567154
1.378562 -13.725612
7.842614 -9.687805
7.861035 -10.912364
8.789104 -12.090497
8.322872 -9.966306
9.160312 -9.641944
-2.572399 -8.950572
0.296134 -12.344848
0.380081 -13.600821
4.171537 -13.923600
3.888818 -13.358399
4.598440 -16.053917
2.255725 -12.739194
0.607170 -12.049752
8.440075 -10.037413
4.588007 -14.053533
8.636846 -16.085054
4.750546 -7.722293
6.555126 -7.013760
7.920550 -10.478450
7.149747 -8.199113
6.733534 -4.652334
5.795834 -7.342640
7.362616 -3.719876
6.254685 -5.297996
7.485845 -8.142855
8.007575 -5.527646
10.922886 -7.750303
12.687654 -7.769676
10.403135 -7.479385
10.820405 -7.406674
9.603985 -7.763663
13.522423 -6.557316
12.712258 -7.184675
9.215851 -7.098242
9.766679 -7.205197
9.128354 -8.133882
8.959092 -5.257025
9.410851 -7.587384
8.412607 -9.739933
9.153832 -8.543195
7.159460 -6.121237
8.116307 -8.402873
8.323751 -11.634636
9.747858 -14.491706
6.395797 -15.389461
0.074170 -15.809451
2.545090 -10.981811
2.367134 -9.403561
1.579943 -4.996248
2.531646 -5.533708
2.305728 -11.142108
2.554956 -10.911891
1.942368 -10.074321
3.139478 -6.860302
6.169627 -7.255768
5.135947 -6.726962
8.313413 -5.292545
7.039117 -7.165588
3.598752 -6.309094
6.789443 -6.832665
10.039221 -5.136692
10.064373 -7.397924
5.359657 -8.103491
6.544726 -7.511650
6.104043 -7.406898
6.743218 -4.738352
9.133690 -8.855331
7.991783 -9.729317
8.036885 -10.873858
8.564619 -7.393768
10.573912 -3.028778
8.166494 -0.692861
7.418188 1.968149
8.287671 -1.800834
8.964804 1.839776
8.007088 2.013775
7.974427 0.744380
9.339567 4.771564
10.132621 3.565454
9.858665 4.712661
10.142384 4.457447
6.665274 1.220636
6.925517 2.545693
8.271275 1.224632
5.445115 3.444204
6.236075 2.755255
7.240670 1.362382
8.082358 0.400236
7.515136 0.943373
8.575315 0.033262
7.495528 2.141937
8.323418 1.901612
4.961041 3.265731
4.717381 1.540664
6.471289 3.147868
10.921563 4.103760
11.927526 9.981604
13.406743 8.348644
9.009420 5.316084
15.923609 3.280309
12.060909 3.909485
10.168612 4.944811
9.317093 7.146278
11.650181 15.553759
12.641890 19.386158
