-16.083296 -12.611368
-5.602961 -13.812881
-0.627481 -12.042258
0.509131 -10.441774
3.644772 -6.096425
8.228462 -8.128804
9.037215 -10.434669
7.868452 -6.039615
7.787599 -5.675658
5.372153 -7.595043
7.882871 -7.792378
9.326902 -14.659729
8.167762 -12.807057
10.200756 -14.172233
7.415381 -13.281953
10.052915 -14.215331
12.937257 -16.346296
9.074980 -12.538128
9.110291 -9.301229
8.150696 -7.163502
11.248335 -5.763160
6.473685 -6.447576
10.186237 -5.465105
15.677759 -5.102645
15.525907 -12.445677
14.231552 -13.203385
10.091726 -16.465849
12.150887 -13.001187
12.038261 -14.718753
15.828125 -15.667960
5.264915 -15.205893
8.204103 -14.274333
6.817890 -14.105531
8.763762 -13.656035
8.986569 -11.502204
8.035296 -8.384868
9.229836 -4.859149
8.670031 -12.675280
4.533803 -5.758071
2.656556 -4.656961
4.293237 -5.748677
4.740285 -6.979910
3.746429 -7.344341
2.094228 -8.640382
2.184918 -10.492345
2.212540 -7.935534
2.276165 -9.387378
2.972038 -6.387594
6.763891 -6.008187
8.049129 -3.415835
4.460682 -5.130451
3.032024 -5.564658
2.387400 -10.645061
1.940764 -12.284181
4.350114 -7.676256
3.509712 -7.730147
8.439487 -13.668349
11.781491 -15.370582
7.856264 -10.570284
8.446359 -9.868291
8.620556 -10.402208
8.178108 -11.447108
9.084227 -11.176406
8.129232 -12.316596
8.098857 -12.392497
8.648779 -9.288041
9.374892 -15.214444
8.467133 -12.868899
7.819771 -15.164079
4.087326 -7.992604
4.337944 -8.047004
2.741890 -10.213764
1.199264 -10.102391
2.553568 -7.939296
4.265272 -6.952837
3.580708 -8.149845
5.234451 -6.188800
3.831112 -8.150151
2.704177 -9.827209
3.484831 -6.285507
7.057220 -6.206019
7.407738 -14.822330
2.544248 -16.914595
3.953228 -15.523513
8.597773 -14.612784
8.400252 -11.396184
8.048071 -10.987049
9.336658 -10.519267
2.477275 -11.567370
1.604916 -8.919743
-0.770744 -9.953341
1.767221 -11.122904
2.122505 -10.499002
2.287521 -10.901460
-0.181543 -11.544255
8.489048 -9.262379
8.405586 -9.387308
8.954988 -9.564208
1.697664 -10.703734
0.224006 -13.412663
6.870875 -13.986993
6.553033 -7.740706
3.306122 -5.421732
4.730883 -7.153246
4.853816 -7.741532
7.668557 -8.042048
7.451402 -5.872998
8.892131 -12.161337
7.629962 -13.605987
8.577553 -13.234345
8.428592 -11.753877
10.707576 -14.284930
8.094244 -11.591882
8.948487 -13.111105
6.294680 -14.078580
10.670309 -12.850343
14.109015 -14.996217
9.350632 -13.898963
6.484338 -14.191794
10.856195 -16.508696
10.364583 -13.286551
8.439832 -8.505851
8.120129 -10.400265
5.441649 -13.336328
4.232356 -13.525347
2.605633 -11.861279
0.401834 -9.707927
1.800881 -10.979139
0.251541 -12.938832
6.740792 -15.702653
6.460795 -14.793033
6.835793 -13.827767
8.551742 -10.776200
9.017373 -9.297145
8.609121 -11.518346
8.685169 -9.558278
8.181310 -9.771867
3.150366 -13.778707
-0.344328 -13.415541
0.975110 -11.985537
0.727661 -8.948189
2.322574 -5.356565
5.080795 -7.472546
9.062173 -13.037936
9.904505 -16.541864
14.740384 -12.977930
8.970964 -6.584165
8.150603 -10.875725
8.472480 -7.832309
7.442543 -7.055906
5.742591 -7.922870
5.770972 -7.087595
4.728562 -7.453952
9.333807 -7.797357
6.848622 -7.582081
8.009026 -12.013975
7.444706 -14.747429
8.076932 -16.209272
1.428813 -13.570180
2.209255 -11.226024
2.667464 -12.950810
5.683251 -14.135316
9.668156 -14.824441
7.992523 -13.312616
9.229789 -10.692156
8.586449 -8.365495
7.859298 -9.290959
8.292187 -10.764735
13.125435 -4.148301
15.246283 -8.310426
12.075447 -13.667239
12.740007 -13.675567
12.378859 -13.002816
12.470698 -13.151166
14.418449 -7.479579
13.369607 -7.031297
14.434187 -9.888162
7.709916 -6.375897
2.541153 -8.422472
3.731036 -6.698556
0.427409 -8.371183
2.804195 -9.340661
7.920848 -11.564194
11.193604 -12.851871
12.514231 -15.070565
14.457769 -12.237269
15.493143 -10.573539
7.941510 -8.063096
5.189077 -7.981925
6.488447 -6.958772
6.812046 -6.528017
5.951491 -6.883451
7.687715 -6.664239
4.953445 -7.409415
3.520039 -8.020270
2.080161 -8.402626
2.444395 -10.279931
4.533221 -7.672286
6.412563 -6.403755
5.071189 -7.465342
8.265537 -8.557273
9.062952 -7.419030
8.833226 -9.974113
7.892359 -9.421480
-2.669363 -12.914525
1.890929 -14.177835
2.011903 -14.047044
1.425217 -13.601821
3.545851 -13.232370
2.805247 -10.405278
2.533907 -8.429740
4.524904 -6.428078
5.719192 -7.176102
8.322908 -7.193885
10.416235 -7.488748
6.571431 -8.122334
4.847206 -7.161197
4.501773 -4.150303
3.568145 -7.969947
6.844312 -7.511173
7.396621 -6.423086
2.941107 -8.159593
2.617424 -11.092864
1.284098 -10.887166
2.793460 -9.536202
1.950261 -10.182054
2.346282 -12.908384
2.295728 -13.366764
7.380327 -16.182383
9.024309 -13.543667
8.573788 -12.495833
7.969805 -10.556698
0.359531 -10.797890
2.081416 -8.956258
1.462868 -15.059196
4.428691 -15.357026
5.525397 -13.989484
3.932716 -14.046423
1.865985 -10.533113
2.441226 -10.768076
2.193114 -9.099265
2.546854 -11.406637
2.763706 -10.242393
2.495436 -6.929943
0.916279 -11.094136
1.605429 -12.506034
1.403416 -11.881719
-1.024703 -12.461341
0.436409 -8.960534
5.886703 -6.899050
3.891702 -6.709994
0.569825 -8.411663
1.127886 -11.660443
0.246028 -10.821613
0.964914 -10.682965
2.090977 -8.943788
3.242012 -5.035970
8.331658 -8.338008
7.845222 -10.683763
8.422990 -8.320135
8.175864 -4.841499
12.638833 -3.287551
17.289795 -2.222754
11.505749 -7.610871
15.620238 -4.550563
