18.218185 0.578871
17.075142 3.444221
14.531786 5.733818
10.730482 0.801398
9.487682 1.196595
5.504584 4.273481
3.529070 5.530712
3.122689 2.741057
4.622611 6.224584
5.607542 7.099287
6.514405 7.169244
6.290837 6.514918
3.086594 5.345551
2.391458 3.477059
5.461579 4.953869
3.220145 4.972810
3.934337 5.629573
4.657011 5.941131
4.598769 6.816270
4.702123 6.842588
5.735068 4.908381
2.887054 5.115124
-2.066925 4.168648
0.869023 5.641157
-1.923709 5.846263
-2.279036 8.541679
-0.839620 8.778979
-1.608313 8.314378
-1.049844 11.228109
-1.587401 7.254632
-0.797877 6.682003
-3.890006 11.079328
-2.326302 5.819910
-2.111688 7.746876
-2.458014 16.006857
0.454416 18.681135
