-8.008697 9.347580
-7.703670 4.680067
-7.694474 2.379815
-8.926710 3.197291
-6.917036 6.999674
-3.994270 6.797060
-6.389935 9.100533
-5.421906 7.525643
-4.737722 7.697391
-4.903019 6.842000
-5.651876 6.819192
-3.067160 6.353537
-2.055635 6.517602
-3.532119 7.877206
-5.632184 8.256856
-5.915648 9.157470
-5.398227 8.093688
-5.699921 8.594433
-6.736687 8.294526
-7.473110 6.559125
-6.740574 7.172470
-2.597149 8.364416
-2.246944 5.642606
-2.395253 1.557717
-2.210426 2.865498
-0.894793 1.865614
-1.076196 -0.515548
-1.377890 0.105926
-1.645001 4.969452
-6.437756 6.916388
-7.533596 7.674754
-7.535042 4.110404
-7.883567 5.183253
-2.211719 2.459970
-1.494099 0.557958
-3.246401 1.175335
-3.410758 0.373766
-4.567149 1.024989
-2.265457 0.446828
-4.987758 -2.146376
-8.223153 0.779009
-7.614411 2.061090
-9.694262 0.662124
-5.038888 0.235895
-1.551769 1.471458
-2.963060 0.952351
-3.976572 0.230739
-4.701616 0.726027
-6.943778 0.456833
-8.134216 1.517330
-8.096779 0.139158
-8.975386 1.133866
-8.531392 3.419097
-7.927982 4.272855
-2.582594 6.506633
-3.941974 7.351981
-5.989330 7.462080
-7.407429 6.575401
-5.246383 6.709327
-5.212090 7.169178
-5.817936 6.726175
-7.655375 5.861262
-7.593425 3.645051
-7.558517 6.172067
-7.605800 5.167039
-7.679078 6.401133
-5.934009 6.383354
-4.758791 10.180456
-4.861320 8.146998
-4.450161 6.930022
-3.394847 7.648998
-3.585356 6.703200
-2.953796 6.932724
-5.463007 7.939037
-3.741532 7.129960
-3.039535 7.644336
-2.446466 6.518049
-2.456089 5.222499
-2.585610 6.335979
-3.622905 8.692114
-3.805732 6.717689
-6.739185 6.860610
-7.056690 6.652158
-4.412453 1.140407
-5.138319 0.297873
-8.176311 0.874641
-6.371378 1.015761
-3.582098 0.271474
-4.189857 0.481495
-4.699027 1.139800
-3.823240 0.235340
-1.621917 1.931318
-1.373671 1.503386
-1.672583 3.349425
-2.004384 1.441273
-0.317903 1.515894
-2.315805 1.138458
-1.879556 1.659050
-2.263048 2.330518
-2.186490 2.951101
-1.520367 3.748000
-3.584303 6.344278
-3.168385 6.499990
-3.343275 9.141418
-1.507970 7.844833
-2.407688 5.141681
-2.790662 0.608327
-6.249771 0.998796
-8.565470 2.312500
-10.907102 0.717413
-11.611666 -3.908599
-9.813026 -0.326225
-10.467424 2.846915
-8.819281 -0.150400
-8.029969 3.470759
-8.040595 1.260122
-10.194956 -4.777380
-15.916499 -10.407887
