8.017371 15.189474
4.303263 11.347872
7.151034 10.350521
6.996720 7.358513
4.713203 9.071672
6.575590 9.808897
5.074937 8.812345
4.988407 7.990689
4.647716 6.697919
5.155711 7.510212
5.074200 6.610357
5.113330 5.524091
5.675946 4.426398
1.550493 5.100708
1.909009 4.076187
3.319453 4.993346
2.646494 5.223253
0.947754 5.862477
1.176123 3.620247
2.935995 4.192218
0.452830 5.157282
2.293086 3.410955
2.083773 4.743029
-0.834165 4.380116
-2.512792 7.954810
-1.130394 8.157119
-2.112164 5.526868
-1.238084 9.317884
-2.409830 9.465902
-7.346776 9.871187
-11.874882 8.518470
