2.709527 -10.003110
2.774620 -10.031655
0.976685 -8.974570
4.109512 -5.887433
10.115425 -9.160552
7.867987 -11.204648
8.773129 -11.132764
10.442677 -11.803943
12.551993 -13.092606
7.903210 -9.734747
8.562807 -7.155772
6.626806 -7.306576
9.421868 -8.310501
11.189064 -8.677741
8.160917 -9.144310
10.093458 -8.398414
10.938343 -8.082431
9.753087 -10.561721
9.601183 -9.700148
9.772964 -6.849308
8.816896 -11.714640
8.396711 -8.227209
10.926567 -9.841552
7.540737 -7.636465
9.640075 -9.849448
8.561611 -8.357337
4.049244 -7.299896
3.767574 -6.814456
0.777483 -6.749134
1.028306 -4.813635
2.305301 -4.180325
4.810145 1.488302
4.973221 1.489398
7.360618 -1.557412
9.696831 -1.324513
11.486097 -1.483069
6.878557 -1.493109
8.526400 -0.592635
9.780493 -0.751727
8.933248 -0.994457
8.009978 -1.433596
9.007320 -0.150888
9.743440 0.627703
5.477326 1.298148
6.089247 1.754792
7.994682 -0.055593
6.903361 0.930273
7.092631 -0.696833
8.147149 -0.861566
2.884352 2.021275
6.151716 1.360756
6.976185 2.943882
5.488668 1.854973
3.416332 -4.385245
1.595470 -5.107292
4.009287 -4.790395
2.789821 -6.984224
2.989962 -4.330285
3.224200 -5.063799
4.785179 -5.652030
4.610113 -6.784729
3.993617 -6.471530
4.770872 -6.848372
2.901590 -4.693883
3.638621 -4.136074
3.525754 -5.396301
1.300951 -5.491072
3.707899 -6.330665
5.999457 -7.318369
13.161656 -6.729817
11.155567 -9.994998
8.373646 -11.427573
11.410851 -11.107589
8.219366 -8.486197
9.394615 -9.665641
9.826089 -11.966979
