4.268245 17.367357
5.015199 12.312176
6.191319 8.711794
5.503093 7.636730
6.815944 4.199932
5.687349 1.865274
4.232163 2.028168
4.316315 2.478173
2.935815 1.296481
5.465021 2.141424
7.922168 2.223949
10.731898 3.141644
3.240994 1.634907
1.727657 1.134799
1.443273 1.007296
1.181522 0.505521
1.807058 -0.633094
0.791515 -0.438128
0.430388 -0.840161
0.799400 0.804844
1.586106 1.692434
3.632166 1.414379
3.619026 1.413076
3.154059 1.749938
3.530514 1.395944
4.895682 1.121122
4.197886 1.661124
3.662388 1.338194
5.477534 1.437890
3.919551 1.361557
5.057016 1.751833
3.977861 1.756256
4.781200 1.137416
6.814442 1.452935
6.136411 2.005578
9.269981 -1.039385
6.992946 -1.132642
7.332830 0.540291
7.120646 1.479441
6.041742 1.942866
7.377155 0.546849
7.167584 -0.630605
8.269598 0.297233
5.837504 1.789626
9.139525 4.669672
5.616958 2.360325
4.705064 1.061706
8.568604 1.637442
8.564665 2.230627
7.596457 1.531424
7.955646 0.426393
6.916635 -0.065139
6.970736 0.393570
8.164013 1.912776
6.095428 2.125922
4.995076 1.089072
3.905332 1.790909
5.497454 2.846496
5.773285 1.468828
4.247469 1.249767
2.070978 2.092346
0.736590 0.673883
0.388779 -1.116436
1.551370 -4.010599
3.405450 -4.012853
2.127195 -4.359239
1.680240 -4.395797
1.801255 -3.323790
1.184043 -6.320097
2.873408 -4.031476
3.270300 -5.179907
2.828947 -6.926970
1.355192 -7.372302
1.963845 -6.644964
5.774618 -5.719610
6.004714 -4.350534
5.467107 -7.383402
5.906546 -7.623057
4.112384 -7.891567
2.636882 -7.262702
3.520818 -7.696539
7.910136 -15.500731
6.790839 -13.673584
9.265456 -13.247579
9.259352 -10.214135
2.236631 -10.578473
2.485943 -10.104072
2.116568 -12.957750
2.841351 -15.818795
7.949788 -11.645513
7.997599 -9.492354
5.944342 -7.290050
9.891455 -12.108047
4.280069 -15.590571
0.383058 -13.742757
3.679656 -15.057527
2.104106 -12.651324
2.631276 -10.457259
1.640433 -8.835784
1.014725 -9.059656
5.947785 -6.684961
5.262248 -7.417886
6.085803 -6.256649
9.608648 -9.910118
9.686834 -15.436226
10.352796 -15.209353
8.212782 -10.035666
8.989712 -10.362315
9.648358 -9.250431
12.362619 -13.466638
7.008287 -14.270192
10.549745 -11.519172
6.752472 -16.000431
11.425704 -18.108654
7.867447 -11.425910
10.632876 -8.998983
9.272224 -11.301553
7.903481 -8.867072
8.048930 -9.775294
6.933946 -7.678081
12.886132 -6.732521
10.131355 -9.721553
4.888463 -7.888881
4.686262 -4.954471
2.967662 -7.719123
2.270842 -6.529981
2.515252 -5.825749
4.405552 -5.122399
6.669760 -6.912243
7.536930 -6.730423
8.632789 -8.329438
8.920179 -9.605845
1.100243 -12.368112
-0.031537 -11.746340
0.927786 -13.899255
4.476366 -15.212949
0.834513 -14.075700
1.475851 -9.130960
1.553444 -8.936686
2.582754 -9.020356
2.396986 -6.362204
3.129643 -8.111263
6.253489 -6.109460
3.690807 -6.830928
-0.645461 -8.904910
-1.437065 -10.506431
2.184519 -10.678422
2.433416 -9.171792
1.989039 -6.345713
1.736389 -5.967254
4.974061 -6.487772
5.133589 -7.495247
2.423476 -7.818161
2.677335 -7.850058
2.692858 -12.461459
0.600737 -12.098870
-0.175750 -10.244049
2.667817 -12.076343
0.611256 -14.993780
