4.083058 -6.694770
3.819649 -5.794696
5.247193 -4.620590
5.340607 -4.695902
5.728657 -4.631240
4.459726 -5.260716
3.322939 -4.530687
1.859191 -5.674022
1.357906 -2.677826
0.905447 -3.955379
-0.204406 -1.506027
1.600298 -1.606533
0.727394 -0.134838
2.063773 1.558504
4.235646 1.272666
1.632320 1.515542
3.969962 2.096905
6.155873 1.677773
7.656247 3.104438
6.840612 0.985352
8.793715 -1.114706
10.068350 0.329267
8.350787 -0.696974
8.585087 -0.930329
7.432899 0.365902
7.643304 0.251799
7.318014 2.732631
7.942995 -0.189319
7.970396 0.315720
9.111434 -1.502364
7.424822 -1.405793
9.965998 2.119047
10.418738 1.230396
11.483665 6.003998
