8.050254 19.903263
6.798217 10.385449
8.856475 9.755685
4.371148 7.015414
5.145279 5.125831
0.730060 5.032241
-0.379165 5.196282
-1.671055 4.816748
-1.526342 4.998223
-2.941894 7.316541
-1.230488 7.729174
-2.659585 7.694919
-4.703000 7.491182
-2.284399 7.821970
-1.154216 6.180885
-1.230759 6.597186
-2.353387 5.466843
-1.729002 4.841280
-0.518832 5.894904
1.963734 4.245421
2.263830 5.836100
0.712714 4.801409
0.982878 4.843345
-0.281382 4.631972
-0.828274 4.523509
-0.695828 7.936395
-1.940257 7.888094
-3.651685 8.175076
-0.722163 6.906210
-1.438793 5.848938
-0.803661 -2.089251
-0.924586 -7.176918
-2.719761 -8.912474
