-19.491541 8.905687
-16.915493 7.627929
-16.217548 9.897814
-15.195263 5.134462
-14.333986 5.445023
-15.747132 8.807479
-12.286670 11.060988
-7.422276 9.424752
-5.669421 8.450862
-7.167034 9.502971
-6.926274 8.494790
-6.670757 7.008725
-4.995988 8.510415
-5.860273 8.156260
-6.395224 8.165658
-4.482657 7.561063
-3.688257 7.507331
-2.681421 8.530275
-5.041365 6.555406
-6.682712 7.362826
-8.211734 9.578767
-12.920303 8.818316
-13.006917 8.111985
-15.969193 9.620155
-10.022949 9.360630
-10.959555 9.716622
-7.857750 7.215173
-7.806140 5.783838
-7.933391 5.252735
-13.068117 3.605736
-11.621494 3.491790
-14.086262 5.058267
-12.738890 3.090204
-7.540646 2.461857
-7.913546 5.077475
-4.561159 6.525859
-6.223238 7.943696
-6.446786 6.359049
-7.624234 8.204354
-5.554535 7.332848
-3.046214 8.059643
-5.552804 6.999824
-7.887959 7.652912
-10.330455 1.717454
-8.486925 2.607999
-9.031466 3.191521
-10.313873 1.571694
-10.957597 3.181268
-11.304445 1.902564
-13.214449 7.216508
-13.258390 5.706142
-6.758343 9.188695
-12.406494 9.009323
-10.351908 2.930139
-10.350739 0.568516
-12.318520 0.030508
-9.612725 1.232028
-10.376123 2.526422
-9.031033 2.533712
-6.835750 -1.165990
-9.058654 2.045776
-9.140491 0.618053
-7.720184 3.938406
-7.613004 5.411408
-7.535886 4.266877
-9.058537 0.057287
-10.611903 2.476239
-14.306625 1.670728
-13.939037 5.601522
-13.546902 10.532592
-9.983686 8.551459
-8.118690 8.711617
-5.734446 6.624894
-7.596357 8.905244
-9.749268 9.671508
-9.700957 9.559140
-8.773633 8.877194
-5.785643 8.883086
-4.899541 6.846078
-6.801137 7.485600
-5.558400 9.064952
-7.622244 8.001983
-7.538483 5.810467
-9.557212 2.478135
-7.739446 3.452538
-8.141847 3.268648
-7.782036 1.606373
-7.792060 -0.305482
-6.197149 1.192104
-7.012747 0.639988
-6.673721 0.546264
-4.362436 0.753438
-3.961577 -1.408181
-7.575093 2.721144
-1.658942 5.010002
-0.434978 1.770546
-1.102965 2.494261
-0.768273 2.188527
-2.473165 5.786825
-1.536921 6.800765
-4.018937 6.532385
-1.560917 6.809343
-2.579176 6.733104
-4.064006 7.723460
-6.446700 6.759598
-6.602170 10.289050
-9.610903 9.728764
-10.047196 8.808757
-7.487876 0.012579
-6.085318 1.213239
-4.258337 -0.207496
-7.914695 6.287531
-6.857640 9.562755
-7.852050 4.754838
-7.752522 5.409425
-10.055342 1.939556
-11.362018 2.623173
-10.258547 2.341709
-8.347842 2.671390
-7.611402 4.994128
-7.507095 2.871403
-8.359240 9.181563
-6.698085 7.717791
-3.949986 10.052916
-6.031508 9.240943
-11.007808 9.103685
-8.209741 8.778239
-6.617593 8.202991
-6.239731 7.559579
-7.930095 7.695541
-5.246216 6.637873
-7.811638 5.718256
-10.856929 9.719136
-13.586645 13.538572
-14.166835 6.570082
-7.638000 6.243359
-7.738808 6.775103
-7.253125 7.594382
-7.279848 7.944503
-10.129962 2.506084
-16.056963 3.545951
-16.628033 6.651104
-14.727634 6.368179
-8.300472 3.182874
-7.011787 6.608831
-7.470579 7.612289
-7.687771 6.109494
-8.243994 1.262758
-6.851329 0.140823
-7.769919 5.191511
-6.750857 0.857612
-4.774586 -0.638419
-6.576920 -1.074177
-8.330772 -0.707957
-10.518629 1.238700
-12.156001 1.922859
-8.122581 2.760308
-8.278214 2.036200
-9.024010 3.168755
-7.605762 0.385940
-8.236098 1.696312
-8.460092 1.323273
-13.860220 1.478574
-14.211231 3.132739
-13.318889 3.840998
-11.562572 -0.702235
-11.592988 2.251082
-12.284393 0.242225
-8.604165 0.692782
-7.585365 5.218360
-7.656184 5.830267
-4.547178 8.116446
-5.942331 6.385303
-3.777646 6.622015
-2.147546 4.158792
-0.973513 3.638463
-2.401238 3.882664
-2.417213 7.187430
-1.977025 6.576837
-7.814694 6.906370
-5.795579 7.444558
-7.306306 7.420445
-8.266272 9.136112
-8.875412 2.360865
-6.790005 7.835689
-5.691144 8.137073
-4.725111 7.654717
-6.137786 7.329798
-7.124623 8.067590
-13.627192 6.996790
-13.414497 11.786281
-12.170033 9.179523
-8.985086 8.994733
-5.932221 7.776464
-3.697439 6.650854
-8.813292 8.878011
-6.226932 7.842646
-6.413802 11.612262
-7.015709 11.825339
-9.204752 8.615584
-12.154861 10.903527
-9.331242 8.652869
-8.594151 10.631289
-8.739875 12.178777
-14.385313 6.963264
-16.770399 8.075663
-12.957424 6.251487
-13.753962 5.362071
-13.703657 6.409328
-15.584853 6.225415
-8.984404 12.156423
-8.247046 9.702772
-6.894071 6.688284
-7.278560 8.215726
-7.007481 9.117687
-6.576300 7.574185
-5.542115 6.516874
-6.511345 8.251675
-6.360181 8.976662
-5.487975 8.662508
-6.788596 7.739680
-6.690116 6.976191
-7.252386 8.200459
-7.183584 7.983834
-7.432400 8.573839
-8.972939 9.148240
-11.036766 8.957679
-9.954631 9.090834
-10.086826 8.954371
-10.001298 9.705201
-14.833028 9.828218
-11.825195 8.795284
-7.256479 6.952353
-10.694487 2.355053
-9.811392 3.333228
-7.734257 3.147255
-5.341622 -0.076607
-6.332399 0.494184
-5.638420 -0.808916
-8.589088 1.248366
-7.833430 3.005526
-15.061216 5.027790
-13.192968 6.047852
-11.646497 2.455720
-8.720051 1.774138
-7.657687 7.649418
-7.939275 6.757437
-7.818683 5.636188
-15.465846 -0.628335
-17.316551 4.455117
-11.323538 2.914542
-11.955803 3.098693
-11.969196 3.177418
-12.963587 0.017875
-13.113037 6.546771
-13.737687 5.731002
-12.258563 9.335135
-13.615479 12.200093
-11.942343 2.666224
-10.169209 0.205762
-11.121123 1.715589
-10.747110 3.209225
-10.283426 2.646438
-10.161409 1.872949
-10.650268 2.930805
-13.581280 2.241531
-13.061272 3.946981
-14.001695 7.366507
-11.500183 10.365375
-9.575406 9.515706
-12.615993 8.536395
-13.771635 10.865228
-11.580404 9.037461
-9.543602 9.764592
-13.356438 10.206842
-15.137891 7.459339
-15.666593 5.215102
-11.286412 0.499660
-11.671090 3.358881
-11.814212 2.946593
-8.921212 3.041204
-10.256660 1.802494
-11.042874 3.136740
-9.472255 9.595050
-5.862531 8.166521
-5.760460 7.642503
-2.033075 5.889756
-7.398514 6.436543
-11.925863 10.066298
-11.202509 8.958496
-17.262938 9.333257
-15.807653 5.995644
-13.250711 6.420499
-13.473823 6.700237
-13.853875 9.335817
-15.118847 8.273007
-11.660934 11.110476
-10.981791 9.458594
-12.149246 9.335517
-7.470278 10.098939
-7.804304 6.616662
-6.289813 7.388174
-5.808025 6.867004
-7.851105 6.268333
-7.513254 5.091499
-3.226384 0.772946
-4.206855 0.980453
-5.787521 -0.205682
-3.075427 -1.028376
-2.509377 0.648453
-3.277929 -0.746454
-4.048614 -1.181216
-1.945736 0.165422
-2.232978 -0.756300
-4.589571 1.298317
-1.507327 3.471266
-2.287964 3.543406
-6.855153 6.444107
-7.690803 7.126285
-7.444083 6.931221
-6.965476 9.249770
-9.401676 10.794053
-7.501654 4.818168
-6.324117 8.826324
-8.228795 9.164810
-6.446112 7.818497
-5.144168 6.432496
-4.885585 6.416110
-3.071080 6.410058
1.005221 4.209204
-0.656854 5.347643
0.294632 3.347894
-1.836541 5.019490
-0.634248 3.297139
0.137512 2.182395
-2.013942 3.611354
-1.342583 4.099331
-1.206655 4.146524
-2.432117 5.217456
-1.601070 2.724422
-2.286545 1.341910
-2.261214 1.781568
-2.909402 -0.606714
-2.686815 0.654385
-3.038321 1.305425
-1.123258 2.085752
-0.292495 1.863366
-2.150306 2.719577
-1.053332 2.074064
-2.326064 1.671050
-1.897233 4.423541
-1.742759 3.711319
-0.499388 1.034694
-3.027378 0.730452
-2.284012 1.459854
-2.206329 0.820231
-1.305438 1.059977
-0.114857 1.498342
-1.019640 2.087077
-7.972748 3.408575
-8.562927 3.465773
-12.993900 5.565744
-12.596276 2.950332
-15.105639 4.926687
-7.815795 4.152698
-5.459473 7.168960
-6.108214 7.028746
-5.805119 6.622262
-9.015972 2.668431
-7.870384 5.753467
-7.664032 6.479116
-5.480802 6.593732
-4.939418 8.163627
-4.013089 7.172674
-1.630598 5.756938
-2.102324 4.424326
-1.853476 7.004589
-4.652780 7.647757
-6.856864 6.896331
-4.091431 7.366167
-5.685472 7.942242
-6.941800 7.291800
-7.845224 9.305207
-5.499593 6.506165
-4.526103 7.184262
-5.355547 7.795258
-4.969729 6.595707
-5.810072 6.318715
-7.986650 1.844890
-7.817634 3.970515
-9.253499 3.318199
-9.970839 0.893969
-8.469540 2.393121
-7.931280 5.638546
-0.509480 3.201199
-1.026654 4.346260
-7.836748 4.088942
-7.734336 4.936920
-7.556598 4.400419
-7.774076 4.221526
-7.647638 2.716192
-10.754272 2.238918
-12.050477 1.663317
-9.055828 0.825976
-10.294719 2.007313
-9.153741 2.984091
-9.340733 2.773366
-11.837880 1.824047
-13.028951 3.592142
-14.191351 4.777224
-11.653114 -1.556479
-9.204382 3.266058
-6.860338 7.257385
-5.529284 9.174206
-7.843006 9.036795
-10.552443 8.903815
-11.783998 11.240436
-7.988160 11.553403
-7.617083 7.919190
-6.538228 7.173912
-4.245638 10.353505
-10.771269 9.777326
-9.908557 10.038368
-4.698669 7.561108
-5.020727 8.662509
-5.578606 8.059674
-6.296299 7.382461
-7.760958 7.373300
-7.731815 5.029889
-7.562882 -0.055330
-9.350635 1.368937
-7.806076 5.345015
-7.739732 5.860854
-7.902692 7.368920
-6.204029 7.959508
-7.591535 8.187908
-10.077400 8.533730
-13.365800 8.328038
-11.779027 3.227618
-13.269297 4.796798
-10.817285 2.940115
-7.597206 5.875851
-7.534175 7.052716
-4.253674 6.778711
-6.893502 6.905005
-6.961935 8.042722
-7.576675 6.211812
-5.937794 7.906696
-3.193559 7.829431
-5.212319 7.946896
-4.845455 7.969881
-3.923752 6.755468
-5.237826 7.528731
-5.672079 6.683112
-6.332832 7.936702
-7.320861 9.051534
-7.586378 6.063761
-7.837774 5.208258
-7.934720 5.828140
-7.013081 7.475501
-7.714853 6.690958
-7.819062 4.282346
-5.796867 7.304379
-4.674453 6.444214
-3.142286 8.631616
-3.539516 7.150066
-6.655180 6.665256
-4.574945 7.150651
-6.032929 7.745340
-7.474892 7.326546
-2.298931 3.128227
-7.656368 4.731464
-7.777489 3.262471
-7.600459 3.217668
-8.630551 3.320572
-7.142385 7.670459
-4.734838 7.676827
-6.416814 7.894916
-6.786667 7.473495
-11.788856 9.780580
-6.894857 6.924917
-7.578997 5.323806
-5.554018 0.951389
-2.131532 0.026312
-4.210684 0.346252
-6.643631 1.198112
-0.927825 0.175401
-0.960360 1.345396
-2.414581 2.069161
-1.970859 4.565040
0.001826 4.833487
-2.547890 7.259504
-4.986547 7.048442
-6.045835 7.988667
-6.774860 8.568817
-4.137859 7.816742
-4.754338 7.652680
-8.549947 8.705288
-9.446404 9.709589
-8.914676 1.481744
-11.229841 -2.797703
-16.636110 -4.139225
-12.107425 1.124977
-13.647100 2.148156
-10.224685 2.515196
-8.613524 2.582484
-7.794397 3.580771
-7.507857 5.817882
-7.893872 6.862068
-5.178104 6.746383
-5.460268 6.870368
-5.860395 7.674931
-5.234117 6.875489
-5.059838 6.523229
-2.996315 8.426171
-2.604866 7.622328
-1.752650 6.065935
-3.687821 9.778975
-4.357224 7.777726
-5.827646 0.660133
-5.760687 -0.686206
-7.130089 -2.009757
-9.580016 1.624006
-9.759261 3.361651
-9.888566 2.537023
-10.229229 3.300174
-9.104674 3.031071
-7.635489 3.533845
-7.564378 5.581386
-7.790975 8.017182
-7.523735 6.709465
-6.075762 6.588627
-6.676989 7.395509
-7.916082 8.089414
-7.516528 5.123462
-7.713840 5.796875
-6.856450 7.776112
-4.115760 7.120917
-6.328879 7.284331
-6.529256 6.888999
-2.965708 6.534687
-1.318969 6.117604
-1.632938 3.315130
-1.001184 1.263136
0.913002 1.356949
0.478475 1.614986
-2.099689 1.275514
-1.268322 2.040524
-2.477307 3.339982
-0.154996 2.404678
0.115349 1.689970
-2.007797 1.930007
-2.000221 0.502572
-1.546556 -0.184179
0.773552 0.859070
-0.735825 0.991667
-2.008052 -0.824799
-0.156949 -2.439178
