7.564040 -7.051574
3.862443 -6.651433
0.784717 -9.792153
1.693610 -10.094609
1.025376 -8.306466
2.450348 -9.937722
1.114619 -12.316633
3.724195 -13.754718
-3.212627 -11.359935
0.174331 -8.160914
-0.605728 -9.878415
-1.089607 -10.113765
1.679709 -8.721141
1.854103 -9.883094
0.258798 -9.333604
0.336324 -10.254246
3.264645 -6.444420
4.878444 -7.048039
5.339207 -5.552935
4.786798 -7.990695
5.203041 -6.936942
5.744418 -5.009826
3.929078 -7.058049
7.349640 -7.216160
8.539877 -9.095567
9.523582 -10.381197
13.755605 -15.073442
12.169558 -13.490691
8.621298 -9.006272
9.694427 -8.546297
11.038063 -7.876713
9.197733 -8.652856
10.938787 -12.232392
11.772202 -11.944177
9.244578 -12.804488
9.117244 -10.532424
9.239105 -7.848387
9.317856 -10.864064
10.104370 -12.006425
10.411606 -9.531096
8.358222 -10.884250
9.488490 -8.357554
6.804613 -7.236407
8.344320 -7.355560
7.397954 -6.792274
5.168041 -7.486390
2.047798 -9.850866
1.298865 -15.300837
5.411910 -16.184317
8.428458 -15.245300
8.594207 -12.115119
10.142920 -11.180860
5.756356 -7.171592
11.240436 -11.742425
8.310000 -11.674178
2.754661 -9.159123
1.565285 -9.779357
2.640980 -6.251317
5.170929 -6.775536
4.709867 -7.685933
1.849453 -7.142310
0.169133 -10.581409
1.197253 -9.204140
0.322148 -12.451495
3.534091 -15.117975
2.512270 -14.693786
1.743461 -10.874497
1.591404 -12.076488
-1.793002 -11.794841
1.344570 -13.921149
1.912266 -7.006938
2.421061 -7.436483
5.203277 -6.956674
9.477900 -7.378097
9.975138 -8.680321
10.406436 -14.135619
3.383498 -13.893838
-2.066994 -11.395266
2.137370 -9.089398
-0.066473 -9.410180
1.334672 -10.237755
1.768916 -10.739930
0.466741 -8.369372
5.466927 -5.451209
6.276928 -7.702126
7.115605 -6.885176
11.487068 -7.406631
9.753928 -7.661255
14.119267 -5.042804
