-3.489092 -1.634569
-0.908626 0.060197
0.916748 -1.294259
0.736078 -0.299903
0.286463 -0.943517
0.358210 -0.878617
0.508975 0.852897
-0.747172 -0.473285
0.586299 -0.312686
0.925523 -0.804701
1.571655 0.190858
1.786994 2.124376
1.758243 -0.232848
1.272069 0.702710
0.754235 2.148522
3.533424 2.091702
3.956132 1.382028
5.019012 1.567989
6.165454 2.039565
3.884669 2.233348
4.061833 2.345728
4.332567 2.531086
2.631487 1.736955
3.350316 1.125787
0.814848 1.155764
0.312108 0.785903
1.607976 0.168374
0.707926 0.108731
0.571929 -0.480635
0.716083 0.332318
0.756665 -0.704052
0.782103 1.538159
3.216942 1.095464
6.161375 1.390644
