-18.759882 19.381485
-8.280950 12.568887
-8.523062 9.900271
-6.102987 7.532602
-6.193209 6.321324
-4.459938 6.617188
-4.286177 6.805486
-4.841544 6.821351
-3.356026 6.406333
-2.170257 7.051570
-2.381006 6.230794
-2.385052 4.655697
-1.321229 4.876202
-2.358222 3.972370
-2.014300 3.533197
4.055612 0.417988
8.266750 -1.723100
4.130039 -2.057991
5.021921 -5.588006
2.850505 -4.644621
2.244244 -7.475946
3.712386 -4.506641
5.240032 -2.818630
6.030476 -6.380339
4.491341 -9.277505
7.899934 -9.352197
12.944816 -8.149398
11.203918 -8.107749
7.096272 -9.408937
11.813391 -8.487535
11.932817 -7.531053
13.021603 -2.742541
8.558948 -2.376483
8.954266 -0.590653
8.941978 -2.677496
8.771067 -2.270898
4.821705 -1.492753
8.983158 -0.257252
9.063634 -0.376868
8.559900 -0.043267
9.078773 0.258041
7.571473 1.087652
7.615616 -0.988047
8.289382 -1.476357
9.159737 -2.540285
10.388948 -2.442935
14.508908 -1.807662
14.486378 -5.181645
11.182198 -5.757488
11.134687 -9.751168
6.915943 -13.692885
6.761430 -9.311658
6.667832 -8.244254
7.725775 -8.528954
7.066177 -9.832743
5.452498 -8.829225
7.830184 -12.486602
10.589952 -9.201200
6.704296 -7.953668
5.368629 -8.372931
2.679004 -6.023512
4.921399 -4.780386
7.023697 -0.189514
8.146722 -0.778689
7.268788 0.652160
7.749998 3.424396
7.576205 3.742036
11.083630 4.661757
8.866138 4.733251
8.867449 5.453512
8.867023 5.503782
10.339256 3.929851
10.099693 -2.460541
8.480490 -1.084669
8.048097 0.626263
8.959785 0.748051
13.236713 -3.742350
13.546486 -1.899078
11.371742 -3.350577
14.479084 -3.486770
10.134624 -2.110316
10.182374 -2.184507
11.299317 -1.769457
13.438024 -1.777615
12.277784 -2.711611
11.989087 -1.907859
14.312986 -1.857120
10.150296 -1.648149
7.418092 -11.739775
9.517225 -11.221898
5.984362 -8.799113
9.012829 -8.467875
7.037978 -8.658473
9.060162 -9.797360
12.345490 -7.116645
11.183036 -7.782286
6.061582 -10.189458
4.187196 -10.743918
8.088355 -1.084250
7.396199 -2.549510
5.992284 -4.325772
5.728219 -5.901305
5.960007 -8.809068
6.226134 -7.952444
6.688688 -9.458220
8.764659 -10.656181
6.741929 -9.736188
6.930829 -10.106946
7.274387 -8.046980
8.464235 -7.976182
6.597730 -7.824293
9.608892 -8.759912
4.163867 -10.184781
5.694394 -7.938974
8.327212 -8.093520
8.582287 -14.044045
5.110238 -8.055741
4.987836 -2.592564
5.929235 -1.893529
6.706593 -0.231011
7.162002 2.067731
9.067507 2.865083
8.217386 0.236032
7.821950 0.627938
9.058952 -0.265774
8.089911 4.718611
9.485719 3.619460
11.201550 -2.686507
11.087656 -1.900640
12.030713 -4.368056
11.385778 -4.397959
12.496923 -7.239477
