-13.804706 14.250240
-11.036922 10.448140
-8.681481 7.852834
-6.245043 7.043144
-7.913861 6.920091
-5.707964 7.442224
-5.177177 6.319004
-5.228619 7.916331
-6.653718 7.360289
-3.103957 6.897313
1.375282 4.175381
-1.461947 5.740978
-1.026768 3.782231
-1.560369 4.268403
-2.678452 7.215938
-2.911305 7.140283
-4.854752 7.952601
-3.177283 6.352914
-3.843004 7.348661
-6.087893 6.591953
-5.918829 6.541268
-1.829089 6.619480
-1.845971 6.531095
-1.650302 5.772103
-2.081964 6.345527
-1.073286 3.063258
-2.089575 3.615344
-2.270767 3.085894
-0.493148 1.023038
-3.663001 0.244145
-1.973343 0.670337
