3.387878 -9.736761
0.244647 -3.833788
-0.125860 -1.297244
-2.314930 0.622644
-5.073805 0.272573
-8.552494 0.690125
-11.156109 4.547282
-11.083380 5.857096
-6.773365 7.274653
-4.851709 6.360038
-9.422534 6.991143
-5.470874 6.978682
-3.782937 7.233475
-1.997227 6.101113
-2.599769 6.497783
-3.785561 6.748212
-5.580082 6.327719
-7.104770 6.598058
-9.582625 6.141005
-9.346922 5.692953
-8.136762 6.172101
-5.793432 7.684325
-2.197926 6.732226
-2.476320 7.904610
-1.819056 6.524656
0.026185 4.839043
-1.601715 4.920186
-1.237470 4.413142
-1.761868 2.772698
-1.320966 2.524207
-1.499685 2.322550
-2.833826 0.178983
-3.612003 -0.974905
-5.015905 -1.114803
-5.192374 0.201465
-6.278178 1.202902
-7.830940 0.919000
-7.674601 3.972204
-8.878669 7.508873
-5.971670 8.931889
-6.601775 7.476663
-6.410878 6.557052
-4.888017 6.751449
-3.395918 8.067846
-1.798500 6.322670
-2.347415 4.927024
-0.111760 2.750980
1.240867 2.532938
-1.440338 4.166638
-2.065249 2.308187
-2.106922 -1.103724
-2.398105 3.761481
-0.411427 2.921916
-1.959356 2.563017
-2.116095 4.506199
-1.336480 2.980538
-1.181254 4.201821
-2.421639 4.424225
-1.313053 4.096820
-0.252238 2.558490
-0.955622 3.680536
-2.348327 3.696068
-0.175029 3.297431
-1.176766 3.479961
-1.396053 4.675183
-2.029377 1.252028
-5.156665 0.952436
-5.366650 0.696226
-2.297975 1.467591
-2.076347 1.677617
-2.430626 2.585502
-2.216505 1.422439
-6.041854 8.358634
-7.265810 8.023941
-4.708703 6.679379
-4.512399 6.764149
-5.589717 6.778134
-8.489414 6.479630
-8.465321 3.048872
-9.024262 4.405463
-7.487209 5.835823
-7.857511 6.586626
-8.662326 2.987446
-9.383107 -1.850665
-6.156770 0.264544
-5.176674 -0.555848
-4.854058 -0.040321
-6.447194 0.507419
-6.697056 1.229471
-7.948048 2.865144
-9.179212 4.468238
-9.559973 3.517433
-8.980661 3.922884
-9.835147 7.038852
-8.681238 7.057315
-8.958898 4.957944
-8.255913 3.781763
-9.142558 2.612255
-8.095177 2.887980
-8.873657 5.910575
-9.238884 6.666565
-10.320757 3.040067
-8.191590 5.375807
-10.987306 5.903187
-7.869379 5.414934
-6.936350 6.349089
-7.512725 7.950155
-7.569755 3.888005
-7.668592 3.052544
-8.664641 4.102315
-7.227293 7.905710
-7.680108 5.428239
-8.009443 6.030322
-6.926990 7.212188
-6.497841 8.043056
-5.981931 6.429302
-5.576673 6.375077
-3.745975 6.947703
-5.484982 6.966184
-5.644420 7.335980
-7.753547 8.213140
-9.006326 3.891582
-7.641174 4.191013
-7.660959 5.135933
-8.732869 6.001135
-10.863124 8.562959
-7.417968 15.614397
