9.434022 16.109978
11.066910 11.360611
12.412975 11.449325
13.254854 7.702497
14.574821 5.134257
10.522939 4.941642
8.281495 3.761924
10.527718 4.066790
11.116665 3.803802
14.844311 6.865475
11.545113 6.072631
12.866844 6.766320
11.984516 6.864098
12.708056 7.134649
12.423471 9.792664
11.962643 6.209413
11.487318 5.451704
8.457177 4.973943
10.975605 5.536726
8.992876 4.968790
9.808035 4.823144
9.690467 4.588459
7.988805 2.662186
6.740664 3.181385
8.303696 -0.134685
7.059476 -1.315877
6.080667 -2.925992
6.181863 -0.716371
6.452572 -2.602067
6.786373 -0.829189
8.766632 -1.700002
6.030434 -2.756254
9.378068 -1.701035
7.735006 -1.528646
6.501267 -0.043277
8.820251 -0.659788
7.754967 0.172699
6.841202 1.370702
7.230234 2.314906
8.975958 -0.932119
8.300139 -2.778334
8.917765 -2.549142
6.727009 -0.880136
8.933783 -1.017615
8.659773 0.684428
7.715112 3.024845
7.620669 0.949054
8.273689 -1.107048
7.715372 -1.403387
8.498382 -1.759645
10.647373 -2.088698
9.202084 -1.807148
10.069403 -2.575668
9.748145 -2.140119
7.163306 -0.901368
7.646597 2.191698
8.148907 0.517828
7.947317 3.104976
7.782207 2.217607
8.246244 2.974193
10.741153 4.764566
13.421618 3.474833
11.276549 4.788922
11.806576 4.040087
13.659122 4.755984
12.232381 3.674026
12.332611 4.685121
11.468601 4.362876
10.800757 5.466615
7.137038 3.286061
9.424051 4.640767
8.626013 3.551497
8.979723 5.559249
9.022146 5.230198
9.286016 4.135823
10.043098 5.572907
7.870694 0.963907
8.551132 -0.615534
8.260603 1.080613
6.430585 1.888164
9.696425 4.085565
8.957918 5.535457
7.522145 3.657813
7.777196 4.058661
9.095451 1.399650
8.854288 1.692338
6.304800 -0.138266
4.984087 -1.909115
5.202559 -1.362957
10.723811 -2.369200
12.719212 -3.070666
12.969900 -3.920235
12.574490 -2.167296
7.633719 -2.051331
8.454027 2.096433
7.972854 1.547662
8.775505 -1.191931
9.365397 -2.476938
8.117876 1.666199
8.282261 0.719682
8.152237 0.939150
8.973437 -1.166612
9.042659 -2.306828
8.815172 0.254381
10.260212 -2.097391
5.916119 -5.603484
4.902112 -8.063790
12.759993 -5.731244
13.597279 -5.123351
12.246657 -3.687311
5.008148 -11.111943
6.115562 -10.986071
5.815095 -8.032933
6.099778 -8.036763
4.712058 -2.602881
5.715732 -3.859894
5.500775 -0.741526
8.405605 2.312309
8.366138 3.714119
9.945963 3.649415
9.966061 3.764755
11.308357 3.873609
9.064621 3.858949
7.031847 2.805902
7.949247 1.445594
8.949011 2.071437
7.195124 2.487585
8.144136 0.944402
9.101864 -1.049613
8.176921 0.907367
8.319233 4.799012
7.946182 0.988053
6.265878 -0.915234
9.300392 -1.700503
8.115614 -1.636021
10.007092 -2.758141
15.749122 -1.511042
12.821924 -7.324580
12.012932 -6.734633
12.082151 -8.931895
12.943811 -11.393571
13.083977 -9.242698
15.135912 -5.701633
17.595850 -0.317382
15.553268 4.206085
11.923320 3.988561
9.615919 4.115749
6.998228 1.548957
9.155574 3.479951
5.595324 3.863445
9.101611 2.928662
8.839638 -1.198559
6.986525 2.918443
6.953578 1.744678
8.706979 -0.485469
8.110327 1.409618
8.780238 1.436014
8.386510 0.894032
7.426297 -0.932947
8.566403 -0.097068
7.224651 3.290663
11.247778 3.954809
12.631908 3.722361
10.240649 3.596537
10.547479 3.875096
11.577721 4.315007
11.194920 4.727570
9.668528 4.371023
11.113619 3.446966
11.810967 4.815040
14.304497 3.618454
10.248325 3.763101
11.003765 4.416852
12.020349 3.434180
9.717621 3.486121
10.902753 4.438208
13.905347 5.111762
16.545189 7.043458
14.773909 10.198375
11.883402 5.960853
11.443345 4.600193
7.845312 5.078269
9.039103 2.405961
8.885623 1.491050
8.579191 4.354506
8.822653 1.229964
8.209856 4.867671
13.134974 5.414430
10.680851 4.942535
10.599775 4.442526
11.783591 4.503156
9.057518 5.241304
9.927429 4.183924
11.997047 3.575126
11.100666 4.195151
10.389811 4.500964
8.711478 5.649376
6.240607 4.264147
4.300948 5.701273
6.489822 6.564390
5.814154 6.445796
5.639908 1.362293
8.655347 3.424191
8.867308 4.830444
10.967686 5.519674
5.506505 4.922675
4.530887 6.526617
7.144668 12.299257
9.530945 11.976955
6.429002 12.792352
4.497327 8.091160
4.382733 5.659083
7.928084 4.599357
10.141619 5.376073
8.622513 4.601155
9.183639 4.383393
7.897392 3.869641
7.225421 2.327782
9.898720 3.870532
11.024925 4.420585
11.662580 4.353730
12.869015 4.412084
10.554809 4.647580
10.936103 4.441755
13.464365 5.670141
14.788443 1.994323
15.207705 -1.391530
14.689083 -1.492494
15.915398 1.557117
15.340786 -5.484100
14.958148 1.535015
15.174898 -2.518393
17.516964 -3.588867
14.990117 -0.533967
14.314494 3.915739
13.466972 5.611158
11.020849 5.389929
10.080031 3.765477
14.373627 4.259864
14.870086 2.840132
16.455702 0.924914
13.547667 -2.932899
15.395147 -1.153876
14.183246 -1.298273
17.304193 0.819463
15.617384 0.273587
11.709368 4.519471
14.745802 2.731768
11.546749 4.810889
10.541748 4.165363
7.971981 -1.857407
7.005144 0.647853
8.636147 0.942037
12.320538 4.626502
12.895458 6.087993
12.525135 5.519100
13.574845 3.898480
14.335309 3.675234
14.426879 2.529741
11.020348 -2.366779
7.996844 0.264780
13.030794 -4.439740
11.414223 -5.385252
9.444611 -2.559624
8.662530 -0.176259
10.506596 3.904002
14.126452 4.939677
15.662705 1.133208
9.761502 -2.531856
10.192060 -2.661969
11.036139 4.160769
19.270647 -0.161907
11.243326 3.547086
8.602268 2.213370
10.108074 3.497979
13.854105 6.333218
14.477447 4.413102
10.718136 -1.953362
15.889532 1.986126
16.257771 1.685121
13.386681 -2.744378
12.936609 -1.644236
6.400932 -2.135260
11.148938 -2.660250
12.225423 -1.913769
7.428802 -2.567887
7.370032 -0.139657
15.643285 5.587417
11.194744 3.645772
12.943222 3.675432
7.598209 -0.214511
10.896193 3.489936
10.421705 3.563104
11.482319 4.192762
8.307260 3.543269
7.415080 2.161254
8.198991 -0.250735
8.556676 3.088952
11.792311 -3.933560
11.977789 -5.021735
14.976372 0.589922
14.552286 4.302315
16.015299 -2.016464
11.898793 -2.257643
10.167525 -2.218095
5.924317 1.520946
8.601397 1.840286
6.015761 0.003842
13.321125 4.220020
13.961132 4.509240
7.063508 4.006895
5.781836 1.702477
8.242960 2.757534
9.832865 4.318413
10.417820 4.198560
8.070545 1.191364
6.338994 0.583704
6.315938 -0.163511
7.879702 -1.093897
9.021727 -2.794149
8.478511 0.710117
8.495469 0.960826
7.065043 0.861587
8.314684 0.635310
14.168728 -5.974065
12.119493 -7.026857
7.797494 0.036959
8.331846 1.023329
6.575278 0.167675
8.556742 0.292277
9.789471 -2.741362
9.796463 -8.282168
8.309843 -9.141234
13.647280 -8.791460
11.178263 -6.874355
12.852785 -5.240393
3.563177 -7.758410
3.836681 -6.477554
4.879400 -5.300649
7.639346 -1.529430
5.253966 0.006537
4.751906 0.444979
7.622802 3.236006
11.543306 3.489804
13.288337 6.196095
12.034032 4.796172
12.291854 5.006778
16.270073 1.516701
13.153615 5.826213
10.584993 3.651680
12.555080 4.194365
11.097166 5.457642
7.382111 1.836662
8.890224 0.450197
8.760055 2.307709
7.940160 1.292117
8.025484 2.702895
10.296016 4.296742
7.846906 2.604100
8.593193 0.548364
7.875987 5.107939
10.708787 3.855821
8.166185 4.050808
7.580401 5.216187
9.759819 3.968091
9.704285 4.644814
8.346619 2.765214
8.550303 4.669720
7.711509 -2.614375
11.699275 -2.036661
12.051081 -2.272293
11.938953 -3.567197
10.977016 -2.151600
9.808857 4.181437
11.157567 4.299707
8.568577 2.862763
6.740551 3.306385
11.229548 -1.883792
8.447169 -0.591793
5.773680 -7.753615
4.161249 -3.869866
4.679075 -8.890203
6.085603 -8.264389
11.970564 -8.286511
8.290757 -10.492078
8.916207 -9.986506
8.832866 -8.565553
8.594022 -7.906842
10.366004 -2.497789
7.336629 -0.507248
8.266459 0.782423
8.334919 1.710735
8.449001 2.491027
9.257237 3.692485
13.251783 5.256667
14.491788 2.885139
15.094244 1.566515
18.360090 0.512302
14.129469 0.337354
15.728723 -3.694802
13.056134 -1.623952
11.263587 -2.220531
11.543749 -4.867079
11.913008 -10.455099
8.100464 -8.057151
4.630518 -7.943322
6.268240 -10.137959
7.903005 -8.916570
5.428836 -7.883143
5.030972 -7.671936
2.992367 -8.942122
0.479270 -8.441538
1.363702 -6.795114
0.869526 -5.215192
2.580767 -5.812004
3.903366 -8.828885
5.280159 -6.089419
5.506413 -3.985590
5.854750 -3.336545
3.836483 -2.622427
8.144881 -2.628541
10.331440 -2.714710
8.117682 -0.824103
7.706504 -1.726370
9.597404 -1.925613
10.709311 -2.431079
7.709157 -2.563669
8.970557 0.854297
8.938917 0.180204
6.124228 2.685079
9.195580 4.766225
11.225178 3.799302
6.465423 3.201204
8.232988 0.819564
8.715108 -0.415191
8.565340 -2.668279
10.107141 -2.743759
15.996897 -2.420029
16.072313 0.928648
15.549134 1.757095
14.178730 2.716874
10.048384 4.563797
8.651196 3.295398
9.079428 2.968941
8.957161 2.106884
8.348299 4.856565
9.425627 3.436624
12.563208 3.733319
13.807371 3.478312
13.982782 4.631903
13.157246 3.728631
10.209723 3.546459
11.080870 5.221148
12.782738 3.885097
15.295693 3.829805
16.803589 3.758187
15.127864 2.288631
14.749397 2.488529
14.506466 5.505382
15.504826 5.568534
14.384338 -1.412409
15.889763 -2.119829
13.607107 -1.842334
11.602546 -2.663823
11.982939 -4.321497
12.560073 -6.833194
9.869760 -12.174178
9.112786 -8.558350
10.546885 -7.834444
7.495621 -8.576128
11.022181 -11.079869
11.293080 -11.554156
4.061101 -9.795497
3.704865 -2.810078
7.421810 -2.061599
7.909430 -0.454086
8.844376 1.148426
8.100208 -0.545402
7.115664 0.144265
8.836680 2.438682
8.958220 2.951830
8.095553 2.125862
7.624862 0.918994
9.044107 3.423657
7.914449 1.275153
8.894029 1.035241
6.819704 1.509296
8.355600 2.623894
9.933308 5.208646
11.425833 4.356486
11.127655 3.891326
10.727402 5.613687
6.718855 0.817799
8.847672 2.329118
7.429149 1.310866
8.171217 0.624792
8.125405 -2.185807
7.290524 -2.791535
4.870662 -2.281977
6.293691 -1.070517
10.464594 -8.058887
0.906727 -8.096276
4.942717 -6.517955
5.751840 -7.373038
5.912818 -2.952175
10.071465 -8.557137
4.177645 -9.381045
9.511741 -2.798985
8.667477 -0.220940
10.262035 -2.638838
11.386503 -2.826792
14.911351 -2.302189
14.663746 0.236333
14.087450 -7.760282
13.876772 -4.462614
12.760199 -3.112345
13.269910 -3.142978
9.760468 -2.033537
6.655230 -1.507342
8.697284 -1.183959
8.493156 -0.899196
8.604958 0.822799
7.797682 0.914552
7.191626 2.800293
10.952194 4.762543
10.336877 4.241971
11.961468 4.493996
11.617208 3.715039
11.410081 4.480354
9.919648 5.564010
9.378975 5.118765
9.801973 5.282771
7.859192 1.674333
8.931391 0.155416
5.196849 -1.947700
6.215907 0.988126
6.123821 -3.325845
6.151011 -1.265271
6.467398 -1.135786
4.002758 -5.294868
6.440105 -10.015868
6.931573 -8.568980
4.110330 -7.519882
2.856595 -9.401062
8.838966 -8.051902
8.700677 -8.122752
6.917632 -8.219483
7.337962 -10.098463
6.146146 -10.105181
5.317155 -5.705156
5.117045 -7.232176
6.885759 -10.387968
4.370860 -8.701348
7.310628 -8.738455
7.419755 -9.028047
