13.386716 7.171600
13.294134 8.167431
11.733608 5.780117
7.865911 2.934937
6.272330 5.642620
3.571105 7.675756
5.984636 7.745629
4.557807 9.392404
4.679909 7.088849
4.752070 5.131442
5.954318 2.650629
8.086719 5.308338
9.205123 4.896683
7.062576 3.861511
6.320865 4.434708
6.148771 9.254024
4.683934 8.244005
5.958560 3.842088
6.238510 3.250896
5.499615 3.013381
7.376317 5.540946
5.383652 4.262313
5.545315 8.432598
5.771579 8.268040
6.629003 4.765141
6.799430 5.137568
9.316677 18.751553
6.901127 13.420679
7.852606 13.379783
9.042593 13.335559
8.312314 12.078300
9.836333 11.207583
8.337471 10.739829
8.913072 11.037478
7.544841 4.359234
6.952289 4.177726
8.621661 5.151999
9.401300 5.587191
9.637829 4.247649
5.567878 5.977207
7.232296 4.496453
8.916149 5.040904
8.080321 4.406369
9.841820 5.335844
7.829068 3.820234
5.351525 2.860146
3.819277 10.003867
6.157638 11.497766
11.602312 11.243905
10.897722 11.543843
6.712777 10.674778
7.206484 4.035709
8.526044 5.461001
6.987103 5.489142
6.490316 4.552494
8.561968 5.290518
10.006893 5.118694
7.607952 4.673571
11.770823 9.506680
11.919156 7.686296
12.224428 3.780831
9.932252 4.599126
9.704062 3.607484
10.252485 4.048373
10.806959 4.188113
13.731672 9.492528
11.588464 7.933310
11.546154 8.049362
12.258663 12.392932
9.461710 10.944392
16.047016 10.596991
11.748295 7.484478
11.852613 7.301589
12.303814 8.049754
12.351479 6.132263
15.279817 7.844035
12.663090 6.839194
9.676392 4.249642
11.066068 3.560463
10.300055 5.213002
7.386549 3.066262
7.724854 2.076740
8.429802 1.643060
8.942089 2.949893
9.762482 3.464550
10.036103 4.997148
11.772879 5.092917
11.595873 4.672903
8.967085 1.909792
8.726469 2.520681
7.649759 3.961294
9.182678 4.628907
12.195832 3.679212
10.445345 5.487557
5.254848 1.295572
8.418262 4.083679
12.915846 3.822570
11.691875 4.539505
11.436075 4.766664
12.089899 3.683313
15.078197 3.606043
14.934548 1.496314
14.296907 0.464943
6.905148 -1.644729
12.050892 -3.051632
9.032579 -1.333203
6.642070 -0.082452
8.290699 0.094816
7.808535 1.602441
5.465903 2.853155
8.828617 1.820741
8.830216 2.129529
7.990055 1.409373
7.862702 -0.217249
7.919541 -0.082144
8.939396 2.434986
3.871062 0.138503
7.860611 2.054351
9.395184 4.056394
11.632290 4.363362
15.236825 1.166780
15.049896 0.395298
16.588234 0.439075
13.991451 -1.689613
14.054199 -2.952697
14.547834 1.537365
15.691114 -0.453624
13.433249 3.493916
15.006307 -2.774867
8.775934 -1.628856
8.968500 0.959748
11.612128 4.454761
9.026142 1.249822
9.030750 1.587905
11.009049 3.468719
8.742693 2.648562
9.093784 -0.018056
14.450814 0.387409
9.078697 2.730761
8.395334 2.420726
11.689732 4.379333
11.521023 5.109906
10.307753 4.157980
9.463954 3.984401
9.553066 3.526913
11.005800 4.456123
11.241264 3.880421
11.750292 3.674858
11.666284 7.854674
12.293256 5.555329
8.287637 3.501936
7.997143 2.065277
8.433636 4.113002
10.891718 4.774456
7.866938 5.356724
7.632264 2.185496
8.969664 0.815024
7.372664 1.387311
9.767794 4.293620
8.685925 5.324658
8.393953 5.638399
9.401978 3.420274
7.787496 5.195389
8.360182 1.705707
7.859856 1.784041
6.718908 1.359966
7.842612 4.473812
8.267220 3.612514
6.001434 4.826112
5.599195 5.452918
6.094399 11.381448
6.864913 12.372588
8.469822 11.549337
8.600231 10.873210
6.191971 9.893448
6.559917 3.515916
7.778055 4.824525
9.610047 5.388547
10.155748 3.842707
8.050796 4.262182
8.474451 2.874442
8.978015 5.141567
5.805178 4.685417
5.463881 5.494196
5.982126 5.789981
4.567988 2.986509
6.171655 3.898424
5.142280 3.635056
10.541154 5.068657
9.807672 5.165387
6.150208 5.604080
6.378414 6.604721
5.784193 7.418056
5.805430 8.180924
6.289358 6.780992
6.109157 7.962498
5.347826 2.891860
10.139112 5.150202
13.639729 5.777639
13.073069 7.042321
10.615252 3.603670
10.425156 5.649729
9.409847 5.069975
8.857895 4.136328
9.204975 4.124391
9.861299 4.922425
9.095880 4.175573
8.729412 -1.113463
4.908832 -1.011165
8.337951 -1.029025
8.577125 -2.598035
10.075680 -2.298656
10.486273 -2.789928
9.077566 -2.563599
4.912313 -2.162404
8.087234 -0.650553
8.396824 0.301953
7.004983 -0.346579
8.680027 -0.999050
6.312411 -1.358964
9.806954 -2.424071
4.818532 -2.368423
4.279010 -3.451427
3.549649 -5.713028
6.019528 -4.370441
8.296166 -8.211139
9.939730 -8.026543
12.433072 -4.275751
10.378428 -8.319558
8.455715 -8.440989
7.051779 -8.704473
7.344754 -9.222543
8.879849 -8.218972
7.920701 -2.056608
8.766947 -1.475390
6.435651 -1.880183
5.707941 -1.941139
5.723978 -4.702648
2.885738 -8.321214
7.125084 -9.049386
7.922353 -8.038068
7.666126 -8.033505
8.168854 -11.674754
9.961320 -9.781295
5.733473 -6.165845
5.688961 -6.456693
4.929665 -4.160514
4.399739 -0.420309
5.871728 -0.468606
7.273313 -2.747784
10.005507 -2.089462
7.513573 -1.266105
8.403430 -2.380018
10.436169 -2.269157
12.288656 -5.710728
14.140635 -3.937447
8.482384 -10.542022
10.830953 -9.874817
7.812735 -8.635021
9.245476 -10.877007
8.639995 -8.243901
12.056584 -9.575532
12.107551 -12.955983
11.560493 -4.706846
13.788544 -5.926574
11.829955 -4.684988
13.151498 -13.884210
7.458399 -11.557231
7.353616 -9.253741
5.901869 -9.781791
9.103109 -9.827732
7.860907 -11.909797
5.277400 -5.983458
4.262503 -4.354492
5.688548 -3.357431
6.135810 -3.730722
3.703054 -3.239217
4.867804 -3.155244
7.226928 -2.750036
6.887693 -2.209627
7.521991 -2.697158
9.106970 -1.875514
8.355967 -1.822107
9.637489 -2.020676
8.443301 -2.694029
9.032108 -0.987019
8.708011 -0.299005
5.589882 -2.098003
5.130888 -7.839743
7.315897 -9.561795
4.087959 -7.642903
5.594313 -7.306236
6.353358 -10.186856
6.419002 -8.046977
5.688163 -9.151600
4.929367 -2.352402
7.438172 -1.114038
5.378366 -3.009684
5.994986 -1.359250
8.687808 -0.815589
8.808250 -1.075109
7.529444 -2.509069
8.744160 -1.694943
8.693590 -2.183367
6.333639 -0.926629
6.867068 -2.808301
7.133868 -2.681728
4.271417 -2.263083
4.706568 -3.756849
4.359231 -3.826869
5.775359 -4.755553
5.790966 -5.742857
5.141583 -7.382473
6.067855 -9.301607
3.922460 -6.420260
3.440696 -7.729144
6.436431 -9.136048
7.247814 -8.886264
3.383618 -12.025042
