14.739666 5.424105
11.647896 4.817514
11.785128 5.180943
16.403030 6.340521
11.281605 3.672348
10.694470 4.290933
11.254099 4.797246
11.786921 3.952597
10.476034 4.078292
13.145817 6.625803
15.255995 2.446016
12.879330 6.584457
15.459563 2.669483
17.066078 1.056284
14.919666 1.609734
17.814096 0.962949
14.237133 4.966017
12.026311 8.260085
5.836913 4.441026
4.856698 6.140358
7.506588 4.129847
9.328969 4.793839
7.810003 4.611979
4.216918 4.259335
9.857785 4.310025
9.957380 3.420523
10.359919 3.777449
8.289984 2.038249
9.119581 4.740040
9.513339 4.030138
8.909413 3.135863
8.662798 0.760865
9.229869 4.677248
11.555807 4.941661
14.576118 10.329511
11.612844 6.066599
11.902129 5.649430
9.443619 4.278890
10.998385 5.072404
10.127201 4.976987
8.911425 5.180217
7.282743 2.047935
8.121373 0.710533
8.932269 3.041183
9.550995 4.423548
8.663694 3.525177
7.239493 1.380497
9.029681 1.279809
6.850948 -0.820712
10.189743 -2.632853
6.950518 -2.416121
3.345115 -3.915494
6.154953 -8.303896
8.186108 -9.586034
7.788088 -8.660540
6.455659 -7.999781
4.231251 -8.257991
6.024925 -7.722779
5.794435 -5.685584
4.033882 -5.586200
6.087694 -7.890120
7.773221 -8.290236
9.906447 -8.644919
9.885804 -8.988489
7.141755 -9.861584
4.591828 -7.747655
4.781525 -4.964992
4.767423 -4.355544
6.087815 -5.979355
1.832541 -6.974495
7.028302 -9.766362
10.178164 -8.146881
7.660123 -9.349849
6.186903 -7.818963
7.126448 -8.721843
5.077397 -7.251319
6.979486 -8.458428
7.022778 -8.437349
3.914371 -6.863451
4.590877 -5.444904
4.694968 -4.867858
6.085261 -5.579155
5.755734 -6.010375
3.330977 -4.872856
4.082175 -1.754739
9.522909 -2.663799
9.065254 -2.173232
8.755090 -2.564252
6.876485 -1.135055
4.594620 -6.031126
4.605727 -7.242435
3.951862 -8.197440
4.383708 -10.107955
7.002741 -13.861043
7.009954 -9.110658
7.463277 -9.069214
9.424110 -8.828732
10.079536 -11.516185
14.216218 -8.683631
11.678245 -4.688160
9.070580 1.228342
12.630167 3.631563
9.401396 5.169199
8.867439 5.377700
8.590947 2.174365
7.687324 3.498486
8.751296 0.995013
8.935672 -1.483924
3.442771 -3.367110
4.438092 -7.497989
5.906981 -6.825873
4.988414 -10.913452
6.422362 -8.099160
3.367663 -5.692477
3.722235 -6.108752
4.446486 -2.684602
5.394822 -3.314434
4.957013 -3.291860
5.564477 -6.809135
5.704787 -8.164227
7.816579 -10.291406
8.187832 -9.638717
10.314834 -8.900871
11.217608 -13.885022
11.171768 -5.709222
11.675356 -5.297259
12.911385 -6.126384
10.014131 -9.106911
7.144002 -8.646370
7.230537 -9.960143
5.828478 -7.533930
5.185627 -3.914645
4.514983 -0.188715
8.282404 -0.997029
6.772713 -2.566852
8.355865 -1.353225
8.733603 -1.573214
7.742108 -1.636364
5.850975 -1.918559
5.833221 -3.884569
5.523636 -4.588258
4.502692 -4.417866
3.380995 -4.232934
3.240440 -8.798166
6.446593 -10.462008
8.274787 -8.631072
8.375033 -10.947517
13.558511 -5.193021
8.464848 -11.697341
8.189125 -8.179552
3.821749 -9.078711
3.764189 -7.972978
13.506806 -4.583942
13.211689 -7.367185
11.308931 -7.109028
11.465816 -6.808857
12.323044 -5.759243
11.829922 -7.822610
9.595982 -8.213903
7.213531 -8.238035
6.451112 -8.251952
7.714123 -2.516677
10.242258 -1.590262
10.073824 -9.092412
7.525589 -9.598678
7.391411 -1.345225
8.061387 -1.121055
7.850053 -0.331785
3.376498 -5.136768
3.575958 -8.293251
11.512348 -3.585834
11.748755 -3.959620
11.937040 -8.877993
4.914195 -8.071631
5.891243 -5.046429
5.610713 -5.546433
5.794812 -5.701359
4.875630 -4.656387
3.529850 -5.809956
2.308648 -5.016485
3.895101 -5.457687
6.119010 -1.812835
9.892260 -2.192607
10.496723 -2.613771
8.891681 -2.000975
8.973000 -0.604361
5.634749 0.565713
6.575994 -1.461773
6.682273 -1.075568
7.369383 -1.351995
4.124461 -5.203911
5.924348 -6.578380
4.205727 -10.449468
4.553103 -7.068915
6.261502 -9.464520
9.396829 -8.908651
10.302124 -7.979444
10.650686 -10.733905
8.183736 -14.912039
