2.933610 8.103680
7.456604 5.126617
10.005120 1.769411
6.515973 2.901776
9.045501 1.696717
9.760731 2.135971
6.826165 1.841236
6.932297 2.952568
6.385609 1.648431
6.298567 2.618614
6.398002 1.197157
5.351191 1.168634
8.228991 1.299917
5.436312 1.539691
3.912112 1.126183
2.255677 2.493972
5.355852 1.863126
4.621169 1.481785
9.418621 2.685597
11.744390 2.918051
9.961908 6.456934
6.895967 0.432940
6.823832 -2.276517
7.136648 0.783276
8.005743 1.489248
5.557039 1.858350
5.390173 1.254360
5.630724 2.259742
4.663366 1.232840
1.644808 1.312693
2.987399 1.848296
1.417925 0.388187
1.113713 -2.792939
1.619127 -1.898811
-0.676795 -4.795634
3.033690 -4.080562
5.654494 -4.078530
4.108890 -4.462481
4.120326 -4.095608
1.977780 -6.094628
2.833481 -6.634007
3.737955 -6.312261
3.744380 -4.856698
4.543974 -4.910317
3.557057 -5.495996
4.167659 -7.914165
7.596191 -9.549251
8.596668 -8.247157
7.410213 -10.199964
7.021386 -11.365270
8.020025 -10.465205
4.658592 -9.609038
5.086522 -8.850575
7.766765 -8.686006
5.003052 -8.992629
7.297743 -8.288148
6.048924 -10.357114
6.329762 -9.208955
5.497234 -6.141894
2.441091 -5.521841
1.154498 -3.836585
1.129259 -1.888959
1.448253 -1.825853
0.872906 -2.150060
1.705971 -1.573196
1.389099 -3.304266
1.447064 -6.169852
5.523856 -5.261503
5.629907 -8.200881
8.152796 -10.002866
7.155767 -8.752565
7.931188 -10.157886
8.040139 -12.999724
13.783087 -12.853480
16.576296 -11.198791
16.886103 -11.353936
16.639767 -6.693536
12.318111 -6.795922
11.650733 -12.911405
9.002090 -14.341161
10.641530 -14.183984
11.598910 -5.454889
9.310257 -8.280661
8.936381 -8.371617
7.175686 -9.822466
6.098115 -8.343181
6.118227 -7.863733
4.731193 -4.707232
-0.007327 2.385064
0.805508 1.850531
2.780746 1.366154
7.119819 2.043098
7.068286 1.466523
7.201439 0.524445
6.695797 3.130357
9.109165 2.395490
7.537204 1.682710
8.066772 1.456799
8.299768 2.129776
5.957219 1.650497
6.759419 1.189559
8.376024 1.940346
6.636307 1.560740
3.769820 2.215719
4.304646 1.433819
4.093912 2.021601
4.727255 1.271468
3.500939 1.477099
3.856721 1.660710
1.699570 1.426023
6.881191 -0.695898
7.164947 0.960994
6.658689 3.808508
6.581983 3.580927
9.237472 3.390570
11.301989 2.499325
7.909705 3.097137
9.223954 1.778245
9.795204 3.119530
6.984687 5.195086
10.322885 2.056788
13.504730 -1.208489
13.260290 -0.090323
14.061267 -0.038872
10.355358 5.712734
10.054914 4.707284
8.467824 2.118131
11.222673 3.638748
12.626337 5.059927
12.579569 -0.182745
13.970792 1.039402
11.452091 1.595542
6.231336 2.137225
7.296067 1.671816
6.871161 -1.252234
7.136034 -0.250604
6.970119 0.198300
7.725311 1.712128
7.950065 1.998670
11.941521 1.979686
12.642336 1.650346
13.117223 2.652947
13.116243 5.751523
10.183399 5.020491
8.399675 3.416971
8.597158 3.136957
8.749073 2.711315
6.770094 2.200718
8.205838 1.674234
10.072330 1.448825
13.516416 3.283659
7.762183 3.828198
9.415788 4.631618
9.975192 2.786610
7.569233 1.838421
7.040894 0.780761
1.280074 -0.288828
0.779110 -0.953578
6.045441 1.559412
4.285007 -3.944339
2.222303 -5.402970
2.264009 -5.537173
4.923718 -5.227637
5.242741 -5.445864
4.209877 -6.388202
4.397404 -6.177657
3.730710 -6.001460
3.595305 -4.109999
5.032043 -5.831209
6.556683 -8.278226
8.618754 -10.079168
11.264194 -7.509055
11.658257 -14.599475
7.246629 -12.880993
6.799996 -10.276944
7.936176 -9.190804
4.498244 -7.376886
6.077417 -5.805873
4.293658 -7.247451
4.501936 -5.055764
5.649826 -7.735552
8.125294 -8.285036
5.900740 -8.454723
5.294518 -4.384742
7.378890 -2.800600
7.266702 -2.746579
7.421543 -1.708828
8.331515 3.785356
7.110886 3.027658
7.053481 1.614705
7.065000 0.182900
5.911551 2.382520
6.751749 1.571156
4.377825 1.354257
1.229351 -0.445460
1.786250 -1.721798
1.858166 -6.093225
-0.076996 -7.114978
1.067878 -6.601160
1.842437 -5.060205
3.650061 -5.174767
4.772630 -5.572587
4.276875 -5.071992
4.335356 -4.202942
1.670268 -6.728201
1.612791 -2.705343
1.204683 -3.961071
4.770391 -6.619742
3.471141 -5.034127
1.755203 -7.527946
2.114051 -6.615486
1.657679 -6.414344
2.471265 -6.051385
-0.205239 -4.102981
0.006032 -2.080121
0.967994 -1.797778
1.144659 -2.016667
2.767406 -5.918089
4.501703 -4.641447
3.563093 -4.171343
4.236759 -4.887930
6.883304 -2.234738
7.075993 -2.052405
7.485815 -1.000471
6.970209 -1.108404
7.419965 0.503772
6.978435 1.128749
7.384433 -1.324490
6.077727 -9.521095
7.071205 -7.996848
5.266627 -7.506285
4.396064 -7.512411
5.895816 -5.795827
3.030666 1.158700
6.057690 1.958426
4.818467 1.918492
7.364957 1.606621
2.309726 2.077353
1.774049 1.832955
1.415122 -0.783298
0.661197 -0.057739
1.186147 0.264863
0.825068 -3.067649
1.729654 -3.551301
2.876660 -4.647598
2.567808 -3.992333
0.351027 -2.908417
0.180555 -1.976828
4.131099 -4.308657
7.493437 2.094984
4.245075 1.787590
3.792193 1.204446
4.418055 2.152804
4.531794 1.142575
9.897399 1.442930
11.560137 2.505763
11.056261 2.798692
10.003038 2.196372
6.793472 1.384642
7.199867 0.515162
10.280303 3.036114
11.496226 1.875493
7.801394 1.565891
9.765916 2.671649
9.191563 2.221627
9.484318 3.560837
8.128937 5.304487
6.917705 0.067961
7.502570 -0.516958
11.256607 -3.808902
11.180147 -4.673321
9.030598 -8.161222
5.973658 -9.617497
9.128853 -7.922511
7.077554 -9.530869
12.388956 -6.639642
14.319065 -6.784585
11.194324 -7.041941
11.473322 -5.899727
14.404897 -10.169930
15.514732 -9.053201
15.664713 -6.928334
8.922416 -8.172309
8.740547 -9.070739
9.363134 -8.016345
7.934679 -9.254714
8.734284 -9.485120
9.226567 -8.620700
8.967308 -10.579090
11.780107 -13.598800
13.705819 -13.318229
10.055810 -13.331289
16.831802 -15.281046
11.028146 -13.480852
18.210861 -16.164278
16.218760 -15.181005
13.508078 -15.458573
7.407763 -12.176514
7.774515 -8.251151
8.380224 -10.975612
9.037814 -10.961314
9.099764 -10.096534
4.722203 -8.976198
5.017699 -8.402627
11.365341 -5.650236
11.603224 -5.254005
8.943599 2.502204
7.533949 3.177902
7.261777 -0.481252
6.874281 0.007005
7.741205 2.717094
6.795989 2.654596
10.417156 1.514202
7.196340 1.349212
8.985720 2.294493
9.205278 3.493173
9.003532 2.352533
7.361646 0.178986
7.357985 -0.435307
6.403508 1.700561
13.362023 2.406608
13.324602 -1.233496
12.378306 5.655514
9.619448 1.532147
12.236375 3.383529
9.965095 1.809260
8.967140 1.470240
4.954483 1.908519
4.231483 2.690227
3.575590 1.480368
1.749660 1.386258
1.335729 1.078583
1.585407 -0.931919
1.682430 -1.884893
1.373389 0.315903
2.772797 3.048753
3.649113 1.949647
4.310422 1.379999
4.031459 1.177954
3.321797 2.727598
6.153544 1.924488
8.570419 1.331699
9.366074 3.034607
4.172082 2.336846
5.891479 1.985024
5.954228 2.111220
8.213968 1.861519
9.027243 3.259757
7.112962 -0.104017
6.931028 0.187760
6.904018 -1.856472
9.195381 -10.366601
11.985758 -13.879300
18.214678 -14.844771
17.024975 -11.473137
7.110375 -1.396243
2.995484 1.109026
3.817852 2.866955
3.668651 1.320407
1.416236 -1.792799
1.141593 -1.239543
1.424352 -2.408359
1.837030 -4.422059
2.123753 -4.854212
0.010061 -1.532037
1.311545 -1.869844
0.886771 -1.799052
1.538113 -1.862232
0.259577 -0.800688
1.308284 -0.360066
1.660414 -0.858672
0.600698 0.098083
1.256362 -0.767183
0.890490 0.226229
1.394410 2.148833
5.676457 1.102862
8.517069 3.979776
9.368986 2.326319
9.762753 4.152158
8.343137 2.028564
6.655947 2.472461
10.136011 2.913582
12.225714 6.312190
13.569551 1.721201
13.527166 0.554422
15.098028 -0.339736
12.012053 2.543453
12.868772 2.093484
10.667109 4.206940
8.828239 3.037015
7.089517 3.508154
5.552679 1.478652
6.886968 0.284222
6.831481 -0.559846
1.332592 0.068455
1.673294 0.555523
0.833748 -0.881314
0.793052 -0.229009
1.806574 0.159924
2.904313 3.462515
3.982012 1.471755
4.992392 1.750026
5.057361 4.005316
4.094779 3.761489
4.876226 2.885036
3.163230 1.814858
5.254392 3.129725
2.777520 2.106274
1.976751 1.352337
2.664137 1.913236
1.268065 2.302467
1.268098 -1.777216
-0.695418 -1.623072
-1.329146 0.130904
1.701611 -2.506816
1.297179 -3.933117
2.748766 -5.099235
5.223354 -6.243725
7.099631 -9.483848
8.372443 -10.978815
7.178731 -8.401066
7.877929 -9.306254
8.132910 -10.674732
8.950082 -11.233500
6.183407 -12.320745
7.971536 -10.421880
7.417518 -10.424541
7.492479 -7.970908
7.398176 -9.070902
6.194308 -10.113573
7.193618 -11.221876
11.367342 -7.802290
16.927692 -13.088924
11.701561 -14.422462
7.697754 -8.803966
7.239413 -10.441024
8.931749 -9.472985
7.667163 -11.763368
8.095898 -9.202443
6.626689 -10.574739
6.392717 -10.319531
7.804771 -8.284116
7.766194 -10.776079
8.770990 -10.253960
5.926205 -9.913422
8.090776 -10.253929
7.146103 -12.388788
15.713729 -15.640525
13.277426 -13.013500
16.034159 -12.918817
7.084375 -15.092334
6.165719 -8.928983
7.203252 -9.007338
7.154280 -8.555641
7.486633 -8.012970
1.116966 -7.406977
0.686133 0.976789
1.801436 1.800575
3.154191 2.812248
5.356328 3.204670
8.525208 1.877186
7.989691 1.870301
7.111041 1.063203
7.317232 -0.255497
6.919962 -1.878269
3.870415 1.409086
3.582023 1.442396
2.217925 1.236313
6.873139 0.029584
6.274720 1.488490
6.378908 1.691517
3.827784 1.059988
9.562943 1.809761
10.422945 1.396631
6.933728 1.401377
7.259382 0.210766
6.923415 -0.390623
7.042970 0.753708
7.401171 3.643678
6.669618 1.725266
9.008667 2.745052
3.694055 1.920992
4.526865 1.366707
1.652348 -5.029452
1.989436 -5.396258
4.151520 -7.163815
2.351707 -8.595647
2.630667 -7.472603
1.638346 -6.776032
2.654742 -8.144320
6.835076 -9.228433
9.307888 -10.009917
8.762206 -9.861614
8.767727 -8.169233
4.715217 -5.462063
5.255094 -4.393125
4.997698 -4.313508
4.741612 -6.605141
5.655803 -6.067432
5.283272 -6.740970
2.464843 -8.351633
3.704703 -6.254200
11.763798 -5.229415
2.537932 -8.611320
4.136148 -6.903289
7.012082 0.406311
7.297332 -1.776316
6.868196 -0.983555
7.021246 2.509495
7.352827 1.194623
4.947335 1.576196
8.723184 1.759958
5.571447 -4.923460
6.856235 -1.074631
5.913928 2.537320
3.953793 1.878868
5.127395 1.521640
6.956905 -0.274013
7.284058 0.970174
8.068464 2.445152
9.398626 2.073013
9.137436 4.056109
9.393694 6.114759
11.870754 7.179704
11.727049 5.528589
11.041367 1.494017
10.349115 1.316952
6.670344 2.947191
17.358980 1.914315
16.015829 -0.865923
15.401991 -1.382686
11.652533 2.111632
13.853840 0.663632
13.052679 -0.721379
7.387188 -1.736669
9.139846 -8.397080
6.537167 -9.485976
5.132491 -9.715549
5.225239 -9.303379
5.097680 -6.836263
4.362141 -8.083343
3.443035 -7.326684
9.231145 -10.493959
9.147940 -9.668254
4.534076 -9.736287
2.006943 -8.959655
0.855531 -9.951670
7.496931 -11.135125
15.769276 -11.531583
15.409065 -15.617657
14.880416 -12.439881
16.100201 -12.540854
10.111765 -13.008769
8.323058 -9.999779
7.179645 -11.098280
6.520398 -9.350439
6.826320 -8.893264
4.508104 -6.055783
4.729412 -7.602624
6.951938 -9.759110
5.298014 -9.624555
7.275130 -7.874678
12.723066 -7.225483
12.497114 -7.498563
10.453715 -13.366723
7.705821 -12.445207
8.219893 -10.038330
8.324841 -10.421489
5.873534 -11.742290
8.843681 -9.426193
8.782671 -8.998359
8.307759 -9.205413
8.355299 -9.653814
6.694257 -11.198889
7.722085 -9.073537
7.105113 -10.215308
6.863928 -14.225841
6.166436 -10.524640
12.170301 -13.631671
5.184528 -12.393882
6.832768 -10.664750
5.224196 -8.246724
5.761100 -5.570261
4.282326 -5.522764
5.116375 -6.130943
3.738608 -8.446095
6.576170 -8.255260
7.551502 -8.481211
7.310747 -10.621956
5.676102 -8.025001
7.432782 -9.669853
6.220711 -9.710950
6.193229 -8.885651
8.249652 -8.011075
9.196090 -8.859954
8.149975 -8.230114
5.514316 -9.671210
3.523763 -8.864070
5.196627 -6.935034
5.520230 -4.707069
6.134251 -4.623291
4.600111 -7.826874
9.026038 -10.700621
5.850057 -8.713144
9.169620 -9.899710
9.001778 -8.895983
8.602350 -9.214574
5.687826 -9.315422
5.669191 -6.060830
2.813761 -5.545290
3.095583 -5.677092
0.166629 -6.220533
1.769318 -3.768927
2.215660 -6.183416
5.150247 -4.934912
6.002853 -5.912638
5.543149 -6.884712
3.219416 -11.094497
4.971416 -15.949980
7.952870 -8.997182
8.331676 -10.168273
7.920368 -9.009953
8.733812 -8.919574
3.917895 -8.397099
1.827462 -7.979593
2.962142 -6.074256
3.771063 -4.357487
4.229513 -6.014086
6.016547 -7.281048
6.099019 -5.581622
11.297508 -5.707181
13.368404 -0.968956
9.293177 4.298891
9.690101 5.761800
8.570714 2.322340
11.248343 -6.194266
11.298832 -3.795012
12.903271 -1.253080
12.446826 2.303532
9.778080 2.562851
7.465442 1.545790
6.897824 2.769038
2.540151 1.251516
0.702671 3.227439
1.255294 1.113591
4.735387 -8.097301
3.097991 -7.164355
4.296679 -6.699341
6.350716 -8.071152
3.931885 -5.929874
3.539160 -4.737700
5.057382 -5.523793
7.072060 -1.132283
9.691271 1.713369
8.631853 2.942447
3.757404 1.855424
4.829829 1.997738
7.426479 1.469418
4.697368 1.063396
5.715890 1.330866
4.383368 1.384727
2.469946 2.540226
2.967150 1.805291
5.544753 1.681446
6.951697 -0.166003
7.129527 0.260948
7.454711 1.121687
7.131187 1.801653
1.204733 1.732655
3.219566 1.510218
4.202292 1.479738
3.559893 1.776523
3.810208 3.034976
3.249244 2.918881
1.741064 0.122561
1.478669 -3.876907
0.668549 -5.482397
0.624272 -4.309093
0.993224 -4.657463
1.489372 -2.417488
0.936915 -3.258080
2.580152 -6.260935
2.526850 -5.083236
5.113900 -5.413467
3.846506 -4.042736
2.210891 -3.979586
2.911290 -4.042522
5.157139 -5.819952
4.017226 -6.509434
2.622538 -6.827822
-0.065761 -7.941614
2.005093 -5.131123
6.875401 -0.128955
6.918095 -0.797026
7.178866 -8.499152
7.477548 -11.486247
5.558373 -10.000270
5.873634 -7.364638
5.966621 -6.316679
4.937185 -6.756520
4.663620 -6.272555
7.076130 0.810623
7.165121 0.271361
7.436084 1.352380
5.444633 2.381310
4.629011 1.610400
8.257291 4.702438
8.795671 2.480684
8.218587 1.423844
6.218468 3.349565
4.745912 1.706346
6.812312 1.184139
7.385146 0.320175
6.951086 0.127461
6.345577 1.925382
2.879651 2.443815
2.626707 2.509996
2.715794 3.837201
3.693905 1.381467
0.769672 2.236254
1.779933 0.237483
1.163998 0.465170
1.245241 -0.146988
1.738865 0.146784
2.111170 1.680456
2.185756 1.147563
7.698139 1.282751
9.871182 1.646857
8.973917 2.278220
7.865032 1.357490
6.289318 1.449898
7.094288 1.161515
6.896035 1.686172
7.318383 2.043532
7.359078 -0.320271
6.838062 -1.154785
7.064351 -0.304163
0.331813 -0.076986
0.510013 0.408455
2.098793 2.071607
4.006159 1.074438
3.939245 1.240563
2.955886 1.570094
1.496300 1.510608
0.704787 0.876553
1.546884 -0.609974
3.585762 2.071808
5.872491 2.760144
6.157645 1.517500
4.643825 1.387261
2.996969 1.479673
0.357334 1.027610
6.910268 0.389270
7.587398 1.740682
7.839477 2.781682
6.548100 1.513006
5.105280 2.094507
6.611333 1.383564
10.338093 2.265147
8.795239 2.511659
7.619631 1.528626
7.443872 1.757616
7.734960 2.156775
8.288621 1.367698
10.707796 1.608146
9.214172 2.001493
12.136930 3.263215
13.807904 -1.257582
12.975829 -0.567457
12.933316 1.112597
11.924363 4.957328
8.497039 2.244580
7.568948 1.606886
6.864996 -0.838976
8.041533 2.220053
4.354098 1.669269
3.562581 1.812145
2.827615 3.116421
7.063544 2.749033
8.123722 1.340756
9.026036 4.922609
3.337839 2.972736
7.148297 1.644796
6.845348 0.894306
6.892923 1.534473
9.118255 1.954555
5.108582 1.405810
4.241467 1.235106
0.820036 0.549878
1.024951 2.652914
1.747518 -0.122228
1.128668 0.408034
1.679391 -1.129378
0.915196 -0.173575
1.311382 -1.004087
1.273473 -1.833958
1.473206 -3.725168
2.902424 -4.798999
3.723322 -8.264202
5.102057 -6.093278
6.382841 -8.572961
6.282752 -7.961712
7.760787 -7.977676
4.729545 -9.672159
8.487033 -10.407264
2.582769 -10.731791
4.729973 -5.182366
1.520554 -6.555732
1.985003 -5.450844
4.764599 -4.758145
3.798400 -5.085158
6.102107 -6.528785
5.957702 -8.466667
8.485198 -8.854137
6.981144 -11.272897
5.385256 -16.205690
7.554026 -11.295655
7.995806 -8.832722
6.272250 -8.143840
5.917981 -7.741731
4.497513 -10.389003
7.203883 -8.083001
11.231522 -7.455769
5.361431 -6.473892
4.713131 -5.702952
5.260938 -7.607323
7.756776 -8.374249
8.881658 -8.468864
11.929140 -5.931889
5.598953 -6.983968
3.278265 -8.650719
3.924729 -9.829322
6.543291 -9.075247
7.268523 -8.044015
7.730656 -9.114743
6.414697 -9.193694
9.213297 -13.444034
9.237299 -8.980196
4.623900 -8.747643
5.036544 -5.721327
8.845739 -10.041210
13.840369 -14.150114
18.076153 -14.628428
13.071599 -13.245176
9.279663 -13.735719
6.903572 -8.921247
6.547998 -11.204442
8.379060 -12.164306
7.910696 -11.946582
9.308096 -16.867006
11.547125 -13.895702
7.915626 -10.324175
1.314723 -9.911521
3.160066 -10.075023
4.926353 -7.248772
13.518487 -7.205610
9.378971 -9.714681
7.903373 -9.343343
7.633935 -8.843543
6.996083 -8.431709
5.632537 -7.312400
5.665806 -7.887722
5.800994 -6.192799
7.106148 -2.191552
4.606098 1.524080
2.896117 1.635788
0.929043 1.890294
2.051501 1.850090
4.137498 -7.228552
4.526185 -6.093013
4.589104 -5.803680
2.813091 -9.721536
1.697371 -8.137414
5.644500 -5.792790
3.868807 -7.274427
5.642762 -7.607047
9.290483 -9.393790
8.048285 -9.074666
7.056927 -10.537143
7.992872 -11.735868
2.101229 -9.298600
5.772865 -4.937870
4.069523 -8.292855
2.155623 -12.253913
5.991014 -10.167073
5.977508 -12.115424
3.858824 -10.405663
9.079940 -11.041799
6.603851 -9.923715
6.408003 -8.437202
4.730431 -5.829386
5.654091 -5.558835
5.464513 -4.828956
4.986061 -5.752500
5.862635 -8.079395
7.597894 -8.355246
7.682134 -8.047396
8.834973 -10.177958
8.802368 -9.071448
9.679697 -14.548636
10.885538 -17.397711
9.691430 -14.702887
11.935228 -18.209393
11.563735 -14.375087
7.889518 -15.454888
7.181785 -10.440973
8.055063 -12.379285
9.210224 -10.322986
8.123623 -10.510016
7.581928 -11.415887
11.613502 -13.179978
15.278904 -14.515691
11.479959 -12.920409
6.717000 -16.112001
6.482559 -10.036393
12.636442 -17.178869
12.768496 -17.934408
10.429878 -19.390265
12.999166 -14.499764
17.921463 -18.210135
14.216343 -13.253276
15.603753 -11.974338
18.841671 -11.863569
8.308365 -12.526632
8.210741 -8.912848
8.293592 -8.293273
8.171199 -10.154613
7.408734 -11.384981
3.633037 -5.297050
5.412948 -5.689219
12.118776 -7.332382
8.617006 -10.243609
6.715682 -10.986405
8.773154 -11.643363
7.122172 -10.635240
7.385030 -11.980638
8.364163 -11.481234
7.071364 -9.617229
9.257888 -9.491220
6.829166 -11.352513
5.800305 -11.080825
7.488141 -10.151889
8.167278 -10.760551
4.591009 -11.814034
5.015060 -11.070971
5.565658 -9.080070
3.621413 -10.890578
3.695629 -10.502800
12.020943 -13.489903
14.529466 -12.718425
15.040392 -9.853622
