17.292082 -18.058624
17.924606 -16.888897
5.013865 -14.244912
-5.028935 -6.524640
-7.484034 -8.207259
-7.543411 -7.574561
-6.526947 -7.400062
-7.495894 -6.636302
-7.152313 -11.486491
-11.773914 -8.549825
-10.374417 -10.058681
-11.011483 -8.213573
-11.198450 -8.113850
-9.091949 -8.753354
-10.818268 -8.464890
-7.329072 -8.685122
-5.700657 -4.362200
-5.785893 -3.158223
-6.030452 -3.674000
-7.327901 -2.654433
-7.217786 -5.385554
-6.784741 -1.376352
-7.970141 1.343668
-8.800426 -0.382738
-9.414335 -1.142595
-13.353043 -7.523768
-15.200855 -6.639771
-12.983944 -3.643808
-17.055847 -1.528064
-12.652856 -2.643136
-11.216326 -2.051997
-11.995126 -1.545640
-15.655218 -5.606225
-15.241220 -6.215484
-15.011611 -1.747923
