6.172727 2.498914
4.878946 2.564597
4.887407 2.202597
6.298822 1.869008
5.560995 2.300578
5.387564 2.449796
3.916737 1.745391
6.288903 1.988545
5.436034 1.440957
5.142661 1.473154
1.480645 1.718175
3.213292 1.801820
7.677561 2.187851
7.038627 0.544696
7.352060 0.315389
5.813456 2.785083
8.487299 2.499214
7.399082 1.598975
8.023494 1.756196
8.879465 3.661927
9.033654 3.474503
9.981734 3.705088
9.943804 4.571254
11.397523 3.926176
9.929707 3.408404
11.707232 2.464816
11.365232 5.364096
8.179120 1.500769
6.337138 2.429464
7.171973 0.569299
7.435761 1.709606
4.872856 1.452021
5.482253 1.605950
7.817147 1.509106
11.267467 2.440273
11.899900 1.904592
10.867689 4.397092
8.388309 1.714073
9.636049 1.582541
4.319163 1.297178
2.823962 1.649176
3.452445 1.772861
3.897722 1.933604
5.105223 1.886296
7.074460 1.229985
7.465509 0.268131
6.829759 0.445387
8.206912 2.667726
8.722105 2.110250
8.785108 1.955843
6.417178 1.798608
8.112141 2.131028
7.903822 1.666849
10.004746 1.806780
16.351723 2.941600
13.816668 -1.541843
14.793581 -0.980234
15.028308 1.337188
10.768755 2.336755
13.141016 1.144223
12.505502 0.300605
15.837566 -1.336105
13.781733 1.602051
17.578905 -0.985606
17.405003 -3.381797
