4.605137 15.740368
6.724194 10.127886
8.926650 6.317521
7.850360 2.010476
9.661496 1.278656
6.891129 1.628087
2.952354 1.362736
1.999353 3.324478
2.464862 1.408839
2.278070 1.348796
2.291010 2.433074
1.686406 0.817492
1.333420 2.494282
3.059398 1.329988
3.915614 1.197752
3.496544 1.249988
3.713164 1.453725
1.885763 1.958338
1.490180 0.714592
1.003797 -1.115079
0.430022 -4.571087
0.823925 -4.670551
8.093432 -9.689007
5.594000 -7.836363
2.745474 -6.442025
3.259764 -7.298530
3.904477 -8.666725
6.507924 -8.833228
8.321485 -9.455029
4.502295 -11.964012
6.819624 -12.786344
5.692706 -13.583606
11.154143 -13.350568
12.736500 -12.838862
13.536894 -13.354038
15.661093 -15.734101
15.645567 -11.527482
16.475964 -15.628701
19.389664 -18.766720
