16.974701 4.829767
11.174837 9.169804
5.915377 7.431668
-5.239670 -4.491572
-4.983187 -5.845672
-4.739624 -7.707818
-11.145840 -12.311167
-7.249061 -12.373061
-5.267862 -8.260221
-4.996025 -9.062274
-8.481756 -11.054368
-7.335086 -10.711102
-12.014395 -8.263622
-7.852264 -10.643859
-10.288778 -11.206471
-10.311819 -10.883729
-3.661872 -10.577536
-7.311375 -12.028701
-11.235069 -10.276755
-11.832655 -9.818463
-10.745178 -8.312208
-16.373901 -6.474504
-14.362236 -5.683316
-13.451136 -3.709579
-7.433414 -2.168145
-10.558201 -2.982684
-7.713421 -2.435622
-12.431027 0.421707
-7.030440 -3.023138
-5.050520 -7.190565
-11.366835 -10.281670
-9.601382 -9.438191
-7.753278 -7.697679
-7.196810 -6.239089
-6.467876 -5.370582
-7.850764 -7.295413
-11.206729 -8.827065
-9.099910 -8.457330
-8.293028 -9.489380
-9.426802 -10.205995
-11.449341 -12.693581
-11.456310 -10.913810
-16.670849 -12.762567
-19.403883 -14.297348
