19.596109 -18.347239
16.234674 -11.159530
14.626175 -15.842330
8.574750 -15.312002
5.976296 -14.812062
7.331637 -12.254694
10.251334 -14.473766
10.694921 -13.738250
12.766971 -13.442811
9.214313 -16.482607
7.880920 -14.557004
5.704296 -7.772865
2.971167 -4.052814
1.560616 -4.347105
0.411542 -2.364620
0.952418 -2.146941
1.685996 -1.908157
0.773152 -1.686170
1.945702 -4.867577
5.047850 -4.055631
3.814419 -5.072639
5.023397 -6.059624
7.554179 -10.078044
9.034597 -8.296436
6.402813 -10.149567
7.345446 -8.497474
7.576015 -8.982835
9.036629 -8.417363
7.633260 -10.432755
6.283688 -12.680896
1.713929 -11.748755
7.748061 -7.939288
8.141487 -9.714643
8.126667 -8.660718
8.520639 -9.193988
8.045387 -8.373463
4.725445 -8.666125
5.679151 -6.388037
4.451489 -10.940060
8.464316 -10.574818
7.862181 -7.885970
7.751060 -8.088197
5.109715 -9.755367
5.873583 -6.887414
3.887745 -11.135591
8.331978 -12.735854
8.362173 -8.277150
6.979060 -8.508693
4.635262 -11.168922
5.554972 -8.322700
3.717369 -5.207246
4.084542 -7.658856
2.909112 -6.051569
5.969169 -4.606559
4.755190 -4.385134
3.766648 -4.120588
3.870677 -5.456547
6.118467 -4.654504
4.981446 -5.748732
6.108193 -6.062011
6.138296 -4.955275
3.812575 -7.558368
0.896067 -2.830835
1.349413 -1.693671
1.775896 0.182298
1.122888 -2.088763
1.240333 -4.257122
2.767781 -4.091237
4.860625 1.640560
7.122663 1.264287
3.149006 2.968940
7.492017 -1.676006
2.187134 1.190745
1.796368 0.931650
1.617914 2.711713
3.431993 3.167773
3.562607 2.330349
4.521859 1.301436
1.805817 -3.352809
0.071860 -5.024175
0.748167 -3.743248
1.045086 -2.636645
1.590426 -1.889349
1.350893 -1.373517
1.741776 -0.517677
1.424762 -4.194594
1.279428 -3.037668
1.783050 -2.626896
5.890267 -4.716311
3.450917 -5.106181
3.062030 -6.077838
7.060601 -2.034423
7.140910 -1.691798
6.948491 -1.747484
6.855758 -1.818886
7.153412 -0.770406
5.584936 1.096671
4.493665 1.898318
4.082444 1.578722
3.166177 1.498244
3.488755 1.378315
3.685871 2.191351
4.762817 3.390528
9.718084 4.484012
12.337033 4.570034
9.630277 2.978046
10.687552 4.551776
11.440345 2.900172
6.316040 3.253061
7.417715 0.049279
6.944222 -1.434377
5.207500 -8.456452
5.013859 -5.911599
5.780032 -4.229730
3.272443 -8.194836
4.968039 -7.468261
7.123677 -9.355163
4.503028 -9.923501
5.976785 -8.866629
8.894914 -8.669934
8.507026 -13.636483
5.702572 -7.715126
3.951258 -6.602820
3.778837 -8.621264
4.719121 -6.197024
4.348641 -8.553530
6.958265 -8.941466
13.161860 -7.531591
9.216699 -9.106391
8.801793 -8.608620
11.605019 -4.174464
11.871903 -4.979338
11.155574 -6.119021
12.218977 -6.840418
12.974707 -7.196566
9.308256 -7.858331
7.834585 -8.561223
7.131352 -8.508832
6.915153 -10.698197
5.789087 -9.105802
7.063329 -8.504072
9.143787 -11.840226
5.668096 -9.470054
7.610998 -12.489472
9.210899 -11.468137
9.312914 -10.474750
9.081848 -12.715836
8.440030 -11.314471
5.556313 -8.512051
5.679271 -8.173212
5.323477 -9.290656
4.038110 -6.360765
1.919979 -6.148873
1.024807 -2.892844
0.226213 -4.681980
3.030452 -4.631950
4.553187 -4.027508
3.084369 -4.481439
2.999773 -4.609276
2.314826 -7.480776
2.687517 -5.955720
3.077092 -4.040696
-0.013087 -5.508266
1.743005 -2.670921
0.541388 -2.450843
1.814057 -3.686460
1.767415 -0.149232
1.275190 -0.050023
1.792918 -0.555888
1.364616 -1.550200
3.716326 1.180140
2.371495 1.432004
5.036507 1.180348
3.014943 1.215483
2.228286 1.111758
3.914405 1.226827
4.154428 1.691416
3.166302 2.255137
4.689609 1.767489
4.965429 1.758681
4.672937 1.540152
5.234378 1.366560
6.329295 1.361357
3.108489 3.114949
4.160855 1.411777
7.221274 2.902875
6.864496 -0.090509
1.566755 1.366162
1.967257 1.661236
0.128672 0.403804
0.433756 3.141527
1.554843 2.118262
2.599857 1.359738
3.998027 1.434875
3.723074 2.388537
3.721631 1.277006
4.057057 1.065270
1.756855 -1.522964
1.795194 -4.701933
2.606055 -8.046453
3.386342 -6.476252
4.303852 -4.071283
7.356685 -1.523336
7.477254 -1.240526
7.184651 0.846627
5.978962 2.166257
3.543870 1.986005
2.714209 1.280884
3.323823 1.080259
2.744357 1.968865
2.459521 2.584095
2.940666 2.279064
3.043591 2.095599
3.972690 1.404858
2.191009 2.255906
1.041124 -0.818528
1.341128 0.294048
1.596439 2.845452
1.554569 2.215454
3.044841 1.263906
0.002925 1.413234
0.333591 -0.263157
1.671793 -0.473224
1.476261 1.553871
0.976437 0.908618
1.561493 -1.141801
1.106735 -4.663960
0.561834 -5.611035
3.476345 -6.893362
2.519349 -7.627984
4.652656 -5.034143
4.002749 -6.150719
1.927489 -7.436552
1.147718 0.818940
3.184206 2.085714
3.683504 1.101799
4.294751 1.804068
3.226477 1.244523
2.708858 1.153733
2.855825 1.923724
4.494480 1.624111
0.593713 0.831044
0.668623 0.019281
1.057893 -1.412837
0.917418 -4.726880
0.985261 -4.826175
3.825711 -4.006378
2.638146 -4.725529
3.592883 -5.251097
5.925425 -4.061658
4.946786 -4.739055
0.628054 -4.596800
1.727636 -0.089180
0.047021 0.261909
1.164979 -2.508253
0.533108 -3.609421
1.715506 -0.535881
1.328372 -1.366125
-0.198774 -1.162756
1.295320 0.204019
0.728332 -0.291251
0.407327 -1.360655
-1.615550 -2.448025
1.534202 -1.528453
0.132394 0.645479
0.477616 0.411311
1.957484 1.641948
2.902690 2.950076
4.910365 1.591334
7.190910 -0.270994
7.021824 -0.886940
7.975116 3.672352
8.158817 1.968192
5.511343 2.313229
2.650503 1.752911
4.028927 1.483003
5.124865 1.194202
7.607000 1.908867
5.193969 1.088397
2.123854 2.540301
0.667706 2.188372
1.120863 0.885477
1.143500 1.138939
1.695644 0.508000
1.603888 -2.556571
1.549321 -1.627518
0.807776 -1.339458
1.340219 -2.623874
1.782401 -5.887697
3.106795 -4.212214
5.370610 -7.607300
8.141914 -8.494317
8.835667 -8.388047
7.126122 -8.761502
5.342175 -8.790326
3.271933 -7.345081
5.496230 -5.532909
5.972680 -6.374270
4.892134 -8.777673
6.429464 -8.398875
8.172071 -9.748673
8.979338 -11.287608
6.207327 -8.223548
5.148942 -8.188184
5.085697 -5.272224
4.515564 -5.404656
3.165230 -4.831600
5.968484 -5.364186
0.837522 -5.570943
1.486762 0.907864
2.216525 1.577766
2.140793 1.940467
5.289881 2.441684
5.597609 2.211100
8.278414 3.144757
7.225923 1.904158
7.192507 0.911807
7.315551 -0.161834
6.711493 1.540517
7.261984 -0.948228
6.901888 0.817475
6.549238 1.823773
5.516418 1.655401
4.291348 1.150937
1.610073 1.805593
0.951835 1.408061
1.668593 0.399473
1.224276 -1.634988
0.990948 -0.697762
1.529818 -2.411931
1.776233 -1.134565
1.076754 -0.650792
1.713708 1.340354
3.416929 1.183214
4.520720 1.225884
4.861310 1.599127
4.933912 2.268333
7.036964 1.295423
7.049988 0.380542
7.162915 0.239698
7.489644 -1.419389
7.211204 -2.115157
3.290929 -4.866904
-0.943535 0.752521
1.373975 0.733256
1.725304 -0.329032
1.385816 0.397410
3.110412 1.737050
3.662095 2.414194
2.762137 2.335096
4.339294 1.750639
2.520079 1.470297
1.193099 -1.889734
0.569195 -0.359110
1.201121 -0.568695
0.633234 -2.788296
2.947940 -6.752009
3.608862 -5.721066
2.086823 -4.487648
1.019741 -3.707055
0.025030 -2.517704
1.641648 -0.026334
0.790545 -1.088138
1.449398 1.477335
4.101414 1.589140
0.833834 1.443488
1.118945 1.064046
1.802468 0.870956
1.389614 0.500090
1.142744 2.244153
1.405591 1.528635
3.856585 1.722877
3.275249 1.647681
2.852780 2.241529
5.304116 1.334019
6.989114 1.419775
5.671197 1.690114
5.498138 2.296299
7.101665 1.509239
6.565708 1.149460
8.227786 2.829953
9.082434 1.686160
10.145959 2.993125
11.945845 8.220221
13.074677 9.071491
12.204544 12.167662
