17.449924 -3.848621
17.114178 -5.847064
15.576645 -13.593989
13.207613 -16.111851
15.573299 -12.659469
19.239164 -13.562010
14.571535 -11.556949
14.691608 -12.928158
8.004446 -13.752381
7.577739 -9.486907
7.159595 -8.991785
5.748371 -8.016065
3.286164 -9.112911
4.452935 -9.032026
5.617884 -11.314690
4.076320 -4.247065
2.495098 -6.807494
1.615663 -3.384352
1.032676 0.072892
-0.067713 -1.893555
1.312166 0.881748
1.114439 0.004452
-0.158302 -1.944853
-2.608651 0.946389
-5.275813 2.490928
-7.150990 3.141296
-11.988511 5.011295
