5.729956 -6.346450
5.304124 -4.863104
3.440110 -4.155369
2.729324 -4.342870
0.859317 -3.464194
1.776142 -3.748669
1.066776 -3.124034
1.553670 -2.168564
1.208060 -0.007569
1.577712 -0.717885
1.351465 1.177120
2.902117 1.167857
3.769163 1.542089
3.362322 3.031957
3.976769 1.803013
3.248435 1.573083
3.526034 1.686624
-0.467080 0.435804
0.884349 0.321753
1.807260 0.405605
1.470900 -0.383285
1.303153 -1.623116
0.969710 0.285301
2.755366 2.308423
0.582063 -0.017491
0.158759 0.701565
0.933080 -1.528535
0.440264 -0.326532
1.269955 -0.382832
1.937975 2.168062
5.691039 6.475302
6.746689 7.472302
8.494835 12.023536
