15.196811 -8.800411
14.450331 -9.540233
15.443753 -8.729741
16.438313 -13.381980
10.825912 -13.367175
6.558494 -12.339656
6.901656 -8.056730
9.247588 -10.434225
4.795120 -9.534102
8.319800 -7.990330
9.131438 -12.213717
6.206075 -9.603187
9.262424 -8.144398
9.176974 -8.598856
7.485639 -9.693902
9.004309 -15.184160
15.717026 -15.562532
14.723143 -7.539387
16.685877 -9.579009
13.596371 -14.289878
16.171333 -14.554702
11.672177 -12.839020
12.130722 -13.202390
18.721134 -12.967565
13.397704 -13.280183
11.205271 -15.624388
8.624243 -17.461996
11.495455 -12.898307
16.216942 -14.748507
2.687383 -11.640922
6.763721 -8.178510
8.900966 -8.898526
8.559623 -11.122598
8.163548 -17.133322
10.841339 -13.175368
17.676746 -13.585560
15.104103 -10.418448
15.344384 -13.412318
4.079138 -12.936532
9.315529 -12.318717
7.211916 -10.674286
7.408770 -10.728984
7.985673 -9.039456
5.847178 -9.007762
7.759545 -9.382400
7.744705 -9.517272
9.244451 -8.355950
7.027739 -8.105552
2.643007 -8.308084
4.783015 -4.873568
3.120540 -5.932849
5.060677 -5.673515
3.263116 -7.083145
3.471935 -7.185014
6.297369 -8.084800
5.469261 -7.602585
1.615958 -7.129899
6.979864 -8.973617
5.069930 -8.140494
8.537302 -8.397278
5.849055 -7.307585
2.266576 -9.741685
8.970641 -9.482112
11.680243 -6.665951
12.470955 -7.237370
13.992476 -7.676066
18.784088 -7.926646
17.362574 -5.601965
15.839333 -12.332433
10.055316 -15.046983
6.185905 -9.337999
6.051622 -12.505541
9.219736 -8.481862
7.716824 -9.088008
8.814877 -10.769538
7.414191 -9.223060
9.738040 -15.727138
14.437489 -14.913701
10.638519 -17.253635
9.278357 -14.093557
6.365187 -12.298123
8.859657 -12.554391
6.646873 -9.028174
6.273014 -8.477444
3.654203 -11.313956
5.252610 -8.251116
3.552268 -9.263061
5.740136 -8.422678
8.297119 -10.004876
9.195515 -8.301485
8.847794 -11.274516
7.353696 -13.980621
7.367263 -8.314662
8.891816 -12.482821
4.408736 -9.196158
4.120693 -11.786862
12.526300 -14.549222
11.510725 -14.304941
10.845592 -12.842195
7.101743 -13.725968
9.174873 -11.689391
8.255465 -8.507165
7.629631 -8.228240
9.237944 -10.878770
8.036666 -8.929742
9.348617 -9.015918
9.150744 -12.695882
10.243069 -13.759625
11.280283 -14.158774
5.874339 -12.358194
9.113078 -10.562548
8.919799 -11.685541
7.797313 -13.442172
10.168250 -14.233474
8.112780 -11.775977
8.500421 -10.729232
9.270383 -10.279502
6.597452 -8.405694
5.586905 -9.854013
7.912625 -9.867991
8.291206 -9.228181
9.059377 -11.294839
4.755358 -10.421172
8.696322 -13.435792
9.515790 -13.168825
8.404888 -11.176492
5.492692 -9.381909
8.779119 -9.696605
9.233774 -12.300981
12.997482 -16.507914
11.821571 -14.550617
16.204922 -14.575182
15.153212 -10.007476
7.545473 -7.866479
7.898502 -10.815989
6.766588 -8.705007
2.641149 -8.410317
8.533689 -9.498024
9.130668 -9.506564
10.187246 -13.122005
13.028847 -13.839170
13.258914 -13.003842
13.242965 -15.576070
11.223049 -13.804872
13.268347 -13.447148
14.035080 -12.988999
14.836456 -9.453367
7.877730 -10.228246
8.068229 -9.374283
7.911012 -11.246545
7.195670 -9.395442
7.339456 -8.686027
4.348925 -8.052201
7.841915 -13.448852
10.411786 -13.833737
8.227590 -13.694868
8.559841 -9.864181
4.209777 -9.210826
5.491128 -12.126452
6.392022 -12.361892
6.691663 -12.017625
18.208988 -9.216375
18.921349 -10.238848
17.611153 -10.573230
15.850479 -10.368847
16.042154 -9.129043
13.881308 -15.601843
11.450541 -13.581862
16.937742 -16.260275
11.085627 -14.008664
9.320131 -13.823670
9.731376 -14.140609
10.398794 -13.322258
13.174540 -13.928197
1.790506 -12.593346
6.880494 -13.057281
6.446339 -11.254340
6.154822 -9.073333
9.251210 -9.877847
9.198068 -8.576588
5.682982 -11.103460
8.927584 -10.016781
8.514997 -9.799054
5.600531 -9.574288
6.732366 -12.706790
3.415329 -12.312129
6.211033 -9.208702
4.670718 -5.281514
6.132297 -8.532857
7.967307 -9.549298
9.049828 -10.004749
6.784624 -8.923993
8.245049 -8.206292
9.361765 -9.698196
8.144944 -9.042150
7.543831 -8.715816
8.439687 -10.717999
9.133855 -11.408923
11.591532 -7.761630
11.159820 -5.184969
9.018978 -13.173795
9.204062 -8.123736
7.689836 -8.782886
5.843315 -7.054925
5.440009 -9.383130
7.811445 -9.675138
6.677667 -9.655070
6.248740 -10.379580
9.008016 -13.476227
7.333851 -12.778859
6.222832 -11.926806
8.476301 -10.725993
6.272136 -12.130368
4.959832 -7.876357
4.760358 -8.731847
1.355750 -10.445206
4.588188 -11.670291
4.911194 -9.147788
7.149180 -9.522873
8.991592 -9.131680
9.093079 -9.803050
14.936504 -9.485759
15.735026 -15.144933
18.191153 -14.487688
15.123516 -13.874668
14.467924 -13.165916
12.930408 -15.641862
8.348553 -13.310307
8.626633 -11.687601
8.959834 -8.629661
7.876759 -11.209798
7.797337 -11.805508
8.874490 -11.659425
9.191481 -8.666794
5.386441 -8.469630
4.881426 -7.190994
3.941824 -4.881666
6.122228 -8.436123
5.501261 -5.588041
0.514048 -5.102818
3.028968 -7.177027
3.828115 -6.591369
1.372432 -5.187278
2.782567 -4.730242
3.689044 -3.962842
1.608299 -6.189130
0.867592 -4.043626
1.687183 -3.660102
1.255444 -1.821125
0.480883 -0.761277
0.830433 -3.372178
1.812986 -0.210835
1.291729 1.063801
2.644123 1.459595
3.845210 1.646166
1.426211 2.290568
2.815779 1.690906
2.513798 1.077368
4.526650 1.059623
8.313823 2.640961
8.172904 3.334569
7.191056 2.096545
7.363252 0.185585
6.890674 0.133000
6.979267 -1.687906
7.086955 -2.315667
2.292264 -4.912705
3.705402 -6.456342
4.094296 -4.936040
5.374098 -4.057312
6.012792 -6.097064
6.037688 -7.474143
4.263738 -5.862515
4.278402 -5.335508
1.455480 -3.887632
1.136422 -2.151742
1.783068 -1.936788
1.773389 -3.464451
1.279421 -4.914222
2.346278 -4.526618
3.040560 -6.878286
5.393448 -10.916869
2.831917 -8.903049
5.452056 -8.408892
5.581783 -7.720757
5.668048 -6.117215
3.535781 -5.066722
6.139602 -11.605088
8.073469 -10.095325
3.130206 -5.313650
2.969738 -5.315623
1.475506 -6.287883
0.656696 -1.377693
1.133725 0.240179
1.618871 2.189387
3.801018 2.924052
2.200904 1.775402
3.872403 1.087024
5.726961 2.510514
5.182279 2.411180
4.818712 1.592443
7.720207 2.708082
7.296974 0.640828
7.519690 2.803661
10.805187 2.539115
12.729759 5.050892
15.977654 8.568054
19.599600 17.123007
