-3.950320 9.416324
-2.857127 6.727072
-1.526856 3.939799
0.317719 1.044351
5.288146 1.510240
5.795774 1.296391
5.440784 2.179749
8.332979 3.708296
12.320183 1.302657
9.906984 1.383110
9.876963 3.102027
12.428800 2.434857
14.290209 0.105870
12.988016 0.775749
13.591391 4.302265
9.372913 2.652468
10.886313 2.975801
8.767621 2.117162
9.668800 3.051767
5.047775 1.676298
6.549118 2.199143
6.867364 1.264729
7.503330 0.675249
7.201011 -0.839027
7.489434 0.179879
6.930533 -0.021034
9.320437 1.575855
8.606565 1.328670
8.118957 1.476822
6.531944 2.996643
5.290894 1.775307
4.450603 1.773151
3.422701 2.040258
4.109300 2.313435
4.016958 1.166644
4.003534 2.334668
4.370135 1.605138
4.465569 1.166299
3.743749 1.141407
3.036488 1.936690
1.402688 2.641991
3.055788 2.164701
4.568773 2.249265
3.983345 1.609735
4.099086 2.277010
5.694421 1.105923
7.906897 1.661040
8.844110 2.966789
7.704485 3.138102
7.301811 0.614967
7.325980 -0.656338
7.423533 -0.060101
7.115582 0.262260
3.876890 3.534145
4.693770 1.697757
6.136671 1.288178
5.403955 2.483280
9.110030 2.518744
7.022392 0.997603
6.638740 1.305323
2.308312 1.569983
5.774613 2.750103
3.881503 1.407985
1.462094 2.524071
1.356494 -0.941717
1.560883 -1.699257
0.818468 -0.679941
1.321598 -2.026046
1.165051 -2.706847
1.591003 -2.898759
1.749690 -0.320986
0.973906 0.691361
2.766091 1.791506
5.574216 1.128141
4.391455 1.230819
6.287271 2.468669
6.758430 2.790601
7.279688 -0.932464
0.594147 -3.005060
1.060451 -1.183594
0.270848 -2.831336
1.496162 -3.772200
0.384225 -4.744138
2.074236 -4.310305
3.836174 -4.594475
4.663611 -5.095370
3.664979 -4.172163
4.481504 -5.190670
4.750497 -5.244180
5.545082 -6.316702
6.084029 -4.931148
3.267599 -4.247510
3.521065 -5.198739
3.088206 -5.076721
1.249652 -3.910943
1.395883 -2.396575
1.646579 -2.191535
1.758541 -2.604534
0.590734 -0.977602
1.129335 -0.423896
0.978974 1.205732
3.428946 1.477665
2.667908 1.087187
5.167529 2.286061
4.856027 1.624132
5.535349 2.144043
7.406926 1.484281
7.319729 0.899924
7.468225 -0.293566
7.489627 0.980055
7.210250 3.431521
7.355385 -0.800317
5.723301 1.541560
3.428149 1.458093
2.143667 1.286778
-0.984064 1.638895
1.493184 1.071802
1.297286 1.964423
2.586224 2.640646
4.032524 3.090759
4.497634 3.482868
3.813736 2.698375
6.264911 1.327812
7.806671 1.401130
9.247194 1.888171
9.666063 2.911911
15.207937 2.328458
17.595503 -2.941569
