13.678843 0.759653
15.527643 3.582082
12.229336 1.980453
10.986748 1.413306
9.561800 1.543720
10.555636 3.944223
6.907308 2.056330
7.272117 -0.113974
7.472354 -1.745309
7.047960 -0.277426
6.921329 -0.864786
6.980847 1.579293
6.235785 2.390556
5.882885 3.294654
6.080862 3.030732
6.933086 1.773233
4.390998 1.372976
3.590769 2.029284
2.868613 1.200791
4.386506 1.725869
2.372199 1.198355
1.147592 0.274095
1.209244 -0.029280
1.563193 -0.120445
0.284754 0.585369
3.907506 1.765197
3.318413 1.330486
2.012763 2.367035
1.377805 0.178464
1.190469 -0.664555
1.036492 -0.243426
0.106713 -1.203677
1.610311 -2.160719
1.680226 -2.086427
1.172835 1.629799
3.107326 1.835837
2.943388 1.544449
4.532041 2.079888
5.839859 2.903542
5.226593 2.028473
1.248601 1.937764
0.179899 -1.387818
0.734879 -3.608384
1.576864 -2.954444
1.645380 -1.591428
0.830121 -2.650131
0.859465 -3.568324
0.462096 -1.812715
1.136774 -1.196639
-0.055040 -1.137593
-0.967403 -1.395119
0.471781 -2.730959
-0.490920 -1.651096
0.685631 -2.721458
0.557999 -5.123196
2.636395 -4.296361
3.190462 -5.868037
3.744565 -5.020381
2.992260 -5.008074
3.660399 -4.887931
3.168469 -6.049498
4.224722 -6.596136
7.779255 -9.542510
5.640068 -8.199071
11.132017 -16.731575
9.099702 -12.256490
9.232921 -10.811687
9.096240 -11.254668
7.486028 -8.589944
9.114849 -12.409149
9.855570 -15.536132
8.377622 -11.551856
6.163387 -11.952054
4.891620 -6.725449
7.348096 -9.368787
14.686271 -13.167517
14.263988 -13.694510
15.832981 -10.372351
15.435104 -6.659883
11.950808 -7.318727
7.753222 -10.299448
6.412288 -10.200643
7.162621 -8.755781
8.257627 -9.466846
4.969919 -8.534372
8.042119 -8.420765
8.075672 -9.780195
8.593141 -9.390018
9.200220 -10.623246
16.145905 -10.546981
13.523718 -13.246507
10.496446 -16.107592
7.118126 -10.197639
9.221025 -10.681898
5.914881 -7.577196
7.346833 -9.319064
9.186877 -8.740706
8.845772 -10.625737
9.334428 -8.942315
17.067677 -14.292878
10.583952 -14.758029
6.827520 -14.116663
14.609934 -7.869935
16.034994 -9.508097
16.461990 -12.799582
11.091713 -12.868776
6.374909 -13.500985
9.039763 -9.519977
7.788389 -8.754844
8.654700 -8.386407
8.782571 -10.349837
9.695714 -15.053588
9.152178 -12.549979
7.521977 -11.039962
10.476522 -14.902808
7.994169 -12.661726
2.305756 -12.808352
2.692530 -9.109619
14.553141 -6.682498
10.583201 -15.648442
6.121601 -9.870759
6.217991 -10.575788
8.286072 -9.333144
5.931479 -12.214292
8.779750 -14.070340
9.312404 -10.823169
8.002708 -8.882962
8.305671 -11.032030
7.274932 -12.901127
12.920665 -13.215262
17.198019 -15.181935
13.009593 -13.760228
13.159916 -14.904822
9.289989 -15.161164
9.283420 -9.872644
8.069226 -8.320691
5.086825 -9.400761
5.221003 -4.540809
2.289651 -6.787785
8.953625 -8.612401
7.681768 -9.455871
7.331374 -8.317876
7.917303 -7.903034
9.299280 -12.926282
7.057061 -12.004498
14.439056 -9.016731
8.005721 -11.317170
8.145851 -10.200765
6.144990 -8.396860
8.050205 -7.921185
8.747687 -9.111518
7.315925 -8.397801
11.032108 -13.288845
8.411812 -11.381637
8.206873 -8.869745
14.399834 -6.826851
11.901277 -7.771266
13.389756 -6.660497
7.226176 -7.911040
7.393672 -9.966563
8.299656 -9.050986
9.337713 -8.052036
4.752626 -8.010905
9.061750 -7.969382
8.412717 -8.860156
8.790506 -8.846146
9.161611 -8.927840
8.935736 -9.433262
10.831594 -14.663707
9.038939 -12.693937
6.912552 -7.843687
11.149067 -4.564032
11.827076 -6.481187
6.336188 -9.649502
9.053768 -9.220905
7.555532 -9.625884
3.313223 -6.948071
7.082611 -8.585760
8.016807 -13.075568
12.813252 -7.532986
11.291443 -7.347951
11.879793 -5.933515
11.647413 -4.535657
3.937682 -7.786953
8.581275 -8.855773
5.011997 -4.976344
6.067679 -7.000810
5.925464 -7.848077
4.294252 -9.516696
2.513380 -10.651170
15.188093 -12.137134
18.138474 -4.424757
16.425148 -0.357161
13.413136 -1.632314
5.843468 1.322845
5.606080 1.487339
4.377633 1.727832
1.749070 -0.921587
0.799052 -2.106272
1.173176 -0.659220
1.362471 -1.037121
0.762312 0.120163
1.574180 -0.616798
0.583160 -1.779951
-0.022428 -4.965603
4.557152 -5.829171
6.313077 -8.356065
5.304002 -6.765751
4.229167 -10.711297
9.040802 -11.266209
6.975643 -10.269116
7.836150 -8.712980
17.868837 -9.196092
15.156732 -14.049036
10.432439 -14.439008
7.745435 -11.767518
7.343552 -11.108138
4.195848 -9.559535
6.652004 -9.409494
10.763457 -14.649898
15.247133 -12.567803
15.174850 -10.344619
17.238853 -10.105118
14.841702 -9.597832
11.864128 -5.560183
7.761387 -10.194623
9.190917 -11.027489
11.441983 -15.441168
11.252668 -13.989446
19.516706 -15.415691
14.421019 -14.443732
10.277194 -13.752971
8.545280 -12.716161
9.309277 -10.775857
6.125013 -4.334108
4.576004 -7.779220
4.644509 -4.957819
4.144802 -9.639920
6.861213 -8.771040
7.825052 -9.134121
7.654612 -10.651343
12.096565 2.437286
11.634072 1.689689
18.642151 -4.619137
12.488756 -7.371197
8.345632 -9.145247
12.655230 -7.480644
10.573521 3.314644
11.539242 2.284029
12.028996 1.319034
12.751120 0.947015
12.861732 -0.174682
17.336180 1.853846
13.577086 -0.873339
15.495192 -1.298508
11.516911 -4.305936
7.396992 2.423541
8.045709 4.086715
7.800132 1.895037
9.800644 1.684683
8.216262 -9.577868
8.311859 -7.948684
8.831531 -8.575127
6.740458 -12.419349
9.519733 -12.958894
8.942999 -9.881999
6.819990 -13.528033
9.909476 -14.629717
8.267578 -9.717998
11.347142 -7.698436
16.410299 -13.399773
12.992135 -15.815478
13.053709 -15.018397
8.817123 -11.837501
9.181488 -11.316847
9.061332 -9.649287
6.127459 -9.560835
7.814870 -10.463009
7.340492 -9.889600
4.718781 -10.833718
7.868505 -11.881871
6.045633 -11.711251
4.112605 -11.172123
9.706030 -13.019414
7.137671 -13.349708
6.120566 -7.823029
9.064937 -8.687757
9.068199 -9.330174
7.731157 -10.009532
5.745322 -11.591166
8.148563 -9.444581
5.385185 -9.364810
8.908921 -7.864028
8.315699 -10.419555
8.748154 -11.790038
8.830725 -10.004733
8.674454 -9.841816
8.468944 -9.795139
6.269414 -8.682002
8.700147 -12.393439
9.829218 -14.324201
12.279673 -13.174183
10.487309 -13.886369
13.700525 -16.397821
16.057436 -12.214021
19.290138 -8.802691
13.529597 -7.374140
12.251891 -7.261315
13.832329 -16.264845
12.426812 -13.960797
7.176414 -12.875250
6.936991 -13.981910
7.734681 -11.028599
6.796705 -8.943731
7.458017 -9.904233
8.628931 -9.948091
6.031170 -10.794881
9.462397 -14.171838
9.094681 -11.349662
7.769655 -10.866296
7.168124 -12.857255
6.403605 -11.794727
2.957480 -8.265409
4.584478 -5.855290
3.789648 -8.083906
5.356248 -9.129677
7.317585 -11.180473
6.352599 -9.549874
6.062182 -10.821582
6.702491 -10.509026
7.954103 -10.072442
5.442184 -11.090859
10.456916 -13.879874
3.569098 -12.768120
7.530939 -9.628034
8.391298 -8.737334
9.340279 -8.592992
9.098350 -9.799266
7.820291 -15.544250
6.315392 -11.296412
4.448401 -9.725711
4.346992 -11.477940
10.217702 -13.163258
16.003489 -11.083830
15.368575 -11.124265
17.257963 -11.284766
11.682024 -14.812028
8.775319 -12.358676
10.078533 -13.553512
6.855476 -10.733525
8.461034 -11.280609
7.286891 -10.093616
8.858973 -10.078784
9.524597 -13.263227
10.099248 -13.891402
8.074558 -9.801528
8.502174 -9.304133
8.911642 -10.807120
6.844986 -11.164161
11.323964 -5.224004
11.783076 -7.578274
8.409286 -8.743834
8.789306 -7.951874
7.489895 -13.224572
8.632675 -17.163940
8.966779 -11.703658
7.497418 -10.251177
7.656998 -9.023013
6.807931 -13.688626
13.180751 -13.134247
11.655068 -14.903786
8.477207 -12.685719
5.953426 -13.159787
5.915837 -8.542661
8.530477 -8.981499
7.891081 -9.858451
6.678819 -10.337587
7.325009 -9.409337
7.855385 -8.685267
8.101612 -11.182528
10.291443 -14.152080
11.050371 -16.514341
15.632030 -12.395685
13.842483 -15.317350
9.096773 -15.598109
7.750636 -8.839627
8.686408 -11.835244
7.688302 -10.352910
7.143605 -7.822557
7.796245 -8.027462
7.152536 -9.182440
7.989186 -8.143206
8.390763 -8.101931
5.276445 -8.358933
11.809681 -16.151079
16.933537 -11.905447
18.567310 -8.833080
13.824266 -14.259320
4.723953 -11.580499
7.207767 -10.755990
10.618764 -14.516177
11.607744 -13.360177
13.188208 -16.994535
5.316535 -10.599259
6.046409 -7.875463
5.490122 -11.683255
7.023798 -9.665933
6.934040 -8.085098
8.368335 -9.959304
8.758974 -8.854512
8.015506 -12.052228
9.100330 -9.851614
7.708578 -11.523320
9.277608 -11.829303
7.622164 -8.821659
8.706404 -13.042058
7.342453 -11.667621
4.896177 -10.444125
5.579610 -14.565258
14.456196 -13.527900
15.456940 -16.954998
15.775635 -12.671956
13.191097 -14.034833
11.524561 -13.391129
15.644909 -8.389977
18.432352 -13.213428
17.275322 -10.064689
18.168442 -14.295045
14.726529 -14.927858
6.942369 -11.887004
7.166897 -15.676083
9.368836 -9.725986
12.342119 -13.268743
9.698675 -16.401270
5.560462 -10.220572
3.018041 -8.036754
7.643258 -10.154582
16.700270 -8.237586
15.275300 -9.938875
5.021178 1.322367
3.404986 2.480567
2.562227 1.825409
1.255275 -0.879467
0.689480 -2.635767
11.533081 -4.492018
11.277565 -5.776721
11.600795 -6.397365
9.143912 -8.174546
8.274840 -8.991047
8.550606 -13.888966
17.613028 -7.792993
16.828201 -8.888580
18.742327 -11.441430
19.384480 -7.829410
15.118948 -8.630187
14.445213 -15.908237
5.780266 -13.758910
11.468163 -13.460964
16.640135 -17.521923
12.646538 -14.096395
15.355680 -12.969935
16.290129 -11.980175
14.755121 -12.414159
16.640190 -15.425542
13.249881 -13.811165
5.736820 -12.775016
8.370868 -14.210007
11.581039 -13.416334
12.747168 -15.928301
5.422552 -10.013348
6.248146 -8.671392
8.839939 -10.218699
8.683901 -10.910110
6.941903 -9.828748
5.112882 -12.172223
8.083529 -14.158965
12.671541 -13.274822
11.268021 -14.166557
7.092130 -11.953636
9.302278 -10.115710
8.899451 -10.565283
8.727356 -12.003411
7.697579 -14.352750
11.571767 -13.253317
11.358727 -16.124538
10.202808 -14.962994
12.527593 -13.308529
7.678728 -16.202120
6.271635 -9.839164
2.689011 -10.218024
7.685103 -10.615970
6.191626 -8.486396
7.493834 -11.210761
9.090015 -10.663099
7.858132 -8.820045
9.355101 -10.277822
7.696148 -14.357366
9.832214 -14.171384
11.015265 -13.167609
10.943569 -13.971358
14.810222 -16.756737
10.865951 -15.569184
6.305056 -9.431096
8.419314 -11.234704
8.649205 -11.220531
8.547716 -7.921651
7.215591 -12.824445
8.270486 -12.345172
9.100315 -9.164087
6.326487 -9.354933
3.823275 -6.614671
4.542035 -4.143480
4.712169 -4.223705
4.979022 -4.776511
5.606256 -4.237202
3.322159 -4.825208
0.385320 -3.147529
1.538737 -2.366171
1.791319 -1.137731
1.698793 -1.710100
1.418036 -1.021878
1.428057 -2.767882
1.020884 -4.502057
2.314910 -4.520865
3.458486 -5.706364
4.380256 -4.707188
4.984748 -4.306512
3.595072 -6.678611
5.206645 -7.690507
3.852299 -6.769033
1.637421 -4.531397
1.718666 -1.340143
1.113153 0.067165
0.573279 -0.740397
1.277996 -1.482887
1.042740 0.422884
3.112861 2.559171
6.247554 2.083211
4.725663 1.564331
9.667912 1.666682
6.162450 1.966682
5.688173 1.971656
5.829775 1.396173
4.907040 2.210921
4.286664 2.027546
3.487272 1.958907
4.784529 2.016239
4.968301 2.024206
7.449803 -0.594544
6.960523 -2.238667
6.126371 -3.995315
1.219803 -5.977541
3.002583 -7.049910
2.867065 -4.655138
5.327888 -6.733961
6.815215 -14.298230
7.985658 -11.874802
9.119722 -8.575870
5.516310 -9.684700
4.145096 -9.786178
4.832610 -8.439554
2.971479 -8.585186
5.077795 -6.312059
5.950011 -6.102214
5.159750 -6.379998
5.907218 -4.770947
5.864761 -5.198627
3.141276 -7.285583
5.137443 -8.319634
5.225996 -6.997864
6.306887 -9.866429
6.331539 -8.909253
5.970960 -8.526109
9.041561 -9.322011
8.038549 -8.147951
7.026342 -8.215819
6.626605 -8.142724
5.477461 -7.635280
6.132158 -8.819547
8.642199 -8.362456
7.967581 -10.841878
6.631781 -10.194474
6.517694 -13.885835
7.699989 -10.558374
14.996638 -9.921241
11.153775 -5.244002
11.159206 -4.609789
12.423553 -13.153582
9.043960 -12.716939
8.850259 -8.855147
7.895362 -8.212816
11.530530 -6.531964
13.750318 -7.567443
4.470366 -6.707345
5.882829 -6.580611
5.043447 -5.877963
1.249431 -4.123531
1.502141 -3.067915
1.792603 -0.150513
1.067111 3.174678
1.396641 2.948569
2.393423 1.963394
1.141971 0.005670
0.864306 -0.756738
0.481437 0.791641
2.011130 1.277910
4.348192 1.553307
5.218398 1.715009
3.297788 1.227571
2.807751 1.540157
3.077004 2.591547
4.171250 1.351545
0.004287 1.470094
2.364355 1.086440
1.646581 0.575932
1.644824 -0.366703
1.321630 -3.246989
1.224034 -2.465783
0.352129 -1.784896
0.606328 -2.586941
0.750463 -6.654258
5.373225 -4.829956
5.428637 -5.462427
4.499641 -9.882199
8.499784 -10.561040
8.237442 -14.307702
8.938064 -13.473714
7.869461 -13.171323
8.990396 -7.863680
9.272381 -10.959571
7.949489 -9.685809
8.487214 -11.547672
7.999913 -9.756117
9.238719 -10.844250
7.907145 -11.140842
6.948281 -14.077416
13.522505 -16.550928
11.263884 -15.564452
12.971302 -13.501077
9.021631 -12.959215
8.154816 -9.503926
9.033104 -10.653502
8.714982 -10.090132
6.684730 -11.833543
8.883772 -12.483652
13.779685 -15.967284
16.287531 -13.905462
15.257837 -11.034111
15.304448 -10.792726
18.860424 -11.653009
15.997505 -10.320937
11.511394 -12.833699
7.213289 -8.460468
9.248646 -8.355066
7.941824 -9.916397
8.999749 -10.787644
7.582926 -9.326779
9.012790 -7.911370
9.305546 -9.725611
5.971855 -8.153802
6.148692 -10.982323
7.971805 -8.970146
8.350668 -12.747651
7.510345 -13.005021
7.948646 -8.371835
8.420273 -10.656954
8.995547 -11.392489
9.338337 -12.732657
8.714367 -9.217452
9.256207 -9.191748
14.425373 -9.429191
8.909491 -11.681511
5.098678 -11.065892
11.837776 -6.300498
5.578404 -6.407741
5.560493 -10.565849
9.692500 -12.850228
9.849715 -14.254344
7.554718 -10.541713
7.343749 -10.376628
6.151397 -10.531656
9.020954 -10.207830
7.163662 -10.245220
6.375106 -11.356174
6.895852 -9.948783
8.121312 -11.427585
7.334348 -9.227713
12.440475 -13.277540
12.493231 -13.673902
9.088739 -13.030370
9.026657 -10.779487
8.352980 -11.771399
7.047571 -8.377292
4.195601 -9.748129
4.531825 -9.837731
4.668279 -10.511025
6.435282 -9.179349
6.407056 -9.947709
7.360456 -8.162976
8.511192 -9.040426
8.249283 -7.916163
7.950093 -10.167719
9.170410 -10.849633
4.640840 -9.065240
7.767021 -7.953842
7.730180 -10.043199
8.831058 -11.144030
8.323783 -12.272873
7.960000 -12.477933
11.286108 -13.346254
3.882722 -12.015164
6.450240 -8.491282
6.325682 -10.643533
7.724060 -12.672230
18.507879 -14.384026
15.235891 -10.350477
19.961872 -10.758916
13.395965 -7.230313
12.705918 -7.533597
8.145032 -8.638970
5.831011 -9.583091
5.910906 -8.188519
7.308684 -8.394366
8.343327 -10.615886
5.963127 -10.711453
6.391300 -7.818427
6.305677 -11.568878
8.904474 -9.748943
9.361700 -12.886720
11.626423 -14.003292
16.792452 -13.534977
14.477722 -11.159858
7.158767 -10.559234
4.905777 -7.920612
8.357979 -9.318179
7.493099 -1.189226
7.233719 -2.244938
6.947593 -2.190373
5.159736 -6.618410
4.621321 -5.999468
12.010082 -7.285072
6.300514 -9.617987
9.116000 -9.215523
8.480059 -10.918031
5.191171 -15.464370
5.219483 -10.454665
7.551290 -11.806568
6.793531 -8.952716
6.726757 -7.903178
8.314961 -8.712162
6.870660 -10.140859
8.918482 -11.558752
6.072158 -11.531328
6.402277 -10.062916
8.526331 -9.731428
6.268131 -10.576039
8.642208 -7.926487
5.008250 -9.422573
5.031055 -10.267737
7.199119 -11.172696
11.396219 -7.570328
12.345837 -13.369180
13.696273 -7.140811
15.591191 -9.421134
7.882736 -11.487767
13.785162 -12.864335
9.079475 -15.699553
7.883104 -11.037475
8.832492 -10.911253
9.096213 -10.232650
14.930673 -12.993250
12.246970 -13.328265
9.439490 -14.301862
11.716723 -15.111524
17.638292 -16.398966
16.110292 -10.870898
13.728655 -14.426728
15.163333 -13.011395
12.105640 -13.635320
8.023421 -17.365173
8.035636 -16.998688
6.903409 -15.154187
9.246526 -11.093958
3.194135 -11.245261
6.135324 -7.254808
4.950712 -7.890761
7.775959 -10.783170
6.489775 -9.429473
6.666113 -9.170637
9.155066 -9.845189
7.987027 -13.232360
9.375484 -11.858581
5.645929 -15.817332
9.772616 -14.038126
15.319029 -17.453493
19.446575 -12.270869
11.348118 -13.177531
11.886103 -13.944108
7.680739 -12.300391
8.368856 -7.840829
7.317014 -10.728105
4.679045 -9.548163
6.999585 -10.725466
4.265334 -11.637161
6.448634 -9.783357
9.186791 -11.362175
6.128384 -11.727300
7.124524 -8.721004
4.201275 -8.612801
4.493275 -5.472015
5.392977 -4.385161
5.317475 -8.246646
4.806660 -8.517426
3.666773 -9.360251
6.771111 -9.180544
8.740039 -7.925070
8.184544 -8.563370
6.928968 -10.638583
13.973604 -1.021994
16.359333 -1.100304
14.940730 1.648227
17.044239 -0.907269
13.346447 -1.554772
14.199641 1.217862
7.209070 1.488013
7.489956 0.381722
7.002403 -1.110145
7.296535 0.003850
7.216581 2.485503
2.923211 1.502475
3.456530 1.430483
3.810500 2.146687
3.143115 1.219749
3.064811 1.751425
3.274590 1.063586
1.475640 1.559355
0.850197 -1.625815
1.218906 0.205484
1.512563 0.806636
1.785747 -0.224792
1.614854 -0.092880
0.521281 -0.261182
2.207242 1.540343
2.393759 1.500260
2.665552 1.529849
0.688725 0.910777
1.444363 -0.736162
1.384502 -1.199354
0.732547 -0.551338
0.695177 -0.423895
0.996454 -1.753838
1.136500 -2.355150
1.773618 -3.015843
1.458051 -2.370602
1.642196 1.906222
0.008694 0.800514
0.760776 -1.104096
0.312416 -4.147155
1.171037 0.149907
1.506896 1.197971
1.661735 1.627318
0.224850 -2.893959
1.398419 -3.849045
3.011129 -4.833865
1.105383 0.611796
2.683546 2.659233
2.953280 1.527307
3.576110 1.667984
4.417561 1.891593
4.064219 2.914603
2.552551 1.261514
2.345038 2.022550
2.477057 1.340431
5.337444 1.669984
3.599856 2.702897
1.459858 -2.215796
1.676413 -2.676553
4.186434 -3.962581
5.452635 -4.480714
5.575622 -9.380595
5.152032 -10.145547
6.489381 -10.211327
8.674808 -8.784568
9.326258 -10.803552
7.005291 -9.020501
8.364794 -11.066916
9.033700 -11.091306
8.702661 -10.431176
5.834309 -10.216474
7.541150 -9.729158
8.764763 -12.718839
9.071019 -10.528743
8.849328 -11.498233
7.958358 -9.640491
8.058969 -12.922355
7.759733 -12.225289
10.555397 -13.344568
7.197104 -14.866954
6.014047 -8.042737
7.612447 -9.968697
4.582863 -7.552323
5.721413 -8.413676
9.120242 -9.817630
5.834973 -10.494443
4.384458 -11.371670
4.930778 -13.427987
5.781067 -7.957621
15.325326 -7.719222
16.651625 -7.986707
16.360081 -13.678031
15.949974 -12.863011
14.629300 -7.055483
11.400725 -7.621166
11.544979 -4.998256
11.947099 -5.202873
5.302829 -9.057219
6.817100 -11.577375
6.703223 -11.978611
8.455599 -11.866454
6.863718 -16.553820
11.679358 -12.920505
11.649357 -13.609981
7.774102 -13.134970
6.992728 -10.033368
9.020532 -10.803446
3.916454 -7.449692
5.436645 -6.539360
5.765328 -6.514364
6.792050 -10.423778
0.767963 -7.958528
1.080374 -7.579756
1.484966 -6.998478
2.560828 -4.426847
-0.770838 -7.247962
0.152794 -5.248807
1.049576 -1.953444
1.676779 0.246443
0.984542 0.598707
-0.437648 0.148210
-0.570061 1.527056
0.040135 2.070531
1.843803 1.572212
6.427135 1.658407
3.917220 2.115799
5.116999 1.569242
8.054061 1.370825
9.647249 1.614161
8.753717 1.819206
9.231353 3.651570
9.097624 2.147732
12.624382 1.239791
10.459966 4.720881
7.844225 1.987554
9.766262 2.113515
7.729015 2.071655
9.926529 2.792592
8.750959 3.984835
7.111762 0.770192
4.999296 2.921574
3.458770 1.708827
0.193980 0.661298
1.548418 1.415642
1.077349 1.363061
1.302964 0.973062
2.065032 1.537533
3.494320 1.067536
5.259733 1.678077
5.868696 1.422816
4.924617 1.725138
0.809505 0.349745
1.775588 -1.334360
0.824749 -2.261579
0.370946 -1.291307
0.748123 -0.775047
3.979267 3.263509
5.777654 2.807708
6.642958 2.553514
7.011476 0.714477
7.804650 1.834856
5.923666 2.031802
7.297921 1.810375
7.257753 -0.751884
7.189874 -1.683859
7.352702 -1.623035
3.118620 -3.961913
2.586698 -4.085881
4.610410 1.520273
3.905461 1.727156
1.707939 1.507675
6.342221 1.398273
5.480307 1.192055
4.861827 1.476285
5.008204 1.825747
3.482708 1.349317
4.886483 1.829258
2.892840 1.626628
4.757592 1.499563
4.232382 1.725767
4.962362 2.077678
5.711509 1.980444
8.491678 3.114280
7.721640 2.984491
6.978119 -2.814422
7.352938 -1.967004
1.170582 -0.402884
1.232963 -1.786219
1.027785 -1.040865
2.571647 1.413201
1.672907 0.257837
0.929244 1.606775
0.842643 -2.250451
0.691955 1.974609
1.537152 2.077671
1.785161 -0.728230
0.743066 0.903311
0.871165 0.336436
0.861427 -1.079724
1.655622 -1.142049
2.915357 -5.125679
4.706827 -4.978227
5.334506 -3.997007
5.693992 -5.856847
6.023777 -5.719761
2.429135 -4.224441
4.910494 -4.296221
6.050550 -4.035314
5.049761 -7.535843
6.042065 -9.365952
7.004484 -10.444070
4.447737 -6.146992
4.066749 -3.968692
5.950105 -6.416379
4.750667 -5.978605
5.268251 -11.098149
6.056714 -8.913421
2.788949 -7.976804
3.719008 -6.034057
3.898592 -6.734890
3.099337 -5.345552
7.447097 -12.396535
10.794949 -14.367236
10.616113 -13.108603
8.830191 -12.827037
6.541038 -9.398397
4.218175 -8.616889
8.741736 -9.911136
6.832765 -10.061737
6.944602 -11.883909
7.987885 -12.864953
8.136913 -9.689502
6.700809 -9.373420
9.205980 -10.734981
7.442016 -9.027579
7.101693 -8.514046
11.182226 -6.209714
7.182030 -8.269449
1.828259 -8.761473
7.201292 -8.851857
9.373743 -9.138845
5.350336 -9.043388
5.468708 -4.716706
6.160690 -8.299674
6.417210 -9.017212
3.779076 -6.102898
3.488843 -8.432645
4.589057 -9.376704
8.441471 -9.134169
6.825302 -8.855361
3.737895 -4.437409
1.994922 -4.102884
-0.365217 -3.899425
-0.201671 -0.886051
1.340622 0.689065
1.449452 0.086851
0.481990 -0.731934
2.798765 2.477524
3.261553 2.969701
3.988772 2.407202
5.223746 1.977643
4.175553 2.093694
3.430828 1.986259
4.860913 1.641080
4.627405 1.815563
4.841519 2.751549
7.059145 1.758470
6.881842 0.915933
6.894473 0.811813
6.979607 0.409853
6.943092 2.732034
4.228014 1.586868
3.533629 1.588374
4.173757 1.097397
5.155275 2.458580
6.329046 1.166489
5.009310 1.159497
4.750762 1.441883
4.056729 1.877200
1.772781 1.749455
0.115060 0.391422
1.412290 -1.338778
1.711348 -2.356004
1.738356 -2.505378
0.926018 -2.399399
1.877555 -4.315726
2.761800 -5.253081
1.373762 -9.904058
5.467942 -6.712207
4.776179 -7.533959
4.762295 -7.531318
4.622444 -9.241759
5.530522 -10.558414
2.907865 -8.708669
4.191279 -11.007077
13.163927 -14.632146
8.710450 -14.887098
9.174923 -13.999410
13.114651 -13.555543
1.849734 -10.961436
7.099088 -11.589901
10.075027 -13.252759
8.554446 -10.796433
6.450515 -10.210742
8.727608 -11.823512
9.259023 -9.329135
7.976395 -11.329267
11.880993 -4.339328
11.871839 -6.363402
7.864616 -9.593099
3.322760 -13.624824
13.085188 -15.525283
15.888259 -10.005891
14.243158 -6.922374
12.712336 -7.065439
13.506631 -7.184222
13.232772 -7.329106
14.318823 -6.752323
16.435747 -8.512488
14.570258 -10.533299
6.803485 -12.201853
7.087687 -12.623116
3.252814 -10.434209
7.713743 -10.043523
6.559793 -9.883111
10.562218 -16.192579
5.635122 -12.991784
9.875055 -13.588342
10.145718 -13.212979
8.669429 -12.655761
16.142746 -14.453961
15.061544 -11.758252
10.005978 -14.342778
8.024701 -9.479566
8.630200 -12.084117
7.161961 -12.268056
8.841507 -12.107285
13.081059 -13.905025
11.603592 -12.984574
13.325581 -13.365231
11.859932 -13.862908
12.271253 -13.908058
3.474024 -10.329820
5.707067 -10.434760
7.708809 -11.399280
9.039133 -9.455528
9.241797 -10.079900
7.476066 -11.642678
6.637897 -9.643577
6.610106 -8.213792
7.066638 -9.754805
5.731663 -9.528144
3.843378 -6.048395
5.859906 -6.355687
5.426495 -8.188775
7.972456 -9.442317
7.002223 -10.367274
7.865260 -8.477189
5.851474 -8.050763
7.737558 -10.179946
3.779742 -9.259896
4.547446 -9.078189
6.990068 -12.747954
10.585374 -14.623767
11.150330 -16.963411
9.271572 -13.582464
13.308176 -14.254687
16.365408 -10.317803
15.269580 -10.622792
14.766682 -7.984655
14.901304 -11.787890
16.157024 -12.684564
13.057087 -7.547072
5.683734 -4.109456
5.636158 -4.333889
0.702720 -2.425684
0.256195 -2.115887
7.398499 1.959610
7.426538 1.054079
7.037002 -2.126233
2.658789 -4.729591
3.858983 -4.535844
5.321038 -4.045248
5.728059 -4.344300
4.448448 -8.175408
7.388473 -8.176724
6.490125 -9.112222
8.006366 -10.034879
13.494158 -13.509404
10.312524 -14.634065
8.094092 -11.922254
8.376080 -9.803300
8.725647 -9.904410
10.196785 -16.581385
13.864766 -14.814874
13.638589 -13.660415
7.880052 -11.424432
7.039045 -11.156612
3.479166 -10.262136
9.287368 -11.489282
11.389818 -6.969650
9.083143 -9.291513
7.804190 -11.074740
5.386327 -8.069097
4.979796 -5.093283
3.042878 -7.403027
5.297628 -6.908625
2.809119 -6.250945
4.207663 -4.745058
4.090426 -4.519407
4.347653 -8.554761
7.145181 -8.367142
9.162277 -9.721402
8.800914 -8.880772
8.081921 -10.452074
8.249149 -9.770478
8.971688 -10.465938
14.636785 -14.171523
10.867333 -14.855348
14.788924 -14.462952
12.994470 -13.654879
9.299091 -14.228700
11.352315 -13.218359
8.163906 -10.082187
7.672171 -9.018746
8.595020 -12.768113
7.046294 -12.340991
6.740735 -10.889951
8.870316 -11.900064
8.786907 -9.358417
8.465448 -13.608819
7.625659 -13.579961
15.150904 -12.500484
7.814660 -9.699908
9.040847 -9.283820
15.066465 -9.606893
13.264927 -6.738979
12.712872 -7.425752
8.039896 -9.415357
9.202374 -10.205993
8.674829 -10.019259
8.581449 -9.410808
8.164684 -11.227645
8.667719 -11.780296
9.569444 -14.919675
12.243034 -14.801910
8.709274 -13.077214
13.797230 -15.864517
12.387565 -12.904980
11.726208 -13.194160
9.227300 -9.444165
9.124402 -8.251725
7.560450 -12.027020
7.815033 -11.118780
7.979454 -9.159557
3.852663 -8.891853
4.939053 -7.022860
5.469184 -7.085479
6.848444 -8.773500
5.759915 -9.750972
6.855215 -7.862431
7.779223 -10.783301
6.356877 -10.595535
11.100307 -19.038576
9.780698 -18.638437
6.976635 -10.852057
9.007040 -8.182001
6.932676 -9.321239
6.277378 -11.202725
6.903255 -8.852963
5.309825 -7.871813
6.366006 -10.153771
15.303493 -14.543015
12.791628 -14.157678
11.511837 -7.776735
11.710154 -5.044594
11.843374 -7.711936
11.530738 -7.456872
4.817703 -7.674863
4.649177 -6.320029
6.016538 -5.542411
9.241764 -13.331638
6.594486 -10.220392
7.218971 -8.495080
4.954668 -8.253110
1.492922 -9.730301
8.111769 -9.799342
7.131944 -8.270240
6.489218 -9.070687
8.787510 -13.652129
14.934237 -13.668387
15.340759 -14.639796
11.248529 -15.006650
8.412774 -12.699406
9.059698 -12.298059
6.806146 -8.370855
3.988324 -8.757874
5.233080 -5.885267
3.189801 -4.926158
1.438876 -8.364592
1.778565 -8.779782
4.826192 -9.000224
5.364833 -8.485376
6.451439 -8.160026
7.577451 -9.808443
9.302817 -9.304296
5.937040 -10.017514
8.430229 -10.815782
8.103942 -11.178086
2.816853 -7.745934
5.570837 -6.396128
2.421795 -6.075449
7.221963 -8.387672
8.683781 -8.298791
6.903405 -8.919742
7.379768 -7.952629
7.308931 -12.297456
11.659473 -14.103620
6.495328 -11.779078
7.188924 -10.558776
8.986918 -12.479136
9.246127 -13.787894
7.886649 -10.224017
8.248270 -8.365924
7.576880 -9.277039
7.312145 -9.306601
6.900811 -9.559505
9.303198 -10.654847
7.798026 -9.640230
6.094705 -6.690031
3.432010 -8.359028
7.304573 -8.277091
11.687483 -6.442628
11.445034 -6.881694
11.606962 -6.576472
14.582139 -10.895081
7.527155 -10.969274
9.268229 -13.905389
7.647718 -7.912601
7.871120 -10.220391
8.173319 -8.469159
6.730566 -11.531585
7.985776 -9.595456
7.193294 -7.921972
8.055868 -12.898940
9.349779 -10.169524
8.655138 -9.137319
5.074580 -8.208620
3.803488 -9.998895
8.637669 -8.665863
9.017893 -10.895077
8.590029 -11.256351
7.756639 -9.059340
7.254748 -11.053801
7.762013 -16.594217
11.340193 -14.355405
8.851526 -13.363338
8.102341 -10.202588
7.533779 -11.610976
6.808924 -11.598379
8.871873 -11.083079
7.764502 -9.767716
8.860059 -7.931407
5.608008 -8.025830
3.731853 -7.918396
4.657171 -5.237999
4.456070 -4.563302
4.515273 -6.880289
6.473840 -9.672895
6.602210 -7.916629
8.630898 -9.614896
7.800506 -11.579152
3.272733 -9.894686
4.084795 -9.834203
2.619541 -10.022693
5.036160 -5.021880
2.947937 -5.871351
1.823023 -4.782467
1.222195 -3.644511
1.618914 -3.125342
1.616536 -0.796881
3.369916 1.267389
3.080471 1.461677
3.174931 1.268673
7.061724 -0.412997
5.577596 1.620898
5.316419 1.260402
4.800021 1.597181
7.896153 2.210440
5.361670 1.430709
5.491384 2.061011
6.215553 1.334803
6.581148 1.217535
7.305901 4.226160
9.066225 2.063088
8.178780 2.448828
8.052707 3.315521
7.430357 1.538491
7.191846 -0.945695
6.840720 -0.810546
3.549932 1.064526
4.929070 1.391292
6.439219 1.221138
5.254597 1.742353
3.286049 2.301492
5.233192 1.854168
3.664358 1.850796
3.946324 2.236770
5.512949 1.718643
9.646131 1.836080
10.117605 1.367507
8.626101 2.606117
7.115823 0.184806
7.090909 0.300393
6.733786 1.680248
4.890542 1.089100
6.584620 1.966610
6.498949 1.090892
3.819533 1.479915
1.765538 1.443473
2.600524 2.279177
6.785314 2.214454
3.223027 2.538918
2.237031 1.140016
0.601489 0.672159
1.122343 -0.678528
-0.103471 -0.323042
1.346784 -0.925988
0.890695 -0.620774
0.116791 -5.139830
1.151399 -3.367228
1.783119 -2.296803
7.485511 0.144930
5.467254 1.623775
4.678430 1.655626
4.147031 1.203918
4.310647 2.505412
3.841248 1.223958
5.901662 1.613503
5.168211 1.235806
3.871154 1.127698
5.038468 2.446969
5.431809 1.689785
4.252804 2.277931
1.667038 2.222020
2.947454 1.403567
5.005841 1.266357
6.970508 2.825917
1.483860 -3.056385
1.061209 -1.543649
1.030642 -0.670161
1.466005 -3.218821
1.396568 -2.062264
1.238749 -2.186288
1.745575 -2.964801
0.997393 -2.518219
1.650234 -4.449451
2.847662 -4.516569
4.548449 -4.688544
5.430859 -5.959459
4.033202 -4.407389
5.792517 -7.649909
7.027052 -9.438577
4.972155 -8.409605
3.847854 -5.927209
4.634704 -7.079665
6.966930 -8.918688
5.071725 -6.308178
8.262934 -14.154431
11.835472 -6.347568
8.377579 -9.150349
8.332062 -10.131179
8.119308 -9.325089
7.654129 -8.046577
9.154379 -10.245528
7.149712 -12.548814
7.776333 -9.320723
7.360217 -8.050883
8.031642 -10.052605
9.163737 -12.458885
3.787413 -7.159845
5.871953 -9.229902
8.070066 -9.848855
9.512026 -13.786283
9.925549 -14.771305
12.941328 -16.690495
18.051197 -12.361465
15.106698 -9.299567
