2.158819 -9.890359
4.835465 -5.493879
5.390626 -0.051511
8.117033 1.851576
7.963470 1.765595
8.815675 4.255318
10.549332 5.066344
4.879887 3.556345
7.558227 5.201829
9.405756 4.276951
9.616617 5.240406
10.399460 5.056708
7.755191 3.979128
5.211454 7.053977
4.994537 5.181023
4.852172 4.564097
5.009708 9.627779
7.080667 11.078189
13.659836 10.533089
10.998399 14.320397
11.063957 11.211796
11.744308 11.498831
11.949522 9.166049
11.652477 9.619609
12.785498 9.165584
15.225857 6.802442
11.985886 8.961007
5.203840 6.822271
5.441436 3.838950
3.732821 4.565562
5.422410 6.083090
5.402840 10.136144
5.448978 9.521513
6.534781 4.304370
8.721066 5.499281
9.556499 4.252981
5.907218 4.954265
8.361056 4.344879
6.617799 4.844429
4.416039 4.693255
5.015632 9.286851
4.324327 8.383357
4.715670 8.771441
4.954668 4.778229
4.949499 4.193023
7.060765 5.202567
4.678748 5.343729
5.054326 5.182388
6.950420 5.566898
4.916525 4.860635
8.267011 4.880904
8.513425 5.100115
9.577227 5.112929
11.599035 6.195099
11.831606 4.715875
10.644136 4.299317
8.355562 4.242307
9.814507 4.188222
9.664747 3.639150
12.172148 4.624475
9.216678 5.624122
10.754179 3.784220
7.496610 -1.926927
7.468609 -0.380089
9.885786 4.498045
10.094973 3.572739
10.324011 4.352586
10.244491 4.872302
7.752316 2.857146
10.182034 3.882951
11.092128 3.854267
14.402081 6.908403
13.156404 5.966274
11.013369 5.540919
10.635027 4.633499
8.528168 5.558821
10.293960 5.573635
8.026153 5.308836
8.130789 4.459187
11.029694 3.713237
12.697666 3.850343
11.640414 8.214618
16.559671 10.245493
11.560583 8.474642
12.433523 7.929864
13.352411 4.830347
13.122944 5.142572
9.297779 5.238963
9.070497 4.506521
8.325638 5.326950
10.070457 5.026188
9.323083 3.417450
7.693928 3.857033
8.169045 4.996480
8.243901 3.471658
7.254318 2.125856
8.564381 1.656409
8.329561 3.062843
10.605357 4.425980
9.835537 4.693532
10.735992 5.627495
14.898045 3.629356
13.733067 4.218877
15.394308 1.538064
13.490071 4.921493
10.885690 4.225315
11.865189 5.676698
16.637203 8.534186
16.219028 9.077291
11.691605 15.488886
7.854412 11.098348
13.076956 17.569670
8.617891 11.362061
11.744370 12.651641
11.564667 6.244144
13.958431 6.980896
13.023674 6.969006
11.853190 10.031894
