-1.230311 -4.329231
1.869565 -4.087179
4.928364 -1.740856
7.447077 1.082747
6.733252 -0.588081
7.198386 -1.803742
2.648800 -1.903731
4.813603 -2.586879
4.984505 0.041973
7.461266 -0.068721
6.347248 -0.565835
7.017879 -1.479948
5.371304 -0.251451
5.111817 -0.604057
5.551615 -1.061228
6.946884 0.597451
10.281295 3.454416
9.015795 1.660991
8.846532 1.375361
10.615316 4.632533
10.972961 5.068400
9.869944 5.245242
11.995769 3.720315
11.475868 4.284861
13.556904 -2.952026
16.966534 0.871339
15.143394 2.833246
13.220442 5.174593
8.690134 3.896719
10.251209 3.939482
10.683327 5.382411
12.528614 5.130386
14.758459 5.211902
10.475807 3.600234
10.327621 3.829979
12.648102 6.032942
11.787310 6.058388
11.623293 5.865634
11.400843 3.454217
9.341243 5.340722
7.928092 4.812407
12.549580 5.344375
13.340826 8.619838
11.766703 6.741097
8.075868 4.500284
9.233856 5.290410
9.921885 3.497998
8.287675 2.456626
7.813482 4.385028
8.573137 3.477801
8.478330 3.125929
8.772165 5.531069
10.854986 5.599508
10.947607 4.115517
8.460123 5.116373
9.129359 5.121290
9.340859 4.539758
9.465494 4.589329
10.506144 5.022229
7.639485 2.384073
7.852057 1.384198
8.324828 1.286678
9.159245 3.563637
8.654076 4.178358
12.618226 4.204627
16.475811 2.880504
18.950571 3.085166
