-4.959168 18.278652
-1.381975 12.333310
-0.952205 14.415920
-3.411259 10.155038
-1.055817 7.329201
0.874127 9.916309
1.872660 8.860177
5.587285 10.558800
4.335925 8.453848
1.448403 10.240759
-0.639496 10.869266
1.418245 9.552963
2.433861 11.002213
-1.795618 7.466983
0.820824 9.851850
-3.536622 10.705920
-2.452251 14.933158
-1.281981 18.074041
-0.920236 13.844720
-1.799172 11.211274
5.047523 7.928324
3.698055 10.105454
5.296866 10.112421
4.296121 11.866337
8.343195 17.223160
5.356861 12.413424
6.939140 15.054460
5.677150 10.066865
4.576914 8.917832
5.950599 7.839956
5.899428 10.501937
7.156746 10.825004
8.054082 12.653158
3.818088 16.286623
5.715004 15.977968
3.974600 8.701790
0.331331 8.677350
0.954529 10.265519
4.484306 9.176270
4.295233 11.144378
0.741557 8.188182
1.734523 9.661107
2.951017 8.915733
8.044472 11.561971
4.669436 12.127373
4.441705 17.428938
