-1.180979 8.967310
0.761601 4.967262
2.742024 3.823744
4.984192 2.872996
10.614498 4.977799
12.839050 4.438691
8.445335 3.904675
5.482390 1.107871
6.933291 2.241014
8.476269 2.589872
6.696088 1.351404
5.615932 0.562654
5.738611 -1.454619
5.891062 -1.704320
7.387057 -2.421955
7.084529 -0.033448
6.935684 0.210897
5.552210 1.632138
8.765678 1.535390
8.876399 3.784551
10.365793 3.549808
13.312253 4.298948
19.348896 3.569219
13.005889 3.580540
10.387812 3.484628
9.226969 3.621294
8.173510 1.979727
5.517105 2.871689
7.263900 -1.260574
5.504480 -2.282813
3.245661 -0.474558
5.688244 2.837610
7.925428 1.288204
7.592804 1.270742
8.652836 2.306720
5.957552 0.534536
6.723247 2.187820
7.767269 1.380054
9.073535 2.853511
7.304663 3.974811
8.661575 2.368074
7.463608 2.483354
10.329811 4.474167
13.232430 3.952877
14.794585 0.495678
14.366978 -0.074437
14.378216 4.319707
12.626184 -3.262176
18.293858 -0.799058
16.030724 1.371804
14.876704 2.016276
19.237255 -0.782055
16.172482 4.395240
11.151062 3.685824
12.192278 4.780104
12.349787 3.929185
14.781554 3.261580
16.096405 5.075057
13.986893 4.145926
13.256115 3.702918
5.772643 3.740409
6.202662 7.013612
5.406418 2.765178
5.059546 0.766210
6.851131 3.063119
5.809167 -0.414502
7.055223 0.344993
7.372268 1.590097
6.033442 1.143388
6.898749 0.530792
11.440134 -9.288262
15.098938 -7.972213
12.329786 -6.061753
11.358230 -9.661620
14.075563 -8.877929
14.462599 -0.008642
15.617360 -0.697546
14.807245 5.689658
12.517646 4.164124
11.649892 5.643027
9.873449 4.023768
8.286946 2.749498
8.246005 2.948659
5.060859 0.921486
7.098372 -0.759640
4.272081 -5.268843
5.222132 -7.211012
3.642095 -6.386003
3.918512 -4.690318
5.393955 -6.017711
5.127246 -2.695056
7.400098 -1.569976
7.452936 5.564048
7.599874 4.268972
9.652157 4.557285
8.480005 2.514462
9.351711 4.567755
11.582481 5.049896
16.937613 4.197907
14.088595 -4.389881
13.734106 -5.363486
10.119188 -10.107680
6.544066 -10.701350
4.541841 -7.800460
5.683200 -4.894186
3.057074 -1.747962
6.706579 -2.282592
7.087095 -0.853013
3.820107 -2.844851
3.418127 -2.635492
4.775636 -3.058116
5.160668 0.138964
9.611537 5.144217
11.986466 4.803412
12.291231 6.643239
12.201529 5.225722
10.197248 4.444605
8.665100 5.560473
8.853998 3.133194
8.414211 1.472425
8.881696 1.312077
9.040370 1.376330
8.163722 3.069736
8.627059 2.919858
8.618971 4.519716
11.936982 6.244098
15.242210 5.686190
12.123060 3.625939
13.373686 4.445414
11.061078 5.528219
12.983622 4.408830
9.726615 4.111778
13.144441 3.437313
13.070738 5.781528
14.094793 4.021712
14.600791 0.716496
14.025601 -2.822089
13.968307 -1.930026
16.193150 -0.976565
14.261000 1.460521
14.684212 2.397171
17.708994 4.989251
10.230936 3.585558
10.239550 3.701612
9.856124 4.359139
8.667612 3.517650
9.596809 4.860331
10.510029 3.422320
10.340347 4.954974
10.166553 5.270535
6.478434 2.363269
4.451427 -6.500662
7.614578 -9.648572
14.555653 -6.148928
13.657937 -1.588794
13.189601 -2.193121
12.767209 -1.834302
17.469042 -5.074223
