18.332083 9.268624
11.171471 4.487397
10.230441 3.438809
10.042608 3.871168
9.088366 3.448828
7.902009 3.806515
8.883579 4.173929
6.703717 2.070133
5.120652 6.825484
3.954469 7.349736
6.455853 8.174276
3.385797 6.479921
5.928105 5.568130
5.816939 8.134865
5.854850 7.334489
3.477874 7.554869
6.503963 7.266544
6.282975 6.780465
5.661525 3.492022
8.827038 4.493647
7.095193 5.525179
9.828794 5.177264
8.484278 5.247921
8.583864 5.649224
8.910583 5.357533
9.863073 5.365057
9.369664 5.078668
8.293163 5.053790
7.647388 5.514510
11.300194 4.755753
7.584245 4.927506
9.411337 5.538944
6.046422 3.002407
6.150629 6.208952
5.119186 6.953483
7.233390 5.472190
8.839333 3.394052
7.920279 4.721611
7.093950 5.213218
4.308435 4.941822
6.518565 8.419804
6.092888 6.294094
11.759942 7.548197
15.386582 8.427775
9.371988 10.967523
11.260723 12.764492
7.351116 13.039265
9.975460 13.034761
10.676353 12.471968
11.278651 13.087184
6.661209 12.961514
10.120744 13.994350
13.364821 10.911623
11.554863 9.340159
11.919196 5.142585
7.180066 4.642744
9.728809 5.169634
7.814999 2.148765
5.702331 6.181818
4.124687 8.105015
7.010905 4.925991
6.988148 5.396108
8.202538 4.160143
8.868210 5.648624
9.657319 4.951175
11.924130 8.585986
11.598631 8.457547
5.926023 10.844001
6.367631 7.767229
5.792922 4.690317
8.980164 5.646962
6.464668 8.737062
8.435667 5.435809
9.139410 4.689033
9.035998 5.486225
9.557347 5.028569
13.061759 4.524995
12.926468 9.073817
11.158945 11.898468
10.459276 12.646810
11.646818 11.700973
12.772404 6.185655
12.412812 8.047132
15.253000 5.232014
10.221357 5.366783
9.384310 3.593776
8.615133 3.334387
6.597030 3.061864
7.133337 2.626799
6.969305 1.960086
5.138417 0.920129
3.432857 3.778493
-7.121818 -8.257089
-8.919134 -12.023891
-18.967493 -16.696280
