-12.258268 -7.878687
-5.548537 -7.209089
-1.893932 -7.782431
5.773481 -3.829970
6.076840 -4.850929
5.583658 -6.937367
4.322960 -2.680887
5.971750 -4.969614
4.755466 -5.649947
5.490604 -7.148655
6.762222 -9.403872
5.264327 -8.650580
8.266359 -9.230697
7.338670 -8.969936
4.900689 -7.963525
3.819699 -7.263318
3.857925 -7.468470
9.257034 -9.813254
3.531176 -8.717293
5.939580 -1.694434
6.266429 0.037728
6.809912 -1.122048
7.175815 1.095449
9.027801 3.358382
6.343430 1.645315
7.296738 1.141311
8.678715 2.190966
8.734767 3.201086
9.216557 4.750041
10.682947 4.958704
11.287827 4.222740
17.838566 4.501309
14.792736 -0.526731
15.353323 4.895243
13.113289 4.801979
12.008212 8.954782
13.578642 5.573792
13.142607 3.699575
13.363567 4.516351
15.972679 3.842097
14.098602 4.506288
16.711508 1.408650
15.055699 -0.272185
15.371825 0.132693
12.331666 -4.429535
8.907055 -8.660861
7.055223 -8.613786
4.180632 -9.761165
5.884763 -5.145016
5.624898 -3.249610
8.984966 -10.521698
8.904877 -8.854686
6.746194 -10.753882
11.604671 -3.752359
12.857353 -2.145328
13.509935 -2.076013
18.668556 1.643265
15.310850 3.486179
16.116913 2.581385
18.715630 2.174792
12.504213 4.673851
9.231424 3.673735
10.355721 4.120962
7.508792 1.925017
14.157658 1.214724
14.771784 1.665785
16.080223 0.386638
17.864941 4.497882
11.346497 5.312521
12.346365 3.711668
13.284658 6.770800
12.069477 5.781790
11.009133 5.467868
10.174728 4.223235
10.033264 4.776620
10.798925 4.461743
9.059777 4.169255
8.843418 2.400267
6.118351 0.829323
9.045794 1.771695
8.975784 2.676519
8.322487 3.609666
6.166327 0.374043
6.889482 -1.000459
5.728344 -1.450237
6.436002 -1.003942
6.034229 -1.869415
6.311876 -0.743968
5.602310 -1.912323
6.640142 -1.191254
5.018628 -0.135187
7.893942 1.665506
8.810264 1.922800
7.996370 3.175331
6.088526 -1.209139
6.558049 -1.316763
6.409345 0.499349
6.991620 -0.984559
4.528127 0.602875
4.852158 1.685494
4.403136 2.913239
9.728725 3.582672
9.275806 4.898543
8.885097 3.212412
9.105272 1.843215
9.013634 3.383375
7.282612 1.857561
9.703306 4.220740
8.963101 2.124941
5.576603 5.560492
12.745275 4.419958
9.872583 4.621426
14.935686 2.010643
14.275864 2.398628
14.349572 2.723034
15.207720 -0.978057
15.945889 -3.356266
14.764315 2.218393
13.806915 -2.618690
14.518969 5.789609
14.115793 3.550942
15.226849 5.074679
13.092632 4.583601
10.847548 4.058039
9.981703 3.902892
10.612446 4.313213
12.544164 4.088005
11.745293 6.741917
12.606046 3.767047
10.058154 11.201616
6.425274 8.795513
6.637949 5.170675
8.029081 3.831984
6.820192 2.988622
12.992266 4.300353
12.584227 -4.710748
14.569997 -2.651518
15.804723 -2.002449
12.819233 -1.639072
14.270203 -2.568333
13.667538 -3.060766
15.647327 -4.375539
14.189892 4.351631
14.370176 2.550527
14.394937 2.087664
13.118633 4.554440
12.916027 6.142672
8.721552 2.249602
8.896806 2.512317
9.770544 4.202438
13.104868 3.973865
12.202269 4.409866
11.130673 4.578219
12.175272 6.802319
12.316750 6.083930
10.333158 4.591438
9.562298 4.013689
8.609241 4.511985
8.667811 2.837649
9.354610 4.484775
6.213289 0.973927
8.940069 3.205793
8.608205 2.662573
10.352616 3.820804
9.092894 1.417024
6.919012 1.280035
5.917454 -2.454582
4.553789 -6.743726
5.990377 -6.925942
3.380003 -5.676652
4.575274 -5.029730
7.179498 -1.241894
6.696895 -0.213008
11.565336 -4.805641
14.867222 -7.659720
