11.759820 10.530522
15.137797 11.324389
12.937460 4.279651
10.031940 4.629929
5.828723 -0.250598
6.179665 -2.028452
6.262704 -2.806389
5.855624 -0.778363
6.393305 -0.784893
6.659343 1.025017
4.534369 -5.055511
6.103068 -2.263203
6.534464 -2.549616
5.316848 -2.122111
5.216181 -1.924751
5.911874 -3.067484
6.041026 -1.253582
7.823307 3.918372
10.304564 4.205623
13.332149 4.542960
9.557963 3.669732
10.107313 5.504666
9.855200 3.942056
10.442839 3.612594
10.151052 3.771627
10.978859 3.577950
10.212350 4.958195
10.605103 4.811161
6.772655 3.700934
8.553432 1.957848
5.924322 1.225508
4.361837 0.597982
6.790148 0.980140
7.066629 -1.002411
6.214802 -0.582554
7.276850 2.454955
9.507559 4.219653
12.532397 4.176802
10.723103 3.582311
12.534027 4.271692
11.051010 4.444606
11.980412 4.054761
7.844035 3.846064
6.627679 2.149560
6.280911 1.148248
7.326063 -2.318621
3.966655 -5.062210
5.551131 -4.651580
5.672120 -6.248838
5.018726 -8.981188
6.408850 -8.201816
6.885421 -8.715589
8.595653 -8.677697
4.033330 -4.062516
4.571115 -4.619675
3.654483 -5.804295
5.465147 -7.455061
5.703668 -6.590176
12.732254 -4.965197
14.533820 -4.174440
10.055012 -8.218101
3.906296 -8.066970
10.822214 -8.920509
7.167014 -8.139537
4.783366 -8.749843
6.123852 -6.136302
5.896715 -6.569099
6.518149 -8.831661
7.275987 -10.148721
9.172780 -11.474804
11.597597 -8.345596
15.950734 -6.251753
14.175084 -2.658745
15.000795 2.125929
14.738729 7.053417
14.529078 -4.427287
13.624453 -9.365058
10.830212 -9.215219
11.977503 -10.802510
10.354712 -12.201195
10.203673 -10.692860
4.465541 -6.975351
3.714642 -1.997982
4.073935 -2.084845
5.936086 -1.109884
7.325113 -0.739388
6.719714 -1.833119
6.774891 0.059142
7.395745 0.663122
5.499341 -3.254976
4.044484 -1.093824
3.235663 -0.619676
8.716660 2.659081
16.210348 2.933818
13.219087 4.485820
11.138077 3.958905
9.965316 4.797509
14.105032 -1.872483
14.720701 3.091406
9.882656 4.424577
11.418547 -5.659159
12.994705 -8.393088
12.973988 -7.478210
12.736905 -2.377105
12.838373 -7.934965
4.398959 -7.915711
6.114201 -6.309438
3.763850 -4.693534
6.719779 -9.386681
8.465586 -9.822713
6.528244 -8.674490
5.406090 -7.824692
2.951649 -9.657976
7.225042 -8.402441
4.198777 -7.294772
5.724957 -4.957337
4.198637 -7.065890
5.788744 -6.852585
5.669104 -2.907005
6.904382 -1.234099
7.322921 -0.108146
6.787302 1.088857
4.585340 -0.639917
7.384924 1.536844
8.100651 2.431711
5.017549 4.048840
10.226123 4.062346
9.474327 4.571758
10.191732 3.552951
10.943329 3.769240
11.497171 3.610501
10.379558 4.993642
7.312249 2.102245
5.413027 -0.003678
4.946755 -0.765890
5.488859 -1.230835
5.167960 1.041132
5.808235 1.018888
8.072452 4.682545
7.516872 2.334859
7.859487 2.602850
8.910440 4.360989
12.304208 5.404969
10.740458 4.259646
10.788838 4.489408
10.939959 4.361926
9.588212 4.208592
12.276361 5.667750
8.945437 4.033948
7.868497 5.110488
11.587038 4.906305
9.034004 4.070916
7.288829 1.580688
9.030526 3.560516
10.831545 4.579617
13.942172 3.660617
13.398050 7.964802
14.182521 3.301728
14.218892 3.758106
9.642081 3.435278
6.523311 3.490373
5.978515 0.416770
8.369270 2.071549
6.201586 1.632201
10.219391 4.599736
10.906615 4.723269
10.608599 3.655442
9.745123 4.659093
11.218912 3.674935
8.791945 3.526958
8.993299 2.209596
8.722548 2.799135
8.920685 1.390793
9.732611 5.304566
11.030961 5.412042
12.218678 7.761631
12.023652 6.667773
13.691827 4.069024
16.148964 2.622333
10.675840 5.621939
10.577047 3.591766
11.115446 3.984717
7.432594 -1.905777
8.897727 1.576546
6.142570 2.351350
9.384047 3.871874
6.091075 -0.210060
7.274010 -0.300343
14.326212 -0.757366
13.734749 -4.276909
11.760757 -3.841496
11.887676 -6.534060
11.187351 -5.098350
11.897991 -4.308090
11.489357 -5.670969
12.169283 -11.541612
9.905915 -8.000852
14.010010 -7.698545
15.732788 -8.434627
5.993425 -8.629264
5.058887 -5.279301
4.726670 -7.443465
5.258876 -7.989105
7.480897 -9.784478
