4.623029 15.939139
14.067343 9.240038
13.734051 8.610738
12.682203 8.218822
11.706606 8.143669
11.834985 9.457370
12.644884 7.229702
13.933125 4.386656
12.562771 3.683583
14.085395 4.438772
14.765057 1.059042
14.148247 2.356354
15.039000 -0.687031
12.925867 -4.484303
14.187334 -1.585342
14.885469 1.535815
15.533981 9.075096
11.745104 7.331711
12.141427 6.267466
12.878052 5.685197
11.056341 4.667253
11.377313 4.601452
10.360432 5.162971
8.241693 1.952421
6.081903 -1.155638
12.691229 -6.627948
17.505070 -11.366765
11.161837 -7.499171
5.658762 -7.844233
6.886772 -9.180804
8.258480 -10.082701
9.544011 -7.938288
11.244746 -4.559215
13.155602 -3.571700
14.582603 -0.378832
14.278467 2.489718
12.134949 4.176534
11.375257 5.347765
10.818850 5.436051
9.546516 5.266804
9.692561 5.388544
12.775299 3.421677
13.194042 6.147832
11.658151 4.605346
11.714930 7.421058
11.730467 6.339213
18.855122 9.783086
15.777699 0.437433
14.618753 1.959467
15.095793 -3.180451
13.011793 -3.469279
13.145635 -9.192884
12.488405 -10.228292
10.756126 -11.084416
10.916923 -10.714475
10.431467 -7.902556
13.024396 -10.172326
10.853929 -8.973034
12.254269 -8.520868
11.369073 -4.905019
11.345322 -7.265239
11.158243 -5.519677
11.787077 -6.497738
16.821552 -4.361866
14.159759 2.423900
15.095448 1.068186
16.156633 7.236918
12.651013 3.930604
9.245766 5.504519
7.150351 5.003833
6.208183 5.047254
7.443392 3.824136
6.448068 3.835033
10.056982 5.619925
10.034475 5.120683
8.834690 3.464896
8.520999 4.127633
3.848373 -3.334084
3.101204 -5.115420
5.351105 -6.221872
4.458954 -8.648122
6.404090 -7.925087
8.436570 -10.410916
9.315988 -9.556157
8.508144 -10.977918
15.491990 -15.884139
