1.105866 -17.927807
-2.594090 -15.585622
-2.085468 -12.512385
0.331608 -9.415155
1.497684 -4.412206
4.129516 -2.280915
5.523442 -1.284365
5.816805 -1.762664
6.313963 -0.084628
8.269430 2.183240
8.635235 2.010967
8.511198 4.124546
7.648130 2.878215
6.991692 0.565266
7.026467 1.269182
6.431663 3.040040
8.796404 3.565661
8.896744 3.187665
8.434420 4.602026
10.472987 3.595560
9.313419 3.421255
8.106524 4.186385
8.403418 4.071840
10.433006 4.607480
12.528604 4.549552
10.598170 4.533954
13.380764 5.472044
18.351246 8.769752
