-12.882636 14.366107
-9.148072 4.666915
-9.922497 4.645861
-8.214029 4.050846
-9.108980 6.681169
-6.130350 6.840382
-5.977200 8.303385
-4.788715 6.673443
-3.617759 6.755597
-1.357462 6.626169
-1.542135 8.248724
-2.857780 4.782094
-2.855908 4.789851
-2.173702 4.838316
-2.896681 4.797424
-0.986183 5.334326
-3.545286 6.827238
-3.672650 6.394836
-4.776935 7.609222
-5.089079 6.396724
-5.332476 6.943335
-5.059731 6.671266
-4.437310 6.970610
-4.220345 6.100889
-2.025206 5.901895
-2.576092 4.162900
-3.129219 5.150502
-3.032974 4.694654
-2.533013 3.653308
-1.260884 3.188563
-1.683777 2.891212
-2.865544 0.190818
-3.459364 -1.239435
-2.808079 1.160569
-4.472958 -1.682026
-2.315396 -3.405365
-4.321874 -8.707597
-2.267167 -8.896173
-0.182339 -11.151994
2.581913 -18.355890
