7.974502 -10.255803
8.006331 -8.004956
5.141102 -9.921282
3.581457 -2.100985
2.472031 -0.946850
-0.605687 -1.012599
-3.393970 0.083270
-3.453348 0.800343
-2.708116 -0.053108
-1.938056 0.708783
-2.719792 2.231108
-0.521007 3.463480
-3.036923 4.547453
-2.018297 5.399747
-4.302400 7.745406
-4.737928 5.934343
-5.133368 6.532461
-7.645728 9.634764
-6.815805 7.152559
-7.037666 6.228532
-7.393078 6.177582
-4.516775 6.026924
-5.867110 6.894005
-6.598794 6.197342
-7.548610 7.016283
-8.194968 7.922330
-7.080451 6.289147
-8.467212 5.907915
-9.087285 3.885430
-9.957118 4.669906
-9.394126 7.390177
-8.212397 2.126437
-8.721281 2.751208
-12.652960 -1.242882
-9.788305 0.425688
-10.276055 -3.291093
-9.833363 6.439081
-13.008915 7.933282
-11.827562 10.154570
-12.504397 13.933016
