-13.560713 13.272023
-11.966572 5.937240
-9.867827 1.101144
-9.360153 2.270229
-10.569106 3.851736
-11.751424 4.855676
-11.096268 8.100816
-5.319117 6.292457
-4.327967 6.027666
-6.200786 6.661920
-4.058835 7.357849
-1.149694 5.258840
-1.253820 5.395239
-2.431305 5.589253
-2.653691 6.721799
-2.651361 4.141709
-1.901477 3.064156
-1.473973 2.962644
-2.427828 2.283359
-1.978556 0.867134
0.744347 2.375284
-1.670267 4.625301
-2.585150 2.034353
-2.672199 3.304080
-2.479962 2.246663
-2.284154 3.527358
-2.996603 5.313697
-4.482276 5.967282
-7.652356 6.942324
-7.887756 7.189610
-8.801813 4.276240
-8.916683 5.200324
-7.461615 7.511461
-6.101473 8.247200
-4.975279 7.602755
-6.591084 6.069316
-5.421782 6.035417
-5.606434 7.052411
-7.245935 6.997123
-8.088596 7.122370
-5.382716 6.161759
-4.934684 6.566474
-4.764960 7.152028
-3.121558 6.813731
-2.013656 1.372452
-2.166191 2.473927
-4.178759 -1.533845
-3.806899 0.829033
-2.576080 -2.089365
-4.544874 -0.393523
-3.881466 -0.376924
-4.548139 -2.965323
-4.360548 -0.967030
-4.404942 -4.607090
-4.720742 -3.907616
-4.909796 -4.919055
-9.361134 -4.768091
-6.483791 -5.473067
-7.333375 -5.743536
-6.974605 -7.558841
-7.282697 -7.700136
-6.724514 -6.899659
-7.074716 -7.394265
-6.193163 -8.599996
-4.592639 -12.892929
