17.450453 -5.572107
16.042854 -9.073173
13.082661 -3.270492
11.776905 -5.261656
14.188416 -3.533093
13.437794 -5.621021
12.645161 -8.205144
9.052503 -11.217638
7.848096 -11.431876
6.533615 -9.501682
7.315658 -8.076772
9.207796 -10.787756
6.708893 -8.304491
8.462754 -9.053430
5.477531 -8.347165
4.326391 -5.872113
5.522739 0.232485
7.007818 1.117514
9.107281 1.996655
8.882791 1.574147
8.069994 1.402099
8.474318 1.872457
5.792961 0.985247
7.099173 -0.344569
4.961311 -0.830745
6.288424 -2.237660
5.870401 -0.820631
6.611291 -1.100466
4.725786 -3.505744
6.070004 -6.438113
4.226027 -9.762301
5.677508 -8.379336
3.312024 -9.017491
2.431490 -6.209568
2.188048 -7.241637
