10.056450 11.628297
8.353790 11.541422
11.115066 11.991517
12.272243 8.894779
11.560280 3.789427
9.256310 4.978661
8.886568 4.461598
3.935166 1.999989
5.565767 2.880191
5.547940 5.086941
6.073874 4.966465
6.417670 6.095969
5.623386 9.529214
5.299578 9.645547
5.462066 8.970498
6.056404 9.050486
5.488531 8.162804
6.404984 7.029283
4.206432 5.833390
8.705715 5.364217
9.987230 3.903627
11.043756 4.249387
8.568233 5.007652
10.454073 4.262359
5.535094 2.236989
8.018806 5.139901
7.589963 4.549281
8.759215 5.293427
9.387093 4.234875
9.893705 4.217380
11.412296 5.524638
13.443719 7.261715
15.797835 0.506313
13.964179 4.318619
12.273520 7.715036
12.719263 6.869708
12.409247 3.727309
7.682838 4.377953
5.651354 6.442441
5.778958 8.304994
5.621002 7.562251
5.630334 6.535759
8.601124 3.086308
8.994139 4.235944
10.515444 5.149916
14.473442 2.924340
12.155613 8.684185
14.646740 9.043856
13.547689 9.916412
16.870415 13.953974
9.515730 11.203574
8.814145 10.889539
9.502356 12.283072
11.027109 11.235717
7.481847 11.021311
6.839918 10.878774
8.538609 5.614745
11.313856 4.098855
11.887421 5.443405
6.515663 12.512153
5.989426 10.255750
6.265306 7.098531
6.128084 8.656314
4.597329 10.100195
7.760165 11.019323
9.580451 12.533362
5.951115 12.616521
11.898100 10.544348
12.603498 13.255848
8.415512 11.175926
5.446330 11.584423
3.686352 9.617421
4.259179 7.444128
1.549928 8.434208
1.923446 9.677763
3.816702 10.451274
4.218813 7.796027
5.622606 6.334070
3.314124 6.000094
7.796388 4.597322
9.722561 5.485995
9.453629 5.627417
9.777036 5.528613
8.602923 5.146116
8.849886 3.966396
5.264808 5.771624
7.727340 3.295738
7.380153 4.102972
8.291305 3.228121
7.476315 1.578137
5.866549 -3.025532
5.602254 -7.753606
7.415799 -8.764776
10.351767 -9.292810
12.138611 -6.474813
13.468574 -6.384355
18.698143 -9.137004
8.506546 -7.832659
8.987807 -9.979394
4.988819 -4.603744
3.311312 -4.921922
11.275504 -4.157720
8.306038 2.785547
10.446323 5.339763
9.438750 3.861281
12.329351 4.786880
8.404673 3.466491
4.397449 7.423040
5.767672 8.674909
6.478988 9.211165
5.270200 9.652351
6.522262 10.286157
6.547657 10.714240
8.820477 12.892735
14.318398 8.884985
13.948140 7.427915
13.513712 6.952177
16.006947 14.467546
10.674575 12.305511
8.569052 15.028831
4.830333 9.958741
6.189140 5.840765
8.017592 4.337210
8.013196 4.838955
17.763874 6.125388
11.909190 7.441494
11.627972 7.744525
11.610255 5.674454
9.705065 5.097752
7.426346 5.428287
9.311977 3.542415
5.697726 5.948017
7.712246 4.871615
10.926247 4.901190
8.120293 2.762465
8.038384 4.614844
5.967153 3.135663
6.178032 3.512065
6.045467 7.229795
5.483447 5.798574
5.732605 6.765193
8.415812 1.686119
8.284527 1.713038
9.055199 5.388148
8.758995 3.671472
9.601122 4.311666
12.820197 4.255480
12.081848 7.405368
13.727421 4.935953
12.067123 6.238434
12.089536 5.903709
10.023741 4.058655
5.779270 5.782274
9.660379 5.121272
7.866891 5.500447
9.102587 5.065311
9.487035 4.350275
8.039144 3.505056
8.033587 4.496698
6.616324 4.401053
5.690251 9.613646
5.503576 9.424801
5.942331 7.315132
-9.730694 -11.096649
-16.957304 -15.406293
