4.275633 -4.168108
4.421824 -4.620218
2.396045 -4.236626
0.638725 -3.902498
1.552193 -2.899488
1.217725 -3.371813
1.549590 -1.009775
0.638045 -1.214646
0.693337 -1.198830
1.126998 0.690340
2.056438 1.409768
4.077044 1.527104
4.928376 1.417044
5.338388 2.132610
2.473980 1.553307
3.359386 1.556389
6.291963 1.073082
7.540556 1.844292
8.415765 0.016395
11.376362 -1.066896
9.262710 -8.770194
4.554635 -7.770526
7.077968 -8.665049
6.533517 -9.048710
7.265438 -11.119823
6.538601 -8.633361
6.694456 -8.893323
7.293889 -8.685180
6.887362 -8.070552
7.437737 0.229377
8.743431 0.632109
9.803820 2.063878
7.444728 0.390337
7.680226 0.424377
7.305029 2.062972
9.560998 1.611584
7.077810 1.639693
6.400731 3.031148
9.623524 1.132230
7.345420 0.877052
9.727253 0.411532
9.772793 1.909779
10.427748 0.214656
9.191329 1.440313
4.831497 2.454869
8.687459 2.652912
7.884551 2.627267
7.066457 1.757764
8.880858 7.573881
7.267512 11.128085
