13.282415 4.497001
12.074007 2.783120
10.139004 1.470358
1.584965 2.321904
1.589669 0.118416
1.653487 1.212321
2.237324 1.169959
4.052463 1.349044
7.542000 1.299834
6.495026 2.777393
3.669712 1.259719
2.689484 1.324173
2.649179 1.605089
2.913208 2.059551
1.507046 2.760786
2.532934 1.458317
1.824965 2.682982
3.285640 2.422790
1.746072 1.050579
1.590097 -1.435513
1.066041 -2.798236
0.872986 -4.528692
2.395164 -4.715489
-2.036095 -7.662124
-3.131659 -9.499938
-5.112359 -9.105821
-7.819190 -11.332431
-11.935917 -11.040414
-10.356280 -11.413430
-17.850666 -12.402780
-17.935183 -14.631118
