3.312555 -16.337254
5.172466 -10.373000
10.277007 -9.356492
8.110552 -9.119980
9.830945 -8.488860
7.952950 -9.801251
7.091908 -8.430021
6.949176 -9.574972
11.052368 -9.611804
8.352885 -10.754786
5.514537 -8.001711
4.016541 -4.479496
0.358236 -6.652078
1.750120 -3.748130
1.389546 0.652386
1.743734 1.809754
2.636881 1.629610
4.942895 2.141235
8.804636 -0.001150
7.534310 0.526896
9.056658 0.618302
9.097039 0.153966
8.941338 -0.195292
8.750267 0.030641
6.234565 2.183352
3.931987 1.517158
5.738583 1.121276
4.377106 1.622788
4.259628 1.329068
2.854824 1.364789
2.745042 1.078322
6.411644 1.548117
7.667540 1.500250
7.779055 1.561281
9.443991 1.246843
9.160139 0.731220
10.103911 0.400279
13.158518 -1.024464
11.208132 -3.717184
11.797722 -4.006917
13.215830 -3.020200
10.635127 -9.288642
14.830029 -11.975232
11.008738 -9.167553
13.088997 -9.611025
11.022453 -1.979309
10.876099 -1.723679
14.638336 0.575251
9.362854 0.102039
8.640722 0.336280
8.156586 0.364717
7.466251 2.027984
3.790598 2.022491
2.756137 2.158731
2.265827 1.264707
2.966548 2.902503
3.087057 1.689736
2.797076 1.268442
2.831234 1.578728
2.145248 2.140958
5.363685 2.705804
3.834037 1.816475
2.986276 1.613068
1.446948 1.351877
1.551465 0.820982
1.170754 0.322652
1.109609 -1.038673
0.928507 -1.028941
1.480642 -0.148198
4.747141 1.685730
4.438626 1.087840
3.207131 1.226865
3.910840 1.991081
6.124376 1.162525
5.413095 2.163753
5.690545 1.262970
6.414749 1.175555
6.474308 1.647506
5.132390 1.596099
3.344266 1.585963
3.484077 2.778720
1.706133 1.658727
0.983119 1.493373
3.957565 2.810729
2.686601 1.585953
2.854568 1.289072
2.408615 1.513894
2.240225 1.237781
2.790756 1.757449
1.788962 2.860328
3.353369 1.641865
3.529671 1.476410
2.714097 1.675014
1.745428 1.075048
0.630795 -0.188586
0.522300 -1.517477
0.832455 -1.305324
-0.499653 -0.360179
0.842332 -0.138282
1.621710 -1.948380
1.162037 -2.518436
0.573379 -0.005065
1.692118 1.017012
1.524219 0.330228
1.782547 0.666493
1.263316 0.515845
0.415604 1.458612
2.420912 1.159977
1.279353 1.697186
1.972345 1.101442
2.456441 1.599326
3.912801 1.978895
8.052874 1.781476
9.644684 1.351345
7.213071 0.121656
6.925591 0.128743
6.597101 2.419443
6.671992 2.752020
7.950527 3.124486
6.679360 1.481397
7.793333 -0.196596
7.193401 0.726683
7.658888 1.165325
1.204297 0.629505
3.619157 2.451008
1.808363 2.053739
1.263488 0.288512
1.587280 -2.224738
1.407840 -1.575642
3.344984 -4.090575
2.188189 -4.529346
2.275454 -5.176628
1.364244 -4.179231
1.253005 -4.887328
3.071782 -5.085879
4.650414 -5.712039
4.466799 -4.045614
3.019005 -4.482935
2.497618 -4.517974
4.488873 -4.589538
1.712440 -5.009485
5.866962 -5.423327
6.113577 -7.260559
5.612728 -7.197247
4.408903 -6.932243
3.964478 -6.690813
1.524498 -5.069756
1.653533 0.353379
1.597699 1.007750
3.236923 1.891227
3.395103 2.109882
4.510257 2.715607
6.489742 2.666778
7.421676 0.284046
7.606331 1.566273
6.409453 3.476064
7.716013 7.686148
