-13.693597 -17.680080
-13.534605 -18.899111
-8.180737 -11.879773
-8.435877 -13.035173
-12.009575 -11.574606
-9.049011 -12.046664
-7.472949 -13.753892
-8.179043 -12.924758
-11.998253 -11.176098
-16.856976 -11.515654
-13.414347 -10.913949
-12.507484 -9.720946
-15.449427 -8.076047
-12.183298 -12.030747
-12.747460 -11.574542
-10.081075 -9.880843
-9.193629 -14.118682
-8.590720 -15.528034
-10.555318 -13.217332
-11.309632 -15.690363
-10.978121 -18.299173
-10.710374 -9.761863
-11.817264 -11.568579
-13.907425 -12.217324
-11.758417 -11.963169
-9.772364 -8.444097
-12.914671 -7.541423
-11.029626 -8.669893
-10.264955 -7.643007
-12.528025 -7.727339
-11.765355 0.218568
-9.011524 2.183161
-8.228134 3.100146
-8.018964 -0.073128
-7.519427 5.973131
-7.468223 6.625788
-5.642248 6.877341
-6.300680 8.201674
-7.654600 6.810228
-7.113350 9.824203
-11.008701 8.945949
-14.108139 9.752984
-11.257709 9.370276
-5.534633 9.257531
-7.471663 7.521507
-6.208356 6.721269
-6.217267 6.676956
-5.917470 6.593372
-7.697958 7.128995
-5.850201 7.198629
-5.186852 6.539812
-3.956061 6.576980
-5.185763 10.625032
-7.672352 18.531763
