2.014341 -15.824521
8.104375 -11.241197
7.161438 -10.979306
8.314906 -8.273295
9.522702 -9.873143
3.411474 -10.514251
5.101597 -7.118098
7.204417 -9.373509
8.575226 -8.253839
5.298405 -10.377900
2.256549 -6.872441
3.680879 -6.655079
2.441907 -4.728362
0.350222 -4.940735
1.754683 -2.748620
1.646102 -0.934965
1.521360 -0.477980
0.128643 0.654862
2.376163 1.576833
2.589608 1.473615
2.934615 1.593660
8.606833 0.882535
12.110910 0.840707
8.363150 2.212132
6.953051 2.423364
3.226244 2.532250
0.462721 3.395932
1.422489 0.024050
1.607462 -0.529833
2.040649 1.467207
2.885936 2.610414
1.696923 0.938173
2.148485 1.271614
2.859821 1.157370
5.254906 2.469465
3.723645 2.570860
3.292690 2.554914
6.659475 3.075031
4.959248 1.249518
3.156375 1.968630
4.600666 1.679705
6.287777 1.167378
6.632941 1.303331
5.372495 2.832015
6.091218 2.127957
5.654638 2.462299
5.624805 3.145081
8.226464 1.945801
6.973048 0.738215
7.968750 -0.187710
9.236761 0.270716
10.085814 0.843987
8.395264 1.916635
8.879169 -0.000730
10.002448 -0.012083
10.013729 1.514710
10.208648 -0.027672
8.536694 0.573966
8.685987 0.574770
11.688688 -2.102457
10.737024 -2.466315
11.937206 -6.977170
11.153678 -6.770994
10.827080 0.751567
10.521540 -0.744467
11.279537 -0.960173
10.667476 -2.465816
13.367550 -3.062917
11.159039 -1.125116
12.123067 -2.885679
11.817595 -2.112836
11.545116 -4.847785
11.139188 0.731026
