-18.146103 9.336465
-18.924974 10.145760
-15.015594 0.942957
-11.219660 2.469795
-9.872323 2.346483
-9.144555 3.285286
-9.330801 1.464671
-9.860264 3.476338
-9.001983 0.768540
-6.304894 0.933492
-6.116771 0.646107
-3.724400 -0.228065
-2.102271 0.726939
-3.947936 0.718085
-3.904097 -0.792138
-6.585876 0.167575
-4.147540 0.916458
-2.661717 1.284231
-1.222419 2.233010
-1.549875 3.854640
0.268301 4.029769
-0.220744 3.692627
-1.308802 6.406886
-0.493430 3.847545
-2.152253 5.962197
-4.629348 8.831397
-6.633747 8.686620
-5.362854 6.615129
-6.147069 6.371287
-7.565704 6.917692
-3.988474 7.846544
-4.326760 7.720383
-7.462007 6.819749
-5.412902 6.970566
-6.745987 6.686414
-7.380568 7.901226
-7.642239 4.422102
-7.952769 1.993043
-8.159134 1.949381
-7.033053 -1.178048
-5.614475 -0.399632
-7.078230 0.927875
-5.200043 0.515227
-3.739678 0.691481
-5.723875 0.193220
-5.505259 0.317519
-2.258894 -0.025964
1.408728 -6.195822
4.216747 -9.390113
3.793233 -11.911405
7.189987 -16.144377
14.677520 -17.430513
