-6.749483 11.321024
-6.611076 8.427049
-3.189471 6.530220
-5.424416 6.321846
-5.707524 6.906504
-5.360789 7.145884
-5.686535 7.671088
-3.105840 7.293332
-6.572664 6.732984
-7.665541 7.774206
-7.750016 6.150621
-7.693556 4.757554
-7.727550 0.968492
-9.747170 0.799171
-10.387543 1.365768
-12.161946 2.998293
-10.440996 1.698880
-10.112693 1.548204
-8.119551 -1.504968
-2.168074 -0.897907
-1.109762 -2.322318
-0.733109 1.033327
-1.435943 1.712529
-2.256246 2.988974
-2.008567 3.585871
-3.265067 0.463842
-6.671237 -0.042548
-4.254913 6.783069
-5.054595 7.372304
-3.673706 7.412878
-4.379688 7.496018
-3.815212 7.330029
-3.790558 6.935444
-5.206015 7.975004
-2.279973 6.917058
-1.715795 5.271548
-2.300236 7.611402
-4.032802 8.148242
-3.437597 10.150579
-3.894187 7.080189
-3.088783 7.217384
-2.326042 7.889774
-2.451037 6.000880
-1.875484 3.481629
-1.453180 4.986784
-0.456693 5.374631
-2.962649 7.215446
-6.388155 6.863562
-5.383814 6.404359
-7.684086 6.816726
-6.939023 6.958886
-7.304002 6.316956
-9.244328 2.799458
-10.297672 0.002005
-7.731629 4.193889
-7.601391 4.115594
-6.328304 6.620125
-6.227135 8.222247
-7.602217 6.020100
-6.826329 6.551070
-4.803272 6.858028
-7.068382 6.992844
-5.554863 6.401793
-6.906610 6.923491
-7.950944 7.326896
-7.773030 5.772537
-8.091767 10.937625
-7.047836 6.869287
-2.875395 6.759902
-4.068183 7.466688
-4.921973 7.021197
-2.835582 7.763766
-3.988037 6.786904
-3.644310 7.809158
-4.000054 9.403674
-1.659583 4.958498
-2.409121 5.421937
-1.385030 5.027562
-0.867737 3.381028
-1.819689 2.972131
-0.526816 1.458843
-2.146351 0.069004
-1.101931 0.477679
-3.985675 1.266999
-3.236325 1.193525
-2.385287 -0.850483
4.624398 -9.733468
9.479324 -12.835309
16.451954 -13.326469
