1.884907 -12.888777
-1.535116 -12.141157
-3.363467 -9.669625
-4.179695 -8.409830
-4.653498 -4.159903
-3.776891 -0.034824
-5.256338 0.529053
-5.309009 1.102127
-3.664839 1.120582
-2.256039 4.218227
-1.610772 5.979919
-3.332170 7.571445
-5.621327 6.505800
-5.528185 7.348391
-6.697804 6.812750
-7.104225 6.710978
-4.626217 9.506906
-2.075955 6.435144
0.184631 3.869640
-2.081787 4.466463
-2.135367 4.901892
-1.935557 3.898970
-0.265440 4.689044
-1.818447 4.432875
-2.452000 8.630916
-3.296817 6.806420
-2.787128 6.421267
-5.488048 7.122365
-4.871797 6.820494
-5.323924 7.708398
-5.246402 7.578299
-7.590123 6.919195
-7.895161 7.232550
-6.798862 7.154466
-4.541426 6.373850
-7.355018 7.611035
-6.020964 6.688059
-7.247116 6.340420
-7.938667 6.682312
-7.281092 7.121975
-3.997208 7.874920
-6.662455 8.846264
-4.191864 7.152062
-4.887328 6.389093
-5.647188 6.990553
-7.176546 6.427081
-6.945732 7.474554
-5.848082 7.722350
-5.462269 6.622775
-6.088409 7.595963
-6.877352 7.176171
-3.017305 6.627892
-2.589928 6.631043
-1.829622 4.417170
-2.055913 3.139371
-0.253749 2.843170
-1.275786 3.400537
-1.236581 0.251561
-5.881331 -0.658619
-7.255847 -0.553681
-6.090255 0.855045
-7.816164 1.200417
-8.576191 2.418374
-7.713680 3.737506
-6.705613 7.196302
-6.608840 7.094022
-4.656590 7.129730
-7.136351 7.261621
-7.824048 6.966044
-5.956311 7.493826
-7.281929 6.648433
-5.761110 9.754079
-7.622321 8.311526
-6.077682 7.482111
-8.589342 9.247787
-11.111155 8.882867
-9.595205 8.701606
-6.003421 6.348607
-6.292489 7.746861
-6.194178 7.641317
-5.395889 7.927568
-7.341251 7.818023
-6.408678 8.336049
-7.740713 3.888351
-6.640144 9.884238
-6.794203 9.725276
-7.072927 7.241776
-13.029200 7.734083
-9.002390 8.611772
-7.530003 8.955504
-7.793268 9.144331
-8.226128 9.384408
-13.655849 8.364987
-8.725019 1.540972
-7.857912 3.886360
-7.157938 6.842807
-6.611273 7.098122
-4.825720 7.190323
-6.029463 9.015297
-8.260898 3.472915
-10.673173 3.358433
-15.633777 5.972095
-13.850178 8.049818
-11.732505 2.874492
-12.431581 2.960089
-10.870112 3.085466
-9.579279 2.321053
-11.011539 2.315100
-11.750289 0.533907
-16.714983 6.424844
-8.919879 10.114236
-6.922879 9.015957
-7.662510 7.904237
-6.717794 8.091034
-6.941761 7.146931
-6.554493 7.078943
-7.768546 6.688666
-7.842375 4.735985
-7.562930 3.861396
-7.947803 3.246864
-7.557811 1.296183
-11.441511 3.328788
-6.763671 -0.011193
-8.731714 0.013021
-6.709250 0.342965
-7.074010 0.025589
-5.169306 0.547437
-5.445292 0.971682
-4.155793 -0.575581
-3.524148 0.178737
-4.798387 1.116884
-3.093908 -0.226602
-2.472636 0.759445
-2.234751 3.821659
-2.385005 5.540178
-1.450674 4.090323
-0.372055 1.460895
-1.611171 0.391237
-3.641562 -0.048135
-1.230323 2.354050
-2.201114 2.627598
-2.425352 2.943017
-2.010207 3.988584
-0.730973 2.845754
-2.305943 0.224505
-4.076535 1.244815
-7.641614 2.423705
-7.710175 2.924592
-7.553593 0.650267
-4.943898 6.702841
-6.251135 7.053789
-9.516068 2.950013
-8.614730 -0.775674
-7.816376 3.497077
-8.892781 2.590755
-4.391464 -1.966712
-7.054035 -1.246339
-5.779380 0.707605
-5.009552 0.175859
-8.319340 1.495510
-8.156808 3.277994
-8.714066 8.939386
-10.296859 9.212776
-12.137978 9.099200
-7.664372 7.752414
-3.985763 7.544458
-7.941567 8.479222
-7.001034 9.281318
-7.688538 9.866797
-7.489348 4.799535
-7.498118 4.028305
-7.765211 5.704781
-7.510983 2.542888
-11.263615 2.924371
-12.564209 1.335200
-10.631456 3.493886
-7.660025 2.894382
-11.410412 1.813756
-11.773276 1.992198
-9.179581 2.212736
-10.059130 -1.915087
-9.114535 1.289578
-10.500005 1.815056
-5.790948 0.656331
-13.378850 8.700835
-6.510090 10.670932
-7.123791 7.637530
-6.571170 7.340847
-5.744668 6.411661
-10.616914 9.653172
-7.749454 8.747409
-5.919222 10.043073
-10.898550 9.590404
-9.690845 8.882320
-10.409032 2.669041
-8.562294 2.674959
-7.967636 2.690924
-7.809016 3.750684
-7.683786 4.430949
-7.939979 4.801759
-6.070629 6.344816
-7.696205 7.137496
-6.250336 7.025249
-6.315092 8.374523
-6.021525 7.447926
-2.762288 10.709822
-4.790980 9.177417
-13.473457 9.454549
-15.324438 11.361053
-12.189580 8.915021
-12.216971 11.179475
-10.050947 9.844976
-12.307627 9.337946
-13.074399 10.677320
-8.058519 8.894258
-10.884945 2.758908
-8.645527 -0.069854
-9.411907 2.929842
-11.567876 2.574619
-16.343018 3.673833
-11.995799 9.894036
-14.770353 7.463565
-7.889910 9.080549
-7.591746 10.121039
-8.221284 9.642793
-9.212904 9.308314
-9.809264 12.925883
-17.116440 9.763183
-14.450010 6.064777
-12.427143 10.720832
-10.346995 8.762100
-13.200947 9.775195
-5.950637 8.150863
-3.905693 7.851888
-6.194243 7.543336
-7.668592 6.638659
-7.537145 8.030548
-8.385403 10.100733
-9.311088 10.296041
-8.961068 9.534582
-8.589591 8.818789
-6.779346 9.923308
-6.070976 8.952219
-6.049841 7.720250
-7.254946 7.537609
-13.209263 9.442061
-8.874525 9.473351
-12.384394 2.295046
-9.765473 3.298794
-7.930320 1.762184
-7.780889 1.095005
-5.547207 1.269477
-13.059307 6.922757
-14.662596 2.884245
-14.030190 1.799676
-12.694939 1.683291
-12.093044 -0.464765
-8.757118 2.197959
-7.565483 3.910207
-7.796779 4.467762
-7.947465 5.637679
-7.513575 3.301531
-7.560591 3.570186
-7.528612 4.602692
-9.936891 8.521035
-7.666359 7.362580
-7.935658 4.679507
-7.837142 1.962295
-7.910912 -0.638738
-8.792969 2.618932
-12.049118 9.185542
-3.920304 7.810373
-2.295693 6.212770
-2.322163 5.261214
-1.878990 2.748163
-0.821308 3.126468
-2.289513 3.705256
-2.466929 6.436052
-4.945951 7.775925
-7.725481 4.795844
-7.913486 6.243384
-7.469166 7.437743
-7.123697 8.874033
-6.764948 8.112626
-5.103474 7.048676
-4.180533 6.936528
-4.940353 6.436588
-6.545245 0.995110
-8.276207 1.062397
-5.201416 7.304750
-7.532781 6.554981
-7.696383 4.693998
-1.791712 1.809319
-5.532992 0.263191
-5.202965 -0.595594
-2.156156 1.474103
-2.376439 0.971761
-4.440625 1.005044
-4.066985 -1.341592
-3.285746 0.520045
-2.887376 0.089803
-4.314242 0.620934
-8.709327 3.303674
-7.884873 2.966014
-8.916348 1.417198
-5.792473 -1.749536
-8.145633 1.841177
-7.640301 2.747678
-9.924461 2.868972
-7.726296 1.811641
-9.216730 0.481308
-6.558743 1.185559
-5.589725 -1.173450
-5.990135 -0.282460
-4.270731 -1.144894
-2.376274 1.067848
-1.877492 3.654976
0.080599 2.595451
-1.073489 2.123199
-2.012502 3.857942
-2.061478 4.391016
-1.706414 5.712515
-1.215742 6.264729
-5.291357 7.394154
-5.721015 8.573734
-7.313493 7.646036
-4.757956 7.536606
-5.397920 6.692998
-7.993949 9.407069
-11.661250 15.719717
