11.739947 15.869000
9.933558 11.601850
10.450134 7.517573
7.898681 5.060432
-1.394328 3.152090
-2.141988 3.891631
-1.103587 1.874547
-1.928703 4.854034
-1.755493 3.282518
-0.848076 4.107851
-0.226561 4.672820
-0.974181 4.632240
-1.155442 3.286789
-2.411405 3.725242
-2.146432 2.929531
-4.027655 6.462035
-4.044364 6.874945
-5.024826 6.924696
-4.062677 6.898124
-3.695475 6.800667
-2.406743 6.524148
-2.362861 6.792436
-6.219527 6.956745
-6.655977 6.631563
-7.463198 8.452987
-7.021835 9.221099
-8.120167 9.216282
-5.269613 8.670557
-8.200320 8.751294
-5.748372 8.734491
-9.158024 10.445678
-11.674097 10.011228
-9.688556 9.114222
-7.187060 6.785304
-6.792506 7.831215
-6.192905 6.446352
-5.870747 6.347182
-7.419273 6.555485
-9.083129 8.892579
-10.932612 9.713319
-9.753573 8.532800
-8.742393 3.435812
-6.712923 6.765927
-5.753499 6.439716
-7.832055 6.838658
-7.795125 7.143528
-7.135226 6.448192
-6.847822 8.340611
-7.946154 4.082235
-7.650301 7.705853
-8.035704 2.084856
-7.816761 4.360445
-14.399261 5.548053
-7.436210 6.950221
-8.616802 3.052023
-10.865009 -0.695095
-9.493359 1.505146
-8.412272 1.377080
-8.734113 -0.247622
-10.288331 3.064553
-7.930269 6.183071
-7.106031 8.092022
-7.057117 8.750142
-6.909829 8.098381
-9.312222 10.054318
-8.837058 10.027038
-8.628050 8.549890
-4.837113 6.401261
-4.289733 6.564439
-6.738388 6.796712
-7.939714 6.236605
-7.556262 4.928876
-7.839929 7.783899
-6.101624 7.556866
-7.953565 6.404623
-8.638556 8.907646
-8.562722 12.087556
-13.846875 9.427472
-8.989546 10.115934
-10.890193 9.097310
-11.727883 9.576941
-8.927299 8.882453
-7.213100 8.578333
-7.017092 7.764097
-6.149294 8.697629
-6.884054 6.977011
-6.641583 6.445235
-7.095119 6.737530
-8.799294 10.779978
-7.630047 8.570456
-13.368069 9.431322
-14.723532 8.650256
-13.521067 7.734856
-13.264751 9.748599
-10.798162 9.894385
-8.013460 10.460395
-5.051617 6.537759
-5.757974 7.110201
-4.325451 7.057098
-0.461868 5.933601
-0.677801 3.190505
-0.441041 2.659537
-2.928329 0.972844
-3.579079 -0.291839
-4.285800 0.792409
-5.011817 1.203276
-3.551628 0.775783
-5.499652 1.175725
-9.089287 0.376062
-7.649664 -0.935427
-7.532122 3.604832
-7.556255 2.423247
-7.511306 6.127014
-7.822226 8.142013
-6.345948 6.417054
-6.244413 6.582968
-4.995158 6.439977
-4.645177 7.206956
-3.455112 7.928470
-7.253927 7.894088
-5.644465 7.024548
-7.915657 4.507221
-9.988312 0.582191
-8.066345 2.186791
-8.288392 1.749050
-2.084080 4.608262
-1.674326 4.310857
-2.345784 4.710964
-1.519045 6.266182
-0.804550 4.076885
-2.358289 6.097692
-4.226825 6.540965
-4.630483 7.534939
-6.184260 8.388457
-3.594481 6.420284
-5.995518 6.655596
-5.260595 8.714361
-3.038351 7.175834
-7.875455 3.525933
-5.487179 1.181647
-1.097093 1.324465
-3.856249 1.100430
-1.723568 -0.298393
-2.822778 -1.770379
-3.031164 0.569892
-1.858706 0.463866
-1.914713 3.387149
-2.228047 1.660523
-1.278755 0.570110
-2.335729 2.556747
-2.316152 3.920887
-6.984172 8.477881
-7.554416 8.539964
-5.902603 6.541544
-7.638583 4.938872
-3.251138 6.829411
-2.211724 6.714682
-6.573857 6.321817
-7.444986 7.152474
-7.876910 8.343377
-5.708005 9.084275
-7.766713 6.489161
-7.851146 5.508975
-5.329432 8.158274
-4.931001 7.232355
-7.895893 6.675951
-9.356911 3.232175
-8.098887 3.316251
-7.274466 10.305322
-7.078024 6.593905
-7.827790 8.589274
-7.881502 6.277801
-7.896268 3.194413
-7.539196 6.280838
-6.711922 7.914335
-0.877722 7.217871
-4.779837 6.846411
-5.381198 6.482061
-5.180865 6.409250
-6.378349 8.371582
-6.581222 7.842893
-5.193591 7.565218
-5.857174 7.629905
-5.387076 8.103897
-5.326147 9.072616
-0.079279 4.953372
-2.115042 4.871233
-2.184800 4.200206
-1.342754 2.871663
-7.578526 1.725931
-7.674246 4.108417
-7.711210 4.751124
-7.783014 5.654126
-7.583077 7.542682
-14.532585 5.490927
-11.115717 0.639406
-11.775634 8.796389
-8.035209 8.748536
-14.590950 6.940813
-6.725375 7.025225
-8.116784 2.999649
-2.178696 2.555829
0.690169 2.164430
-2.030308 3.444817
-2.464240 3.800347
-1.923061 2.668822
-1.711943 2.888583
-0.828463 6.155722
-4.169098 7.148703
-7.214533 7.848981
-10.173626 2.757658
-7.697351 5.230272
-7.882730 2.669008
-8.882603 0.959272
-10.415094 2.777395
-8.272555 3.431471
-7.485727 4.634047
-6.928485 7.546374
-12.133503 3.311117
-7.782181 2.087337
-11.430170 0.668058
-12.403619 1.378439
-5.046606 6.640810
-5.645923 8.114923
-5.220201 7.077266
-2.338730 7.111749
-5.481528 8.059350
-3.221565 7.129864
-1.960127 6.892581
-0.960268 3.259761
-1.806213 3.738293
-1.364193 3.298824
-2.299334 3.238037
-2.034115 3.722495
-2.213463 4.431570
-5.962444 7.073835
-7.524800 7.356827
-3.623307 7.090388
-4.436638 6.748572
-4.011124 7.381689
-4.760193 7.123356
-3.975941 7.098786
-4.705674 7.071945
-5.527359 10.061687
-7.443185 6.528856
-6.727661 6.857831
-6.861651 6.673710
-6.611803 6.780233
-7.017723 8.535222
-7.716463 7.115984
-6.648802 6.452950
-1.331596 2.717686
0.535697 2.259795
-1.033309 2.872656
-1.969281 3.917906
-7.715194 7.062337
-8.670897 3.257351
-9.712213 2.118110
-8.270757 2.325222
-9.714446 2.265140
-9.184834 2.936669
-10.226071 3.038867
-7.537979 8.110559
-6.749894 7.124557
-6.196690 6.543329
-7.521482 5.062726
-7.674008 5.330276
-7.573887 5.661329
-7.901810 5.876551
-7.518970 9.568755
-7.642160 6.817276
-7.550007 5.292040
-7.868188 7.366632
-6.889623 6.940799
-6.148220 7.510189
-6.278120 6.501315
-6.240259 6.362756
-6.960676 6.318872
-6.854778 6.857964
-6.018784 6.717314
-7.627888 6.882267
-6.858654 7.116696
-7.721839 6.285546
-7.534051 4.511916
-3.947397 1.173906
-6.644466 -0.028830
-5.728466 1.231605
-5.099482 -0.602054
-9.829583 2.924064
-9.304434 1.679429
-5.401839 -0.141386
-6.173889 1.287909
-7.151446 1.228824
-7.466979 7.139434
-7.761778 3.668898
-7.427656 6.523764
-6.580203 8.000631
-9.383167 9.541488
-13.616265 8.953008
-17.179047 6.582684
-7.565413 5.340434
-7.054462 7.293811
-4.346661 6.357870
-9.028357 3.107614
-7.168749 7.354547
-7.771329 6.754694
-5.646843 7.284407
-8.697849 2.975904
-8.953963 8.995921
-8.731367 0.337218
-7.937282 2.768212
-10.598221 2.524923
-8.405415 1.472779
-11.561255 2.208369
-12.625701 2.868202
-14.596741 4.831562
-14.740248 2.573257
-10.667595 1.826838
-6.932073 8.032393
-7.696306 5.657328
-7.553812 4.808742
-7.252095 6.378741
-4.783991 6.568075
-6.397177 7.473085
-7.146982 7.918132
-7.827076 6.840941
-11.377401 10.189387
-10.298693 3.319745
-7.900477 2.452496
-7.866132 4.661379
-7.744058 5.843960
-6.941185 9.640998
-8.277402 8.567479
-5.639774 7.330644
-6.665984 6.976943
-11.329634 1.048207
-9.323756 -3.644716
-8.281190 3.015303
-10.233765 -0.526800
-10.450678 -0.130957
-8.741963 -0.131080
-7.696129 4.342226
-7.655800 5.827077
-7.604220 4.034345
-1.450856 9.173083
-2.108510 9.260451
-4.457950 7.465526
-3.787773 7.877347
-4.025434 8.410736
-3.370579 6.346206
-2.825432 7.344618
-3.043354 7.326250
-5.544919 8.104815
-5.984924 7.100554
-6.613473 6.865945
-5.079909 6.900034
-3.384677 6.581030
-1.174169 4.626430
-1.988464 4.807405
-2.111603 5.005193
-1.411959 5.854993
-4.291560 6.981657
-6.930168 7.733294
-3.571840 7.145861
-4.486271 8.152515
-6.146462 7.176039
-7.110664 7.146315
-7.940560 8.151522
-6.818765 7.282802
-2.385915 6.034544
-4.616115 7.330584
-5.385686 7.726821
-5.092804 7.095716
-7.646231 7.887022
-7.613822 7.692989
-5.395323 6.955433
-1.697023 2.505259
-1.838440 2.139619
-1.757643 2.917760
-1.425219 3.679351
-7.794297 4.884551
-8.337405 2.788129
-12.490198 -0.387335
-13.128991 2.216060
-8.974117 3.046870
-12.152902 10.684846
-11.619304 13.308805
-13.572767 8.479409
-15.161905 5.327193
-11.389370 8.510891
-6.268761 9.239582
-3.182917 7.954878
-1.625920 4.708997
-2.000425 6.370158
-3.754477 7.726086
-5.022192 6.378287
-4.463104 8.688203
-9.221381 9.114310
-15.343220 11.566544
-9.872735 8.728166
-11.020144 8.720645
-12.909100 9.425802
-5.383914 10.069226
-6.938017 7.902388
-6.290064 6.979906
-5.328989 7.113297
-6.306568 7.305331
-7.775013 8.002730
-6.075648 6.537405
-8.168043 8.823916
-6.680990 7.075667
-2.375791 6.712286
-1.734402 3.597996
-1.988390 4.681815
-2.314682 4.436399
-1.721499 3.800390
-2.428171 1.596267
-2.311230 1.723363
-2.103828 2.758040
-2.328038 1.474643
0.257528 0.648242
-2.973830 0.576108
-2.688759 0.984725
-4.438488 1.047141
-4.699585 1.282605
-4.196138 0.868478
-6.161530 1.120569
-3.906462 1.256402
-9.115248 -2.883197
-7.029411 -1.039050
-4.018863 0.728154
-5.926401 0.799965
-5.457021 -0.334224
-7.524693 1.103767
-7.523864 2.451236
-7.784778 3.785407
-8.289807 2.368588
-8.346226 2.777715
-7.665160 0.657507
-6.493721 1.135555
-8.909429 3.109588
-7.911716 2.139018
-7.688874 1.691948
-8.313257 3.130653
-6.533054 1.266881
-10.784410 9.278523
-10.655828 10.178842
-2.358581 2.908092
-1.267849 3.339410
-2.496394 -0.429120
-3.588350 1.291158
-2.903045 6.877221
-5.038681 6.374825
-2.473150 3.723248
-1.888273 3.124038
-1.330883 3.635458
-1.148712 4.971616
-1.179708 6.599723
-2.951726 6.676396
-3.649079 6.897248
-5.369683 6.818238
-6.625142 6.408886
-6.744679 6.798832
-3.175745 7.643372
-5.377579 7.887928
-7.133861 8.172307
-10.664114 10.659129
-9.767559 8.817381
-12.542983 8.994475
-6.925523 10.467931
-6.746192 7.277829
-6.887701 8.981082
-8.443485 8.566540
-13.525936 5.863843
-13.139017 9.735517
-7.675237 4.322398
-7.548555 5.746802
-7.929998 4.403799
-7.741575 10.447564
-5.616819 8.125236
-5.187177 7.876678
-6.278452 9.081061
-7.168092 7.392788
-6.241712 7.568282
-7.066121 8.586513
-8.945161 8.663892
-7.732220 8.216291
-7.374858 8.035166
-7.637104 9.493839
-10.148962 8.527739
-9.958122 8.761558
-13.895163 9.737144
-13.243418 7.358312
-13.693569 8.700140
-9.041551 9.348927
-9.696536 9.244378
-12.223234 9.700697
-10.618375 8.744290
-4.917394 7.265998
-6.066092 8.556296
-5.188438 6.680008
-3.616835 8.177435
-4.491533 7.480330
-5.756671 7.239963
-7.540411 6.474540
-7.666063 6.587963
-5.698148 7.284013
-9.627517 11.670620
-14.309426 11.454754
-13.274434 8.465201
-14.338427 7.802138
-13.040405 6.231242
-13.446725 7.290949
-13.844310 9.960317
-11.389898 9.818514
-8.036440 9.547453
-8.112509 9.894308
-7.763640 11.279394
-10.595173 8.733467
-11.954932 11.119803
-13.978504 6.272510
-15.671133 9.622697
-11.650488 10.125070
-9.914195 12.202056
-14.361596 12.167304
-13.920304 9.848584
-14.480974 8.060748
-11.279942 10.051877
-13.111603 9.716863
-9.243403 10.775238
-6.919964 7.646895
-7.213030 6.443572
-5.666199 6.889141
-3.289371 6.501073
-4.034409 7.650925
-4.152060 7.869674
-3.211917 6.419847
-1.763342 4.601068
-2.137297 4.045724
-2.297741 4.589929
-1.236106 5.915588
-4.624555 8.299212
-4.510953 6.968924
-3.854409 6.572980
-5.437494 7.066232
-3.238969 6.567235
-4.917100 9.534923
-5.477434 11.282191
-6.449260 6.500879
-6.694475 7.639457
-4.833147 8.279909
-3.782522 7.755641
-7.630831 5.312262
-5.582958 6.650509
-3.597685 10.156933
-6.640515 6.477164
-6.003300 7.233175
-7.002839 9.296075
-7.767995 5.552780
-2.331485 5.459685
-1.931316 5.742921
-1.709397 6.209696
-3.183604 7.277507
-5.297431 7.927485
-7.241900 6.755147
-7.353753 6.826233
-6.598110 6.551550
-8.258929 9.176454
-12.082820 9.126134
-11.881310 8.754597
-9.386666 9.560298
-12.687824 9.593543
-11.971163 2.796884
-7.649258 3.359974
-7.390755 6.411302
-7.758447 6.003250
-9.901440 2.143091
-8.030849 1.129265
-5.591833 0.019225
-4.977013 0.892098
-3.032820 1.132250
-2.885960 1.035486
-2.809724 -1.408533
-3.280906 0.181604
-0.835056 3.464665
-0.453367 3.633130
-1.711391 4.875906
-2.472903 4.446315
-1.933580 5.103072
-0.908847 5.831210
-5.515191 8.193429
-6.640660 6.340838
-7.001216 7.943663
-7.728920 5.875899
-7.469070 9.185451
-4.827093 7.226892
-4.223388 7.458091
-4.037223 7.852187
-4.656758 7.102393
-6.185656 6.417273
-6.406920 7.934994
-5.860770 6.374422
-7.811131 8.085932
-7.773562 7.533685
-6.509529 7.161340
-6.920758 6.633500
-10.155785 8.787284
-9.034620 8.841945
-7.236428 6.506588
-7.559380 5.846956
-7.710257 7.302665
-7.510707 7.104303
-7.762380 5.586777
-7.867672 5.293293
-8.184605 3.203357
-7.754409 7.119322
-6.594289 7.389302
-7.439981 6.947125
-6.166133 7.549557
-5.865302 7.621455
-6.460199 7.019552
-4.614102 6.453884
-3.665891 6.627097
-2.225572 5.894978
-2.082164 5.914741
-4.309641 8.194376
-5.078932 7.482245
-3.546409 6.515324
-2.739714 6.463986
-4.461882 6.314381
-6.617955 8.172913
-7.548897 4.622157
-7.653325 2.853739
-8.324181 3.254573
-6.728192 6.338660
-7.191565 10.552485
-6.941581 8.048369
-5.519979 9.782429
-6.694750 9.528468
-10.359801 8.690495
-9.985970 8.503690
-14.729087 10.702741
-15.599737 4.860151
-14.851356 1.278077
-7.940378 2.567493
-7.566387 5.034901
-7.899691 3.918651
-7.715966 3.129908
-9.942090 2.098688
-12.885294 -0.245153
-9.881147 2.744839
-11.153989 2.619994
-11.149878 3.253125
-8.673916 2.493884
-11.370813 -1.175995
-10.642797 2.975751
-8.567529 2.217580
-13.397448 5.336255
-16.861687 2.704560
-14.476725 3.141008
-12.811188 8.514783
-11.913933 9.519733
-10.979128 8.634702
-10.308897 10.516931
-10.227893 9.106501
-10.899406 10.008371
-8.431583 9.923251
-7.160862 7.310338
-11.370008 2.782335
-7.640769 5.258865
-7.110986 7.615110
-7.090713 7.807683
-13.364029 4.348370
-13.888835 6.052481
-7.877230 9.692773
-10.043996 11.384368
-7.489954 6.331182
-7.769352 5.602458
-7.496581 5.006598
-12.859201 2.710313
-17.539482 3.557105
-12.312047 10.383057
-13.693450 9.648940
-15.357826 2.217550
-7.872081 8.150052
-6.189777 6.977695
-6.007596 6.390440
-6.528079 6.778760
-7.095774 10.637098
-7.221334 9.854350
-6.205315 8.313080
-6.458002 7.218013
-5.597088 10.792144
-7.095801 6.371059
-10.251893 8.522727
-11.703625 9.844733
-14.755402 10.860788
-11.627852 8.834187
-12.588219 3.196900
-18.744175 8.692677
-16.244394 6.298491
-14.274131 10.226395
-11.040813 13.628773
-10.109670 9.232859
-7.532497 8.042375
-7.915205 3.836553
-7.851975 3.898021
-6.547923 6.929263
-6.506520 6.651386
-7.677635 5.083880
-9.498221 2.979651
-7.779035 0.491624
-9.908191 2.164589
-6.430453 0.335427
-5.589483 -0.068422
-10.291815 -0.265176
-7.851711 2.390203
-6.890045 8.116301
-7.467804 11.593372
-6.853669 10.003084
-6.619376 7.920699
-5.662599 9.895618
-5.864822 7.548248
-6.268365 6.422451
-4.795187 8.308788
-6.851449 8.970449
-7.861459 5.696292
-7.709672 8.004750
-7.203236 6.562686
-6.137304 10.141565
-10.073269 12.047420
-8.311625 13.482736
-8.782027 9.895403
-6.014803 7.132929
-6.033142 7.008560
-6.328763 6.646009
-7.579337 7.301942
-5.392781 6.347124
-6.655586 6.815178
-4.807194 8.581921
-3.910012 8.343169
-6.139894 6.584881
-5.539050 8.976260
-7.867839 5.853660
-7.911960 5.627571
-7.722683 1.886870
-10.230216 3.209031
-11.037573 -0.396612
-10.355134 -2.313333
-9.586585 0.144824
-9.747849 1.286481
-8.791473 2.411835
-11.186707 3.490775
-7.818094 5.203184
-7.932214 6.307916
-7.756711 7.929117
-7.552359 10.458379
-12.358117 10.151717
-15.621900 8.705031
-10.216435 9.139986
-9.814993 8.611434
-6.937064 10.681347
-8.865067 15.306076
-7.911116 8.366193
-7.732127 8.359370
-8.558742 10.256621
-5.832008 7.667716
-5.315544 8.264485
-9.191929 10.305165
-9.416793 9.314386
-5.660965 7.312521
-5.928022 7.264047
-6.973686 8.991050
-6.789705 9.521566
-4.918539 7.662317
-7.708364 3.627491
-9.703815 1.421052
-15.049507 4.971326
-14.753980 5.362508
-12.839113 -0.511610
-9.182831 -0.369526
-10.202647 2.575810
-12.286004 3.084778
-14.164627 0.393229
-14.435787 6.049091
-13.156506 7.564443
-12.490677 8.979142
-8.948563 8.992331
-6.880242 6.372726
-5.269468 6.638824
-3.129011 6.539009
-3.902161 7.342296
-5.998494 8.672898
-5.748666 8.304260
-12.062160 9.026990
-14.230400 11.564761
-14.498996 8.956052
-10.917783 2.146590
-9.705620 1.147256
-5.859425 -3.561697
-6.857225 -2.037342
-9.021811 3.106921
-10.469131 2.868258
-8.415443 1.284723
-6.599110 1.238778
-8.190415 3.356917
-9.647194 3.338042
-7.541577 3.096650
-8.112194 1.724174
-7.844866 3.383119
-9.966118 1.967740
-7.527948 3.499600
-7.753459 5.742238
-7.902402 10.664307
-9.694102 8.879921
-8.365891 8.603661
-10.962736 9.920941
-7.082995 8.701972
-7.875168 5.145680
-7.815641 6.298314
-7.890117 0.140957
-9.353165 1.241902
-10.226475 1.223748
-10.893375 2.433857
-10.222568 1.789880
-8.572360 2.724165
-9.517593 2.593957
-9.718454 2.515771
-10.635077 2.594935
-9.797665 3.339862
-7.895733 4.060962
-7.674802 3.980559
-7.516742 4.190771
-7.808186 5.277669
-7.809740 8.974840
-7.339967 7.374144
-5.134820 7.454847
-10.333258 9.510553
-9.357182 9.323819
-7.430009 11.679574
-12.996839 8.361599
-12.999001 5.981453
-14.450722 2.964774
-12.984408 4.287041
-16.378870 4.645926
-14.382601 2.416951
-10.223911 2.721508
-10.843939 3.408622
-7.636346 0.461897
-7.487184 5.331167
-7.855915 5.169667
-7.325742 7.344517
-7.774651 5.613253
-6.369667 8.967814
-5.969471 6.810691
-4.874787 7.200494
-9.246763 9.571927
-5.269148 7.903717
-7.563377 5.863175
-4.161248 8.784183
-5.146768 6.734744
-6.162355 6.789861
-6.388655 6.714585
-7.831750 8.273384
-6.419059 7.854203
-5.805200 6.946431
-8.990708 8.945024
-8.023168 8.756866
-7.455604 6.854153
-7.136129 7.543588
-8.231673 3.150236
-9.660493 9.037349
-11.678364 2.987393
-13.125841 0.410431
-11.844275 2.905443
-14.466698 2.234780
-8.223580 2.351337
-9.800522 3.051877
-11.960463 3.439691
-7.534865 6.387242
-7.706682 9.117593
-5.915248 10.385040
-5.377406 9.814747
-6.501217 8.595267
-9.035740 9.135172
-11.155956 9.798764
-7.947147 9.306631
-11.989071 8.506455
-9.295111 8.873307
-9.138952 9.661583
-14.400019 9.410443
-13.199699 6.540071
-14.925776 7.089222
-16.486979 7.593990
-14.923271 4.586676
-15.188806 6.219554
-14.386683 8.234008
-11.142948 8.886609
-9.787271 9.922264
-9.458099 11.421566
-6.518406 9.086358
-7.913142 8.295103
-6.863555 7.922218
-7.058004 7.211794
-7.400010 8.028919
-7.698483 7.302939
-7.147195 6.361844
-3.747158 7.033962
-6.040093 8.164060
-5.858703 8.572250
-7.519421 9.082408
-7.760897 5.543434
-7.628806 2.920890
-8.461631 1.549784
-6.344378 -0.324722
-6.126150 0.481951
-5.348197 1.076353
-5.478461 1.014609
-7.767529 0.658652
-12.192778 3.119512
-13.179554 2.582146
-11.892822 3.143745
-9.864026 2.246098
-7.040216 0.599871
-6.164322 1.213231
-10.302473 -1.068485
-7.940892 2.998572
-9.159316 3.393953
-4.000456 7.354511
-3.962630 8.293983
-6.507433 7.006008
-6.293166 6.943909
-6.239085 8.084125
-7.301555 6.327897
-7.321493 7.946544
-4.383888 7.564187
-5.055511 7.543516
-3.681386 8.055756
-3.507874 7.827222
-6.070463 6.475686
-5.825835 6.558288
-7.322780 8.171918
-6.096861 7.938631
-6.338767 6.968525
-7.831847 8.188053
-7.704531 4.777954
-7.506000 4.704844
-7.700301 4.110565
-7.429955 7.381545
-4.256494 9.675668
-2.653123 6.357138
-6.425078 8.154291
-6.239952 8.531850
-5.410784 7.449340
-7.266156 7.813259
-6.708188 6.743664
-6.795669 6.610614
-7.757151 6.228046
-7.164405 9.564051
-10.606462 8.544937
-8.303423 10.867003
-12.730862 8.967736
-10.851397 9.511718
-14.268854 11.896187
-14.820594 9.775261
-11.103000 9.805566
-5.606653 7.238269
-5.124867 6.715257
-4.460653 7.604434
-7.776574 7.218560
-9.077007 2.564162
-12.789192 -0.719551
-13.718620 4.430098
-12.969133 2.289735
-10.507892 3.295094
-9.768259 1.315759
-14.622402 1.240359
-13.947170 6.472279
-12.627459 9.462666
-15.896206 9.801759
-13.041559 5.725317
-11.643964 2.080394
-10.910805 2.902131
-7.638979 4.464797
-7.382121 7.042348
-5.935568 7.544098
-3.587007 6.573981
-6.787853 7.267701
-6.475561 7.217669
-6.174434 8.202876
-9.297029 2.709111
-8.828836 2.598589
-10.227443 3.036514
-8.603496 1.944220
-11.024343 0.022792
-9.861673 0.710565
-7.733052 3.388541
-10.164339 3.456679
-8.885551 3.382775
-10.184624 0.860280
-8.526230 3.054676
-8.135208 0.917019
-6.932790 6.709469
-5.427480 8.080179
-10.909282 9.273017
-10.453338 8.579161
-2.358361 2.946910
-2.310386 3.803928
-4.616592 6.553471
-6.843554 7.286079
-10.180760 2.360060
-10.757583 2.513157
-9.730146 0.694031
-10.964022 -0.585058
-6.922551 1.153190
-6.315298 -0.043915
-7.799364 1.312138
-5.564439 1.098210
-7.712809 5.138834
-7.843004 6.111457
-7.012790 7.629592
-4.745063 7.716105
-5.490154 8.287336
-5.949687 6.512839
-3.328373 7.380322
-8.926144 10.766873
-9.874252 8.895816
-9.399671 2.652224
-7.971175 9.410563
-7.366212 8.592219
-15.688457 5.966635
-13.550704 6.051754
-3.293540 8.011534
-5.403742 10.520917
-6.557435 9.609980
-5.452607 7.457019
-5.562650 7.609229
-9.762453 8.573384
-7.590449 4.907296
-5.222946 6.629784
-6.034724 8.602067
-7.077911 8.029122
-6.991938 7.167550
-7.816159 7.947535
-7.021493 6.637359
-3.143182 8.502045
-1.758437 5.276554
-2.038026 6.986525
-4.628688 7.138059
-7.048113 7.675207
-6.390588 7.312593
-7.912965 8.677954
-10.637793 8.995585
-8.773960 8.927716
-7.851401 11.526744
-7.706062 6.051122
-7.917785 10.598044
-9.931004 14.165549
-13.250684 5.254208
-16.084976 4.570268
-11.935846 2.304742
-11.607198 2.638494
-9.520250 2.954695
-9.926916 3.406672
-10.339993 3.392725
-12.075214 2.616148
-10.237061 1.635639
-9.174559 3.003561
-9.075624 2.664382
-9.761352 0.533500
-7.846581 3.530205
-7.497008 7.289058
-6.729184 8.361743
-5.792492 8.034528
-8.407421 8.897442
-6.754622 8.063699
-7.120543 8.911054
-7.711207 5.134482
-7.754131 1.590796
-7.529779 3.982049
-7.656502 4.661565
-7.630080 3.937409
-8.063953 3.088856
-9.298274 -0.203937
-10.872968 1.588075
-12.195085 1.927528
-9.479289 2.028039
-10.258038 3.383829
-11.771641 1.767759
-9.433343 1.791193
-11.545292 3.048740
-9.160231 -0.085779
-8.877347 0.430957
-11.056997 2.241887
