10.924962 1.226973
7.983013 1.056437
8.771362 1.558343
8.307499 0.630715
9.216587 0.060747
9.543741 -0.016443
9.657866 2.790498
12.091187 -1.889812
12.512815 -3.826826
10.247145 0.991842
9.422203 1.292556
7.555778 0.305936
8.118032 0.051239
9.463009 -0.210737
8.467994 0.247505
6.939416 0.018255
7.364118 0.236524
8.260649 0.777597
8.679499 0.251388
10.675680 0.304321
12.496479 -8.132068
8.853566 -8.536548
7.866124 -7.951209
5.124336 -5.436924
5.878922 -7.153937
6.440500 -9.382342
4.409843 -7.630246
5.006122 -6.673924
2.943615 -7.653871
4.127674 -7.857721
6.272222 -9.060969
7.562412 -7.866939
5.126447 -8.868108
5.502106 -6.619578
2.968318 -6.645120
6.697328 -8.621558
4.738652 -6.301694
6.099236 -7.515802
3.999115 -9.337958
5.162867 -8.614264
4.977066 -5.428522
5.577906 -10.010348
8.105518 -8.265429
7.057690 -8.229379
8.961747 -9.233685
9.430069 -8.239383
11.320185 -10.284271
7.958170 -10.793629
3.701931 -8.090934
4.854093 -4.886445
3.775687 -4.125242
