-7.745792 19.027302
-5.479462 8.284131
-9.548912 9.138329
-9.410341 9.972253
-6.289791 7.396552
-7.670705 6.299564
-6.051980 7.800237
-4.635835 6.930000
-2.414548 7.700078
-2.154247 5.418259
-1.594061 3.046726
-1.995342 4.276388
-1.957563 2.818552
-1.747682 3.887187
-2.157295 6.064778
-2.402823 6.510817
-0.105584 2.679398
0.276786 2.085177
-3.683874 0.430759
-3.240002 0.032210
-5.516041 0.364531
-6.141631 -1.055795
-7.396242 -1.046030
-9.242804 2.685747
-9.161863 2.556603
-9.736265 1.309250
-9.728737 1.428456
-10.333005 1.650661
-11.623021 2.801329
-14.199695 2.442909
-15.096204 9.066102
-14.347858 10.908458
-13.822697 8.113430
-13.895169 4.743868
-16.993690 7.433396
-12.598153 10.456830
-10.814735 8.826777
-9.810097 8.921544
-7.788879 7.309141
-7.570426 9.165053
-7.704739 2.883682
-7.643818 10.505653
-7.083642 10.093629
-10.357178 8.791091
-11.724971 11.572398
-7.524535 8.235337
-8.768024 9.576230
-10.951634 10.062070
-9.200488 8.731919
-8.647237 9.613877
-8.005976 8.670687
-7.441333 6.958539
-7.139776 7.936239
-12.022549 11.935134
-12.832359 9.660338
-14.152683 8.212571
-13.757275 1.065295
-10.645681 2.915397
-11.501329 2.118070
-10.598490 1.344063
-4.778090 1.160371
-7.846922 4.969854
-7.601480 6.571689
-5.818703 6.435948
-5.846943 7.670424
-4.829137 7.694477
-5.453935 9.172935
-2.013567 6.392870
-2.399506 4.531045
-2.363547 3.521700
-0.409189 5.225049
-1.131120 4.464228
-0.339343 1.662576
-0.233004 1.045430
-2.400411 0.465106
-2.665531 1.091510
-1.522601 1.767755
-2.021287 2.068220
-2.391454 4.351677
-2.399995 4.243531
-2.096575 6.677080
-5.746102 6.931892
-4.591390 8.473195
-6.874331 7.403551
-5.285563 7.048054
-6.459149 6.657285
-7.877583 7.928640
-6.616641 7.256271
-7.380592 7.357856
-11.975321 1.437804
-14.509290 1.128285
-13.221598 -1.230277
-11.318856 2.714212
-12.926483 2.680185
-13.142675 1.899413
-8.087687 2.627768
-8.440701 2.814492
-8.411632 3.446420
-8.093580 3.186382
-4.912772 6.907359
-6.827271 10.444797
-6.425924 7.304300
-7.867901 8.140420
-7.718263 4.663564
-13.006134 6.649458
-8.663670 9.392354
-5.375621 6.624032
-6.381303 7.516765
-7.018858 6.859223
-11.121639 8.524075
-12.666903 8.986812
-11.051616 8.855773
-13.659592 7.009157
-14.292563 10.343291
-13.470745 5.774839
-12.570500 -1.472288
-13.786835 4.995247
-14.191606 3.947287
-11.434838 -0.070016
-12.396098 -2.493172
-16.913385 0.456929
-8.897411 1.490020
-6.884386 0.510776
-7.536607 1.181793
-10.014883 2.683515
-7.765262 2.442845
-8.011811 2.869151
-7.570619 1.920542
-5.477168 6.552270
-7.149958 7.951344
-6.760739 7.532052
-6.243702 6.892116
-6.079778 7.765681
-5.510224 6.974445
-5.580198 8.741142
-6.423119 8.319370
-7.791822 7.915111
-3.807621 8.009799
-2.036087 8.863653
-2.326298 4.594154
-0.945151 4.200361
-2.287072 5.571633
0.007076 5.285932
-3.964244 7.372311
-4.571983 6.870920
-4.355765 8.759856
-7.206778 8.857046
-7.613018 5.461605
-7.523485 7.223219
-5.942257 7.161830
-6.825780 8.901040
-3.707836 7.559894
-3.124435 7.407359
-5.020530 6.763885
-6.915303 6.382472
-6.479016 7.448310
-4.324435 7.626874
-1.918005 6.548638
-2.321831 5.664481
-2.480449 5.509056
-0.948601 4.135309
-2.300390 5.314153
-2.186475 6.459891
-5.957534 6.630678
-6.775681 6.899955
-5.965390 6.839769
-2.592417 8.720053
-5.540256 8.589390
-8.898309 9.082861
-10.335530 8.824917
-10.549780 9.572095
-10.440792 9.184711
-9.438907 8.945177
-8.646936 9.271562
-5.316310 9.434381
-7.154085 7.473475
-7.845138 7.663711
-7.283068 6.602679
-6.414268 8.917447
-12.753454 8.569810
-13.132615 6.350617
-15.942587 7.887493
-14.839403 5.867044
-14.281727 3.444614
-13.856647 8.222651
-13.708218 7.344311
-7.637630 5.294402
-7.725353 8.098220
-7.565087 6.299440
-7.828075 6.191988
-7.814582 7.144823
-7.923340 5.715082
-8.327738 2.449810
-7.050226 0.417716
-10.195696 3.313849
-7.972183 3.440856
-8.511209 0.920064
-7.664721 -0.212090
-6.011773 1.112470
-4.765699 -1.100744
-7.637529 0.886460
-8.041613 3.345776
-11.176901 2.383068
-8.786757 0.820075
-11.320026 3.394546
-8.885698 12.383015
-11.440589 12.239978
-14.281469 6.797475
-14.241285 5.227801
-14.498869 6.524099
-14.478905 4.274395
-12.660044 -0.401137
-7.989559 1.697773
-8.119679 2.899880
-8.916083 3.339708
-5.637163 6.576213
-8.907764 9.480478
-9.596727 9.399508
-13.895790 6.957823
-14.192027 3.815368
-14.754725 10.576802
-13.151274 9.879690
-9.956623 9.090137
-14.307573 8.943400
-8.834181 8.992675
-12.813059 9.255467
-17.898884 7.808023
-13.686193 5.584901
-14.186068 5.904035
-7.655775 4.647388
-8.727916 10.252931
-7.347398 9.210439
-7.835142 8.971506
-11.254580 3.367099
-13.034805 8.692550
-14.276651 6.131431
-13.215446 7.595351
-11.800530 2.087083
-12.870991 3.175828
-15.573215 8.306419
-6.279131 6.900567
-7.011904 7.874609
-8.311508 2.872174
-11.789026 2.851954
-13.199404 2.534466
-13.804779 -0.639420
-10.787514 3.476121
-8.617836 1.963867
-7.137458 1.104784
-5.227918 0.641331
-7.825482 0.481514
-10.037766 2.491938
-18.837288 -2.545303
