-5.207478 1.441197
-6.548189 1.681773
-6.848774 1.687857
-4.086473 3.531309
-6.923805 1.286096
-6.154330 1.222723
-6.779376 2.932237
-6.069746 1.173416
-4.368840 1.375600
-3.965649 0.535541
-3.634248 -0.881877
-4.009078 0.889139
-2.689179 -0.111403
-1.805326 1.113331
-4.052456 -2.190767
-4.224980 -0.953135
-4.336625 -4.938625
-6.177417 -6.282068
-4.790588 -6.245313
-5.420174 -6.629095
-7.132655 -4.226485
-5.003695 -5.945054
-3.542297 -3.749680
-4.868235 -4.102388
-5.862196 -3.960178
-7.242346 -4.544903
-4.187949 -4.618529
-4.577604 -2.975494
-3.130717 -0.795073
-3.501947 1.158942
-7.201053 1.833243
-8.131081 1.665228
-7.578126 1.991901
-10.901914 3.176071
-10.935128 -3.966764
-9.672630 -4.281597
-9.724594 -1.757855
-9.667338 -0.394564
-10.351057 -1.057048
-12.148630 -6.012066
-8.320537 -5.660016
-10.374504 -7.939255
-8.175611 -7.318024
-7.431581 -7.081062
-4.936583 -4.016763
-4.733671 -4.415637
-2.902213 -1.463583
-3.506744 -1.549755
-4.390334 -2.456081
-3.152151 -2.396167
-2.509730 -3.048586
-4.359818 -2.612764
-4.079895 0.487257
-3.100964 -0.091615
-4.963086 1.678621
-7.940637 1.210553
-4.600581 1.261546
-3.938150 -0.275526
-1.473842 0.031208
-4.255030 -2.266834
-3.702096 -1.063409
-4.265357 -0.744494
-4.541059 -0.980743
-4.546411 0.381116
-3.433909 1.552409
-9.019184 2.525947
-6.272071 2.188834
-3.656629 0.257212
-3.607789 -2.837890
-6.102250 -5.572243
-7.644408 -6.409505
-7.135405 -4.680459
-3.705939 -2.311955
-4.383770 0.602069
-6.861001 2.017676
-7.043584 2.727489
-7.962633 2.831355
-10.744347 2.186393
-10.353386 -0.160540
-10.758845 -0.411136
-10.844061 -1.701954
-9.741467 -3.517341
-10.238640 -0.550059
-10.648907 0.925920
-12.793670 2.052233
-10.988480 1.645597
-7.831047 -4.535758
-8.715207 -5.344764
-8.957767 -5.519394
-8.697734 -4.293027
-6.846438 -4.779558
-6.707469 -3.910023
-7.191822 -4.782073
-5.631461 -4.236814
-6.439285 -4.927267
-8.767216 -5.208713
-11.071799 -7.141628
-9.105959 -6.263277
-6.459547 -8.389312
-9.215960 -7.248959
-6.107489 -8.189762
-6.164936 -7.937836
-9.429048 -10.237412
-8.855172 -19.039080
-11.059367 -18.523054
-12.998649 -18.029087
