-6.879672 -17.851191
-4.360032 -9.532997
-6.232099 -6.560440
-5.473731 -6.101311
-4.975616 -4.257614
-4.104179 -5.138887
-2.250235 -0.891769
-4.079303 -1.987776
-3.067192 0.907920
-4.104073 0.870996
-4.444707 0.103117
-4.557786 0.434938
-2.403189 -2.974291
-2.365601 -3.201155
-3.440313 -3.652775
-4.427698 -5.344409
-6.433410 -4.257797
-7.377760 -4.285013
-6.178829 -4.597202
-5.471676 -4.052997
-5.245994 -5.864439
-5.960545 -4.330102
-2.046653 -3.438664
-4.118314 -1.546319
-3.955658 -2.395247
-3.722218 -0.659745
-2.005471 -2.642258
-3.929932 -2.563486
-2.747138 -1.278763
-2.811427 -0.635683
-4.419387 -1.970542
-3.278710 -0.078220
-4.804946 1.395221
-4.724645 1.154318
-7.944563 1.265835
-9.209249 1.966131
-12.624830 0.704869
