2.571464 -7.008643
0.107002 -6.639991
-1.451697 -4.489023
-0.462234 -1.371383
-7.172230 3.321165
-9.743095 2.365832
-5.382383 2.803254
-5.403091 7.873272
-6.627503 7.538092
-7.745562 6.628387
-7.351723 7.104769
-5.111502 7.625190
-8.976593 9.629102
-7.763431 8.665818
-7.033599 4.045147
-9.739866 2.359050
-9.759798 1.412199
-6.893376 4.633807
-7.183296 5.139150
-6.720109 6.019268
-7.599403 8.403509
-5.566840 9.743265
-8.817174 9.975762
-4.033609 8.703979
-7.299469 5.233789
-5.812589 4.015766
-7.543701 4.873697
-5.668521 4.595966
-7.792789 3.177201
-8.599202 3.487455
-9.687954 2.189091
-15.682560 4.078280
-15.783080 9.409497
-18.854883 6.160704
