9.392724 -18.302401
8.423841 -9.314984
8.581722 -9.280947
8.142299 -10.031511
8.495616 -9.609670
9.016523 -9.582246
10.228004 -10.329009
10.959945 -10.770045
7.149465 -7.015354
5.962771 -6.695987
5.503386 -7.260142
6.341343 -5.822535
4.797770 -5.495389
1.565677 -7.555974
1.681224 -9.940823
0.300646 -7.181769
7.035717 -8.031290
1.133553 -8.218980
0.459632 -8.332810
2.676216 -9.250650
1.434142 -9.253078
1.235608 -10.274516
1.883848 -6.061960
3.843893 -7.726391
4.319222 -7.798443
1.455677 -3.233462
1.134222 -9.693448
-0.513736 -13.111642
1.976695 -14.032912
0.017190 -13.020482
1.580035 -13.121387
2.594078 -10.766756
1.872632 -8.262019
4.809509 -4.767660
3.444811 -7.233851
2.477082 -6.095653
0.317041 -13.913991
-0.495300 -13.196218
-0.183567 -11.944554
8.250942 -11.983807
8.738565 -13.178920
5.613043 -14.755756
6.363103 -13.463656
9.909458 -14.620861
10.504023 -10.973911
7.909274 -10.722335
9.089968 -10.932843
9.463964 -10.347468
9.160545 -9.235666
8.491001 -9.123520
9.627536 -9.949426
10.616510 -10.308630
8.611869 -12.720983
8.352714 -9.965114
8.429197 -7.890468
10.268919 -12.213548
8.632705 -11.964314
9.057648 -7.623014
6.295888 -7.240994
2.704145 -8.071006
1.824516 -12.491278
2.309526 -10.526586
1.869916 -8.633917
2.377376 -9.648686
1.662448 -9.479247
1.512688 -7.810447
4.101739 -7.238920
8.089380 -7.421180
8.474754 -7.704169
3.678427 -6.748063
1.729945 -9.257617
0.893820 -12.597469
6.179762 -14.311374
8.043233 -13.464967
10.180767 -14.639730
8.695919 -11.252793
7.905174 -10.402432
9.030712 -8.348880
6.367561 -7.939023
5.258266 -7.339775
4.710368 -7.837544
7.616669 -6.698414
9.173473 -6.849918
10.127184 -9.717822
10.326360 -9.621414
6.359630 -6.065754
4.179610 -5.190937
-1.133802 -8.834991
0.389755 -11.188672
1.908517 -11.766932
-1.366070 -11.614337
2.882828 -13.242145
2.212260 -11.010755
2.394368 -10.032607
2.463033 -8.979699
2.696657 -8.623944
0.999675 -11.679395
5.316977 -8.079681
5.152783 -7.605736
5.899006 -7.777151
4.696020 -7.433759
2.659389 -6.613369
2.853890 -5.889108
2.275544 -7.775979
2.627224 -9.224761
1.865177 -10.736362
9.011131 -10.294078
8.205557 -10.818048
10.771474 -11.089477
12.050668 -8.125150
3.523785 -7.834180
4.619516 -7.635592
3.693622 -8.188554
8.465143 -8.026406
9.971358 -7.507567
8.147414 -14.815940
7.461693 -14.283816
10.133896 -10.698130
8.513879 -9.739184
8.027356 -9.687051
9.199255 -10.372803
9.788312 -9.086086
11.821648 -10.620179
8.939480 -14.590333
7.878884 -13.270484
9.197375 -15.845361
6.004436 -14.423905
8.152828 -14.228391
10.187550 -10.113171
8.254139 -11.572808
8.772266 -9.386255
9.150071 -8.716798
7.963284 -11.115096
4.508962 -6.108202
9.080909 -8.148833
2.452445 -8.308295
2.980041 -7.789628
1.138474 -9.759029
1.372665 -8.666118
2.063414 -6.618542
2.122255 -9.732717
1.548713 -10.239598
1.728199 -6.591761
5.480649 -7.378235
12.927634 -12.175761
8.692314 -10.196172
8.518543 -10.653466
8.307167 -11.945161
1.430418 -8.804181
-0.527696 -8.877061
2.729225 -7.035270
2.345973 -13.114755
1.615560 -11.425165
0.550614 -10.948694
1.680313 -10.272675
0.912406 -11.555814
-1.958589 -10.012160
2.747513 -11.149679
2.408879 -9.842407
1.133968 -8.253514
6.824224 -7.012142
6.371134 -6.925575
7.191481 -7.459306
11.092113 -9.314948
9.698750 -12.735198
8.066000 -14.650002
8.088058 -12.921311
8.941081 -11.150678
0.195878 -6.793504
-0.450125 -8.296420
0.188085 -8.550887
0.297726 -13.102490
6.008734 -13.838976
3.506073 -13.570224
2.254564 -13.950201
4.985320 -13.674479
2.184676 -14.595592
2.578669 -11.462592
0.144853 -9.582265
2.052183 -13.461408
6.544202 -18.208374
5.697014 -15.908528
3.792486 -13.384665
5.722702 -13.579822
5.327065 -15.310981
8.336321 -13.134280
2.476197 -7.062028
2.359461 -7.649846
6.649614 -7.835859
7.252499 -7.252510
9.005489 -10.009235
8.414472 -8.108353
7.984818 -12.905210
7.943403 -8.817721
9.106400 -10.869792
4.006664 -7.893145
3.806322 -6.777661
4.858922 -5.462112
7.920637 -8.015782
6.788438 -7.350753
6.060670 -8.149663
4.232884 -5.367260
3.599522 -6.199152
3.586969 -8.152806
3.843512 -8.167326
4.113735 -7.069520
4.382161 -7.669422
2.316689 -6.341047
2.367724 -11.534023
2.255967 -11.466348
0.685975 -10.302695
2.647088 -11.898367
-0.070143 -11.435555
2.195907 -11.765860
1.784378 -10.413966
0.552371 -10.159633
3.450775 -6.052908
4.867426 -7.614226
4.902638 -7.092072
2.877625 -8.114571
2.295317 -7.687726
-0.169459 -10.834389
2.199059 -9.928319
1.334013 -7.752288
4.372224 -5.093175
10.046644 -10.151044
8.901711 -13.417626
9.089826 -12.463529
7.866711 -8.539439
9.143012 -9.212335
6.913336 -6.873405
6.856390 -7.651796
3.659045 -7.831893
4.828148 -7.721325
5.449383 -8.056046
3.982987 -8.139757
3.536914 -8.086377
5.858726 -4.934649
3.212872 -6.534396
1.763284 -10.781927
0.710563 -10.849363
2.509027 -12.795316
2.700263 -8.786274
1.618508 -8.402929
4.034237 -7.834851
1.996014 -6.701437
2.365641 -8.770898
2.828051 -8.676437
2.228794 -6.671421
4.961301 -7.865137
6.191574 -5.772290
-0.224476 -9.319009
1.596619 -9.114173
1.536691 -9.854403
-0.286017 -9.729757
1.746368 -8.287738
6.739460 -7.818464
2.003708 -6.820319
-0.353418 -6.944629
3.970893 -7.634917
4.053901 -7.704257
3.228912 -5.272763
5.904194 -6.396536
3.369765 -4.541640
1.399052 -9.146915
2.248232 -8.521588
0.669571 -10.209353
1.010985 -11.535474
0.085959 -10.343135
8.826799 -8.085641
5.266423 -7.104937
8.558388 -9.735659
8.111959 -10.027808
8.615661 -10.393918
10.308234 -9.392877
8.759130 -13.803571
8.489937 -13.961099
8.833737 -9.810857
7.121753 -6.665975
7.046828 -6.798839
0.254924 -10.113791
1.253735 -9.684291
3.215390 -5.508873
6.298246 -3.716963
9.171654 -6.962973
8.170975 -7.403170
6.622713 -7.869800
3.600143 -7.892520
3.603365 -7.614536
6.366087 -7.589749
2.834295 -7.088361
2.242620 -9.928143
-1.685984 -9.421113
1.655023 -8.270288
-1.600105 -9.266099
2.045554 -9.449503
1.645180 -16.018982
3.545783 -14.057818
4.335976 -13.762494
4.467753 -15.631612
9.331474 -12.745298
9.742569 -9.519286
8.029108 -9.887117
7.961618 -9.772103
10.142637 -8.276478
5.548457 -7.603561
2.124971 -8.183424
1.539741 -8.155924
2.542158 -9.830384
2.443902 -8.160031
5.132892 -7.329359
8.053128 -7.332431
8.989385 -8.639388
6.836161 -7.113365
5.434904 -5.717108
4.826939 -6.245402
6.483922 -6.993256
4.594152 -7.482147
6.206782 -2.396243
5.872754 -1.530597
7.169171 -1.339245
7.139865 1.357171
6.038214 -0.439522
4.804027 -3.642235
6.345167 -3.081422
5.530888 -0.246128
7.068135 1.746381
