12.179601 -19.048624
9.384145 -8.814842
8.395570 -6.669312
6.624854 -7.164218
5.076002 -5.096736
4.415186 -0.579329
7.458399 2.243937
10.972036 2.650938
3.761180 0.958078
5.372962 0.999962
5.353938 -0.979566
6.970087 -0.895563
6.385563 -1.727269
5.879313 -1.316769
4.725703 -4.811178
4.422828 -7.578616
5.453174 -7.598102
6.806886 -8.164950
0.558472 -7.927516
2.052478 -9.797446
0.747174 -9.636450
1.772575 -10.092921
0.929484 -11.093556
0.828964 -11.713300
2.054953 -13.333834
7.569786 -16.741674
8.243423 -9.597689
8.038005 -11.325301
7.933260 -10.117071
9.054419 -9.357536
9.921488 -7.330119
7.801011 -8.057590
2.894718 -6.912898
6.003932 -3.770285
5.551317 -3.676406
6.983713 1.837444
11.835068 1.488536
14.801483 1.050078
13.485036 2.664297
13.341749 -0.867706
12.505999 -3.563626
13.310021 -5.945302
11.749056 -4.116885
12.027256 -4.857160
11.477987 -6.418251
8.618542 -10.264358
7.715952 -6.813056
2.003096 -8.313757
3.673404 -3.012855
5.191937 0.013211
6.830853 -0.418506
5.239612 -2.934409
6.254307 -3.595383
4.950249 -3.937609
5.189837 -7.697563
5.255064 -6.914872
2.800725 -8.136318
4.589563 -7.721671
1.806557 -6.485740
3.511332 -7.252431
5.318830 -5.367619
6.011330 -7.488681
8.163728 -7.889872
10.717936 -9.307122
15.755036 -9.063251
7.935661 -7.725380
6.742866 -7.964065
8.717405 -6.855920
11.537208 -7.054967
8.834238 -7.174899
8.562113 -10.013721
10.412169 -8.640541
4.117555 -7.162230
6.217193 -8.069957
6.707686 -8.201395
6.069037 -4.477987
6.052923 -3.002779
4.727509 -3.277342
6.490514 -1.347824
6.970963 -1.283352
6.202121 -0.905687
5.978388 -7.380248
3.085263 -5.226268
3.536482 -6.456335
6.073798 -6.674679
7.800293 -7.602106
8.141707 -7.760378
4.193185 -6.088137
4.081275 -3.439180
2.824494 -7.326610
2.761069 -8.193923
5.266893 -7.727900
5.498025 -4.962824
4.946133 -6.130667
4.185257 -6.818176
8.836061 -8.455436
10.242635 -14.641168
8.821196 -10.783866
8.625820 -9.123467
8.440106 -7.491589
6.422660 -7.682555
5.045831 -8.055422
4.970738 -5.429788
8.476665 -8.481690
4.923771 -7.278677
4.687223 -7.611451
6.405578 -8.188295
3.901905 -3.624251
6.039807 -3.890882
5.474916 -3.635716
5.796130 -4.900128
6.258704 -5.952027
9.646560 -8.895585
10.301075 -8.494483
11.642746 -4.904716
12.057953 -4.152477
12.831752 -4.007873
11.778854 -5.661973
13.169438 -2.620079
13.118443 0.914300
9.052549 3.387050
10.763332 2.719115
10.174800 2.046553
11.241921 2.858509
10.611708 1.628518
15.506010 3.761899
13.584787 -0.151226
12.828459 2.411702
10.354403 3.161407
12.061587 6.427634
10.532749 3.755934
9.456423 3.954130
11.184712 2.870334
10.270266 1.680393
7.098029 1.847732
7.247791 0.856606
5.677664 -2.273789
3.779553 -5.908234
6.231391 -5.061073
6.306344 -0.732312
7.292274 -1.515813
3.789912 -1.289991
3.615859 -2.328887
5.744921 -3.278212
4.852511 -3.267138
5.602754 -1.769723
6.468204 -0.239409
7.358401 -1.627052
7.041147 -0.979006
7.294805 1.732424
6.973586 0.090225
6.059453 -2.405627
5.419825 -6.007873
5.559680 -5.994031
6.464929 -7.454198
6.926705 -7.310259
10.680502 -6.820931
12.175326 -9.929172
11.638824 -8.372447
5.890046 -7.268906
5.262291 -2.866416
5.091307 -0.408863
4.946952 3.365181
5.263195 0.989767
4.378884 -1.542354
6.162439 -1.236130
6.466640 0.435760
7.232823 3.491281
6.448908 5.544904
5.933362 6.734887
5.622884 9.852317
5.887574 6.032217
3.389474 5.273980
2.257001 7.531781
4.032849 6.899366
4.933231 5.663555
6.901066 4.207486
6.883173 3.939617
6.279981 5.965214
6.987775 3.067317
9.246864 4.225584
9.264096 4.092032
10.645170 4.055631
9.945829 5.177034
11.752135 4.485731
11.955806 6.064803
11.499928 5.471853
9.254126 4.211101
10.008956 4.829671
4.808346 5.311108
10.794586 5.352230
9.802456 4.795385
10.346453 5.302190
7.246619 4.748716
7.575683 3.149937
5.137004 2.438598
6.263547 9.194070
5.023365 9.607988
6.506680 8.014977
6.364736 8.310131
1.843285 7.309558
8.664277 3.923343
8.179390 2.432374
9.927425 4.059404
9.147172 2.393897
9.278524 5.380188
9.137683 4.254510
7.203998 3.939725
8.188192 5.186670
10.021380 5.380667
10.597260 2.880012
12.175892 5.337827
11.630627 6.011176
12.002812 8.446756
11.655193 8.232690
13.346943 10.489764
10.993982 11.362967
11.421118 11.369390
3.871393 11.160531
4.966068 6.832814
3.286978 11.220204
3.409768 8.860279
5.861252 12.418139
13.590118 11.234752
12.530097 12.975059
13.677887 12.512540
12.081591 8.206589
11.884240 6.317586
12.122392 4.300741
10.683678 5.582958
11.243259 4.701703
6.360894 5.322838
6.067602 10.832244
