-18.047865 -18.302807
-10.016797 -17.323694
-8.037550 -16.191633
-8.376335 -10.656370
-8.903243 -10.178771
-12.312465 -10.667569
-14.067301 -4.446277
-12.170019 -1.216310
-9.633854 -1.682524
-9.610396 -5.704041
-3.782265 -3.718950
-2.550102 -3.363827
-4.504533 -1.917564
-4.064194 -0.356845
-2.982550 -0.660919
-3.596684 -0.171236
-3.857267 -1.026324
-2.086878 1.201791
-5.232165 2.944278
-4.660590 3.901346
-4.605991 4.473774
-4.425086 5.238076
-5.931587 9.971923
-9.067770 9.937754
-9.023592 9.664545
-9.355303 11.655434
