-18.563114 -19.680271
-7.278410 -16.257036
-10.296342 -13.270743
-8.153276 -12.836819
-9.204188 -12.042779
-14.755053 -9.185719
-10.283941 2.231504
-9.573900 3.118146
-9.237278 3.258124
-9.563464 3.269941
-12.438506 2.985455
-9.732293 2.666807
-12.514199 1.381696
-11.095422 0.634052
-11.962505 1.518779
-9.803706 2.352440
-4.892776 3.917311
-7.947157 6.611425
-7.058052 9.408907
-6.858791 5.401366
-7.842461 5.837988
-6.495145 4.481303
-6.739968 5.422444
-7.333637 5.675785
-6.587299 4.191018
-8.176867 3.091375
-9.595648 2.968964
-13.373741 2.106153
-11.852047 -1.165896
-14.825675 4.974326
-14.655297 5.114794
-15.361035 2.190399
-10.103315 3.180059
-11.376287 0.510981
-9.852245 0.070597
-7.010543 6.276747
-5.442899 4.348146
-7.169133 5.877785
-8.620581 8.551499
-9.825109 8.691100
-7.362778 8.883516
-10.292307 8.964647
-16.538141 8.807706
-13.445560 10.167263
-12.992707 8.310551
-15.474396 8.162028
-13.503069 9.474303
-11.662642 10.840786
-4.944610 7.970774
-3.245014 5.721517
-3.887164 5.866910
-3.404384 6.377460
-7.573420 4.907227
-7.442235 6.154858
-7.184136 8.451519
-6.094939 2.139146
-6.832646 4.836528
-7.763506 7.363668
-7.664518 7.696504
-10.297557 8.579803
-6.009470 10.786731
-6.606665 7.832482
-7.069641 5.969187
-6.352394 7.201560
-8.731304 10.873224
-10.644140 9.649908
-9.856908 8.605989
-11.373411 8.694317
-14.119657 11.538207
-17.408266 8.529485
-14.316081 7.800573
-14.085711 4.851182
-11.914922 1.192664
-10.297873 2.772269
-11.111105 2.090089
-11.409291 3.397372
-9.582033 3.495272
-12.563151 -0.866361
-9.877842 -3.306713
-9.054373 1.123274
-6.396051 4.597628
-5.457775 4.564148
-6.725897 5.485700
-5.539895 3.960649
-7.615341 5.717822
-8.171675 1.693639
-13.141606 3.179180
-13.174006 6.467084
-16.182440 2.865792
-10.066962 1.563694
-5.755177 3.060421
-6.196350 5.351325
-7.771314 7.496757
-6.293602 6.073753
-4.384274 7.743274
-5.809358 8.743692
-9.841753 8.873382
-10.775008 8.648852
-7.768082 9.396710
-6.024065 6.628980
-8.474183 1.289090
-11.392573 2.603467
-10.300071 2.795714
-10.917378 9.322610
-10.846500 10.262607
-10.133057 9.236900
-12.222683 9.275103
-9.279870 10.056759
-14.600677 8.959685
-17.952366 5.999872
-14.375227 7.395101
-13.550765 3.466665
-12.111755 8.738315
-9.292513 9.669552
-6.940559 8.649810
-9.842242 8.657188
-11.057686 10.416355
-7.211612 9.386286
-6.980437 7.543990
-7.353618 7.434281
-6.681336 5.664769
-6.702497 3.978664
-7.661250 6.184305
-5.365900 10.332547
-6.415052 9.656919
-7.892885 7.400054
-10.728091 12.303584
-15.025856 13.187779
-14.437178 6.980620
-11.065126 12.149122
-12.006636 9.033914
-6.625898 3.799499
-9.689363 2.898766
-4.964664 1.794510
-7.750011 6.376115
-9.365830 2.333813
-8.034128 2.752781
-10.677666 0.208648
-8.356368 2.854663
-7.573806 3.354906
-8.228452 3.250891
-6.648051 2.549835
-4.968266 3.850425
-7.105845 5.276875
-6.533056 8.213052
-6.389310 7.878289
-7.490959 7.404737
-12.211838 9.337857
-9.958716 10.130462
-9.031951 10.535998
-15.867846 8.382494
-15.328033 4.799610
-13.665567 4.550745
-6.967613 5.284507
-6.376595 4.119591
-6.879057 4.292036
-7.818323 3.016990
-6.425581 6.788636
-7.809896 6.999086
-4.783873 8.860766
-8.869229 9.657965
-8.955770 9.640464
-7.764512 8.311151
-10.915215 8.547074
-14.005354 9.621802
-14.856647 12.738025
-14.623939 12.717695
-9.009066 10.541913
-11.282372 11.433245
-10.813969 9.293141
-7.975890 9.290379
-12.038857 8.973276
-10.667206 8.738847
-7.233593 4.710464
-5.589038 4.518693
-7.376741 7.122484
-7.603641 7.976378
-12.958984 5.035500
-13.734802 2.119605
-18.826347 4.834709
-13.399940 8.769526
-12.019875 8.949101
-6.617679 9.615251
-7.251902 6.593032
-4.439081 2.965618
-7.352239 8.875900
-9.715989 10.716479
-8.320369 9.828544
-9.291605 8.765583
-9.202017 8.858377
-7.187088 8.395269
-7.585771 6.922212
-7.795648 8.377427
-6.837880 8.630808
-5.859944 5.783609
-8.598232 2.099279
-6.268616 5.253021
-6.811299 8.045562
-8.529085 9.572480
-9.381366 9.302911
-7.766728 8.545706
-7.449562 8.342386
-11.753749 11.437203
-12.612408 8.714716
