-14.718070 4.259294
-9.678944 -3.311924
-11.470115 -3.157578
-10.005896 -2.989416
-12.653001 0.807292
-9.768465 0.144169
-10.812796 1.584206
-9.203814 3.037645
-8.854206 1.184766
-9.212316 1.821372
-7.292006 2.375295
-7.323708 4.756461
-4.195149 5.005686
-7.637988 6.781288
-6.012583 4.895283
-8.430564 2.703000
-11.844774 3.216472
-14.573980 1.465695
-12.438143 -0.816525
-9.095317 2.640968
-10.710825 2.759720
-5.658440 3.748178
-4.464004 7.524440
-7.401608 6.861338
-7.668333 5.742001
-7.447878 6.647758
-5.285326 6.328732
-6.325087 5.936787
-7.537144 7.329794
-6.507906 3.770304
-7.776056 4.673656
-7.244836 5.327044
-8.165807 2.726209
-6.947278 4.111866
-6.150023 2.895263
-4.495126 3.565926
-3.407007 -1.098761
-0.113546 -0.311248
-2.043592 -1.245105
-4.553975 0.724098
-4.350218 -0.616047
-3.972973 -0.493459
-4.099449 -5.864271
-4.061677 -3.543833
-4.024397 -3.313606
-3.457622 -1.088694
-4.352832 -4.929020
-6.293452 -4.112554
-5.521687 -4.179027
-8.828338 -6.316638
-6.803436 -6.133651
-7.421586 -4.310098
-6.682740 -3.959970
-8.088421 -4.074585
-10.056543 -5.374041
-10.363098 -6.264980
-8.611410 -5.724348
-6.709424 -10.686470
-7.223585 -17.374327
