-19.656012 -5.031048
-10.933517 -1.934033
-9.874256 2.214574
-8.168190 3.445051
-4.933519 3.838542
-3.254655 -0.769367
-3.325943 0.020108
-3.235733 2.136978
-5.947235 1.429956
-4.973571 1.110685
-5.279111 1.203802
-5.783748 1.339451
-6.068225 2.213373
-2.244627 0.664164
-4.020935 -1.059386
-3.887492 -1.677494
-3.238986 -1.592163
-3.139726 -1.358819
-4.257357 -1.261917
-3.958418 -4.379765
-5.279279 -5.981844
-6.761921 -5.669695
-5.863218 -6.716776
-6.845781 -8.727668
-8.005674 -4.505176
-6.722758 -4.612482
-7.763527 -5.444767
-7.185977 -4.849191
-7.921311 -6.695818
-7.438839 -6.170797
-10.170531 -5.317278
-9.763993 -1.653206
-9.645864 -0.569117
-13.023074 4.794395
-7.603922 2.246873
-9.273535 2.648341
-6.863331 2.505357
-8.413326 1.544571
-6.330712 3.292075
-6.211530 3.332955
-5.850983 4.076743
-5.265081 1.320412
-6.303045 2.161258
-7.950931 4.221087
-7.780887 2.127639
-6.588581 2.294326
-5.387567 2.592357
-3.890621 1.456390
-4.467747 -2.649437
-4.463093 -1.790954
-3.769942 -1.078914
-4.085166 -1.515976
-4.227477 -1.167000
-3.944053 -1.390843
-3.566254 -2.195662
-2.055170 -3.966980
-6.184822 -5.910573
-6.671319 -5.072028
-7.257491 -7.414176
-4.202291 -4.388971
-4.406293 0.315495
-1.744316 1.142009
-2.371912 3.764040
-2.442690 7.543058
-1.042273 8.987954
0.044270 11.228649
2.113274 12.761312
