10.366673 4.913529
9.491829 5.571810
10.377314 3.922174
6.215990 3.382338
8.296946 5.137352
8.733142 5.193498
11.362661 3.180921
12.550858 7.408497
12.204340 8.446445
10.852608 2.649819
9.417403 4.535039
6.321868 5.138403
5.502705 9.151638
3.942950 8.931684
4.654317 6.808127
5.566874 6.324026
6.116534 5.003395
9.439003 4.970078
5.801099 5.353878
6.950579 4.338738
8.735223 4.002892
12.361084 2.632792
11.838277 8.038175
12.359389 7.016960
11.876480 8.977035
11.558637 3.557557
11.027636 5.103079
9.221600 2.381330
7.537098 5.260593
5.533398 3.674616
5.229370 7.457483
6.316136 7.496172
6.002996 9.960486
2.680101 6.178722
3.837739 3.948139
6.882680 5.196195
5.505331 4.969976
5.805243 7.188384
5.524161 5.228891
7.707829 5.081219
7.922069 3.680933
9.808266 3.828270
9.375574 5.262231
10.608309 3.137877
11.970517 6.551955
11.435354 5.281079
10.752298 4.992396
9.524967 3.245779
6.980157 4.704343
4.503259 8.266263
4.697040 8.674927
4.056463 11.522591
8.054654 12.112937
12.044795 10.639500
13.302186 2.825042
12.521622 6.825375
12.793230 10.642736
6.454913 6.536884
8.526013 4.670971
8.395343 5.586473
8.958858 5.636979
9.224131 5.486405
9.826369 4.965913
11.082194 5.324815
11.844713 3.727851
8.900607 1.725058
9.391486 1.887920
9.413548 3.427341
10.491121 4.250639
11.837833 6.985255
12.025409 11.166673
7.903307 12.144458
2.899104 6.833982
6.062572 9.405353
5.231137 6.343423
5.418228 6.868224
6.846748 4.763629
8.843191 2.505349
9.728239 3.409617
7.635364 4.299298
6.385159 5.183267
3.921823 3.927672
4.926007 8.760935
8.044754 13.092710
10.420036 10.843520
7.877494 13.118047
7.672174 15.174203
4.477527 7.766653
7.013472 4.508546
9.519215 5.614963
9.758011 2.196512
8.608012 4.949796
11.011021 12.856501
11.339486 11.745172
9.147852 5.303666
10.363695 5.503646
8.487739 4.863927
8.820776 2.532427
9.804920 4.398529
11.737577 7.520826
11.606491 11.245980
8.338676 10.803924
7.343287 12.297614
11.390484 11.645213
9.496071 11.041952
5.962680 12.035314
6.477118 9.884757
6.130115 8.469780
3.561369 5.228939
5.958054 13.866632
6.860332 10.839098
8.188757 12.679188
3.029182 12.436312
6.167219 7.913652
5.684149 6.259445
5.992347 4.449011
8.757530 5.569793
9.206563 4.907763
8.352386 4.943655
5.366692 2.925982
4.532123 6.463778
7.711787 3.898685
5.627532 4.831856
8.475019 4.744318
7.650934 5.569684
8.809834 5.218816
5.402087 5.068858
7.371708 5.012323
10.277666 4.409555
11.227590 5.397339
10.543610 5.262535
9.919522 5.625746
13.023665 5.000603
4.602951 5.747069
9.422525 5.450882
9.297971 3.636330
8.875584 5.470906
9.042122 3.147475
8.273024 5.255319
6.461294 4.575824
6.424026 9.173367
6.226652 6.338164
6.200372 8.454749
6.321539 4.988795
5.111356 4.439398
8.316761 4.796159
7.084266 5.629135
8.098564 4.467539
7.813352 4.751869
7.894376 5.364876
9.802212 5.649557
11.105071 5.320838
12.891445 6.085433
12.787155 7.505893
11.670675 7.314078
11.547097 9.391801
12.140993 9.204774
12.030931 10.600108
13.347919 10.411333
13.049704 5.656398
11.567725 4.339067
16.041832 5.722190
9.207735 4.303324
9.660108 1.654796
12.717646 5.816153
11.801548 8.464695
11.572276 11.059789
13.422166 10.694387
13.054085 9.119503
12.007618 10.524534
11.838289 9.647346
12.300153 14.328220
9.005603 12.688265
4.067906 10.860290
4.958408 5.326798
6.338930 8.348823
6.434769 11.551595
9.069318 10.665229
9.527559 10.863701
12.507922 12.796411
9.810043 10.866640
10.698598 12.904373
9.165457 12.694155
12.216469 10.255599
12.282400 9.927813
11.814985 9.042624
12.886982 13.065215
9.989040 10.990591
7.676008 10.659692
6.664193 11.210892
5.149755 9.811326
3.800046 9.442101
2.166248 10.597935
6.162270 11.001015
2.897645 9.067245
4.389902 9.498964
6.473358 9.265696
5.929256 7.757266
6.105399 5.183508
5.442638 8.517378
5.109368 8.303292
3.711608 10.256159
3.375443 10.203524
