12.640715 10.232895
12.184877 2.310111
9.204910 5.568402
8.120727 5.387667
8.477324 5.033852
4.784288 5.531562
5.846028 6.625376
5.690918 6.257689
5.757247 7.538969
6.763274 2.116248
8.537146 5.310528
7.672706 4.666138
10.061190 5.499620
11.143583 2.862308
13.087651 6.389908
9.363732 3.700565
9.309992 3.537334
10.284895 4.788133
5.410566 4.173814
2.750841 5.372530
5.918430 6.057430
3.653357 5.095013
4.869126 6.073640
5.511948 8.588902
5.707747 9.429961
8.495714 13.662397
10.404013 11.158081
9.211415 5.634944
7.429443 4.125849
6.732574 3.926824
5.490164 6.461792
6.689638 5.533868
6.322929 3.544718
5.645870 8.179916
5.458437 5.262189
9.539208 4.667818
7.500201 4.210020
13.266627 6.269411
9.675838 3.393917
14.311430 5.716017
13.665928 5.852877
14.804615 2.423859
11.662137 3.726043
10.620523 5.376597
8.628449 3.699786
9.254376 5.246523
8.143315 3.907371
9.583408 3.327866
7.123016 5.249900
7.754000 5.158776
9.043222 5.414497
7.334816 5.146446
7.498608 5.235433
8.326435 4.359092
5.783904 5.291077
7.859990 4.479962
5.441681 4.732792
6.513899 7.006232
6.095638 5.863307
7.099155 4.708664
6.885533 3.751218
5.120564 5.409765
-1.064151 5.472629
-4.528283 5.172565
