-17.599993 -9.431333
-13.128247 -4.850320
-10.471596 -0.691225
-10.103712 -0.457065
-13.096529 2.406596
-13.195177 6.021324
-14.172184 4.592144
-16.492085 5.784705
-12.272780 2.302351
-11.346131 2.670920
-7.195418 3.163791
-3.256399 4.676544
-1.178115 7.231841
-4.339321 6.411847
-6.485648 3.893720
-5.011267 2.544607
-7.293238 2.990114
-3.802460 3.491854
-5.586224 3.981977
-6.977359 2.854147
-3.589113 1.457004
-2.823838 5.146074
-1.182954 6.379170
1.795328 8.245075
3.553286 9.267837
5.426557 1.115224
5.270148 3.462440
2.315305 9.828273
5.001974 8.257380
5.182150 8.210012
2.131839 5.999672
10.692320 4.505063
11.673551 5.677629
11.073934 2.675099
7.302474 5.345596
7.052992 5.048675
7.376872 4.680390
6.208546 5.259926
3.606563 5.147909
6.251776 12.347451
3.875956 7.892461
5.435327 7.221377
5.296091 6.799868
6.136874 5.683333
8.815877 4.786850
9.665647 4.815520
8.253801 5.448125
8.041147 4.873824
6.283940 4.867939
6.043114 7.698834
2.940067 4.557956
7.646759 4.196390
9.271912 3.574452
8.492298 3.644014
6.384846 2.925011
10.312473 4.381489
8.923294 3.714783
10.334489 4.822186
11.698325 12.355293
8.051725 13.491382
11.654488 10.179767
9.812909 11.483537
10.834941 11.715874
9.429653 12.544065
9.557058 12.496713
11.200821 12.609136
5.923166 7.991678
6.508681 8.948542
11.762669 7.601630
12.087986 6.093976
5.246758 7.313366
2.004623 8.433121
6.194583 9.227181
8.027454 10.811980
5.173480 8.557319
6.514653 9.691689
6.016219 7.194051
5.445651 5.342510
7.420076 5.244149
8.658604 5.069684
6.175996 5.617986
4.661364 7.517036
5.581934 5.618426
6.694982 4.706771
6.083506 6.643763
6.939425 3.130641
9.368250 4.504252
6.416799 5.107286
8.444335 4.742636
7.702995 5.072827
8.090543 4.526649
8.982985 3.942465
10.870650 4.497531
8.093587 3.237604
8.524770 3.180899
7.067869 5.571260
8.132851 5.616490
9.359966 5.076281
9.654173 4.136993
10.735254 4.747567
8.429755 10.780221
3.987865 9.553807
4.069500 8.544997
6.478374 9.622583
4.797033 9.578561
5.300302 7.693836
4.985452 8.469971
6.945624 4.182349
7.793465 3.455862
8.027332 4.591165
10.289005 5.622896
9.316010 5.261212
10.263840 4.740390
11.576755 8.131108
11.707464 7.015135
12.987208 8.736434
10.857064 13.181228
12.108803 15.587189
11.639202 9.975913
11.970641 10.792331
6.797745 10.730089
