6.496984 1.177001
5.835846 -1.147542
5.612904 -6.222123
6.260418 -8.040615
4.925241 -5.865498
5.152042 -5.429555
5.112494 -7.165749
4.113235 -4.867737
2.432941 -7.499215
2.406591 -12.019484
2.337124 -8.873038
1.591143 -10.738778
2.785588 -13.845441
0.519395 -16.039898
1.764005 -11.142116
3.133280 -14.605035
2.968055 -15.211741
1.173063 -12.369938
2.506203 -11.104320
5.685467 -6.470817
6.341358 -5.144243
5.142550 -5.549969
4.789095 -4.870109
3.772970 -4.256138
3.353587 -6.249339
4.361723 -4.772713
2.357609 -9.328403
2.217994 -6.505854
8.895620 -6.647245
7.720482 -7.046009
10.776947 -9.664465
9.036866 -11.208455
10.063565 -10.857162
10.744730 -10.253477
8.968021 -10.939550
8.135767 -12.027970
9.236879 -15.169836
5.871469 -14.661400
4.524951 -13.397535
7.574701 -15.740883
11.087747 -12.782068
8.896517 -11.355027
9.151257 -16.093969
7.029677 -14.251628
9.376461 -15.079965
10.823193 -14.033937
9.694694 -10.418233
9.406874 -11.259832
10.570604 -10.392901
8.178559 -10.703688
9.454012 -8.943540
