-18.602503 -16.281389
-17.947784 -13.235661
-13.525285 -9.449778
-11.944569 -3.777288
-10.967699 -4.304623
-11.212584 -3.162435
-8.068327 -7.150366
-7.537612 -4.443904
-6.116947 -4.214605
-3.029019 -4.576893
-3.645535 -2.971395
-4.472874 -5.005987
-3.860976 -3.051553
-3.597513 -1.439401
-3.806166 -0.326176
-3.734970 -1.208033
-3.442626 -4.196978
-2.816185 -2.303161
-4.182401 0.408864
-4.493295 -0.417353
-3.868926 -0.174129
-3.949808 3.503816
-5.964979 2.529953
-6.231512 2.508297
-3.689183 3.159320
-3.421503 0.700047
-3.638165 1.274236
-7.233042 1.325308
-7.991651 2.371974
-7.547164 1.724289
-7.543690 1.590537
-4.194774 2.422707
-4.096671 -0.157979
-2.658346 0.172261
-2.588383 0.357136
-4.825653 1.441475
-5.759269 6.755209
