-0.683908 -12.414833 0.279253
-5.855709 -8.784416 -1.656807
-3.250015 -12.290924 2.690304
-3.352069 -5.741271 5.943348
4.753373 -6.336374 6.096329
5.301804 -10.873186 6.446423
6.054878 -3.333951 5.277469
5.311757 -4.672253 7.916211
2.681057 -5.096282 7.556800
4.728549 -4.734164 5.093437
2.614839 -4.482575 7.132089
-1.240921 -3.767232 6.333868
4.080883 -6.053853 4.916189
7.512910 -7.120054 6.023577
13.090517 -9.527299 6.054941
13.669209 -12.424831 1.045523
14.117251 -5.858387 1.451239
11.972973 -4.945867 -0.102234
11.881111 -5.923226 1.286232
11.363857 -8.989063 -4.191805
11.104326 -8.578154 -0.988557
8.829032 -7.884538 -2.062664
9.788505 -10.227150 -3.985948
13.719723 -12.707295 -0.409372
6.505221 -10.639421 1.204461
7.039010 -10.378931 -0.698869
8.527705 -6.587901 -0.869734
7.259439 -8.448574 -3.260182
4.593567 -6.492865 -2.586697
3.793662 -8.445524 -1.805926
6.113362 -6.979372 -1.103510
6.308267 -6.553851 -0.532655
6.479164 -7.212787 -1.102743
5.463200 -7.551026 -1.190912
7.908248 -10.183613 -3.518919
4.571099 -10.342999 4.896296
4.248204 -9.602783 5.305822
5.877221 -8.240618 5.202958
4.283162 -5.648217 5.990632
3.019302 -3.646408 5.659347
5.696531 -6.911707 6.907604
5.336856 -4.559969 6.803029
6.004668 -4.467895 6.659223
6.495775 -5.047876 6.597065
3.027136 -5.372185 7.515630
4.463416 -4.341773 5.221047
2.648221 -5.101675 6.360523
7.017332 -6.352296 6.715491
5.241681 -11.164709 5.063554
5.649760 -10.064552 6.863752
4.874773 -6.434073 5.400805
3.411465 -5.933173 6.816223
4.674990 -3.572484 5.881306
6.006871 -6.968679 5.493362
7.459341 -6.352896 4.594726
8.527235 -5.671391 5.461564
7.893391 -3.251490 -1.073886
7.667371 -2.112459 -1.738788
6.159708 -4.353485 -1.160812
5.895614 -3.342275 -2.863512
4.563905 -3.644673 -2.758472
5.250771 -5.641971 -1.804697
4.610600 -6.570764 -3.027817
4.811925 -7.630562 -2.321223
6.379374 -8.797309 -2.749832
5.788921 -8.543907 -0.863311
2.754383 0.394629 -1.059677
3.925003 1.348398 0.273144
3.095225 -0.123218 -1.193688
1.529330 1.449025 0.087952
-1.637217 2.341825 1.247507
-1.862893 7.080074 0.136825
-0.700269 5.192545 0.769121
-4.724786 6.447317 1.083130
0.350959 6.712877 0.088220
-0.667122 8.132833 0.946915
0.467747 6.609308 -0.753960
1.198784 7.426509 -0.574507
-0.738367 8.756831 -1.012359
-1.431074 8.853112 -0.318169
0.401381 7.480965 -2.600426
2.196763 4.636483 -6.360300
1.473395 4.292322 -3.129088
2.282238 3.597655 -3.773181
-0.359045 5.940518 -3.300713
-0.693252 8.573682 -2.736858
0.526325 7.309722 -1.196115
2.218240 8.831456 1.615565
0.804897 7.888660 -0.539645
3.034253 6.059072 3.449572
4.066684 4.193070 3.655424
1.658244 4.714200 3.954755
7.344554 7.187125 3.232431
6.857388 5.275064 2.780015
18.466314 11.056064 6.037062
