5.619182 3.695038 12.973433
6.044387 -2.250566 5.039985
7.139161 -3.290839 5.525713
4.697106 -0.199267 6.662611
6.171450 -0.246575 6.125030
6.627875 0.274104 2.891056
7.054258 -0.237084 3.315077
7.094837 0.070241 7.982548
5.109584 -2.020384 5.256188
6.465148 -3.000695 5.353425
5.867328 -3.605458 5.319024
3.816258 -5.433967 4.975086
4.104350 -6.872578 5.372951
5.359721 -8.880599 5.406971
9.532740 -7.445917 4.995517
12.503940 -5.720067 4.995522
12.487737 -7.333797 8.589165
10.566262 -6.890726 7.395922
9.326138 -6.963761 4.843821
6.404345 -6.408150 8.123502
6.274059 -6.871990 7.381003
6.614661 -4.866384 6.158854
5.392862 -4.809065 6.472674
5.548196 -7.107462 6.963736
4.209560 -3.874901 7.889548
6.735115 -1.829062 9.820673
5.588450 -0.016049 9.238785
3.561367 4.279903 10.665298
10.051555 6.595867 11.368084
7.132392 5.316787 5.315222
10.300275 5.496468 9.943056
11.101089 5.782352 10.902493
7.917587 4.709787 8.835177
4.463437 7.596334 5.802419
4.095818 2.622104 7.158983
5.489583 3.905309 4.834424
5.810187 0.387316 0.888290
5.860531 -0.335284 2.256972
6.431911 1.757005 3.503654
6.879279 0.663751 5.514973
6.377944 -5.245989 6.248755
10.194851 -6.454152 10.072802
7.182405 -6.786941 6.169487
12.866498 -10.129834 6.603574
12.610580 -5.646492 4.353375
11.504313 -5.999057 -0.215769
8.055633 -3.224597 -1.255616
6.421340 -3.957926 6.268109
5.026016 -4.687652 8.082223
8.346353 -6.150948 6.521699
7.192770 -2.496576 4.984141
4.504766 -1.535442 5.525388
6.816543 -0.372661 10.496035
5.955480 -1.658691 8.236763
7.113866 1.909889 7.528360
6.500306 0.884962 4.769592
6.941707 3.328659 2.288218
7.357085 5.213551 4.903123
8.427953 7.130625 4.142384
8.948828 5.555973 2.735625
7.278004 4.563017 6.585352
11.292007 4.899480 4.282861
9.442023 6.309121 7.845609
5.477237 5.848206 2.408824
7.258318 5.354006 5.637696
9.211527 5.041151 3.621083
10.081980 4.693666 1.889872
9.298754 7.224898 4.354887
9.564287 5.193178 2.936161
11.467328 3.998777 0.828341
9.600493 6.205056 2.144443
11.410728 7.192026 2.624886
10.894299 5.009765 -0.277026
4.517432 7.416893 3.872885
5.355239 3.100664 5.303667
7.246696 2.455583 4.250884
9.069921 5.667575 2.864573
6.724762 2.422316 3.985857
7.082976 3.680959 2.644556
4.332459 8.124773 1.876223
9.834763 5.526000 5.226394
10.307318 7.367506 2.239998
10.231817 7.407532 2.386714
11.555530 7.376344 3.557726
9.790059 6.336751 0.914369
12.838205 7.448588 1.348646
9.194799 3.378482 2.153443
11.240919 4.571852 1.923135
10.542518 5.507958 2.956804
10.001735 6.595682 1.117470
15.779976 7.240477 8.885808
12.591157 6.644842 6.101882
8.952324 5.889124 4.960929
9.457649 5.430065 5.226750
10.235126 5.114772 2.073466
8.657063 -0.135709 2.113866
10.852033 -0.573817 -0.645977
11.147655 -2.487263 -2.882287
9.618612 -0.869139 -3.069389
9.608432 -6.506360 -1.004440
10.465627 -10.098618 -1.481204
8.764824 -12.938519 3.101515
9.445805 -11.022286 -1.439097
4.869168 -9.968750 -1.697306
3.497849 -14.902372 0.389770
7.225445 -11.237788 3.926850
6.802533 -9.933757 7.470506
6.882265 -10.737440 6.267882
7.378969 -9.017498 -1.251011
5.650557 -8.647963 -0.830224
1.937984 -7.020025 5.526755
-0.385831 -9.127069 6.964601
4.022099 -11.852333 5.829987
2.129388 -11.259790 2.561008
7.760771 -11.251337 2.938780
7.513875 -10.597473 6.213655
9.529913 -9.078377 5.179399
9.487514 -9.490101 5.653274
7.687504 -2.510072 -1.901143
8.673135 -1.364538 -4.355765
5.458956 -1.437368 -2.844415
12.636808 -1.190307 1.805750
11.338272 -5.411432 -1.338455
12.726947 -12.542599 2.213546
10.132733 -12.004768 3.052160
9.070602 -12.615747 1.606186
11.926434 -11.441620 -0.516239
11.135357 -7.897718 0.608879
11.373739 -11.880445 -2.988142
9.783950 -8.238497 -1.054723
6.068663 -7.424385 -0.700175
6.128107 -3.269298 -1.768264
5.153935 -1.872174 -1.308377
8.520092 -1.634891 -1.764670
6.307889 -6.694899 -1.917483
8.015183 -11.417460 -1.522489
7.150249 -12.151576 1.530357
9.482135 -12.597248 -2.547343
4.523705 -8.900849 -1.985172
7.053610 -10.907743 0.246389
6.204941 -7.347653 5.037476
5.490989 -5.366450 5.552278
4.240766 -7.216954 4.956591
2.014278 -10.525517 5.031085
1.791463 -4.555673 7.929107
-3.025967 -6.963275 6.342556
-2.423554 -8.255469 4.044199
-3.017300 -9.393074 2.584981
-3.066135 -7.437928 -2.490725
-2.145526 -5.450745 -0.705378
4.273818 -3.621763 -1.273726
6.448996 -7.524059 -0.519120
3.810207 -6.904432 -0.766647
6.204897 -6.614859 5.996860
5.475100 -6.737673 7.863393
4.995320 -6.185436 5.526296
2.852652 -8.418167 5.423542
0.877988 -8.530419 6.298677
5.333033 -8.712315 5.890741
5.871850 -8.444756 6.604650
7.378953 -7.093603 5.019691
7.725980 -7.425639 5.729335
7.279033 -7.495989 5.140038
6.771748 -3.394583 5.510717
5.045517 -5.202386 4.940204
4.598991 -2.207680 4.740719
5.473712 -2.305026 5.069976
6.068232 -1.086990 5.310173
5.428237 -1.247071 8.638820
5.609032 0.051049 2.589984
5.140809 1.754616 3.028028
5.776231 1.231136 5.101020
6.939471 -0.972594 5.344066
6.370708 -1.746828 6.659799
6.876578 -5.423405 4.937723
6.483679 -2.268088 4.540050
4.139980 -3.100458 5.079501
5.460503 -3.713301 5.050857
-0.988310 -3.336955 5.854223
-0.825431 -3.382216 6.492642
-3.273728 -3.948236 6.065702
-3.635793 -3.829575 4.034785
0.184024 -6.888663 7.983117
2.740778 -5.078728 6.392303
-0.355862 -4.519281 6.134587
-3.961952 -4.226879 5.369884
-2.997351 -3.058285 2.574727
-2.090532 -3.765156 1.919807
-3.500177 -3.809475 2.962377
-5.539961 -4.105658 4.362979
-3.164896 -3.878439 2.798529
-0.466933 -0.432605 0.348099
0.922826 0.995113 0.360696
-0.595568 0.959671 0.234395
-0.613149 1.663354 0.086491
2.122940 0.223684 -1.919439
3.009286 0.263161 -1.197311
7.338549 0.561949 -0.988111
3.011725 8.777092 0.741239
5.886967 6.975475 2.567500
3.632583 4.930731 3.386126
11.216072 5.247867 -1.249802
12.488023 5.914193 -1.333408
10.688830 3.085607 1.184431
9.996475 4.706691 1.929614
10.439286 2.601925 1.761810
9.080457 5.656219 4.075348
5.428782 4.375974 4.070252
6.388245 4.377841 3.163395
6.684449 2.541753 2.606187
7.063853 4.608828 2.761750
6.439955 5.799851 3.930368
9.460938 4.824143 4.012506
8.956215 5.675407 5.485158
10.249566 6.387508 5.596002
12.175036 6.338837 3.019220
9.006426 5.063748 4.886083
10.627605 4.919503 4.485548
13.848059 6.813856 2.569124
10.359926 2.462439 0.635007
6.271142 7.144332 -2.120242
8.409159 8.114414 -0.610774
5.484356 6.707042 -2.838553
7.784446 2.316995 2.234587
4.438679 0.112554 2.109104
6.760659 -0.243593 -0.487953
3.743050 -2.435711 -1.481442
6.584429 -2.041896 -2.828963
4.988035 -2.455367 -0.788943
10.209552 -1.761181 -0.921539
11.211578 3.775649 -0.110071
10.241796 2.690452 1.089927
9.235952 -0.213689 1.305184
10.013117 0.687911 -0.332322
10.873478 1.294528 1.854554
11.281528 1.638750 1.207785
7.400601 1.267799 1.855164
8.018911 0.558741 1.231519
7.297345 -0.023290 1.752941
7.206795 2.971044 2.320346
6.508219 0.249399 3.124103
6.319685 3.155864 2.569765
6.629694 -0.554233 4.359656
5.733225 4.389693 6.305189
6.533721 6.063776 5.201960
9.028839 4.843265 4.253026
7.695912 5.828818 5.135632
9.662879 4.799685 4.334452
6.848967 6.563348 6.417137
8.389045 5.364706 5.093986
8.633845 3.122175 2.097260
11.964961 5.309163 -0.448088
10.400114 6.265844 0.372708
14.218631 7.627785 7.227118
5.614458 7.266025 4.330113
6.953122 7.488626 0.661443
5.455595 7.300272 1.623060
4.864693 7.884022 -2.365586
3.306873 7.796870 -1.375551
7.326859 6.602817 1.634508
8.395303 7.839537 3.867033
8.642559 4.900809 3.382621
5.749537 5.932944 6.765182
5.735629 5.664968 7.492952
7.381365 6.395421 2.925465
9.048618 6.259150 2.814474
8.230131 6.601884 3.466870
8.500570 6.922836 4.853650
10.318213 4.831756 1.010140
12.831139 4.709853 0.226525
14.342415 1.426278 -3.476854
7.738242 0.027265 -0.921739
10.547949 1.080761 0.277175
10.634922 1.344326 1.931921
8.640863 0.148930 0.720447
10.065618 0.189410 -3.860096
9.813679 1.441033 -0.722816
9.182939 1.483473 0.661012
9.779726 2.477197 -0.531119
9.679667 5.825707 3.098555
10.167183 5.841265 1.647564
10.939618 4.579826 4.315133
13.616017 -3.652771 1.402854
9.741679 -4.969028 -0.732887
7.070863 -4.083511 -1.822094
12.987889 -4.630217 1.947867
8.661959 2.208871 2.083931
3.386778 5.714990 2.323420
5.670109 6.728868 2.009643
9.762535 6.192499 2.907565
14.332582 8.566844 -3.589583
10.466621 7.015520 1.234343
7.605339 8.323284 -2.746521
5.325090 5.695533 -3.450888
7.177578 6.984414 -4.365270
2.845322 7.181331 -3.446960
6.221746 8.780151 -2.343096
5.143152 7.642890 0.792167
7.061074 6.235993 3.407831
6.477785 7.411050 -1.054362
6.740022 7.662637 -1.648324
3.205506 7.684062 -5.947038
4.237425 5.488331 -3.094325
8.209393 4.114232 -3.385775
11.369042 -1.804206 -3.521645
10.351047 0.625375 -1.639865
6.288776 -0.947668 -0.925015
6.446020 1.092162 -0.511250
7.476418 1.260703 1.532021
6.921452 3.013505 2.118609
4.720261 7.496693 3.719662
3.850741 6.863313 2.386240
5.856036 6.738663 1.383655
4.594944 7.293120 1.688377
2.300839 6.046087 2.596104
6.401755 5.428734 4.964595
5.977312 3.132478 3.868071
6.228961 2.022662 2.441216
6.131968 -0.028541 3.126878
4.697759 -0.296406 2.955235
6.070457 -3.254642 5.211545
5.101422 -1.865303 4.768606
6.652305 -1.827055 4.678500
4.897664 2.375858 6.093549
5.498214 1.052405 7.158212
6.678520 5.176776 9.850054
8.587815 5.431034 12.605368
10.248415 2.096809 13.873365
13.760318 -2.268314 14.242863
10.877562 -3.884877 13.250195
8.907534 -3.864860 12.986306
11.112514 -1.666676 12.972363
4.899864 4.749442 4.533370
4.903384 3.497758 4.346210
7.218732 -0.787082 7.105719
5.506678 4.902297 7.754595
9.317345 5.368968 9.649024
11.123518 4.836771 8.640354
5.844563 3.951222 7.440083
11.529696 8.000299 6.519532
6.967577 2.303979 5.105119
6.005702 -2.668162 10.394897
5.348855 -2.020863 8.399758
6.511564 -0.810031 6.902800
7.256596 0.477319 2.626943
7.043815 0.828683 3.373828
4.714394 1.230211 2.665198
4.181340 2.299221 2.610453
6.893520 5.487091 2.133453
8.349594 5.254996 3.615401
5.366788 8.062726 1.136891
7.837737 8.171676 -1.868188
7.248137 6.980570 -1.216245
9.784411 7.539019 -0.028858
8.207766 8.269473 3.726308
9.225310 5.150440 2.266502
8.798856 4.742521 4.842400
14.085222 7.043328 2.658620
9.965660 5.699362 0.845878
9.713587 7.262263 -0.264889
10.378162 3.821937 -2.907079
8.786257 3.629311 -4.763978
8.030075 1.913341 -4.416186
8.140620 -0.056001 0.538424
8.430373 -0.234297 -1.182054
12.437107 2.411883 0.677002
12.311011 6.404334 -2.310965
10.230231 3.472980 1.800468
10.742613 3.191630 1.108335
10.609282 4.126699 2.039498
11.045927 4.424506 0.774732
12.062856 4.387670 -3.484919
9.569713 7.105658 -1.629766
5.543590 8.482086 -0.861879
3.231105 7.918689 -4.519510
8.152810 6.743600 -1.377971
10.911159 8.589847 0.136911
10.284103 5.914957 0.463902
10.325084 2.606066 0.846376
10.330067 1.329392 -0.828001
8.834103 0.948361 -0.071473
7.748789 1.420907 1.179237
7.580677 0.778622 0.998308
4.361727 2.241458 4.394908
2.108500 3.502301 2.606210
4.302792 7.013199 7.577066
2.846265 6.994760 3.007332
2.295621 6.577008 1.481126
1.120941 6.921039 1.562350
0.966190 6.981786 -1.848135
2.607096 7.384624 -2.101243
5.289569 6.106928 -3.645911
4.339323 8.207456 -1.365118
4.656900 8.071203 0.789503
4.048080 6.951491 0.734046
8.731622 -0.354131 -2.735624
10.567389 1.464670 -2.458758
5.667806 4.861813 2.113614
6.731782 3.437759 4.172582
7.466576 5.565085 2.570906
6.291468 3.442628 2.765819
5.787354 2.332084 3.515145
6.866626 -1.869719 6.878348
6.339955 -0.813683 6.022624
4.378372 0.743179 2.888884
4.626894 -1.151855 6.869669
6.493343 -3.217068 6.517516
5.132862 -2.198618 5.527126
7.089448 -2.069025 5.921358
7.414947 -8.374673 8.465728
9.013362 -7.594842 10.637813
7.359996 -8.438351 5.479729
8.554962 -6.003216 -0.646413
8.479351 -7.134639 -2.143289
8.326799 -3.251903 -1.414721
9.983651 0.664643 1.548880
9.575684 0.691916 -0.274861
6.727633 2.591823 5.605106
5.229574 3.490147 3.184368
8.880791 6.553715 3.669600
8.762187 6.580711 5.742278
5.273917 4.268812 4.148630
6.120412 0.370441 4.590612
11.592043 5.119945 0.810772
12.720080 3.905442 1.857999
16.371174 -0.346522 1.215256
16.963718 3.342409 -1.175750
13.271956 1.200938 1.199087
11.863621 -1.446797 -2.564866
17.536034 3.833351 0.529561
13.211018 4.966202 2.403305
9.512045 6.657805 0.803144
10.760736 7.845085 1.747101
10.035653 3.110900 1.754761
10.886564 7.653573 2.048257
12.159509 6.308630 2.891704
8.423737 5.363771 2.525811
10.962764 7.330140 2.542276
10.339951 4.954678 1.511186
12.471844 4.763350 5.203337
9.845828 8.095968 2.926279
9.959730 5.416569 3.281138
6.668629 0.939121 3.977497
6.784794 5.167789 5.871382
8.482382 4.861760 6.302903
6.671113 1.695900 3.490983
7.077217 0.782445 0.362190
9.156686 0.369375 -0.537005
9.039024 1.073123 0.546327
13.130902 -1.735948 1.853503
13.219689 -2.476782 -0.379037
9.098251 -2.627091 -1.538882
1.474186 -4.755058 6.178185
2.219679 -3.454273 7.441771
5.213220 -1.184211 6.511285
6.010590 -5.478358 6.568318
4.345903 -1.897019 6.090765
5.023399 -2.069131 5.152440
7.124239 -6.061450 4.963193
6.669285 -4.084242 4.805725
-2.264232 -2.875297 0.507157
-2.262710 -2.329870 0.047271
-4.880278 -0.787585 0.239952
-6.416723 0.440977 0.721864
-5.832489 -2.011902 3.320398
-3.940815 2.341192 1.332749
4.572218 -0.614675 1.633076
5.496454 -2.230805 -0.560732
5.462162 -5.742490 5.025021
4.573112 -4.934017 4.938583
5.950909 -2.877975 4.675113
5.365053 -2.916961 4.662265
4.072206 -6.473556 -2.803856
4.036903 -5.881531 -2.555512
3.878034 -3.714597 -1.918733
6.497606 -3.183154 -0.712002
7.324198 -3.393215 -1.136393
8.818075 -1.810177 -3.687125
9.218333 -1.582541 -1.541971
9.309110 -4.820056 -1.289421
6.629947 -6.139555 -2.299726
4.123841 -4.981985 5.607256
4.220385 -4.590949 4.955251
-0.628612 0.632613 0.503382
-5.129764 -2.980470 1.428856
-4.123481 -4.624167 0.441119
-3.938047 -2.905185 1.470506
5.094813 -4.117940 4.843129
4.632850 -1.388083 -0.763684
7.440484 -3.893592 -1.207296
10.427104 -7.945316 4.770751
11.788803 -7.992143 6.454964
9.171857 -6.329543 7.279004
4.995137 -5.177385 7.991694
6.872390 -7.695265 4.981118
4.529793 -3.741231 5.230834
10.811272 -7.857446 4.873301
9.462351 -5.846341 6.722164
8.915495 -8.564472 5.003289
8.933158 -8.604403 -2.808890
8.531984 -6.897673 -0.821396
8.673533 -7.141673 -4.023582
4.788327 -4.757380 -5.055059
9.249657 -3.448844 -0.694927
8.799752 -1.132817 -3.379649
6.663723 -2.740330 -2.528347
7.353796 -4.542228 -1.953124
6.862848 -9.465115 -0.819245
6.898490 -2.452886 -3.806312
5.745572 -4.079472 -6.363739
8.802596 -0.375739 -0.817806
8.156117 -1.345745 -1.152852
5.570281 -0.057806 -3.096481
4.819195 -2.102397 -2.582124
6.070866 1.339048 1.061376
6.164791 -0.317981 0.178683
7.905727 0.488176 -0.519552
9.684435 1.392645 -0.205138
9.926828 4.476128 -1.677946
10.883985 0.851533 -2.822199
11.095728 1.368576 2.083100
6.055779 -0.582283 -1.577889
5.199473 -5.080259 -0.817342
10.415709 -8.017765 -2.291118
7.680502 -6.249200 -2.454702
10.064296 -10.747900 0.989853
8.978836 -11.635185 2.063864
7.228655 -12.633627 4.632728
3.457839 -7.022474 4.552989
2.743081 -5.542068 4.928197
-1.395872 -3.919035 5.097661
-2.430814 -4.464715 6.012522
8.377277 -7.968918 5.904899
7.873601 -7.600530 6.906018
12.334886 -6.063390 2.945717
12.509792 -11.584081 3.001740
11.587858 -7.187021 3.594130
11.527086 -7.473937 2.464160
11.332255 -10.502042 5.064799
8.879123 -5.809328 4.813939
6.342020 -2.889521 4.974511
5.118129 -4.133450 7.487123
5.703634 -2.593116 6.050394
4.017488 -4.232396 7.807739
2.504137 -5.002093 5.646619
-4.527482 2.355030 5.168747
-4.712465 3.113641 2.983866
-2.351159 0.391494 -0.643173
-0.544621 1.032684 -1.372478
-1.664864 0.663350 -0.268498
6.343388 0.708066 -0.074411
6.675152 -0.079593 1.491300
7.881265 -0.288912 0.956188
9.319623 -0.596363 -1.585032
7.285838 -1.271397 -1.838721
7.018981 -3.097488 -0.501876
7.463599 -6.952303 -5.386795
12.568980 -9.107007 0.525527
12.244453 -10.975323 2.019931
11.360996 -11.761818 6.582000
7.504263 -8.827847 5.946738
6.153970 -6.054811 6.221081
7.795481 -5.730110 4.689988
11.084913 -5.702476 4.755876
9.055634 -5.863094 5.146309
9.524354 -5.484465 5.527486
9.813503 -7.784939 6.056766
6.562943 -10.670692 4.508294
4.437366 -6.608726 5.729445
6.827352 -2.052195 5.773382
5.295021 5.603703 2.681199
9.724806 8.869102 2.706877
7.639079 6.655381 1.733395
4.909856 8.420342 10.574526
7.409289 5.435147 8.289182
11.268135 5.423028 9.266129
9.601623 5.197740 5.751279
5.596714 4.133764 5.727879
4.418493 -0.065848 7.199716
5.866917 -0.816776 6.543661
5.147437 3.406545 5.463109
5.539608 -0.423374 7.600860
7.193646 -2.772489 5.856774
6.494509 -5.993258 5.772114
5.906123 -5.159318 5.396448
10.399255 -6.345355 10.941066
12.481836 -5.951283 8.190247
11.251513 -7.723413 8.272265
13.362507 -8.415944 5.232896
13.019599 -8.048125 7.743005
4.556008 -6.110534 6.890937
8.530716 -8.058018 4.557829
6.763167 -6.581113 5.874172
5.708372 -3.492188 5.097235
5.393143 -3.223561 5.759487
7.150639 -6.503829 9.308676
10.526586 -7.937073 13.501821
5.594615 -6.079905 9.712669
4.991312 -2.976492 5.799644
6.723880 -4.454051 6.666036
5.807363 -2.521098 4.508029
6.217660 -3.705835 6.483244
6.933612 -2.483927 5.144535
6.493375 3.873565 5.523835
5.004209 6.584699 6.466539
10.154631 8.401455 7.860442
8.837034 5.288769 5.959265
9.789390 5.152195 4.610178
8.808013 6.727180 5.814096
7.512852 4.892381 2.915831
11.736794 8.251269 5.156457
8.537153 6.556606 3.042083
6.141164 5.672346 4.251256
6.739962 4.581392 2.108802
7.209628 1.761603 2.357872
8.096258 0.003315 0.037291
7.777970 0.168752 2.019027
8.361095 1.761254 2.002743
11.205915 1.273957 -0.590594
8.207396 1.105232 -1.749166
9.052754 -0.097241 -4.311840
9.496572 0.559748 -2.142013
9.949680 2.843566 1.834053
9.687594 5.203313 1.701010
11.691334 8.612998 2.308042
8.758613 5.147799 3.618739
8.481993 6.060544 2.637110
6.541429 4.030540 3.778322
6.371413 2.043075 4.137479
5.840533 1.633162 5.778677
5.890537 2.064588 6.078962
6.184726 2.498362 5.564789
5.941662 2.512036 5.027231
6.087213 -0.497622 5.562052
5.253736 0.691694 5.389240
6.771600 1.335403 2.682370
7.537590 0.385063 1.032246
8.192257 0.652987 1.251854
10.236145 2.723735 2.205119
12.192002 6.954615 0.095243
9.924582 6.002217 -1.612644
9.771026 3.225527 0.586082
11.543150 6.335396 2.106008
11.028534 3.227676 1.514614
10.752206 2.137745 0.924507
11.028857 2.395990 0.868995
10.450205 2.699245 0.715241
10.834131 2.845024 1.476300
7.215856 5.697224 4.019331
7.169748 8.149730 3.980850
6.371440 5.587851 2.232086
9.404404 4.418732 2.059110
7.335420 5.041417 2.286876
4.796207 4.817734 2.870241
7.170371 -0.316406 3.551692
2.852041 1.011097 -1.301046
-0.933772 5.691534 3.881249
-1.080817 6.583767 6.064291
-0.415573 4.547638 1.191708
-2.423349 2.662783 -1.442881
-1.508745 2.738346 -0.160499
-0.686832 2.813699 0.253413
-1.786953 2.497635 3.582396
-1.820792 2.885854 2.661449
-3.811606 2.441831 2.156277
-4.544526 2.385040 -0.162829
-5.382053 1.648836 -0.252393
-3.565081 1.739368 -0.168693
-3.009282 1.713789 0.418168
-3.872460 1.574962 0.399728
-5.966926 1.562627 0.487171
-4.160268 3.475021 -0.177690
-3.613121 2.113814 -0.123449
-5.128902 2.773997 2.018368
-5.372390 0.738189 -0.832247
-6.489058 0.078352 3.459761
-6.103210 -0.744204 3.079236
-6.240297 0.226515 4.297671
-4.886148 1.472703 0.475840
-4.999653 1.602720 -1.116942
-5.489380 1.236149 0.198297
-3.906238 0.643570 -0.351749
-1.964614 2.240757 0.151249
0.538646 0.194289 0.119065
1.155412 4.240562 3.577262
0.579397 2.595654 3.713856
-1.303615 4.081871 5.167711
0.794948 2.792297 4.306717
-3.457749 4.224113 8.634987
0.972146 3.483373 2.236889
3.453870 2.177589 2.128273
4.192744 3.094880 3.314116
5.164399 -0.614952 6.116833
5.361405 -0.590222 3.905895
5.205600 -0.393457 5.307380
4.408813 -2.683599 5.365997
5.394439 -3.328222 7.245651
6.146394 -2.370247 5.913846
6.693606 -2.130767 4.831007
5.110047 -2.298003 5.985000
6.070646 -0.875484 6.113114
6.674361 -0.025970 3.285897
7.713296 -0.039881 0.565863
7.085353 1.146831 2.311978
7.107181 1.009716 3.420793
6.290615 1.331421 5.372815
5.672944 3.079699 5.819676
6.707124 5.292054 5.740588
9.840151 4.872793 3.723829
10.241643 5.963292 -1.644119
12.185308 7.908239 -1.784101
7.153140 7.424131 1.396141
9.207326 5.736131 4.992742
7.405916 5.063420 3.346303
5.576608 4.842826 3.891716
7.257781 3.199837 5.307130
5.510286 0.186528 6.754171
5.727473 1.894597 5.309970
5.916697 -0.574024 9.006864
6.113955 -0.714746 5.281045
5.649834 0.286965 6.162600
6.600525 -3.369498 7.222066
5.576636 -2.165822 4.572932
5.454196 -1.274081 5.028508
6.796780 -2.058607 6.524879
6.405412 0.130642 5.145416
7.189386 1.614769 4.850202
8.033916 2.251340 2.009749
5.382761 0.923312 -1.017945
7.655174 -0.762138 -2.008308
8.815457 1.666837 -3.136081
13.983115 -7.395692 4.814840
12.078910 2.743410 1.569632
9.924231 3.275359 1.342507
10.547400 0.884198 -0.383334
10.572600 3.380160 1.493295
10.939552 -0.377695 0.739871
11.377205 -5.499844 5.813826
7.186473 -7.593096 5.292464
14.724823 -8.620690 9.901646
13.862954 -8.509392 8.186142
12.435902 -7.323184 0.277956
13.250705 -3.835376 0.706650
12.574373 0.659486 0.794085
8.954250 -0.068134 0.143204
10.139622 0.953139 0.633471
8.936623 1.249170 2.152553
14.295187 -5.625837 0.251059
10.644691 -7.356598 5.209262
9.240639 -5.444985 7.103468
11.512298 -8.576991 8.066882
9.476532 -7.469818 5.296618
10.345117 -7.479133 8.423749
6.290808 -6.682492 6.064906
8.295806 -10.813094 4.748336
9.660913 -7.170837 6.617539
13.948895 -5.713440 8.254042
12.167796 -6.316830 4.689245
13.962039 -6.731281 2.307466
12.420541 -9.755180 -1.922851
9.971444 -5.015564 -0.561300
9.271976 -4.634617 -3.801643
6.902156 0.110381 -3.862683
8.329600 -0.112132 -3.994117
9.296640 1.018759 1.285216
11.677054 2.614276 -0.120573
9.193953 0.505044 -0.703821
8.390432 1.403407 -4.952106
7.402410 2.977043 -3.237147
9.154592 1.631538 -3.340482
9.353447 -2.476565 -6.277747
8.287247 -2.734784 -13.077173
13.678637 -8.746062 -18.582706
