-1.215538 -5.213881 -15.850359
-2.088433 -0.412257 -7.423100
0.263657 3.014721 -3.119444
-0.490827 3.298974 -3.702141
-1.820121 4.281155 -2.504747
-1.889114 2.659000 -2.383456
-0.639677 3.187006 -2.725071
-1.009285 4.567468 -0.238901
-1.265766 5.726972 -1.457818
-2.690317 6.638370 -1.136119
-0.957818 6.095298 -0.991284
-0.940495 5.995611 -0.536687
-0.335773 6.724825 -0.748472
-0.639034 6.733148 -1.626736
-1.988989 4.584568 -0.120314
-1.353151 2.151145 -0.055689
-1.462793 3.729553 0.812176
-0.458796 1.957943 -0.308976
-0.933808 3.133230 1.095075
-0.313042 3.605664 2.706811
2.303751 5.317910 2.791315
2.013804 7.009926 2.846233
4.293649 7.296392 0.793152
3.328030 6.658910 -0.286532
6.648698 8.770752 -4.074540
8.611704 7.236778 -1.863510
8.597567 6.809282 -1.218354
5.718737 7.856121 0.878638
7.504108 7.973784 -0.398200
8.485652 6.772599 -2.160438
10.277422 7.643671 1.173655
9.835090 4.403219 1.279367
10.039306 4.577466 -0.600182
11.271425 3.946214 -1.379392
11.281910 9.944283 -0.237744
7.529161 7.722457 -1.578803
8.500273 7.194499 0.967983
5.411995 7.078836 0.973648
4.845361 2.972364 -3.810322
11.514351 3.967929 -4.216137
8.494009 2.338078 -4.162328
8.481507 3.220176 -3.868181
7.211220 2.287582 -6.079490
10.063692 2.280865 -6.918379
8.608489 1.681659 -3.225596
10.920363 5.476970 -2.950104
10.831555 5.334310 -1.463063
9.687592 2.776711 1.339056
9.995049 4.349401 0.518543
11.793957 7.269611 1.038517
15.671721 8.058386 1.535481
10.861069 4.936393 1.034954
8.078218 -0.301597 -0.215764
8.628641 -2.888350 -1.581934
7.895428 -3.149287 -3.037953
7.827482 -1.541743 -0.663726
6.791875 -2.119159 -0.944647
7.579696 -0.012142 -0.416368
10.082491 1.288288 1.573013
9.248211 0.101309 -1.118199
6.323583 2.918247 3.543746
7.191236 6.624427 3.078939
8.429662 4.783649 2.027498
7.835953 4.532096 2.156412
5.047286 6.838977 -2.418925
2.416545 6.914166 -5.660844
3.015627 6.683832 -7.227563
6.951365 5.029393 -3.677497
8.547480 6.015692 -3.869945
7.181067 1.021816 0.048863
7.230993 3.139050 3.393348
6.712521 1.759188 2.957436
7.122259 3.753022 2.382811
7.213065 6.455514 2.383466
6.485451 8.571307 0.399992
10.412656 6.292496 -1.719911
7.829728 6.929144 -0.248271
6.359149 8.426558 -0.994776
9.728598 6.930041 0.324340
9.868413 4.462559 1.346316
9.168272 10.257243 4.878588
8.013711 5.491128 2.042675
5.338907 7.642183 2.463420
3.152299 7.805892 0.626097
2.344346 7.478094 -0.104312
4.979955 7.360181 0.564183
5.549921 9.415401 -1.013991
7.401335 6.352124 2.594821
9.709856 4.827138 2.133156
10.001021 5.721362 -0.815201
10.073469 2.405841 -0.700549
11.311854 7.496110 -0.293236
9.749864 6.666369 0.417851
7.170620 6.542687 -1.964967
7.285084 7.758750 1.317979
7.756092 5.990026 3.090342
6.538513 4.102339 2.379468
6.938787 3.182860 2.203806
7.033846 5.239837 2.747121
9.288208 5.540551 5.251022
10.796384 6.162312 4.506250
8.561768 4.870069 2.664910
9.064691 5.384112 2.023943
11.999044 3.436654 -0.812390
9.747036 3.782623 1.363974
11.462696 6.603179 1.940274
10.338664 6.779755 -1.284141
10.528793 7.008688 -0.962869
10.518475 7.894947 -2.514758
8.956846 7.396366 2.391538
7.603367 4.861098 2.729983
6.186049 0.555619 3.180930
9.254938 5.612835 4.765294
7.314119 6.390752 5.265446
7.977924 8.005089 7.626634
6.993695 0.362681 -0.370115
9.141515 1.300214 1.048092
10.897713 2.002277 0.057838
10.715026 0.338612 -0.216475
10.578871 -1.976868 -1.378767
10.236941 -0.265755 -2.202954
12.069492 6.718996 3.287070
11.556217 4.802958 3.249425
9.809998 4.266214 -0.422585
10.137042 7.433758 -0.999509
3.949268 8.138378 -4.555887
6.907681 4.835792 -5.324762
6.371036 3.268205 -3.795465
7.678647 5.307567 -5.397894
8.081084 8.869045 -4.171752
7.124965 4.748881 -4.667225
6.165843 1.677909 -4.541101
5.221973 0.450472 -0.906026
8.207343 0.862522 -1.542356
8.356173 1.057768 -3.663514
7.654128 3.352439 -3.809695
7.740702 3.377614 -3.024147
8.996271 2.786583 -3.321264
7.976356 3.377294 -4.361429
11.323174 -0.270506 -4.460238
9.125828 1.162406 -1.616622
10.193286 1.201470 -2.044608
10.288234 0.675118 2.004363
11.747040 0.662099 0.097574
10.919018 -2.228897 -2.789983
9.086012 0.205515 -0.367460
4.339972 -0.149802 5.332161
6.491706 1.971857 5.892921
7.137156 5.254697 4.855270
7.201592 1.265296 4.990387
5.946165 10.243528 5.786817
7.671588 5.630595 6.448786
9.046579 7.845896 5.831708
10.625158 5.015897 4.836155
9.370870 4.649395 2.571075
9.749061 4.587962 2.844182
7.848177 4.783595 3.783065
5.992660 5.766956 2.941407
4.332844 4.491145 4.284367
5.473852 5.561397 4.620124
8.773088 8.567249 5.246853
5.307084 11.173746 2.344524
9.693304 16.701534 3.665016
9.670093 16.055391 7.619704
14.801712 18.749487 18.589365
