-2.694629 15.142555 -2.268283
0.141710 8.066820 4.822466
1.465588 5.837535 4.371719
2.587538 2.889907 4.505570
3.909920 3.044483 6.724422
6.923918 4.186148 6.140431
7.061574 0.124257 5.722804
6.400481 -1.334253 6.342325
5.973103 3.014738 5.240825
5.426478 3.242271 5.272725
6.838623 2.676265 6.225724
5.748139 4.985339 5.826569
8.971426 5.311158 8.213350
7.948773 4.766210 5.228295
10.394186 4.748588 7.462568
15.543903 5.770217 4.840362
13.068928 5.331889 11.449504
8.431065 5.496141 8.687787
8.086344 5.162748 5.798844
5.462660 3.994378 4.096035
4.426504 1.557266 9.538989
4.627719 -1.405320 9.869577
6.761951 0.709645 11.025200
3.380249 -0.937181 11.080860
0.400889 -1.385856 12.362829
2.973496 -6.913186 7.917919
1.993493 -3.368740 9.976700
2.666966 -3.600095 6.895732
3.817518 -3.520253 6.126261
6.799068 -2.312893 7.403898
4.741738 -0.735954 6.129937
4.211564 -3.964907 7.298232
6.632262 -0.670399 7.777991
5.874959 -1.097956 10.692837
6.655446 -2.590037 6.819659
4.983732 -13.459858 7.471747
