15.586272 -17.761421 -0.516167
5.848723 -8.891429 -3.086525
5.320181 -5.727682 -2.983673
2.825109 -6.080561 -5.617186
4.571044 -7.630460 -2.831691
0.877448 -4.702890 -7.753484
-1.682251 -4.277889 -5.387833
-3.481085 -2.730559 -5.438342
-4.510442 -7.374382 -5.036738
-2.482944 -6.047389 -6.413987
-2.581447 -8.071304 -2.824934
-2.912613 -8.813463 0.767699
-2.308196 -10.261941 -0.337674
-3.464127 -9.707219 1.937972
-3.303750 -8.182611 -0.945168
-3.698366 -6.416493 1.328764
-2.881869 -6.033104 1.542955
-3.208468 -3.972639 -1.496463
-2.215914 -4.250400 -0.571620
-2.750175 -5.510868 -2.971771
-2.925327 -5.714573 -1.332523
-3.363397 -4.280389 -3.011902
-1.863851 -2.602408 -5.230140
-1.092042 -2.294345 -6.480084
-2.530563 -0.744379 -4.887330
-4.782293 -3.286543 -1.906824
-4.760288 -2.620425 -2.850878
-3.955028 -1.712983 -5.675347
-0.294358 -0.835327 -6.201940
-0.388819 -0.129009 -2.838698
-1.406270 -0.666991 -4.651861
0.840683 -0.055796 -5.582139
1.327022 -2.033008 -7.742904
0.611398 -1.879482 -5.990457
-0.853188 -3.327223 -7.748327
-0.111238 -1.395468 -6.884141
-1.400067 -3.714122 -5.370251
-3.394358 -4.121765 -4.989324
-2.013593 -2.282700 -3.046083
-2.770388 -9.650043 -5.119324
-1.989068 -7.552623 -5.349078
0.089688 -7.153627 -6.186238
-0.720448 -7.569194 -7.126952
-1.134969 -6.754925 -5.826478
-2.771301 -7.507295 -5.168641
-1.092997 -7.738917 -5.627093
-3.806089 0.522342 -6.469013
