15.312931 8.087188 5.553585
11.419581 4.801750 2.092905
9.699915 5.935739 0.257031
11.587112 6.579979 -1.422604
8.222047 7.118132 -3.107285
8.234241 7.090539 0.862329
8.599674 8.696053 -0.230485
9.378293 6.269763 3.512080
7.448689 4.456831 2.092481
4.481623 2.324533 2.342089
1.362055 5.456326 2.108711
0.185440 5.391429 2.622575
-1.560728 2.767570 1.430093
-1.977104 3.546614 0.880741
-3.832113 2.771160 2.336207
2.412578 4.604714 2.227484
4.040679 2.543254 4.934433
4.351537 4.076697 7.552009
5.250474 0.341172 5.555810
4.313348 0.930527 1.676079
3.034062 7.324906 -0.538785
3.325543 7.219687 -2.169664
2.607290 1.353511 -0.437789
0.445051 1.475517 -0.480883
-2.169838 -0.650979 0.077742
0.261079 0.708210 0.104934
0.139884 1.188218 0.688782
1.070976 1.084688 0.191304
2.049120 1.203810 -0.396643
3.750732 1.081611 -0.110264
5.915184 0.995398 2.040925
5.117430 0.596852 1.705039
6.543447 0.042516 7.290605
5.923676 -5.423359 5.940566
8.546833 -6.734414 7.889238
9.774154 -7.668491 8.025858
11.078215 -16.804817 10.056477
