-3.011852 -11.520319
-4.804478 -6.703734
-6.904207 -4.761374
-6.498221 -4.631197
-5.452298 -5.272015
-5.581118 -6.213154
-7.357117 -4.435059
-4.712324 -6.489209
-6.849575 -6.833036
-5.633579 -4.189454
-6.891754 -4.093948
-7.741719 -7.604905
-6.256306 -7.535644
-6.381012 -8.541203
-5.526350 -5.927953
-5.742311 -6.008784
-7.140231 -6.286430
-4.163937 -3.974670
-3.187958 -2.637489
-3.563113 -0.788413
-3.199244 -1.258804
-4.817777 -6.053195
-6.246099 -5.175999
-6.306908 -4.124443
-4.699750 -6.871250
-6.738333 -8.728137
-6.881236 -4.974587
-7.323233 -5.772307
-5.121871 -8.697522
-5.351688 -6.010673
-5.214312 -6.491972
-4.181474 -2.583777
-4.285627 -1.879399
-3.957397 -3.450975
-4.254904 -2.085756
-2.658250 -0.368008
-2.008318 3.025391
-2.170117 4.977636
-5.112295 7.149105
-6.056274 8.034735
-2.873585 7.865208
-4.309387 6.446655
-3.443284 8.119987
-3.789132 7.718025
-2.476158 4.274710
-2.391233 6.677472
-7.792560 3.624054
-5.208637 1.168169
-3.571440 1.278990
-1.985502 0.764868
-4.584229 -0.458693
-9.663055 -0.412605
-9.826202 2.956010
-10.723335 2.997506
-9.844081 -0.764517
-6.963543 -4.150035
-7.883687 4.921603
-8.771129 7.362096
-6.387102 7.467378
-7.636629 4.132502
-10.844611 3.657379
-6.400084 1.146235
-5.668609 1.248368
-1.027806 1.884200
-1.800968 5.229362
-2.734215 6.962587
-2.327808 6.248083
-1.754728 5.296128
-2.433303 3.787748
-0.060374 3.528365
-1.926570 6.066578
-3.149370 6.868178
-5.851620 6.481586
-7.083490 6.819507
-8.413019 5.551462
-7.702249 4.866472
-7.747992 7.738593
-6.946717 6.699355
-4.841429 7.395916
-4.725933 7.777406
-6.781928 7.633846
-7.227956 7.999933
-7.119728 6.576449
-5.004923 8.864817
-7.045163 8.400564
-8.177138 6.949918
-5.496315 8.224195
-8.566353 6.970683
-9.093090 3.312877
-9.114533 5.374960
-9.374501 4.462027
-7.616109 4.654513
-7.533832 1.233087
-8.212068 5.504178
-6.299361 13.217058
