-16.588634 10.376798
-12.385722 8.890573
-8.184349 6.743932
-8.903667 5.000031
-9.446276 4.937018
-10.084319 5.784794
-8.687612 4.999937
-9.963264 3.404901
-7.953463 3.684470
-9.152263 1.569898
-9.166286 3.307650
-8.309135 1.155598
-7.710352 2.151896
-4.469399 6.515936
-2.664484 7.126240
-1.876991 6.140990
-0.992795 3.876316
-0.130116 3.916940
0.975947 1.109258
-4.513234 0.951151
-3.889427 -0.411915
-4.404278 -1.509283
-3.863781 -2.358410
-4.545349 -5.611705
-6.688365 -4.319180
-6.767002 -6.361843
-7.733614 -8.243554
-6.637146 -6.721154
-3.573345 -2.674088
-2.076337 -4.338666
-5.956159 -5.254668
-5.313609 -4.024478
-3.478721 -5.404520
-4.165013 -0.949232
-3.883091 -0.112350
-3.798860 -2.048183
-3.698929 -1.742796
-2.578820 -2.108800
-3.090694 -1.507848
-3.328861 -2.134075
-4.179519 -1.700682
-4.415981 -1.429847
-2.186450 -4.443675
-4.772493 -5.962743
-5.866779 -6.283425
-4.861304 -6.357359
-5.050145 -6.520137
-3.099895 -10.628786
1.147260 -16.373594
