-14.339573 1.038609
-15.725006 -1.111421
-11.245558 -2.365342
-11.912836 2.076309
-8.752235 1.386849
-11.041492 2.322958
-10.954973 0.429106
-7.945020 2.510465
-10.551187 2.614464
-11.448351 6.312751
-10.155727 2.699107
-10.351001 0.882667
-11.851844 -0.516223
-12.876230 -0.258908
-12.013044 -2.713916
-12.376568 -2.522439
-10.647215 -2.437098
-11.565918 -0.269816
-10.571691 0.485608
-10.965858 -0.733443
-7.082530 -5.286328
-7.214815 -5.144762
-7.546519 -5.697012
-12.618242 -9.176196
-15.821037 -3.595917
-13.954442 -5.191055
-12.173197 -1.098490
-10.568252 -1.961041
-9.863981 -2.484645
-4.783573 -4.065483
-6.605299 -9.510056
-10.939794 -8.220174
-7.319780 -9.062774
-9.149318 -9.215730
-6.596798 -7.630952
-6.694508 -5.103933
-7.331038 -4.366851
-5.697856 -6.650256
-7.563438 -4.945391
-6.038667 -5.714108
-6.522418 -5.830911
-7.049706 -6.386501
-6.179359 -5.200304
-6.321984 -4.654045
-6.568590 -5.006647
-1.474191 -2.342779
-2.597483 -2.033441
-1.928980 0.776385
-2.972976 0.503443
-1.526469 0.698050
-1.292560 0.634326
-0.908857 1.482652
-3.381968 0.848074
-2.696202 0.551487
-2.803044 1.045890
-2.867026 1.041104
-2.324459 0.118018
-2.302351 1.593703
-0.866084 -0.255470
0.086188 -1.749961
-0.359058 -6.848265
