0.015142 19.645891
-2.716720 16.695704
-2.054394 8.594709
-3.567075 9.673718
-3.389281 10.336035
-2.454355 9.169971
-1.016329 7.106558
-0.755672 6.005546
3.417992 3.977929
2.872243 4.174930
2.979911 4.128217
6.030259 6.768666
4.859872 6.042118
5.355556 7.655055
5.256629 7.509118
6.182144 6.819157
5.668681 8.267039
6.824457 10.680759
5.156442 9.612413
5.527091 10.307169
5.587495 8.341754
6.435365 11.550341
8.782139 16.972473
7.921847 13.330053
7.542915 14.752198
5.242726 9.145842
4.774785 8.687086
5.261911 9.386510
6.701403 8.285312
4.733738 7.688586
6.337306 8.729891
5.325201 9.445376
5.997915 7.725943
5.134000 7.674744
5.690411 5.994415
3.602738 5.859629
2.913507 3.106014
-1.013905 8.087701
-1.256682 6.799822
-1.202547 9.018549
-2.507550 8.370322
-1.951080 7.979938
-2.237142 7.988634
-2.605068 8.899255
-2.302065 8.819056
-0.185484 11.634102
-1.748339 6.645573
2.316498 2.968785
3.911914 3.617219
1.264150 5.940630
-1.028199 5.052095
-2.113952 7.910999
-3.317003 9.442040
-1.845053 7.671782
-1.887514 5.087928
-2.190828 5.391731
0.927277 11.217722
-2.255777 10.736877
-2.245833 8.507340
-3.132633 9.048329
-2.216037 9.666168
-1.428581 11.029752
-1.429299 10.508737
-2.521430 7.427492
-1.159474 7.116989
-1.171936 6.055131
-0.949489 8.004053
6.213591 10.555284
7.995703 10.774639
4.535277 9.749606
4.768396 7.985479
7.405795 9.818157
-1.081932 11.084574
-0.523716 15.031504
-3.523161 11.180382
-2.975347 8.680952
-2.575346 9.715199
-3.898932 11.539157
-2.704339 8.705580
-3.438144 7.684484
-1.499260 8.308843
1.600839 5.048727
1.606218 5.868070
0.758577 3.493861
4.423203 5.644092
4.608504 9.020593
6.159810 7.491808
4.141438 4.613759
2.242785 4.842093
0.928735 5.255370
3.637633 3.609973
3.813055 4.733832
2.687464 5.944074
5.232484 5.625821
4.348977 6.669147
7.661429 5.142471
-0.620773 5.621639
0.016889 5.358347
1.990218 4.848361
1.061205 4.691749
1.314708 5.585081
0.473104 4.256074
1.366445 5.529038
5.868839 4.682436
2.781286 4.803265
2.231291 5.519623
3.333619 3.526741
3.178072 2.498239
3.037842 4.015025
6.897951 7.990437
4.931776 8.963665
4.486689 9.042859
4.986592 10.694372
5.304390 5.528490
5.242659 1.987474
6.319298 1.583286
7.018567 0.422398
4.310004 -0.403864
6.277658 -2.233613
5.524610 -1.782128
9.334153 0.405874
8.010000 -0.088224
8.732113 0.944032
8.057187 -0.422221
6.951138 -1.596823
7.826531 -0.450884
10.463856 -0.730002
12.297495 2.296346
13.449287 -2.486783
14.122286 -6.314683
10.546638 -7.696984
12.752855 -7.144201
14.753003 -16.445908
