8.304608 -7.202583
4.649450 -6.912113
3.457405 -5.548763
5.318271 -3.332047
5.475395 -7.386237
5.197447 -2.055855
2.759973 -0.021256
1.456886 1.065819
-0.711820 2.603154
-2.208678 5.296128
-0.179815 3.636762
-2.044961 1.685465
0.144138 0.654564
-0.803943 1.606847
-1.022809 1.169321
-1.607401 1.664042
-3.296179 0.519374
-2.449244 0.506444
-2.096347 3.312626
-2.353124 4.290631
-2.403328 7.304494
-3.090288 6.966974
-4.877950 6.809907
-6.730976 6.607551
-6.186752 7.817021
-7.889389 6.014924
-6.090483 7.475616
-6.398001 6.506967
-7.004419 6.538661
-5.444390 6.819962
-5.595166 6.884031
-3.072032 6.442437
-4.536047 6.887885
-6.110718 8.279432
-8.130368 5.773492
-8.360279 2.623979
-10.526630 5.302662
-10.572280 7.491298
-16.090149 10.298095
