-7.626584 16.886124
-6.836869 7.982734
-8.868397 5.098816
-11.007071 1.265717
-9.256147 2.569520
-9.110770 2.769954
-7.712833 1.628914
-8.072472 1.273233
-7.998462 2.940557
-7.875833 4.125370
-5.605317 7.391402
-3.099409 7.031640
-2.750042 7.405486
-2.878691 8.099937
-4.592038 6.640710
-2.218775 6.664891
-3.492217 8.995923
-4.491371 7.043924
-0.914342 6.281089
-3.890598 0.865946
-0.078531 0.889070
-2.317395 2.719894
1.456130 2.175614
-0.859152 2.353143
-1.693343 -0.001906
-3.693996 -0.076157
-3.903504 -2.552197
-4.270726 -4.697161
-6.570370 -4.157313
-7.765560 -5.455467
-4.423017 -4.976991
-5.573870 -6.705899
-7.467509 -7.186580
-7.026712 -6.386246
-7.007912 -6.566547
-4.386885 -7.404661
-4.521046 -1.738599
-1.888441 -1.428998
-4.586757 -2.544765
-4.522397 -1.459641
-3.552672 -4.838742
-5.530712 -3.911812
-6.773960 -7.372180
-4.767135 -6.506351
-4.451084 -1.646351
-3.442887 -0.697476
-3.681249 -0.537190
-3.476233 -2.037057
-3.615101 -3.906572
-4.543986 -6.104841
-3.398673 -4.997203
-6.813876 -6.662996
-5.253944 -7.477440
-6.495645 -7.353023
-6.585235 -8.952773
-7.242604 -7.196400
-7.678020 -5.702621
-6.577648 -6.441934
-4.889294 -6.708127
-7.148356 -9.632022
-10.805534 -8.315200
-9.106257 -8.229512
-10.745144 -9.327068
-12.635832 -10.760489
-12.142197 -11.524104
-11.894094 -8.326262
-14.297607 -9.150283
-16.972218 -6.397723
-18.163677 -0.332168
-13.849820 -2.129138
-11.421842 -2.133000
-9.903811 0.003672
-11.282600 -0.812576
-10.491968 -3.007680
-13.277860 0.565261
-13.527538 -0.669916
-12.077239 -1.588168
-10.341853 -0.806401
-9.697813 -1.225129
-11.108097 -2.767042
-11.268521 -2.335593
-6.118528 -5.230565
-5.572888 -5.190010
-10.672495 -9.024408
-11.135399 -8.115730
-10.510254 -9.314185
-8.143672 -10.732711
-6.899171 -7.720280
-6.687075 -7.381785
-7.878731 -5.847266
-6.919250 -6.130679
-5.288794 -4.307053
-3.838491 -8.996459
-7.252855 -8.534896
-9.459726 -8.045339
-8.864523 -8.898529
-9.386028 -8.647910
-7.366036 -9.370107
-7.029191 -6.191999
-7.892380 -7.542247
-7.460002 -10.447104
-10.616845 -9.035140
-9.057581 -11.015215
-7.000431 -7.229692
-7.110763 -4.260816
-7.812171 -4.763911
-6.115231 -7.718739
-11.471740 -10.558312
-10.460854 -9.874352
-9.617861 -8.670775
-7.839256 -11.520450
-6.320272 -10.427604
-7.433532 -4.419357
-6.743312 -5.759670
-6.025347 -6.706512
-6.287405 -6.458867
-6.733195 -4.558594
-7.581449 -8.818371
-6.096777 -7.717129
-8.657660 -9.065673
-6.635072 -7.610584
-10.056499 -10.041088
-10.215059 -8.680684
-11.024952 -8.867533
-9.153031 -8.060668
-6.256471 -9.720154
-7.788393 -6.897858
-4.979995 -6.886374
-6.427075 -6.623181
-7.732851 -5.245187
-7.504540 -4.335934
-5.908339 -4.576577
-7.428088 -6.479343
-7.873409 -5.485237
-7.900929 -5.045090
-6.517806 -5.338412
-6.861208 -7.186759
-6.122394 -11.564260
-7.892490 -16.139275
