-1.120584 18.994759
-0.341601 15.746108
-0.856266 10.570998
-1.308086 7.686231
-1.273258 7.324104
-0.955459 4.561675
0.192987 4.831307
-1.338141 5.317829
0.788908 5.711493
1.512250 5.860506
1.170486 3.192096
4.352911 3.483816
4.864118 5.894290
6.178393 7.428796
6.862563 11.088988
4.640079 10.331585
9.161510 10.003735
4.489362 5.277240
0.023684 5.437702
-1.909075 6.635763
-1.711125 7.333006
-2.860569 9.376437
-3.324084 9.178763
-3.621925 8.713164
-2.275245 10.713554
-2.449014 7.840666
-1.942126 11.169229
2.942290 11.146330
1.835463 11.006636
7.529421 7.733650
4.450400 5.721982
5.409492 8.895518
4.356815 8.850053
-0.744376 5.313776
-0.684250 7.247562
1.050294 5.869342
2.249637 4.564597
2.128181 5.692829
4.207487 5.720647
5.489613 7.156793
6.103962 8.816939
4.816208 11.228792
6.194570 13.712069
8.187350 11.715387
5.629308 10.723138
3.131950 11.224757
0.046346 12.984063
-0.021688 11.357021
-1.387268 11.544605
-0.741814 11.763617
-1.099940 6.865271
-1.291386 7.377122
-1.101387 6.589373
0.026801 4.388789
1.744557 4.837022
7.461901 10.845835
6.395615 7.873448
6.334074 8.512159
5.881402 11.963362
7.991555 8.897360
5.356770 9.317938
5.722879 10.242934
9.275059 13.384248
0.599385 11.240211
1.119929 11.228119
2.970810 11.169460
4.349504 7.531116
5.578918 7.189232
5.322330 6.121025
4.431057 10.790072
4.850791 8.209807
5.478526 6.172570
4.421182 8.260782
5.718123 9.608274
4.487418 10.381572
4.343030 10.255215
4.955472 9.219002
4.873785 8.451348
5.177882 7.772273
6.468836 7.881072
4.342546 3.508222
3.334269 5.882099
1.095403 5.230005
1.137431 4.528770
-1.384893 6.072891
-1.164237 7.580473
-3.108399 8.789827
-0.898154 8.711567
-2.259154 10.039546
-0.153386 11.263440
-0.625827 11.913334
-2.092517 9.490788
-1.374401 6.872505
-2.378045 6.138235
-2.416440 7.071100
-2.413249 9.363114
-1.961040 6.945611
-1.328441 6.301422
-3.943137 6.545566
-5.207287 8.956027
-5.674726 6.694310
-2.743577 7.301102
-1.904156 5.427043
-2.648570 6.738253
-1.867001 5.158502
-2.302334 5.478063
-1.599225 7.631845
-1.435921 10.909591
-0.867921 9.764332
-0.771139 8.605302
-0.864691 4.829797
0.758023 5.714456
2.495094 3.552129
2.418560 5.933569
0.332842 5.600105
2.972863 5.279882
4.624767 5.810860
4.883079 6.438979
5.530698 6.649766
4.747850 6.978699
5.477872 9.954458
6.461615 6.253075
5.682369 8.715965
4.371429 7.425982
5.368161 8.272202
5.181274 10.003593
8.489386 10.093449
9.670333 10.616165
6.304361 8.191580
4.706049 8.150367
5.383257 10.202355
4.313618 5.444576
2.686886 4.128022
2.216179 5.783079
0.083338 4.861935
0.100228 5.159811
0.730737 4.228798
2.133406 4.349924
2.782312 2.427525
2.524172 -0.220958
5.330445 -1.200439
5.403182 -4.887563
5.615386 -7.479200
7.817565 -7.123359
