-11.180814 5.123504
-9.424566 1.707953
-9.135798 3.755260
-7.777663 1.515899
-7.710625 1.232251
-5.642223 1.182856
-3.252465 -0.108921
-1.662756 2.328159
-2.227366 3.977708
-0.853155 -1.248490
-3.217728 -0.103090
-1.736599 -0.599794
-4.112700 -0.927362
-3.913583 0.136673
-4.218394 0.208633
-3.841311 0.740288
-4.049590 -2.133127
-3.243252 -6.442255
-7.700248 -7.291720
-5.906132 -8.373519
-6.839325 -9.262167
-7.866330 -8.969075
-7.277051 -7.791712
-7.033516 -7.015155
-7.157431 -5.301514
-7.194419 -6.238255
-7.603523 -7.602172
-5.499658 -7.554043
-10.600915 -9.047181
-7.094053 -9.125117
-9.578042 -8.671726
-10.646486 -9.680023
-5.994001 -7.606109
-7.643507 -7.188251
-6.946484 -9.048848
-8.327612 -8.171120
-10.812348 -9.683257
-9.306353 -8.189226
-12.642662 -10.030074
-14.507467 -7.546044
-11.552223 -11.967629
-9.191936 -12.463815
-9.179283 -12.865945
-5.335237 -10.055766
-7.174807 -11.642124
-6.250599 -7.850801
-11.235476 -12.256058
-6.765847 -11.001897
-7.800580 -9.558430
-6.148829 -9.775819
-7.730538 -7.917236
-5.994722 -8.966974
-8.123281 -11.426002
-11.006418 -10.033925
-15.166317 -7.778212
-13.962058 -5.097175
-14.188067 -7.835954
-10.816036 -10.922731
-10.816774 -8.397428
-14.391797 -9.575969
-7.223349 -8.439555
-13.121499 -7.240714
-13.876308 -11.569098
-7.657371 -8.505885
-8.790874 -9.884795
-10.450447 -10.083211
-9.785044 -8.901515
-8.098627 -9.465194
-7.680450 -6.660193
-7.388847 -7.444768
-5.744465 -9.317685
-10.416586 -9.912420
-6.106578 -8.247172
-7.804399 -7.340133
-6.573322 -6.678122
-3.461130 -3.419241
-2.888698 0.769920
-1.822081 1.774926
-1.821815 -1.199849
-4.408316 0.363659
-4.478146 0.117232
-4.449372 -1.019146
-4.229652 -5.126661
-4.649422 -4.472170
-6.001597 -8.577510
-4.976517 -10.363711
