-11.874427 6.074294
-7.800084 5.602138
-7.533587 10.515245
-6.192523 7.921634
-3.658297 7.794410
-2.513459 9.210068
-4.151715 8.275373
1.552319 4.399053
-1.837861 6.042691
-0.912469 7.565713
-2.479787 5.715021
-0.457866 5.121425
8.852161 5.934266
8.400116 9.259455
5.400166 10.287167
4.571357 11.270618
3.442487 11.083815
1.098779 11.018312
-1.195158 11.374334
-0.851702 7.725343
-1.042636 6.856019
-0.454826 4.328768
1.866663 2.734765
0.766743 5.284979
0.770690 4.577719
2.246968 5.336325
2.679085 3.830469
0.489310 5.944472
2.326495 3.985879
5.895260 4.801881
4.522533 5.188726
7.409688 8.669247
7.176933 6.666908
5.726758 9.448096
4.075682 4.319648
2.862129 5.831919
3.476805 4.658786
2.078061 5.357322
-0.404499 5.953459
-2.268662 5.201839
-1.934183 4.834521
-2.012473 6.762045
-5.343671 8.036317
-3.280193 8.064973
-3.532297 6.914460
-3.975469 8.364570
-5.705394 8.523807
-1.810217 8.927175
-3.000977 8.029925
-1.842488 6.975118
-2.283609 6.562747
1.079997 5.102924
1.832279 5.037114
1.006640 4.590978
2.423658 4.253487
4.717010 5.293503
5.574236 6.608790
7.869100 13.288332
14.652460 17.074333
16.196363 17.012833
