-15.201257 6.313273
-11.973430 2.182958
-10.680303 0.858828
-11.606459 -0.233839
-14.837290 1.222522
-13.979624 -6.712372
-13.939369 -6.681861
-16.805069 -3.282607
-10.851974 -2.403996
-10.072715 -2.568802
-10.287437 -1.687030
-12.665941 -1.411486
-14.047016 -4.793074
-14.001627 -4.840848
-17.036682 -6.629196
-11.840046 -8.877324
-9.419144 -8.708879
-10.298560 -11.200926
-7.710294 -6.652209
-6.254416 -8.897323
-7.590558 -7.184592
-11.749340 -0.597538
-12.723444 -1.538106
-10.858408 -1.647710
-11.309023 -0.823918
-12.030123 -2.622689
-14.328172 -5.271961
-12.168652 -2.972462
-13.620841 -2.417952
-13.007902 -3.111336
-14.727154 -5.315795
-14.532221 -9.719876
-18.278809 -7.564836
-17.988060 4.717896
-11.476771 -2.977692
-7.706181 -4.674877
-7.648834 -4.239518
-7.416652 -7.337284
-7.024238 -4.539319
-7.530516 -7.335456
-7.637960 -4.806905
-7.205772 -4.605786
-7.363236 -4.437650
-7.453356 -4.900948
-7.352497 -8.272376
-9.903316 -8.188573
-10.057884 -8.752932
-8.615598 -8.460459
-13.002499 -8.085359
-13.832561 -4.526880
-16.252851 -4.534496
-13.697673 -4.710407
-13.038239 -2.374821
-7.293386 -4.779492
-6.900952 -6.633941
-11.061522 -8.135990
-11.784852 -2.046961
-15.218716 -6.030769
-11.848663 -8.302056
-9.469503 -8.264203
-10.325339 0.613322
-10.383955 2.789393
-9.435574 1.936507
-6.832739 -4.009224
-7.817487 -5.057621
-5.424151 -4.025032
-4.458576 -1.294209
-3.580959 -3.851760
-6.249845 -6.822675
-7.166577 -4.718427
-6.331264 -9.795097
-12.038767 -8.320501
-6.829406 -8.193279
-6.515076 -6.656995
-7.798223 -5.465844
-7.349239 -9.417315
-10.565365 -8.623183
-9.370025 -11.604395
-8.174785 -9.253953
-7.375181 -8.259334
-6.492361 -6.453085
-7.001405 -6.140194
-5.506348 -6.875241
-5.534596 -9.151490
-8.878225 -8.306470
-8.295805 -8.360479
-6.910001 -8.342821
-2.826659 -3.413495
-4.567274 -1.294394
-4.012423 -3.728194
-5.586084 -4.541890
-4.016392 -3.620484
-4.109211 -4.910685
-6.796556 -4.243649
-6.354064 -6.900226
-4.925703 -4.837542
-7.054984 -6.254384
-5.206914 -4.614765
-7.411987 -5.397831
-7.332211 -5.692455
-6.642988 -4.801048
-6.761771 -5.480903
-6.797937 -6.344674
-6.477134 -8.369688
-11.064528 -10.718522
-15.487152 -12.776814
-15.916126 -4.460492
-13.830882 -4.911127
-13.124760 -9.505440
-10.802588 -17.322687
