8.853103 18.650110
7.661910 14.020104
7.091137 8.834301
4.761917 10.877457
7.183038 12.359990
4.661553 10.207131
4.646886 8.562089
8.495918 6.157959
2.963675 4.845156
1.457009 4.750742
2.578481 5.512094
0.632190 5.186100
0.215292 5.913684
-0.160066 4.957535
-2.387489 6.987949
-2.043979 8.689115
-1.063585 9.075104
-2.037819 14.361449
-5.351114 12.861413
-2.476766 13.517694
-4.059336 14.184150
-4.516648 9.563424
-0.736369 9.718711
-1.388065 8.376027
-2.787128 7.590322
0.212592 4.932312
2.478043 4.885657
1.886085 3.078781
-0.025524 4.846607
1.219507 5.902914
8.793834 8.515246
5.411859 7.176355
5.259107 7.138540
5.256560 11.872704
5.450424 11.071771
7.996255 9.179891
6.789055 9.168353
4.702321 9.774792
5.971167 9.749043
7.156629 8.657065
6.323657 9.234056
5.457081 8.972754
4.568787 7.986452
7.379305 8.521570
8.549139 7.782685
5.988027 10.557382
7.006660 11.862314
5.886251 11.453279
1.851174 11.157584
2.692508 5.691573
1.428713 5.736734
2.415215 4.598898
2.922886 5.173460
3.393792 5.353705
2.033107 5.386649
1.533265 4.022174
2.863307 3.818069
1.032592 5.065578
-0.277993 5.913252
-1.353754 7.407810
-0.759044 3.445721
-1.077725 7.390611
-1.768210 8.528069
-2.635324 7.360453
-1.268143 7.790872
-1.236368 7.592550
-0.624077 5.306681
1.914068 5.689589
2.112512 4.339770
-0.144193 5.684725
0.015801 5.748699
2.031722 4.036949
1.795290 5.001999
3.335317 4.801379
-0.042729 4.908639
-0.632692 3.494703
-0.792967 6.490338
-1.769736 9.387107
-3.041200 8.513932
-3.721199 8.711834
-2.869109 12.454080
-2.559982 15.352278
-1.381261 12.786586
-1.687747 10.866185
-1.667267 11.198532
-2.014510 9.113281
-1.807795 7.922221
-1.252533 6.510402
-0.702814 4.518647
1.046806 5.145652
-3.359913 -0.786583
-3.720328 -4.100376
-4.046341 -1.297743
-3.674716 -1.831890
-4.130681 -3.137113
-2.178314 -1.866442
-4.534287 -3.918237
-7.278941 -6.118235
-5.272821 -5.134914
-7.389552 -4.339537
-7.800303 -6.521975
-6.809237 -4.965574
-6.774438 -3.953042
-7.398251 -6.517906
-6.979590 -9.295140
-7.339888 -7.604906
-6.286928 -6.435492
-5.204818 -8.036426
-6.626431 -7.704643
-9.164474 -9.015315
-6.467638 -7.760535
-6.714356 -6.081267
-6.185366 -7.287924
-7.864727 -6.061532
-7.321351 -6.162261
-6.296058 -7.544247
-4.411127 -7.277558
-5.238801 -10.641926
-14.537846 -8.999373
-7.971806 -8.637218
-9.976446 -9.162228
-12.573345 -11.162192
-9.634117 -8.952372
-5.639096 -8.110505
-6.902457 -7.284873
-7.599052 -7.795219
-5.333015 -8.105266
-6.898365 -7.855958
-7.011045 -7.091525
-6.439933 -5.649236
-7.799446 -8.025434
-13.015408 -8.022623
-12.123411 -8.560081
-13.112195 -3.266436
-11.478397 -8.100921
-7.529834 -8.879325
-6.928819 -6.329331
-7.567245 -7.351622
-9.743830 -8.629788
-9.105468 -9.898527
-9.330716 -9.625503
-4.801118 -6.837452
-7.649174 -6.890723
-7.291188 -8.771949
-9.850422 -8.462424
-5.640191 -9.787836
-7.833659 -7.669587
-7.679088 -9.132935
-10.460505 -9.053055
-7.132542 -8.365932
-6.681928 -6.046152
-11.186106 0.524943
-14.481542 3.844695
-12.809401 1.666742
-9.644424 -0.921211
-10.711597 -1.869716
-15.731918 -2.995015
-13.614693 -3.844135
-15.198280 -0.936119
-11.782307 -2.170459
-9.623650 -1.308315
-10.877738 -2.908305
-12.406036 -2.322111
-12.020934 -2.647554
-7.309748 -4.256853
-9.482012 3.888213
-8.810827 4.846755
-8.136561 4.106766
-7.639658 2.300478
-8.555631 2.121229
-9.809656 -2.364932
-7.140780 -7.562112
-9.975102 -11.029057
-9.726396 -9.984498
-9.250189 -11.224734
-7.134454 -9.553323
-6.414901 -6.810191
-7.885147 -6.195242
-5.065209 -7.690625
-7.955494 -8.193852
-8.177996 -9.181203
-10.259539 -8.890508
-9.503634 -8.396297
-8.737248 -8.122205
-10.351486 -9.265603
-8.068357 -8.278491
-7.165097 -7.760339
-7.770985 -9.306469
-7.590913 -8.863133
-10.104485 -8.047599
-10.429997 -9.090864
-15.832518 -10.413148
-14.134245 -6.444385
-15.993958 -3.840782
-17.285007 -3.152079
-12.688437 -8.841040
-11.226355 -8.334653
-12.457029 -9.280869
-13.425975 -7.461719
-14.128113 -5.487648
-14.226720 -5.836425
