-0.447566 -18.140381
-3.391762 -15.176684
-7.958797 -9.085570
-9.725607 -9.358158
-10.914555 -9.223571
-7.971084 -9.612422
-8.890303 -9.323948
-5.296753 -7.704534
-5.765203 -8.320769
-7.103175 -7.248377
-6.558530 -6.232646
-7.989649 -8.204904
-9.734270 -8.150833
-10.285988 -8.470840
-7.820378 -8.842800
-5.490612 -4.752012
-4.933736 -5.709247
-4.532715 -5.684835
-3.607552 -5.908883
-4.362317 -4.056255
-7.334807 -4.797143
-6.898535 -5.766355
-7.114892 -4.602758
-6.647031 -4.793071
-7.174788 -5.731428
-6.528538 -8.093254
-9.897456 -8.190818
-13.720510 -5.158149
-13.365385 -5.720208
-8.881793 -8.850354
-7.546165 -9.173627
-8.600776 -8.260367
-12.944217 -5.271150
-15.596701 0.158588
-12.003988 1.906423
-9.965278 0.143361
-9.309205 9.282077
-7.576975 7.400896
-4.575690 6.600309
-4.646720 7.376496
-6.690750 7.097998
-10.956692 4.946791
-8.733068 5.761163
-8.187824 5.524596
-7.186413 8.738295
-0.820357 5.639462
-1.544463 5.419918
-2.112319 5.340369
-1.013166 4.604724
-0.503435 4.698646
-2.515946 6.637611
-6.810319 7.029876
-5.145877 6.943259
-6.634560 9.181314
-5.803099 6.901039
-6.051781 7.027048
-4.182832 7.966995
0.163719 4.209949
-2.411464 2.806472
-1.592496 2.060962
-2.341408 1.445731
-2.349023 0.327703
-2.634927 -0.352057
-4.574461 -0.384076
-4.142049 1.292013
-3.337162 -0.949693
-4.567429 -3.824326
-3.385453 -3.090311
-7.339871 -6.173512
-3.362718 -6.581176
-7.389678 -4.813561
-7.693806 -4.294775
-6.020432 -4.665671
-4.712629 -5.615534
-2.920311 -2.916235
-3.424234 -0.294175
-3.321788 -1.500845
-0.730388 -0.255633
-4.160012 -0.142810
-3.110326 -0.998697
-4.484587 -0.304660
-4.290598 -3.115756
-3.149861 -1.760091
-3.867390 -0.238955
-3.275583 -0.143997
-4.027436 -0.563613
-2.616796 -2.858524
-5.556440 -4.014709
-5.838974 -4.418239
-4.030679 -2.389379
-2.818755 -1.700026
-3.123985 -0.663914
-4.513820 -2.205976
-3.643619 -0.330296
-3.796462 -3.060146
-5.189048 -5.863571
-7.712370 -4.564373
-5.541842 -4.323717
-5.222503 -4.151213
-3.585156 -1.567039
-2.617305 -3.251395
-1.554347 -0.549868
-2.944235 -1.152528
-4.488200 0.809342
-3.634122 -0.624856
-3.617618 -4.333104
-6.858303 -6.451700
-5.456958 -5.398391
-5.638109 -5.240671
-4.863252 -4.397881
-6.885743 -4.434044
-7.137230 -7.991094
-7.046409 -7.802795
-14.698246 -7.042490
-15.830396 -6.505494
-15.372047 -9.036872
-11.963879 -8.153813
-11.985137 -8.084992
-11.606324 -9.496459
-8.246992 -8.062175
-9.935376 -2.662287
-9.432970 3.343305
-7.740679 1.290920
-3.924536 0.746469
-0.818911 3.937973
-2.061696 5.627001
-9.782816 -0.594421
-7.992812 2.112840
-11.488072 -2.399065
-8.849615 1.462531
-9.200134 1.278792
-9.904195 1.640862
-10.303392 -0.090291
-9.803253 1.048417
-8.101749 2.710121
-7.946550 2.764227
-7.962927 3.025385
-8.508419 2.114542
-10.181231 1.939773
-10.723524 -0.098750
-10.552789 -1.956195
-9.994478 1.347080
-14.260939 0.562154
