-9.709640 -6.286521
-6.422482 -2.894897
-4.122023 -4.980699
6.127984 1.012812
7.453546 2.776270
9.086650 4.618398
8.111090 5.656910
7.687857 3.096503
8.063584 4.323753
5.630914 5.889132
5.581676 7.964320
4.925760 9.183974
4.407669 5.227591
6.358604 5.251520
8.389679 5.483488
8.402368 3.615566
8.642162 2.525024
9.029266 3.705042
8.135170 5.595293
7.636026 5.454842
5.514895 4.855040
4.657961 8.909284
5.280507 3.972908
5.496080 3.967319
6.183535 3.825949
6.408008 7.995316
4.513623 9.775032
6.181201 8.210485
6.135998 9.053155
6.288629 7.035955
5.121984 6.233867
2.770870 7.226494
7.343197 12.013999
2.987144 6.618092
1.898198 6.988687
6.297257 5.762858
5.512056 5.982665
6.276559 5.288199
5.826799 8.732595
4.849201 6.729182
3.889965 7.232419
6.066260 5.763448
7.902920 5.149532
9.211552 5.428351
9.318073 5.651903
5.507914 4.716084
5.746731 7.520780
5.793142 9.265725
6.492506 8.880280
6.145136 10.412123
7.310248 14.330488
9.775801 12.755328
9.278194 12.571425
8.641294 11.092863
11.467178 10.840144
12.372663 13.239533
12.557195 9.374147
12.652980 8.875465
15.411554 9.040278
15.307777 3.307611
