17.263342 -2.638042
17.078478 -9.506169
15.568767 -10.260774
16.447750 -9.873780
14.566362 -8.720023
15.212914 -11.420636
17.249035 -11.443997
16.017979 -12.195335
10.032024 -6.169492
10.062292 -7.317779
10.216727 -5.345416
12.155343 -6.694414
8.686764 -10.652520
7.967275 -11.153180
6.592692 -9.784705
6.430163 -11.337735
4.909835 -10.711478
8.399244 -10.889235
15.530542 -12.769696
12.371531 -7.566398
9.430676 -5.821834
10.955395 -7.584760
12.309968 -6.730602
10.972762 -6.775412
4.173965 -9.302175
6.756411 -7.722698
8.948079 -10.111430
7.051982 -9.351449
6.602213 -12.755166
7.579593 -10.898309
9.229465 -7.355082
8.976174 -7.278966
10.432791 -7.394639
9.201035 -4.885022
7.719851 -5.608792
8.543137 -6.865047
8.162250 -9.271152
6.883663 -9.611489
7.846744 -5.155616
3.685044 -10.778531
4.247941 -12.854075
6.852751 -13.482642
8.605736 -10.314998
6.761784 -9.086388
4.450068 -10.344213
7.893466 -10.445883
9.085931 -9.604372
9.051856 -7.994838
9.276087 -6.924154
11.433475 -7.560349
12.666336 -7.621922
9.703571 -7.333683
9.444385 -5.165642
14.426579 -9.888041
15.685133 -9.262556
15.206497 -8.411732
16.586605 -9.842723
19.699554 -7.864786
17.345842 -8.064227
16.233683 -9.457067
14.814680 -12.663100
17.342852 -15.499757
7.547144 -12.415730
6.933606 -14.437939
9.196254 -8.476744
8.414826 -9.266108
7.340071 -11.026926
4.378085 -11.526874
12.228203 -13.817142
16.224226 -14.032553
11.764694 -15.752111
5.811208 -10.415215
9.306051 -10.738042
7.291762 -9.911286
9.281840 -10.016612
9.289733 -9.733511
8.421364 -8.348949
8.989202 -8.994936
8.780582 -6.590978
17.356800 -8.149468
14.766820 -11.850954
11.882596 -15.156289
9.673809 -14.310342
7.977069 -9.691333
8.351311 -11.739886
4.162621 -10.069828
7.505607 -9.945564
5.898153 -12.076548
5.765744 -10.292766
12.573654 -7.274161
11.833158 -7.005872
12.359588 -7.737120
9.513523 -5.958474
7.123612 -11.481152
9.083912 -10.733255
9.011753 -8.407645
10.349825 -5.905851
9.890483 -7.180489
11.827429 -4.677846
7.857099 -7.780719
7.317965 -6.828581
6.039378 -8.861717
7.833934 -9.439205
-7.030131 -14.055455
-14.813917 -16.919178
