1.221885 -18.049540
2.422704 -11.803956
2.222700 -8.243905
2.451205 -6.469847
7.421363 2.287398
9.835943 3.960205
7.254624 3.084490
8.953703 3.293779
8.567015 4.474895
4.430262 1.595247
7.364031 -0.525560
5.784420 -0.507285
6.491036 -1.892099
5.897453 -2.060290
7.091126 -1.420790
7.360493 1.607359
5.559843 2.656692
6.224717 2.208527
8.385996 2.317667
8.633738 2.892532
9.813989 4.260279
9.342955 3.749244
9.889927 3.482511
8.970650 4.192475
5.663993 4.774384
6.983021 3.272775
7.983202 4.921815
8.098271 5.439652
7.820260 3.606922
4.808166 3.110838
3.765579 4.084668
5.629559 4.942982
5.023875 5.273302
9.238067 5.410285
4.996216 6.307720
4.704243 5.570886
6.358030 8.907757
4.757818 5.931198
3.102473 10.321390
6.757193 14.919878
14.911585 14.812879
8.580805 14.276220
6.690637 12.827391
6.389094 11.877379
9.049458 12.722546
8.052222 4.798838
6.925293 13.807686
8.780766 11.948351
8.451880 12.023919
7.860759 12.216239
5.937836 12.214189
5.305445 5.761869
5.921349 5.487664
6.163761 10.590345
9.724761 16.439692
9.388936 10.752425
8.640154 11.371514
9.893192 10.864223
4.872055 6.817114
4.093441 5.735928
6.829110 4.721746
8.016212 5.357185
4.968718 5.637443
7.130589 3.651793
8.095195 3.047689
6.451630 1.484874
6.988564 0.455766
6.365564 2.333673
7.429240 2.007519
8.901589 3.230160
7.951401 2.983706
8.502680 2.515947
6.744654 2.247225
8.650072 1.999346
8.611822 2.925053
9.010717 5.020463
9.145220 4.382864
9.493971 5.560211
11.723946 3.758534
11.732967 3.783552
15.614309 3.368707
15.000797 6.668216
14.869587 7.101427
15.106964 7.118547
16.247677 3.186006
14.243248 2.810749
16.033142 8.400228
10.906860 3.716647
6.125085 3.890245
7.971279 5.626885
6.006909 8.376966
7.473575 5.616208
8.527549 4.742505
9.330293 3.711449
8.521876 4.442892
8.900445 2.124579
8.607201 2.453059
8.901974 3.479298
10.938025 3.599241
7.602634 3.631976
4.826664 4.539636
6.462915 3.439425
6.110550 5.142596
6.853840 2.873655
7.232205 2.803068
6.196470 4.674480
6.082808 3.702278
8.479019 1.702463
6.396945 2.336205
9.560982 5.176188
9.719768 5.584718
8.129677 4.646087
6.141196 5.854660
5.613647 7.399943
6.120934 3.743158
8.759638 5.050835
9.072262 4.768385
7.833514 4.859054
8.705088 4.831790
7.588600 3.154299
9.199953 4.083520
7.862775 2.989139
9.711984 3.890041
7.429795 3.826536
6.044888 6.321792
6.080347 7.197735
6.088936 6.369571
3.308271 5.246842
6.679842 5.504545
9.854840 3.563254
7.906133 1.671851
8.389690 4.251820
10.856352 3.658703
11.395617 3.679509
11.621321 10.073035
15.900743 13.539264
17.447557 3.640992
15.652601 1.637640
17.027615 3.605716
16.508366 2.040025
18.903816 6.861475
14.314762 -0.427885
16.660463 3.710351
18.594309 4.395669
13.395658 9.695423
14.541254 12.243407
12.440584 9.234087
10.784491 12.159646
10.175818 11.819052
11.790480 13.930144
4.967470 9.781980
7.742095 13.438586
4.027149 10.556454
2.884462 8.266810
5.512212 6.382245
5.351213 5.503090
8.122940 2.674679
6.257966 1.016517
15.354756 -0.005156
16.105267 -0.028851
8.769607 2.749047
8.361652 1.740880
8.736589 3.162558
7.431465 1.488579
8.032972 3.479884
15.041224 7.365718
16.682804 10.451958
15.974911 12.182090
12.607063 10.070445
11.763969 9.880210
13.218321 11.700312
10.848631 11.256142
13.250579 12.207672
11.816603 9.712710
11.836964 11.372056
3.563121 7.473303
7.670938 3.536387
7.105989 3.834709
8.995327 5.464700
7.227554 4.930562
5.027019 6.412765
5.674280 3.774969
6.074570 7.798235
6.372335 6.592168
9.714804 11.093146
6.030342 7.565841
5.104333 7.719088
4.452901 6.131956
6.562185 3.603828
8.790389 5.464414
6.541615 5.385203
5.632031 6.615643
5.999641 9.883822
3.413474 9.196463
5.568798 8.636592
5.713868 7.250432
12.814360 12.082061
10.294899 13.040448
8.999699 11.594665
6.180471 6.981964
8.121634 5.367596
8.275514 5.046923
6.586212 4.989161
8.435572 5.398500
6.783154 4.565457
3.460166 3.994431
4.415366 3.956776
7.581660 3.928675
8.867161 3.391675
8.312046 4.033615
8.853189 4.534981
7.096249 4.588520
7.560945 1.814515
8.051193 1.928352
6.393028 5.582966
5.365372 6.020297
5.409649 11.293661
9.612707 11.228792
7.263943 4.645346
15.628438 6.140811
15.764514 0.980895
14.740761 0.823479
16.594124 4.997741
15.775837 4.504319
16.933668 4.353123
15.930986 1.999868
6.332755 0.924537
6.359264 1.739312
6.909944 0.988212
6.021100 1.795420
4.091497 2.957831
4.209404 1.056686
7.648077 1.394383
14.989069 7.638290
15.602460 8.081573
15.838624 5.826080
9.452197 4.418596
7.593709 4.039401
6.478418 1.594268
12.894024 3.540309
16.071630 0.207070
8.821962 1.953608
9.852729 4.132899
9.693270 4.039265
8.503286 2.407144
8.005231 4.807984
7.419837 2.595700
7.660772 3.628138
10.304012 3.598329
8.783129 3.700156
9.055380 3.074634
8.956564 2.672606
7.901261 2.965689
8.201283 2.979700
7.053471 3.883353
9.743387 3.454496
9.383939 5.545498
9.316813 3.724942
9.737202 5.372489
6.302613 5.393362
4.523603 10.460797
7.066410 12.636931
4.817835 7.736058
2.657210 4.610693
5.926802 11.063731
8.898346 12.222161
5.747994 7.219993
3.973042 4.520384
7.026057 5.466150
8.941269 2.739663
9.368328 4.776164
8.684979 4.386441
8.955517 4.136639
8.912795 2.734742
8.833068 3.561671
8.939742 1.429830
8.501876 2.570124
6.251025 1.655484
6.248714 1.610878
6.166689 0.182960
6.366964 0.765347
5.852548 -0.628885
7.414339 -2.340739
6.728866 0.512931
7.844547 4.308126
8.223247 4.786906
10.709803 3.437729
14.439407 -1.631124
9.825201 5.324016
9.627056 5.019059
5.732209 1.783214
7.292778 4.436237
10.555790 3.550103
14.731833 3.507534
9.457022 4.991703
6.421805 4.903673
7.196799 3.110968
7.865273 1.835420
7.075161 1.422409
6.995838 1.900497
6.939558 2.273417
9.353954 -4.774165
10.735275 -3.850850
9.762232 -5.780344
7.756678 1.362539
7.951572 1.353662
7.795887 3.055544
7.980818 3.762899
8.337331 5.348146
8.338900 3.829821
12.218834 3.699154
16.511143 0.965845
14.315144 -1.118845
14.998510 3.057084
6.425053 7.457293
5.944886 6.387770
4.579923 4.509773
4.381471 5.764503
5.697585 4.050938
5.897330 6.393844
6.483782 4.814062
8.873142 3.493667
6.927316 3.453177
7.496745 -0.416878
3.585006 -0.513225
6.728333 1.348561
8.535383 2.098308
7.324476 1.819788
8.758972 1.317943
6.627672 2.540514
5.968336 -0.754066
6.375363 -0.242109
7.174046 -3.983602
9.646585 -4.346973
8.436040 -4.226578
8.484687 -7.528944
11.667423 -4.474275
8.580811 -5.254475
8.499128 -6.491063
10.038782 -6.937430
6.792671 -6.097256
4.595619 -6.173698
3.936377 -3.462516
6.518147 -1.011232
6.233590 0.460397
6.515368 2.051475
6.946310 2.459233
5.297853 7.070641
5.877048 6.185097
5.569833 6.278991
6.273435 8.489847
5.136865 8.754719
5.389966 4.391421
5.758447 3.398432
6.324349 6.844715
5.863619 9.932968
5.275265 4.805971
5.358605 6.325657
8.792109 3.909344
14.204896 2.439451
16.470554 2.034273
14.364876 0.720955
18.812275 5.930105
12.053299 10.583968
8.359715 2.826896
5.741137 -2.216055
5.760028 -1.813849
15.025456 0.297730
9.227172 3.456376
7.734551 2.899758
7.036196 3.478674
8.025991 2.543110
9.038034 2.305979
4.517362 1.706519
9.326074 3.507259
7.001866 4.251835
8.578116 2.527277
7.971155 3.935973
7.464860 2.848881
7.411251 1.529648
6.484594 2.327880
10.341781 3.769114
5.934096 5.226517
3.360190 5.441203
5.154215 3.618094
8.262226 5.015878
8.661597 4.025603
7.827862 2.918743
7.261957 4.876642
8.842921 4.432859
7.489024 4.372778
10.242798 3.620247
8.870138 5.614188
7.782843 2.754270
9.772906 3.987721
9.728706 4.869200
9.234083 4.132198
8.871693 4.249963
6.044763 3.265995
8.148496 3.924588
12.909017 3.548144
8.270639 4.982093
6.242677 4.950503
4.220441 4.467416
4.789897 6.788764
6.413970 6.854175
6.989547 5.239296
5.253625 7.372547
4.649142 9.109854
5.935198 11.336528
12.419763 11.611281
9.497814 10.803642
10.696716 11.422263
11.774485 11.583573
11.351704 11.127689
15.047680 9.294580
10.686397 11.180190
11.021832 11.585655
12.688474 9.118634
12.291149 11.378699
10.816628 11.069843
6.772450 11.876026
2.396174 8.089490
3.345175 6.411084
5.144626 7.947481
5.142440 10.232255
13.303745 10.357169
17.567659 11.813083
13.979324 11.107839
11.705559 9.260032
9.619226 5.602098
11.938595 -4.260186
6.253484 -1.054256
6.954253 1.712431
6.142678 1.936786
8.262846 2.699174
12.030437 3.711480
8.652716 4.628428
7.007318 11.300725
6.773489 3.759899
9.372698 4.885125
6.992022 5.306104
6.034766 4.468661
6.517320 9.633229
4.883078 7.174193
6.386749 7.008210
5.096034 5.392649
4.646613 6.570693
4.587080 8.798138
3.581016 9.017546
4.518067 7.137811
3.674496 8.966224
4.051214 8.748477
4.680414 8.455997
5.451084 8.334632
6.017555 7.402493
8.376423 5.318180
8.423843 4.332981
9.044228 11.216611
6.247900 11.727818
7.161303 12.016559
5.226574 8.353445
5.986765 3.531718
6.292230 7.510280
8.141058 5.251020
6.501256 6.804121
5.788640 8.718356
4.584362 7.576517
6.420097 6.781969
5.830641 6.761142
8.162650 3.393161
10.842700 3.584864
9.840202 5.635302
9.286375 3.981956
4.063104 3.846941
5.793715 10.596425
4.820786 6.616098
6.798774 0.468550
8.313168 2.061317
8.497190 1.706338
11.479055 3.533946
9.531919 3.677967
10.384069 3.664530
8.597296 3.211959
8.401217 2.840311
8.986692 4.497848
8.852664 2.506124
5.983555 6.027898
5.588012 6.459248
5.960470 7.698923
5.442130 4.091565
9.426586 4.626270
8.467591 3.380041
6.212491 4.789480
6.511777 4.966183
9.301838 5.031524
9.446927 4.434914
15.668776 5.423740
16.376057 5.771229
15.747854 7.651584
4.877124 5.907245
4.148550 6.581825
5.182720 7.664599
4.503233 5.722658
2.893790 5.063156
2.920201 7.455507
5.663939 11.178281
8.114278 11.875164
12.768717 12.903255
12.094376 9.437678
9.228792 12.039148
8.848061 11.473419
10.241831 10.806765
7.987179 11.614354
7.456993 3.746438
8.670053 2.473533
6.559743 5.136412
6.600920 4.837922
7.393658 5.438134
6.835887 4.300285
9.422925 5.454109
8.693637 4.906372
6.549221 3.734999
11.909729 3.539002
9.789493 3.442916
7.130939 5.186112
6.835499 4.035278
7.033774 2.995588
8.828931 3.216353
7.905449 3.680448
8.982447 3.798420
5.753174 2.922816
5.909433 6.183416
8.545330 5.484909
8.046486 2.869296
6.267529 4.969468
5.207132 4.598276
5.872908 7.386592
11.744440 9.221832
13.935574 9.808069
19.377920 8.992694
13.628986 8.845326
14.111549 8.894517
15.846687 14.404369
13.300284 10.201073
13.457520 9.655234
13.870979 10.381989
12.016364 8.820948
3.558610 5.188267
5.395488 3.507719
7.033649 5.376452
7.576260 3.656432
7.547391 1.879503
7.905343 1.844292
8.184122 1.297023
11.900661 -4.851533
7.584457 -6.918712
6.878560 -0.186894
10.183444 3.415130
11.079586 3.604416
6.340614 8.344108
4.716787 5.463838
5.195116 6.297342
9.475513 3.689940
9.173115 4.986615
5.735594 3.217039
7.693334 4.566665
6.495369 4.380820
5.807159 6.928912
5.317746 6.073694
5.628884 5.769907
7.256030 4.194552
8.727419 4.599308
6.946845 3.398872
11.132372 3.501400
7.057220 4.229831
6.234028 5.246369
8.954501 3.072343
8.605290 4.594189
4.127168 -1.777632
7.162405 -3.369574
8.696102 -5.510589
8.345709 -5.945104
7.437622 -6.733840
6.312894 -1.869022
8.220413 4.573155
5.874493 5.471497
8.542307 4.963209
7.179713 3.235032
6.094421 6.655472
5.857828 6.610791
5.530088 8.681926
5.915092 8.245982
4.595645 7.047522
6.360439 8.376634
6.016783 4.358645
6.799464 5.243966
9.088842 3.669871
8.311693 3.175329
9.536032 4.343840
8.954201 3.398772
8.025631 4.315155
8.410987 3.588915
6.877808 1.727971
7.057493 -3.391845
10.724629 -6.757619
9.968489 -4.308718
8.839502 -6.780736
8.249531 -5.909832
10.064575 -7.049056
8.865932 -8.638648
7.755881 -9.200191
2.048539 -10.640037
3.234967 -11.638257
10.153088 -7.224508
12.443007 -14.860367
18.399292 -9.236379
19.556377 -7.908116
16.044720 -1.090834
14.705785 1.916759
15.329111 -1.086879
14.431081 0.737085
14.900951 1.291343
16.008749 3.327155
15.192316 10.650704
13.105185 9.472037
5.579361 5.848900
7.740934 4.356215
6.194279 6.830055
6.532002 2.390563
6.055628 3.097826
8.695385 5.130360
7.866635 5.133124
9.642603 4.319939
8.044414 3.057476
5.459178 6.828953
5.275640 5.281061
9.934820 3.521952
7.746802 4.485300
7.032547 5.354540
6.851435 5.271456
5.001890 6.480454
6.184520 6.406949
6.407645 7.672826
5.435961 7.817851
4.808447 11.769499
15.130291 11.187301
16.239780 11.119383
16.670267 6.376069
15.386877 7.512052
17.001251 6.555048
13.531758 10.291296
11.108061 12.915038
9.831354 4.272673
5.904426 5.627745
9.520509 5.123753
7.854377 5.063897
8.500561 5.516076
6.622697 5.649750
8.931448 3.706738
6.303920 5.705389
7.540761 2.818739
8.546461 4.102618
12.366642 8.933670
11.651799 3.649861
7.998708 4.166895
8.354617 4.749468
8.538308 5.316647
8.707856 5.656079
7.007380 4.414443
7.279693 2.895657
6.911300 -0.606046
5.325050 0.623497
6.518881 0.819040
7.935033 1.870914
8.839765 2.629213
5.647635 3.872796
7.132628 -0.401389
5.995887 0.386956
8.675416 2.694855
8.985194 4.420554
7.419846 2.914855
7.698488 2.558612
8.926426 3.126470
8.589130 1.930869
6.056721 0.211686
7.046518 -2.068553
4.466405 -0.133735
6.162100 -2.453706
5.275224 -0.138626
4.369411 1.380696
5.851566 3.779105
5.263842 2.926480
11.304773 3.484509
8.337387 3.692476
13.234274 3.734995
6.394213 3.438792
8.129484 5.191611
9.204494 4.564947
7.521570 1.613464
6.325046 6.038156
6.298562 3.765471
8.890459 5.619814
8.918931 5.109054
6.448159 4.530577
9.534864 5.415731
8.622852 2.816543
6.171959 5.966961
6.088578 9.993142
6.427035 5.456694
8.486673 4.790377
5.536681 3.315124
8.767166 5.217445
7.485234 5.175789
4.810740 6.078897
3.915716 6.503700
6.062770 8.371349
6.019617 7.709237
5.958288 10.453406
6.439905 5.619821
6.254175 4.790094
6.868241 3.908013
6.742112 4.015785
9.147877 5.604150
9.324022 3.798556
10.883667 3.452428
8.233013 3.977041
9.186653 5.585903
9.828133 5.021806
8.658934 4.614334
9.257188 5.235598
8.174941 5.589701
7.651865 4.813434
7.327459 5.411463
6.864956 3.761841
6.662504 2.644763
8.630787 11.343276
6.132469 8.446335
6.162153 8.230123
4.533602 10.313688
4.050474 8.527400
3.244646 4.595014
4.636773 3.887979
4.542595 2.798430
5.457561 2.956608
4.928598 5.100603
4.150057 8.284970
6.050753 9.363188
2.402959 6.227416
7.759360 4.827724
9.132629 10.688264
8.767403 11.062097
9.684122 10.809001
8.326191 12.712687
9.629221 12.708976
4.393026 9.905231
5.277099 9.564412
6.787685 3.024872
6.702603 2.348164
7.559042 2.979756
9.600110 4.516460
9.592772 5.206704
8.559746 2.599911
8.298479 4.481850
7.402251 3.632408
6.957949 2.421514
9.228672 4.263341
7.627352 5.113014
7.176146 3.505585
6.379855 4.236573
5.754053 8.689673
12.294544 9.151984
11.845683 11.704572
14.226214 10.072433
16.650509 6.646378
15.797541 7.182796
15.371125 6.151816
