19.400173 19.287777
18.911903 12.631497
15.260338 10.650659
13.287640 10.856300
18.466913 11.374631
13.228051 12.408096
12.329882 12.259473
10.241175 12.977828
5.225795 9.883157
4.237352 8.739355
5.420217 6.069261
8.629686 4.073460
5.898895 1.889344
5.825091 -0.712264
9.288110 -8.466964
9.109193 -7.927982
9.321572 -8.064101
8.095802 -11.854009
7.085695 -8.911729
9.233286 -5.417560
12.078745 -7.434430
10.194506 -6.171702
11.743523 -7.370794
8.792231 -3.751582
5.684032 -5.254556
4.454978 -3.182258
4.054423 -2.332226
6.598748 -3.047565
6.400779 6.727817
5.680129 7.410070
6.783460 4.256460
8.644452 5.242471
9.500854 5.616045
9.537017 3.678511
9.457966 4.757156
7.192001 5.013842
8.302936 3.788872
14.621421 1.848051
15.842713 9.291579
12.562324 9.949533
12.944344 10.221464
14.035734 8.881959
6.997252 5.177756
8.561611 5.411634
8.883171 4.740447
9.216215 5.552285
5.120492 3.182751
7.092652 3.450573
3.999286 4.298037
5.900247 5.986611
9.120731 14.213354
8.428139 11.789249
9.554049 10.899601
11.227794 10.745022
9.987624 12.551248
9.514256 4.575313
6.624943 2.522153
7.323236 2.220773
8.195627 4.084053
7.162799 4.328222
6.296277 3.224077
8.551628 3.900964
14.637647 2.000903
17.468533 -0.161084
15.268345 5.334833
15.798534 4.849167
14.930309 9.508642
6.996626 4.574333
8.651951 4.523575
9.259137 5.261028
9.680592 5.480432
7.657059 1.439625
9.329426 3.732707
10.367039 3.555489
8.334789 1.669353
7.167495 -0.728522
14.180832 3.021491
9.935883 3.655191
9.125867 3.856509
8.639183 2.270410
7.695267 2.785485
9.412214 3.868720
8.672294 3.064679
7.304403 3.695861
8.769415 3.073271
16.337564 9.672746
15.072475 7.968962
15.295146 9.764166
13.099444 10.401776
11.953650 9.496734
12.379860 9.787406
15.541461 4.966880
9.456017 5.347400
7.566808 4.564927
4.813997 11.268728
5.615915 7.616462
12.261164 3.526700
10.415046 3.555987
12.700352 3.617669
8.812914 4.791887
7.725749 2.986820
6.323224 1.972471
8.126377 1.359168
7.431540 4.081163
6.720331 3.838080
5.928875 6.215622
5.521270 7.361804
5.716724 8.247153
5.968833 7.187398
18.429537 14.033332
11.892104 9.386744
12.951903 15.091654
11.831905 12.738997
12.790516 10.381129
12.193880 13.049533
6.250929 6.174949
4.977504 10.113167
4.387245 8.869004
9.423409 3.953541
8.798749 4.780089
8.873402 5.262175
8.951225 5.061620
7.750113 4.405447
8.905159 4.407333
9.146011 4.367461
8.707249 2.040502
6.612350 3.551647
6.031519 7.006014
5.311375 10.648820
5.589212 7.102905
6.483094 6.219057
6.115082 2.981057
7.130341 4.366235
8.481665 5.305242
7.609396 3.157645
8.463573 4.338675
8.584613 2.074080
6.216765 2.105258
9.070711 3.695415
7.715596 1.744679
5.552841 1.897104
14.717309 0.503676
18.538109 -1.292720
19.646719 -5.095719
17.624687 -0.858802
8.420813 3.058178
5.230381 1.843291
6.717616 3.478209
6.796156 3.699117
7.548404 2.650898
7.606017 1.398132
7.353067 0.829865
6.769712 -0.383800
8.477629 3.457575
10.752193 3.716470
7.887712 3.785640
9.149487 3.843534
6.941872 2.338430
8.922604 2.130115
8.833149 2.727349
7.811122 1.580343
6.531475 0.577195
8.188796 1.888037
8.954468 1.704434
8.482305 2.663554
8.107730 3.068613
9.242273 3.548348
6.222260 3.036294
8.423182 1.872193
8.728548 2.641744
9.042462 2.798467
8.280399 2.952997
9.019904 2.554374
9.152853 4.499669
9.033317 4.434546
8.770260 3.537417
9.066719 3.353115
7.798487 5.091410
5.724504 3.611596
11.811068 3.714032
8.879456 3.546830
7.999910 5.048705
9.184023 5.465099
8.939452 4.092334
8.675714 4.506746
6.038854 4.407370
6.220459 7.428287
4.994579 9.207852
3.542939 9.947863
5.009333 9.433464
5.503108 6.616518
5.079931 6.382752
6.226635 9.866352
6.280563 12.280758
6.967299 11.576913
8.534895 15.191142
9.280224 10.794507
7.844215 12.511545
11.929614 10.588103
8.472723 11.196727
11.287493 11.070111
12.131441 11.656073
8.731027 11.286805
8.718445 11.134449
3.590773 11.770855
6.219684 8.607931
7.873404 11.083222
9.462781 12.900394
12.119860 11.060216
17.782291 8.801249
13.646761 9.599802
13.575144 9.416445
7.703240 10.951459
7.063855 11.344807
6.355174 9.118955
6.498595 5.936827
4.197734 6.327404
-0.289491 5.158355
3.777764 3.077921
11.724195 10.146179
10.498604 10.916305
7.392500 12.588104
7.319688 11.404071
10.674940 15.564682
5.999599 8.573088
5.989550 7.985013
4.121275 6.813422
7.422316 5.233179
7.082482 5.018608
4.780652 6.369125
5.345391 9.639764
3.077095 9.568419
6.184374 8.739772
6.321312 6.103005
4.625680 7.801783
5.869607 5.884037
5.449254 5.902174
5.590695 7.678033
5.581363 7.012664
6.247823 9.530732
6.181094 6.332065
6.492908 7.948095
7.991354 4.557651
6.178499 1.707680
6.314751 5.425988
9.577715 5.371171
9.470379 5.159115
8.477053 12.735693
14.377572 8.854222
12.177273 9.092063
13.153791 8.945385
10.164232 12.982184
7.623405 13.420050
9.512074 15.262791
4.095591 10.312580
2.431612 6.574903
2.762715 7.101855
8.833598 15.217936
7.854910 11.294418
8.634352 12.270198
8.115702 10.953475
12.620130 11.518070
11.510809 13.197626
8.714124 11.926135
7.917522 11.223955
6.122368 7.714202
5.410950 4.351473
7.412011 3.578800
7.276184 5.211699
6.102968 7.846410
5.598547 2.693729
8.112736 3.477782
3.109290 4.533525
6.384840 7.745079
10.308184 11.469327
6.395536 8.069180
12.517524 9.658442
9.591181 5.598714
7.998713 4.130127
6.623083 4.690060
6.995703 5.174416
8.857035 4.145646
7.967938 4.785580
8.639115 3.010953
5.218522 4.804149
9.056232 5.295893
9.601185 5.641866
9.505228 3.591557
11.046774 3.485033
9.609821 3.591314
6.512316 2.581713
7.797845 1.866567
8.646561 5.633473
8.413805 5.116858
7.709410 4.622035
4.167353 4.910503
5.628804 8.006843
4.880371 5.168051
7.757623 5.359783
9.256147 4.599753
9.545151 5.644027
9.175962 4.940263
7.650114 3.224574
6.331917 3.144244
8.917057 3.710075
10.079875 3.763780
11.900846 3.629710
7.957383 3.510853
8.066825 4.785102
8.395201 5.493976
9.340506 3.990997
9.406734 4.341526
6.027560 2.895164
9.011387 5.181853
8.207734 4.519830
8.079604 5.321857
7.727026 4.990592
8.950298 5.379640
7.242951 4.710724
7.692869 5.586289
7.862964 4.977604
5.548918 2.588262
8.386784 10.844901
5.297197 10.420781
12.942314 10.520729
12.716158 10.051479
11.561300 11.023416
12.343547 10.192266
8.531116 15.710720
7.118127 11.986780
6.767189 12.949603
4.377967 8.417666
6.402414 6.051707
6.290190 10.026769
4.207997 9.385591
5.732551 7.511223
6.049366 7.326281
4.992713 11.239278
1.842322 13.321850
2.230765 6.751962
5.450987 8.553161
7.246491 5.451015
4.131936 4.751597
6.484785 9.910526
2.524400 6.939466
5.296399 6.253591
6.373074 8.808507
5.421172 8.117127
5.027435 8.449232
8.275728 12.174144
12.783438 12.299014
13.339369 15.262631
8.266223 11.304639
10.143865 10.690504
8.451786 4.053836
4.687993 5.580242
6.520629 6.904945
10.835281 12.538283
9.780338 11.132993
13.129534 16.162014
13.212078 9.841689
7.536423 5.634844
6.671271 5.382304
7.347006 4.048976
5.840441 5.089239
4.650151 5.327214
6.010064 7.357440
5.637484 7.281933
7.114443 4.539029
9.003342 3.508586
12.281388 3.651930
8.443363 4.479252
8.920042 5.146125
6.507885 5.868546
9.204199 3.805722
5.775997 7.048464
6.500065 7.374731
6.308961 7.322689
3.965138 7.059139
8.096737 5.205063
6.725600 4.450331
5.508628 9.380904
6.234239 9.161011
6.362803 12.083464
6.065399 6.759408
5.867082 13.257978
3.043253 6.029265
7.750886 5.514722
4.848574 7.778334
6.280743 7.044425
7.217478 5.441800
9.787655 4.372356
9.852074 5.249420
8.391133 4.343965
8.732120 4.403802
6.757079 5.603030
8.952565 4.761668
8.485147 3.625200
5.741639 6.211586
2.673517 6.335787
4.913711 8.892791
3.353774 8.941671
4.365752 11.620486
8.217529 11.487550
11.557714 12.897939
11.920645 11.112146
8.865005 11.458838
6.203524 11.538800
6.012773 7.792065
6.142276 7.172967
5.846364 9.366340
5.741351 8.864267
6.864516 13.231767
7.731585 13.603160
14.265375 15.911621
13.057411 11.608200
15.730862 7.907778
11.533935 13.470216
13.455658 10.865005
12.371055 10.166692
13.600058 9.147225
9.620914 4.359550
9.938745 3.712606
5.900708 4.253214
8.773832 4.201628
6.087604 3.635194
6.015298 5.184939
8.885637 5.319726
8.270845 5.552101
7.089258 4.998879
7.391496 5.438191
8.103104 4.632021
6.694206 5.200592
4.706261 8.275428
4.429463 5.694811
6.633827 5.442328
3.747785 3.907174
5.626431 4.322249
11.810550 9.246520
6.376350 6.514489
5.642986 8.260010
8.592627 5.442700
7.562935 3.177824
9.716173 5.061474
5.766491 6.956903
4.715411 7.041196
3.402528 6.923485
12.327010 14.642113
9.938322 12.930386
9.023201 10.843855
8.703777 12.829617
1.796268 13.365067
8.352778 11.021007
3.808236 5.985237
2.912449 8.219427
6.189487 9.170168
5.102133 5.399483
6.062442 4.638028
8.571034 4.616328
6.185831 5.692472
6.323517 6.685248
6.365111 5.420399
5.531404 3.273622
9.466459 4.248682
9.047791 4.809889
8.273357 2.897113
6.832086 5.292902
8.002823 4.194796
4.986702 6.777450
4.059292 5.587514
8.806166 4.668802
9.893292 3.645479
15.562821 3.363555
14.955706 5.460055
15.958307 3.848975
13.246555 3.413595
15.395323 3.430973
13.556873 3.561144
8.795410 4.693837
8.641237 3.674468
8.120550 4.067481
8.209379 4.861503
5.021444 3.447669
7.880444 5.420819
6.395851 1.293507
8.456929 3.740837
9.070210 2.558958
6.130493 2.667576
8.549635 4.313474
9.789897 3.959534
7.880007 2.705834
7.928137 4.158441
9.529389 5.132161
8.301159 2.528156
7.634262 2.057126
8.989262 3.887232
9.009062 3.731332
6.638265 5.047890
5.965052 8.975586
5.969615 6.049135
7.491647 0.303066
7.237570 -0.840689
5.579999 -0.882818
4.173079 -2.146549
11.618813 -7.187459
11.690481 -7.815728
10.960305 -6.526832
9.728643 -4.735814
9.211674 -3.978716
8.755966 -10.922915
5.719250 -7.547897
2.955551 -3.926041
5.985968 -0.081160
7.061658 -0.565168
7.073895 3.354269
9.008358 4.661923
8.888407 1.436200
8.888506 3.678225
8.979609 4.786065
8.683349 1.870932
7.071426 3.141972
9.626329 4.978333
8.569656 3.196329
9.573112 3.729313
12.424748 3.781584
8.912636 3.737857
8.841354 1.435231
7.350222 4.135639
5.760126 4.559919
8.070549 4.758974
7.927326 2.223627
7.039084 2.699053
8.335253 3.554693
10.799338 3.477251
7.052259 4.609543
5.823803 5.353759
9.690056 4.211665
7.799831 5.406270
5.533118 4.030258
2.871281 7.457179
3.856169 4.775075
9.264441 5.524154
9.624355 12.338714
5.320944 6.793311
6.101013 7.372769
4.336342 7.812457
3.439613 5.821664
8.922432 2.339895
9.451371 3.648629
11.687439 3.475200
13.575126 3.791549
7.644823 3.448955
6.277955 2.184511
7.428834 1.593894
16.249073 2.239645
14.441856 2.588480
14.604987 1.101430
9.587588 5.278346
8.258570 4.765682
8.813457 3.117143
9.776922 4.481492
8.400566 4.742349
8.044477 5.359592
6.614467 3.651953
7.049996 4.652288
7.279127 5.097782
8.314770 4.588609
8.496964 3.187553
8.106774 3.351701
7.093665 3.997746
6.085743 4.044590
7.959281 5.432402
6.717800 1.361624
6.254552 4.615771
4.918377 4.513188
5.133022 6.459917
5.605855 7.554599
6.193810 10.827064
8.441879 12.587146
12.518484 11.265300
12.276465 9.797674
12.657358 11.337592
9.921501 10.964446
7.288184 11.996714
12.483850 10.997165
13.568699 9.487508
15.631650 14.282718
8.834107 10.757790
10.194872 13.588398
9.536995 11.963331
2.151272 9.661961
1.967682 10.453385
6.138339 9.712817
5.641337 10.885470
6.042681 9.096156
6.351043 10.217057
5.562092 6.707585
5.839710 5.802278
6.499751 7.726553
1.859301 7.427869
4.530829 10.451862
9.077005 11.223881
9.170328 5.270954
8.416919 4.329409
7.736018 5.136780
4.469302 3.932657
8.901258 5.055651
9.386915 4.393423
5.025993 4.057020
2.781733 4.786252
4.525146 9.011489
7.222819 12.058536
13.022997 10.707239
12.855928 8.930198
13.819086 9.968429
12.024109 9.327122
13.100403 10.903487
12.443197 11.061552
8.151972 12.338704
5.584693 4.541462
2.191061 6.261999
5.528700 4.257055
5.682886 9.693182
4.378934 5.234794
6.763211 3.755630
4.208896 5.733500
5.425359 4.435456
6.037442 5.696297
4.777719 7.360188
5.138846 5.238146
3.396034 4.008864
4.814455 3.894659
8.190712 5.618169
7.678562 4.610563
9.549244 3.919800
8.226921 3.990759
8.565429 3.004596
7.041981 5.614300
6.750051 4.565611
13.933176 3.582648
13.608479 8.954450
15.129848 1.216493
8.607929 11.622414
10.800804 10.856942
10.354183 11.327018
4.861224 10.495611
9.715511 5.615231
8.368902 4.405738
8.150970 1.947285
9.030691 2.820409
9.637050 5.310941
8.935154 3.042079
6.872968 1.189765
6.922176 0.617260
9.920004 3.516998
3.574689 3.012892
6.725577 2.561292
5.620162 2.048122
6.168778 1.250747
7.873495 2.968081
8.952100 2.402436
8.096961 1.419777
8.787169 2.642026
10.533072 3.658834
7.072967 2.819609
8.562737 1.477817
13.530088 9.934904
14.356327 9.328037
17.357733 10.439588
15.584299 7.565547
15.394260 7.119592
15.560221 11.946148
16.400183 13.195498
10.654856 11.312167
3.852062 12.019468
3.424626 8.866939
6.872745 11.665729
6.075241 11.979984
9.782278 3.872175
6.900340 5.488478
7.201766 5.180333
6.949393 5.620553
6.070349 6.528262
6.263340 8.334309
5.722821 8.552835
3.431091 7.999554
6.214787 10.591866
9.069636 10.710164
9.061473 11.841537
9.043464 11.107202
8.849985 3.197324
8.164139 2.573729
6.259509 6.778890
9.180271 5.076530
10.822098 11.364024
15.058454 3.029270
14.546676 8.954656
16.174484 8.837575
16.483906 2.855631
13.798444 10.377131
12.468832 3.748784
13.585165 3.484786
13.250093 3.785351
12.466873 9.587999
6.159737 8.265683
6.025479 6.808876
9.491774 12.286242
6.024961 7.972271
6.175557 7.624908
3.475338 8.083407
6.313704 9.296522
3.295341 12.999123
9.917474 12.693167
5.923419 7.285263
6.660626 4.323563
8.586807 5.301369
7.954419 5.570245
8.112427 4.550563
8.026340 4.550649
9.444839 5.100256
8.365877 3.619634
9.412477 4.968987
5.118154 4.958402
6.482157 8.131665
6.002623 8.074876
5.295526 4.928600
7.075392 4.033712
7.254815 5.550533
9.070269 4.368791
8.748418 4.144287
4.759796 2.789403
6.043450 6.407781
6.310352 9.562507
2.334499 4.860817
8.028021 5.376760
8.833717 5.646778
8.837740 5.354120
4.955144 5.213610
5.496065 6.282446
5.622057 6.839302
5.930516 7.154999
6.198457 9.250754
4.511613 11.130054
1.870422 8.500437
6.422306 7.417285
2.748750 6.705610
5.934047 8.174881
6.531601 7.543959
5.605678 7.178906
7.753806 2.526905
8.199466 4.641010
7.401105 5.538190
8.119175 4.448259
7.285671 5.068806
6.922507 5.169608
5.411715 6.810359
6.017153 6.625471
5.402596 8.164078
5.148712 8.025229
5.589139 7.732191
6.062484 4.677169
9.705692 5.082881
9.709422 4.280928
8.704400 3.891392
8.352508 3.516785
9.525274 5.446770
7.021294 4.381633
9.722107 5.383064
9.185095 4.383358
4.487370 6.575970
4.806340 7.707371
5.942299 7.246354
6.491644 6.055054
5.890596 3.826191
7.326418 4.693717
5.082332 6.653158
6.023640 5.400547
6.783410 4.170995
7.306561 -0.021574
7.297560 2.630826
5.369332 3.090270
8.765556 1.418818
7.858150 2.457499
8.679616 2.247192
7.297760 2.611262
6.581217 0.492279
5.723107 2.452118
6.170860 4.289704
6.398672 2.901681
8.208944 1.632615
7.995886 1.442981
7.063372 0.528121
7.386374 2.215350
12.757561 3.440207
16.065699 4.357813
9.864753 3.417106
8.925731 1.333566
9.301451 3.520097
7.168517 3.032001
8.238863 4.682721
9.338911 4.119054
8.032184 4.597206
6.919007 3.611359
9.144619 4.736830
9.347179 3.447634
9.570934 3.636257
7.929345 2.938333
8.177999 2.548267
12.056534 3.580284
12.359013 12.155938
16.148354 9.990874
13.983167 13.507380
13.058758 12.633210
5.072652 11.391128
5.613326 6.535052
5.909833 7.629178
4.781634 7.556293
8.840706 1.298228
10.359215 3.680539
15.075963 4.417852
17.172943 1.472136
9.242064 3.620575
16.119011 3.068828
13.501684 3.710365
14.881289 3.258627
15.165880 4.630373
8.374264 4.557121
6.122011 3.159148
5.402184 4.730134
6.971979 4.350418
8.173914 4.209307
9.754992 4.611124
9.810617 5.206589
8.500817 3.087973
8.844075 4.159675
8.868378 5.331702
5.613708 4.229677
7.806732 3.391749
9.722969 4.820963
5.464536 5.829112
17.907072 3.490078
17.174236 2.401015
15.208555 2.651691
15.303347 0.628852
15.805866 4.478292
15.655760 2.649108
8.606585 11.178228
11.464047 11.555078
8.300469 10.864633
9.640519 5.456626
9.678524 4.565777
9.712530 4.087665
8.579538 10.714219
9.448734 10.804818
2.871304 10.136525
3.116328 11.281722
6.275570 10.685682
5.296681 4.440096
4.657743 3.293507
9.674465 4.324265
7.686909 2.870018
8.082415 3.013732
9.631254 4.568106
8.285940 4.371086
8.950531 4.553217
9.333727 3.657084
8.790337 4.773019
9.581736 5.655759
9.413643 3.711965
11.201447 3.624790
15.182396 4.365736
15.760983 6.416950
15.952684 8.372603
12.944536 12.382605
12.339031 11.340832
6.764922 11.945200
3.382141 9.211652
5.578331 9.123453
6.009206 11.348455
10.216810 10.800259
2.075607 7.305713
2.848874 7.108292
4.935297 6.477190
5.199973 4.859754
8.420540 5.553241
9.146235 3.702221
7.780323 4.422932
5.842736 5.632060
5.207584 4.679361
7.331851 4.797109
11.781796 3.531474
5.041986 6.483590
6.028583 5.726957
13.739201 9.993678
12.593578 9.882404
12.235980 10.464421
12.148636 9.367485
10.912632 11.269717
8.404975 10.807744
3.411530 5.771327
6.412291 6.831010
5.714662 9.957273
7.744689 12.296855
7.802670 11.884872
9.230700 12.224424
6.346429 10.363810
4.472605 8.109874
3.867697 8.891316
4.826266 9.716268
5.428548 9.057529
6.294002 7.116207
4.055424 4.647264
4.209785 6.414183
2.401417 6.701358
4.244376 4.914429
4.570798 3.123574
6.178061 3.322010
8.468403 5.458775
6.529971 5.269970
8.272413 4.501356
7.623700 5.262287
8.294076 5.074126
3.145559 3.789725
6.122275 4.893806
6.057086 8.422827
5.845404 7.824018
6.358572 11.636132
12.737076 9.810678
13.151817 9.330072
15.043041 10.403637
13.078321 10.239647
13.109982 9.554748
10.662413 3.660628
4.984235 3.672246
4.532760 5.580266
4.018957 7.496884
7.198167 4.445265
8.780075 5.134559
7.116870 4.919700
4.289066 5.718594
2.204356 7.784225
1.914139 8.825361
4.593296 6.352589
4.753077 7.131888
4.068246 6.206568
4.979803 8.545982
5.631245 11.359703
9.234324 11.249689
9.100822 11.284111
5.500416 13.045419
8.565388 13.884140
6.106631 5.883029
6.124583 7.289712
5.967621 5.366497
6.141085 7.453374
5.411433 7.219739
5.251129 5.162876
8.374992 5.429744
8.107667 5.534220
7.057000 5.057711
5.775820 6.109111
4.755321 8.648574
4.945642 8.922541
4.762982 8.386613
4.331388 9.386168
6.360151 10.114612
6.536425 8.665998
5.067159 4.929303
7.950000 3.449687
11.162691 3.557127
8.221276 3.849625
7.305581 3.844826
7.463268 3.614212
5.192085 7.102317
3.846603 3.278803
6.804533 3.686859
5.280820 5.253211
6.478779 7.476590
5.980284 4.520160
6.114952 7.122921
6.443036 7.256788
5.412549 8.208535
5.555434 7.361478
5.293500 9.542839
9.403177 3.721519
14.993290 11.859912
13.723207 16.810003
8.409892 10.970932
17.111561 11.862239
15.881151 10.008508
12.569936 9.697123
11.944557 9.897653
5.658145 4.386178
6.367291 3.487536
5.840408 5.596237
7.210993 5.145875
5.168590 4.326389
6.276672 5.956178
4.433338 5.349467
7.225556 4.408361
8.692382 3.842145
8.302540 3.043037
8.405656 4.294245
7.510121 5.496150
7.844235 4.064264
8.730939 4.305792
7.742654 2.808079
6.003008 2.527688
5.311890 10.851041
5.812392 8.478623
6.327660 7.462642
4.579500 10.156500
6.233017 8.727041
5.928889 4.514502
6.107092 4.475214
7.574424 5.032214
7.658643 4.875958
7.368697 4.081776
6.353432 5.575782
6.315554 6.235313
6.257236 7.626843
5.284849 9.393661
4.143255 8.707920
4.923585 6.946615
5.800126 4.159349
9.647168 4.580044
8.637262 4.276536
5.926772 3.599110
6.533765 9.314470
6.336594 7.727277
5.818953 8.789109
5.164975 7.767619
6.190594 7.247805
5.154043 10.374297
8.859671 11.885499
9.796246 11.299414
13.021147 10.512359
12.443106 11.025305
10.402547 13.111613
12.951965 10.937101
13.134322 9.062783
12.616922 9.844404
12.292843 9.011904
10.677477 3.756273
8.785936 3.373952
8.943832 4.999993
4.991033 6.975625
3.792988 7.870631
2.582388 9.195527
7.309066 1.785427
7.946758 2.415600
9.519588 3.764408
5.784155 4.693815
5.325550 4.905910
5.530971 7.814071
6.597119 4.372177
11.669855 9.541398
13.759288 8.964666
16.135828 13.332618
15.535459 4.700623
14.978344 9.138280
12.133643 9.313734
11.640475 12.258021
9.796258 11.303688
12.739715 9.855670
7.041340 5.441803
6.563123 5.544921
4.856995 9.421550
7.822796 16.265202
5.594107 7.559473
8.865218 11.418893
12.767769 11.747404
9.532345 5.544469
1.664218 8.936305
3.721413 7.784115
5.705665 8.192403
7.901007 11.647226
8.824091 5.518993
7.957603 5.479148
8.020669 4.798495
8.599367 2.660936
9.532682 4.836397
9.673276 4.177257
6.931341 4.523380
6.789165 4.743718
5.916588 3.628473
5.377758 9.427406
7.094133 11.541609
5.748496 9.776378
5.631582 6.996549
4.554523 8.391410
4.536270 8.820482
2.973266 7.229214
6.065660 11.772900
11.118954 14.825016
4.921482 10.440131
13.064124 11.809073
16.446148 13.674978
13.474915 11.652551
7.759857 11.348991
9.312131 11.918432
5.835161 10.810433
4.598956 8.711305
4.560212 8.280059
5.932204 10.024480
6.490812 7.075199
3.562622 5.368933
1.464213 6.446213
3.376453 6.686158
5.545505 5.364662
8.094272 5.428968
8.812521 4.092415
4.980432 4.898383
6.519379 4.909868
5.508789 3.279778
9.766510 4.369474
8.933619 5.205564
8.992338 4.724036
9.844839 3.958644
7.653331 3.496542
10.978909 3.419721
9.259679 3.586016
7.161774 4.233041
4.726985 5.234089
5.735414 5.252975
5.879391 7.886277
6.278247 5.303670
7.699867 4.431494
8.473354 4.364712
7.298507 5.167836
5.779476 4.665113
4.080120 5.754989
3.764273 7.497663
3.712343 6.771580
8.468186 4.489789
6.566181 3.977036
10.133510 3.746146
8.010014 3.367172
8.697670 2.845000
8.707561 3.321668
7.950804 1.804804
8.818855 4.283336
9.584096 5.220421
8.250639 5.554315
9.778024 4.448136
8.994346 3.473917
7.771519 3.784007
6.793545 3.378556
7.926891 3.165250
7.033899 3.678974
7.871193 4.142705
7.899210 5.165776
9.627901 4.950587
9.729284 4.442795
8.118436 2.939836
7.700063 2.295565
7.680093 3.099765
6.566103 2.775088
6.952731 2.491447
8.603361 3.419087
10.623986 3.729576
6.388267 3.723188
8.993685 2.439887
8.246672 2.912901
8.611008 2.140816
8.380480 3.402329
11.271327 3.617693
8.426989 3.749452
7.245533 2.467943
4.685704 0.201960
5.916617 -3.094816
5.783705 -1.170713
6.934777 0.214930
5.866858 -2.030467
5.762257 -2.299421
5.116652 -1.491951
4.238153 0.429053
9.079266 2.372892
9.620825 -3.772578
9.398252 -5.562068
9.536822 -6.385282
9.111888 -8.704884
15.380123 2.787655
10.586432 3.588626
7.257285 2.490756
7.449525 1.211635
7.218419 4.209104
8.671505 4.214623
5.049213 7.944233
5.138589 8.423963
15.402458 2.674057
17.413902 -0.261046
10.267234 3.585983
11.088188 3.699663
12.610638 3.502858
11.442550 -6.567990
9.476595 -7.693055
8.285296 1.294115
6.410434 0.156375
6.680451 -0.789601
4.866911 -1.026481
7.372221 -0.812876
8.701936 1.884548
6.928280 -2.298559
8.526923 2.875404
9.191217 3.969462
3.956106 4.604462
4.202914 9.425760
5.500636 8.857741
5.496488 9.418015
6.211530 8.345655
9.811374 4.971171
7.964463 5.150189
8.456973 3.005189
8.351607 1.429157
6.549511 2.597186
8.969167 3.455655
9.140352 4.869646
9.015903 3.455294
9.593981 3.868967
7.681685 4.138681
5.450845 -0.837934
6.977250 0.347303
6.561713 1.842026
7.292946 4.614064
9.360215 3.465221
11.996223 3.477253
12.383511 3.567695
9.267702 4.460017
13.512304 9.879104
11.897652 9.306769
12.976276 13.517266
11.157450 11.102442
10.821735 3.761703
8.031366 3.014439
4.516462 -1.080182
6.936459 1.101928
9.691679 4.915490
9.049864 4.374917
8.929502 3.276237
9.072998 4.779931
9.061311 3.979608
9.150519 4.868053
9.544920 5.504220
8.942127 4.584381
7.492034 2.498391
8.732684 1.540631
9.495180 4.115991
4.078525 8.010804
5.571066 10.046417
15.578716 -1.379821
8.195019 -4.518558
7.911129 -4.062792
8.287788 -4.080005
11.567825 -4.152061
8.159655 2.064795
6.817317 2.893092
6.744717 5.490189
8.166004 10.739749
4.103109 8.245329
4.907616 10.415937
6.319851 6.165810
5.334066 8.404761
5.227931 5.147898
9.758165 5.220430
8.784184 4.903997
8.868895 5.075328
6.914575 4.372717
5.145488 7.643906
5.974727 7.892548
6.231169 6.576974
5.254945 8.091716
5.720513 8.324514
4.849322 7.882262
4.812667 8.185797
5.781405 4.499562
7.631378 5.297113
8.353010 4.517120
15.872143 8.113616
16.189623 8.374442
14.860893 7.293333
8.468912 5.580741
15.084332 4.807117
17.619068 6.844611
13.212608 10.197098
16.889664 7.298137
14.267320 2.515074
11.801701 9.290743
13.004456 3.663422
9.389062 5.488008
8.414948 2.878682
18.811535 0.246490
15.532785 6.000375
18.201675 3.478149
17.490200 -0.412371
13.318312 8.893636
7.642008 1.617014
8.011505 2.928300
8.570681 1.432658
7.625346 3.172721
9.712049 3.579664
12.881203 3.632360
8.572802 4.896292
8.801828 4.080543
9.102458 3.942653
9.459571 4.528907
9.352688 5.079586
9.418167 4.382071
5.990217 2.784094
8.229576 2.867392
8.645205 5.044349
10.545448 3.730350
9.589930 3.494670
5.271029 2.913973
8.935847 2.235057
9.837045 3.441322
9.008059 5.186831
6.140069 4.650750
2.038243 3.315971
5.026855 5.747961
16.428308 4.195537
15.905326 11.326462
11.352644 10.787803
5.786460 9.620302
3.745252 6.289120
6.985401 4.607265
5.135099 2.107974
9.402988 5.301820
7.719707 5.381338
8.110177 4.975688
5.940660 4.317768
7.253407 3.716189
6.307759 3.592363
11.502537 3.680760
5.679186 7.225703
6.468300 4.567804
7.330420 4.883986
9.097090 4.536951
8.247189 5.639673
8.394341 3.646427
7.275824 4.627428
7.523355 4.438078
7.778179 4.336771
7.265601 5.160715
8.492028 5.523170
5.784094 3.699751
6.655547 3.510092
6.288976 2.764510
6.227163 1.578981
7.844160 2.988186
8.963594 4.078248
7.679314 4.863795
11.736328 10.365616
13.032578 10.720762
13.297260 10.048326
12.231821 13.003061
11.843136 10.919650
10.621864 3.464236
13.361295 8.987985
15.002581 11.253659
12.269268 9.892786
4.219439 5.083651
4.358641 3.843943
5.007241 5.228803
5.015547 3.743982
7.071127 5.553713
8.899529 5.634615
7.668878 2.912295
6.633688 2.817429
10.002562 3.782260
8.962402 4.769396
7.969029 5.073470
8.390723 4.998769
8.010154 10.753898
9.785986 5.568326
7.234788 5.513943
8.789761 4.488589
8.408846 3.016098
6.385897 4.924494
5.849829 5.827691
6.419275 4.331145
7.979561 4.992071
8.137058 2.148459
7.712337 4.641076
9.256456 4.800496
9.453693 3.789297
7.021079 4.845675
5.062588 7.089384
3.818759 7.219041
3.499982 6.998706
5.111679 5.499272
5.186753 5.810009
5.210475 7.323625
6.590719 10.998755
8.840652 10.706970
8.680438 11.924667
9.930861 10.670076
11.810934 8.796091
12.591207 10.152032
11.409374 13.355650
5.493315 1.527642
4.738793 0.024407
7.203201 4.059676
8.303544 4.950185
6.867805 2.988117
6.460414 3.677751
9.075169 1.757539
6.692431 1.446200
8.392651 2.131621
8.902698 4.446723
9.815591 3.594481
7.776013 5.465006
7.805195 5.288659
5.747184 4.260775
8.991804 2.753841
7.105311 4.051844
8.648751 5.236712
7.720252 2.496233
8.861965 1.488391
14.195070 3.088657
16.012897 -0.348944
17.632826 9.078830
14.847384 1.310345
14.989651 -1.467855
5.584361 -10.991681
7.477668 -12.126750
4.416720 -10.612574
9.244451 -10.992696
12.687496 -19.222815
12.099957 -16.602680
14.409622 -10.118338
13.267079 -14.425184
11.098621 -12.963813
8.362534 -8.874512
9.356873 -8.036897
8.209210 -11.184024
8.526815 -9.537327
12.183106 -7.785708
18.816235 -13.894732
15.184584 -10.188243
10.114051 -6.789796
14.988235 -8.510781
18.552628 -6.044497
19.581322 -2.572302
19.278385 -6.497818
14.575548 -7.046093
8.513613 -6.396611
11.440804 -6.346834
10.116427 -4.037263
6.286649 -3.773414
9.637606 -7.388608
7.699260 -9.354598
6.190846 -7.621690
9.072523 -9.353878
6.533243 -10.789713
11.321782 -5.707116
9.646902 -4.437366
9.091118 -4.350518
7.954733 -4.770369
13.492063 -7.629022
12.390898 -6.802313
10.419906 -7.803577
4.572273 -8.073098
7.298562 -11.389297
7.618403 -9.839728
6.618137 -8.410937
8.315184 -10.753621
6.119360 -10.320760
14.620977 -17.612780
12.061544 -14.666862
12.124451 -15.495959
13.992502 -14.062954
11.426626 -13.558493
7.645061 -14.191332
7.058395 -7.786880
9.263393 -8.213058
7.759260 -10.897717
6.745040 -8.889905
7.475645 -9.500306
8.494805 -9.976478
11.894387 -7.417909
12.604630 -7.024997
5.757938 -8.541741
9.187952 -10.076494
11.532503 -7.598128
7.341953 -10.024846
7.002088 -9.072535
8.010612 -8.146852
8.712494 -14.002662
6.391680 -14.474634
16.890558 -11.859065
16.013859 -10.626506
14.975159 -11.017927
14.804394 -12.477438
15.119615 -12.891221
10.186510 -13.332938
7.987601 -7.309105
7.949376 -4.752191
8.883686 -6.724609
12.417655 -7.068202
8.601399 -7.599091
8.415391 -4.860479
6.847095 -6.820904
7.579350 -9.632411
8.823896 -11.300981
12.755491 -14.761003
12.958612 -13.961406
9.772539 -13.481540
10.872969 -12.903629
7.869410 -13.319253
6.084518 -9.880243
5.946748 -9.491218
9.707367 -6.780907
9.022637 -7.772173
8.303847 -4.815265
7.401667 -7.543442
6.521044 -12.137202
12.242774 -14.458983
13.486888 -13.737309
12.596603 -14.224706
12.698065 -13.707291
12.484923 -16.866243
16.617321 -10.410447
13.877216 -13.706003
13.649778 -16.695894
8.122108 -10.058887
7.321910 -10.301295
7.793543 -11.097313
8.586372 -9.740574
7.306786 -9.491139
8.706923 -9.579640
8.046999 -8.085518
8.890919 -7.693337
9.806149 -6.723879
7.554304 -7.784056
10.194767 -5.531580
5.800868 -11.009791
8.859909 -15.792231
7.759894 -5.774552
7.783695 -10.059726
9.329769 -12.743237
7.624066 -7.273136
8.591764 -11.360780
8.187236 -11.845230
6.364722 -9.133286
7.155345 -13.766800
14.071228 -14.697523
14.565476 -13.323617
15.533485 -13.406102
9.906336 -14.091117
13.290612 -14.167728
12.286460 -14.114152
6.225773 -11.436979
8.733466 -10.739831
6.846742 -10.906065
6.054558 -10.416316
6.825881 -12.178908
11.687921 -16.418943
12.807915 -14.188830
7.833816 -12.686687
6.789461 -5.214085
11.671822 -6.033958
12.227777 -7.382750
12.027519 -7.449432
7.731815 -6.250020
8.218566 -7.988142
8.221029 -12.757138
10.385094 -13.164196
9.160851 -18.017096
9.381571 -12.333867
7.270471 -14.356056
7.108824 -12.700498
8.436793 -16.001099
11.813416 -13.897958
14.011335 -13.780232
13.518183 -13.105743
10.060817 -13.929604
4.923643 -10.229667
8.588383 -4.789245
9.804865 -5.391112
7.522403 -4.497075
8.075037 -8.554784
8.207100 -7.738429
8.323840 -15.598197
