-17.984879 -12.382161
-12.754307 -7.084467
-8.113077 -7.758947
-7.112070 -4.843867
5.059248 7.947222
6.255774 9.001137
3.175311 6.279728
4.348778 5.420838
7.224406 5.493067
9.239401 4.576450
7.681715 4.607155
9.086278 2.098669
8.657566 2.582560
7.812250 4.870832
7.119563 4.081406
8.230703 3.382490
10.822958 3.700003
6.622117 3.792820
8.127727 4.350367
9.527653 3.977951
9.109402 4.488771
6.606394 3.615401
8.302097 3.380358
8.381416 5.552211
8.998201 4.538564
7.662392 1.306142
5.117539 2.108222
6.597161 0.767663
6.229643 0.545247
7.852633 2.439563
7.797943 1.633954
9.418083 4.327388
8.801105 3.329452
8.102167 3.703220
9.720827 5.581190
8.797626 5.488302
5.814865 3.477359
9.382044 4.829560
2.071949 6.237484
6.027548 7.245739
5.040932 8.866640
3.904710 9.159152
4.255041 7.152032
4.268597 7.082680
5.312783 6.366216
5.809186 10.573608
6.850444 10.795293
10.849601 10.682340
10.963346 11.428699
7.059016 10.769157
5.732774 11.376946
5.163267 7.650310
3.132871 8.367948
6.021296 8.801261
9.055363 5.303552
8.450077 3.695918
9.071283 2.031440
9.488560 5.385890
5.326714 4.352241
5.793503 7.901486
3.053468 5.769922
8.509901 5.028626
6.193732 3.760098
7.299426 4.378404
13.375935 9.993731
13.304655 8.913826
12.804140 11.550281
13.935745 9.003572
12.008240 8.904530
12.985008 9.619124
5.860703 5.905506
6.521792 5.957641
4.677463 1.984990
6.647720 2.975265
8.411877 4.508635
7.311062 4.939364
8.117718 5.255377
7.295787 5.437688
8.196916 3.994830
5.179218 4.737060
8.116964 4.644655
7.146358 4.760335
5.351171 3.157867
6.175370 8.225509
3.266932 4.103968
9.026391 5.110594
6.307278 4.053336
9.315359 4.200024
9.242832 4.990715
8.819073 4.185673
7.361609 5.504349
9.361584 5.626512
11.856967 12.455150
15.366354 15.529159
13.075413 9.448521
8.309034 5.081196
7.484070 5.579890
8.414936 10.826487
9.469282 10.770997
6.177169 10.813016
11.837431 11.924773
11.769310 14.810678
6.080354 10.457443
4.662091 5.335938
4.167531 7.634120
5.986258 6.474891
6.126443 9.886690
0.759328 4.807728
5.559609 6.049301
6.174111 4.385627
5.884201 3.086243
6.417179 2.186071
9.737441 5.466679
9.284918 4.757874
7.631286 2.763067
8.351498 1.941391
8.283957 1.970152
7.834023 2.286011
9.496045 4.249048
9.058038 3.163642
9.552822 4.281479
3.292443 3.517351
8.298194 4.889873
9.605910 4.512314
9.418489 3.470702
10.857512 3.771986
8.498552 3.701242
9.067456 3.300711
8.646631 1.426044
6.269722 4.410594
8.417454 5.193875
8.301077 3.103875
8.765751 2.916699
8.218874 2.372896
10.878428 3.641733
9.713793 3.421062
9.699854 3.943907
8.973932 4.009878
7.359293 5.303154
6.929799 4.471510
4.667503 3.128745
6.308389 5.839376
4.942295 7.348112
4.746529 8.236886
4.769969 7.400897
6.999268 4.779908
9.002065 5.180033
9.280633 3.414790
9.724342 4.656901
5.752610 3.308425
7.577598 2.434642
9.361996 4.026688
9.220191 4.073022
9.024492 5.109638
9.722886 4.798435
9.614761 3.557348
8.687490 2.997058
7.507600 2.276299
9.022090 2.422240
12.572397 10.030503
13.874668 13.099698
14.149847 10.756319
13.488527 9.511147
11.619028 10.138986
10.399840 12.030277
10.629045 10.868968
10.631543 12.154998
9.842391 13.166961
7.571811 11.890158
3.041300 10.196220
6.356737 7.704170
8.755800 5.278470
9.039019 4.261302
8.444651 4.936234
16.412102 6.503337
16.029255 5.641392
15.339422 2.774349
14.290635 3.259424
16.652946 3.037828
14.742476 3.072279
17.931664 8.755546
17.820787 8.172472
16.548851 13.968208
15.330400 9.829147
16.560976 3.982736
16.322670 6.705235
15.671996 6.311692
15.801397 8.356765
15.100842 5.766423
15.170771 5.474656
16.917883 9.423587
12.627041 10.189968
7.516084 13.034152
6.587646 12.431376
5.831260 8.243208
5.106112 5.966280
8.448540 1.938667
6.767478 5.544425
5.776000 8.380713
6.794300 12.139659
5.725938 7.340402
5.437469 6.347247
6.180673 6.276413
5.593174 8.141574
6.026122 8.175473
7.048460 11.622372
9.116305 13.355778
11.959455 11.512048
8.729528 10.958892
6.642174 11.366572
12.696028 12.197986
10.676283 10.962560
5.272802 6.032732
5.128791 7.046597
7.762145 3.955801
7.999035 3.720256
7.131602 3.904469
8.428068 3.857179
5.350836 4.583203
5.718988 3.755338
6.210768 4.437489
4.572977 8.877254
6.269782 6.928472
5.639436 7.499427
6.310822 8.885102
6.188413 9.134495
5.649874 6.236228
8.217861 1.784597
6.889596 3.778091
6.294250 6.297225
4.750045 5.418628
6.169103 9.243731
12.129486 3.523226
11.284966 3.728707
9.351667 4.248664
9.273418 4.516589
8.510881 5.593269
7.628612 3.077766
9.310290 5.026866
9.572807 4.561060
9.276937 4.839023
9.255395 5.513160
7.720890 5.541523
4.490487 6.912508
5.453859 11.124274
9.431248 12.416308
5.477177 10.355437
4.689075 10.095513
5.798952 9.776521
6.176550 7.879817
5.314907 5.878273
6.394416 4.110339
4.835460 3.672647
5.294037 7.230588
4.354916 2.969232
8.042185 5.113847
6.211900 3.533882
4.327189 7.501655
3.262721 9.861120
6.017523 6.983740
6.496837 9.152564
6.139771 6.778440
5.287815 7.327914
4.482213 7.510008
5.836073 8.408704
4.561204 12.193458
9.075609 12.825980
9.002720 14.770037
7.464525 12.183585
7.491571 11.441901
4.361265 12.178849
8.475185 10.880703
8.977039 5.297926
7.095541 5.533060
7.991032 4.297224
10.624540 3.412221
6.339907 10.130296
3.643671 9.640915
6.446957 8.704089
6.396481 8.321306
8.074594 10.940198
7.560731 3.896088
4.100932 4.264151
6.222845 7.823388
8.888912 10.835997
10.040146 11.628943
9.044147 14.102207
12.868221 9.783022
9.320188 14.274658
10.058574 11.708077
10.557204 12.890267
10.432116 10.847084
7.838508 13.473767
9.831354 11.352180
9.075857 11.874029
5.058672 11.048957
6.019398 7.046685
6.018647 5.516835
5.580258 9.643929
6.131109 8.271556
3.981725 10.706091
7.283133 12.319324
9.434965 11.115891
16.344688 8.168672
13.479710 9.460518
15.173254 7.701344
17.340635 4.941450
15.548723 5.935099
9.580982 4.824685
7.526539 5.480242
6.429987 8.950139
5.146220 6.948227
6.640501 5.507235
7.555034 5.078195
9.821964 5.616764
9.141897 4.402560
8.950037 5.582983
8.159853 4.804711
9.819971 3.959900
8.881817 3.812643
8.466072 4.307579
7.438468 4.524612
9.009381 5.175093
7.225073 3.155712
7.499220 5.319694
4.075708 5.295344
3.432758 7.132096
5.454859 10.230479
8.269451 12.168381
8.219690 16.017908
7.711541 13.275352
8.181870 11.267816
9.805292 12.298600
9.299501 11.744340
10.112601 11.226804
7.002457 11.616525
10.456715 11.970633
11.488919 11.679984
12.407869 9.950690
10.950911 10.775176
9.229938 5.132821
9.499102 5.288373
5.142041 7.509179
2.002099 9.325229
7.391238 11.239154
7.375380 5.010211
5.498153 8.331561
7.350286 4.478150
7.009264 5.489377
5.595456 7.269630
6.347658 8.501737
5.657339 7.693910
6.370150 6.027804
6.227804 7.505162
6.066765 5.875508
5.769268 5.613307
3.473686 9.048391
4.024372 11.521823
8.274765 11.396950
12.241351 11.455289
13.246660 11.430088
5.961708 11.079360
5.122411 11.581742
8.448993 11.211158
6.187868 9.619714
5.931629 9.643886
5.933556 8.689841
5.860696 7.248844
5.255875 8.250017
3.925765 7.954214
6.840786 4.153817
8.401154 4.624596
8.375764 3.002405
6.670811 5.290626
4.812346 5.780891
7.905325 3.105382
6.802323 4.447121
5.591371 8.636365
5.881058 9.281470
6.965883 11.585448
9.678580 10.771593
9.991608 14.114796
5.640863 10.294907
6.360641 8.874239
3.531321 8.351254
5.293611 11.172183
8.761374 12.121167
7.255105 10.907905
6.292842 5.924614
3.500655 3.596564
8.263620 5.508813
5.791454 5.024129
6.881670 2.097014
7.495091 3.726268
8.368060 5.383249
9.518435 5.059905
8.757031 5.542404
8.778826 3.977376
9.287928 4.679409
10.660254 3.612668
15.441437 0.219357
16.247692 0.477386
14.220896 2.513137
17.236616 3.061150
14.705416 3.456295
9.132146 5.442262
5.177072 4.542524
6.938027 1.421994
9.085846 5.015279
7.547170 5.612107
4.981529 6.668206
9.114315 14.834319
4.343874 11.260604
3.290590 7.839413
9.703290 10.936067
12.954599 13.700412
11.103215 10.863587
9.038654 5.291219
8.335017 3.420223
8.090343 2.104358
11.848423 3.504144
7.197980 1.363471
3.593990 -3.973701
7.310119 -3.444208
6.566352 2.272174
7.453628 0.379213
7.501541 -0.448733
6.857950 -3.993969
10.013828 -4.012956
7.707787 -5.519301
6.290487 -2.836145
7.376227 0.858492
6.765422 1.276842
9.838652 5.225385
8.713051 4.951567
14.083336 9.499421
8.164035 4.609347
6.292089 4.122922
6.499643 7.973796
17.145569 4.034988
19.212637 3.796773
14.733265 1.939763
14.827740 2.047837
17.966351 7.094855
15.273838 4.094218
15.146778 0.988925
14.939968 4.314231
16.423548 4.587375
8.268288 10.685493
7.893150 14.840340
13.829971 9.766216
13.268889 9.446228
12.886422 9.269659
10.470044 12.106002
9.026814 11.117264
7.580271 11.521008
6.786773 10.775733
6.958910 13.463852
5.798122 9.231444
3.962429 9.747282
7.828094 3.439889
8.642362 4.247351
8.285192 5.409861
4.882345 2.134355
9.584425 5.418673
7.776312 5.292236
9.106348 1.804198
8.524968 5.148927
4.788894 8.127399
2.723795 9.278108
6.259050 8.348311
7.138450 4.753143
8.610739 5.034150
9.744682 4.515761
7.928885 4.483816
8.792845 5.077007
11.852330 11.369210
17.076662 3.606978
16.519789 8.999125
11.934664 9.839750
14.085649 9.177214
16.082869 12.709134
12.832929 8.937031
12.522144 9.114585
11.605618 13.863215
8.636311 14.899072
5.816490 12.370580
5.783810 8.584183
6.048898 8.478148
4.834183 8.645890
5.419868 5.468152
8.580337 4.936508
9.697897 5.055463
9.376833 4.702289
8.998648 5.348158
6.384727 5.431840
6.085067 10.957055
4.734470 7.088946
4.231344 5.831420
12.254066 9.641231
12.191749 9.892578
10.552872 12.000066
10.386778 11.155864
6.398090 7.562009
6.851556 4.420178
8.054670 4.202065
8.205503 4.398721
8.604385 5.522067
9.135687 4.023804
13.336833 9.852910
12.588166 9.716451
9.242129 5.050742
9.290838 5.183179
8.528901 2.293182
8.838745 4.606956
8.204571 4.728788
7.967627 4.730597
6.296453 7.830341
5.784347 8.415540
5.143458 6.066407
7.403611 4.678364
8.243565 4.302447
7.597020 4.923249
7.722437 4.976281
8.190994 2.805487
8.171794 2.463810
6.949801 1.846912
8.817493 2.555508
8.070962 3.082425
9.495181 4.981867
4.806893 6.530455
5.163081 7.309040
6.889541 5.324131
15.884750 4.511457
7.350999 -0.038727
6.361016 -1.812561
8.443350 -4.621502
8.627008 -5.921877
7.100859 -4.200358
6.156838 0.114627
10.447220 -4.690135
8.303517 1.339360
8.909494 5.115860
14.028950 9.710698
7.588669 5.151966
7.874692 2.915460
7.731366 2.660797
6.457921 2.980786
5.575470 3.906402
7.885990 1.378577
8.594042 3.922986
9.062502 4.224360
8.937585 2.832438
9.696142 3.922919
8.082944 4.217110
7.164792 3.470551
8.565794 5.378832
11.572775 10.701319
15.017462 8.912038
16.001377 6.663244
14.338755 9.755765
13.736225 10.171304
13.794222 11.646438
10.605904 10.967141
13.816337 12.485728
13.970636 9.038662
13.309892 9.251978
6.782820 4.949552
9.461571 4.782957
9.623442 4.956559
7.907732 5.575660
6.477827 4.880635
8.312170 4.888255
7.191254 4.388746
4.576830 6.132229
2.694687 7.204035
5.152763 7.358055
7.546409 12.417092
9.242371 12.353060
12.739672 11.324541
7.767920 10.737661
3.442420 7.290902
4.396957 9.878861
4.914973 7.544812
3.376662 4.014029
5.092898 5.723883
4.768685 4.474258
5.297109 5.954416
6.461439 5.669229
5.102280 11.172376
3.434071 11.994467
8.484935 12.192400
10.381714 11.557992
7.734080 15.451974
8.053525 11.906608
7.379566 10.858478
4.246036 8.351031
6.386711 3.693182
8.428738 5.500279
8.930313 5.533394
7.543376 4.544693
8.437044 5.634605
6.257157 6.327650
3.905345 4.275879
9.485201 5.626992
9.587815 3.954230
9.659989 4.694778
6.439967 7.717234
6.237080 11.304492
10.684719 10.913745
14.046499 8.819787
14.268188 10.561902
13.200408 9.835747
3.771679 10.610879
1.784702 11.992038
5.961288 10.420743
6.045321 3.828990
6.432161 4.295069
9.636796 5.446322
8.058109 3.338916
11.346945 3.773015
6.775473 0.377625
8.355205 2.909097
9.707323 4.166791
7.926101 5.232041
7.551250 5.301016
5.667291 4.701978
7.069809 4.841249
13.074824 10.485909
9.965738 12.197737
14.685953 12.304477
10.082615 10.802958
7.066571 11.786599
4.752659 10.576324
5.712401 8.860156
5.447363 10.167662
9.305756 12.440949
10.149362 12.384238
9.017240 13.441324
6.956110 17.205223
6.477604 9.817705
3.666006 8.166484
3.220897 7.949967
5.408315 4.637318
6.134947 4.779665
5.571897 6.919372
7.905416 4.786613
8.231255 4.603538
8.221549 5.434552
8.100471 4.177093
8.955234 3.820659
8.210745 2.664518
8.219705 3.875375
7.273171 11.567834
7.579438 10.898199
6.675150 13.221923
4.641412 10.343322
5.617292 9.186251
6.485302 7.824939
6.505257 6.034359
6.447715 6.979517
4.466116 8.539871
6.677329 3.415655
8.251299 4.450828
9.719030 4.819325
7.759352 4.458598
9.618240 3.667577
9.212600 5.225307
8.943071 5.585551
9.014942 3.689470
11.041189 3.729473
7.986245 3.297199
9.078764 3.126086
5.987137 -0.193652
6.085792 0.293400
6.479710 0.813326
8.688594 4.370728
7.922507 2.428038
7.018260 1.376418
8.467398 2.224807
6.765232 0.394719
7.685780 2.197618
8.821836 3.068173
6.642638 -6.001322
7.183894 -5.200222
11.032784 3.690784
9.142996 3.610714
7.609154 4.138682
4.415213 7.450691
6.244242 6.672626
2.803769 8.752508
2.350763 8.089691
8.846458 11.325480
11.099780 11.735622
11.363827 12.239872
12.262587 11.021799
13.358461 9.178354
6.388975 5.288701
8.658630 5.150039
9.738991 5.013431
8.656724 4.690156
6.881564 5.059860
7.443606 5.042543
9.134103 5.510454
9.764892 5.341784
16.910862 5.856800
16.432861 6.726955
14.152355 2.536547
8.747108 10.709821
12.055058 11.067361
5.003609 3.816091
8.039479 5.589918
6.813954 4.545415
8.899971 5.446186
12.252966 9.450640
16.418032 1.458179
16.380903 5.293988
15.924887 2.636044
8.778513 3.140919
3.510230 6.905587
1.954847 7.433016
7.043059 4.968609
8.803614 2.975640
6.508554 4.444142
6.045871 7.740855
2.541379 5.410668
3.608981 4.685206
6.848611 3.146314
7.203805 1.934724
8.278648 1.928261
8.921540 5.625562
7.583530 2.016618
5.744103 0.449062
6.948103 -1.661380
6.717436 2.039750
7.371031 3.352365
8.702874 4.895588
14.721653 2.444084
13.035777 3.569961
5.303804 -0.752330
3.458498 0.309495
7.667918 1.320076
8.593042 1.608473
8.689014 2.455097
8.999962 3.319536
6.456155 3.293084
4.806813 7.354353
5.427509 10.256337
5.427405 10.165015
7.375376 12.870743
8.981076 11.201555
7.682003 12.780379
5.411510 8.995407
6.263632 6.210567
6.293080 5.270545
4.786347 10.249437
7.246374 15.011165
11.792147 10.709647
9.580827 11.535129
10.236214 10.893563
11.292391 12.938308
14.108300 10.458124
15.344419 14.484879
13.132509 9.944236
6.248081 7.289168
5.605306 6.438564
8.663492 3.233507
8.790936 3.046041
8.479122 4.201559
10.216442 3.479152
9.645689 4.773919
10.695797 10.689664
7.403349 10.830812
11.755045 9.543572
6.404937 4.435762
5.823332 4.821081
12.214499 10.418206
9.283959 5.328562
11.103564 3.447948
7.446154 3.569633
6.002140 6.303787
6.378982 7.127367
9.221912 4.892744
6.932335 1.714200
6.670638 5.453897
6.525553 9.214992
5.879205 9.393516
11.755457 11.980481
12.112370 14.756176
11.800564 14.102012
12.528674 12.271791
11.574304 3.731120
15.692638 11.875782
7.365005 3.482920
8.544070 4.727347
2.516947 3.750560
3.706815 6.460274
4.417749 5.812327
5.826104 7.084491
8.426975 4.888600
9.359849 4.393153
9.077428 5.178595
7.254193 1.346063
9.218334 3.604469
9.644015 4.597178
7.693770 2.229701
5.735849 2.272918
8.249137 2.369006
4.034896 10.287595
5.787107 10.903901
8.812043 11.340181
11.648179 11.036278
15.589270 12.951129
