-10.252973 -7.043439
-7.244557 -8.485322
-5.348480 -6.151234
6.414278 -1.292466
7.114920 -1.778658
6.973677 -0.966269
6.275317 -1.280548
5.091137 -4.958952
6.872627 -4.898569
9.383771 -3.874066
9.525403 -5.938290
7.388453 -6.185145
7.436405 -3.382508
6.431947 -2.775999
7.012333 -2.741419
6.194742 -1.251943
8.505642 3.234004
7.248727 3.861771
10.179491 3.513765
9.027877 3.703871
8.006082 3.373844
9.006931 4.916748
9.192171 4.780091
9.626785 5.328262
8.966845 5.092750
5.006607 5.553937
8.521093 2.975277
8.819505 3.863815
7.318765 2.648211
8.949677 3.195782
6.015409 4.024781
7.713770 5.309832
15.936102 4.959960
15.812455 3.935650
6.428523 11.258905
7.647255 10.949968
15.333973 5.256814
11.185382 3.753327
16.979374 -11.740609
18.361187 -12.845195
18.618376 -11.401890
18.419827 -3.320729
14.296290 3.628590
14.864965 2.157378
10.410893 10.811941
10.891066 10.812530
9.371220 5.490871
14.265532 8.801777
14.912130 4.940587
6.354833 7.079691
4.396305 10.153085
7.148306 12.291808
10.517817 11.820621
7.983327 11.445564
8.175237 10.724072
12.577909 12.871273
6.462720 7.570183
16.936844 6.933593
16.441788 9.142867
13.519197 8.951794
9.566580 5.623863
8.173214 5.111412
3.261044 4.078441
4.669363 9.723724
6.404693 6.805861
6.563385 4.913093
8.978619 2.538994
4.386182 4.322725
8.599385 5.003350
8.794793 3.416657
8.615160 5.348576
9.161127 4.572590
8.383085 4.869504
8.311175 4.583607
7.079568 2.731939
5.677713 6.465824
4.565180 8.165671
8.185490 14.714085
8.765478 11.554049
4.982640 6.203076
5.404994 4.191976
5.922063 5.611075
7.540918 5.520538
8.311039 4.455281
8.945338 2.713211
8.131132 2.283827
11.951584 3.628970
12.586632 9.492237
9.285249 4.545765
8.078799 3.673497
7.348585 2.246568
10.587299 3.445139
9.970286 11.354157
11.728744 3.462271
10.860924 3.744282
11.756148 3.781491
8.886304 2.749393
8.641808 3.231781
9.667279 4.636430
8.220148 5.020346
5.034568 5.123187
4.941796 7.761687
4.576028 5.333097
6.440140 7.797780
6.193677 5.562052
8.743435 3.806719
9.151921 4.687144
8.338308 5.396862
8.824661 4.218355
5.871886 5.949358
5.287953 6.172927
5.913552 7.083447
5.292147 6.895342
6.055357 6.258192
4.819447 2.940853
6.456110 7.607851
7.167574 5.619663
9.100615 1.791842
7.929245 1.849918
8.944282 1.958867
8.524755 -4.138121
11.028404 -7.014088
11.065252 -3.790741
10.380919 -7.136882
11.152630 -5.386590
10.777994 -5.727948
7.894866 -5.103879
11.202509 -5.373140
11.568777 -3.805354
8.159060 -6.800766
3.855766 -2.193978
6.115526 0.957754
6.304239 0.195945
6.569850 1.061456
5.578572 5.850176
14.162823 1.644704
14.188170 2.777413
15.656805 2.665795
15.072382 0.536262
16.107025 -0.721105
17.166510 1.228974
15.081686 -0.515147
8.229123 4.386067
5.700097 1.831617
7.756193 1.828099
9.087990 2.786620
8.749372 4.691968
6.859818 3.361449
6.561266 3.447577
8.455044 4.753872
9.764334 5.456652
11.811632 9.600082
9.208025 11.102695
6.840379 4.158454
6.330789 4.608809
8.749130 4.683501
8.715828 5.195231
6.978158 4.148998
6.280281 4.762443
6.918139 4.873147
6.987214 4.933555
6.509151 4.569074
5.031096 3.621440
5.428450 8.740165
6.520372 5.905856
6.991518 4.705694
9.751805 3.640797
10.479933 3.709663
8.240818 2.487357
7.821261 2.479934
8.941019 1.316713
10.925087 3.625521
8.056310 4.953572
9.636247 5.145967
8.221103 3.147726
5.630100 7.473945
6.281540 6.602454
5.395929 6.181456
3.912659 5.979823
6.274916 6.098457
6.773282 4.953840
8.484854 4.274606
7.965518 5.188488
8.040258 5.277301
8.845331 3.676808
10.509710 3.726715
11.062637 3.624726
13.646141 3.759004
15.451693 5.180794
8.773355 5.357813
9.828441 4.767613
16.764233 0.736609
9.788685 5.312912
8.374292 3.001362
8.867771 4.614543
8.585180 4.686305
7.809973 4.631155
8.233278 2.902004
7.612826 5.164084
5.950527 6.649221
5.722476 5.255944
6.371736 6.260098
6.464128 5.343270
9.807285 4.620863
7.755665 4.764802
4.078779 5.845342
7.311572 4.318034
7.988269 3.480926
8.924552 4.593118
4.642375 2.847167
14.602334 0.486535
15.520494 9.463744
9.932105 11.774509
10.713663 11.381829
5.430573 10.681807
6.090598 8.987433
6.139313 9.485930
4.190097 10.080731
4.096507 4.151459
9.170524 5.535436
9.448320 4.577638
7.024256 4.308599
6.985314 3.698454
9.525530 3.630623
8.210598 4.478108
7.534365 5.449547
5.731161 2.594921
7.595857 1.938493
7.703505 1.686561
6.820039 3.277946
10.867375 3.634330
13.251282 3.620672
13.587879 3.457353
15.989109 5.191418
19.962234 4.415107
17.258133 1.801375
14.894426 5.513738
16.064575 4.195608
16.190042 -0.352597
14.227337 1.729787
7.949934 4.354864
9.109209 4.123929
9.760754 4.192895
10.955795 -5.643060
11.440651 -4.974943
11.101984 -5.883336
10.740986 -4.528838
9.645353 -5.042663
7.472406 -0.781868
6.723014 1.917128
7.074651 2.002184
6.218703 1.382611
7.304969 1.623459
8.760445 1.728141
8.318626 3.558177
9.386835 4.844285
8.700201 1.317141
7.642481 3.652304
6.845718 1.927365
7.410668 3.170852
8.421312 3.328533
9.051991 4.569325
9.128623 4.566216
14.680564 3.122305
6.900156 0.801459
7.603969 2.166262
15.558630 4.990205
17.597614 5.742377
17.118738 8.432942
15.734941 5.383694
18.320808 3.144273
16.902557 2.608392
17.113539 5.897306
17.574537 3.200853
9.452385 4.115368
7.638144 2.288831
7.454330 1.226864
7.398870 -2.982249
5.357273 -0.289115
8.977545 2.988628
7.763360 1.829333
9.822651 4.589898
7.905720 4.987445
7.035813 3.347116
7.505189 4.540514
8.483003 5.460470
7.744749 4.647577
8.216718 4.799808
8.160410 1.675333
8.839998 4.236112
7.252786 3.346662
7.012710 3.523869
6.714624 5.474580
15.938614 5.413407
15.672465 7.813411
19.168726 7.737707
18.540897 8.012774
10.992043 3.620398
16.132662 11.418172
14.007020 12.089593
8.938890 5.640116
11.285747 11.297111
12.720434 9.008787
12.695279 10.794772
12.985712 11.396161
15.064617 8.555801
16.438814 6.197962
16.094759 7.213147
14.595155 9.319068
14.369045 8.998659
16.497055 10.379790
19.545811 6.709598
19.533142 0.610739
17.697329 3.429528
14.597713 -0.110145
18.358227 4.486761
15.406824 1.933395
17.080765 6.483785
12.461319 15.582144
11.555577 10.984285
5.648020 9.540359
6.368083 4.064569
8.250136 3.456210
7.898596 1.722647
7.140608 1.679511
7.092071 -0.224597
6.661945 0.529369
7.020952 0.220890
5.717495 -0.264230
7.321056 0.789599
5.904021 1.601150
7.086808 2.052051
8.735266 1.949821
8.598202 1.873618
6.763199 2.082081
5.900386 1.751724
9.825008 3.957132
8.976442 5.453791
8.090415 5.549594
5.588791 4.381728
7.289694 5.525272
4.024082 5.609849
5.708420 6.896633
5.998433 6.849142
5.730158 8.375271
5.581361 9.713424
5.242605 3.585364
5.893374 6.657668
9.479740 5.577105
5.658486 2.999128
5.261265 3.774113
2.998188 5.280627
6.149493 13.033381
12.730621 14.175557
8.732337 11.055821
6.309451 10.684638
4.591114 8.478005
5.530106 4.609470
7.452840 5.636860
8.990252 3.865716
8.311747 2.584925
8.335247 2.038978
12.272753 3.446828
11.333336 3.677652
9.839773 4.682866
11.849290 9.965102
7.783068 5.561949
7.693435 3.248693
5.928727 4.806707
11.706526 9.643569
9.815266 12.424667
7.427417 5.052806
8.889898 4.717489
8.963716 5.113608
9.246108 4.774942
4.818634 8.730854
6.010996 9.763810
5.736257 7.572580
7.190352 5.016038
11.196791 3.536813
7.774520 4.402977
8.575110 3.032727
9.204653 5.414332
9.297280 4.662896
8.188652 1.826527
8.701551 4.047082
5.889090 6.939721
6.863138 4.575083
6.242458 5.814624
6.381721 7.510242
9.173963 5.535823
10.231655 3.646893
9.281191 4.993484
8.523186 3.000915
9.012184 3.282144
9.586808 5.227573
9.070211 4.220049
8.608466 3.784379
15.815068 7.721040
12.705351 12.624917
12.150645 13.684812
12.745574 9.461496
12.993888 3.695594
12.530073 3.501780
9.242136 3.854706
9.843189 5.165991
6.763760 5.576220
5.766206 0.297003
9.072014 2.781862
8.463304 1.845302
5.032974 2.557217
8.496550 4.839109
8.799958 3.113226
7.985574 1.922013
8.548203 4.647424
11.399435 3.685171
10.745693 3.491415
11.871267 3.476594
11.987852 3.748500
6.807148 3.214585
7.788179 3.505633
8.324833 3.982227
4.641277 3.101263
5.180661 3.514311
6.666700 2.586153
8.835306 2.721880
7.708860 4.981331
9.636001 3.456823
7.302929 0.888458
6.086634 2.411371
6.853752 2.636640
4.197935 3.584160
11.297857 3.755036
12.896065 3.458872
8.358761 3.841066
7.802533 4.082535
4.097218 5.716985
3.218179 7.693484
3.711138 7.634656
4.679107 2.574843
8.585279 3.331105
9.453454 4.967814
6.739940 5.582450
9.594872 3.541639
8.557655 4.203948
9.397007 4.483309
11.849238 9.852345
11.902713 9.976188
10.313386 11.797919
10.523237 12.049574
8.568614 11.972319
6.320865 8.049768
10.836884 10.925369
8.621618 5.451091
5.710987 5.202767
9.282850 5.363828
11.435213 3.426776
9.123162 3.737982
7.722146 3.951963
6.756908 3.299787
15.721130 5.451131
14.410128 0.869398
11.971476 3.786306
8.836943 5.323650
5.341512 7.016236
8.552061 3.154973
8.804516 3.268106
11.126034 3.493751
6.459511 5.223946
5.922804 0.477024
6.017418 -1.757476
7.101051 -3.448766
6.660171 -1.097523
7.922455 1.767004
7.813375 2.236988
10.494320 3.534453
5.055454 5.257062
9.053955 5.194545
7.718781 3.276920
8.923662 2.355785
7.398997 4.070914
6.991680 5.454148
4.946296 4.286411
4.971826 6.025099
5.586001 8.030766
9.688299 11.639374
9.482069 11.006166
11.990063 10.731979
11.840192 11.671150
6.074850 8.456656
5.295521 3.840492
8.140597 2.300002
8.569974 4.001329
8.268450 2.039610
8.034907 2.976517
8.804011 3.071454
5.451211 1.763798
4.938100 3.228206
6.066280 8.694807
5.751038 5.853430
7.247742 5.326136
4.392588 3.540895
6.187761 6.406109
5.676988 9.632455
8.394316 4.503906
7.929704 4.000894
8.994627 5.022856
13.015048 10.763999
9.734468 5.401828
6.802126 4.906477
8.907417 4.637299
8.191044 4.914943
9.832961 5.533728
8.736073 4.517181
6.894976 3.150539
6.449308 3.414402
9.777540 4.311807
15.526224 4.690943
19.606926 3.010616
17.626678 2.836493
15.026060 0.510435
