-3.247000 -19.268877
1.948091 -16.204271
4.469451 -12.627584
2.887059 -7.736151
7.580686 1.583323
7.528862 3.069077
4.950656 5.133881
5.436568 8.346635
6.304992 5.485588
8.604901 4.392167
7.562141 3.796587
11.695736 3.615979
12.596994 3.463641
11.791828 3.438191
8.783707 3.708815
7.234306 4.417640
8.408384 5.298535
8.083462 4.841308
7.764701 3.506296
8.815920 2.519996
7.844895 3.978056
8.322062 3.184088
7.927592 2.703896
8.640247 5.435887
7.057758 3.930307
6.770416 5.506640
8.504131 1.831325
6.982591 2.455608
5.998858 1.542000
6.202125 1.849845
8.110329 3.050004
9.051334 1.998228
8.189258 3.596020
7.769894 1.759015
5.548300 1.702074
7.008773 1.861868
9.479138 3.771004
9.688065 3.571887
8.879431 5.242586
8.594421 4.449345
9.628810 4.710241
9.328205 5.448958
7.181104 5.309667
9.383833 3.499312
7.161800 5.392988
5.976155 5.403183
7.993511 3.567586
5.773664 6.476187
6.019902 8.350121
6.300400 7.825458
4.743160 8.565724
6.269558 9.525824
5.700933 6.354549
4.630241 5.368310
7.098450 4.047300
7.265646 3.401223
8.600498 4.191625
6.830431 12.249449
6.328927 12.470383
3.646216 8.343854
6.442826 7.498957
5.576284 13.017512
9.665257 11.705070
5.883740 8.619428
5.819258 8.414614
5.941681 11.244173
6.184406 9.745598
11.676491 9.493762
13.226891 9.229629
8.653359 5.544412
9.131813 4.213468
5.437763 5.060352
6.480134 7.954209
4.137070 10.515052
9.478899 10.918583
8.516010 11.175579
8.488419 12.586791
13.005083 10.385895
7.272942 11.792789
8.598569 10.759202
9.771394 11.154881
10.105091 12.148887
6.540984 13.549279
6.244342 9.119823
5.681211 6.542075
6.566435 4.565696
4.384626 7.838227
4.193356 9.994822
5.562279 11.053651
6.854329 3.177746
8.464314 4.267783
6.262951 4.136145
5.225812 7.946063
6.524014 9.148789
5.929743 9.721726
5.547423 9.798116
6.807788 10.671279
6.911662 13.629059
9.633085 12.595680
12.395853 11.814206
8.355386 10.859949
3.158310 9.594432
5.832570 9.935117
6.195408 9.408585
2.398629 9.023573
5.170414 10.840990
7.511240 5.087266
5.672014 5.767890
2.792619 3.835133
7.855528 5.579046
8.324007 4.979139
8.549540 4.657207
9.087631 2.750852
6.074777 6.182746
7.008236 4.187697
6.702797 4.430515
8.073900 5.380521
6.691319 4.982827
8.169178 3.592556
7.964291 1.862150
7.419605 3.334376
8.700367 3.058508
9.006649 2.061597
9.044115 3.877867
7.826585 3.804689
8.850008 5.304195
7.170267 4.815828
5.337463 7.154059
6.094023 12.678695
5.684708 8.369775
6.350476 6.455125
6.247352 6.190370
4.780742 7.388497
4.590661 6.496135
8.462463 4.030791
7.699526 3.539812
9.904492 3.427261
11.954973 3.787244
9.763773 3.600737
9.218378 3.954124
9.140225 5.652414
9.185406 5.269783
7.288031 3.664201
8.878418 5.311535
9.334167 4.045237
9.061750 3.833661
9.393404 5.643121
8.888484 2.533512
7.804708 2.748581
6.519378 4.702024
4.814536 4.332170
4.126535 3.829243
7.500092 13.641539
4.805162 9.272567
5.444640 6.125132
4.731802 7.227287
5.575173 7.520636
4.863581 9.254715
7.676217 15.893615
9.946473 18.577015
12.677498 11.079522
11.954525 10.693933
10.027967 11.259933
11.598850 11.409114
11.725733 13.426494
6.110065 10.700174
4.980128 8.026546
3.788096 6.472898
4.924210 6.065046
5.496644 9.804554
7.461322 13.166393
8.907614 11.752121
9.734737 11.632919
9.952879 13.887033
10.000767 15.983994
6.885834 10.842384
9.021739 14.519900
6.388531 12.549954
6.347305 8.474585
6.527532 9.613853
8.485985 3.857566
8.587157 5.209886
8.342730 4.804761
10.729828 10.882767
10.636974 11.264616
11.694906 14.331032
12.427425 10.457660
10.773087 14.426879
11.034206 12.785973
6.500051 8.993702
4.573464 8.526350
6.499985 6.251849
6.478055 5.631107
5.377332 3.379680
15.131819 5.735157
15.803896 6.000924
16.411739 5.922413
7.439109 3.104105
8.067687 3.026156
13.600807 9.903016
8.743517 4.398419
8.690434 3.113237
8.039626 3.467861
7.939819 5.131472
5.528153 6.363506
8.840338 4.243814
9.561865 3.985231
9.596490 3.426859
7.348333 11.840223
7.973330 10.850733
7.861610 11.119289
8.228699 11.143842
12.743801 11.102704
13.802987 9.032469
14.239967 12.208723
13.976351 9.264434
10.216814 12.181376
6.619861 11.654105
9.863955 12.042594
5.322165 5.619613
6.225378 7.554646
5.675710 4.104510
5.962265 2.043633
6.047486 3.281682
5.498708 2.976314
5.614595 6.985310
5.191697 7.779918
5.809839 7.264393
5.230518 9.785242
5.822558 10.631249
6.318269 10.690659
4.376562 6.866633
5.042215 4.325414
8.082792 4.586672
8.192159 3.270271
7.506039 3.821990
2.922077 3.111036
5.909759 2.246954
6.669909 1.186233
7.241528 0.384011
7.547579 2.373047
4.735723 4.035877
6.535274 7.347639
6.505234 8.534696
4.411062 7.232566
5.783807 10.237348
6.366075 7.261242
5.616830 10.072880
2.962547 10.893350
9.310507 10.720565
8.848493 11.707023
6.405458 7.531211
11.706733 10.565118
10.772590 12.391290
12.539021 12.003147
13.319689 14.487827
12.152949 10.409736
8.346642 4.788558
7.161879 5.331852
6.200356 5.267872
8.577252 10.942135
3.678177 11.120748
3.705700 9.166300
3.499552 7.399413
7.754418 12.650855
6.443996 8.947871
6.260780 6.843503
5.619675 5.412771
9.655996 5.540498
7.864557 3.991956
7.899342 4.118127
8.983051 3.962999
9.128895 5.047808
8.466066 4.584021
8.314683 5.310588
6.369863 5.675452
4.734485 10.436271
4.606556 8.353181
6.414340 7.127778
5.156056 6.386588
6.198684 8.485197
3.245028 11.119134
5.975556 8.212647
5.602819 5.952821
6.563251 4.013595
8.596976 5.390395
8.326208 5.034770
5.084504 4.718421
5.190734 7.549219
7.473239 13.557051
9.761034 11.138916
10.556145 11.840615
11.485548 12.242219
12.992125 13.372064
9.183544 12.108024
5.132812 2.899894
7.411886 2.564089
8.356993 3.637658
9.239861 3.475713
8.990667 3.563735
11.615425 3.535517
12.752876 10.558974
13.630055 8.902959
10.665510 10.821450
5.955496 5.190934
5.632308 5.420461
6.058795 6.667388
8.796820 5.235009
6.987958 3.181214
8.464231 3.651098
9.391687 3.962074
9.581782 3.492011
10.507601 3.652226
10.111893 3.611486
7.505709 3.181261
9.613609 4.183809
8.448092 4.571093
8.735264 1.265801
9.060400 2.418040
8.721989 4.063446
9.495075 4.884065
9.272717 4.814096
9.352545 4.851873
8.324069 4.601585
9.497216 3.820866
8.227880 5.105036
6.523039 5.592188
5.488235 8.051025
8.134539 15.679049
12.063335 12.571286
13.297430 11.349122
11.775415 11.975603
11.064104 11.230216
9.511065 10.768081
9.638937 5.610816
7.245599 4.735089
7.453952 5.122705
5.305099 6.242740
1.691611 7.479927
6.326968 4.639333
5.266210 4.615244
8.284014 4.746445
5.470509 6.064636
5.889650 6.371300
6.684990 4.795540
7.892922 5.622409
6.384273 4.977664
9.675383 4.913526
7.736866 1.865372
8.361579 2.757938
7.193233 5.187007
7.568963 5.286366
2.960637 4.078141
5.306794 4.955276
6.820991 4.719606
7.203762 4.553435
8.816408 4.360119
5.850598 6.491293
5.181479 3.296189
8.314926 3.647395
8.436781 5.632921
8.553789 5.223091
7.323971 3.652081
9.566219 3.504610
8.180739 2.696750
8.748594 4.073351
9.864830 11.084686
8.431927 12.548866
10.605055 13.130304
13.134912 12.871487
6.163391 13.188935
6.511032 8.446559
6.423539 3.935566
7.823778 5.477951
5.667743 2.441853
7.122614 5.334284
8.294662 3.341331
4.592541 8.157077
6.234908 5.750203
5.040888 8.714954
6.327114 7.891462
12.024319 10.174617
12.860703 9.400365
7.504061 10.801343
5.396205 5.704964
2.829485 7.549531
4.863142 7.238771
6.022799 7.426364
5.629762 8.640932
6.027937 6.788258
8.250061 5.603954
5.957885 4.385936
4.062255 5.355381
7.807578 4.858141
4.590796 6.067988
8.181112 5.112061
6.030897 9.185029
6.523192 6.456676
7.620598 5.430009
9.363526 3.623048
5.317398 7.354260
5.641965 5.056100
7.175472 4.242443
7.444484 4.351947
8.169626 13.559702
9.408477 11.091704
8.652618 11.185385
6.881586 11.576130
2.230479 8.303298
4.041503 8.756544
5.502556 10.644116
4.156950 8.885857
4.908330 9.235766
4.481523 6.584725
6.144794 8.565204
5.492881 7.880762
4.593266 11.002610
11.338533 12.262911
8.220280 10.766432
10.262534 11.443423
9.368438 11.786877
4.948399 8.406075
5.837545 4.383235
7.010725 4.949732
8.586921 5.287410
7.692700 3.983130
8.233812 2.153104
7.767960 1.962778
11.600279 10.253245
5.946054 4.413826
6.332769 9.197827
4.238771 7.374658
6.180161 9.094530
6.097522 8.557611
4.772432 8.217385
5.114633 10.042810
11.687380 9.883547
4.030524 7.557627
4.290423 4.416779
4.266953 5.002603
3.676840 8.380810
3.514113 5.169258
9.355581 5.607702
7.681691 4.438791
7.882961 4.334781
8.893869 4.169755
11.576834 10.965009
13.630344 12.781093
16.683863 13.449258
14.202675 9.515126
12.372361 9.594610
9.729445 13.738223
14.952108 17.166126
9.823120 10.698889
7.948438 11.005894
8.443056 11.108630
5.036213 6.478463
5.570549 7.042843
2.306278 3.472714
4.647645 4.885542
8.105101 4.756310
7.858694 4.648088
9.393440 4.496212
8.328051 4.582678
8.424521 2.583031
9.137058 4.115058
6.610644 1.982769
6.943731 1.487086
8.833084 2.376602
12.306691 3.625832
9.992925 3.751047
9.037876 3.268366
8.659369 1.947771
8.560230 2.918286
7.786012 4.354194
7.045000 3.725404
9.263435 5.398039
9.581894 3.775613
11.904676 9.076186
12.206481 9.915402
11.331671 11.030777
12.651039 9.406516
11.777535 8.949862
6.283310 7.835909
6.473851 8.924991
3.939389 6.780419
5.043061 6.658863
5.648950 8.574899
6.562178 4.978839
5.828717 5.695167
5.651119 5.077604
5.170053 4.848182
10.489651 13.038223
12.358840 12.475677
11.405695 11.475587
6.304236 11.473320
6.160298 9.413306
5.598579 9.484616
8.354527 11.640101
12.284111 15.287264
6.728984 11.430135
7.224355 10.856543
11.645853 10.905753
9.247834 12.758527
5.733933 10.597476
8.725130 11.992182
8.975576 11.801949
6.499014 9.539532
5.751894 9.777615
2.127291 9.569076
3.316265 8.017443
5.166834 6.909122
6.252229 5.152935
7.748662 5.639271
7.897831 5.294735
7.492109 5.621838
6.323310 3.487278
6.822036 3.479433
6.679597 3.884489
7.740246 4.977379
5.797447 3.132560
4.818302 2.420772
6.167080 4.099892
5.166664 3.817086
5.599063 6.160140
5.353941 6.531559
7.417531 4.939963
7.184897 4.754880
6.140719 3.533118
6.810939 4.774226
9.148849 4.843696
6.924584 1.262504
7.864065 3.896078
11.170881 12.465824
9.389475 13.346071
11.959534 13.384845
12.350885 9.996742
15.556736 7.751789
8.923996 5.048989
5.257904 3.936661
6.248834 4.813775
6.225554 8.278730
6.303340 9.117994
4.809648 5.477844
5.417000 8.223800
12.100574 11.088449
9.844841 11.815588
9.814877 12.613944
12.286369 13.162461
12.053835 13.137341
7.664056 10.957144
10.020308 10.746902
8.651275 4.745019
8.768724 3.965636
8.862638 3.664657
5.103789 6.524015
4.452530 5.997738
6.644746 3.706644
3.724839 4.093011
4.659266 5.453392
8.945537 3.661330
9.552227 5.473464
8.691019 12.339563
10.085812 11.757380
11.187562 11.829236
6.354680 5.723718
6.228941 7.864032
6.483699 11.142485
5.841740 11.070666
4.385962 9.480287
5.523697 8.378955
6.492929 9.057986
5.821410 10.446683
8.403429 11.666607
9.473271 15.532877
5.957515 11.260099
3.632972 4.830930
6.471484 9.109479
6.061965 10.957268
4.096104 8.937231
5.980828 7.667625
8.967636 5.144551
8.814274 4.022511
8.122480 4.663201
5.910404 8.514038
5.459614 5.879220
7.007165 5.463381
5.360209 3.939313
8.792147 4.019363
5.667294 7.455227
15.286429 7.187140
15.439210 2.766109
16.532009 2.111446
14.195346 2.052762
17.355900 4.374476
19.619396 7.160397
