14.323584 2.110556
15.395601 2.942827
9.466553 4.420420
5.824675 6.304416
7.369446 4.363124
8.596960 2.055134
4.594005 1.606271
4.446133 2.417806
5.646635 -4.041700
6.093289 1.945455
5.838800 4.588370
8.193811 3.040681
5.160656 3.531294
5.282989 7.400172
4.768055 5.057436
5.708880 7.533826
5.366040 8.531028
5.808414 8.691445
1.306905 13.492395
7.423175 11.668554
11.404453 12.951563
10.167537 14.354065
8.000538 11.361686
4.209406 10.383365
6.175346 7.515079
7.251591 4.821007
8.666702 1.827017
11.924021 3.677340
11.436112 3.443732
9.340425 3.776715
7.689011 2.540306
8.799803 2.411910
9.533352 4.913832
8.027176 4.715360
8.194305 4.688548
8.565132 5.544030
8.128857 3.355399
8.913210 4.442433
7.220716 4.995713
7.487940 3.464866
4.868807 7.264000
4.228939 6.669458
5.978536 9.695021
5.223295 10.287726
5.836253 10.047647
6.334110 9.944654
12.055695 9.607902
11.267525 12.741395
9.623838 5.112259
6.890512 5.130534
4.750575 4.900348
5.892075 5.081415
6.441166 6.313050
6.040961 10.721111
10.642672 10.701472
8.741643 10.659502
12.981740 10.739430
7.984615 5.024823
7.661233 4.324887
6.428553 3.297314
7.149132 4.707261
11.787283 3.611324
7.892195 5.080253
6.214172 2.138654
6.740446 5.248272
5.088458 8.447856
5.166649 7.992915
6.069344 8.294476
3.968858 5.365964
8.254940 5.353405
7.557760 5.193708
7.841898 5.251233
7.905492 4.626913
5.938330 4.531591
5.481488 7.056716
6.266178 6.009818
6.317268 7.367833
6.383935 6.826093
5.131085 2.939043
7.762559 3.680202
4.795844 3.641500
8.921212 1.578716
5.416969 1.918416
6.478251 7.788947
6.045820 7.721969
6.438767 9.065498
5.845882 7.780093
7.333450 14.204250
9.305601 11.315230
5.959742 9.090636
5.663465 8.452584
6.257083 6.921676
6.199284 6.348885
6.072162 6.079256
5.446358 7.300458
4.567174 8.151943
6.206225 7.932880
5.848429 6.794172
5.833035 5.832847
8.486238 4.711704
9.671261 3.887184
9.445736 5.097331
8.361490 4.895494
6.271110 4.878886
5.586020 3.399143
8.714491 3.665490
8.042633 5.032115
9.534237 4.358599
8.627442 4.489828
5.897842 4.013136
5.793072 7.644841
5.828855 6.084221
3.706555 10.896226
7.958207 11.055930
7.901174 10.782608
12.172176 12.305672
11.745397 11.084716
12.618035 11.585564
9.143368 12.401746
7.186857 11.084853
8.835665 10.741695
10.577502 11.651118
9.044540 4.646285
6.173216 3.794545
7.264627 4.005321
8.404459 5.055223
5.928252 0.086972
6.756857 1.449040
6.331756 2.145867
6.630403 5.206188
5.703500 5.602407
6.888808 5.367229
11.947041 8.823566
4.528131 7.657213
2.372396 8.363212
4.162847 8.733279
6.449563 6.332301
5.991806 4.263062
5.252278 7.323411
4.505077 4.666955
8.923140 5.357619
9.815445 4.751995
7.921848 4.597232
6.546352 1.629352
8.678324 2.274550
8.856085 2.170712
7.507426 3.549332
9.707678 3.527012
10.537010 3.736926
9.632372 4.099829
15.979020 10.953032
14.296032 9.351009
8.479046 2.756893
9.639523 4.460612
9.823696 4.565587
8.138954 5.492370
8.433145 4.002396
7.704147 1.301203
6.282738 1.027505
6.443782 1.277336
7.500362 2.158207
5.277959 1.088897
5.363316 1.968123
4.838418 1.893838
8.031881 2.395860
7.113146 3.666013
8.219954 1.290439
7.614253 2.646492
8.865484 4.605138
9.242097 4.584672
8.748800 3.219481
8.248238 5.223187
6.362204 3.913488
3.592326 3.509863
5.046177 5.985716
7.534013 2.888685
8.525139 3.544006
8.234152 4.388716
3.778404 5.583974
4.813194 3.826516
5.408257 2.229740
-8.494999 -6.221725
