-7.096276 -4.268925
-6.671115 -1.013157
-6.971596 0.245098
-3.294977 0.910951
-4.060555 0.731396
-1.965040 -0.127031
-2.973075 0.588005
-3.155767 3.591802
-1.492184 4.172970
-1.231350 3.792904
-2.167891 4.322893
-0.894833 2.672170
-0.232096 2.656003
-2.337426 2.985520
-2.134109 2.743968
-2.805502 3.622343
-2.849450 3.050903
-1.489042 2.486041
-2.323997 1.790291
-2.486242 -0.973670
-3.021098 -0.158078
-2.749681 3.180976
-2.465908 3.625285
-2.213339 4.094485
-1.654969 6.149992
-5.349420 8.204377
-4.106562 7.838780
-6.360631 6.264179
-9.283236 6.793956
-10.861970 5.317548
-8.235247 5.608868
-9.402559 3.735821
-8.623691 4.668155
-8.780500 2.313199
-8.231999 2.854413
-8.677955 6.323956
-7.082949 6.018165
-5.302145 6.118416
-5.270909 6.377084
-3.487318 6.797137
-1.342087 3.849485
-2.804628 3.882092
-1.543426 2.707364
-2.851484 1.930684
-2.371594 5.638893
-3.613815 7.291738
-3.548656 6.886070
-5.875638 7.787147
-7.276217 6.865901
-5.197995 8.144152
-6.716123 7.258541
-8.043673 6.544847
-6.940671 6.034048
-7.422907 6.066274
-5.284149 6.016510
-4.899165 7.554976
-1.643221 5.665499
-2.661052 5.882488
-1.251671 6.683590
-3.527150 5.996754
-6.890940 7.785389
-7.818393 6.282657
-6.314970 6.376843
-8.095851 6.598759
-9.576037 9.894047
-5.983824 6.797898
-6.099565 6.532590
-5.556592 6.415233
-7.827548 6.783367
-7.735883 7.688211
-7.541667 6.408662
-5.906866 6.911398
-3.890797 7.756298
-5.564182 7.656406
-3.417936 7.464430
-1.421990 3.417356
-2.087304 1.467735
-2.802164 2.478016
-2.404471 2.746359
-1.028424 2.393560
-1.437013 2.700997
-0.777060 3.539651
-1.734677 3.314065
-0.702442 3.216136
-2.965349 3.477847
-2.127910 2.119676
-2.692393 2.527658
-1.453812 -0.151047
-2.245393 0.226777
-3.466734 0.637998
-6.937096 0.904482
-5.020324 -0.790218
-1.668267 0.583306
-3.168570 2.019793
-2.061535 0.723180
-3.179612 0.309840
-4.802307 -0.149921
-5.445126 0.405869
-3.653512 0.896163
-3.999133 0.783036
-2.930907 0.120138
-3.182177 1.102980
-2.760823 1.216468
-1.368579 3.409021
-1.259071 3.763210
-3.262582 7.142395
-5.735755 6.903068
-4.233074 6.466145
-4.530356 6.600876
-7.118495 6.128458
-6.458656 6.704926
-5.666664 7.907490
-2.562962 5.518675
-1.787783 4.204933
-2.764947 -1.621519
-4.129642 -1.081903
-4.527243 -0.449266
-5.198509 0.083419
-7.555299 -0.043131
-8.444513 -0.620140
-5.511632 -0.837610
-6.061112 -1.157054
-4.519965 -1.096968
-5.711464 -0.872647
-6.138341 0.595541
-10.095672 0.169664
-10.885405 2.984887
-8.684394 3.733880
-8.781022 4.678729
-9.936555 6.604692
-9.164855 5.890755
-10.515843 9.490373
-11.432933 7.790493
-7.402266 6.424469
-4.528951 6.323977
-3.767173 6.005363
-2.833041 7.390232
-0.712913 3.876376
-2.228667 5.324924
-1.263808 4.518139
-2.823758 3.502508
-2.836546 3.874789
-2.151557 4.370530
-2.805992 5.701418
-2.826793 4.828779
-2.028419 5.268377
-3.105131 6.707599
-4.302238 8.362291
-6.276752 6.551381
-5.900551 5.952629
-6.052133 6.594653
-2.333991 6.330745
-5.689500 8.479341
-6.207493 6.948488
-8.698886 8.222350
-9.761207 17.366886
