6.615794 0.398659
6.429452 0.164400
6.848746 1.778934
7.215494 1.368955
8.985043 5.537177
9.330496 5.368284
6.090065 5.549409
7.497652 5.259851
3.985140 5.370262
6.534677 6.460877
6.126458 8.703430
5.601225 6.953875
7.406639 3.731820
12.052212 3.429767
8.292067 3.634987
8.484669 5.529250
8.867945 4.882287
6.918568 4.696589
5.916606 4.204468
6.342827 7.556732
4.994830 9.467559
6.717819 5.180253
9.829984 5.529445
8.515636 5.282950
6.355142 5.153024
6.242570 8.915157
5.441826 13.070943
9.831850 12.118035
10.125149 12.352797
10.119697 10.939480
9.748322 11.425700
8.496508 13.635741
7.500046 11.971467
4.884422 12.625716
5.836077 4.774883
9.295303 5.378609
9.602828 4.700542
9.712895 5.597081
8.712297 4.233070
5.569459 5.827877
5.320799 7.140592
5.657466 5.939551
7.306262 3.944064
4.710511 3.798753
5.954764 5.940951
3.225532 5.771183
4.119322 6.444367
5.631130 9.375082
6.255703 13.744797
7.017016 11.185834
4.409626 10.564562
6.627607 4.073061
6.754728 5.641532
5.791097 5.213291
5.587717 6.282986
3.037219 5.492507
4.583243 5.988593
5.175914 7.323712
6.411120 3.883423
4.821043 5.079828
8.472452 4.240184
7.329332 4.704727
8.107453 5.179889
8.894699 4.511898
6.912106 3.760463
5.425495 4.228275
7.500117 3.750590
8.478103 2.301277
6.516315 -1.619141
7.322234 -2.612018
11.475669 3.613342
14.758662 9.693354
12.210581 11.162989
9.617029 11.628834
10.454382 11.126738
10.341380 13.340620
10.339796 11.261809
8.782854 12.523170
9.211239 11.789501
7.171179 13.047473
11.710900 12.710978
13.839725 12.192140
11.765959 9.209099
11.245991 13.311094
9.128183 10.913069
6.613330 11.027461
6.930555 10.979711
3.811186 12.331722
4.743783 8.648719
4.992677 9.154054
4.565742 7.068685
5.846552 11.898731
8.356853 10.912027
7.299096 2.223026
5.733000 3.734625
8.312296 4.356562
8.014637 5.465776
6.860902 4.998481
4.007298 3.182999
5.899135 3.938500
6.364236 9.784754
5.684782 7.060304
5.706973 6.792012
4.928199 8.569587
3.988465 5.820154
6.085382 8.489141
6.348776 8.534257
6.274479 4.611135
10.153871 3.424895
9.660246 3.718816
8.888543 5.074466
5.145777 2.893604
5.714747 6.288621
8.343596 3.762068
8.650286 5.587842
8.820843 2.650136
8.390440 1.332542
8.618735 2.272284
8.695391 3.949556
8.247664 2.652542
5.509945 3.934843
6.183743 7.810853
6.465144 6.580580
6.195528 8.846271
8.379068 10.838731
6.645367 10.710759
8.357203 4.089635
7.771993 5.515712
8.730185 11.227564
7.981536 11.921535
9.610356 11.359269
5.880431 9.173668
6.184459 10.353145
12.679749 8.863524
16.365999 8.056811
14.125154 3.159722
8.340355 4.457431
5.350224 6.180406
7.959085 3.541528
8.803972 5.565261
7.793014 5.655408
8.598797 3.873427
7.885997 3.006740
11.665749 3.664155
9.056938 3.948051
13.287809 10.143608
15.598973 6.106027
12.799623 11.666788
10.607784 3.686362
14.713127 3.566850
16.294621 3.885230
15.300718 4.675458
17.898468 4.017140
15.698878 8.685870
12.557350 9.757770
18.455542 13.262754
