-14.480785 -3.330754
-10.514300 -1.251395
-10.977837 2.176099
-11.183629 0.095873
-9.804068 -0.825173
-11.491320 -5.389803
-7.147461 -6.558341
-8.672463 -4.712647
-12.548799 -3.683066
-10.530340 -2.432821
-11.906982 -3.487639
-8.194559 -5.961575
-7.955526 -4.193487
-11.175217 -7.849995
-8.866208 -8.659717
-9.521629 -6.698533
-10.214024 -0.713673
-10.059784 1.913762
-8.047525 1.295389
-1.120604 6.035667
0.164661 8.152151
-0.150148 13.323433
-1.183325 12.162144
1.075215 10.604633
1.257555 9.826411
-1.960698 12.169236
3.671380 9.318361
2.171728 10.174625
1.694482 9.286781
3.309531 11.010640
3.465012 10.066991
-0.542757 9.439608
1.347053 10.117822
2.156447 9.911716
3.695309 10.559301
6.342805 7.901190
5.336075 12.663149
7.770839 6.655911
3.117489 10.505787
3.555818 10.199521
-1.031538 11.288280
-3.944179 9.362965
4.597354 10.552670
-0.904213 8.133067
-0.091675 13.621674
-2.827998 12.635243
-1.009351 11.013125
-1.467948 12.659197
-3.093605 11.773602
-1.233952 9.937179
3.456518 9.100074
4.580577 9.720499
5.133648 7.268182
5.649749 10.655258
6.090414 8.833517
1.269454 10.189446
2.396335 11.259678
0.251549 9.739593
-0.204969 13.857218
7.870682 19.449297
6.886913 14.507368
3.818641 16.929308
2.787079 16.394629
1.935417 16.961367
2.451242 17.976557
