-4.831652 -9.671154
-7.684310 -5.843170
-7.827666 -4.311006
-11.527837 -3.938248
-10.147820 -0.787761
-10.499089 -0.297739
-9.690924 0.841660
-10.520026 1.457890
-11.643855 2.097856
-8.599160 1.167565
-6.047410 5.162135
-5.497256 4.739905
-4.703541 2.538160
-11.162886 2.857476
-17.486217 4.514381
-13.598077 3.952591
-13.457123 5.253385
-14.109826 9.298158
-7.500517 9.227241
-10.519745 10.909978
-9.573024 9.762136
-14.533843 10.400382
-16.008841 10.708197
-14.045288 7.478446
-13.532566 7.166025
-15.771878 4.778289
-19.201136 10.850698
