11.861370 -12.276018
9.144873 -7.937675
8.703753 -4.991635
4.646836 8.980084
2.660461 9.217299
0.865521 8.949699
-1.969722 9.501401
-1.019901 10.505288
-0.016510 13.312865
-2.573668 9.984839
-2.771430 9.917977
-1.584531 13.086172
1.965404 7.810079
7.018165 9.744189
5.213530 9.286389
3.175860 10.096347
2.882181 9.208040
0.376054 10.897553
0.607689 11.194258
-2.965209 11.731702
-2.408651 13.151776
-5.147281 12.340484
0.010330 9.139952
-0.771459 12.108500
3.801567 8.326309
10.893809 17.257631
6.844347 16.909781
0.903779 16.579687
