13.750607 9.894731
11.130348 8.996970
-7.916927 6.928843
-7.268178 8.945216
-7.302473 5.324641
-6.623705 6.532066
-8.319759 9.206580
-12.952479 14.267482
-8.889968 10.801912
-13.076101 10.949771
-15.221042 11.452003
-10.134152 9.553916
-7.156683 9.992183
-7.186999 5.510433
-5.700511 3.560825
-9.985468 2.967160
-11.282917 -0.556399
-9.901141 -1.522049
-9.908558 1.538055
-11.045878 -0.034609
-9.266022 1.783913
-7.865232 3.510881
-7.472825 5.159090
-6.834507 4.444470
-3.242025 0.488603
-6.597517 2.979595
-7.566367 6.049000
-7.884362 5.901468
-5.566550 9.722394
-7.372258 4.020564
-7.904240 8.285479
-7.554927 9.805394
-11.558372 9.143268
-13.233873 15.180984
-16.944004 13.379544
-14.124352 5.670033
-11.331589 -2.513308
-8.915520 3.360643
-7.367580 2.580158
-8.512585 2.238979
-15.143566 2.938367
-15.974625 4.122931
-13.369682 7.529517
-14.205625 3.755941
