18.012388 17.874405
11.020176 10.598255
13.308990 9.004008
12.290040 9.075459
12.139800 9.466571
11.477251 9.260310
13.403227 11.783679
10.118830 1.725372
9.503203 6.030042
9.159829 6.134505
9.446777 5.516039
8.455103 6.137338
8.055435 4.635915
9.067986 7.216583
9.345165 4.855053
4.882916 3.274573
9.389191 7.283612
8.432457 4.398712
8.435282 5.193055
8.042513 3.685440
9.878889 2.346298
10.314981 3.090060
12.462517 2.606457
19.550838 4.033026
14.976849 -0.037118
13.836782 3.087350
12.109622 2.278131
12.890816 3.198739
11.989444 2.862138
11.578965 0.959345
11.292830 -1.298964
10.548596 2.225479
11.890757 2.505857
13.336868 1.798444
14.358356 1.117748
16.514858 7.251608
8.339045 3.368069
8.978106 3.368478
8.841839 3.110647
10.429804 3.182365
8.212311 4.836980
8.700107 2.303535
9.749953 -0.385980
10.541887 3.289821
11.969717 3.000663
11.968474 2.401593
10.496684 3.547928
9.394887 6.547180
9.694495 4.319989
9.127041 5.650500
7.836433 4.148867
10.529797 2.273701
11.042055 2.005053
13.907790 2.263476
15.473639 0.369502
11.534609 2.909682
11.192951 3.705702
10.602901 0.815192
13.058566 3.245303
12.937890 2.768599
17.856382 2.333492
16.512253 7.934967
13.109883 9.841432
12.845762 9.701398
11.191092 9.621112
12.414579 11.425689
11.415638 9.244651
8.958830 10.380557
8.832750 3.702849
6.907430 6.149516
9.010253 5.175751
8.618917 4.175550
7.758042 5.204821
7.250963 3.718810
8.929750 8.325547
9.520222 4.569031
9.455378 3.977560
10.184314 2.721904
10.915718 3.581309
13.947952 2.748237
19.753609 5.062295
15.852037 4.606324
15.559528 5.945484
14.575848 10.406242
11.045420 9.495549
7.494476 8.694905
8.030437 4.341960
10.389551 2.299115
12.395215 3.427993
12.972441 3.269483
11.262055 0.698939
8.679411 5.009225
8.719041 4.077982
7.733091 3.791247
13.103706 1.026479
12.502695 0.942799
10.393225 2.005253
10.331703 2.056024
9.369090 4.422022
10.491044 2.473029
9.273602 2.787114
11.779860 -0.208562
17.355808 8.205335
15.054013 10.104797
12.173666 10.520879
9.577579 8.148807
15.759123 7.546197
9.460348 5.959011
7.755573 2.523361
7.606029 0.174591
14.316450 3.739703
9.565763 4.057691
9.461752 7.100872
8.091968 8.695022
7.118997 8.221240
8.018745 6.659075
9.053420 1.038335
11.456577 3.654664
6.760309 1.187553
7.392563 3.796345
7.985419 4.918623
9.691226 7.324492
8.435926 3.880189
8.774101 7.266805
9.745358 6.925357
9.097651 6.257103
4.697928 2.362319
9.704508 4.024834
9.067191 5.077221
9.440958 5.067521
8.820389 2.662133
9.611263 4.203351
9.834318 8.184511
9.032053 4.372873
9.112488 5.636621
8.887002 5.488124
9.436734 2.344420
11.698052 3.073680
11.305511 3.285944
8.726143 3.505681
8.575786 5.026506
8.716473 6.209360
9.290234 6.501355
8.597614 4.593719
10.265014 0.808655
16.304808 3.552211
16.736059 1.439404
12.081889 2.305989
6.581963 1.144955
8.690932 4.906186
8.962577 5.559076
9.159152 5.174213
9.766141 4.964316
8.349661 2.893156
9.046021 -1.910104
4.090251 -6.610400
2.661185 -7.948452
1.225365 -13.339269
0.501463 -19.458168
