14.596290 -0.620646
7.185190 -1.867967
7.637692 0.920124
6.409776 3.099249
4.047547 1.355357
2.212224 1.994317
3.608613 1.929167
1.066540 2.670926
-0.115198 -1.185028
1.064383 -0.869855
1.762665 -1.771444
1.399455 -0.706766
-0.256949 -3.578195
1.429880 -0.284149
0.886881 0.672722
1.028767 0.576015
0.818815 0.348828
0.236244 2.474822
-0.414440 0.350740
-3.755071 0.210048
-4.174728 -4.190954
-6.854222 -5.099749
-7.805471 -6.998377
-7.590888 -7.100560
-10.091020 -10.054337
-10.236961 -12.799726
-10.364908 -13.963273
-10.836496 -11.367867
-17.695187 -10.110448
-17.161070 -19.187801
