0.003138 -19.944229
-3.642952 -13.554583
-0.683562 -7.956871
0.621027 -3.707648
-0.833670 -2.713066
0.013564 -2.619187
1.517744 -2.056193
1.353366 -0.203398
1.017212 0.008366
1.125680 1.657524
2.796618 2.553969
3.714795 1.360412
2.909835 1.406418
4.493437 1.713732
4.730184 1.317568
2.976922 2.233512
2.552608 1.196331
3.001120 1.350293
4.061031 1.214384
2.542584 2.355486
2.567122 1.971040
2.728704 1.610635
5.638401 1.713388
2.706416 1.571263
2.184517 1.178714
1.845133 1.399369
1.290832 2.897620
1.676656 0.715594
2.031620 2.092841
1.475483 0.084114
0.438730 0.927961
1.484185 -0.976764
1.724862 -1.238990
1.538446 -0.208254
0.908566 1.599041
2.392192 1.813973
3.677534 1.742690
3.987762 1.484432
4.553504 1.148868
3.679309 1.169840
5.256470 1.077636
4.593031 1.447137
4.956312 1.379179
4.225349 2.191612
2.865264 1.090176
4.043456 2.393700
3.146537 1.597852
5.592953 2.747548
6.337284 2.443124
6.714577 6.568853
