-10.706964 1.897589
-8.501212 1.461138
-3.881701 1.652587
-4.437653 -2.707203
-4.417074 -1.568310
-2.889436 -1.262489
-4.505768 -3.493673
-4.329183 -4.252476
-6.688872 -4.394580
-6.789054 -7.267227
-7.804148 -7.731703
-10.308965 -6.163854
-10.788157 -1.515577
-10.604904 -0.654889
-13.163086 -1.879450
-12.635570 -0.963501
-10.984154 1.763820
-9.964304 -1.495662
-10.633090 0.872284
-10.210751 -0.792784
-10.256760 -0.915771
-9.617887 -3.271923
-10.572329 -7.147412
-9.323717 -4.645633
-6.757668 -5.602411
-9.157738 -4.008290
-8.504782 -4.052808
-10.174019 -6.382125
-12.636679 -1.292901
-10.239199 1.345180
-11.213358 1.314159
-10.593790 -4.014233
-10.143934 -1.213696
-9.837873 -2.999669
-11.722651 -2.814491
-11.625126 -1.663629
-9.547700 1.468890
-7.765413 1.640714
-9.164941 2.801771
-8.874937 3.429311
-8.060221 1.243770
-9.296688 2.114065
-11.253645 -0.397710
-9.878271 -0.256446
-10.084344 -0.148925
-9.722916 -0.969089
-11.331377 -0.156749
-11.248177 -2.434781
-12.804730 -3.676669
-8.324070 -4.517580
-6.369010 -4.251622
-7.407163 -4.471255
-6.687518 -6.182611
-5.803011 -3.966600
-5.277983 -4.088810
-2.949749 -3.649544
-2.868541 -3.324505
-3.679964 0.465401
-5.471159 2.972078
-7.601683 2.976692
-8.212678 1.326292
-7.734503 1.376517
-6.319323 2.104273
-8.627848 1.587976
-5.032854 2.082604
-8.176314 1.459303
-10.423570 2.189203
-11.368780 1.028885
-10.445855 3.409689
-9.588831 3.306459
-10.019302 2.315280
-10.262114 1.329752
-10.417681 0.280369
-9.497885 2.626470
-7.924353 2.237141
-5.275451 6.205171
-4.011433 7.963281
-8.516084 10.864809
-6.693889 9.449172
-6.221277 6.968454
-7.119343 7.203790
-5.031352 3.168653
-8.575735 2.506514
-5.567785 3.245634
-7.923564 7.746144
-5.718419 10.567306
-4.613952 6.091828
-5.423938 6.372291
-7.705943 7.292944
-5.886983 3.583939
-10.235015 3.319812
-12.255781 3.300126
-10.148127 2.800095
-6.811100 5.722906
-6.470269 2.837187
-12.637270 8.871543
-15.714642 7.889320
-9.998593 10.169226
-7.266121 8.054656
-9.030499 9.794381
-9.615630 9.074143
-11.168691 10.435383
-11.431903 8.742562
-10.144783 9.500101
-5.510081 9.508322
-6.447433 5.798522
-4.514930 4.487856
-5.405129 4.323128
-8.438306 3.136746
-8.333582 1.579808
-5.659680 5.644700
-7.229736 6.490499
-6.572285 6.003175
-7.558908 6.216592
-7.388402 7.918751
-7.559375 6.308094
-6.832664 5.296028
-6.246712 2.474469
-6.558866 3.313985
-8.087352 2.869154
-9.927925 8.613008
-7.452342 6.107651
-8.306550 2.397991
-6.814628 2.692810
-11.283454 2.488158
-16.281145 0.185554
-13.397708 6.979279
-12.846413 -0.459015
-9.487365 1.768308
-5.205691 3.521427
-7.180031 5.223512
-7.794391 6.757368
-5.609129 8.934104
-9.784275 10.137576
-8.895211 10.045633
-10.753564 8.707547
-5.332500 8.375321
-4.985876 7.421133
-7.690568 8.433875
-7.780154 6.383273
-6.634410 6.173508
-6.088705 8.052781
-5.217442 3.198670
-10.542650 3.062247
-7.374065 3.443439
-7.152137 5.164538
-7.765972 6.208895
-7.123429 8.133428
-4.479024 0.761760
1.365545 -16.005175
