-14.598840 13.745469
-9.796656 10.018207
-7.661937 8.708240
-6.722562 5.869471
-6.446077 6.966995
-6.801451 6.499098
-7.532167 6.098419
-6.446496 5.602555
-6.988281 6.732453
-7.442632 7.190703
-7.830403 8.804188
-10.836423 10.949807
-10.946787 10.040066
-6.710188 8.191783
-6.059193 5.669766
-7.318799 5.350041
-7.551435 3.065510
-9.671679 2.620952
-6.753774 1.261133
-7.768214 5.629960
-7.549083 6.178727
-7.945624 9.430495
-6.192780 6.554354
-5.960635 6.828872
-7.402187 6.768040
-7.126244 10.079818
-9.476425 8.550641
-6.705313 5.286515
-6.946092 5.061212
-8.976694 3.465231
-9.263565 3.239258
-10.341680 3.184315
-11.764137 3.422062
-8.744814 2.344549
-13.755108 3.594826
-15.571783 5.502583
-14.546630 6.520548
-12.287023 2.193188
-11.501621 0.653297
-8.967447 3.239048
-7.800272 3.529377
-8.575330 2.032790
-6.947974 5.122359
-7.946596 6.831540
-7.426250 8.700440
-8.352422 9.474511
-10.433199 9.672872
-7.543303 8.406922
-7.115357 8.074539
-6.238903 10.300408
-10.650068 10.418807
-9.182215 8.617482
-8.868552 10.118661
-7.218422 10.433543
-9.730687 9.086661
-13.061206 8.540212
-13.658684 5.129352
-13.730509 2.578759
-13.423393 3.910134
-13.229208 -3.457956
-11.857924 2.745936
-8.647719 1.594078
-7.818871 2.367571
-4.966739 1.452757
-6.122357 3.492190
-6.676740 4.813435
-6.767460 4.704581
-5.401937 3.444984
-6.430775 2.424233
-4.100303 2.344678
-4.350222 0.073735
-3.582477 -2.276501
-2.414175 -2.792252
-4.302938 -7.116196
-5.137066 -3.893497
-8.550291 -6.586424
-7.612090 -5.937021
-6.207472 -5.350649
-5.154416 -4.464387
-6.048978 -7.864940
-6.963919 -7.474486
-6.898585 -3.940493
-6.755158 -5.276741
-7.213132 -5.290370
-9.738922 -3.905426
-9.683445 -3.234901
-8.932426 2.923319
-8.357130 2.697195
-4.410968 2.391090
-5.846217 4.011786
-8.589207 1.444478
-6.777617 2.740604
-8.297893 2.932648
-7.884951 2.191237
-5.513474 1.612325
-7.323848 2.610065
-8.386542 3.021633
-6.046966 1.613474
-6.118901 1.990695
-6.551867 1.608372
-5.703794 3.332233
-2.293377 2.042381
-4.403235 0.141229
-3.704457 -0.569009
-3.655400 -1.188898
-3.050939 -0.201011
-2.971508 0.056715
-3.798752 -0.360290
-3.484767 1.279371
-7.262140 3.077253
-8.299575 1.346856
-5.362867 1.383772
-7.375681 1.401891
-11.785748 0.861769
-8.824902 1.869511
-10.793085 -1.798242
-9.942719 -2.479978
-10.163069 -2.449238
-10.469015 -8.173912
-5.853624 -4.032617
-6.130493 -6.275524
-7.966988 -5.107975
-8.188228 -5.766818
-6.539289 -4.242130
-7.163975 -5.033825
-7.112979 -5.088585
-7.143372 -7.011413
-6.986480 -5.218370
-7.771250 -7.349762
-6.531395 -7.747946
-7.899354 -6.140395
-8.382408 -5.663966
-5.932016 -4.593490
-5.699845 -4.432400
-5.748318 -4.537289
-4.899122 -6.908226
-4.044446 -3.602035
-2.684599 -2.874260
-4.736994 -5.245137
-5.150143 -4.993328
-8.285150 -4.426541
-9.919725 -3.805568
-10.589891 -2.333680
-10.264308 0.351681
-10.060347 1.458131
-10.848484 -4.158783
-7.944327 -4.736607
-7.182301 -7.014177
-6.400422 -4.930861
-4.457077 -5.026273
-4.516206 -3.527071
-3.392527 -4.970589
-5.827559 -3.921613
-4.678298 -7.249115
-5.189088 -6.540749
-6.798713 -4.233515
-8.107184 -5.931390
-8.112799 -6.662195
-7.199554 -5.586978
