-17.326426 -15.759669
-17.810005 -5.409269
-10.959048 -12.048589
-11.739328 -10.960364
-9.444363 -9.682595
-8.497585 -15.736931
-11.283998 -11.027261
-15.030941 -11.483811
-16.194519 -12.243707
-11.759544 -11.009086
-15.363761 -11.511328
-12.228870 -11.462014
-11.695448 -8.209775
-8.339249 -7.343775
-14.542344 -10.082541
-19.790199 -14.919082
-15.468287 -19.265825
-14.932360 -18.840260
-18.092064 -18.755619
-17.400585 -17.066555
-19.025578 -17.526951
-15.482033 -18.287516
-9.113022 -18.873596
-8.969007 -17.991545
-10.125465 -15.313061
-10.061480 -10.037374
-9.498627 -16.195288
6.717444 -4.125044
