-12.570594 -11.424627
-11.624466 -11.802986
-15.779711 -12.136366
-16.833309 -7.678054
-12.693848 -7.392218
-10.039329 -7.804492
-11.307939 -17.471584
-11.024021 -13.388597
-11.937381 -9.099076
-7.545658 -9.362323
-9.782867 -9.839552
-13.522160 -9.323963
-18.897505 -14.466509
-16.745850 -17.687901
-10.813902 -14.962346
-7.244232 -11.488664
-8.650631 -10.385024
-11.907356 -10.204203
-10.586050 -14.772690
-9.052552 -13.577229
-6.121297 -7.492916
-9.242993 -11.406240
-11.461565 -12.871184
-8.753761 -10.296092
-12.931679 -10.409488
-8.844698 -6.825746
-12.011656 -10.013498
-16.270153 -12.228007
-14.746349 -7.737374
-9.011205 -9.270567
-10.209719 -10.379823
-10.465376 -16.381956
-6.399254 -15.121434
-9.752916 -12.588670
-13.176195 -11.382860
-17.213379 -11.473012
-11.006374 -11.013670
-18.332184 -12.626416
-18.322819 -12.638375
-19.294743 -12.862798
-12.205231 -6.814609
-11.032661 -9.804210
-10.122038 -10.380690
-9.123499 -14.345746
-10.681232 -7.345563
-9.239978 -8.902949
-10.139967 -12.504783
-9.605064 -14.584823
-9.301041 -15.446204
-11.150740 -19.499603
-13.808105 -17.963835
-7.627133 -10.722546
-14.790497 -12.142388
-16.852200 -11.386212
-17.592024 -12.685969
-17.341427 -8.370345
-13.415754 -11.856773
-11.889711 -11.918953
-13.448195 -11.857012
-8.546076 -10.620701
-8.985630 -14.044587
-9.980051 -10.898103
-11.630885 -9.365543
-9.687502 -10.118812
-8.911223 -4.042666
-7.340991 -9.691415
-11.117464 -12.636276
-10.302159 -16.176838
-18.452801 -17.540079
-18.247059 -16.208223
-17.620039 -13.513134
-12.201183 -11.777408
-15.776657 -11.839887
-10.049898 -15.291794
-8.650112 -12.316070
-15.823837 -10.874228
-15.371618 -11.441728
-12.504368 -10.871327
-11.897502 -10.918166
-12.512165 -12.178647
-10.835724 -11.216824
-10.378238 -12.719014
-9.810049 -16.051832
-7.651055 -10.994046
-14.131693 -11.266149
-14.683619 -8.690776
-16.194944 -8.329224
-13.532351 -11.748044
-13.825815 -8.534886
-11.290322 -6.202861
-15.043219 -5.653884
-12.962390 -11.378278
-18.487995 -11.777099
-17.285583 -15.168812
-16.910740 -16.101368
