-2.074782 0.700802
-0.134574 -1.029303
1.942455 -5.067997
2.687861 -3.970596
0.824325 -1.600052
1.599268 -0.707854
1.779418 1.211871
2.586223 2.033805
0.993644 1.143108
7.470180 1.468012
7.161166 0.919571
5.965863 1.527870
2.429230 1.373274
7.208649 2.027946
7.975338 1.994088
6.837681 1.544339
5.766836 1.882524
3.916640 1.657841
3.291991 2.400064
2.096184 1.282743
1.114707 0.679440
1.133873 -1.511590
1.103635 0.400988
1.437374 -0.406932
0.372351 0.507066
0.024334 -0.375442
1.064456 -3.085702
-0.613796 -6.197300
0.214340 -1.628091
-0.264610 -0.729484
-0.320272 -1.275200
0.425751 -0.033181
1.163692 -0.109592
0.570854 -1.832225
1.741624 -1.234942
1.660642 -1.440139
1.596999 -2.091153
0.887837 -0.081409
1.682397 0.557554
1.674648 0.454731
1.510009 0.592687
3.391315 2.384634
2.304653 1.821218
3.535134 1.855457
3.397746 2.545627
3.134302 1.335747
4.914747 1.330207
2.873963 2.882772
5.386677 1.114948
5.550967 2.386510
4.820243 2.726720
5.228775 1.603518
6.087480 3.122400
7.169299 0.954664
9.144687 -0.587539
7.654641 2.600380
2.069326 2.135239
4.007757 1.803801
6.084637 1.256347
3.156876 1.433768
3.998363 1.800733
6.763940 1.705373
3.667706 1.940114
6.065988 1.645432
5.260156 1.715278
8.247824 0.772836
7.156028 -1.866059
9.828198 -2.233274
9.313128 -1.369346
9.833488 -3.287361
6.922374 -2.099518
7.731216 0.274034
8.981360 0.849106
10.596604 -0.256501
14.109191 -0.297576
