-12.080236 0.341356
-9.918896 3.137311
-9.689603 3.453250
-8.505593 1.542631
-8.383375 2.152009
-8.880642 2.540243
-8.028511 0.494902
-5.910537 0.856390
-7.160527 -0.824313
-5.919595 -0.818447
-5.309995 -0.680295
-5.492796 -0.633394
-5.046690 -0.486966
-5.234273 0.777841
-2.714242 0.637502
-2.570614 1.845549
-2.573738 2.019080
-2.875432 3.558895
-2.972264 3.743818
-2.887521 6.158908
-5.271380 7.564523
-5.413305 7.876078
-6.998671 6.315042
-4.418948 6.710194
-2.661512 7.120850
-2.747955 3.920480
-2.670007 6.593730
-4.504563 6.687689
-2.855210 7.463886
-4.481563 6.120875
-7.161426 8.269197
-6.810398 6.124856
-8.569788 1.960121
-9.296771 -0.014457
-7.264733 0.706942
-5.021999 0.304140
-4.050650 0.660626
-3.462013 0.742289
-2.555734 1.103195
-3.036287 1.770857
-3.121760 -0.631325
-2.879727 -0.319401
-4.624089 -0.255119
-5.235885 0.630714
-6.953001 -0.641712
-9.822884 1.634042
-11.041956 0.878195
-9.498981 1.031047
-8.919271 3.064005
-9.157537 3.454609
-9.537241 2.167850
-7.716609 -1.754534
-4.148741 0.690130
-2.610088 1.381098
-2.342062 1.054555
-3.670404 0.755517
-2.336407 2.116273
-4.389366 0.845061
-7.166416 0.308674
-7.666924 0.334865
-8.208906 9.027121
-15.897818 5.724721
-11.973022 10.099544
-8.940337 9.015488
-13.105243 9.022425
-15.121716 6.726048
-15.698461 7.892699
-4.574823 6.128843
-4.831067 6.670914
-6.485027 6.203064
-6.929327 7.477288
-6.264031 6.338770
-7.465089 8.193364
-9.685232 10.708192
-7.409034 8.445656
-10.520186 9.763250
-14.726332 8.837967
-8.800717 9.693452
-17.758751 8.898549
-13.310344 8.933457
-13.724661 6.641069
-13.143078 8.712411
-14.554047 6.669188
-9.329201 3.486620
-5.854612 7.062423
-6.545838 6.057348
-6.760303 6.563921
-6.878002 6.964677
-5.726363 7.551149
-10.567854 10.183008
-11.695872 8.729936
-16.751066 4.643071
-13.649399 5.820237
-14.003408 7.681821
-15.583990 5.718543
-14.781272 3.634575
-16.477385 5.070248
-10.981312 1.642802
-9.835564 2.266751
-7.059403 -0.649437
-5.031367 0.512316
-5.790547 0.464311
-5.817856 -1.286218
-7.017004 0.460093
-5.920015 0.909574
-8.875166 -0.303075
-7.484373 0.425339
-7.582810 0.317859
-9.470572 1.402931
-5.486423 -1.525552
-10.445927 -2.718707
-8.534922 1.166975
-8.598680 2.346108
-8.427629 1.931890
-8.809541 -0.700204
-8.444286 1.062678
-8.239993 3.287184
-8.740399 1.359279
-10.332626 1.261985
-12.131658 -2.563136
-14.590759 5.513334
-14.037646 6.695523
-16.101273 3.536177
-12.294476 2.197839
-9.810712 2.640510
-9.196450 0.482536
-7.230312 0.104816
-10.730942 0.444454
-7.518757 0.911950
-7.775237 -1.334388
-6.340919 -0.924164
-4.713391 0.835491
-2.005753 1.388620
-1.741458 3.011991
-2.422187 3.115964
-2.369947 3.366727
-2.492937 4.805814
-2.697239 5.847632
-4.761558 7.259363
-2.426575 6.677484
-4.429425 6.772347
-3.436209 5.957462
-5.166766 7.350687
-7.138036 7.960088
-3.796048 7.660642
-4.734727 7.457930
-4.365576 6.919883
-6.752763 7.853055
-4.767738 7.147825
-6.286210 7.218446
-7.656459 7.777153
-7.999469 8.839911
-7.822446 8.402837
-5.746606 6.177655
-7.745481 7.683965
-4.081738 8.262182
-4.472344 7.519097
-2.568324 6.355227
-3.769186 6.726256
-9.458216 9.225815
-9.932140 10.032927
-11.760242 15.151296
