5.343755 -4.086721
3.334619 -7.989129
2.228335 -7.553930
3.341959 -7.336114
2.908198 -8.200978
4.201887 -4.770044
6.869198 -7.111622
6.028039 -7.187072
1.119086 -5.587879
2.095315 -6.461838
1.999014 -9.162101
-0.050213 -9.702897
2.066229 -9.167228
0.055716 -8.264276
2.390897 -10.838523
0.816110 -9.539786
0.813214 -10.172035
1.422777 -10.638276
1.085337 -9.126069
0.049095 -8.992219
3.900886 -6.950477
5.772331 -7.796263
5.870929 -7.012022
6.252824 -7.612100
4.527227 -6.633908
3.738895 -7.949045
2.572194 -10.883353
1.083380 -9.282906
1.395567 -9.448195
1.447820 -11.237554
1.813550 -10.855533
-2.236116 -9.984532
0.450406 -9.807515
0.503605 -10.767104
1.093841 -12.388057
2.824789 -10.393863
2.434380 -11.971145
0.924489 -8.807918
2.177098 -8.475493
1.957151 -7.551079
5.176937 -7.830832
6.107207 -7.466212
8.044995 -11.546613
10.780090 -10.297671
7.581612 -13.898751
3.635598 -17.719851
6.127992 -15.178269
1.840982 -14.693402
2.749326 -12.988654
-0.980924 -11.798297
3.481279 -13.936814
7.121879 -14.090703
10.104002 -14.185677
8.476133 -12.383189
7.676143 -17.927713
7.595603 -19.559034
5.747433 -7.728240
5.120998 -8.138324
4.717471 -13.683390
2.358946 -12.417923
10.564089 -15.669421
10.731252 -15.847885
2.889933 -13.202550
4.937698 -17.133165
0.120726 -12.258903
2.835565 -11.447618
-0.973834 -10.568815
0.703906 -11.493728
2.520295 -6.483789
4.461407 -7.153498
6.629652 -6.587584
9.734832 -9.449618
13.108461 -12.489373
10.664855 -12.328280
5.837122 -14.095363
6.924475 -14.605933
3.882708 -13.579506
11.726805 -14.387250
12.461493 -11.746922
8.538286 -10.465831
7.914216 -14.937306
9.672078 -12.609651
8.587082 -9.621541
7.358170 -4.565482
1.331181 -6.074068
1.803573 -9.281247
-1.032235 -8.716540
0.797133 -10.600514
4.464171 -16.253424
6.272736 -13.346202
8.847313 -13.761714
8.083900 -12.938898
10.751997 -17.431828
