4.522287 -5.400030
4.983456 -3.733977
5.144388 -4.688381
11.625528 -4.084062
10.526442 -4.571064
10.670896 -7.203554
5.350605 -2.780304
7.329760 0.775637
5.620393 2.707228
9.093525 1.527971
10.691252 5.661341
11.564725 5.191771
12.381706 2.043600
14.481758 4.187169
10.281915 1.414069
9.147169 1.718629
8.499720 1.676281
6.007223 2.561753
6.963036 0.695887
5.177040 1.406804
10.925074 1.576369
10.089696 3.022891
9.535651 3.948887
7.377856 1.860282
7.035340 -1.527473
5.650260 -2.697712
5.541294 -1.419760
7.419664 -3.565220
7.315069 -2.106961
6.679260 -0.973488
7.396009 0.315599
7.570051 2.217342
8.102203 1.699496
10.153214 1.759112
11.891441 2.780353
13.023219 0.664506
15.973577 1.568125
14.282907 -0.105002
17.680340 1.810069
15.073429 4.495113
14.120444 3.039317
12.698217 2.565286
18.069017 -1.396935
15.966619 -7.592339
11.792404 -7.439430
14.465909 -0.993654
14.506910 -1.027119
12.762732 1.964013
11.077708 -4.151002
11.303064 -4.864022
7.922456 -4.745917
10.639542 -6.720932
8.533412 -4.586592
10.152367 1.619341
8.503596 2.677395
9.503159 2.105552
11.298206 2.044141
12.247864 3.535134
10.658799 4.811002
10.844523 1.426928
10.659679 1.828391
7.557480 1.564186
6.043500 0.820688
4.739570 -4.214950
5.539401 -6.135343
8.672894 -5.196181
11.025900 -4.664444
10.603111 -4.627734
10.183701 -8.321399
11.480031 -5.880143
9.033634 -3.853461
9.086038 -3.737471
7.329294 -4.190135
6.275510 1.668574
4.608807 0.909886
7.006270 0.129384
7.455690 -1.696879
7.264507 0.163548
5.398715 -1.331611
6.237352 -1.443112
5.883601 1.403915
8.086323 1.551431
10.228264 1.864884
10.123238 2.833394
9.004719 2.417161
10.082715 1.783404
11.101638 2.045107
9.544254 2.647586
6.884504 2.022338
7.434086 0.296384
6.702435 -0.213189
6.327850 1.498107
9.490202 2.274279
9.112560 1.753687
8.936245 3.151793
8.141406 1.687350
9.775343 2.036500
8.721850 1.669396
6.908284 1.644850
5.399748 -0.481617
6.821432 -2.004009
5.463789 -1.980939
3.760619 -2.716673
6.756544 -3.608325
11.089647 -4.581814
8.716074 -7.212676
6.130076 -0.506977
5.538110 -0.588297
7.170706 -0.892905
5.871284 -1.992694
7.350429 -1.400980
7.297894 -2.261430
3.975264 -2.754616
6.001420 -1.110384
7.238796 -1.880229
6.600960 -2.214623
7.007320 -0.105726
7.529203 1.332871
10.182588 1.842199
11.958277 3.907564
10.999674 2.203237
4.422041 0.862783
7.031673 1.918776
7.767872 1.732991
7.170346 1.601117
8.697208 2.785635
9.652609 1.786396
12.078732 2.216460
7.792093 4.267589
9.555501 2.287101
12.138590 2.881524
12.008844 2.055760
14.758265 1.963845
12.824835 0.261609
14.752404 -0.997301
12.596065 -1.024547
14.982730 0.394240
