7.469365 -14.374855
9.938763 -13.311652
11.329449 -10.511989
10.016240 -6.765204
4.235608 -7.646537
5.602031 -7.864311
3.027664 -7.638476
3.152371 -7.632435
1.431094 -10.696422
1.657836 -11.413329
4.205080 -15.375798
4.235834 -13.330054
3.206737 -14.374009
0.596825 -12.228862
2.485562 -11.094662
1.099285 -8.090877
4.683812 -6.501039
4.313132 -6.454703
0.174755 -9.797052
-1.612778 -8.198970
-0.474361 -8.626882
2.686990 -8.570008
2.636841 -11.874551
2.662359 -8.778926
-1.877238 -9.070485
-6.811375 -10.733815
-12.102270 -8.883816
