19.853521 -1.418959
13.120138 -1.034973
13.611896 -1.338928
16.097437 0.520322
17.934158 -2.686425
14.437441 1.466124
11.899832 3.456342
14.043407 2.995450
13.383846 1.365482
14.036217 -10.300561
9.566441 -6.156948
9.789337 -5.146555
11.691456 -5.549079
9.916939 -3.762290
14.845049 2.124332
11.669750 1.910060
13.904249 1.969373
14.932709 0.731673
15.741068 -7.347848
18.679523 -7.175197
14.528996 -8.322430
15.476661 -6.959083
11.278783 -8.407409
8.480028 -4.206436
7.800752 -4.704449
5.450284 -2.376372
7.114999 -2.370910
6.353477 -2.023020
6.067029 -1.365556
6.381088 0.685655
9.610041 3.866305
6.961403 2.080412
6.865971 0.549965
8.789082 3.630690
10.159500 1.596019
9.731472 1.346030
8.941786 1.604244
8.294986 2.478328
4.872292 -0.210715
7.176151 0.314512
7.285951 1.047529
7.128325 -0.587203
6.357644 0.656343
7.372023 -1.227378
7.446505 -2.798463
7.645988 -7.245093
10.094512 -8.001839
8.175328 -8.514528
8.674305 -7.162339
9.467756 -4.109034
7.256073 -7.074144
8.383429 -4.364756
8.578984 -4.612043
8.014172 -4.423470
5.125303 -1.698720
6.334080 -0.848752
7.062075 -2.227677
6.555628 -2.275671
6.143894 -1.025585
6.961904 -0.808944
5.096507 0.377873
7.100931 2.960630
7.673468 1.415830
9.019655 2.664490
4.269800 0.210569
5.701657 0.832609
7.300619 0.278760
5.806084 2.885468
8.381338 2.769421
11.029411 1.918859
11.063324 1.988329
11.502911 2.452119
11.233355 5.539462
11.440197 3.837761
10.500181 2.717769
12.401527 2.325456
12.683877 0.191022
13.943058 0.824316
12.573203 -1.158027
12.813175 3.719941
12.925838 0.489442
15.294764 0.922360
9.734118 1.903593
7.683858 4.833936
9.118612 1.583749
6.089752 1.254249
6.426469 -0.797941
7.047467 -0.867194
6.661147 1.787675
13.513908 4.528315
9.501819 2.179103
9.178698 1.707863
7.518437 2.352832
7.449485 -0.054853
7.023749 -2.668774
7.119354 -1.635292
5.371282 -3.901801
8.551765 -6.802227
10.214607 -5.312690
11.442236 -4.145830
10.725840 -5.059656
9.539227 -3.823802
9.585064 -5.321373
8.192574 -4.668215
9.359252 -4.680220
8.663689 -6.728379
9.353462 -7.628591
8.213091 -4.092669
9.390627 -3.874663
10.144485 3.497219
9.683999 1.509203
6.794186 -1.174246
7.241543 -0.688842
7.072075 -1.540322
7.370267 -0.776256
6.386702 -0.765276
4.449717 -0.418135
5.604855 1.659350
10.411528 2.057367
9.166664 1.562294
7.134632 1.576288
10.079699 3.685020
9.650114 1.906971
9.079720 2.139834
11.277979 2.364688
16.849957 -0.787457
17.283451 2.176556
15.149402 1.688416
11.977991 2.040240
11.318039 2.401018
14.342174 2.459654
11.720366 1.969552
11.831072 1.930806
9.577045 3.182117
10.182866 2.064890
8.534512 2.335004
6.628314 2.917805
6.909897 0.157741
4.722263 -1.760114
6.424917 -4.085958
6.089823 -1.944474
7.638731 -5.220860
5.590576 -2.707427
6.014454 -6.882807
9.891313 -4.302495
7.065210 -3.719246
6.961233 -0.662212
5.588601 0.881200
6.567977 3.766237
13.488552 2.033417
13.107038 0.493001
13.151300 0.435127
11.860319 2.392185
11.225126 2.368492
9.979889 3.289963
9.616920 1.320835
11.794239 1.318428
8.900157 1.689589
5.774137 0.846798
3.093765 4.238007
