-9.831029 16.560511
-8.943610 12.109303
-6.671971 6.045400
-7.005889 7.242426
-7.421198 7.911223
-7.854542 7.447214
-6.771632 6.132897
-7.589858 8.252418
-7.815579 7.493296
-7.795205 6.715691
-7.103858 8.096291
-7.581275 6.128691
-6.782494 7.565937
-7.258523 8.735653
-9.091238 8.735090
-9.189960 10.134790
-9.168288 9.451613
-6.336074 7.701628
-7.165369 7.243041
-7.279237 6.743448
-4.706768 6.438971
-3.324203 5.936547
-3.215498 6.956540
-2.025592 5.531721
-3.145208 3.674179
-3.036974 2.505234
-2.836911 3.511487
-2.988161 1.990469
-2.588125 1.991494
-3.043463 1.767094
-3.040518 0.057417
-4.230625 -0.750920
-3.287655 -0.392693
-3.353572 0.166046
-4.072213 0.216642
-4.868725 -1.395140
-4.244565 0.105016
-8.484918 -0.555263
-10.098774 3.478709
-7.039598 -0.671240
-8.684991 1.071477
-9.079609 2.206972
-8.030231 -0.027387
-10.447306 3.325385
-9.808233 0.226998
-5.078360 6.380830
-5.635969 8.039183
-7.707206 6.943616
-6.518043 6.830410
-6.860623 6.687459
-6.824401 7.210993
-5.874957 8.866577
-10.729274 8.549591
-6.133557 9.345216
-6.648533 6.464497
-7.577663 8.294661
-5.072030 7.960739
-12.879375 8.753043
-12.332163 8.718820
-6.887115 11.082780
-3.754556 8.294215
-4.400354 9.227126
-4.566227 8.095959
-6.583702 7.025745
-5.630144 5.985539
-3.560012 8.623986
-4.157751 6.557110
-5.602993 7.826591
-5.526350 7.043598
-5.002194 8.348972
-3.487627 7.924046
-1.944768 3.133648
-1.987500 1.682088
-2.911368 2.754155
-3.099367 2.441220
-2.938845 4.403474
-2.912522 4.863644
-2.608986 5.025880
-2.108080 2.686762
-4.756843 6.106225
-3.139515 6.024127
-5.111951 6.473502
-4.215881 6.861394
-3.640191 6.385889
-5.595353 8.292416
-4.825049 6.365859
-6.683634 6.501567
-7.953987 6.351182
-4.968657 7.352927
-11.585028 10.583578
-11.864956 9.165991
-10.359511 9.673679
-10.508627 8.871367
-10.177615 9.154037
-16.694252 12.620192
-13.150043 5.220221
-18.657173 10.891927
-8.565371 8.794736
-10.121964 9.235569
-7.713914 7.378888
-6.913686 7.486365
-6.655403 8.587516
-6.882614 7.217645
-8.261055 8.734932
-7.623195 8.353978
-6.831512 8.184795
-5.152339 6.224754
-7.483020 7.782229
-7.664119 7.461515
-7.472273 6.902254
-7.239575 8.021706
-7.350977 6.567482
-5.806897 5.942361
-7.295149 7.405944
-6.746555 6.705772
-2.625083 3.206481
-1.733580 3.166488
-2.434424 3.804883
-1.970404 3.993070
-3.027007 4.858536
-6.964973 6.306979
-6.033927 6.706970
-4.299266 6.872098
-5.040516 7.458789
-7.620888 6.603392
-14.334684 9.491097
-13.331133 5.562119
-10.953152 3.419992
-9.070004 1.498693
-6.775589 8.253458
-2.898833 8.232029
-6.569748 9.723215
-6.960510 7.719847
-5.839198 6.001854
-5.592125 7.643296
-4.294970 7.976830
-2.962066 9.262076
-4.278244 8.988603
-8.128984 8.620805
-6.870962 8.254151
-5.910639 6.538389
-7.502788 6.127633
-9.343509 3.138822
-11.074554 1.765506
-11.169116 3.205988
-7.474241 6.584400
-3.892093 6.313274
-10.021361 9.074625
-10.399105 9.757745
-7.760405 11.750082
-8.208593 8.666017
-8.141841 11.613769
-8.736219 10.302686
-13.071071 6.718420
-12.941426 9.052608
-10.020456 8.807241
-10.209049 8.917267
-9.281635 9.069547
-5.637644 7.811482
-7.278773 6.120193
-7.197983 6.955705
-4.606608 6.519588
-3.529546 6.472036
-5.239981 6.038115
-4.841759 7.575415
-4.785388 8.046926
-4.540469 9.785769
-2.925759 4.735495
-3.065295 7.480540
-3.464170 8.155506
-7.136895 7.516555
-6.176716 8.151024
-5.657276 6.538838
-5.897708 6.855629
-6.639615 6.937513
-7.819211 8.204751
-5.211061 9.684024
-12.736034 10.466618
-12.926996 2.677994
-17.207464 3.600552
-13.055600 -0.067035
-8.302383 2.667392
-4.668414 0.927861
-3.214016 0.191666
-7.433059 5.940092
-6.758505 8.237132
-6.088293 6.661205
-6.678676 10.266709
-6.734890 7.606130
-5.777116 6.634221
-5.458066 6.143603
-6.279960 8.071626
-5.138227 5.977341
-4.647402 6.705606
-1.083859 4.925793
-2.886784 5.158624
-1.031710 4.543654
-3.186162 5.151244
-7.286058 -0.287641
-4.461470 0.922128
-5.342644 -1.494819
-3.766634 -0.857026
-5.591162 -0.858286
-7.227023 -1.741165
-9.703120 2.278990
-10.593661 3.242501
-4.119164 0.800569
-1.513341 1.748287
-2.930591 0.384229
-1.994325 0.100230
-2.539852 3.405210
-2.398202 3.484375
-3.125543 4.159040
-2.031052 5.565764
-5.235198 7.576890
-6.260993 7.647184
-5.703134 6.223330
-4.271799 6.782910
-5.070531 6.129593
-4.020450 9.011948
-6.780765 8.591714
-7.240479 6.308457
-5.398713 6.699379
-6.246847 6.819184
-5.654165 6.671810
-8.881016 9.307712
-7.667074 8.087579
-7.848213 6.169615
-7.519394 6.349744
-7.705867 6.753718
-6.593320 6.762798
-6.189233 8.170451
-7.552618 6.685566
-7.524886 5.970477
-7.615031 6.875902
-4.927132 7.424053
-4.162766 7.453250
-7.004642 8.873970
-11.979638 8.897821
-9.659948 12.062571
-12.320865 10.124801
-13.143465 8.348857
-15.939068 0.962463
-14.781172 5.997628
-12.914471 3.356302
-15.213043 7.125156
-14.391094 10.199177
-5.270565 9.003964
-6.037583 7.960502
-6.925216 6.241796
-5.063604 7.021803
-7.261380 7.034350
-6.802765 10.239203
-5.567530 8.936008
-12.150054 8.989640
-10.050636 9.669087
-4.764030 8.902333
-5.934855 8.999736
-7.643404 9.267312
-7.725275 6.824948
-7.675487 6.741678
-6.438987 7.599574
-6.996093 7.027226
-6.882149 6.018417
-8.748176 11.291406
-11.507820 10.705245
-14.099947 8.981795
-14.194125 5.083965
-14.053061 7.531328
-15.460805 4.577454
-10.206144 0.790877
-11.671298 3.104395
-8.415319 2.158634
-11.168024 1.138844
-11.714742 2.942130
-10.330425 2.897910
-15.415268 -0.234966
-13.802879 4.170786
-11.882704 2.504352
-9.118214 -1.680945
-9.046459 -2.121415
-9.943289 -0.185585
-10.083488 3.311941
-11.191839 -0.943583
-15.433368 3.392984
-10.597511 2.872733
-7.941356 -0.571352
-5.967568 0.610279
-5.490815 0.252546
-2.922210 5.537661
-2.686710 5.407302
-0.483755 4.595111
-4.016105 6.349802
-5.104179 7.562593
-5.212542 7.083159
-5.113337 8.760261
-5.808932 9.571851
-4.996788 8.696062
-3.505947 6.624888
-5.866245 6.709754
-7.338207 6.145868
-6.714941 8.296591
-9.241544 8.717090
-10.455370 8.595103
-8.398730 8.723625
-3.488267 10.161603
-7.302410 6.227901
-15.387747 1.294287
-13.083111 3.123749
-9.591508 2.438162
-10.435179 1.723136
-7.806480 -1.501334
-8.551353 -2.699042
-7.475678 -2.785339
-6.542414 0.591924
-6.405520 -0.224029
-8.521940 0.937945
-10.260203 2.129256
-8.964190 2.603418
-7.935452 7.463369
-5.576916 6.159601
-1.776751 8.785277
-7.070713 7.723427
-7.481513 7.316394
-4.435336 7.716082
-7.079364 7.884672
-7.416314 9.732285
-6.872908 7.088180
-7.387494 10.658332
-6.853729 8.626829
-9.236259 8.559378
-8.323727 8.750496
-7.958332 9.780585
-7.589746 8.249603
-6.297877 7.168288
-4.132104 8.465887
-7.045094 5.969574
-6.207274 6.107582
-6.689952 6.649332
-5.743239 6.995962
-6.655604 6.486716
-6.193851 7.931778
-5.647014 8.661166
-6.375538 8.633782
-9.379633 8.663470
-8.103682 9.888691
-6.119959 6.124697
-4.927889 6.105766
-4.676008 6.021732
-6.485643 6.404593
-3.861807 8.495737
-2.253749 7.114152
-3.145683 5.249853
-2.275512 4.214434
-3.181180 4.341619
-2.637629 6.223200
-0.168813 4.987796
-2.126662 6.534182
-5.270497 6.841456
-5.931859 7.312903
-3.858407 7.180118
-5.401007 6.576320
-4.129173 6.389835
-3.483397 6.502260
-2.079908 5.244370
-2.707116 4.561828
-2.471164 2.868284
-2.701911 4.542690
-1.703071 5.348297
-2.375757 4.340631
-2.479589 6.389859
-3.178246 7.482641
-2.756335 7.771490
-4.265194 8.800953
-7.308306 6.297957
-6.808541 6.028260
-6.394520 6.910904
-4.598147 6.831144
-3.581055 6.009895
-1.730243 5.829816
-2.131144 4.207862
-2.143837 4.417928
-2.140856 5.413374
-3.632332 6.262923
-5.047520 6.560395
-5.599885 7.053511
-4.203141 6.602803
-3.313355 7.894532
-2.981228 3.818860
-2.097660 7.394518
-5.277032 6.438163
-7.630026 7.601406
-6.175406 8.603681
-4.855525 6.595653
-3.203142 6.764665
-1.604952 4.684875
1.459452 2.431477
-3.260845 0.778563
-0.326218 4.795400
-2.056718 6.426722
-4.442585 6.078862
-7.491749 6.991319
-8.993481 8.961372
-10.180167 8.727214
-11.428919 9.869067
-13.385527 8.278659
-10.665182 10.126775
-9.599977 9.111379
-10.233047 9.476776
-6.280590 9.071236
-7.606523 6.653533
-3.627843 7.853839
-3.788220 7.769156
-2.489406 5.408525
-3.064524 3.500636
-2.487929 7.578777
-8.020228 9.038990
-5.090432 7.298217
-5.319609 -0.312541
-8.818342 -0.742178
-9.290377 -0.159882
-6.944486 -0.378118
-7.945719 -1.566334
-5.179742 -0.200004
-5.345651 -0.578608
-6.123612 0.141262
-6.839283 0.567535
-5.780450 -0.253370
-9.463495 1.545942
-5.529921 -1.239985
-6.090678 0.863900
-2.818787 2.333700
-2.526269 1.028210
-2.639112 0.377053
-3.389006 0.498660
-10.580331 3.199220
-10.391007 0.726258
-7.069644 0.766490
-9.867793 3.225757
-8.397930 1.302723
-9.130747 3.033421
-6.750191 7.631858
-5.867565 8.127985
-6.910924 8.504567
-6.656696 8.224343
-6.754280 6.537158
-7.420679 7.449566
-5.832859 7.707942
-6.507599 6.041475
-5.711647 9.767110
-5.804849 6.857311
-7.335367 6.967897
-11.774503 10.835911
-9.580934 9.757180
-7.793530 9.424782
-6.391411 8.620086
-6.393857 7.480772
-7.346440 6.597273
-9.568228 3.150498
-12.156946 1.862965
-10.343689 1.763295
-12.026108 3.140624
-9.086622 3.185534
-9.174199 3.295086
-7.469163 -1.178900
-6.420137 -0.417388
-4.765727 -0.865714
-5.745193 0.288974
-6.265214 0.347533
-1.965040 -0.897855
-3.656148 -0.526828
-5.553529 0.461066
-6.860317 -0.543263
-10.270292 2.215809
-8.393942 2.893657
-10.016913 0.723246
-14.215786 0.920171
-13.487087 5.244741
-17.291145 4.678225
-16.543379 -4.036492
-11.591694 3.446680
-9.369087 0.560013
-9.680437 0.741283
-9.480292 2.011911
-9.166367 -0.159735
-9.420082 2.742443
-9.425434 1.751183
-8.239285 9.227332
-5.742868 0.237981
-8.245708 1.675376
-3.693411 -1.589035
-4.901409 -5.326586
-6.561936 0.104420
-3.932452 -0.814378
-7.651381 6.684193
-7.687265 7.235828
-13.081505 7.261599
-16.715942 5.255307
-10.722121 11.021814
-9.871495 11.064795
-7.393362 8.075621
-5.341493 7.838185
-5.728688 7.370770
-10.025934 9.751439
-6.662441 10.099835
-4.022656 6.081476
-5.648860 6.812796
-7.749785 7.897007
-5.859201 7.849296
-6.103622 5.935276
-8.275749 3.457185
-8.963544 3.409111
-2.639818 2.900681
-0.832516 2.377192
-2.887179 3.049162
-3.046698 3.386288
-2.911678 3.390038
-2.457143 2.207837
-3.028470 6.166878
-5.698930 5.991413
-7.763726 9.378942
-12.846494 8.731015
-11.365192 8.788254
-13.597864 10.071872
-10.174904 1.002408
-10.191724 3.030977
-7.321988 6.325582
-9.224658 0.654905
-8.217221 1.165812
-8.190436 0.448989
-9.111010 2.829183
-8.314980 3.486337
-8.426120 2.670082
-9.370560 0.423349
-8.363517 1.751639
-7.682171 7.886413
-6.156586 7.295735
-6.181088 6.530490
-5.849411 6.880633
-4.926568 6.687820
-2.677087 7.290197
-3.878157 7.308143
-5.743216 6.348096
-6.820683 6.690724
-7.080122 6.985760
-6.703468 7.172696
-5.488598 6.199030
-3.216241 6.408453
-2.797647 3.622633
-3.009002 5.571159
-2.477502 1.489880
-2.483125 0.307372
-1.925474 0.808340
-5.093647 0.177090
-6.322673 0.034229
-4.087333 0.808714
-2.076165 1.340238
-1.413119 3.374530
-1.791379 3.761500
-3.186993 6.418024
-2.537367 5.728828
-1.724042 3.191073
-2.888567 3.183548
-2.355646 3.566314
-2.042170 2.749283
-2.321080 3.092291
-2.896005 2.860243
-1.830345 2.973886
-0.644529 3.979397
-1.180096 4.249000
-3.377049 5.987165
-3.738120 6.098626
-4.483790 6.535402
-3.487832 6.006136
-5.252173 8.161046
-4.574333 7.995471
-4.974531 7.084777
-3.810956 7.696211
-4.821093 6.435010
-1.278528 1.101757
-0.404673 2.408061
-2.171092 3.193413
-3.119639 5.328018
-1.875746 3.496055
-2.465448 4.415756
-3.191971 6.299850
-5.809384 9.246763
-7.088203 6.070073
-6.970850 6.325365
-7.410957 6.288713
-6.968677 9.696520
-9.905909 8.617326
-9.753796 10.526536
-10.339532 14.248081
-11.062642 10.215765
-9.227340 8.963833
-7.593925 9.456468
-6.310832 6.506001
-5.495710 6.967649
-6.111141 7.705080
-7.752743 6.719393
-5.413664 8.087484
-6.292793 6.928223
-7.053533 7.722642
-7.156156 6.219569
-6.958317 8.533601
-6.737953 9.700696
-10.469328 8.836026
-14.318691 8.798219
-9.177989 8.973858
-10.250327 9.953623
-11.321912 9.161920
-12.767255 9.812162
-13.036257 8.012793
-15.182266 6.328733
-12.845240 2.523963
-12.218302 1.211457
-11.500816 2.527256
-10.391478 3.454548
-8.666036 8.800369
-7.471758 7.784678
-5.807113 10.727336
-7.415292 6.394671
-6.196340 6.166800
-6.660830 8.028555
-4.594780 9.304559
-5.468248 7.986501
-4.799407 7.164244
-4.717988 7.072457
-5.429851 7.670987
-5.457559 6.891533
-4.952630 7.983850
-6.214611 6.505713
-7.699240 8.974597
-6.806148 6.144290
-7.303411 8.222250
-5.934110 6.513657
-9.956498 9.304278
-8.452213 9.647457
-9.672810 2.794469
-9.586402 3.292490
-14.926928 0.414587
-13.276553 5.417265
-8.426069 3.087793
-9.088654 0.077218
-4.204945 0.428945
-5.877520 0.928122
-6.446199 0.385627
-6.095049 -2.610559
-10.282228 2.312877
-9.959045 1.201884
-9.329394 0.325925
-6.749179 -0.186415
-8.058600 0.493915
-5.204294 0.506952
-5.792165 -1.825723
-4.032023 -0.797642
-5.671276 0.305511
-7.658854 -0.708791
-9.662103 0.735637
-12.236385 1.310915
-14.099334 4.284148
-10.370472 -0.015059
-10.634065 3.224081
-9.039087 3.248866
-9.292335 1.840050
-9.412668 0.667327
