11.257152 -11.883492
8.266645 -10.179776
9.402393 -12.685529
9.079044 -11.896787
8.991307 -12.262444
11.328115 -11.238742
10.096902 -12.657697
9.183360 -10.687037
8.258680 -6.785350
3.627258 -6.626112
1.118274 -5.686105
2.327246 -10.057191
2.714271 -10.785483
1.259354 -12.622558
2.498928 -9.283338
2.898377 -7.419282
4.030739 -6.968491
3.571660 -6.495427
5.096029 -6.672163
4.245194 -6.236906
3.547080 -5.853722
5.195521 -7.508163
6.317626 -4.323699
9.327343 -5.078067
8.260797 -11.464503
8.036708 -8.934072
11.584557 -12.343299
9.600340 -12.515098
7.907545 -9.070527
8.357137 -10.249789
9.853832 -12.514516
7.556883 -14.040124
4.073970 -13.388785
0.938708 -10.905804
1.483661 -7.193758
2.356699 -8.572933
2.280495 -10.968500
2.710265 -9.841210
1.784405 -10.518558
1.366377 -10.248893
2.396561 -12.061177
2.682328 -14.032928
-0.852116 -11.981975
0.843915 -7.606595
3.796512 -7.864707
4.850955 -8.035645
3.276433 -7.861516
0.855518 -9.464344
2.031361 -9.843373
2.409657 -10.078810
1.020412 -13.717759
2.087256 -10.507634
2.262612 -10.506537
2.139985 -9.892001
6.224977 -13.934937
4.845085 -14.123857
1.894180 -13.740478
3.772209 -14.157354
1.795425 -12.542718
1.817616 -10.521261
1.254270 -13.731963
6.834157 -13.384421
3.800777 -13.597888
2.534780 -7.681717
4.264665 -6.598724
9.321068 -10.019285
11.419043 -11.085048
7.834433 -16.960211
1.597258 -18.628799
1.280227 -11.202916
-0.176707 -10.822764
2.037614 -7.119302
5.781721 -8.108771
6.447685 -7.692010
5.596649 -5.873473
4.696896 -7.966531
9.200558 -8.231217
6.658260 -5.789781
8.479930 -8.658211
9.925488 -7.868263
5.840106 -8.002016
6.832017 -7.315400
-0.574522 -7.518640
-0.950215 -8.128695
2.121787 -9.256891
1.994207 -11.021190
-0.562269 -11.743842
1.454565 -9.273185
1.151030 -8.458894
4.200667 -5.810692
3.038252 -5.846354
5.714875 -7.006577
6.438190 -6.934472
8.175131 -8.097471
10.111856 -11.797874
8.262935 -12.734068
7.937309 -10.182715
8.862786 -9.271101
10.647992 -15.499604
7.176918 -13.964278
4.876392 -13.376446
1.582115 -14.880547
0.145880 -10.942709
2.063882 -11.628206
