14.126451 2.619222
16.812454 0.766725
17.024359 -0.474619
13.847327 -0.472069
13.938414 -1.369825
12.308159 1.795794
9.750284 1.578377
8.285149 1.999577
4.622406 -0.355940
6.829397 0.968494
7.228450 -0.361639
7.065928 0.671884
6.316775 2.372911
9.927010 4.200370
10.094357 1.554701
11.712572 1.902181
9.469170 2.809213
11.833899 2.392593
8.915677 1.545647
10.160899 1.558929
10.452257 1.683990
9.770723 3.112427
5.562181 4.441364
7.206616 -0.232530
6.758039 0.963104
7.142397 1.172313
8.784279 2.571905
6.105745 1.249038
7.241899 -1.887807
7.440077 -1.326828
6.218278 -2.971576
6.510828 -3.040130
11.790232 -7.024119
9.313915 -3.771864
9.397972 -4.896480
8.653455 -4.939000
8.270035 -3.894156
9.693534 -6.000546
9.380007 -5.850708
7.577987 -3.773927
8.310064 -5.616573
9.259998 -6.695077
9.850745 -4.955775
12.455591 -7.576197
9.484060 -8.597605
13.219380 -7.473150
