-18.346645 18.715433
-13.956806 7.004625
-16.458435 5.841306
-11.274093 1.784831
-9.389914 2.728825
-9.510423 0.181015
-11.169069 1.732630
-13.870228 2.012259
-11.718477 1.408707
-11.672752 -0.181967
-19.758657 -2.831857
-12.829184 -1.825372
-7.776948 -2.222404
-4.979024 -8.520524
-7.670421 -6.868755
-6.971018 -6.553885
-6.688206 -5.716208
-7.012581 -8.182839
-10.865522 -9.357711
-13.375761 -7.717054
-17.834265 -7.722480
-14.200687 -6.160133
-15.096221 -6.946636
-11.415661 -0.268453
-6.381699 -2.434933
-7.844306 -5.606612
-7.455118 -4.225236
-7.168516 -7.612552
-8.458075 -9.860478
-9.358837 -9.739907
-11.463979 -10.070603
-11.576874 -8.576235
-14.248138 -9.216663
-14.261675 -5.733727
-14.074598 -5.725186
-13.845844 -8.478576
-12.289385 -9.005698
-7.719476 -8.940831
-8.981808 -9.188595
-6.106471 -8.058152
-3.174057 -12.760873
0.756178 -18.754898
