-14.233318 15.635092
-8.941821 11.488148
-5.386765 7.062077
-4.590122 6.005558
-4.587792 6.542754
-9.288246 10.173676
-9.608683 10.427968
-7.319583 9.083392
-5.005779 8.952535
-6.330005 8.972726
-7.010126 6.145640
-6.995543 5.940157
-4.947253 6.572723
-3.169790 6.186897
-4.768378 6.956730
-7.886413 6.700202
-6.315874 6.925406
-12.631277 0.695019
-13.815185 0.930434
-13.070670 2.616388
-14.442778 1.486766
-8.355265 0.158189
-9.331070 1.227320
-9.547391 3.297695
-4.411968 -2.155791
-5.618886 0.796856
-6.718960 0.472002
-4.278897 0.467718
-4.749286 -0.879573
-4.030668 -3.547649
-4.573491 0.412418
-8.718189 1.382015
-8.823887 -0.766794
-6.459290 -0.079998
-5.876500 -1.435306
-6.404201 0.651470
-6.831857 -0.492907
-8.317353 1.422634
-8.854170 1.961092
-6.976815 -0.927797
-7.609679 0.620914
-3.954021 0.181982
-5.438577 -0.346377
-8.453046 -1.881022
-8.755530 1.590683
-8.944214 0.508834
-4.688667 0.559176
-5.115544 -1.482964
-1.613836 -0.469311
-1.465721 0.645976
-1.397906 2.922273
-3.080293 3.006177
-2.990823 2.085113
-7.595491 -0.129138
-8.831398 0.025888
-13.595387 0.433679
-8.407565 2.553885
-6.521002 6.702765
-14.536161 6.603365
-6.385793 7.261062
-7.811007 6.590454
-11.083579 9.597118
-7.197082 6.317476
-7.506485 7.305974
-5.936815 6.730071
-4.717177 7.087777
-4.205812 6.654792
-6.434892 5.996552
-9.029435 -0.662850
-8.776096 1.234274
-8.877636 3.072811
-9.712432 3.055616
-9.106245 3.353352
-6.974931 6.408460
-7.077094 6.168978
-8.507313 9.241809
-9.474464 9.012953
-7.697460 6.195705
-5.990265 6.329361
-5.058460 9.723472
-9.737983 10.319664
-6.539660 8.733340
-6.502307 7.011562
-6.052131 6.831526
-7.264619 8.862900
-7.511057 6.609225
-2.579664 6.497106
-5.488297 6.021768
-7.635372 9.180470
-7.075971 9.241564
-4.424781 8.984195
-2.574333 5.687547
-3.402605 6.901702
-3.841198 6.432037
-2.626244 7.471597
-2.986201 5.304155
-1.786851 2.772437
-2.060195 2.099589
-1.919625 5.296514
-1.537000 3.863942
-3.073255 3.315599
-1.311549 4.155829
4.598316 -6.655674
3.435714 -5.471395
1.195001 -8.508910
0.182914 -10.325649
2.732024 -9.212894
2.090479 -12.487544
0.081968 -12.654206
5.829935 -14.349486
0.995959 -12.587511
1.923862 -10.128356
2.766536 -9.716094
2.106339 -10.318734
1.887336 -10.598216
-0.372175 -9.806916
2.124307 -11.043350
0.900372 -13.392485
0.732246 -15.713892
5.711072 -14.433381
7.928453 -13.232429
4.020986 -16.708431
4.409813 -14.896723
8.674229 -12.439233
8.029207 -12.417241
8.086573 -10.354042
10.498682 -11.472727
2.497854 -11.848203
0.668259 -11.231421
1.275592 -12.095040
1.607886 -9.363444
2.668465 -8.258280
2.564890 -8.333152
8.085728 -10.349722
7.926556 -10.466378
5.697945 -5.722274
5.778659 -7.669753
4.305740 -4.458353
4.113076 -7.761572
3.266815 -7.051368
0.409979 -10.670787
2.122605 -8.003710
0.741771 -9.749939
1.837095 -11.232231
-0.293347 -10.706641
1.155324 -9.303853
2.235791 -7.968419
2.492658 -9.517530
2.459891 -11.696541
2.242741 -10.593932
1.884326 -10.890860
1.021421 -10.469253
2.840089 -5.495286
2.443614 -9.431319
8.090857 -8.206602
6.375863 -7.021455
5.003740 -7.513566
8.895692 -5.202158
10.651745 -10.478168
10.803367 -13.418091
7.603874 -13.405187
8.262148 -12.838488
7.893594 -13.678044
5.606016 -14.807088
5.619392 -14.727212
5.573907 -13.292225
-1.604310 -11.854180
2.664888 -11.819612
2.314280 -9.191414
4.938422 -5.734099
5.503856 -8.026782
-1.190612 -10.136706
2.180190 -10.970910
-0.252865 -12.987169
0.548353 -10.323003
2.427259 -8.778880
2.576600 -8.503787
1.767339 -10.162820
0.111772 -9.849841
5.355622 -8.174499
9.484737 -12.296615
8.353715 -12.733591
8.351805 -11.274117
5.497563 -8.047862
0.712314 -10.936793
2.056822 -10.686078
-1.526163 -9.568508
0.402980 -9.268363
0.809716 -9.632512
1.957791 -9.208365
2.388296 -9.404608
1.952671 -9.749344
5.094851 -13.506267
4.103151 -14.413514
1.910832 -12.188724
7.356517 -13.624436
9.809456 -14.643437
9.605009 -14.108084
7.146140 -14.091424
2.209500 -13.677266
7.759830 -7.645191
5.883900 -7.324407
5.926064 -6.822468
2.187624 -8.998982
2.619533 -9.893676
5.479651 -7.518826
7.737989 -14.667483
4.492324 -13.578210
7.378133 -18.469641
7.868489 -11.205926
9.000287 -10.638208
8.402664 -5.817486
11.912863 -8.506864
5.869062 -7.537074
2.214119 -8.053870
2.811782 -6.242904
4.190625 -7.718922
0.990110 -7.359547
1.984805 -8.814184
6.152208 -8.135518
6.099675 -7.502863
6.088965 -6.227370
9.649260 -9.843767
9.899048 -9.600232
9.067665 -10.777020
13.501783 -12.639730
9.321550 -11.966773
8.654928 -7.057058
7.844602 -10.718720
8.697014 -9.534362
9.486174 -7.945088
5.846932 -7.323521
9.428473 -5.726655
8.045831 -9.830042
8.979275 -9.785092
8.310658 -12.929219
7.934713 -12.143205
7.857519 -12.942038
8.482573 -10.682290
8.452854 -9.631334
9.906455 -18.589722
-0.109508 -14.533628
2.275272 -10.728730
2.733816 -10.721977
-0.316634 -9.400001
2.711644 -10.280369
0.381240 -6.582927
-1.018293 -9.323417
2.571336 -9.429750
2.126017 -7.332775
2.432172 -7.448851
6.658411 -8.154638
4.731225 -7.928009
2.713527 -8.499127
1.532133 -9.045650
2.616263 -11.818759
2.204515 -9.562858
0.073464 -10.091801
2.202034 -10.319210
2.051913 -9.664130
1.937357 -11.618709
2.176652 -10.151885
2.548687 -7.336532
0.550517 -9.498183
5.586312 -2.205950
7.474593 -7.185911
3.151696 -7.964186
2.072104 -8.550920
2.177447 -8.817582
1.762577 -7.248815
7.979872 -6.611737
8.072994 -11.642706
1.993703 -9.357121
2.469930 -9.708845
1.741003 -9.013068
0.359826 -8.142129
-1.285437 -8.766133
-0.047337 -11.337640
-1.258891 -10.950192
-3.170473 -8.997617
1.561938 -6.261072
-0.811958 -10.902515
1.155554 -11.398242
-0.698686 -11.644870
0.387454 -14.003754
6.393084 -13.439746
5.987750 -14.639982
4.403754 -14.439044
11.035852 -14.626181
8.128021 -11.631266
8.180390 -9.950906
7.993939 -7.050180
5.294383 -8.032304
1.127019 -7.654238
0.799611 -11.327528
-0.769072 -11.094310
2.366011 -11.829299
0.606027 -14.854989
3.199497 -14.593844
6.503324 -14.149033
4.688561 -16.129839
1.760847 -13.426105
3.141773 -14.009686
0.974285 -11.150470
0.414443 -12.227786
1.761962 -11.074995
-0.453379 -11.031791
2.578946 -7.306241
3.601704 -6.297157
8.371890 -7.683701
6.006536 -6.973725
6.251032 -7.229253
7.286356 -6.134193
11.198803 -7.146214
9.788860 -7.372617
8.793277 -11.861269
12.249628 -12.899850
15.429678 -16.333239
