-12.295518 -11.864554
-9.532413 -8.965399
-5.884427 -7.343398
-7.606240 -0.099622
-7.290437 -2.731353
-4.471787 -6.426826
-5.135586 -5.083363
-5.393053 -0.097173
-7.454776 -1.360493
-8.195165 0.512993
-8.527818 2.646444
-9.320190 -0.669358
-6.902992 0.873775
-14.120228 0.887571
-17.100159 -0.571647
-13.144562 5.146113
-14.582208 3.025226
-10.848102 0.170404
-8.796329 1.154772
-8.448401 0.306618
-6.027534 -2.983018
-4.985395 0.633263
-6.941394 -0.366363
-5.988826 6.875916
-6.016513 6.516911
-3.152755 3.470760
-1.347283 4.240618
-4.516672 8.072459
-5.023314 7.031682
-5.008415 7.277460
-1.914724 8.251000
-5.562041 8.396976
-7.313730 7.129527
-7.365793 6.583037
-7.536902 7.467568
-7.796048 7.257130
-7.557755 8.493538
-11.050142 8.658570
-10.530333 8.967686
-18.777796 7.645586
-15.073198 4.990770
-12.729988 1.707559
-12.877987 2.620891
-13.637188 0.908197
-15.418077 4.537296
-15.144921 7.290740
-11.404394 9.599923
-10.903641 9.212388
-2.940716 8.167910
-1.473617 3.938669
-2.063722 1.132929
-8.798783 -0.712542
-12.322180 -0.186086
-11.034606 0.978425
-10.495445 2.795106
-8.682947 3.338751
-8.276848 -0.282692
-7.699059 0.664513
-6.577765 0.809424
-6.773235 0.848674
-4.375230 -0.085525
-4.951377 -0.034587
-2.379660 0.444502
-3.048124 0.408452
-6.259843 0.867851
-7.712008 -0.319155
-6.041675 -2.054528
-6.326838 -1.400787
-7.679770 -0.869009
-8.286240 0.497123
-6.450380 6.934297
-5.557812 7.188699
-6.687931 6.178493
-9.990353 3.458528
-9.712524 2.767993
-8.926149 0.615689
-9.458738 3.406149
-8.688965 3.285754
-9.845660 3.175235
-4.850258 8.641370
-6.292794 7.810100
-5.704203 5.984392
-6.461060 6.679333
-2.893280 4.594641
-1.978087 4.029514
-1.179596 4.200685
-2.069826 5.519580
-2.250928 6.208486
-1.601526 4.424150
-1.700172 3.901626
-0.867729 0.688074
-2.325613 2.428023
-3.453289 7.257055
-4.948671 6.258045
-4.585838 6.213170
-2.961647 7.558425
-2.935103 5.489997
-2.826589 3.597300
-2.946277 6.224456
-4.732061 6.550640
-4.528762 8.007522
-3.920450 6.563039
-7.844003 8.302185
-2.821679 6.367397
-4.413928 5.980285
-6.240686 6.196248
-4.681450 7.430518
-2.400923 5.368404
-2.677818 5.311244
-1.706931 1.587895
-3.143418 -0.493334
-1.904488 1.850015
-2.854055 3.621968
-2.893050 3.224516
-2.623155 0.840678
-3.308495 0.792746
-1.282490 -0.334763
-2.949984 2.661962
-2.916500 3.926864
-2.896946 4.000342
-2.959405 6.580294
-5.119547 5.946946
-5.440877 6.308573
-5.939326 8.151687
-6.908919 7.070532
-5.188981 6.015302
-6.533042 7.939728
-6.621170 6.543750
-7.003028 6.383010
-4.773330 11.400875
-4.269006 16.411112
