-2.164045 19.069628
1.215483 11.941978
0.350170 11.016095
2.419820 11.586301
-1.009609 10.918984
2.205199 11.322832
3.285017 5.220151
3.116345 5.430099
-0.943593 8.460774
-2.092643 6.387991
-1.912808 8.951860
-1.934252 7.614078
-2.258623 10.353850
-3.542568 7.886774
-2.604163 8.098277
-1.217824 6.285336
1.715592 4.354063
4.176455 4.906920
5.071115 7.549848
5.729068 6.802400
5.075024 4.992637
4.391767 8.960745
5.202647 7.431899
3.970248 5.171235
2.322189 5.148702
0.522402 5.403989
1.705274 5.008468
1.831034 -6.771252
4.873653 -7.589177
3.996212 -7.179757
2.259514 -8.474442
1.037381 -14.384402
2.807371 -13.398307
8.813214 -16.072472
