-8.273523 -19.333023
2.126957 -14.686893
1.146435 -10.509828
0.758235 -11.072277
3.900962 -15.049430
3.679987 -17.530527
0.456587 -11.048657
-0.892643 -11.378771
2.116437 -12.613287
2.208828 -10.428075
0.276929 -11.677867
1.569891 -8.804917
0.530855 -7.186771
1.799881 -4.413602
1.429773 -6.828928
-1.416753 -9.594144
3.763524 -7.902488
2.903617 -6.950150
5.649226 -5.981452
7.308639 -5.925165
4.736951 -5.894668
3.741263 -5.602423
1.809117 -10.498265
0.863442 -11.447822
1.343661 -11.404209
2.461831 -9.968633
1.346461 -11.298158
1.976292 -13.428535
9.913877 -15.085620
8.271610 -12.523301
9.488642 -10.656016
7.844579 -13.480118
8.493906 -11.586625
11.345543 -11.988715
8.604185 -7.151186
9.425867 -11.697400
