6.993533 -13.796375
3.772482 -14.036417
3.570400 -14.854144
0.376575 -11.337071
2.174864 -9.860782
1.949068 -9.661006
2.478706 -10.080686
2.528612 -7.535398
5.175616 -4.554623
6.438130 -5.607529
7.283261 -4.607981
5.382643 -5.550692
5.105284 -7.043649
2.394836 -7.942697
0.722091 -9.476635
1.489762 -11.216413
2.238752 -6.982429
-7.399094 -4.039077
-7.202447 -5.190154
-4.883463 -5.697830
-6.821387 -5.092582
-5.922498 -6.913471
-6.136205 -8.324935
-8.998528 -8.219724
-9.346815 -9.377040
-7.977796 -11.020622
-9.903390 -8.340175
-14.374507 -8.580256
-15.572899 -5.533586
-12.555117 -2.100355
-10.124039 -2.513836
-14.030558 -1.895825
-13.133354 -4.797196
-12.953045 -7.142445
-13.628121 -4.681495
-14.848237 -6.430151
-12.953176 -6.184716
-14.971262 -8.115396
-11.074490 -8.883440
-8.021152 -8.362942
-9.879131 -8.227307
-8.432454 -8.998173
-8.031052 -8.352681
-7.262867 -8.889949
-8.619984 -11.226001
-8.706379 -9.029469
-8.653025 -10.267581
-9.873882 -8.910611
-8.958755 -8.995808
-9.725997 -8.966393
-9.950399 -10.150989
-8.715992 -8.984441
-5.285218 -8.208609
-7.882830 -6.956754
-6.690782 -8.574023
-7.887521 -7.141728
-7.755239 -7.166729
-7.463613 -5.176894
-5.602647 -2.618235
-8.321282 -1.397687
-10.437328 -2.814164
-10.852106 0.125734
-8.624437 -1.654990
-4.710693 -0.609183
-6.746048 -7.853396
-8.824278 -8.392410
-10.310311 -11.551417
-15.421410 -5.027817
-16.927319 -0.727764
-16.442482 -6.926218
-13.072985 -12.123655
-6.514667 -7.426970
-6.425183 -7.792492
-7.693993 -5.283733
-7.344682 -4.587308
-6.065033 -1.867512
-8.619296 -1.719657
-10.567993 -2.534640
-8.883612 -2.884035
-11.791452 -2.430626
-11.096272 -2.304924
-11.626392 -0.138665
