-13.022547 7.333088
-15.534385 6.491783
-13.572002 5.119560
-14.542025 -0.028459
-10.992854 0.260454
-9.086343 3.196136
-12.731037 3.472110
-9.805185 1.268184
-9.134088 1.223232
-10.444876 2.446769
-11.515616 2.701395
-10.273256 3.378401
-9.768869 1.866038
-9.471980 2.307283
-7.574316 1.928161
-2.046308 0.325628
-2.209820 1.330006
-2.323346 1.232066
-1.136605 1.238701
-1.675800 1.924890
-4.860702 6.495144
-4.201792 7.715398
-5.101700 6.735837
-3.980392 6.366578
-0.242533 4.528844
-1.565825 4.670947
-2.434922 3.752172
-2.188315 1.691591
-4.082451 -1.114243
-3.766444 0.278362
-3.206666 0.069531
-4.047132 0.907743
-3.469088 -0.266006
-3.130963 0.460006
-3.227936 0.271506
-1.337357 0.666824
-2.445340 1.794026
-2.176822 3.088842
-0.820625 3.697459
-2.237193 3.102771
-1.614231 3.183632
-1.679424 3.539983
-2.452200 7.553174
-4.324328 7.411744
-5.818666 6.569573
-6.683701 7.850035
-3.316882 1.236436
-2.993900 0.947696
-3.673185 -0.824456
-4.432403 -1.256417
-4.204888 0.551739
-4.415303 -0.530242
-4.586028 -1.681841
-4.105628 -1.684177
-3.920792 0.450536
-4.464424 0.780523
-7.983087 2.281627
-10.878816 2.061997
-11.159275 -2.354784
-10.976027 -5.674490
-8.049881 2.024390
-7.999809 1.688104
-8.043117 1.424494
-8.115318 1.310689
-9.352768 1.780621
-10.617803 0.428132
-11.436516 -4.492874
-8.358864 -4.403933
-4.546307 -0.148013
-6.254206 1.272522
-4.375948 0.068443
-5.638944 6.930647
-6.465255 6.751604
-4.981493 1.107294
-4.520073 -0.145218
-4.277647 1.032309
-2.735397 -1.600302
-3.560925 -0.760411
-5.031594 1.218054
-2.318926 1.146037
-1.304957 3.554791
-1.905493 4.266616
-1.504838 7.318352
-3.287312 7.097232
-6.055175 7.641166
-2.592993 6.374041
-3.358302 6.813282
-4.485101 7.317073
-5.770958 6.913709
-5.508505 6.324151
-5.681142 6.981418
-7.445219 8.581092
-9.467045 8.768343
-14.585009 11.764960
-14.321010 4.456638
-14.498768 0.401318
-15.692242 5.714029
-13.609619 5.071229
-13.213852 7.661642
-13.188732 6.259974
-9.170109 2.774684
-11.465072 1.916910
-8.421306 2.908751
-7.671649 4.704451
-7.650016 5.655406
-10.511298 9.170858
-12.444767 8.517773
-8.192666 10.459221
-9.155179 9.825597
-9.962235 9.803216
-5.027716 8.897395
-6.196479 7.483684
-10.382965 9.566703
-7.947314 8.287815
-7.680600 9.902546
-9.791714 9.567459
-8.343964 10.671859
-6.016925 6.565390
-8.359288 8.997088
-6.508041 7.430572
-7.277032 6.630987
-7.542629 6.521261
-5.868990 6.335866
-4.719769 6.358478
-7.333214 6.398563
-2.252766 5.767983
-2.042555 4.319622
-1.738167 6.039604
-3.525477 7.105880
-3.964598 6.758842
-5.322256 7.769668
-7.237497 7.118100
-6.442213 6.326324
-7.587801 3.803635
-8.590578 10.427917
-5.327608 10.090010
-9.006252 3.255278
-13.166660 7.847322
-13.230785 7.114146
-7.835549 5.109983
-7.766353 9.363652
-7.366643 6.544719
-7.284717 6.607652
-6.137960 7.335247
-7.513486 6.599087
-12.339823 9.780984
-11.599053 8.885903
-12.509899 8.686807
-11.417593 10.559303
-14.660486 8.824849
-12.072679 10.657293
-11.578507 9.091770
-8.413218 9.244864
-8.573930 9.122202
-7.929811 4.005410
-2.313004 7.385219
-3.328592 6.529720
-7.342899 6.430290
-8.285315 3.115284
-7.861086 3.607919
-7.913822 6.348112
-7.493450 6.880064
-7.282842 8.710446
-4.231199 9.428610
-5.895945 7.816176
-4.910514 6.609176
-5.258438 7.470307
-6.743157 7.579923
-5.506717 7.147388
-4.879713 7.531590
-6.378457 6.569555
-7.746868 1.513410
-8.168776 3.168279
-7.857371 5.815052
-7.729807 5.663242
-6.029289 7.795202
-7.111609 9.294061
-10.345168 8.560785
-13.011351 7.300766
-17.104399 8.778261
-16.161629 7.417986
-10.152954 -1.001210
-6.729130 6.665932
-5.857543 6.415895
-9.113265 2.937057
-7.693603 4.362580
-7.601119 7.231023
-7.672404 6.497772
-7.217937 7.241402
-6.394125 7.599741
-7.754906 7.060783
-10.346698 9.939549
-7.935205 7.818884
-7.534380 6.530029
-13.749763 7.642053
-12.012928 8.785624
-7.358944 8.812501
-9.304757 9.973662
-10.505698 9.248099
-7.709706 9.063639
-5.416517 6.870469
-0.748967 2.291101
-1.442670 3.200627
-1.262655 3.515915
-2.382329 4.047613
-10.416849 10.500426
-7.919608 11.473166
-8.679591 2.229327
-14.730380 0.756544
-13.779964 -3.497940
-12.661885 -1.246767
-10.281260 1.448924
-10.493059 2.484859
-9.817490 0.934000
-9.778831 1.294154
-12.374677 3.207365
-11.691660 2.653328
-15.484766 2.422549
-13.386449 4.705330
-12.465069 8.652167
-9.800595 8.522706
-11.785868 1.796799
-12.279765 1.653768
-11.993185 0.590734
-14.580799 4.607363
-13.415116 3.956821
-13.179245 6.460464
-14.872223 3.422366
-12.999900 4.823325
-11.998195 9.039559
-7.414872 9.202174
-7.752813 7.469378
-10.954265 9.047679
-11.853444 9.389859
-6.119935 10.270087
-6.678029 7.085247
-6.549888 8.231823
-8.027109 8.937938
-8.782246 8.555532
-6.405743 9.383323
-7.365004 6.676302
-7.613646 6.654823
-4.810623 7.371912
-3.493999 8.871132
-5.252177 7.769051
-11.039156 10.087701
-14.233035 6.982286
-14.702700 10.331243
-16.343023 10.335469
-12.646442 2.330838
-9.828532 2.344652
-7.889049 2.336966
-7.916270 1.241152
-6.603149 1.149884
-7.797990 4.535320
-7.793162 2.008303
-8.724442 1.669158
-3.924347 7.816783
-4.276993 6.829400
-3.917208 7.353899
-5.272378 10.407056
-4.620368 10.190351
-5.627825 7.411586
-6.576091 6.889055
-5.236534 9.197246
-5.724957 8.255036
-3.296734 8.481586
-2.050563 5.901299
-2.443667 3.113298
-0.923575 4.075358
-0.478752 1.912904
-2.649293 0.534145
-1.734139 1.172108
-8.208818 1.378226
-11.048853 2.839471
-7.683897 3.698291
-6.873543 7.317927
-6.174766 7.274921
-9.613605 2.089871
-5.905570 7.044842
-1.951102 3.738178
-2.143414 3.260930
-0.860053 1.225813
-9.739449 2.987976
-7.929831 5.514961
-7.862539 2.960536
-7.517587 4.269022
-7.345147 6.895508
-5.851469 6.330726
-2.107969 3.823503
-0.105235 3.858142
-2.225672 4.483288
-1.212976 1.731793
-2.663297 0.590032
-3.335650 -0.258089
-2.913241 -0.929924
-3.147285 0.723213
-7.668122 4.983322
-2.868355 -0.214101
-2.761610 1.283649
-1.198910 1.659544
-3.832762 0.561508
-3.468793 -1.467253
-2.008433 -0.439493
-3.220240 0.522722
-2.933330 0.161729
-3.869654 -2.250921
-3.675082 -0.448818
-1.787363 0.335603
-1.537540 1.993065
-1.046443 4.924550
-3.552915 7.643816
-6.073309 7.162820
-2.901307 6.527665
-5.893715 7.257669
-2.051678 9.655338
-3.208600 9.678449
-3.074052 7.013142
-6.022546 6.889407
-8.436413 9.829540
-11.654716 9.198752
-5.524865 10.415632
-5.580004 7.489384
-6.129802 7.512383
-6.200230 7.257175
-7.919922 6.858759
-6.320271 6.331927
-7.099937 7.105927
-4.405265 7.351231
-1.232295 6.984715
-4.751781 7.129064
-4.411163 6.804936
-4.284766 6.552317
-4.430633 6.322200
-2.940585 7.816473
-1.507894 6.272192
-2.180887 3.691095
-0.972874 5.132016
-2.404932 3.688424
-1.893520 1.821787
-0.229147 3.107970
-1.865964 3.324584
-3.154363 -1.583566
-3.468616 -2.339890
-3.528809 -2.552812
-4.549303 -2.433887
-6.220261 -5.074289
-3.114700 -2.627901
-3.073730 -1.219111
-7.143455 -4.023584
-7.904930 -4.364872
-8.596132 -7.162862
-3.462628 -3.564726
-4.143451 -1.867701
-3.879968 -0.773187
-4.066738 -1.830492
-4.740219 -4.963957
-6.279627 -4.973282
-4.378045 -3.933129
-4.077976 -1.775708
-4.482743 -0.618758
-4.386683 -0.743451
-10.155533 -0.910902
-7.466344 1.217490
-5.902553 1.272044
-1.271811 3.821748
-3.946621 7.361831
-0.891564 8.131503
-3.226149 6.564929
-7.640191 6.751535
-9.643937 1.974583
-9.601631 3.146383
-9.726295 2.944580
-7.523115 3.082460
-8.699625 2.408530
-6.545094 1.118462
-5.658590 1.193221
-8.085007 1.287419
-9.239749 3.003210
-8.856161 1.248763
-10.315768 3.279296
-8.811615 2.039127
-7.699247 2.805192
-5.188990 8.516739
-4.085804 8.605779
-5.196768 7.365369
-2.112265 7.568304
-1.472158 3.416884
-0.612193 2.109177
-1.374787 2.831571
-3.362808 7.015669
-4.775745 7.145730
-4.590818 6.485631
-3.436798 7.540163
-5.616758 6.346976
-6.314750 6.776253
-7.169600 7.493787
-5.616414 6.654251
-4.918479 6.609351
-5.070015 7.563055
-6.405553 6.683542
-7.765615 5.821002
-7.936390 7.238472
-7.925993 6.730928
-6.192411 8.859155
-6.980195 8.949161
-6.590072 7.759517
-10.579872 10.425385
-10.317434 11.257483
-13.655266 6.786158
-17.495825 8.359865
-13.698116 4.022268
-11.977164 1.868805
-9.701036 3.326168
-9.728960 2.565132
-6.945548 8.337441
-7.139874 8.350701
-6.574301 6.676408
-7.160091 8.987067
-7.146776 9.164643
-7.674717 6.545997
-7.679914 4.031248
-7.603220 7.519338
-7.927267 6.316763
-6.736843 6.626269
-3.773295 7.766604
-4.533489 7.042020
-7.275942 6.894576
-3.234071 6.488058
-3.935105 6.336590
-7.390697 6.627214
-7.242116 6.419607
-6.361040 8.208160
-4.940536 6.345479
-3.148533 7.059667
-5.486604 6.914366
-4.238989 7.941047
-4.442364 8.821376
-1.797795 8.321444
-1.721091 5.217254
-2.123917 5.440734
0.880522 3.955509
-1.304131 5.374716
-1.063387 4.542190
-0.620898 3.706535
-0.215797 4.499142
-0.776268 4.478411
-2.058865 4.753298
-0.995575 4.765039
-1.233170 5.365201
-1.807590 7.702656
-4.264182 7.445354
-5.267664 6.642914
-7.798357 6.287245
-7.737402 4.503655
-8.514923 2.353368
-11.601460 0.181373
-10.747794 2.469253
-11.317780 2.595365
-14.675669 1.980571
-12.925524 2.313463
-13.530047 2.845836
-13.861551 3.152793
-16.196089 2.519117
-12.612897 10.419022
-12.405052 8.711385
-7.856076 4.189833
-7.760231 4.888865
-7.851388 4.675823
-3.260961 6.846068
-4.472063 10.828827
-11.376269 10.638394
-10.421810 9.862366
-12.561990 10.483369
-13.389725 7.598372
-13.582588 4.519622
-14.325579 5.420585
-13.367044 5.388993
-13.949186 2.877282
-14.003990 5.529115
-12.966754 3.345357
-9.796890 3.227458
-10.255156 0.936453
-13.068815 2.881133
-11.847344 10.534490
-12.940238 9.165795
-10.164994 9.912313
-12.164044 9.034198
-8.427659 9.668359
-10.833912 8.640265
-5.962571 10.291152
-7.169441 7.390848
-5.960079 6.938409
-6.989284 7.901173
-5.534165 6.422780
-3.434031 8.002954
-1.837532 6.189805
-4.356597 8.101634
-5.036553 6.729857
-7.674542 5.716333
-6.499843 7.752061
-9.784278 9.765595
-11.329856 8.926995
-9.331644 8.594545
-9.788040 3.271254
-7.626479 4.756571
-12.540764 3.300470
-16.858063 -0.664618
-15.459684 4.820508
-13.255142 4.460032
-14.674898 4.580769
-15.242020 5.592359
-13.580856 2.964219
-11.275331 1.493103
-13.013550 2.652140
-10.470276 2.056850
-8.342371 1.833081
-7.493679 3.452375
-6.078395 7.712632
-3.510867 7.419056
-5.933436 6.396635
-6.233314 7.655541
-7.843350 6.449677
-7.632224 5.269166
-9.813154 2.978097
-7.588092 4.010329
-7.738647 7.129655
-7.291362 8.728891
-4.119984 6.637824
-6.365076 7.714380
-7.519724 7.349187
-5.447303 6.786345
-5.719121 7.714950
-6.316597 7.446453
-5.740413 6.659835
-7.697300 4.441173
-7.716226 3.461240
-8.744658 2.569573
-10.000953 1.470038
-9.852628 1.710209
-11.416561 0.035905
-8.593851 3.094149
-7.491462 4.203529
-8.405307 2.668924
-9.302066 2.252091
-12.218391 -0.057719
-6.957880 7.614467
-9.791857 3.273819
-10.221922 -4.501700
-7.943878 -5.790698
-8.580956 -3.930273
-9.888256 -2.694267
-7.877440 7.772862
-14.521742 6.825878
-17.561207 7.428938
-13.574650 3.740307
-12.366674 9.465646
-11.050589 9.004682
-8.156787 9.297316
-10.577351 11.010108
-7.854445 8.917599
-5.290227 9.755395
-8.583696 10.003215
-16.109581 7.774640
-12.182987 11.792512
-11.882656 8.701676
-13.284700 9.416808
-7.249713 10.257121
-8.938383 9.133949
-9.918455 -0.932340
-10.453793 -0.284014
-9.147706 2.204654
-8.173214 2.447161
-10.096932 3.420445
-10.262300 1.385215
-3.340661 0.166350
-3.036912 -1.643568
-4.146630 -0.820388
-3.247348 -1.482119
-4.030089 0.127273
-3.495847 -0.928976
-4.193470 -0.135155
-2.265390 0.884771
-1.745267 1.015742
-5.650127 6.661196
-6.171325 8.363765
-8.601524 8.770617
-8.381645 8.677917
-5.607597 9.463183
-5.488427 6.531813
-7.031377 7.609999
-4.367109 6.336367
-3.978523 7.376977
-7.018584 8.521903
-7.559691 8.167377
-5.663021 7.118363
-2.947536 6.717874
-8.724290 8.911960
-9.576622 8.894404
-11.385072 9.019756
-14.139601 11.634839
-13.353864 8.548222
-13.949882 10.391879
-7.367807 8.736007
-7.467651 8.148461
-6.687754 7.597999
-5.318423 6.905373
-2.513432 6.650244
-3.367848 6.433568
-0.563472 2.935119
-1.570007 2.843910
-2.253020 5.698907
-1.889695 0.878639
-2.367620 0.788713
-1.589160 0.768135
-2.221527 2.836113
-2.420130 2.965012
-2.454558 0.667292
-1.485089 0.550546
-2.543553 0.880538
-3.262305 1.301881
-0.623960 1.250547
-1.580410 3.384880
-0.173315 2.359251
-1.699776 1.403321
-0.624557 1.110574
-2.281943 2.653223
-2.114547 2.649901
-1.875703 2.795506
-2.022919 4.268389
-2.240036 5.683586
-0.518308 6.954130
-4.724232 6.694442
-4.576560 6.713976
-6.420578 9.518764
-8.468137 8.811017
-7.353793 8.258894
-6.827525 6.393552
-6.245437 8.639310
-7.386862 7.511978
-7.659574 7.439735
-7.489069 8.712354
-6.818114 6.520512
-6.734938 6.370782
-5.374020 6.681075
-3.686995 7.709964
-7.440527 6.808887
-7.285846 6.648277
-5.910376 7.585211
-6.920203 9.379525
-7.932428 6.019128
-7.883394 9.045334
-7.855428 6.141542
-7.302715 6.973278
-4.666497 7.496796
-4.459659 7.698403
-3.299274 7.039685
-3.160542 6.387292
-2.324124 7.422438
-2.274803 3.174725
-2.045257 0.253626
-2.995502 -0.075392
-0.357858 -10.134033
-0.752165 -9.452279
1.072454 -12.251166
4.365641 -16.812498
