0.107067 8.646516
-1.776674 7.253910
-4.264317 6.481453
-6.316394 7.765165
-6.108738 9.105162
-3.293847 8.394643
-7.902664 6.884812
-7.829548 4.513746
-7.547827 3.739567
-5.106163 7.628890
-5.189491 9.858279
-4.773057 11.640387
-7.669399 8.437634
-7.032026 6.823948
-7.019484 7.733949
-7.420380 8.374610
-6.229802 6.351477
-7.575249 9.250466
-6.501465 8.457402
-8.680357 8.861461
-7.164786 7.067585
-2.254658 3.709538
-0.715566 3.609614
-0.917669 3.718751
-0.148678 4.329441
-8.236012 3.304778
-9.179464 3.123245
-6.345905 8.671334
-11.017843 12.572199
-14.908388 9.511468
-15.564351 6.736883
-13.301065 7.485244
-7.886847 7.663801
-7.219496 6.350336
-3.422945 7.193910
-3.593081 6.788869
-5.255394 7.409325
-5.621362 6.598255
-0.752524 6.381736
-1.759488 4.760802
-1.302670 4.225566
-2.475275 4.407172
-1.176103 8.832534
-3.276911 6.374608
-5.580745 6.916655
-6.431769 7.553176
-3.848211 7.177797
-0.713792 3.234907
-1.072905 2.341521
-6.312973 1.238291
-3.384801 1.095591
-2.951895 0.201786
-1.565543 2.713106
-1.153171 2.127147
-1.826523 2.079428
-2.113698 0.617354
-1.702912 4.295037
-2.133297 4.959791
-2.133448 5.653810
-1.386116 7.077542
-6.725774 6.438292
-7.003382 8.947158
-7.283711 7.798071
-2.116425 7.255876
-6.747124 7.152359
-5.940191 10.407419
-10.113851 9.681987
-8.798878 8.821999
-7.215928 9.960669
-7.804677 4.443398
-7.352581 7.206282
-7.247899 7.793766
-7.907345 6.791462
-7.523911 6.315068
-14.338905 10.063984
-9.265911 8.642507
-6.976141 8.177622
-7.623835 6.154319
-17.133198 6.069526
-15.072527 7.878666
-10.330595 2.953017
-11.906625 2.726132
-10.788864 3.072048
-12.369160 9.781949
-14.497034 9.334946
-10.696968 9.306008
-7.954790 9.437634
-7.901352 7.948819
-7.135731 7.205382
-7.259945 6.759617
-6.149121 9.658992
-5.769400 6.546783
-5.403165 10.587934
-7.326116 9.926240
-7.672076 4.985842
-6.542490 9.855485
-10.234072 8.508287
-10.764949 11.750287
-7.685810 7.481477
-7.619435 8.895440
-8.043471 8.940944
-13.464093 7.615485
-14.381207 8.257516
-14.590981 7.690372
-13.673576 9.068740
-9.808842 9.805942
-8.740787 9.132519
-13.367677 8.606847
-13.183907 4.627348
-14.801823 0.912534
-15.284523 5.217234
-11.694846 11.156928
-11.906177 9.214362
-11.033840 10.941121
-9.059167 10.769852
-6.537089 7.155151
-7.611391 6.497031
-5.656509 6.332104
-8.378744 9.254848
-12.929770 10.530829
-15.384431 9.951326
-13.542752 11.253022
-11.263969 10.220611
-18.017916 11.343550
-14.442336 5.206786
-14.863286 9.145968
-17.222115 6.670372
-14.377470 9.110122
-12.373955 9.757089
-13.521086 9.356242
-7.411498 9.727759
-7.756316 8.531110
-7.546391 6.523079
-7.325757 7.879532
-7.141576 8.188643
-7.591830 5.732171
-7.591636 6.737922
-4.037148 7.587231
-5.230952 6.449015
-6.506338 7.009200
-6.228555 6.931526
-6.444333 7.228314
-5.783434 6.974623
-3.737013 6.548434
-4.037390 6.736879
-3.575354 7.080698
-3.294205 7.879162
-4.851579 6.692238
-1.349893 3.868443
-2.088804 3.191108
-2.448850 2.471478
-0.925782 1.818362
-1.618462 2.585749
-1.697749 0.521439
-3.550381 -0.170625
-3.720997 0.888957
-2.494965 0.106324
-0.191250 1.638465
-2.145900 2.805077
-1.479473 3.451436
-0.726304 4.736284
-2.311214 4.531800
-2.288827 6.688713
-3.347857 9.221760
-4.385553 6.623141
-4.926668 7.151364
-5.911355 6.557965
-2.337613 7.494340
-2.765220 7.222547
-5.764509 7.037140
-5.629208 6.414065
-5.049182 6.619708
-4.988950 6.752027
-3.413417 8.011850
-1.430228 5.148602
-1.631487 5.264388
-1.318598 5.252354
-1.088033 3.354261
-1.644392 4.425432
-1.407293 3.823330
-2.129551 3.892324
-2.292814 2.816948
-1.829167 5.532479
-1.082438 5.366608
-0.511093 4.376494
-1.622630 4.799174
-1.884384 6.944463
-5.563766 7.776330
-5.895324 8.542274
-5.397799 6.319827
-4.366514 6.404737
-6.199044 7.207319
-7.136074 7.260574
-4.987194 7.095483
-7.736546 6.468707
-11.928615 0.718037
-12.549787 1.827911
-11.822571 -0.288758
-14.633343 2.087054
-12.019775 3.229593
-13.026887 9.376297
-11.866730 9.104455
-6.344133 10.316620
-7.175879 8.459018
-6.730753 7.853424
-7.155163 10.934335
-7.620200 6.588406
-7.512285 5.258981
-7.901905 3.754570
-7.501400 2.278889
-8.304029 1.175304
-5.928029 1.277199
-11.213375 1.524815
-7.128070 6.317263
-6.345644 7.878749
-7.276414 7.235353
-7.565647 6.136561
-10.781102 8.681717
-9.574407 3.165968
-11.524297 1.898471
-13.037212 -1.621684
-11.330679 -1.678704
-9.853329 -1.306526
-3.849902 0.177317
-3.929584 0.111368
-6.115382 1.247460
-3.344712 0.296757
-3.052118 0.635053
-3.885378 0.497955
-4.235941 0.248932
-2.770391 0.473503
-3.496022 0.038638
-3.825255 -0.531289
-3.319418 -0.546822
-2.650439 0.181487
-2.955492 0.820411
-3.700386 0.335097
-0.908080 -0.265374
-1.394535 -2.760591
-2.751732 0.835057
-3.178819 -0.647275
-4.163151 0.819977
-4.389159 0.972209
-4.093216 -1.128034
-3.716470 -1.084066
-7.605458 -5.614544
-6.855750 -9.439778
-7.360981 -5.242863
-8.885417 -4.539573
-8.554171 -4.441963
-10.903439 -4.551496
-9.683515 0.146333
-7.490818 1.304776
-8.328682 1.701829
-8.108688 1.170606
-8.024318 1.425073
-7.613673 3.466363
-9.894478 2.255434
-9.017118 2.729132
-7.683274 3.290882
-7.667040 4.331882
-7.505117 5.858621
-6.152311 6.629483
-6.977325 8.338225
-6.869952 11.079103
-7.408856 8.798430
-5.367158 8.588986
-5.961167 10.794261
-5.625569 9.874845
-7.910404 6.238804
-7.691771 6.172885
-7.796453 6.250457
-9.015039 3.252267
-9.436718 1.941599
-8.227324 3.170169
-8.924960 3.498067
-7.685033 2.133264
-7.614600 1.527503
-9.448509 1.221396
-9.522217 2.060407
-9.448042 1.696188
-10.309601 0.897267
-10.017674 -0.601083
-10.151751 -2.986292
-10.209873 -5.679191
-7.857037 -4.343179
-6.626410 -4.475938
-8.014597 -4.850718
-10.544202 -4.937726
-9.547155 -5.167402
-10.300287 -3.131215
-10.867814 -0.457822
-9.960062 1.127326
-13.475347 1.498351
-15.074064 6.786762
-15.067565 9.520260
-12.441967 8.928357
