13.126571 -19.206553
14.795066 -10.970384
12.183495 -11.354098
10.149271 -8.231881
8.433717 -11.737727
8.468351 -9.994811
7.164180 -9.176194
14.169281 -12.321856
11.521792 -7.718596
6.951575 -9.119887
4.960621 -7.601297
5.418942 -8.277583
7.265444 -7.850533
6.009942 -9.534793
5.664930 -6.002387
6.050053 -0.941214
7.367155 0.942496
6.771295 0.079314
4.508459 0.978616
5.563244 -2.233777
5.466018 -0.612430
8.708712 2.681659
8.949158 3.217620
8.032751 1.436150
8.907389 2.359060
7.520039 1.736701
7.415709 5.675839
4.288574 9.361420
