-10.608821 2.684773
-8.481261 2.097113
-9.142404 3.181701
-7.531952 1.348006
-7.665222 1.841449
-8.456282 1.149966
-12.277814 -2.260269
-9.752304 -0.055046
-7.735110 -4.174684
-8.088623 -5.263960
-10.367672 -1.226630
-9.740863 -1.995011
-10.992857 -0.861872
-3.160334 -0.071752
-8.784286 9.267446
-10.446118 8.789912
-8.420790 2.997869
-3.971742 -1.643555
-3.314683 -2.906196
-5.000910 -4.650904
-6.820946 -5.390480
-6.754334 -4.433613
-2.898178 -4.739481
-4.171752 -0.156115
-1.786666 0.593376
-2.539708 0.353378
-3.590496 1.111460
-2.716190 1.030761
-2.980943 0.433611
-3.933141 1.267953
-7.842450 7.018184
-7.799734 6.414985
-6.477471 6.498447
-7.366606 7.193170
-7.912493 9.461912
-9.026901 10.006106
-8.611582 9.479882
-8.606998 9.415223
-7.325294 8.284519
-5.378179 7.591901
-2.726766 6.615167
-4.024519 6.934323
-4.956113 6.587768
-4.893119 6.916806
-3.118623 7.157362
-4.397552 8.237985
-7.120762 9.279729
-7.102979 6.931164
-3.214235 7.174159
-0.770382 7.343812
-2.288864 4.988247
-2.332967 4.540814
-1.637132 3.311468
-2.543974 0.453628
-3.070011 -0.932248
-4.404620 0.407986
-4.057364 0.547230
-8.375640 1.330977
-8.913682 2.765448
-10.137386 -1.123569
-9.916721 -4.381880
-9.961723 -4.105330
-10.303097 -1.642103
-9.804325 -2.153150
-11.476238 -3.102110
-10.712948 -1.274091
-12.272564 -3.497652
-10.893216 -2.968137
-12.417259 -3.757222
-7.733303 -5.678124
-2.687107 -3.161624
-3.720644 -1.987528
-4.041060 0.086015
-3.630270 -2.250471
-4.517093 -3.061183
-5.147640 -7.047819
-6.870596 -4.005398
-5.608145 -5.765084
-6.560112 -5.791798
-8.080399 -5.582308
-6.576372 1.295070
-5.659581 1.274595
-3.367964 1.047590
-4.567029 0.387655
-4.105550 0.463289
-3.787205 -0.983028
-4.134388 0.722112
-1.746746 0.736095
-2.556387 -0.082800
-2.113987 -0.434840
-2.498067 -0.777377
-3.375266 -3.463396
-4.477992 -4.641957
-7.059974 -7.096496
-6.217365 -5.821593
-5.632246 -6.597758
-6.584556 -5.833921
-4.107291 -5.136435
-3.915483 -2.905255
-4.201870 -1.863352
-4.580389 -1.929719
-3.914822 0.143359
-4.328113 -0.115669
-2.710049 0.463260
-2.014357 2.969032
-1.308351 4.175176
-2.253195 4.662985
-1.754171 5.739785
-3.232250 6.963348
-3.968302 6.668561
-4.616050 6.634087
-3.058149 6.700100
-2.983258 7.173388
1.447775 4.561285
-0.157785 2.570775
-0.588833 4.001716
2.836504 4.500329
