-13.150640 4.532568
-13.137774 6.702999
-16.326637 8.563293
-10.705172 9.523791
-8.867570 8.688649
-6.769785 10.727641
-4.605975 6.536107
-6.931788 8.063018
-6.429034 8.577002
-6.870144 6.935587
-5.185328 7.457262
-3.631879 7.047018
-6.552814 7.404350
-5.866564 7.860595
-5.784801 7.311838
-5.883340 6.579245
-6.658264 7.272171
-7.063324 6.559243
-5.953927 7.638987
-5.537889 6.680280
-4.664891 7.611430
-3.158119 6.317609
-2.064722 7.723167
-2.432280 4.674032
-1.497352 2.237466
-1.260450 2.492443
-1.289773 2.469094
-1.876905 4.134180
-2.204239 1.829011
-2.242456 3.433012
-2.234461 0.679803
-0.988104 0.261737
-4.461583 0.469754
-2.959846 0.734404
-3.878814 0.028153
-3.730699 1.206935
-2.941742 1.130480
-2.081156 -0.189882
-1.132037 1.528838
-1.027742 1.814748
0.047053 3.308881
-0.924509 4.491163
-0.739261 7.097149
-4.543910 7.191543
-1.131645 9.125257
-1.104008 4.423956
-2.057795 5.200380
-2.448719 5.026950
-2.243740 2.491647
-1.706384 -1.763031
-4.487268 0.917168
-3.721579 -0.651121
-4.062506 0.075202
-1.850635 -0.639791
-3.417235 1.103660
-6.380830 1.295109
-7.815742 6.026363
-7.501702 7.252456
-5.593457 8.202247
-7.050231 8.107822
-4.559594 7.533759
-1.783619 6.066504
-2.777316 6.627092
-1.203693 5.729963
-1.966557 6.010530
-3.884529 6.369035
-4.461917 6.455657
-5.144211 7.867377
-5.636351 6.495866
-7.574916 7.114084
-7.909792 5.559537
-7.519026 3.838458
-15.650262 8.435935
-13.955415 13.774475
-13.536251 5.172543
-14.649403 6.848509
-10.407171 2.143631
-8.448803 3.431905
-11.589602 8.773125
-8.881988 10.656504
-7.993392 8.810748
-6.844237 8.072509
-4.812656 8.451163
-6.975425 6.840634
-9.119064 3.427186
-9.613802 1.696814
-10.557905 1.882486
-7.851112 2.485602
-9.189203 2.993428
-11.653758 3.105245
-8.857469 1.569328
-3.730831 6.894443
-0.608351 6.783428
-2.173057 4.216012
-3.766713 -0.109211
-1.578360 -2.518582
-2.591974 -1.854340
-4.439933 -0.930614
-4.327001 -3.231928
-3.909503 -4.791522
-3.904683 -1.198939
-3.635418 -0.032022
-2.685433 -0.744031
-3.260329 -1.453936
-3.282065 -0.947292
-4.355536 0.875507
-4.082360 0.689241
-7.654552 1.989787
-3.758821 -1.675236
-2.757285 -2.164026
-3.290247 -1.344989
-2.381932 0.101592
-4.024110 -0.645367
-4.472323 0.250298
-4.561596 0.481916
-4.305664 0.729568
-4.475136 -0.933903
-4.345912 -0.097735
-3.674042 0.508792
-4.046938 -1.135775
-3.779657 -1.987271
-4.399518 -0.623217
-7.732804 -4.462996
-7.059504 -5.483748
-8.396612 1.898632
-9.888875 2.355265
-12.099940 2.278648
-16.378757 7.047559
-14.129668 10.175214
-9.809578 10.030593
-6.568032 10.405059
-9.335444 8.915471
-14.084922 9.201303
-10.369740 9.183630
-12.398537 9.024910
-11.329142 9.185720
-8.139280 10.914243
-7.051657 7.150286
-4.585325 6.604578
-1.454582 6.807884
-3.673231 6.608038
-2.403875 7.627143
-1.550023 5.212488
-1.941990 5.798043
-1.694762 3.442215
-0.156775 3.841886
-1.553808 3.987082
-1.166638 2.382372
-0.325885 3.269476
-0.532566 3.411105
-0.114428 3.061900
-2.349871 1.628679
-4.108886 -1.249318
-2.575428 0.796047
-1.793237 -0.029974
-3.491318 0.431135
-3.418687 0.980456
-2.938325 0.714694
-5.360563 -5.994816
-7.149641 -6.813582
-10.736551 -7.250699
-12.056778 -4.796630
-6.965781 -4.181582
-7.131789 -6.404641
-3.643642 -3.472880
-4.516258 -3.007990
-3.578475 -2.111746
-4.324132 -1.760554
-4.121230 -0.449912
-2.267107 -0.089231
-4.256854 -0.533259
-3.723788 0.799554
-3.528752 0.410335
-0.429984 2.487948
-0.940286 3.503407
-1.218841 2.210850
-3.875848 -0.748038
-3.242402 0.549363
-2.397850 -0.609508
-4.145918 1.002000
-2.079700 0.440926
-1.762255 -0.169062
-4.355717 0.812643
-3.474776 0.352099
-8.027445 2.382212
-7.856733 3.147391
-8.583993 3.365088
-7.921636 7.180553
-7.680489 4.981989
-7.733191 8.132586
-7.245266 6.945666
-6.016954 6.915352
-8.158669 9.381887
-10.569435 8.820653
-10.616888 9.680357
-5.882020 9.342229
-9.176360 8.825416
-13.032445 10.286995
-12.703640 8.854415
-7.569115 5.107463
-7.646387 4.031033
-7.970629 2.522705
-9.366457 2.454009
-11.793207 -1.071047
-11.330449 0.205351
-11.785599 -0.168545
-10.619626 -1.705788
-12.152206 -5.117365
-3.908034 -4.097885
-4.164591 0.134186
-0.957641 0.757789
-1.600661 2.917758
-2.080906 2.551971
-2.338457 0.848102
-3.592359 0.239481
-3.162893 -1.575005
-4.398831 -0.569397
-4.071204 0.349255
-3.445743 0.661379
-2.476391 0.052447
-4.988584 -3.907996
-5.693799 -5.266455
-9.348379 -5.846493
-11.829801 -6.331006
-10.480413 -0.512748
-9.710252 0.670177
-10.132115 0.365434
-10.921812 1.009149
-8.456249 1.659195
-8.263152 2.148784
-9.738911 0.930373
-5.675698 -3.993570
-6.856406 -6.027912
-6.660945 -8.136186
-10.593466 0.103616
-10.032663 2.080069
-7.753285 1.287020
-7.631207 1.575895
-7.448393 6.799695
-6.975887 8.790557
-9.144906 9.138209
-9.592366 9.884719
-9.635503 10.273280
-9.093003 9.073242
-7.134416 6.434772
-7.843961 7.160394
-6.443963 6.467618
-4.496348 1.289032
-9.567609 3.450137
-13.718520 0.560558
-10.253117 0.811522
-9.688251 0.969423
-14.258757 0.886899
-7.516849 2.688919
-7.763187 1.509276
-9.968459 1.999898
-8.585627 2.336493
-8.356770 3.218325
-7.541208 2.515472
-3.446753 1.134500
-2.577007 1.282778
-3.428447 -0.413187
-2.243478 -0.641281
-3.573163 -2.593482
-1.373681 -2.683537
-1.260737 -0.000741
-4.086110 -0.433547
-4.582839 -0.030394
-1.982366 -2.088711
-4.409991 -1.161813
-4.569835 -3.691388
-7.073527 -6.760015
-6.799817 -5.859431
-4.987408 -4.703943
-5.704056 -6.413503
-11.783140 -2.534691
-10.606460 -1.949031
-10.595697 -1.095830
-10.028454 3.077104
-10.092956 -1.061204
-9.642294 -1.282878
-11.069501 0.811714
-9.279095 1.458203
-9.897615 2.391538
-7.641778 1.693284
-9.295107 3.155818
-8.450211 1.393569
-7.933995 2.360432
-8.810715 1.484319
-8.996498 1.142627
-9.046346 1.463344
-10.188695 3.101481
-9.355388 1.937443
-9.289982 2.208691
-10.365784 2.033187
-10.173732 -2.449568
-10.321609 -1.695655
-10.195152 1.272478
-7.879628 2.420336
-7.268607 10.500175
-6.120906 8.392544
-11.669529 9.974560
-7.390090 8.289976
-7.903202 8.288594
-4.153560 8.728315
2.786543 9.267980
4.250947 10.148417
