-3.956629 9.887818
-6.239150 8.405677
-7.586323 6.314344
-6.362639 6.850935
-7.989025 9.827707
-6.909431 6.416684
-4.658351 7.368544
-5.339757 6.312307
-7.511453 6.789193
-5.872684 7.992278
-6.266168 7.880204
-7.435457 7.063363
-6.022517 8.112514
-4.805803 7.301987
-2.338517 7.501201
-6.043056 8.157895
-7.398734 10.016566
-10.634577 8.901582
-7.329108 10.501460
-6.340450 7.136384
-5.708338 9.347987
-10.941993 10.148679
-7.100428 8.144104
-9.206338 9.034161
-11.598483 8.696740
-11.383478 10.183434
-5.061593 7.192690
-6.044250 8.215097
-7.780393 6.756096
-7.224452 7.212847
-5.074787 7.123880
-6.835103 6.927226
-6.911993 6.491660
-8.376573 9.087020
-8.283545 9.968130
-7.754975 8.223731
-7.786227 7.525260
-6.824346 6.966399
-7.495907 5.258806
-7.805581 4.528344
-6.223244 8.788492
-6.165771 6.396085
-9.491751 2.684330
-7.673718 1.569880
-10.661516 1.033742
-10.015191 1.523554
-11.129131 1.912149
-10.020309 -0.178723
-5.393667 -6.672427
-3.622019 -1.762859
-3.622970 -2.396714
-3.849806 -0.362478
-4.320184 -0.702775
-7.520113 2.699736
-7.731248 1.385666
-1.572950 3.170781
-0.837142 3.526326
-2.066146 4.073163
-7.570766 2.055343
-7.684221 4.341517
-7.901944 2.947759
-10.289288 2.218100
-10.043129 1.275115
-8.794056 2.529652
-8.839520 2.553665
-1.602196 3.996490
-1.436709 1.240287
0.425985 1.048862
-0.886483 1.979586
-0.748718 2.067827
-1.446820 1.360362
-3.194976 0.286159
-3.504785 -2.153269
-4.447844 1.156674
-3.756962 -2.357931
-4.064855 -0.181830
-4.147344 -0.193845
-8.044962 1.926084
-7.868642 2.840771
-6.014630 1.288863
-3.893698 0.013732
-2.916350 0.863118
-9.659140 2.672620
-10.036653 1.387085
-9.840278 2.898582
-10.240046 2.142378
-11.135275 1.884691
-8.228125 1.289655
-9.848132 1.529886
-9.791682 -0.292482
-7.602655 2.017171
-9.798308 0.734630
-8.955912 3.391978
-14.480059 2.908947
-13.381416 4.794713
-16.003216 6.489146
-11.256157 10.587414
-10.295527 8.914693
-9.819033 9.128892
-9.484326 8.904376
-6.109009 8.334048
-6.673337 7.922172
-7.718771 7.606600
-7.839231 7.601199
-7.769539 6.189213
-7.844256 7.309401
-5.573574 6.740724
-6.962469 8.573737
-10.671314 8.739066
-12.309847 8.595944
-9.180735 10.326134
-9.169740 9.676300
-5.467607 7.246105
-6.115284 6.551392
-6.949713 7.123024
-5.485785 6.648273
-7.522110 8.560722
-8.819436 8.619913
-11.934577 8.525929
-10.766694 8.812829
-7.209357 6.743561
-7.535928 7.471558
-6.366288 7.617848
-13.697845 6.654369
-14.910004 1.068002
-14.033160 7.419017
-7.765288 7.291826
-6.022460 7.578973
-8.245275 8.859766
-7.854124 11.751235
-10.768559 8.523941
-9.885046 8.753381
-8.463852 8.572886
-9.211218 9.638227
-8.130416 9.102233
-6.914686 8.265893
-9.266843 9.478022
-13.175142 9.981723
-13.527548 6.257071
-13.343067 4.212089
-13.163088 6.521624
-7.545408 6.400609
-7.778417 5.887191
-9.363449 3.230642
-6.841675 7.946959
-10.827821 0.881573
-10.753756 2.228722
-7.509814 5.973951
-4.298110 0.652753
-4.008070 -0.429739
-7.896839 3.825898
-7.776445 5.999176
-7.619231 5.036896
-7.168078 8.321657
-7.071990 6.766746
-6.477639 6.401155
-6.248863 6.860252
-12.191919 9.077955
-6.146898 9.030917
-6.009459 8.383613
-7.454505 6.316455
-7.731728 5.189485
-7.577826 6.703848
-7.924117 6.018464
-7.521429 3.487340
-7.931459 6.629299
-5.434030 8.426894
-10.560232 9.187873
-11.565746 9.564836
-7.866883 10.211014
-10.731862 12.179936
-12.977042 10.493549
-16.905537 10.979622
-14.951625 8.519821
-11.814473 3.009078
-10.643722 1.381039
-11.396254 2.687022
-11.474545 2.771547
-10.513590 3.006364
-10.540217 2.506942
-9.988709 2.399911
-9.374390 2.633255
-11.652134 -5.590141
-9.757360 -7.885867
-14.984218 -15.141473
