-5.555937 -12.612797
-5.665430 -6.906632
-6.787405 -5.755881
-6.553630 -6.395744
-4.275875 -5.977176
-3.309188 0.369314
-0.667241 1.491250
-1.604575 2.382217
-0.377526 1.345008
-1.439529 0.271042
-2.468238 1.334645
-0.856824 4.022508
-1.996451 6.731194
-4.313960 7.370959
-3.013710 7.442274
-4.123467 7.441548
-6.024918 6.850114
-6.268594 7.730223
-7.520900 7.036683
-7.864826 4.812032
-13.809801 4.602358
-11.792751 -3.495296
-10.450523 -3.447476
-10.787216 3.015447
-8.493320 3.412712
-12.690742 2.153226
-7.602973 2.388219
-7.885586 4.544099
-6.560958 6.487708
-7.067184 7.599369
-8.728944 2.485801
-7.812795 3.638590
-7.824728 2.557082
-10.259975 2.699013
-7.528439 3.910679
-5.951197 1.108445
-1.940830 3.005272
-2.200768 0.731084
-7.691568 1.346137
-8.907170 3.020643
-7.899214 2.068241
-7.130929 7.077445
-6.465878 6.706002
-7.510583 1.575307
-7.809050 4.843217
-6.474766 1.187101
-3.648057 -0.703534
-3.999686 -0.835590
-3.950389 -0.891662
-3.828525 0.626277
-1.789164 2.177225
-0.899869 2.042331
-6.403801 7.077414
-4.097278 6.858439
-3.998836 6.480153
-3.836997 7.234622
-7.218943 7.392814
-7.691864 7.886483
-2.253193 4.908371
-2.162302 2.786416
-0.729068 5.869200
-3.587431 6.874173
0.021761 5.478076
-2.291018 5.703613
0.162710 2.400076
-1.899118 1.189673
-3.491564 0.949914
-3.351346 0.394978
-3.909921 0.965121
-1.512683 1.231082
-2.275989 2.956780
-2.229072 3.775645
-1.210559 2.795011
-1.132598 3.273033
-1.818742 2.353691
-2.200640 0.380488
-1.537359 -0.268293
-1.635483 -0.229902
-2.152148 0.435491
-1.791438 2.600102
-0.110404 2.965473
-2.184386 3.912427
-6.223852 7.110394
-4.289004 9.281375
-7.932611 1.282850
-11.209976 -2.086730
-12.012791 0.057753
-8.793326 2.325146
-2.151121 2.399570
-2.280228 5.092185
-6.336548 7.574440
-4.229018 6.456874
-5.737950 6.388678
-6.698589 7.087286
-5.664340 7.232972
-6.154319 6.881925
-5.877495 6.486976
-7.244249 6.909892
-7.637255 6.727463
-6.641694 9.283261
-7.743606 7.916904
-9.358239 10.010159
-10.044203 10.239473
-11.432889 8.543252
-13.575892 7.981562
-13.054386 5.158894
-12.607709 9.196483
-12.430042 9.037284
-15.181142 9.157907
-15.137228 12.408542
-10.516882 11.535005
-11.085032 8.552753
-11.348242 9.514888
-10.845922 10.470265
-6.408775 10.384366
-6.786811 8.655195
-7.881352 8.054886
-4.817237 7.713319
-6.644321 7.191438
-4.502738 6.564833
-6.017768 8.210999
-5.274624 8.865693
-5.770160 9.119226
-5.474519 9.126128
-7.454134 6.743013
-8.584320 1.771632
-8.117359 3.411295
-9.575614 1.854006
-9.317638 2.126502
-15.528414 9.586665
-14.432815 7.796048
-15.701253 5.016157
-15.390173 -1.458909
-10.511665 -4.142264
-7.546727 -5.359622
-13.109126 -3.124779
-9.817294 -2.908053
-11.036526 -0.875765
-11.421088 2.713799
-10.261945 -1.613004
-9.613617 -0.520338
-7.523360 1.859532
-4.552531 -2.338958
-3.894021 -2.727350
-5.004723 -5.532119
-3.564562 -1.796847
-2.926825 0.132752
-2.410338 -2.390243
-2.947120 1.232362
-7.874974 3.248544
-8.841813 2.863137
-14.499424 2.365817
-13.254327 2.751654
-12.470003 -0.288794
-14.852909 0.528951
-13.059244 4.930029
-15.640429 2.212148
-13.211184 8.501085
-10.345046 9.440479
-7.005795 9.941939
-4.571007 6.936753
-5.171147 6.730085
-4.536354 6.466695
-4.538110 6.738277
-3.506745 6.867976
-2.297072 6.507713
-2.283917 4.842329
-2.181893 4.059363
-1.557100 4.067409
-2.039955 4.826278
-1.547665 3.813599
-5.925002 6.979773
-7.195574 6.413345
-7.495539 7.328567
-7.860370 3.753099
-6.736876 6.535255
-6.272260 7.937839
-5.636789 7.697629
-4.060310 7.518833
-1.442386 5.640232
-1.323102 1.160967
-2.037926 -0.011585
-4.104996 0.562484
-3.576476 -2.116879
-5.095715 -4.949061
-7.000261 -5.573026
-5.678849 -4.494761
-5.980541 -4.499866
-9.650276 -3.400455
-9.700338 -0.323631
-12.255243 -3.823021
-8.669065 -4.736083
-6.902916 -5.990796
-6.375969 -4.203042
-3.784746 -4.390802
-4.532496 -0.597916
-3.700275 -0.807963
-2.037534 1.837623
-3.180538 -1.073096
-4.443099 0.874860
-9.171028 3.352710
-7.530984 3.214075
-7.905462 5.033775
-7.822208 7.670136
-6.467761 7.895018
-5.841769 9.569465
-6.622541 7.419510
-9.418041 10.744309
-10.137167 9.738729
-12.032338 10.062121
-9.860031 10.163223
-8.573506 12.648781
-6.466177 10.681710
-5.310223 6.593894
-6.423185 12.757709
-6.454781 9.889374
-12.200407 10.228696
-10.418200 10.007327
-7.230428 8.697824
-9.102074 8.675464
-2.824167 7.860339
-1.988802 4.356042
-2.468090 5.212906
-1.159006 6.560080
-4.012004 6.863899
-6.241928 6.675989
-2.533968 7.373556
-1.343492 4.380748
-1.828483 4.425581
-2.819965 8.536016
-4.965969 8.824467
-9.901072 9.016151
-7.951757 10.729270
-6.095417 7.303236
-5.723339 7.092058
-5.476658 7.692057
-7.623507 5.961533
-7.457933 7.989458
-7.909410 7.244693
-7.740406 5.566372
-7.545855 4.659630
-9.388734 2.571122
-10.851774 1.051097
-9.869952 2.635750
-7.685726 3.145316
-8.451403 1.746210
-9.258823 2.673230
-3.936459 7.035351
-7.637574 5.082258
-5.271003 1.127594
-4.206980 0.596237
-3.655489 -2.491815
-4.014625 -1.456269
-3.120728 0.504837
-1.095296 2.800622
-2.348682 6.914437
-3.741657 6.612904
-6.221085 7.977360
-6.731055 7.555278
-6.198171 7.828671
-2.397529 6.470433
-1.966888 2.416625
-1.819730 2.604125
-2.134982 3.849187
-1.838569 4.123741
-1.981366 4.914362
-3.415350 6.809250
-6.667402 7.687573
-6.573943 8.158186
-10.913034 13.080718
-8.884297 10.379828
-9.875242 9.470633
-8.936636 8.722416
-13.043566 8.806654
-13.658124 8.227760
-7.347579 6.578737
-7.207694 6.350591
-7.288165 9.439331
-6.678350 8.616086
-9.469400 10.431158
-13.149233 3.358941
-8.723178 3.220577
-8.832480 3.026235
-11.017314 2.821272
-8.740325 3.070085
-8.043668 3.158090
-7.847901 3.335591
-8.530861 3.433198
-10.317243 0.191079
-10.435654 2.287596
-5.506558 7.419339
-7.425862 6.632866
-7.573899 8.606501
-5.690797 9.175580
-8.174034 10.213162
-11.001678 10.783866
-8.595819 8.637019
-9.675369 8.566270
-13.579605 12.623199
-5.939515 8.398756
-7.815549 7.321386
-7.593917 5.106738
-7.934243 6.043807
-7.435194 7.133698
-7.608735 7.202549
-7.897379 4.431208
-7.751440 5.268676
-7.875896 4.951372
-7.915595 7.474760
-6.500819 7.640989
-5.561040 6.801123
-6.601603 6.901707
-5.819031 7.855762
-4.072489 6.943457
-2.351248 6.406154
-1.289730 5.165752
-0.338491 4.549247
-1.622707 4.867064
-1.946296 7.782381
-5.135925 7.981225
-5.762900 6.733173
-3.451992 7.149353
-7.176647 6.702544
-7.505393 7.294055
-2.923284 8.056123
-3.271145 7.784204
-6.937986 8.613845
-8.327608 10.495309
-5.901345 9.200940
-3.327472 9.190848
-4.334441 7.509628
-7.667952 6.415523
-7.990462 1.782233
-8.314650 2.503792
-9.570667 2.061620
-7.761584 5.366069
-8.607773 3.497134
-11.335002 3.059695
-4.924898 8.252042
-5.129526 9.250362
-7.366418 7.021402
-7.799180 4.893759
-7.861288 3.871128
-6.797259 9.005765
-7.120259 6.654548
-6.319932 7.746614
-5.473924 7.756264
-5.084100 6.746749
-6.759206 7.257943
-7.019299 6.399715
-6.449145 7.458554
-6.737309 8.251782
-7.496698 10.542564
-7.851500 10.378221
-9.125530 8.548100
-9.019330 9.053285
-7.097538 8.551236
-8.160181 9.242243
-6.687881 7.652238
-7.525532 7.427263
-6.713715 7.366030
-7.891047 7.211517
-7.386063 6.415374
-7.441865 7.330347
-6.600610 7.735159
-9.880829 3.292948
-10.448078 -0.982883
-7.998551 2.094537
-7.606312 5.212429
-13.002478 6.132329
-8.616694 9.598181
-8.907940 10.137278
-10.292289 8.517249
-9.703371 9.091519
-15.210877 11.701787
-11.478696 8.669959
-13.520390 9.369132
-13.324203 3.865020
-10.293550 -1.586261
-10.389185 2.056204
-8.761104 1.711419
-9.800901 2.334876
-10.668249 1.477025
-8.688846 3.323645
-9.088822 3.410443
-7.739451 2.510038
-10.885599 2.979661
-12.153442 3.421908
-12.568014 2.732322
-15.997086 2.893062
-9.574275 3.280644
-8.526682 2.912816
-12.193648 1.284307
-7.919023 4.595609
-7.920392 7.415351
-4.608460 7.362711
-4.367419 6.781942
-3.738405 8.303958
-2.806134 7.981225
-5.533709 6.935834
-4.998325 8.297382
-5.128237 7.267433
-6.304732 7.339892
-5.214872 6.429540
-6.874655 7.652711
-6.501830 7.874345
-6.031889 6.842560
-4.969100 8.872300
-1.017244 6.252490
-5.306052 7.423793
-5.512432 7.862554
-7.033986 6.604632
-6.545458 8.584189
-6.570270 6.473011
-7.503752 7.038952
-7.929243 7.312911
-7.755330 5.881663
-2.959933 6.610440
-1.754831 6.153329
-0.790985 4.655365
-1.699914 4.896255
-1.297710 2.952215
-0.948574 2.118537
-2.393953 7.800126
-0.429276 5.555359
-1.269614 4.923162
-2.373371 6.867855
-2.047473 4.801488
-4.837745 6.540638
-4.688613 7.690353
-6.257455 6.460689
-7.163596 6.521044
-6.260997 8.319006
-7.953277 7.257824
-5.632457 6.603721
-6.410861 6.576919
-6.233949 8.510403
-7.454339 8.238333
-7.765520 4.936373
-4.397654 7.053000
-6.254005 7.857089
-3.408341 0.328133
-3.506232 -2.007410
-3.493809 -0.860194
-3.174932 0.278268
-4.125013 -1.101459
-4.526689 -1.684322
-4.492705 0.991546
-9.979141 -1.154597
-10.270926 -2.502289
-4.448854 0.253018
-8.450734 2.894407
-8.741909 2.163896
-3.573862 1.136770
-8.325203 1.621460
-13.022110 0.988044
-10.524770 0.400360
-10.980052 2.879737
-9.159366 3.195546
-8.988799 3.452685
-10.155844 2.841590
-7.537067 5.809992
-7.693274 7.360936
-5.616552 7.546229
-6.974673 6.396618
-3.961504 7.668730
-5.549493 7.834712
-7.910056 6.078274
-6.247148 7.555351
-7.768425 1.595284
-10.550753 2.608947
-10.904156 1.287151
-10.902880 2.794331
-11.988141 9.696952
-9.003414 11.272716
-7.097919 9.876973
-8.420395 8.654067
-6.242356 8.417762
-7.857743 8.594233
-7.713486 3.896358
-7.533292 6.852302
-7.524332 7.563073
-7.190408 8.259604
-10.361880 9.790351
-7.893100 7.445987
-7.783200 2.737070
-10.730935 2.525550
-12.301691 0.108378
-6.673762 6.552002
-7.653364 4.445312
-7.701908 8.390240
-7.176929 7.191263
-11.036253 9.875861
-9.114900 9.883601
-8.400534 9.099471
-15.337851 4.577900
-11.425457 3.364994
-7.699808 2.931340
-8.694468 1.124203
-11.166892 1.259588
-11.275936 1.066438
-12.551689 1.748953
-13.763588 -1.383639
-13.682192 6.282403
-15.131666 6.915822
-12.042891 10.621922
-11.058311 9.761244
-8.984491 8.877609
-5.480042 8.209289
-7.299208 7.516676
-7.656779 8.781363
-5.512292 7.402792
-7.877612 6.678045
-4.444943 6.782875
-4.204981 7.430495
-5.478575 8.740435
-11.099457 8.915062
-11.487721 11.101670
-7.829089 8.458182
-7.582472 6.175946
-7.876218 3.827864
-7.776347 5.117817
-5.463721 7.814301
-5.561008 6.480221
-5.725337 7.143408
-7.069355 7.118038
-7.235229 7.103397
-7.228875 8.199271
-9.224324 10.283774
-10.095956 9.025891
-10.912994 9.383106
-11.763178 8.625514
-5.261234 6.350440
-7.229334 6.642934
-5.470065 7.194971
-8.427138 8.984459
-13.288720 6.865043
-13.193033 5.597990
-16.442974 5.238824
-16.532330 6.382703
-6.194812 9.760625
-7.289057 7.051494
-7.915604 6.180737
-7.821200 4.313652
-6.324107 7.613692
-7.762539 6.224947
-9.672115 3.197001
-14.135105 1.683428
-11.857582 2.488766
-11.413697 -0.466079
-9.560987 1.323264
-13.162840 1.389960
-11.127007 1.466496
-9.998709 -1.003863
-13.100584 2.625666
-10.913651 2.387731
-8.887397 1.605362
-7.521452 2.740372
-8.293777 2.797527
-9.726845 1.815055
-9.591212 2.819187
-8.986322 2.429617
-9.943916 2.344580
-9.704924 2.299299
-8.818401 2.049519
-9.717878 3.144788
-9.847184 -0.011043
-12.218251 -0.632349
-12.229769 -0.109457
-8.240889 1.904322
-7.579499 5.086508
-7.578231 6.376044
-6.174736 7.023909
-7.088604 8.252606
-5.728912 7.795375
-3.605901 10.176595
-6.237718 6.842692
-6.078654 8.204172
-6.183349 6.981807
-7.512628 4.023456
-9.343768 2.247097
-8.655587 1.733298
-9.739154 0.146232
-11.357610 -0.410779
-10.299511 2.405846
-7.689042 3.473803
-7.709334 1.181868
-4.590488 1.196122
-3.841495 -0.667109
-2.799585 0.183330
-7.527697 5.025645
-7.623981 5.570817
-7.752300 8.342417
-7.743298 5.162875
-5.598766 9.226999
-3.695002 8.256803
-3.219452 6.708649
-2.247321 7.410170
-2.214606 6.774778
-5.272192 6.867599
-5.908518 8.307981
-5.600334 8.072481
-5.605551 7.149227
-5.696719 7.483855
-5.360542 6.310629
-4.808091 6.526268
-7.922834 8.048344
-7.586354 6.005919
-7.551908 5.988587
-7.742261 3.166388
-7.520174 2.947515
-9.104992 3.302887
-8.344334 3.395097
-2.466345 4.263676
-1.876856 3.501371
-3.445821 6.937541
-3.620846 7.464742
-6.639444 8.658072
-8.541484 9.775431
-12.350362 10.214238
-8.975903 8.715422
-11.032740 10.776589
-13.289577 17.119038
-7.818556 8.412686
-7.548156 7.022159
-6.136362 6.936571
-5.137781 6.614986
-4.032676 6.957366
-3.639757 8.845353
-2.453956 7.223462
-3.405939 6.703759
-3.158611 7.749959
-4.328770 6.882501
-6.148555 7.022106
-7.228461 7.980977
-6.726480 10.894259
-4.825372 8.458725
-7.591143 7.888846
-7.968676 1.821734
-7.644092 4.609852
-7.734879 6.896529
-7.446106 10.218095
-8.710587 11.590832
-5.492220 6.505940
-6.481258 7.090301
-7.592392 7.240551
-6.713040 7.877406
-2.249697 7.939666
-2.335023 7.318151
-4.575356 6.742610
-4.932074 6.409999
-5.793937 7.129833
-3.196548 6.448476
-3.292717 6.316516
-4.806327 6.899743
-4.762870 8.192719
-5.850836 6.975973
-4.545340 7.682536
-6.127652 6.612192
-7.464427 6.784172
-6.587829 8.757138
-8.297112 9.256915
-6.950704 8.382613
-6.161544 7.285908
-7.560024 7.927727
-3.870528 6.985847
-1.677186 6.017359
-2.179030 6.029290
-2.478484 6.996739
-7.283675 7.163739
-4.422469 6.429476
-4.725129 6.717218
0.153922 2.867983
-0.125954 2.188782
-1.924829 3.048546
-11.388738 0.580494
-10.640392 -3.934539
-12.321349 -1.899324
-10.589538 2.540497
-9.276378 3.287531
-9.720548 3.240314
-8.421587 1.968156
-9.457508 3.027588
-9.112445 2.288700
-10.672246 1.852641
-10.093727 -1.595809
-10.396808 -2.628697
-10.275882 1.064667
-7.565968 3.377167
-7.812501 5.435456
-7.637814 7.716602
-5.991772 7.872862
-8.531276 8.821492
-13.229123 10.646591
-9.439718 8.894509
-8.449675 8.940146
-3.889974 6.914491
-3.750351 7.376029
-4.549345 6.503058
-3.892259 6.635876
-6.192830 6.653146
-6.695179 6.484237
-6.560265 6.876871
-5.772496 6.382956
-7.765037 6.469084
-6.871728 6.619892
-7.396907 6.531393
-2.735075 6.968039
-3.242199 6.754117
-2.134538 4.265755
-1.831015 5.128231
-2.234566 4.896301
-3.909956 -0.758741
-4.137159 -0.619945
-3.758731 -2.716562
-2.248681 -4.128559
-3.861255 0.309885
-4.143254 -1.363559
-2.424788 1.171851
-6.330063 1.290398
-9.742208 0.526783
-9.978609 1.611591
-8.271337 1.900884
-7.761505 1.944630
-0.874987 0.176958
-2.172878 2.544706
-2.330148 5.361817
-2.461240 5.586802
-1.929664 7.476345
-3.570948 6.576759
-4.133006 6.984114
-3.981037 7.172754
-5.616986 6.625336
-3.909436 7.458321
-10.192486 9.075838
-7.452593 8.447607
-5.411243 8.487708
-6.325382 8.581669
-13.585669 10.164951
-11.516916 8.581256
-8.611207 9.368207
-14.310028 9.857539
-13.060562 6.748796
-13.582125 5.638233
-10.948900 9.111663
-10.531634 9.878386
-10.652861 8.537089
-11.865952 12.085004
-6.038311 7.081514
-7.493872 8.080941
-8.838743 10.829537
-10.157116 9.220790
-8.115418 8.792310
-10.073633 9.298758
-9.121802 8.538463
-12.420592 9.751561
-11.498053 8.904715
-10.211542 9.581466
-9.632924 11.543004
-4.488883 11.905416
-7.370253 12.309145
-11.152852 10.799191
-8.284631 8.518708
-11.748125 9.574905
-13.299180 7.510914
-13.537167 6.213658
-13.947081 6.573799
-14.536110 5.893732
-13.377472 5.017192
-13.603666 2.613086
-11.872814 2.656383
-12.130001 2.967240
-14.287398 2.999895
-15.817480 0.890983
-16.126068 7.979485
-16.103764 8.379078
-13.947711 12.945079
-6.569423 7.568881
-3.936488 7.898813
-3.962523 8.390025
-4.519940 6.417904
-1.299839 6.595464
-1.331153 6.465112
-1.411523 1.065883
-2.921210 0.927954
-3.713783 -2.010954
-2.413805 0.404273
-3.876901 -0.145144
-1.734103 0.803273
-1.762188 4.003408
-1.114195 5.032456
-2.252749 5.265142
-2.166867 4.998964
-1.306322 6.105787
-5.456653 9.456548
-5.870544 7.556649
-4.883443 6.748750
-4.678797 7.013988
-2.765996 7.413513
-4.256943 6.334898
-4.378701 8.841934
-7.036102 6.415936
-4.832246 6.568281
-6.364466 7.460613
-4.449302 8.049007
-4.454626 7.951594
-5.727480 6.487225
-6.799994 6.591057
-7.012257 7.772160
-8.759093 2.529409
-13.598959 1.775365
-11.449393 2.584906
-8.721109 3.239350
-9.952492 2.212642
-11.645720 2.416325
-9.135314 2.591568
-10.615921 2.922718
-12.918670 3.137687
-13.371631 3.168298
-8.660263 2.122602
-13.083153 -2.367880
-10.028888 -0.146440
-10.372633 -0.047225
-9.172129 2.092308
-7.931326 2.372612
-8.018449 1.152845
-7.957947 2.461988
-14.348991 6.872152
-14.094219 6.433866
-9.118294 8.923155
-7.654458 8.751849
-6.308041 7.517061
-5.136559 7.707902
-7.458229 6.659530
-9.004009 8.632504
-9.227375 10.781718
-7.876285 8.799189
-13.644922 5.805340
-14.869793 7.659587
-12.690441 9.708008
-8.618971 8.608146
-7.817954 7.544355
-4.886251 7.917877
-2.510590 6.611196
-7.434657 8.025890
-7.299321 7.188610
-14.353759 8.838283
-10.953826 9.778122
-7.786662 8.714321
-7.940034 4.998939
-7.527299 4.658230
-5.419199 8.827106
-7.442815 7.625619
-8.500238 9.188287
-4.874681 8.003695
-6.980102 9.525003
-5.749064 7.467408
-7.564927 5.025093
-5.553909 6.587350
-5.432416 7.312214
-6.985785 7.059890
-7.948238 5.281096
-6.921124 6.394640
-7.828023 7.146909
-13.179379 8.875222
-13.642591 5.463700
-11.905254 8.522310
-14.457693 8.709058
-12.072672 8.887465
-13.762013 10.743766
-12.310186 9.865947
-11.401011 10.266934
-12.070817 9.761827
-12.342438 12.429263
-6.591396 7.658386
-7.355650 8.629872
-7.104884 6.386262
-6.555042 6.839878
-1.947390 6.781684
-0.924290 5.995575
-0.457240 2.243510
-0.714806 2.963597
-1.150243 5.338843
-2.644837 7.026411
-4.911489 7.162512
-0.786475 4.177470
-0.542985 6.539524
-1.946582 4.427376
-1.997453 5.050013
-0.808387 4.111887
-2.345614 4.575122
-2.067726 4.023465
-2.545252 0.486702
-3.073510 1.282844
-1.513419 1.663096
-2.245895 2.717013
-2.013232 2.430731
-2.227943 0.959084
-1.993917 1.476156
-2.651098 0.830246
-5.353399 6.632850
-4.779011 6.566453
-4.689506 6.864000
-6.761447 1.290040
-7.033696 6.980171
-7.940577 6.019928
-7.712965 6.188187
-7.509340 4.383933
-5.997890 7.760424
-3.323720 8.552861
-7.069817 8.258431
-9.189353 2.448460
-4.919839 6.633746
-1.851844 4.057278
-2.233837 4.074741
-8.578788 3.193010
-13.285754 2.636876
-7.772130 2.771297
-3.868757 7.266997
-5.740331 7.525213
-4.964489 6.556547
-5.968411 6.751348
-5.803405 8.037655
-7.480850 6.861250
-7.330948 11.822061
-7.708091 7.367032
-7.901351 6.925929
-9.891935 8.972842
-10.455242 11.688409
-11.727571 10.132470
-12.506277 3.113101
-10.425629 0.123444
-12.413698 -2.040614
-14.050562 3.890432
-10.750953 1.877986
-12.215751 1.534244
-10.453728 2.892231
-12.389507 1.469714
-8.359478 1.634229
-7.751690 4.839123
-7.493917 5.554940
-4.557247 7.059067
-3.865162 7.887609
-3.136026 8.981491
-2.543254 9.354246
-7.408445 10.233708
-5.694868 10.429087
-7.541678 11.415636
-8.771318 8.960990
-1.926895 6.242735
-7.256435 7.747835
-7.919452 6.475719
-3.754522 7.322510
-1.613298 6.112037
-2.057164 4.079636
-1.536469 0.888360
-1.320392 2.110761
-0.862035 3.534158
-1.599544 3.783049
-1.681030 2.074284
-2.515919 7.448166
-5.757926 7.947788
-6.096968 7.419990
-5.835524 7.091760
-5.630783 7.154000
-5.429984 6.922744
-9.060976 8.639674
-8.705217 9.835397
-11.296575 9.169394
-6.238258 6.642121
-7.945722 3.062873
-8.762727 2.509635
-8.545080 1.352322
-8.453052 2.193511
-10.564513 1.368228
-7.778105 1.799253
-8.424033 1.954282
-9.601839 2.567640
-9.999493 1.757044
-9.817472 0.612703
-9.848212 0.500894
-10.218750 -6.651019
-11.905187 -0.343190
-8.979341 2.486271
-8.310094 3.171277
-9.312034 2.320806
-7.937980 2.793227
-7.195751 6.844166
-6.911318 7.663716
-5.671344 6.896976
-7.469600 11.476985
-9.614607 9.216815
-7.096596 11.496195
-7.210859 7.232499
-6.373956 6.562590
-7.649537 6.993176
-7.668280 5.012431
-3.440987 6.816549
-3.609138 7.355680
-5.507220 6.565323
-7.085012 7.545050
-5.078639 8.508981
-6.066972 6.382867
-7.382893 8.350123
-4.537686 6.480152
-7.699776 6.950016
-5.154048 7.120035
-7.062777 8.274647
-9.542577 10.841016
-12.262032 9.453551
-9.091097 8.667064
-12.909795 10.262367
-12.529279 14.041081
-9.623857 10.364433
-2.744562 6.578538
-4.924026 6.980337
-5.821816 8.059942
-5.924748 6.454443
-5.841443 6.977085
-4.725044 6.529492
-10.089846 3.187418
-6.827058 6.354487
-7.504808 6.561376
-4.490211 7.007586
-7.618859 4.440202
-7.520929 4.048302
-7.818265 6.316741
-3.679740 9.815642
-8.865857 11.379985
-8.991199 9.630494
-7.129102 7.646295
-5.648718 7.549135
-7.259487 7.531310
-10.567659 3.070042
-9.303750 2.049891
-11.245686 8.815516
-11.033640 8.873545
-13.380116 11.131606
-7.967094 9.473180
-8.952272 8.956223
-5.835547 7.876204
-7.254673 7.475852
-6.723419 6.830667
-8.599348 3.347751
-8.750319 3.399231
-11.302651 3.315893
-10.609799 3.487653
-11.157001 1.159376
-10.849393 2.654550
-8.402843 3.328274
-7.610094 4.334801
-7.755764 4.671816
-4.859708 8.560367
-6.307515 6.531842
-3.885516 6.438325
-6.442183 6.320103
-7.064018 6.404992
-13.244663 8.404914
-10.525352 10.099132
-15.443391 9.552063
-9.450937 9.910789
-10.309206 8.522065
-10.754383 10.091735
-7.778545 8.480247
-4.794797 7.834726
-7.215101 6.410902
-7.061643 6.370676
-7.410823 7.502900
-5.383797 9.167247
-5.202918 9.066890
-9.219239 10.204862
-7.536254 8.098046
-4.084728 9.062546
-4.761426 7.592883
-5.330919 7.180766
-4.797008 6.493202
-5.775727 7.364656
-5.578835 7.191953
-5.233030 6.966488
-6.072987 6.676453
-7.544592 5.349533
-7.790203 5.052622
-7.748018 5.524780
-7.728958 5.392029
-7.583685 5.542058
-7.650043 5.469080
-7.464738 6.834646
-6.430126 7.090617
-5.015347 6.982425
-6.375584 8.054178
-5.207849 7.966021
-4.736106 6.628531
-6.279556 10.033871
-10.974796 8.587067
-9.251555 10.285058
-7.123297 7.742479
-7.941760 6.196362
-7.765593 6.633058
-7.636367 4.935156
-17.681166 8.482391
-15.271223 8.053221
-6.394761 6.539311
-9.835123 3.056843
-9.917818 3.186787
-11.222815 1.631174
-9.626581 3.023640
-10.904202 2.265815
-12.232849 -2.638686
-9.174200 2.208555
-9.087864 9.254795
-9.079376 9.275813
-13.186217 5.715967
-1.709044 5.302973
-0.386528 4.408714
-9.838734 2.615108
-10.451153 3.429480
-11.647522 -0.614147
-14.028930 1.357459
-10.695435 2.133019
-8.347244 3.418648
-12.595191 2.460912
-12.835501 3.321759
-8.546612 1.212489
-8.798815 3.319621
-8.816242 2.402406
-10.346391 0.734350
-10.707350 3.227393
-8.815945 3.294945
-7.775773 1.328667
-9.587408 2.045630
-13.326015 0.721574
-14.412887 6.549050
-15.190345 0.970903
-7.653332 2.219316
-7.849998 3.898787
-7.741261 6.114476
-7.788124 6.957061
-7.484339 7.045879
-6.229932 6.738204
-7.915838 8.177129
-8.519537 3.034938
-10.163724 1.826974
-9.203241 1.551834
-11.351303 3.198024
-9.995654 2.899915
-9.228698 2.783506
-7.561922 4.254839
-7.909146 5.815241
-7.999483 2.310644
-7.839587 4.415957
-5.552779 7.084019
-7.826322 9.013972
-10.176687 8.689072
-11.301558 10.847272
-14.974538 6.253941
-13.089104 6.463340
-13.764297 8.562838
-16.005287 10.789237
-13.208231 5.438620
-13.691466 6.972275
-17.321001 9.596285
-14.651630 8.784261
-9.747009 9.019020
-8.751787 8.543685
-9.265668 9.140223
-5.362682 7.786233
-7.146311 9.350530
-3.074769 8.097860
-4.957797 6.465721
-2.050021 3.834846
-1.648720 6.118731
-2.283806 3.726668
-4.386607 0.767669
-7.536426 2.227486
-7.706379 2.774881
-7.543417 -4.006707
-9.231829 -7.451514
-11.700314 -3.516669
-11.635998 -3.675888
-11.324717 -3.272867
-11.666483 -4.836826
-8.555655 -4.317844
-8.330350 1.974790
-6.404975 7.627536
-7.630517 7.351416
-7.392934 7.061832
-4.165740 1.040560
-2.181749 2.242970
-0.465755 1.641842
-3.125432 0.594020
-4.688327 1.111447
-3.065701 -1.604648
-3.544499 -2.588502
-4.277688 -0.442606
-4.478056 -1.123744
-6.875794 -4.202697
-6.807830 -6.052922
-4.961183 -5.764047
-6.334568 -4.931449
-6.023614 -4.615076
-6.187629 -6.921168
-5.457501 -4.807443
-3.619945 -2.140205
-2.689251 -1.759321
-3.923453 -0.476064
-3.964180 0.228748
-11.707305 0.346943
-10.384696 -0.650626
-13.414116 0.980948
-8.782576 1.781691
-8.820707 3.079171
-10.346885 3.215102
-11.154347 1.734095
-15.256470 2.738537
-13.026464 7.194593
-10.828081 12.786267
-7.674256 12.990756
-9.999902 10.838550
-8.398367 11.825050
-12.911730 8.864380
-6.106667 10.252317
-5.239678 7.371772
-2.564304 6.436560
-3.465618 8.619349
-4.855502 8.765973
-3.347828 7.891332
-2.151440 6.830460
-1.953885 5.393826
-2.459111 3.839244
-1.373945 2.152986
-1.848072 3.504054
-0.758484 3.579659
1.243173 1.578847
-0.852267 1.897938
-0.430623 2.171724
-1.943821 6.030387
-2.087180 5.802372
-3.462631 8.213066
-3.697056 6.894468
-5.118316 8.212802
-4.417254 6.522922
-7.046173 7.323190
-7.245328 7.743289
-7.832864 6.047244
-7.306610 7.105418
-4.482524 6.428589
-7.232063 6.885071
-6.699896 8.049076
-6.919149 6.381669
-5.408279 6.566995
-4.963461 6.362043
-5.599595 6.693580
-3.699249 6.558815
-7.617737 10.911139
-7.690540 4.591590
-8.250767 1.679337
-8.011000 1.764216
-7.799840 2.264657
-8.239714 2.874755
-5.538254 7.899229
-6.229600 7.110278
-7.028053 7.579358
-5.632229 10.015767
-6.866097 6.405948
-7.547809 7.079935
-4.335103 7.035020
-5.676038 7.803637
-5.173075 6.869427
-7.604984 6.623847
-7.183291 6.339171
-7.290946 6.803288
-7.579290 4.129999
-8.004194 2.997729
-7.880274 3.670420
-7.514576 8.943648
-6.214376 7.876061
-7.215800 9.041708
-9.824019 3.461868
-7.685222 8.411331
-11.672354 10.280698
-10.176716 9.816529
-9.687074 9.718243
-12.187136 8.853803
-10.507113 9.166366
-8.053951 8.839768
-6.245291 7.379331
-12.957863 6.259274
-9.138712 2.941456
-8.236258 2.266976
-7.738337 2.867437
-9.466198 1.439525
-9.593838 1.348573
-9.286348 2.633321
-8.157977 3.325100
-10.739785 3.101889
-8.319730 2.198382
-9.686184 3.405865
-11.823016 3.345643
-10.931864 1.627861
-7.528615 3.453624
-7.556682 2.596243
-9.439935 1.290855
-7.850296 2.261106
-9.246655 2.556989
-8.996342 2.530845
-1.990246 5.140187
-1.592013 7.055248
-1.479231 7.222085
-2.455032 7.240876
-4.557312 7.049213
-7.178851 6.359909
-8.537340 3.129773
-8.744150 3.121183
-10.312484 2.923958
-8.617922 2.454980
-9.646649 -0.088242
-10.406469 0.186336
-10.055054 -0.383102
-10.742881 1.828644
-8.366110 1.929833
-8.779140 3.334062
-8.761862 2.656671
-7.563487 2.749511
-8.139277 2.943280
-9.237097 2.098491
-8.213923 2.198276
-1.583140 -0.796476
-2.141842 0.946659
-2.830263 0.239895
-3.438740 -0.326956
-1.258678 1.445559
-3.265212 1.129429
-7.786107 3.316818
-9.128357 3.209095
-7.990625 9.533007
-8.124178 1.738376
-9.688985 -1.230435
-9.519265 1.835032
-10.246665 -1.392651
-7.507916 -4.941212
-7.639588 -6.139743
-7.528801 -4.276517
-4.504941 -1.235828
-7.616084 4.362792
-7.912501 3.362754
-9.798363 -2.757987
-10.008919 -1.051848
-10.992917 -0.896070
-10.507284 0.504280
-9.742316 -0.631567
-9.515280 2.204031
-6.444129 1.208081
-10.677060 1.101293
-9.796140 -0.139014
-10.269965 -0.266897
-9.607780 0.567848
-8.514565 -4.383914
-7.039281 -4.604999
-5.415647 -5.018907
-5.314381 -4.106817
-3.771671 -4.767251
-4.402987 -3.208262
-3.623140 -0.256780
-3.462931 -2.108781
-4.049072 0.343355
-4.484574 -0.814860
-4.011469 0.302810
-3.389940 1.155111
-3.451469 0.572054
-2.276222 1.458472
-2.694197 0.126226
-6.256995 -4.317756
-2.594839 -3.766478
-2.701674 -3.272962
-5.336014 -3.896504
-8.858023 2.038536
-9.265980 3.354006
-14.270801 0.365579
-10.712840 -3.463782
-7.982840 -5.876619
-9.210785 -7.733231
-9.985161 -8.097203
-10.071930 -6.001888
-9.199903 -5.643208
-7.653085 1.258102
-7.877830 1.842900
-7.645796 2.032792
-7.647823 5.751228
-6.511538 6.758771
-6.106193 7.000082
-7.746473 4.706489
-13.229997 2.198642
-10.485268 0.759482
-8.794207 1.997883
-9.168977 2.821159
-9.598506 2.500930
-11.159653 -0.966074
-9.274723 2.211193
-9.005505 1.483699
-10.736736 2.137583
-12.347908 3.361796
-9.748961 1.326760
-7.806099 1.450526
-10.132556 2.192440
-9.067329 1.704999
-7.740433 3.786771
-1.001537 4.158563
-1.911744 6.783250
-4.417271 7.103761
-8.665522 3.019908
-3.701314 -2.321065
-3.489167 -1.961082
-3.667383 -3.244696
-3.238051 -1.174329
-3.258961 0.211483
-4.468878 0.576179
-2.948347 -0.623835
-3.672758 -0.500816
-4.600619 0.425276
-4.294689 -0.275994
-4.288514 -0.586942
-2.055352 -1.382526
-3.495502 -0.873691
-1.935890 -0.022171
-4.720924 1.193730
-6.878301 1.191574
-8.217760 1.224536
-7.895032 3.017848
-7.775689 4.083990
-5.018922 8.149124
-6.237628 6.414003
-8.661909 2.705159
-11.203794 2.192450
-11.639146 2.022664
-1.994089 8.534496
-6.405324 7.678319
-5.575757 6.483439
-7.610240 5.399121
-7.474955 6.400868
-7.709544 5.836521
-9.626303 2.145537
-7.692463 1.214435
-7.813961 1.609344
-3.994159 -1.430365
-3.884915 -3.024459
-4.595605 -2.564121
-6.847986 -3.942616
-7.626565 -4.709212
-9.719299 0.181187
-9.728045 1.903304
-8.273220 9.468318
-10.345042 10.068151
-13.202088 6.697342
-14.287262 5.708881
-13.864834 4.142430
-12.843266 1.629428
-12.442499 3.462495
-9.496654 3.429404
-10.328756 2.183726
-10.345227 -1.765875
-10.131832 3.466061
-9.215661 2.300723
-8.416046 1.583696
-11.580655 3.420142
-9.724899 2.487362
-8.078469 3.055569
-8.709768 9.337366
-5.803657 6.473840
-2.281113 4.434465
-0.871140 3.471032
1.233419 4.605035
-0.429556 4.052229
-2.396480 6.064675
-4.576831 6.997527
-6.774896 6.585421
-7.019308 7.971495
-7.799595 5.856358
-7.905009 9.972674
-6.138734 8.234659
-7.430335 7.168060
-7.954556 8.677320
-7.691079 6.947261
-7.863185 6.196914
-5.343239 7.133070
-5.794169 6.883516
-3.133542 9.554111
-5.737432 10.079227
-8.481831 8.785744
-5.130858 9.635056
-5.674554 6.922776
-7.012113 6.700444
-7.946013 7.731171
-7.668626 5.141585
-6.566000 7.544988
-6.941638 10.093820
-8.523626 10.104840
-8.043152 10.267300
-11.015106 10.271822
-10.717271 10.130418
-12.099930 9.333128
-13.247399 9.726207
-13.775592 7.549541
-10.437555 2.342051
-4.995634 7.724788
-5.294131 6.726737
-7.428521 7.398521
-11.875120 2.734234
-11.713143 1.162027
-16.131456 0.882110
-12.987904 3.599950
-11.659230 -5.067044
-11.875456 -2.510598
-10.453472 2.854708
-4.580266 -6.496417
-6.120027 -4.790627
-6.296734 -4.629269
-6.386909 -6.916320
-9.854676 -5.127710
-9.207163 -4.327565
-8.747466 2.722377
-7.688110 5.748212
-7.503822 6.636399
-3.245740 7.523915
-0.665725 4.489102
-0.617702 1.622514
-1.955572 2.129684
-3.495236 6.415454
-2.059908 8.574904
-6.332214 6.787134
-6.454052 7.064335
-5.000976 7.448637
-5.999384 6.758889
-6.707077 6.528564
-7.499379 9.661237
-8.968203 8.687037
-9.103937 9.465565
-5.964399 6.944347
-10.795563 8.794459
-4.254082 8.188437
-4.360215 9.024901
-12.136181 9.632526
-7.702329 4.669290
-7.802918 6.713084
-9.106319 1.894682
-8.533710 3.321930
-11.717506 1.272970
-10.047281 -2.886392
-13.574499 -2.691239
-12.534095 0.085903
-10.462696 3.456467
-12.080683 0.269537
-14.680799 8.815829
-13.017151 7.360263
-13.080982 6.186822
-13.062691 8.394520
-8.667809 8.962813
-8.904195 10.146118
-6.851416 9.366386
-2.068678 6.833586
-5.024763 6.471326
-5.192544 6.713401
-6.210274 7.044667
-4.348460 6.978785
-1.309177 6.067644
-1.179599 3.596802
-1.989356 5.872545
-1.519125 5.378534
-2.472790 5.828038
-2.464578 5.620021
-1.727487 7.320380
-7.034089 7.313350
-6.366622 8.067348
-7.845448 5.875343
-7.742862 7.345290
-7.947780 6.400908
-7.558112 6.551870
-7.640023 9.743798
-9.504372 9.683700
-7.981481 8.594667
-8.771886 9.540816
-6.207691 9.044505
-4.802076 8.601981
-7.786490 9.482246
-12.138172 8.567605
-12.662192 10.941406
