-15.227312 0.959439
-9.959893 1.081792
-12.893988 0.054055
-8.052600 1.993333
-8.551306 2.619339
-9.560149 2.914295
-11.419734 3.348249
-8.597892 1.219493
-8.032450 2.077484
-8.111980 2.133040
-9.407310 3.326692
-9.819230 1.682245
-7.737017 4.603655
-15.869787 7.092358
-13.087193 8.903033
-6.530847 6.614854
-7.286299 7.938628
-6.995412 8.551267
-7.623393 9.042937
-9.185550 9.391075
-12.284723 12.808747
-4.872793 8.135614
-5.539304 7.943071
-7.842501 6.019929
-7.936325 5.977508
-13.092957 8.393991
-7.563828 5.218641
-7.298674 7.508549
-7.552335 5.900317
-6.171845 6.745123
-6.837116 7.559288
-9.771238 9.861945
-9.970459 10.314402
-6.916152 6.456778
-5.492123 6.458493
-6.300683 7.480371
-5.548446 6.710446
-2.655215 7.445317
-1.490982 5.085806
-1.535282 1.627494
-1.129825 1.664616
-2.341025 1.276423
-3.243509 1.275546
-4.213344 -1.090457
-3.571144 -0.780573
-4.380498 -4.011513
-5.008408 -4.602714
-6.601408 -4.725866
-8.904856 -4.604386
-7.157911 -5.323840
-3.719749 -3.701779
-3.474550 -0.885792
-3.208909 0.643401
-4.332475 0.945635
-3.454603 0.649145
-9.076131 -5.261539
-5.301090 -6.027406
-5.109960 -5.005555
-4.002015 -3.481462
-3.808396 -2.780464
-4.344804 -3.991892
-7.390067 -6.071041
-7.808138 -7.297337
-4.517464 -6.616119
-4.531211 -1.617026
-7.074800 -4.265450
-3.331690 -1.925629
-4.239579 -1.986183
-4.488413 -0.149288
-7.529171 1.596865
-8.075897 2.780627
-8.021953 1.154413
-8.039855 1.878773
-7.985819 1.846977
-8.628016 3.274887
-9.138932 3.466235
-7.710258 2.846729
-7.808774 5.700307
-7.636669 3.921751
-7.255603 10.016023
-12.047705 8.649668
-9.175403 8.798988
-11.209510 8.925300
-8.170984 9.715080
-6.325563 9.770923
-7.827250 6.414113
-3.408388 6.511169
-7.378522 7.667983
-5.548492 7.560526
-6.817047 6.817090
-9.705145 3.303941
-8.751194 1.352436
-11.188181 1.103638
-9.925645 0.742585
-8.619299 1.364183
-12.093657 0.996091
-8.456863 2.150698
-13.153211 -1.026645
-7.904831 5.016810
-7.094465 8.388148
-3.158743 7.014433
-1.047897 4.517278
-2.221392 3.582500
-2.348859 4.850102
-1.236144 4.454712
-2.205214 1.807887
-4.383516 -0.771186
-3.743083 -1.555487
-4.166646 -1.420439
-4.361823 -2.614154
-12.149458 0.911720
-10.518388 -2.492418
-7.640011 -6.605067
-7.730552 -4.905427
-9.989803 -2.627376
-9.817212 -1.323015
-8.110749 1.566363
-8.696814 1.493724
-11.294916 -1.406609
-8.551575 1.279961
-6.582709 1.115159
-7.898511 5.294786
-1.928035 4.653851
-2.359578 4.636562
0.087923 5.331749
-1.910084 4.825266
-4.780971 6.637454
-6.207164 6.564889
-8.969022 2.521462
-9.136847 2.488288
-8.692113 2.690170
-10.866217 1.530703
-9.359078 2.909270
-8.618910 1.347997
-8.193413 3.249093
-10.172039 3.386780
-2.789178 6.620889
-4.594113 7.424019
-4.361851 6.419660
-3.674134 7.019288
-2.286119 7.598617
-7.886417 7.397982
-6.932554 7.287173
-7.519826 6.787992
-7.624954 6.495909
-5.236523 6.486761
-5.931034 6.871936
-4.566381 6.824046
-5.952578 7.524847
-5.016005 6.976920
-5.350549 6.406446
-2.857931 7.008444
-2.433543 6.339131
-2.302732 5.262253
-0.850823 3.029775
-2.654047 -1.459429
-4.249283 -2.892158
-3.988667 -3.722856
-4.919926 -3.987977
-5.891913 -5.279911
-7.672832 -5.978448
-7.054961 -5.246598
-6.887905 -5.803294
-5.423206 -6.871520
-4.333122 -7.058504
6.724949 -12.243059
7.974205 -10.235436
18.886724 -17.535391
