6.114377 3.373165
3.118180 3.351469
2.103073 2.901823
0.613093 3.064923
-0.396835 2.697181
-0.927612 2.911968
-1.513266 0.739931
-2.522312 1.023946
-4.353884 1.255388
-1.633497 0.854527
-2.021806 1.878824
-1.991404 1.097923
-2.404699 -0.616210
-4.016881 -2.420475
-4.291242 -2.391189
-3.591491 -3.973467
-4.951810 -5.093288
-7.575082 -3.919653
-5.456329 -5.378335
-1.753277 -1.318852
-3.048137 -1.215566
-2.909341 -0.025754
-2.363945 1.494681
-1.843961 1.271620
-2.311481 3.342315
-4.231642 6.450424
-6.346015 9.298388
-7.552033 4.367549
-5.856289 8.308614
-3.154808 7.664370
-1.225937 5.766528
-1.086540 5.033056
-0.694257 3.099278
-0.878979 3.708555
-0.027569 4.161886
-2.489781 6.890355
-3.002028 6.485668
-4.340219 6.640768
-5.826408 8.280098
-7.563345 12.457629
-9.623210 3.107028
-8.928623 2.324411
-7.802314 5.010798
-6.645485 6.726102
-6.405011 8.095033
-6.280321 10.484170
-7.653574 6.130910
-7.484803 4.200999
-2.064996 1.370079
-1.688099 -0.007301
-1.597571 -0.164314
-1.799419 -1.539510
-3.320181 0.748362
-1.938239 0.152014
-2.146618 2.039176
0.196341 2.384321
-1.577753 1.694248
-2.418820 5.200411
-0.503956 6.293498
-2.532963 6.410065
-7.201852 6.312457
-5.077726 6.933411
-5.487649 6.319513
-7.926998 6.358902
-7.616056 5.772505
-7.894440 7.635129
-4.940654 7.021004
-1.177814 4.653237
-0.662454 5.232232
-0.878196 4.344754
-0.723192 3.921839
0.081614 2.394196
-1.823268 1.335986
-2.399602 2.376841
-1.125293 0.136390
-3.855288 1.137176
-2.107768 1.096048
-1.458174 1.477600
-3.777308 -0.328687
-4.133945 0.667080
-3.272938 0.368461
-2.901035 1.302811
-1.824514 2.607983
-2.296896 2.884759
-2.050226 4.789733
-2.436860 6.494961
-4.629238 7.617805
-5.474221 6.902518
-5.829937 6.649090
-7.619656 7.280322
-7.583790 4.188276
-7.507591 2.980419
-9.057724 1.710258
-11.315347 -0.138320
-10.898559 -0.605819
-12.831680 -0.991634
-10.916302 1.359993
-9.872581 -1.440072
-11.989343 -2.950735
-13.051161 -2.172651
-11.232340 -5.645525
-14.365452 -3.899629
-9.102850 -7.084023
-8.496849 -7.806321
-7.737824 -6.383912
-8.630077 -5.938441
-7.602376 -6.105383
-8.483294 -4.244451
-8.276303 -4.177195
-8.501711 -3.933873
-8.800880 -5.269207
-11.810204 -4.218621
-10.373728 1.573250
-11.715919 2.659400
-8.614784 1.648138
-9.312334 3.355804
-9.858408 2.500799
-12.934777 1.363406
-13.542639 3.438382
-13.131669 4.727585
-13.499516 8.101562
-13.481295 9.561411
-9.284967 9.764274
-8.144440 8.550007
-6.774012 9.825889
-10.535994 9.357524
-8.132430 8.932817
-6.565866 7.380846
-6.900791 6.459833
-7.256209 7.588209
-8.856442 8.646569
-7.913418 8.507615
-7.494513 5.290075
-8.048433 8.510716
-7.264244 6.915884
-7.490449 6.774610
-7.616100 5.830150
-7.528090 6.886540
-7.487657 7.623155
-7.528133 6.335917
-8.089305 1.741739
-7.760062 2.206343
-7.576716 2.451942
-7.781165 1.737800
-10.635621 2.185608
