-17.352777 5.816479
-15.190617 3.512698
-9.792711 3.208955
-10.705256 2.725987
-9.610156 0.603299
-10.342248 -3.239275
-12.793242 -2.383035
-9.870743 -0.633862
-9.980557 -4.631176
-8.211641 -5.476148
-9.893438 -4.532602
-11.326436 -1.861706
-10.025468 0.854719
-9.132637 1.594376
-7.710939 2.282835
-7.867418 2.253413
-7.694026 4.138653
-8.471609 1.367641
-10.420058 1.025934
-10.820623 0.029411
-10.041463 -3.259192
-9.941900 -5.600538
-6.993914 -4.624606
-7.434089 -7.664921
-10.682907 -2.879014
-8.021667 -5.696494
-6.230501 -4.245776
-7.227975 -6.713879
-5.695276 -7.092214
-5.832192 -5.467430
-6.773646 -4.108644
-7.189458 -5.070110
-7.837509 -7.305646
-6.871031 -5.852129
-10.071703 -3.578942
-8.474194 -7.227041
-7.405009 -5.106861
-6.515885 -4.947041
-8.174563 -5.776967
-5.386969 -4.445509
-4.593900 -4.737866
-3.522067 -2.315609
-4.344884 -2.959772
-3.573521 1.025338
-3.829541 -0.296320
-4.451426 0.574839
-4.488638 0.369989
-4.369847 -0.145361
7.845481 -11.087232
7.683244 -10.955779
