-12.166216 13.973065 -19.664597
-11.678218 10.415133 -15.863520
-14.219336 10.528793 -14.720206
-8.505843 11.323151 -12.429048
-6.705979 11.170813 -9.669858
-7.106331 7.235396 -8.611966
-4.463890 8.966962 -8.033048
-4.515834 5.784221 -6.759080
-0.440317 3.686262 -7.394647
-9.313948 3.786910 -11.292101
-3.783936 4.261307 -8.498250
-6.416025 5.319033 -11.444168
-7.499346 2.447670 -11.412263
-1.586108 3.970800 -9.650941
-6.141129 -0.582552 -13.342700
-1.789401 9.081206 -7.191264
-5.429001 7.562337 -5.291101
-1.404035 7.420744 -8.819860
-7.202959 4.894373 -8.885178
-7.423251 7.406516 -12.098925
-7.447618 8.497948 -13.539561
-7.317060 8.300482 -5.288169
-6.295022 8.757657 -6.553443
-4.310443 9.330577 -8.748918
-3.253469 7.041679 -9.007607
-5.541137 4.578800 -11.432986
-7.536467 7.865997 -10.112852
-6.091036 9.058169 -6.301620
-7.697675 7.016655 -11.262922
-8.545484 7.273036 -5.199251
-9.120253 7.849260 -6.542745
-4.733819 7.527558 -5.346966
-8.820993 11.168756 -9.811083
-10.636477 10.826243 -10.939981
-10.364180 12.086879 -12.996069
-11.458901 11.925491 -7.600081
-6.908131 9.387768 -2.692633
-8.048306 7.000411 -8.680738
-15.662024 5.806151 12.723312
