-11.996561 -5.710395 -2.124048
-9.781738 -6.786639 0.176705
-3.265704 -6.334324 3.234647
-0.344455 -5.348825 9.625095
3.382283 -7.566308 9.886183
4.934016 -10.811438 5.976537
1.995056 -10.285414 12.000975
7.603582 -12.716022 7.959292
11.091652 -7.645218 8.274296
10.526904 -12.195766 8.069930
6.468484 -13.645313 5.728737
5.116902 -11.890960 12.270620
-2.621772 -10.983182 4.620687
5.471567 -10.141863 6.069825
5.442705 -12.025533 5.064444
7.153854 -11.273255 4.856448
7.498035 -6.710649 6.557472
9.609320 -9.976847 6.850904
11.925258 -8.722494 4.328885
9.753340 -8.445511 3.483054
8.015153 -8.196014 4.130630
7.918673 -9.764177 4.696799
8.769856 -6.115628 4.372094
10.501809 -7.694277 4.938069
8.375509 -6.004357 2.923403
9.479352 -7.817564 6.526484
10.727511 -12.286988 7.801256
12.292345 -14.251957 6.064371
10.107188 -11.881638 6.383528
7.585564 -14.125364 6.363626
12.912196 -15.882545 5.915321
14.847162 -18.364439 13.602061
12.827805 -14.277921 14.439996
