5.627944 -16.913628 -15.276999
8.238259 -11.726019 -7.905756
8.809731 -4.821982 -2.772905
7.962458 -5.779018 2.349211
7.444057 -2.326934 3.176340
4.068077 -2.016811 6.093030
1.898006 -3.096664 4.611292
5.592796 -2.457813 2.320854
5.345831 -3.454855 3.749313
6.385297 -2.172018 3.786961
6.200238 -7.866613 4.843363
5.000762 -8.324108 4.789114
7.365729 -7.027695 5.930048
6.207455 -6.762174 4.136274
7.013071 -8.422449 7.616060
3.672001 -6.205034 5.002307
7.240021 -5.281448 4.562316
4.944296 -3.756554 4.746031
6.823104 -2.936714 3.104721
5.397928 -4.234596 6.526201
4.331255 -8.186602 6.737654
2.827792 -8.113188 7.975404
3.265811 -12.457903 5.014139
5.932994 -8.242484 4.525862
4.695191 -8.043134 4.467020
7.041603 -12.993894 15.791997
