-3.790028 -14.274598 -0.125118
-3.704345 -9.719866 -3.818769
-4.824834 -9.228909 -4.765549
-2.828835 -5.965385 -3.473652
-4.713983 -2.830205 -0.435986
-3.919576 -4.946597 -0.777043
-3.000312 -3.170298 -0.911011
-2.695373 -2.354826 1.354647
-4.645465 -3.952163 0.214437
-2.013995 -3.866068 -1.242978
-2.432122 -3.107392 0.809910
-4.562483 -5.562431 0.094792
-3.488392 -7.473687 0.616335
-4.408815 -9.668367 2.581167
-4.131587 -6.404861 1.668122
-3.317121 -4.199295 2.655089
-5.317702 -4.493114 4.863115
-5.921628 -3.851582 4.719676
-2.147426 -4.317865 4.380408
-0.749155 -5.880849 5.398594
-5.973915 -4.985448 3.237494
-3.112159 -5.487360 2.598643
-3.912272 -5.328335 4.246036
-0.658322 -6.849630 4.061868
-1.818421 -6.842105 5.153532
-0.644333 -7.650729 5.248510
-4.264185 -6.323928 3.276842
-2.882879 -4.479733 -3.102245
-3.066546 -5.399894 -1.063916
-2.613316 -2.608048 -6.442713
-3.230625 -3.058715 -4.147755
-0.275918 -3.660460 -5.596312
0.035910 -3.811680 -4.468994
-1.931557 -3.301742 -2.767420
-0.248938 -0.363920 -3.130728
