16.042250 -5.635809
12.934186 -7.403559
11.459419 -11.702128
12.522614 -7.352358
11.912010 -8.667686
13.257620 -11.558008
8.909554 -10.152884
12.099873 -9.561082
11.239406 -7.935290
10.354200 -9.055866
10.360899 -7.917826
9.202249 -8.544980
5.823950 -5.780294
8.460195 -9.080865
8.562986 -8.834518
5.962539 -5.800315
4.314862 -7.121960
6.459873 -7.995904
5.280872 -7.773842
1.542405 -8.071420
0.670344 -11.068949
2.345117 -8.598705
1.965012 -7.839056
0.179306 -11.039734
4.130232 -7.648952
1.373467 -7.456987
2.697059 -9.449545
-1.608372 -9.958602
2.760521 -9.008829
2.475872 -8.478299
2.354845 -10.449757
1.736888 -12.324964
5.093280 -13.423045
7.274179 -13.896300
2.219218 -11.588455
3.903191 -7.968080
3.038831 -6.901385
5.393287 -5.052060
6.096122 -7.810689
3.360832 -6.956182
3.430748 -7.361795
4.055377 -6.383550
7.952823 -11.032239
7.936549 -8.096816
11.931558 -11.923831
9.261456 -9.994791
9.166078 -10.984357
8.716368 -9.020930
7.945567 -9.346240
5.064586 -7.039248
5.091678 -5.694865
4.743101 -7.827033
2.762289 -9.888017
4.519385 -7.495647
4.715456 -8.117273
2.392521 -7.955624
0.616619 -10.319972
9.227845 -11.112278
8.734660 -10.640574
9.536479 -13.842818
8.506930 -15.478149
11.533685 -14.872125
7.915517 -9.113673
8.190303 -10.726758
8.466001 -13.326476
8.732205 -11.036396
10.881664 -8.016788
6.892441 -8.021892
3.881564 -7.565142
1.824561 -7.282289
5.803763 -7.461905
5.696985 -6.515314
5.640308 -6.362876
5.707638 -7.297284
2.641376 -7.420563
4.428584 -7.164077
5.414805 -7.396092
4.089527 -5.654738
2.208399 -9.247638
0.824503 -8.617727
3.957572 -6.533531
2.691010 -8.526309
4.807825 -3.898409
4.516050 -4.165658
2.873212 -2.427200
3.723405 -2.073125
8.218955 -9.740652
8.344378 -10.353332
9.217897 -9.447762
8.323370 -9.258126
10.363816 -9.533142
11.052842 -8.626527
7.885078 -10.250684
2.942318 -5.096195
4.666368 -7.951846
2.935398 -7.579937
1.567100 -8.539423
-0.627763 -7.938214
0.650121 -9.720353
2.427232 -8.975299
0.924370 -8.495481
4.453568 -7.236127
5.362948 -7.830511
5.171125 -6.069619
3.816094 -8.082043
6.100164 -6.081072
4.764486 -6.768425
3.897165 -4.695879
5.446310 -3.808551
9.639791 -10.355345
10.075536 -11.590196
9.552948 -9.037747
9.718581 -8.150705
9.806806 -9.262971
12.155295 -10.058179
9.242513 -9.395421
7.872169 -11.769570
9.320316 -8.783753
9.140757 -8.120287
3.988094 -7.925536
5.655985 -7.032363
4.176625 -8.122548
3.823187 -7.798912
3.513655 -7.851799
1.567641 -8.796639
1.668303 -8.122610
1.868192 -9.307793
8.603396 -12.664355
3.067621 -7.319223
2.651265 -8.130055
3.964513 -8.028899
2.134676 -9.269297
2.281509 -11.824084
1.758164 -9.399510
1.037234 -9.929244
1.631182 -13.714963
9.580599 -8.563469
9.935649 -8.621760
12.849432 -8.848434
13.409166 -8.043889
12.615795 -5.084104
10.737899 -9.736409
10.393166 -11.621804
8.280002 -13.622124
5.401867 -16.377121
-0.364072 -15.865953
2.314533 -9.889159
2.159370 -10.823352
2.178163 -9.001710
0.922336 -8.462385
-1.089726 -10.723804
-0.001574 -8.503853
-0.732183 -8.234115
0.360270 -10.363214
2.754542 -8.105665
7.763571 -8.062332
10.439470 -8.455924
11.935304 -11.336650
8.652690 -10.102618
9.200013 -8.549410
8.195351 -9.461246
8.906240 -10.254651
8.133875 -12.200364
9.963697 -12.185195
9.420148 -11.994263
2.500539 -10.421121
9.607594 -11.838282
9.504895 -8.933793
2.258255 -10.903338
2.404063 -7.758910
1.037488 -10.459504
1.737763 -14.589623
1.460285 -11.544455
2.697592 -7.408139
2.778213 -10.377558
2.672631 -9.456457
2.334007 -8.163507
2.849047 -7.971282
2.037296 -5.509143
3.428014 -7.014769
0.848396 -10.094815
0.615517 -10.204153
0.955988 -7.221776
7.147316 -7.941255
3.653948 -7.553055
3.111297 -7.708557
5.317838 -7.204521
5.016769 -0.962233
5.972692 0.700271
5.028018 -0.709216
5.103665 -4.602912
4.410050 -7.268348
-3.878220 -10.242439
-8.602101 -10.920609
-17.090721 -17.591164
