15.419158 15.017826
10.459322 16.161970
9.412537 11.344703
12.393048 11.024507
9.666780 11.112052
8.845531 11.660232
5.222062 10.561155
6.528296 9.544315
4.086206 5.011477
9.002059 5.077071
5.943116 2.869150
7.314852 2.956489
5.241715 2.544520
6.378098 7.505315
4.180490 7.155939
4.442378 9.730029
5.870722 9.875414
5.914755 6.852388
7.266369 1.155827
9.942554 3.377356
8.586909 4.761127
8.075268 5.251944
4.754263 5.889654
2.507518 6.477957
6.438185 6.186952
6.359382 6.083870
6.390096 3.230283
8.355965 4.704671
8.445152 4.495762
6.936461 2.347408
7.963449 5.610428
4.338192 5.635127
6.205250 9.383958
6.108691 7.614487
15.812952 13.332710
6.623682 10.658046
10.716930 13.807335
13.245331 11.838436
13.239551 8.792207
9.167767 3.803761
8.655149 4.800902
6.462708 8.331502
5.887086 9.234108
6.481916 8.209163
6.378401 10.868355
8.916513 14.380342
8.634513 10.894830
11.289068 11.184413
8.841879 11.484055
11.347588 11.004073
14.437678 13.975378
12.427658 14.353850
8.567437 12.143538
7.600713 12.025095
4.479641 8.649371
4.130896 5.705939
5.700252 8.716914
3.714874 10.500011
4.957632 11.138923
3.189907 10.796671
11.928826 11.530982
13.035906 11.122095
13.146025 11.877801
8.972824 12.114939
11.875446 12.069510
10.880972 11.733467
6.893261 11.274756
7.237829 11.235327
6.302640 13.113515
5.846418 7.304183
5.171246 7.035649
7.717631 3.971373
8.760578 4.284965
7.756517 3.382164
5.354157 3.644566
4.368781 5.461557
6.186384 6.183093
5.436872 4.321299
2.805856 4.875632
6.387095 5.202462
7.262102 4.378693
-3.760306 -10.580971
-5.272353 -14.877866
