-0.186985 -1.041316
-2.685116 -1.300710
-2.406173 -1.571593
-2.796176 -1.090828
-4.194543 -1.680683
-2.891075 -3.315910
-4.034473 1.651340
-4.138820 0.573680
-3.594291 0.494316
-3.159035 0.496122
-4.459320 2.444018
-6.027990 1.538318
-7.175119 2.723920
-6.448424 1.228253
-2.769032 1.122004
-4.564052 0.036576
-3.913793 -0.260026
-5.437281 3.130584
-6.652359 1.185268
-5.897779 2.344885
-7.549811 1.672343
-5.491248 1.572809
-3.560730 1.494605
-3.734306 0.434177
-4.414956 0.525596
-4.567146 -1.313342
-4.128458 -2.273720
-4.540326 -4.788578
-7.880019 -4.702688
-9.110339 -4.532010
-10.369087 -6.026026
-9.785970 -4.874379
-6.516990 -4.630636
-5.915479 -4.929240
-6.587154 -5.893606
-10.355423 -8.491004
-15.115736 -6.174281
