13.899428 -11.541044
10.114209 -10.055125
8.202309 -10.152209
8.548490 -9.894885
8.667311 -14.750113
4.984678 -14.888758
5.113635 -14.284738
3.955988 -14.292108
5.106692 -14.519364
0.893871 -14.751162
-0.488256 -8.771876
-0.871335 -11.013463
2.033803 -9.784079
1.916305 -10.222656
1.374796 -9.469084
0.750937 -9.173972
1.728894 -8.511948
3.808569 -7.578923
3.362864 -4.272453
6.083519 -7.105970
5.583269 -6.639998
4.454193 -3.216107
3.746373 -4.008826
5.055712 -7.822574
4.974588 -6.736952
3.421697 -7.306260
2.196248 -8.499162
2.730492 -8.413512
2.385801 -8.475323
0.548883 -7.662965
5.827868 -7.812199
5.455715 -3.804784
5.336038 -3.302961
4.344499 -7.301565
4.276093 -5.762465
4.378353 -5.947446
13.853930 -1.105467
13.193013 -1.067717
12.167375 0.007738
9.483286 1.844960
8.478842 0.992009
10.833439 -0.404430
18.818142 -9.520854
11.460389 -5.174180
11.893842 -7.671791
8.893825 -11.541114
9.790427 -9.266440
8.265375 -9.841292
9.356047 -9.526797
9.716383 -11.112274
8.837070 -9.085536
11.727409 -12.503697
10.379136 -8.632886
8.802349 -10.072560
9.712873 -9.787935
10.751574 -11.903026
7.832937 -16.456661
5.477911 -13.522917
4.763820 -13.797294
6.577514 -13.764783
6.527096 -13.752312
-0.628155 -13.639325
0.810679 -12.461233
1.895997 -11.458097
1.637228 -10.910340
2.795702 -11.385851
10.414684 -11.244597
8.168835 -11.738280
8.583922 -8.086207
7.972971 -9.193743
8.813320 -11.225570
5.419559 -5.917375
2.640377 -8.133901
5.240368 -13.346379
2.336639 -15.358681
2.996076 -13.728452
10.052960 -13.304929
11.404465 -13.994579
8.155166 -11.110188
12.786430 -3.998114
10.515231 -10.550790
8.248939 -9.328681
4.075639 -8.024059
1.607595 -3.364050
0.997812 -6.635290
4.509812 -7.261169
2.483454 -9.903557
2.714765 -9.951352
3.373707 -16.838339
2.755746 -16.120127
6.486033 -13.307254
6.702216 -14.624130
10.249660 -12.731067
8.851881 -13.714990
8.444243 -11.353981
10.258116 -9.308076
9.875771 -9.725715
6.521282 -14.189376
3.703770 -13.595437
5.437438 -13.636226
3.530112 -13.301472
6.436433 -17.095196
7.101748 -14.212861
9.873018 -12.145821
7.956938 -11.925865
4.298579 -7.452006
6.942365 -8.139826
7.262095 -7.918064
4.820570 -2.464214
5.019507 -4.556176
3.517045 -7.511764
8.181466 -9.397104
8.659430 -10.178560
4.878079 -6.723026
5.197907 -6.922545
5.322410 -7.162800
4.408884 -7.427687
3.263219 -6.753767
4.610101 -7.413374
9.686884 -12.598374
8.961327 -10.240589
8.226354 -11.491651
9.196632 -10.457318
9.718922 -9.211841
8.857853 -9.679780
7.923103 -9.301087
0.878805 -11.388966
2.225378 -10.089210
0.094807 -9.483508
2.274490 -9.193289
2.127604 -8.940296
1.944158 -12.077278
2.273534 -17.114836
6.881158 -18.157320
4.198754 -13.293212
9.878849 -13.590333
5.781572 -14.730776
16.284380 -12.998225
8.818614 -11.681837
8.155431 -11.292832
8.371353 -13.640656
6.513557 -14.194004
9.795703 -15.048293
10.923987 -10.562333
9.381691 -14.150359
8.488456 -9.975032
9.689475 -13.672363
9.596807 -14.146153
4.790612 -14.982553
6.422091 -14.121625
1.347827 -13.429063
4.463222 -13.613368
-0.524844 -14.111304
-3.432177 -12.101542
2.242338 -10.497565
-0.028767 -10.139266
1.101289 -8.403837
1.096760 -9.232011
1.414322 -12.525662
5.841001 -15.486091
6.571317 -16.532482
0.975774 -13.170038
2.306330 -11.040475
1.637219 -11.158114
1.246350 -9.595570
5.321364 -5.834435
-5.292854 8.679616
-9.616766 8.532935
-18.704929 14.950309
