14.993126 11.891487
12.059185 12.198965
8.734971 11.727052
8.618118 11.233624
8.321117 12.477562
5.245116 13.124870
5.629527 9.932781
6.444549 8.864577
5.710296 8.283926
5.635888 6.711441
5.249829 6.104071
4.256589 5.594264
8.702093 4.930013
8.478429 5.005779
7.268498 5.449301
7.824936 3.962758
6.540830 4.295763
6.116011 6.028457
7.350513 4.929513
9.295229 5.570438
9.061766 4.818478
9.406834 5.566046
7.222359 3.459784
3.859367 8.269326
5.989793 9.382039
4.121273 9.815855
11.411100 12.636951
11.694301 10.354018
10.499895 13.512359
10.998481 11.378076
14.930728 12.546001
15.013710 4.083097
12.306496 0.746043
13.127364 1.666153
11.119284 1.012580
12.467397 1.106978
8.713371 4.080828
5.216233 3.740448
6.372458 7.353446
4.827984 9.086697
5.725408 6.938596
5.223414 5.695890
3.886472 6.558267
4.053907 8.172088
3.351684 7.712735
5.648470 8.408292
6.328244 8.765094
6.451157 9.854387
5.277519 12.222623
7.983628 11.973608
13.435766 10.221674
12.717882 9.694505
12.809597 10.227197
12.358043 8.811167
12.044910 10.503465
15.095641 11.915926
9.827747 11.043630
8.081690 12.128696
9.046522 5.398354
8.770968 3.727269
11.020519 3.603583
9.050053 0.811715
8.000577 4.002864
5.128834 7.238114
2.538089 10.529072
11.373261 14.046811
10.436157 12.969758
9.211763 11.137849
7.120683 11.051752
9.402881 4.615566
7.988408 2.583504
8.599440 5.080231
12.823517 9.211242
8.555752 5.577378
10.561984 2.571117
8.341139 5.386122
8.457390 3.976220
8.017295 3.669915
15.438841 5.792489
15.439238 2.269082
11.099096 2.617051
9.459188 2.568357
9.588707 4.584525
9.660210 4.630225
8.766896 4.228812
8.939804 4.425107
13.845701 0.745426
15.003424 3.818543
14.854757 4.851796
17.703995 4.013740
12.952045 0.204777
14.348180 2.420694
16.639151 2.286022
14.641140 -1.057498
13.861187 3.357751
12.749943 8.986459
11.680265 9.244498
9.558495 5.589933
14.612799 10.203709
13.356350 16.672626
11.220001 12.168082
12.258635 8.865282
12.377426 12.058856
10.177893 3.762586
10.360926 3.369554
8.824348 3.629408
8.394530 5.536482
9.093872 3.005718
10.021091 2.482119
9.229010 4.860532
10.172919 2.942149
7.489251 5.108858
8.436024 4.646509
7.518944 3.493362
8.387511 5.479738
5.353455 4.607619
8.580812 5.366374
8.697056 4.946109
8.454312 5.424048
8.063099 4.655905
6.470216 8.322579
8.054912 5.592456
7.860114 3.226703
9.796273 4.003913
9.891787 3.208396
9.544115 10.771963
13.263870 11.420789
18.527779 15.952774
14.251947 8.840394
12.781215 9.858760
12.249523 12.794826
13.320262 9.335657
11.592710 10.809204
7.704002 5.049138
8.341192 4.334500
9.441234 2.977992
3.197413 6.039709
4.174990 9.261940
5.230726 8.219659
5.229842 6.725912
7.158460 4.001544
5.560795 2.183300
4.987040 2.576217
5.349841 5.937374
8.299662 4.504677
5.543105 4.060014
5.750882 7.844834
5.331517 5.792298
9.292706 3.440475
8.848762 4.641066
7.155234 5.622118
9.091045 4.636321
6.649695 4.621648
5.054388 3.683469
9.173221 5.515028
9.777189 4.072421
8.514354 2.935984
9.345905 4.732368
8.045374 4.943704
6.952347 4.290349
5.394155 6.797648
6.069117 7.931038
5.093484 6.185409
6.500093 5.851589
5.828291 6.122756
7.423238 4.175950
5.026474 4.343924
7.679509 5.409788
7.084558 4.536061
7.887974 4.267245
6.526095 4.063949
6.230927 4.204885
7.214007 4.423912
5.462296 3.779482
4.508374 6.427286
5.685227 5.311440
4.535888 8.787957
6.363985 9.711778
3.013157 8.761996
5.272430 11.009855
7.768284 10.720573
14.378826 12.872632
16.309261 8.487874
14.241429 11.534250
11.568934 8.953690
15.284039 9.899619
17.206244 6.805476
12.771942 12.391994
12.302044 10.286386
11.740410 9.232718
14.212412 12.018099
11.170131 11.058819
5.795697 11.048516
6.342829 9.512309
6.473687 5.933163
4.371330 6.746258
6.403489 7.013027
3.214236 8.558205
5.354889 7.536529
3.942698 6.430535
3.821591 8.767556
3.788311 8.217929
5.704842 12.711029
7.376231 11.083802
7.239664 11.307755
8.235620 12.279167
9.295055 10.770901
8.806352 11.922565
11.299825 11.065632
10.395462 12.944043
6.334720 12.055455
1.924442 11.611432
5.547511 8.340835
6.404976 10.195060
5.418426 7.414015
5.693493 6.467714
4.837512 9.260994
15.576579 8.398630
16.203184 11.079226
15.801064 4.684631
8.158348 5.247326
9.034162 5.217967
8.042423 2.356202
12.526895 2.192967
14.302250 3.172619
10.824662 1.630602
9.571545 5.295945
9.437275 4.904026
9.197572 3.540525
8.283409 2.969979
6.957568 4.165109
5.375752 9.708823
6.322817 9.034875
5.728561 9.356023
3.636525 10.904779
9.908386 10.794681
12.203999 11.503451
8.411568 5.012223
14.499254 1.700531
9.755074 3.077102
7.524735 3.364948
10.438105 0.049990
10.551602 1.827198
13.690277 2.605711
10.807453 3.495129
11.894526 10.451779
15.934016 7.066208
16.719265 7.167325
12.831081 12.222650
12.440416 9.778815
12.417505 9.704133
8.174620 4.140689
5.526447 1.996064
7.864534 5.042326
9.520467 3.566732
9.606266 4.323136
8.120398 3.349248
5.262842 7.123490
5.195203 8.703069
13.856553 11.651298
11.621357 9.704105
16.241962 9.200902
18.754196 9.808023
14.911445 8.071674
6.276874 3.573892
4.816164 2.322413
5.889609 5.009901
8.104961 5.600535
13.776728 9.339768
15.644588 12.609724
11.442150 12.613704
9.703247 11.432779
6.009496 10.269333
5.020051 4.638739
7.316195 5.397638
6.593081 5.104579
7.120386 5.075510
8.317591 4.321521
8.788372 4.102934
8.379950 3.474111
8.945911 5.493858
9.228218 3.958741
8.454854 5.208587
7.254001 5.577438
9.092300 5.407758
8.262960 4.686250
7.021699 5.495781
4.677079 6.119005
7.844765 4.084208
4.801916 6.875221
12.240662 10.174542
11.030833 11.707891
10.702506 2.525779
12.871118 3.494914
12.266494 0.685058
7.674544 2.882861
9.125300 4.857135
7.794152 4.703075
8.863369 4.344853
8.364857 4.250900
8.791682 5.380964
9.449060 13.210130
11.436226 11.712825
10.867965 3.684362
9.483500 2.320555
12.338992 1.040473
12.325548 0.504435
13.784219 1.165368
18.240381 1.811839
14.921835 4.587564
15.217054 6.561241
16.552734 11.089952
14.518605 10.689527
10.461918 11.420977
13.537811 9.389302
11.593560 9.285536
12.789083 14.636048
7.752942 12.170809
2.742111 11.351315
2.530993 10.955219
6.419191 10.493797
5.136638 9.174212
5.318837 9.419753
4.608072 4.767115
3.198626 7.443841
6.016127 8.589791
6.170733 8.832971
6.489840 9.368910
1.740085 7.743881
7.351612 13.451077
13.667538 10.754149
11.113056 10.659005
6.628258 12.294028
8.434175 13.807856
9.328190 4.915199
9.244043 2.710164
11.967114 2.221401
10.508232 1.739398
6.466485 2.595064
5.902042 4.698405
8.808336 5.552502
9.805519 4.016562
7.732358 2.395575
5.254910 6.428204
6.786820 4.871475
8.818963 5.156495
7.058573 5.384736
12.536157 12.899811
9.093834 11.303408
14.366241 9.319257
13.779810 11.851731
8.464592 11.521996
15.407640 14.080087
10.957901 11.152476
10.652689 15.895242
7.330718 11.479694
2.303515 7.068166
3.990311 7.392622
2.845598 9.368447
5.532422 7.724267
6.236996 7.066721
6.699974 4.922423
8.716650 5.299148
9.687136 4.886644
9.323053 4.653301
5.300599 4.710894
9.127048 12.862203
10.170601 16.166578
10.598042 15.390757
10.686708 10.726760
11.446411 12.439342
11.697123 9.434870
12.204229 10.922777
9.524856 11.621993
5.418772 7.717643
5.746572 8.008578
5.241904 9.759523
4.559123 11.100650
4.255354 10.401601
5.753666 8.325776
8.079514 4.724610
10.122921 3.302389
9.495817 4.329288
8.274748 4.054858
8.021394 3.386600
9.234006 4.585946
11.576202 9.090121
11.694994 9.802209
5.533934 8.259798
4.732507 9.406231
6.393000 7.095709
9.782594 12.332321
8.774050 10.811804
4.921327 7.934125
8.010940 2.924220
11.572957 2.994187
12.825641 2.875472
11.523399 -0.302926
8.235890 3.733751
3.748065 7.292259
6.415821 7.110075
8.099112 2.604673
10.240891 1.309171
12.894688 3.775707
11.847779 3.299887
8.321985 1.008739
15.809590 4.158143
13.993582 1.856853
10.002076 2.315036
7.864396 1.539283
9.119316 2.455637
8.946262 4.512131
8.675063 4.079800
5.478708 3.524305
6.391225 6.911553
9.846878 4.306736
13.794174 14.426928
14.760448 9.389524
14.501344 1.280801
15.136499 4.767840
10.203191 3.498474
8.902125 4.111222
9.911080 3.113055
8.964234 2.224664
8.472212 3.271123
8.828821 3.479361
10.194564 3.253396
13.684867 3.014268
12.489864 2.615800
11.776066 1.960267
12.252645 3.261342
14.879176 11.288276
8.244607 5.026550
5.992177 7.673877
8.002713 5.149266
9.424850 5.597946
9.919735 12.117682
11.950596 11.724413
12.604548 8.904452
11.993635 13.024407
9.607736 11.588043
9.075726 12.653330
7.186991 12.287086
8.469262 12.577417
12.574071 9.786302
12.869343 9.249003
11.836340 10.193053
13.221755 11.012169
13.780345 9.649377
6.487572 4.711124
7.420421 3.641851
5.339733 9.034108
3.756999 7.924129
5.319292 10.389125
8.790575 11.196174
5.451657 9.781788
7.450447 13.264311
4.818227 8.688087
5.750465 6.575226
5.331335 5.270962
4.600375 3.291113
6.166949 5.213561
5.527336 8.102302
5.679033 8.211390
4.397137 7.590516
2.468483 6.782970
4.988151 6.498703
6.097325 6.067514
6.353933 8.852761
3.082561 8.531887
5.464958 6.045898
5.566368 6.670315
7.820096 2.184478
8.924309 5.087221
9.116631 5.317715
4.718554 5.704893
6.354760 5.968323
6.992075 4.883037
7.394902 4.615924
9.745733 5.098809
6.950539 3.226713
8.000733 3.378871
5.884027 3.799975
9.139188 10.903601
11.605794 12.104390
10.272329 11.513946
9.175757 11.039268
2.906677 8.247704
4.408443 8.646823
9.845023 5.066818
8.173603 1.293847
10.420934 2.670323
10.362825 1.285454
8.107019 5.628942
5.681636 8.314390
4.964033 8.665899
5.908612 9.505124
2.667881 6.031984
8.259114 12.265558
13.238863 13.235142
10.722792 12.995801
12.809092 11.622867
7.075807 12.156457
11.943602 12.769024
12.306919 9.675014
14.279254 10.781753
15.466317 8.544571
16.749048 12.601250
13.850789 8.945598
11.968765 11.846663
10.624411 10.861049
5.883213 8.878514
5.482739 6.517777
6.026689 4.940704
6.441246 6.394448
6.379706 6.822504
5.785231 8.030025
5.728534 5.471848
5.970991 3.593152
9.782739 5.228249
8.146294 3.568995
7.460547 4.728312
8.929978 5.196836
9.336866 5.593923
9.337677 5.195971
7.907738 5.518435
6.262539 4.282340
3.204934 7.339083
4.875237 6.874830
7.140183 3.557730
9.615274 5.035925
9.285662 4.987794
8.353872 3.226297
12.852459 3.165959
12.414580 2.837885
13.265983 3.683638
10.915407 3.418262
15.769121 2.496677
15.698743 10.120693
16.359976 4.504308
17.286308 5.245451
14.923115 3.008924
11.619903 3.430941
12.930929 2.549198
10.995260 2.410442
6.958393 5.218425
9.660289 2.937992
9.412016 3.972658
10.532959 1.987724
8.999458 2.192384
10.376720 0.822748
11.205348 3.754365
10.844873 1.382939
9.792678 2.800414
9.020921 4.508577
7.020510 3.456885
7.522395 3.971581
9.632253 4.816190
9.537560 5.340028
5.380092 4.415183
6.227219 7.477048
5.117000 8.497877
3.273555 4.497677
5.758952 5.500127
9.473786 5.157623
9.331056 5.349959
8.862164 2.015757
7.965372 3.810930
6.401299 7.359429
1.242644 10.038581
6.083946 12.223032
14.879028 10.476554
6.071084 9.341070
5.292411 4.620398
5.576111 8.164947
5.526984 4.810284
6.177471 5.300187
10.068707 3.698542
14.450476 3.085539
11.641826 3.236285
12.539768 3.362849
12.364290 3.371017
15.248722 1.710128
13.412407 1.832445
10.019053 2.450865
8.799915 4.703509
5.765816 4.947991
7.144736 5.432679
9.730129 5.151027
11.386812 3.099014
13.157789 3.603220
7.308843 4.372870
5.911873 3.413028
9.584048 5.473995
12.657417 10.915355
9.970139 12.440413
9.654963 13.483541
12.272370 12.065091
9.887831 11.837164
12.944944 11.290526
9.454540 13.000153
7.096595 11.789056
10.746901 10.897101
8.800945 10.970128
9.808227 10.726608
7.278419 10.833145
2.364266 7.716980
2.773767 6.543995
4.097187 8.379837
4.450473 4.400950
10.767044 3.041547
9.827963 1.471095
11.724089 2.697846
12.716263 3.494300
6.936629 2.796829
8.429420 5.553836
6.202470 1.689341
10.606630 3.379211
8.170489 1.829329
7.919158 5.457670
6.966307 5.107220
2.065290 7.339501
6.303930 7.270338
4.645360 6.431890
5.458902 4.828972
2.109113 7.710048
4.654682 6.029171
11.251736 3.172756
11.801380 1.296559
6.933259 0.474983
8.652721 1.970160
9.034477 0.481490
8.868855 5.271807
9.210504 4.672974
8.554026 3.927488
7.109011 4.815842
6.139570 3.105093
6.269495 7.676670
5.942224 6.107934
4.234156 4.156345
5.307602 8.967703
5.920080 7.246520
6.109458 6.122553
6.935836 4.361541
6.480476 3.297422
3.362239 8.161115
7.402116 11.436454
6.561724 10.705237
6.331453 6.710391
4.413045 4.501942
6.893153 5.385230
6.379927 4.400061
8.943864 4.343640
7.044603 5.092121
9.051530 5.444081
8.682817 4.897549
9.663887 11.156354
8.188902 12.338943
11.435744 10.738252
4.950522 10.989140
9.886904 11.743448
5.355295 8.566973
6.221601 8.070369
6.286105 8.257901
5.263678 5.768815
9.064018 5.317088
4.796557 4.854497
3.807812 6.195900
6.447477 5.498495
4.800126 6.104710
4.944451 5.197104
8.461876 5.399786
8.444664 4.934288
9.672082 3.428927
12.820219 2.831362
12.200047 1.062788
10.975295 1.683674
10.539639 3.381610
13.490864 3.159332
14.598929 2.969698
15.022305 4.290719
15.399940 8.654542
14.098101 9.263772
12.934605 11.740520
15.626328 7.923580
15.406776 7.173101
18.005114 5.578099
15.593927 3.702980
8.243416 3.400559
8.602854 3.763661
9.860762 3.175205
6.041716 3.751290
5.833696 7.105789
6.206147 7.983446
6.269032 9.051333
4.726200 5.680402
9.691713 4.110849
11.105995 2.087296
10.630392 2.180007
12.070593 1.489934
11.386651 3.260452
11.947927 2.155350
11.110683 3.306404
10.847734 3.102451
10.093656 3.723307
8.235020 3.732487
8.951353 2.155745
9.431818 4.383303
10.716129 0.194529
11.284739 2.776211
10.561973 -0.095567
7.659384 2.018300
9.113495 3.412786
7.842752 14.626908
4.461991 13.504825
5.500767 9.109009
16.836548 11.077195
15.002946 7.756408
8.540829 11.488073
5.926126 8.860835
5.873663 8.999781
5.646896 7.857790
12.183823 11.737451
13.549820 9.518108
11.056791 11.242166
11.456138 10.715307
9.654072 12.692719
10.262148 13.232540
0.760964 6.715997
6.022439 7.199081
6.018011 7.962359
6.286099 7.138248
6.070843 4.278769
8.271456 3.687101
8.105640 1.868066
7.165650 4.648448
9.800088 5.297729
8.095115 5.232122
9.378426 5.206552
8.860304 3.215827
7.285589 12.427472
8.045718 10.787525
12.251895 10.349380
12.673595 8.982385
10.618141 11.099139
9.683760 4.651656
6.309695 4.444751
15.707685 7.287653
9.333790 4.666462
8.350644 3.534635
9.686718 4.790324
8.424129 1.318446
10.042265 2.042681
11.939745 3.721300
13.452685 9.711217
11.713470 9.908452
12.532202 9.821176
15.767714 10.657981
16.820255 3.183790
13.904627 2.002764
14.706902 0.308020
15.792634 6.281118
14.267224 10.556724
9.336296 11.153802
3.512614 8.807733
4.878987 8.489879
5.823546 10.188105
5.730251 8.145029
3.286803 6.174423
5.556259 5.824581
4.674511 4.136583
11.200076 2.888102
14.365256 3.522887
15.620122 4.191064
13.690243 3.131810
8.886741 1.244836
9.821158 0.349561
9.730380 3.748679
8.936767 5.329267
8.695435 3.983572
12.543416 3.428866
9.051155 5.110249
7.995862 4.890295
6.196634 5.134071
12.423969 11.146294
13.397176 9.218927
11.884983 3.615410
11.120059 2.470708
9.745441 3.125824
9.429005 4.671610
4.657309 2.779931
6.252098 6.427673
11.565812 9.387557
13.611985 10.085650
14.589628 9.136825
12.137666 10.154667
16.549938 14.018505
10.720229 11.020041
7.020097 2.753041
8.701801 1.268997
9.655468 -0.156838
10.185563 3.626251
10.314989 3.244261
11.882782 3.542608
16.768597 0.295022
10.065579 2.818092
11.597901 2.267165
16.372013 6.812304
17.416416 5.473239
14.344248 10.942934
14.195534 13.108806
11.909579 12.152810
7.097283 12.789301
5.123160 10.448804
3.518031 8.476029
6.465451 8.933427
6.194102 8.016488
5.965373 5.659615
7.733893 3.338493
8.295019 3.914346
8.846466 3.297054
8.673742 0.654217
10.714348 0.666757
11.563128 0.182745
9.117555 3.677898
7.993553 5.088924
6.255829 3.727546
4.181087 3.230043
5.913758 6.476937
5.234411 3.106072
9.351324 5.281505
8.974366 5.343048
6.816988 1.999984
8.080708 4.972060
8.389566 4.711461
8.184778 5.324182
9.771788 5.421142
9.745979 4.140329
15.217092 5.167942
9.713201 3.447398
15.666691 5.551624
16.181377 5.478624
15.683336 3.759941
7.212935 4.194403
7.326529 4.462210
8.045737 4.305481
7.245533 3.043432
7.937128 5.259711
6.030727 3.432798
7.716404 4.587384
5.614457 2.117868
6.072424 3.109478
5.622207 10.915103
8.099753 11.372702
9.113552 10.941635
6.064055 5.539174
6.396492 4.749029
7.675043 4.856466
6.408282 5.658455
4.564534 8.316728
5.390830 12.594306
5.853042 8.819741
1.214251 7.714781
2.952128 6.121391
8.466441 5.135711
8.592602 4.375622
6.708916 3.921351
6.188450 6.431238
7.343712 3.786266
9.042284 4.780197
9.506691 4.820383
8.546366 5.141888
9.337882 3.176617
7.727342 1.911059
10.381311 1.070633
10.532994 2.400609
10.015759 0.541563
12.026863 1.945800
14.951353 4.077928
17.620102 10.218637
14.732219 9.026829
15.521700 7.665713
16.172779 5.140883
7.888545 5.576466
7.488920 3.714852
8.289471 5.429713
5.341145 2.835058
6.024511 3.817355
5.583566 2.638299
8.703297 3.007794
7.821136 4.496437
6.058325 4.696045
5.771372 8.664075
5.905607 8.180852
12.570771 8.883843
12.720630 8.989531
5.260003 4.283185
6.307114 3.934969
10.747253 3.078326
9.481009 5.135307
9.231750 1.490342
10.143882 3.069052
12.646366 2.879280
13.878813 3.603541
11.370243 11.038750
9.850554 10.786508
14.712038 12.384787
11.044563 14.001260
12.625032 16.158474
18.659462 13.056993
11.635622 10.205182
14.082228 8.995481
11.413582 1.644112
11.580243 0.549027
9.217491 0.971533
9.831985 1.348221
15.489048 2.824665
13.770878 2.324102
13.402448 3.525687
9.509853 2.768859
6.821354 2.093112
6.170979 6.826062
6.224302 7.568926
6.497442 9.735692
3.974280 9.129181
6.005133 11.374782
8.168097 10.685756
5.768703 10.135714
4.319934 9.994551
4.611493 9.074541
2.643329 7.988321
4.062364 9.151088
4.989780 7.361739
6.307642 4.949337
7.249053 5.586473
9.184793 4.912221
7.588258 5.491145
4.063115 5.359552
3.760681 6.870688
6.074250 9.243147
5.526635 9.727467
3.529129 8.909590
5.968041 11.060180
9.080317 11.329136
7.680158 10.987879
10.710183 10.870667
15.375461 13.695079
11.887753 9.547567
10.548388 3.523921
8.133379 3.245695
7.544816 5.008614
6.482454 6.737025
8.645908 5.161916
6.353652 9.630426
5.956450 8.424230
6.844266 4.550515
8.632700 5.086789
8.535731 5.072464
9.057508 3.836769
6.783669 5.324639
6.204850 5.138635
6.363232 4.630939
4.973368 3.504985
7.814082 11.336981
7.141353 10.764850
5.499527 4.669705
5.133057 5.966538
4.530187 8.834597
6.279325 8.696916
4.047733 5.258255
5.765344 8.943853
6.145248 8.157460
5.897911 5.100550
9.486074 4.811925
7.702282 5.221414
10.562198 2.582705
9.900732 2.049842
11.253191 3.242283
11.320888 3.093026
11.616613 2.374674
13.137762 0.711349
9.926917 0.743466
9.535507 4.417082
8.562536 4.007940
9.043659 5.634790
8.345912 4.669344
8.499130 3.427476
8.472219 4.934532
7.505849 5.296086
11.432980 12.181932
13.293123 10.715672
9.178143 5.442975
8.247681 4.211717
7.732429 5.161260
10.786916 10.713573
11.983036 14.250545
11.431571 12.727939
6.219656 11.106612
5.781984 9.484148
6.137765 9.527565
10.813164 2.853556
9.113222 -0.016657
10.028442 1.161746
13.495230 9.024045
12.108536 16.707909
9.532997 11.717579
14.542829 14.740439
11.976516 12.537141
2.532568 7.542334
7.623940 12.528731
6.243355 12.008512
5.869784 6.776161
5.414559 8.338099
6.524777 8.040966
3.780860 10.469972
12.186623 11.236904
10.259584 12.159038
7.681803 10.723547
4.816805 11.546717
6.507665 10.260431
6.134429 6.171391
5.895716 5.302241
4.806415 8.151579
4.715991 8.120493
5.181518 9.089870
4.444788 12.290252
5.956350 10.635180
9.151041 14.292256
10.397377 11.213384
8.661026 5.439466
8.494633 4.049179
11.751795 8.856733
16.868938 9.083295
16.836502 8.829732
3.502013 7.763831
5.033096 9.003231
5.799513 8.491271
5.950140 4.545618
6.820073 5.621435
4.410439 5.672830
5.755594 8.769821
5.103078 11.435606
9.012510 10.969190
9.336423 11.296489
8.322577 10.913214
7.421968 10.791920
9.309120 10.892248
9.290274 4.343571
17.258675 4.732759
12.746218 3.179552
15.531167 5.383092
13.306459 3.506453
10.455912 2.311818
11.990169 9.606084
11.615160 10.520164
5.992800 7.063072
5.097980 8.977784
4.752337 9.559192
6.485676 11.504119
5.933505 7.947596
5.619953 6.921606
9.568174 4.732913
8.502330 5.215631
7.003649 5.024302
8.231687 5.308353
7.894551 5.649821
4.822843 8.483124
6.514539 8.806024
4.856864 8.260887
12.948052 9.652833
13.990657 11.971253
6.610559 11.991546
9.912777 10.996269
12.648701 11.070170
15.373146 9.933597
15.916209 7.515913
16.151875 1.380091
15.540047 2.488111
12.812238 2.739592
9.085769 3.006792
8.497229 4.754553
9.350797 4.241637
9.070156 2.878594
12.742401 3.013501
12.740181 3.224673
8.669040 2.873609
7.833357 5.004885
9.653170 4.763303
9.297442 5.559305
9.040074 5.246175
6.885042 1.168409
7.277352 2.933425
8.542112 3.055518
7.152110 4.934600
9.801670 5.525226
11.853140 1.911238
12.378058 0.559773
13.501875 1.987833
8.657108 1.824561
9.173504 0.535940
6.633696 3.169931
8.218719 3.329886
13.803413 8.971204
12.215511 10.197707
13.133321 11.408198
16.427467 6.776610
15.198782 6.686043
16.622393 3.242208
15.680253 0.407230
11.988793 3.188080
9.335297 2.163989
8.265034 4.360489
8.176672 4.382681
9.662436 3.491212
8.655029 3.386868
7.269433 2.559341
10.025740 2.203685
10.570772 3.296152
10.215104 2.638558
8.822802 5.577988
8.049436 11.193323
9.101133 13.804969
10.336982 12.096418
12.388035 9.813251
13.973299 13.500037
17.296448 16.440809
9.920143 17.142738
3.200397 5.116635
9.668606 4.854907
9.064038 1.956785
5.455946 4.618317
6.475760 6.198085
5.075101 4.442137
6.348711 4.737019
7.564476 2.537540
7.870974 3.675721
9.047537 4.339755
9.712168 4.052510
7.104221 5.436299
6.277062 5.196805
8.456632 4.848283
7.745096 4.439909
8.970560 5.315554
11.457201 1.676359
13.440777 3.404098
12.405707 8.917668
14.688177 9.423379
11.919747 8.880285
8.999340 11.245679
8.385239 13.122761
13.402340 9.256661
11.805637 9.447807
7.901764 11.737714
9.668859 11.592143
7.065237 11.257510
8.071491 11.364755
5.966440 10.614631
5.615252 7.149310
6.712118 3.930368
8.364904 5.187163
6.346018 6.076375
7.680243 4.090831
5.489363 4.753410
6.389535 9.944125
4.327265 9.111382
6.003216 6.449307
7.278611 3.831667
8.184591 1.938921
6.255658 5.878336
7.904383 4.304220
7.505304 5.254828
7.688508 4.051293
12.062069 3.332688
11.945108 2.769485
10.940583 3.759066
10.375203 3.648254
9.779518 3.619106
9.487755 5.502008
8.006359 3.398256
6.675487 4.781814
5.527048 6.458601
5.671243 5.165883
7.221035 3.038093
8.944447 3.824222
7.869580 4.485339
8.540723 5.345850
8.056167 3.778798
12.542374 3.301313
16.190372 9.785926
16.145292 13.647956
10.343073 13.706851
11.761277 11.943591
10.805311 11.477697
9.103183 11.615012
10.134520 12.746373
9.618800 12.264366
8.151038 12.518291
5.666845 9.715506
4.078306 7.898248
4.598341 8.565410
4.636343 5.596117
4.024361 6.450057
5.157379 8.097758
3.849807 9.888867
7.957516 11.162930
9.824984 11.145545
15.002714 13.838468
11.540852 9.458035
17.802305 12.424665
17.580227 11.874949
12.629587 12.468445
11.884397 9.738081
16.844007 10.782168
16.334387 11.314043
15.019190 8.256363
14.651857 13.433953
15.761223 6.389296
12.781168 9.348389
9.514573 11.767904
9.494110 11.453967
13.117344 12.319201
13.252753 9.377305
11.024068 3.337385
9.643663 2.653320
13.947945 2.883356
11.630969 -0.889186
10.767139 -0.085971
11.231742 3.139859
12.796621 2.013273
11.033924 1.060642
12.500535 3.790302
8.781204 2.530076
10.075954 3.659324
10.181061 3.235763
8.692379 3.509325
7.203114 2.833636
14.268501 3.720118
13.469171 0.986551
11.540287 -1.303368
12.148912 0.654763
14.328780 1.097037
11.761713 2.906309
6.504985 2.471073
7.191932 5.119893
7.174770 4.518945
9.564582 5.099525
9.458494 4.968228
10.091194 1.060032
11.051627 2.254890
10.405361 3.336925
12.593723 2.428081
17.276749 3.381684
16.536245 -0.219138
14.951947 4.340711
7.930251 5.048316
7.806626 3.799247
7.070492 3.539116
8.862411 12.495525
11.430794 13.647055
12.550068 9.784333
17.086355 1.143822
16.367113 5.755722
11.325317 2.833888
7.849002 3.913558
8.757306 3.919991
6.714939 4.871110
6.557611 3.622710
8.368405 5.002888
6.545289 2.766899
11.549275 13.404943
14.556803 12.936847
13.749779 10.474680
15.604926 10.527641
15.321671 6.673040
12.289233 0.536720
13.701838 -2.562545
10.008596 1.428346
11.320282 2.927930
11.854839 2.724298
11.269527 3.076135
10.630600 3.035406
10.399400 2.787685
6.719573 5.131078
3.214940 9.937039
6.017122 10.248689
5.995201 9.905622
9.635147 11.011689
10.348645 12.152332
7.747805 13.428082
10.586203 11.458898
6.343382 10.641984
8.196755 10.668312
10.022361 11.312011
6.737298 4.557530
4.750067 5.201825
6.233451 8.777759
5.674004 9.815125
5.524528 7.877692
6.334180 8.930869
4.226419 10.899052
11.100124 12.202816
15.819134 10.551873
13.361174 12.264644
14.646426 9.144269
13.774874 10.485749
4.690572 13.085297
3.220098 8.919316
5.051995 9.962888
5.126877 8.850396
4.462337 8.042501
3.318999 3.572126
8.819062 4.360290
10.275728 3.658692
13.758558 3.226887
16.211264 6.294757
12.280804 0.198011
10.331829 2.191553
12.162109 3.695473
12.182759 2.835481
12.481812 2.279172
10.685897 3.499865
10.620673 1.565357
8.632311 4.751738
8.076498 3.268531
11.942911 2.691022
10.641451 2.779618
11.597107 3.312197
11.031925 3.173669
12.216063 2.827395
7.189649 4.862203
7.912756 4.370431
5.134110 3.257141
5.911199 4.219697
6.380957 5.471117
8.207515 3.598761
3.559802 4.926210
6.232773 8.013510
6.171093 9.563256
7.615525 15.076196
12.029955 11.372024
9.959328 14.676695
7.779525 11.880792
7.082527 10.770466
8.691832 4.767422
7.875104 3.828150
5.851923 7.393030
6.131088 8.896452
6.068852 5.622941
7.479298 5.452922
5.870015 5.512813
5.637985 4.790267
4.625194 9.354143
6.127622 6.813984
3.954319 4.435314
5.014789 6.884708
5.417838 8.693242
6.409812 4.755426
5.104032 6.036688
8.958722 10.724288
11.528976 11.404788
13.540160 13.971866
10.093969 11.720351
8.199282 4.589346
6.290641 3.164469
6.454558 7.042398
8.484815 5.256272
6.927796 3.736865
8.002124 5.452680
8.253378 10.825290
8.321957 13.777325
6.193056 9.674424
6.409240 8.055718
8.193333 5.327256
11.127712 12.826796
9.178057 11.108460
4.147066 7.751779
2.755976 7.012043
7.289751 4.815116
3.775088 3.984499
7.576893 5.350613
5.707028 3.240542
7.989817 3.602339
7.847534 4.177183
7.996217 4.584598
6.510718 3.366601
12.728476 9.251210
12.807816 8.878645
12.878299 9.965042
12.079769 14.331187
8.230056 10.993239
5.407809 6.908991
7.817256 12.199793
5.173393 10.534522
4.726764 7.226869
4.386320 5.646801
5.596084 5.212593
8.748724 5.584004
5.248476 4.439131
6.694719 4.243644
6.700184 4.006895
5.634678 10.077712
6.322635 8.304047
4.941325 12.371112
6.983685 14.028373
11.066599 10.942155
13.256865 2.352992
12.579514 2.303713
17.635109 7.858474
15.368631 7.054857
17.879295 6.641449
19.660294 -1.630222
10.091143 2.304746
9.010681 0.255718
11.068778 2.059780
10.236735 1.891089
8.376274 4.152639
4.935325 4.715178
4.473728 8.311715
5.044466 8.211925
7.239315 13.112846
8.973983 10.912143
9.375538 11.245852
14.711279 10.409149
16.138662 7.274808
14.946893 5.397721
15.904419 8.695753
12.073581 9.698219
14.657543 8.805964
11.871153 10.514758
11.410489 11.183870
15.570886 11.669902
15.119190 12.155218
7.010201 10.664546
6.878060 12.714044
9.355856 11.334772
9.305902 10.876299
10.759762 11.489344
10.021338 12.241825
6.122193 11.612864
3.354228 8.543853
5.203394 8.309804
3.197380 6.963447
4.842222 8.203638
5.389357 9.053797
4.943667 11.481534
5.840473 9.030779
4.935355 4.000552
7.125527 3.904880
12.077384 10.113363
9.132116 13.507490
5.023126 7.807297
4.490723 7.950853
3.175459 8.917474
5.000155 11.456719
5.686332 9.575992
6.362499 5.583185
8.049128 5.436337
9.758928 5.216412
8.415153 3.669605
8.816768 3.101991
9.363585 5.228213
8.448931 2.969939
8.402014 3.995578
8.171762 4.760256
9.698210 4.712907
7.704515 4.552232
7.104204 3.802302
11.661922 3.657137
9.394647 2.111054
7.252166 5.382264
6.353578 4.128355
6.274378 6.403884
7.342439 4.918417
7.121804 5.288852
7.760227 5.133695
6.200353 4.650843
6.781890 5.329088
6.249151 5.833365
4.906075 7.460061
6.563015 5.608913
4.233956 6.881043
5.794909 8.771068
6.871454 2.842744
5.950173 2.735328
8.323541 5.211240
9.656141 2.305243
10.072180 3.604863
9.035351 3.710301
7.898134 2.695031
6.207707 6.069680
6.037490 7.221659
6.022496 6.960518
3.801668 6.961339
5.485737 5.815462
7.496453 4.170501
9.229591 5.634921
7.058611 5.579915
9.476213 5.366558
9.497609 4.159619
6.813560 4.701602
4.924993 6.879828
4.999758 4.897464
6.391826 7.484723
4.687558 8.947838
6.424288 9.091779
6.083979 10.628055
5.587595 13.545977
11.593884 14.175907
7.854173 10.832718
6.727180 11.818304
4.715222 7.384856
4.270908 5.635520
7.637078 3.749568
7.937696 4.995883
9.386637 5.409204
7.973224 4.253067
6.857019 4.530738
6.211999 5.882982
6.530663 7.001004
5.803106 9.198762
5.891561 8.184813
5.268085 9.493293
6.414049 8.366551
5.143194 6.749559
6.497686 10.342137
5.811687 8.569095
1.109158 2.343529
-0.423945 1.391182
