-0.202018 13.844650
3.770196 10.234105
4.209026 6.689702
5.445094 -7.582022
5.229227 -8.057920
5.583048 -7.552666
5.715449 -7.607168
5.005901 -5.575830
4.223691 -5.216054
0.730116 -7.271682
2.813898 -9.443990
2.388362 -10.204799
0.222049 -9.724257
-1.867299 -10.944709
1.410869 -8.383574
4.064676 -13.685702
-0.515970 -10.144479
2.004424 -9.317796
2.161849 -11.205448
9.945537 -10.869025
8.027036 -12.863955
8.254463 -16.581305
11.156823 -16.287231
11.167709 -12.459754
14.105054 -12.164267
11.211290 -10.730771
7.973423 -9.045584
9.267241 -8.094634
6.586975 -8.130077
4.895041 -6.304245
5.950531 -7.617908
5.165815 -6.362469
5.977068 -5.225884
2.992441 -7.981496
6.728092 -8.159056
2.344833 -8.460780
8.714210 -11.757144
6.342328 -13.431319
6.758480 -13.226192
11.829434 -9.908374
12.871799 -8.641652
11.502287 -11.451608
8.824769 -10.597144
11.828972 -12.804307
8.465483 -11.153386
7.709393 -13.885116
7.787331 -15.652457
5.849583 -13.563567
2.547170 -12.980863
5.135352 -7.408649
4.641767 -7.163032
5.813124 -6.535909
1.384330 -8.011740
2.661265 -9.401408
0.476127 -9.895488
2.207158 -11.567687
2.210796 -5.660630
3.391125 -6.051795
3.749409 -4.878434
3.445948 -7.929098
2.201235 -6.587182
1.852220 -9.136277
1.437885 -11.566107
0.486162 -10.342710
2.061271 -10.982815
0.896523 -8.744352
1.292241 -9.684336
2.396495 -9.262340
1.962548 -9.618253
0.391988 -8.850419
1.948460 -10.546891
8.677048 -10.884759
9.462254 -13.103463
8.098268 -14.299541
5.210656 -15.849206
8.894609 -17.031382
2.163480 -9.627277
0.633400 -8.264907
4.556768 -5.190282
2.767447 -8.867492
3.880982 -7.850304
4.453379 -8.159871
1.059282 -6.602606
1.911798 -10.655412
0.119596 -14.275341
5.109920 -14.277579
5.567372 -13.370444
10.269429 -13.607978
12.337193 -12.255391
11.479095 -10.719768
13.872437 -13.340917
13.719496 -12.392849
9.036484 -10.607409
8.283154 -9.179593
10.449321 -13.081779
5.522542 -13.596039
7.733463 -8.042611
2.895189 -7.637201
2.126093 -7.195805
4.947130 -7.591685
3.006469 -7.022979
5.629241 -6.699898
1.949620 -8.677106
3.526910 -6.035694
1.398154 -5.764698
3.986960 -7.941042
1.880681 -7.540611
2.385271 -11.071094
1.608031 -10.953624
2.658499 -12.698552
2.356527 -11.839527
0.329342 -10.931947
5.829486 -16.761770
4.374142 -13.978782
1.308654 -15.459811
1.426056 -12.354733
0.871567 -12.263268
1.584053 -10.420221
3.293497 -6.818984
4.032197 -7.130416
1.973338 -8.007419
1.165356 -9.478744
0.303507 -11.505406
-1.300270 -14.286626
-0.360778 -10.307817
0.169167 -8.329343
4.940973 -7.465320
4.636843 -7.311302
4.274267 -7.838892
1.838404 -7.127930
0.744820 -7.889758
2.566029 -8.658304
1.761622 -7.268738
4.614228 -6.206854
5.863250 -7.621113
8.247211 -9.805850
10.931802 -11.181622
10.856744 -9.584017
15.322313 -8.534540
7.421884 -7.961214
8.093855 -9.020689
8.572941 -8.692544
11.267464 -8.854907
11.601398 -7.144814
12.016970 -3.666301
13.720955 -6.889775
7.976730 1.105117
7.341957 1.061197
6.632018 0.026047
10.473907 0.138572
9.955832 1.824999
8.129807 1.115486
6.647770 -0.118989
6.877393 -0.009993
9.396227 0.679602
10.306639 2.076008
8.770920 0.615395
12.064659 2.615503
13.970085 0.985371
12.155168 2.226223
15.467257 -6.609913
11.901836 -5.727280
14.372580 -6.127898
12.523365 -8.283616
9.219673 -8.759537
8.394307 -9.250456
8.387753 -11.037514
8.647065 -13.368808
5.302677 -13.673833
4.854631 -13.778346
8.788802 -15.890588
4.927680 -13.808705
16.421675 -19.248785
