-8.045134 10.050312
-8.895436 8.649932
-7.788907 7.494215
-7.053062 5.025214
-4.086449 2.750230
3.706520 -3.146941
5.154986 -5.883338
3.317297 -8.147524
5.924761 -7.544313
4.726910 -5.543789
4.782965 -8.088237
5.049329 -3.761043
5.398719 -7.329615
5.228473 -7.678463
5.688847 -6.942385
5.682208 -6.120814
1.908507 -7.977412
3.489517 -6.343011
5.179029 -6.298930
5.930602 -6.494626
8.508702 -9.037149
4.108146 -13.594270
6.714968 -13.754424
8.077355 -11.026505
8.768247 -9.385104
8.718040 -9.060987
11.946027 -10.782535
14.011225 -9.303655
14.330340 -7.335271
10.786088 -10.115766
11.324486 -10.492383
7.875766 -10.443740
8.739385 -12.839715
8.135882 -11.031367
13.306801 -11.623584
7.553653 -13.932490
3.746036 -8.128815
3.708189 -7.715773
2.356208 -11.839776
-1.605325 -13.152507
-0.068375 -10.504841
0.386765 -9.216216
1.598339 -10.522370
2.534106 -10.091710
0.834813 -11.306240
1.966690 -10.659127
2.218130 -14.226317
6.358631 -13.949800
1.646158 -11.448010
4.173532 -7.919977
7.416117 -7.859951
8.208118 -7.983248
3.852386 -13.343527
9.968046 -11.353906
10.100811 -11.003716
9.491961 -12.286824
9.211769 -11.936664
2.732690 -9.454781
1.654442 -11.371408
1.543276 -8.830544
1.619573 -7.705768
3.474114 -6.555214
3.422539 -4.820551
4.583611 -5.222265
4.797125 -5.498004
5.600021 -6.824940
2.951638 -3.015340
4.912326 -5.195955
0.653254 -9.022687
-0.521382 -9.938117
2.650826 -11.130599
1.723842 -4.692009
-0.537515 -7.627513
0.717864 -5.599731
2.833565 -10.272477
6.363469 -8.008358
8.474643 -10.752837
1.710490 -10.768270
2.640211 -11.296321
8.580218 -11.044999
4.961421 -7.828825
6.029153 -6.477865
8.876108 -12.275681
8.489055 -11.423579
7.042819 -13.721606
5.692688 -6.155198
6.026479 -6.798290
4.407258 -7.965497
4.577270 -7.607887
8.019996 -8.007324
10.921984 -8.035950
13.863775 -8.333060
12.033482 -9.742151
8.064589 -8.410760
4.775500 -6.508616
7.873159 -9.775405
8.724271 -8.710702
5.312377 -7.325226
3.916141 -4.856089
4.666560 -6.716023
6.139285 -6.918752
5.395330 -7.091255
5.036825 -2.481266
5.224873 -0.760579
3.837946 -1.025792
10.629775 -0.659216
11.840294 -1.041533
12.345057 -3.437494
11.272430 -0.839899
12.938017 -3.929921
11.439314 -11.263007
9.080659 -8.853758
4.417436 -6.656534
0.461114 -8.061551
2.179673 -7.373764
2.365715 -12.585829
1.930525 -8.167867
4.638106 -6.361933
5.423235 -7.081522
3.119411 -7.928593
5.164057 -7.006303
4.028651 -7.943362
5.683194 -5.778424
3.751538 -6.671202
0.753872 -11.310022
-0.280236 -9.000545
4.749539 -7.587687
5.254208 -7.759763
4.734287 -7.880062
6.472035 -8.000462
3.506726 -6.486798
4.846706 -6.589244
2.221314 -7.915847
2.599225 -9.333368
1.642665 -13.961231
2.273414 -9.834020
1.268821 -9.192329
0.028692 -9.171365
1.733192 -9.200509
1.186209 -9.686187
3.373533 -7.171796
3.880688 -8.033969
5.512117 -7.687208
3.889345 -2.667293
2.586116 -8.548461
2.709749 -9.006164
2.593904 -10.273274
0.750945 -7.046590
3.536694 -7.175952
3.979755 -4.223486
3.703956 -5.873380
11.281534 -0.538949
11.520781 -2.599038
11.474089 -0.675214
9.893753 0.167025
11.299740 0.210789
10.555992 -1.618780
10.953385 -1.360655
8.068189 -10.317325
9.360567 -12.805093
8.800302 -8.642102
7.258515 -7.924750
6.082642 -6.435151
5.926745 -6.315599
4.654632 -5.714713
2.271145 -10.556964
1.600772 -10.325944
2.016119 -10.506150
2.579125 -10.980718
0.951355 -12.766845
8.856788 -8.915737
10.862930 -10.873378
9.143400 -12.684165
4.894830 -13.437374
6.032652 -14.045487
7.065850 -13.634276
6.454649 -18.443745
1.897248 -9.762631
2.303001 -9.524377
-0.270529 -9.678702
1.446352 -12.926305
3.955401 -14.278967
8.471842 -15.762748
15.076286 -17.216887
9.227712 -12.071885
8.012256 -11.854815
7.872144 -8.633679
8.555457 -11.164109
9.129658 -9.152360
8.871273 -8.227870
8.007534 -8.852780
8.069230 -9.217187
3.834322 -7.457471
6.036064 -7.311516
5.008437 -8.162539
4.524493 -5.982864
1.141031 -7.998673
4.447476 -7.771413
5.005417 -5.361692
5.834110 -7.754241
5.741931 -6.878359
3.988374 -14.137080
5.724426 -13.293769
8.010199 -12.692168
10.153549 -12.286418
12.553464 -10.905839
12.540024 -6.510645
17.063187 -12.606273
10.198765 -8.525022
9.910755 -8.172190
8.586852 -8.277555
3.690189 -6.508253
4.514235 -1.143031
4.716410 -6.275313
3.788911 -6.963830
1.412490 -6.222743
2.400818 -9.186337
1.267289 -6.290192
3.353678 -8.106874
1.098925 -6.725795
5.249169 -6.358788
2.400552 -7.485097
2.368132 -8.416498
1.782571 -9.064227
6.092286 -8.063498
4.930462 -5.064566
3.463005 -7.428233
0.545731 -10.526187
8.140178 -8.484406
13.257697 -8.779584
7.900924 -10.270885
10.316567 -14.739388
6.462757 -14.775260
2.780559 -13.382326
0.527651 -12.162910
7.358177 -8.196823
9.885621 -9.828990
13.852069 -9.672807
11.653163 -11.620794
12.589271 -11.512103
11.142007 -10.437220
8.706364 -9.710123
11.703743 -10.809470
10.799162 -12.259652
11.040375 -12.106538
8.043161 -8.893853
7.924922 -8.005850
7.892983 -8.559186
10.469919 -9.701315
8.603958 -8.600863
2.623546 -8.846987
0.895513 -8.806439
1.406409 -9.224330
1.983510 -8.795890
2.227676 -10.298451
2.167919 -10.186775
8.018804 -11.296969
4.537770 -7.706399
2.657891 -8.447832
2.447912 -8.771092
5.954740 -6.538943
5.951322 -7.293090
5.090580 -8.101791
1.477021 -7.671805
1.557163 -10.198558
3.145578 -7.677979
3.168619 -6.685879
3.957580 -5.923713
3.956413 -7.716656
0.640325 -9.016788
2.579198 -11.464515
1.795292 -10.730965
1.977581 -11.348733
-2.033062 -12.881707
3.357472 -13.721847
4.862652 -13.578205
5.555696 -14.735370
