-7.267116 -15.692627
-0.566800 -13.022988
1.781163 -11.756192
0.791047 -11.249845
1.159274 -10.265431
2.716439 -11.210132
0.982677 -11.470133
1.619588 -9.545700
0.618329 -8.591435
4.225474 -7.712994
0.908072 -7.398017
3.466103 -5.443129
3.433987 -4.848373
4.554459 -7.757041
4.752358 -3.348628
3.371780 -2.389300
5.310314 -0.862959
4.590256 -5.077409
2.721033 -4.871586
2.907138 -4.642481
4.182479 -2.145089
4.974761 -4.170813
2.108802 -5.343521
1.208299 -6.421461
1.997417 -4.085565
3.124300 -5.623013
3.973302 -3.494601
2.681766 -1.292836
3.550665 -1.438900
2.591067 -2.738444
5.271037 -5.239204
3.861865 -5.144894
3.255068 -6.841118
1.678914 -7.170298
1.891909 -5.939484
4.944108 -6.924506
7.990512 -0.043334
5.460316 -1.706110
5.401111 -0.542299
8.269497 -0.045995
10.408501 -0.149432
11.966280 0.524200
13.788277 -0.449702
9.240498 0.994834
10.168039 0.501863
11.159271 3.186868
10.530411 2.550403
14.999155 0.136310
11.157510 0.012004
12.162894 -4.298470
11.245407 -9.838244
8.146899 -7.946466
12.328154 -8.425487
11.564050 -0.102604
10.894251 -1.639211
10.730346 0.324145
6.154412 0.224897
4.978124 0.291259
3.954916 -1.777518
4.177806 0.237236
4.161952 -2.231544
5.018482 -3.627724
5.234384 -5.263945
4.577923 -3.784584
5.167305 -7.143748
3.671659 -7.663107
3.093417 -6.690474
4.353853 -8.065850
8.786787 -13.244727
12.837586 -16.855345
9.160973 -8.271830
2.652054 -6.830140
2.800082 -9.866485
0.218011 -9.893044
3.876015 -7.116567
1.301293 -7.393345
5.084195 -7.706775
3.542332 -8.052934
5.141889 -3.432156
11.932862 -7.331762
13.066200 -5.899822
12.056776 3.026223
9.527016 0.091478
12.344610 0.301285
6.577430 0.344162
4.559834 0.094491
5.464768 -0.854857
4.664783 -1.273621
4.800616 -0.665971
6.591351 1.671987
9.975212 1.696625
10.994896 -1.378831
11.159282 0.121573
11.002568 -0.685311
10.912469 2.574625
9.192196 -0.195395
9.639935 0.484165
9.209044 0.402521
6.830341 1.370146
5.196914 -0.107883
5.235917 -1.977701
5.273010 -3.989969
5.263073 -3.943509
3.654302 -6.899654
2.426769 -6.455059
5.881102 -6.681859
6.129805 -6.339842
3.779349 -8.065689
2.863593 -5.530887
4.478126 -2.233191
5.477282 -7.489964
5.443889 -7.488916
2.268745 -6.132397
0.442048 -9.482890
-1.505131 -9.201940
-1.424455 -7.829634
0.273934 -11.570255
0.475898 -11.053792
-1.918297 -8.157523
6.967578 -8.040850
7.292397 -7.901609
9.796933 -7.923606
11.080481 -11.340592
8.670401 -9.942870
8.939331 -8.101222
9.537781 -11.169889
9.614698 -10.584884
8.818434 -10.837387
16.904732 -12.976664
