2.636076 4.088019
1.255841 2.273480
-2.646876 0.391491
-4.287179 0.191189
-4.221563 -0.833442
-4.004313 -1.007058
-4.797763 -6.321990
-5.855918 -4.016036
-6.182012 -4.295146
-5.627315 -4.986788
-5.226710 -5.894097
-3.064658 -3.249448
-3.112986 -1.273430
-3.876797 -1.226679
-4.415799 -1.276358
-3.737087 -1.122900
-3.013271 -1.563638
-3.503206 -1.552897
-3.996264 -0.164245
-3.631363 0.171485
-3.498538 -1.020793
-1.216418 -0.777587
-3.059784 3.186994
-6.191101 1.751775
-7.171431 1.300084
-8.478523 1.518899
-7.709416 1.747291
-6.507269 2.095552
-7.311136 2.085808
-6.057990 1.604070
-8.975642 3.257272
-7.198539 2.592015
-4.269983 2.431551
-3.104384 1.663304
-4.417212 -3.040277
-4.591434 -5.932415
-5.028724 -6.383069
-6.379551 -5.353858
-6.771437 -5.616489
-7.935893 -5.935862
-8.721988 -5.292998
-7.962256 -5.418918
-6.334363 -4.740973
-6.681404 -5.086473
-6.367129 -5.591112
-3.923435 -2.191252
-4.424752 -0.272983
-3.406869 0.437294
-3.051004 -1.849126
-6.579806 1.589630
-6.995774 1.567909
-5.836853 2.208296
-6.494649 2.286737
-3.544267 1.136152
-4.360768 -2.330785
-2.619790 -0.777466
-2.841311 -1.543408
-2.512111 -1.622481
-1.121929 -1.606321
-3.450661 -1.373137
-4.166979 -0.501364
-4.253551 -2.255879
-3.801247 -0.939665
-3.639228 -0.811894
-1.691071 -1.663044
-1.655409 -2.212420
-4.624793 -4.888894
-6.091619 -4.378955
-9.916980 -4.158319
-10.529145 -1.636610
-10.612762 -2.728311
-10.355023 3.278348
-12.809368 3.806330
-9.713860 0.467531
-5.325707 -6.442346
-8.744495 -5.744591
-8.724010 -4.147116
-9.844970 -1.825874
-6.866428 1.547061
-5.523631 2.738780
-8.352466 3.051222
-5.220129 2.099099
-9.343407 1.580542
-5.933928 1.261358
-8.701078 1.267369
-8.033688 1.912323
-7.118381 2.673288
-7.530214 5.315997
-7.410071 2.345760
-8.851810 2.197314
-6.808558 1.213276
-7.317303 1.508896
-5.427617 1.922141
-5.749684 1.205446
-6.822098 1.309518
-7.362867 3.352902
-6.575043 2.631896
-11.122487 0.591537
-13.433105 -1.397892
