17.399700 -12.564106
13.718529 1.533865
11.588678 2.206792
9.575943 3.454872
9.675526 4.518728
9.132893 3.110447
8.011952 2.846374
6.915802 3.033094
8.889549 5.087992
8.255550 3.613232
9.907385 2.461842
9.568149 5.049717
8.250034 5.386579
7.009874 5.274806
6.576719 4.877745
9.140469 5.175960
9.601728 5.234096
8.501408 5.154479
9.684197 3.862216
10.445555 0.688662
10.496657 3.621191
9.280502 2.592573
5.713925 1.490968
6.842227 3.463153
8.400109 5.386671
9.933784 3.573349
5.608598 5.095123
6.345541 5.852352
6.425547 10.643946
10.434429 12.652590
8.061183 11.233610
6.733006 12.397285
6.351811 10.152412
5.676187 15.030932
7.172748 11.391708
7.981892 10.734050
14.501143 10.691890
12.988057 3.289470
11.895019 2.555739
9.097884 3.857626
5.504789 6.212590
4.128706 4.105853
6.074747 8.434210
7.923416 10.805330
7.448401 12.661275
8.805082 10.754062
15.026637 17.649771
12.656601 13.003614
11.399974 10.930449
11.992933 10.172517
14.801960 11.262761
13.208883 13.963340
10.782841 10.715014
7.394536 11.783470
9.391533 14.619461
12.415709 9.594233
13.511332 12.738217
14.110323 12.913549
10.555204 11.036784
10.274496 10.878045
10.227956 12.596837
4.332517 10.811325
3.128192 5.254805
4.598421 6.071895
5.435078 5.547047
6.416036 7.204821
6.457281 5.425982
6.170898 5.128120
6.513450 9.811802
5.422033 7.650830
4.587489 7.207253
5.383501 10.222621
3.479949 11.223685
9.282127 14.092004
9.859169 11.430520
9.359640 11.117767
8.434017 14.972757
10.317216 11.061608
6.070186 11.073359
4.766624 7.542939
5.847987 7.582583
5.555617 3.541799
7.445824 5.602193
8.838538 5.062579
8.940711 4.471487
7.204733 3.849911
5.890910 7.005871
5.284163 9.261261
6.500855 6.785037
4.906225 5.110699
3.707796 6.978424
4.331020 10.522377
5.765459 6.548867
4.202043 6.197016
6.170746 8.058835
4.403910 5.958278
8.629526 5.162800
7.974280 4.828407
7.687322 5.333591
6.813590 2.451727
10.449398 3.608413
12.314020 3.764314
9.919540 3.079884
8.343397 3.400398
4.836059 2.882240
4.934064 8.349382
4.917028 6.634427
6.891971 5.131925
10.089581 2.254724
9.279707 3.017711
11.514372 0.717596
10.403456 -0.131298
11.438569 0.341501
9.341194 3.537596
8.806520 3.999309
8.500897 5.122578
5.526861 3.825600
6.344416 5.211986
4.827216 5.329865
5.489391 6.313096
4.261443 5.538040
8.568712 5.192701
7.703496 5.336037
4.964767 4.106361
5.733899 8.400151
4.735909 6.428188
5.052084 8.236308
5.117568 8.355704
5.241653 4.642519
5.946006 6.090113
5.118649 5.520623
8.586042 4.643802
7.594098 5.172941
9.612352 3.617754
5.936739 6.074158
9.491360 4.619490
6.602352 4.182217
5.157893 7.446070
7.982784 4.968885
9.050786 4.490378
13.321033 9.667534
18.114050 7.729115
8.953185 1.570590
7.662791 2.121508
10.304860 3.297597
8.670652 3.834404
9.708286 4.875460
11.397810 3.236754
12.250269 2.302703
10.949565 2.715061
11.300449 3.548366
14.704979 10.668137
19.706539 12.164666
11.853071 10.278175
11.539215 11.658654
10.735732 11.444579
9.025883 11.442433
8.972211 12.667415
9.293772 13.206298
12.810246 9.367759
9.818878 3.035131
11.481440 1.037694
11.411366 2.397203
10.868670 2.238285
9.979974 3.210511
8.291958 3.560259
8.299926 4.758063
9.197775 3.409657
9.035477 2.958367
9.614071 2.867899
10.412256 2.979753
8.544579 5.339220
8.933179 5.535779
4.598002 4.453372
5.659004 8.554090
5.453546 10.280016
6.269091 8.128697
5.165043 7.368069
5.503230 4.567194
7.325789 4.870301
8.773645 4.441641
8.152079 2.816444
9.654638 1.719581
8.437967 4.203424
9.125751 3.337911
8.529163 5.391594
9.818789 2.680614
9.234697 2.084419
8.703660 5.078463
7.617229 5.109264
9.207829 5.352173
9.765363 5.283248
8.788984 2.333344
8.450243 4.815938
7.698273 4.314202
8.823345 4.998024
9.739815 4.598814
7.397286 5.438339
6.117132 5.440810
8.263611 4.041835
9.003150 5.540048
8.787369 4.392921
9.491997 4.693575
6.983288 5.197828
7.594904 5.468539
6.924590 3.265573
5.764742 8.283891
6.112001 6.835687
5.171618 7.282804
4.977354 3.854918
7.216022 4.351595
5.119013 6.822037
5.041368 10.587478
6.061949 6.741252
1.798231 7.010406
4.153512 8.652126
6.294368 9.487300
4.127969 10.830766
11.227490 11.117080
7.661796 10.962323
11.725517 12.813220
15.250164 14.475219
13.410245 16.182261
