7.055703 18.905037
7.976278 11.615100
4.640525 10.752985
3.540290 4.262286
6.023917 7.055302
5.197651 8.339524
5.919684 8.152622
6.498967 6.161891
4.695192 4.990659
7.042912 5.406609
9.562487 5.427306
8.442561 5.580006
5.591758 2.114431
7.873599 4.875040
5.434280 5.753984
5.571162 7.549527
5.561069 8.685843
6.536555 7.987307
4.037769 4.740489
3.444722 6.787318
2.247281 7.149511
3.308024 6.999378
6.493237 5.495471
7.883110 5.641575
7.005895 4.984563
7.367002 3.710117
7.241346 3.676306
12.406618 1.082479
12.548877 3.343966
8.294742 2.854428
8.281902 4.039841
8.230680 5.312515
11.288388 0.920231
12.759318 -4.624317
13.907740 -11.041961
