-15.932609 4.278920
-10.632803 2.535136
-9.878829 0.487313
-10.927649 0.671474
-7.665284 2.278296
-8.527392 2.028368
-6.078798 3.500546
-1.875568 0.632777
-4.336740 -0.106052
-4.212615 -1.075516
-4.433817 -0.878779
-4.323414 -5.740057
-4.363990 -4.594675
-7.138539 -4.712251
-6.298287 -6.115336
-9.260412 -4.033583
-5.007833 -4.029212
-5.450395 -4.472845
-5.650319 -7.303075
-6.032761 -8.282013
-6.366422 -7.763187
-8.815506 -7.308508
-11.017847 -0.989888
-9.506741 -4.792202
-8.225737 -5.045328
-7.591913 -5.875194
-6.677741 -7.394869
-4.865367 -5.417011
-7.255406 -4.605128
-8.464681 -5.170713
-7.149567 -7.270417
-5.061689 -4.217805
-4.742052 -5.291484
-6.367617 -8.255275
-4.277425 -5.233387
-4.413859 -2.668188
-4.054698 -2.648034
-3.857810 -2.981771
-3.745017 -1.923209
-3.656185 -1.038695
-3.443860 -1.864375
-3.247877 -3.562413
-4.245790 -3.404160
-2.793477 -0.861857
-3.370955 -3.144336
-3.644052 -2.088696
-4.258994 -2.848021
-4.366974 -5.900189
-5.185003 -4.109460
-4.415595 -4.260371
-2.976306 -0.760986
-3.108750 -1.516838
-6.436790 -6.949765
-6.125121 -4.004036
-5.243988 -4.400267
-2.856730 -2.951626
-2.773341 -4.842127
-2.710042 -4.926326
-6.486417 -7.808556
-5.933488 -6.619813
-2.526390 -6.402235
0.127766 -8.955415
4.555309 -6.460281
5.746725 -8.185790
5.752478 -8.100297
2.608263 -7.159552
2.126051 -12.813939
9.121835 -17.030071
13.911527 -17.598738
