-16.936705 -17.267332
-11.487013 -8.155492
-6.918025 -4.146162
-7.860426 -4.322043
-6.394552 -4.141860
-7.685031 -5.004222
-7.341278 -5.236576
-5.083024 -5.064574
-5.497689 -4.138897
-2.389127 -5.448810
-3.471288 -2.355349
-4.222617 -0.961396
-4.177965 0.770210
-4.004734 -0.257564
-2.599963 0.703483
-6.423781 1.539046
-7.986549 2.064470
-8.770215 2.624786
-10.843765 0.921741
-10.195253 -0.461788
-9.815828 0.393166
-10.660797 0.809213
-9.216722 2.672088
-8.338560 1.938082
-5.703970 2.230675
-7.217246 2.512369
-7.661194 2.876845
-4.207537 8.663746
-1.743475 10.491375
-0.657873 11.864993
3.567975 17.805223
