17.204741 -11.829535
8.056615 -13.033063
12.115587 -12.015159
8.104663 -9.710548
8.766275 -11.373256
9.818691 -13.655536
7.621894 -13.363145
6.870770 -13.227489
4.881923 -13.496969
6.198477 -13.594415
-2.104698 -15.114570
1.676512 -15.263850
1.760972 -12.983622
0.182550 -11.388753
2.657927 -13.012171
2.830378 -13.743362
1.851164 -14.148398
3.480867 -13.740266
-0.394502 -12.901495
1.303897 -8.464978
-0.013386 -11.263662
0.381552 -9.469965
1.868693 -8.376663
-2.742273 -8.458357
-4.427999 -9.400949
