19.126661 12.324949
16.867033 9.912663
14.877127 4.399236
17.284367 0.528274
13.489658 2.937521
10.596352 1.863632
11.781831 2.051119
6.975810 5.387863
9.482469 3.572744
10.607025 3.033650
10.917830 3.460148
14.089329 2.449577
13.747036 -0.181689
15.882925 6.505440
15.340996 4.597212
17.173813 0.991642
14.640262 3.719952
17.771275 4.762838
16.234921 4.424802
15.090028 3.102374
11.136389 2.854459
12.222267 3.749475
12.216534 2.995975
15.000976 4.674097
18.326807 2.284750
14.222862 3.717682
10.540608 3.011959
16.017881 4.206409
10.115743 1.112648
11.554617 3.058693
12.704114 10.127811
13.930955 8.905233
12.668110 2.695164
14.775101 -2.513287
15.168486 4.548816
14.982796 5.922354
16.938917 7.578984
16.842924 7.449831
16.175789 7.169315
16.256880 5.845165
13.550124 0.911038
14.896317 3.040087
13.078163 10.670847
15.002445 10.526893
14.948914 6.383190
5.862863 3.605338
5.556954 3.997930
8.198267 4.368726
7.448139 4.554840
8.845573 3.804795
10.779523 0.758854
10.121374 0.037888
9.928407 3.675112
9.623829 1.897727
10.914562 -0.004558
11.147217 3.182897
9.128265 1.702899
10.163622 3.285820
8.504086 4.454158
7.503322 3.243824
13.267173 9.116005
10.737386 13.110509
11.091558 11.949441
11.961248 10.908212
14.988415 7.460238
15.521288 6.663248
14.475783 11.619777
13.268592 10.247065
14.600042 8.884795
11.338360 0.818794
10.689547 1.596333
8.852980 5.496529
11.079257 3.186594
11.866265 2.001556
14.004175 2.094007
16.038637 5.888156
16.191116 4.496568
12.586722 3.034033
15.743664 3.247325
16.526875 7.197377
12.529289 10.400580
12.811443 9.312599
14.178362 9.069527
14.602719 10.256493
15.626209 7.406702
15.408709 2.688880
12.748753 0.296206
13.684911 3.767035
9.016192 2.874601
15.666439 0.720792
10.613991 3.691688
10.904085 3.275831
9.793877 2.969708
8.729459 4.426146
9.756828 4.988084
6.181260 9.762576
4.955751 8.730851
5.038032 8.639585
4.466299 8.727748
9.986935 3.015976
10.538673 3.702554
10.791521 2.374394
8.665890 3.946443
5.726888 4.506388
11.998598 2.577751
9.343214 3.029843
7.007224 4.967853
7.279868 5.586793
8.220003 4.023181
7.470505 4.360747
7.926664 2.297000
11.587761 3.697357
12.421076 10.551586
10.167824 11.270717
10.863794 12.446671
6.497608 11.459406
5.059241 7.448710
6.217082 8.308316
4.258256 7.715099
5.801431 8.148211
6.533907 7.494924
5.335513 9.001008
6.238856 5.289942
12.758090 10.104070
12.265286 10.062298
11.379395 11.477855
9.193453 11.021411
7.504672 11.596808
10.494452 11.883165
13.894184 14.966734
12.939001 11.743953
12.831397 10.294853
9.007553 13.955211
9.100805 14.253167
4.159144 10.557167
5.242011 9.815496
5.845218 10.436082
7.444839 10.963296
6.232410 10.784304
4.927433 6.875511
11.845309 -0.424214
11.140110 1.348312
9.402147 4.256775
8.972406 4.031774
9.443115 3.488341
10.700164 1.276738
8.933165 4.831252
9.811366 3.471247
8.847370 2.744510
8.254856 2.534641
8.066950 4.232248
9.123972 3.330760
11.286071 1.909766
12.818025 3.508014
9.808773 3.081694
8.687201 1.054209
7.900077 5.335901
7.292820 4.631701
4.438422 6.925571
5.181141 10.325889
6.299817 8.314878
6.489888 5.602441
5.808768 10.884566
6.694745 11.621898
8.527334 11.351898
6.931266 10.707775
7.604602 11.594604
7.648729 11.257952
4.921639 10.265727
2.519881 8.400842
2.934083 9.754358
3.971967 8.355893
5.836349 6.909585
5.913573 6.991635
5.115807 3.249155
9.741580 5.528115
7.155423 3.744866
8.465872 1.452421
9.698030 3.835040
8.678192 4.739151
9.054847 3.620571
8.733376 1.124346
7.655542 2.586592
6.176216 4.717735
3.904502 7.227254
5.491010 8.738376
6.162908 10.579967
