-16.726183 16.949759
-8.910913 8.852393
-8.919785 4.111410
-10.947780 1.832024
-10.377937 2.630373
-9.805223 -0.767724
-11.781729 2.136819
-11.123756 2.668761
-8.640516 2.493731
-8.572509 8.118254
-6.339801 7.529722
-5.371087 6.676928
-4.009121 6.611159
-5.044532 6.373519
-6.643445 7.719850
-5.400108 8.184262
-3.303050 7.957711
-2.237035 5.885890
-2.087973 8.004142
-3.559166 7.436045
-3.825233 6.958679
-3.147471 8.389343
-3.738459 6.429780
-3.662965 6.851331
-1.823062 6.419803
-7.118683 6.704060
-5.279071 6.400259
-5.254753 6.347115
-3.452077 8.852023
-5.716112 7.422464
-5.870911 6.397563
-3.924126 7.022913
-4.612477 7.448642
-2.865929 7.303628
-3.714959 6.934628
-1.953596 3.886704
-2.330187 4.478476
-0.668429 4.006797
-1.001994 4.631965
-1.532600 4.820221
-2.323859 3.931659
-2.354595 2.281474
-0.079858 1.212477
-1.740398 0.216739
-1.949969 -0.002606
-4.290438 0.113881
-2.707066 0.382207
-3.159399 -1.690683
-2.604256 -2.803715
-4.494571 -4.138391
-6.501766 -4.095655
-3.097940 -3.886057
-4.239866 -2.813869
-4.117088 -3.757887
-3.936572 -2.195758
-4.459650 -3.198686
-4.261287 -4.033937
-6.943575 -4.099427
-10.335714 -7.372561
-9.334370 -5.002077
-6.798306 -4.834527
-8.963246 -4.604876
-11.118912 -5.111423
-7.804708 -3.930833
-8.817312 -4.002065
-7.004658 -5.492630
-7.117129 -6.754447
-5.011758 -4.421339
-4.391598 -4.649547
-4.513703 -1.607804
-2.568865 -0.650187
-2.855292 0.015889
-1.277539 -0.566249
-2.331241 -3.357203
-1.839931 -0.787455
-2.221095 -2.320288
-3.757833 -1.274603
-3.560164 -0.864511
-3.124440 0.241302
-1.749748 -0.467999
-2.718430 -0.699531
-3.507517 -4.618833
-2.222547 -7.446831
0.665363 -11.615406
