-13.345102 13.501413
-9.994886 7.795619
-6.943984 8.251081
-7.514098 6.460941
-7.257224 7.188958
-4.834364 6.787294
-6.290170 8.144364
-7.669252 6.281338
-5.867300 7.758402
-2.784051 7.443176
-3.553474 7.621495
-5.077325 6.662861
-5.665960 7.274796
-5.082733 7.631613
-4.329559 7.473022
-3.748363 8.028032
-2.656199 6.957422
-1.834741 4.815668
-2.326844 3.133021
-1.346359 2.440446
-2.480193 2.801922
-1.351963 6.768894
-4.113077 6.653145
-4.756485 6.537209
-3.673362 6.833938
-3.536903 6.637200
-4.627608 7.399079
-2.056254 6.114718
-0.204818 2.976274
-1.484283 2.183509
-1.522875 1.980710
-2.000618 2.340433
-1.612010 1.020958
-0.522026 -3.621133
1.847513 -6.952069
4.572483 -8.638454
