-17.431656 12.824391
-7.715814 6.153724
-5.667867 8.538480
-6.649841 6.532192
-5.773293 6.589725
-3.873278 6.896863
-4.494820 6.707588
-6.213620 6.404459
-6.731129 8.796844
-10.686657 2.579529
-11.849389 5.745709
-8.617194 4.629811
-9.095184 4.944404
-10.502845 5.357703
-8.243567 3.881731
-8.741225 2.458817
-8.500950 3.899751
-9.301111 2.439117
-12.103138 -0.917585
-8.256629 2.607752
-10.230914 1.266103
-8.436408 1.183491
-9.659497 1.650215
-9.876429 -0.278549
-9.929995 0.498741
-9.926903 0.444069
-10.691693 0.266237
-8.305400 2.935750
-9.341831 4.820376
-10.317822 5.596154
-8.548939 6.177591
-7.985604 8.590278
-4.510120 6.525839
-5.742630 7.525505
-6.478431 6.822656
-7.810571 6.843218
-5.664411 6.927904
-5.127623 7.274158
-6.652518 7.026603
-7.864017 7.476154
-6.620762 8.832129
-1.907739 9.783167
-2.399463 5.792140
-1.937075 3.947175
-2.096560 0.157433
-3.279639 -0.917313
-3.379277 0.760328
-3.332657 8.480622
-4.090894 8.325300
-8.943313 3.272094
-8.241467 4.628937
-8.736525 3.931031
-9.032389 3.740396
-8.254613 7.104619
-7.764674 6.927025
-5.070989 6.533915
-3.776866 7.247063
-1.901589 6.552630
-1.024328 6.175764
-2.246396 2.142593
-0.778918 0.789068
-1.312884 3.272546
-1.640604 5.289014
-4.180103 7.727866
-3.320013 6.981992
-5.592549 7.432342
-4.963591 6.955163
-8.822569 5.048744
-7.403896 7.461870
-7.081294 7.245093
-9.766821 2.041458
-8.547466 1.457083
-8.258336 1.827488
-8.397953 1.195047
-8.208851 3.700892
-5.565575 8.459847
-4.069249 8.375222
-4.552430 8.355383
-2.762701 7.273826
-4.041790 6.468999
-5.699963 6.857391
-4.081439 7.546560
-7.471450 6.994700
-6.826553 7.480399
-5.920282 6.950894
-4.294831 6.616590
-3.944222 6.354593
-2.765837 6.547417
0.372081 6.922816
-1.403612 3.869570
-1.961673 3.133902
-2.416270 1.312445
-2.666846 0.165185
-3.638241 -0.635232
-3.480422 -1.207401
-2.986023 -1.431224
-4.114598 -2.821177
-2.409136 -1.069757
-4.599504 -0.013996
-3.077003 -2.823767
-4.022120 -5.217968
-5.240273 -7.423235
-7.844106 -4.338206
-5.353781 -3.983975
-8.639936 -3.922680
-6.443985 -4.761671
-3.038924 -3.600150
-4.337162 -2.967164
-4.703738 -4.439425
-4.304094 -3.207840
-3.667122 -1.581450
-3.287564 -0.289479
-2.855784 0.693951
-2.216653 1.264663
-1.623387 0.150579
0.203754 -2.864251
-0.823837 -4.652133
-0.254783 -9.608747
3.158790 -17.821453
