-19.490385 5.914206
-14.432559 2.725544
-14.217306 1.656666
-14.688323 7.951065
-15.307951 7.831546
-13.422787 -0.885551
-9.884254 2.759414
-6.863691 -0.724799
-8.361696 1.729497
-6.244671 0.598217
-3.680811 0.909247
-2.342633 0.741316
-2.990447 0.852770
-2.758009 0.539624
-0.766775 -0.005893
-5.435647 6.750242
-5.704755 7.617076
-2.084751 7.954867
-6.487258 6.568457
-6.365817 8.985565
-3.648482 7.754889
-1.358124 6.066506
-2.307124 5.694929
-1.564524 8.307616
-3.447160 7.233845
-4.449144 7.502127
-3.559692 7.438540
-4.399573 7.220694
-3.929806 11.172906
-8.458185 10.037368
-6.887192 8.237436
-6.392874 7.573271
-7.013429 7.805691
-7.383936 6.772266
-6.690327 6.867051
-4.023073 6.473258
-4.158492 6.679331
-4.443583 7.108003
-2.094494 6.741655
-2.263611 6.150851
-3.754914 9.090301
-6.514209 7.191319
-7.946185 8.221104
-6.749498 7.932331
-8.120857 8.635900
