13.196002 7.784704
10.678903 6.924588
10.650366 4.696096
9.900712 2.770362
9.974073 1.606956
9.580128 -1.214643
8.420859 -0.532088
7.456923 0.911420
5.254272 2.019420
3.520612 1.372271
3.766747 1.729394
0.386095 0.604259
1.545267 0.504738
1.433162 0.199975
0.102799 0.455431
1.872857 1.721796
4.205928 1.286889
4.046856 1.685405
4.297375 1.706537
1.342013 1.995507
-0.868917 -0.601365
0.175616 -2.304657
0.259143 -3.601564
1.668900 -2.653009
1.559545 -1.123115
0.732178 -2.292957
1.049376 -0.567559
1.731979 1.400687
2.040177 1.224248
4.936563 1.779826
4.417955 1.656414
2.090648 1.116345
-0.660695 0.725067
-0.145332 -0.922794
1.719814 0.076891
1.811363 0.168184
1.292760 -0.933432
1.642944 -1.771685
0.402705 0.015018
0.650753 -2.281937
0.795911 -2.005606
1.827391 1.160389
4.020626 1.361321
2.868513 1.563808
5.684011 1.089666
6.885280 1.497801
6.982135 -0.946204
7.443615 -1.154960
7.149678 -0.965344
7.011217 0.366768
8.113335 -0.873427
7.962215 0.988712
8.184056 1.921127
6.774186 1.580837
3.299528 1.587395
3.481046 1.344631
3.609972 1.415012
4.896578 1.468951
3.943410 1.212360
1.837594 -3.983126
2.473266 -4.795127
0.871764 -6.083210
0.881121 -6.670306
3.287395 -4.885951
5.903256 -5.572545
4.327114 -4.157879
3.750002 -4.208547
5.525949 -4.565800
5.012935 -6.622145
7.896364 -0.908788
6.967505 1.651970
6.916480 0.570484
10.145708 -1.402191
9.886303 0.740242
10.552107 -1.263034
8.410403 -0.691759
7.206430 -1.524924
8.409843 1.835700
6.233829 1.085471
6.228450 2.444174
5.888331 2.077827
7.684910 0.921442
6.817758 -0.120205
8.559270 1.505550
7.990397 1.771288
6.997073 1.171026
7.938599 2.196845
5.758845 1.389282
4.606047 1.850354
2.840620 1.203236
4.233891 1.451607
5.020023 1.756252
5.866072 1.132271
3.161922 1.924456
2.649587 1.166150
4.354887 1.998412
2.822579 2.287834
4.063069 2.409615
1.944054 1.295927
0.858127 -0.791968
0.861500 0.010083
0.365134 1.051213
6.836494 -0.530135
1.810067 -1.174428
1.381225 -2.107013
1.176572 -5.455970
2.177270 -6.624413
5.632336 -3.954596
6.015353 -4.892232
1.190428 -2.255969
1.276207 -0.988338
1.760085 -1.504308
1.188964 -2.047058
0.003559 -4.858622
3.622567 -4.951792
3.455319 -4.098995
4.062677 -5.168825
0.580482 -5.583943
1.114197 -1.427902
0.639170 -2.906912
1.229475 -3.840030
1.751063 -3.283293
1.770904 -2.463454
0.267048 -0.530488
0.981168 1.790566
3.010183 1.383623
5.311781 2.084951
4.771511 1.442983
2.571105 1.422120
5.263008 2.080040
2.114161 1.688112
2.826356 1.141639
4.646730 1.975016
3.094875 1.422746
1.569639 1.860048
1.251378 1.392058
2.721237 1.603708
2.388490 2.293374
0.723847 0.412708
1.753971 -0.641384
1.399481 -0.401887
1.438685 -4.340593
-2.153522 -8.040027
-5.459393 -7.586665
-7.512415 -8.841174
-11.830911 -11.119067
-14.626064 -13.227607
-14.464701 -11.636749
