-10.636658 11.258084
-11.721393 9.203043
-9.341297 10.692011
-9.314459 12.723988
-10.359463 10.489526
-4.576406 6.934411
-5.446459 7.367172
-4.896129 7.059525
-3.844776 7.701647
-1.438118 5.940999
-2.023033 4.082644
-1.918485 2.548309
-2.137516 3.090836
-0.756019 -1.430556
-3.214532 -0.059033
-7.263105 0.663817
-8.359095 1.742907
-6.288364 0.510476
-7.145382 0.324008
-10.373312 3.109583
-12.443082 1.145712
-17.001749 4.023475
-14.763392 4.041179
-13.146231 3.643291
-11.946277 0.656322
-10.224991 0.957094
-11.097408 0.444401
-8.875655 1.237971
-3.311775 -1.658387
-3.113844 -1.936416
-3.469583 1.087574
-4.419874 1.216511
-7.534476 0.515405
-7.659372 5.555411
-7.943523 5.304589
-7.382114 6.868213
-4.022338 6.429327
-4.752218 6.912707
-4.690025 6.893826
-5.609745 6.452565
-3.020297 6.639091
-5.588567 6.476028
-5.582791 6.671656
-5.804432 8.437455
-7.703680 6.919553
-7.766300 5.717268
-7.940796 8.217032
-6.442520 8.321670
-6.711123 7.224589
-6.707664 8.818122
-6.860120 8.234883
-7.804906 5.770882
-7.452997 8.458021
-7.848307 8.860860
-5.281795 6.807051
-6.108383 10.319848
-7.951538 4.942872
-7.823382 7.211741
-1.902738 6.287127
-6.449803 6.639850
-3.444396 7.945436
-4.945636 6.979213
-7.279121 6.994822
-7.845896 5.349118
-7.817260 1.807456
-8.221547 3.015802
-9.457022 1.624413
-10.332285 3.493067
-10.033340 -0.387789
-8.965073 2.110776
-8.313784 9.054627
-11.975268 9.806586
-12.173012 8.876853
-10.585173 11.449089
-7.781247 7.883776
-9.220525 10.612107
-11.089456 10.754195
-12.868843 8.699182
-13.614529 4.146565
-13.749742 6.872730
-14.896446 8.352996
-11.060642 10.134120
-9.886928 8.513909
-8.499277 9.101815
-6.513955 7.844333
-7.034122 6.909672
-7.197321 7.716778
-7.176030 6.879186
-13.361165 2.850811
-13.235862 4.481210
-13.940353 -0.084948
-10.241867 3.145640
-13.678397 8.896023
-7.886206 3.188941
-7.553776 6.840919
-7.892607 5.343404
-6.474414 6.797725
-6.705568 6.972423
-3.133365 6.766169
-4.720308 7.676235
-3.459555 7.928546
-2.929781 8.788677
-3.557803 6.769238
-5.545589 7.918239
-6.219017 6.912385
-4.334969 6.417827
-7.562091 4.773954
-7.906324 5.737415
-7.041328 6.786039
-3.989668 7.623367
-4.493684 8.882997
-2.866877 7.921791
-4.538494 6.538882
-6.640966 8.354631
-7.601806 8.477590
-7.832922 7.581788
-7.421340 9.932752
-9.575649 9.265688
-5.838039 10.043428
-8.892006 9.637732
-7.493577 8.055480
-7.613471 5.865514
-7.844511 3.279690
-9.909920 3.408909
-11.380233 3.206182
-14.554420 5.188023
-10.018499 14.569019
-12.872675 8.536542
-12.368708 8.706525
-13.202976 6.724358
-7.730229 5.901916
-7.163121 7.275535
-7.559433 5.098671
-7.795933 3.214037
-5.677632 7.061567
-5.555984 6.321650
-7.720508 7.724056
-6.439118 7.202891
-4.354102 8.920018
-5.310051 7.642260
-6.141315 8.106243
-4.160307 7.897543
-4.921024 8.278205
-6.541509 9.101739
-6.465936 7.123466
-2.385792 4.164749
-2.658751 6.531250
-5.841718 6.789429
-6.661373 6.464068
-9.483106 8.984179
-11.401141 9.573781
-11.029675 9.663636
-9.099598 1.743211
-10.989833 -0.556936
-11.351474 2.218877
-10.137421 3.326691
-7.791157 3.337594
-7.030743 0.426818
-6.308039 1.007983
-7.212666 9.580206
-8.225368 9.841405
-13.504240 7.352775
-7.510538 4.289744
-7.955533 2.190704
-10.245346 3.105951
-6.219311 7.093254
-6.132007 8.139512
-7.771444 4.363078
-8.508181 -0.402073
-9.703657 2.867154
-13.007327 2.918880
-14.521815 5.905559
-14.795671 4.687498
-11.273575 1.254975
-10.020056 2.843212
-13.301153 2.813056
-13.147637 6.023863
-13.104920 9.035583
-6.298828 9.240671
-5.309709 7.281822
-5.302859 8.714681
-3.646318 10.349048
-7.171836 9.598568
-10.618125 8.821390
-9.721646 9.614330
-11.227616 8.933239
-7.609253 6.835378
-7.113461 7.855930
-6.364965 6.594918
-6.849180 6.682451
-7.759268 7.597338
-7.697152 6.211735
-6.380319 6.947345
-3.153122 8.927539
-7.771623 6.564840
-7.869948 4.312822
-2.420626 2.969482
-1.746711 3.863581
-2.469396 4.402000
-2.467922 4.378392
-1.241989 5.373905
-4.026144 7.027088
-4.207463 6.348325
-2.274629 4.338039
-1.962138 3.865453
-1.494882 4.451714
-0.717852 3.252026
-2.252976 3.573438
-1.747027 2.555833
-0.819636 2.292074
-2.079076 1.758073
-1.684765 0.223401
-3.004055 0.281940
-4.773369 0.036544
-4.915338 -0.076483
-2.776210 0.684292
-2.130594 -0.114064
-1.854218 1.385361
-1.278893 2.156273
0.052435 5.247285
0.485435 5.355925
-1.283916 4.593379
-0.710688 6.219150
-2.320531 3.974149
-1.508838 3.292320
-2.073821 4.211411
-1.671696 5.735094
-1.824626 4.858679
-1.962935 1.211289
-2.891660 0.135604
-1.492033 0.334916
-1.504975 0.933816
-3.046058 0.357329
-2.203945 -0.494792
-1.443210 -3.645849
-0.938510 -7.516394
2.913030 -13.186915
