-6.461794 -0.168824
-9.652176 -2.709804
-7.961757 1.354039
-7.589833 -7.516677
-7.148983 -11.184855
-11.338923 -9.496772
-11.546850 -8.468954
-11.836029 -9.560718
-10.710467 -9.021502
-10.324246 -9.622706
-10.027122 -10.531974
-9.801886 -8.164956
-9.458280 -8.963787
-8.806271 -8.137551
-8.458052 -8.119098
-5.596297 -8.041037
-5.262653 -5.942452
-6.346267 -5.923499
-6.743800 -1.498848
-12.127742 -2.895300
-17.368652 -0.006526
-14.057058 -7.637534
-13.667257 -6.863324
-12.850491 -8.412377
-8.702507 -10.214364
-9.377253 -10.371136
-10.110394 -9.266120
-11.236585 -8.556003
-5.656623 -8.307936
-9.068272 -8.414270
-15.483568 -9.816628
-13.479292 -7.135914
-16.765726 -7.753100
-11.778289 -8.283314
-12.558212 -9.230502
-7.695656 -9.589574
-9.089017 -8.501200
-10.012081 -8.372179
-12.660963 -2.924002
-9.194332 -1.726913
-8.361501 -2.302876
-6.295681 -0.096197
-7.848738 -3.403526
-4.775961 -6.546863
-6.866022 -5.362216
-8.399626 -10.150800
-9.286029 -8.605868
-14.087462 -8.212152
-9.484080 -9.022634
-11.955444 -9.612192
-14.475779 -7.339160
-12.595648 -1.163427
-11.236709 -1.696588
-12.768238 2.018348
-12.981037 -4.347355
-5.955887 -7.545313
-7.481359 -7.363474
-7.863277 -7.383248
-6.198323 -6.597246
-5.707322 -6.786220
-5.894573 -5.503963
-5.726624 -3.856619
-6.549533 -4.989016
-6.459198 -5.784655
-12.056295 -8.392262
-9.861277 -8.072243
-5.498565 -8.246795
-3.833219 -5.162465
-4.859344 -3.578775
-5.104449 -5.051446
-7.151878 -2.639464
-9.143199 -2.541793
-9.667194 -1.677640
-11.968447 -2.237294
-13.350521 -6.908195
-14.454216 -5.172052
-13.141239 -6.745320
-9.987692 -8.258374
-6.287994 -8.570770
-10.531186 -8.279181
-12.936880 -4.924309
-13.092865 -1.001650
-11.349511 -2.877395
-8.856887 -0.281233
-7.822009 -9.609879
-6.698076 -6.459810
-9.906303 -2.352669
-10.183020 -0.957244
-10.555694 -2.549878
-11.357971 -1.834626
-10.905235 -1.860790
-11.409632 -1.616040
-10.968486 -0.668785
-14.374181 -3.739312
-13.574659 -4.360580
-13.982484 -5.272213
-13.267755 -3.837205
-12.938580 -5.911911
-13.715279 -5.968832
-13.007797 -3.969981
-13.372198 -8.506652
-11.371943 -8.036191
-8.343639 -10.482160
-7.337183 -7.517079
-9.993029 -10.079469
-12.301857 -8.659255
-12.358808 -12.030612
-13.061127 -7.613095
-10.507515 -8.945600
-10.524733 -2.823220
-11.043554 -8.482489
-7.168684 -9.431380
-8.072845 -8.806395
-12.358107 -1.835735
-11.189242 -0.775386
-10.430714 -2.761984
-7.658501 -2.291473
-7.506646 -4.542782
-7.297710 -4.022313
-5.243093 -6.143949
-7.088901 -6.126730
-7.298961 -5.968976
-6.314897 -6.806635
-7.998116 -2.176050
-8.831047 -1.251527
-6.560549 -2.435345
-7.070615 -5.532196
-7.635201 -7.753059
-7.930738 -8.400990
-9.669559 -8.101008
-9.128853 -9.886384
-10.719965 -8.584052
-11.636459 -9.156337
-10.114645 -9.565089
-11.022764 -9.609712
-9.839285 -8.407575
-9.279940 -8.826014
-11.135455 -8.827888
-11.083736 -8.780210
-4.736638 -7.565881
-7.592552 -6.771135
-6.208743 -8.386420
-9.741579 -9.176593
-9.976263 -8.227114
-9.806084 -8.188851
-8.141109 -8.739018
-5.535199 -9.172700
-7.250058 -5.916962
-7.650489 -7.159743
-6.872880 -7.673043
-10.315793 -10.134118
-12.104463 -8.465878
-7.485490 -9.557425
-7.445139 -7.208210
-6.783538 -7.343661
-7.569108 -4.636235
-6.951763 -3.980425
-5.875568 -3.160191
-6.405960 -0.820228
-8.639701 -2.730972
-10.865534 -2.996969
-10.315894 -0.838071
-9.986792 -0.801159
-10.280773 -1.545267
-8.505716 -0.753083
-10.004587 2.029374
-10.836004 0.493928
-14.340588 -4.920282
-13.006257 -4.379132
-15.091282 -3.638258
-14.289062 -6.057795
-9.213467 -1.041285
-7.504708 -3.431669
-8.853086 -2.039899
-9.560920 -0.456726
-9.299486 -1.887284
-7.812297 1.041461
-11.773932 1.755913
-11.734592 -1.970206
-16.905724 -1.262146
-13.922480 -3.097818
-8.891463 -2.644332
-7.723484 -7.668693
-10.875401 -9.296489
-12.546566 -8.824674
-14.019493 -6.232255
-10.349081 -8.544509
-7.725981 -6.657203
-7.442646 -3.713614
-6.642823 -7.526222
-5.933207 -4.309253
-8.900340 -1.823888
-10.596146 -3.003905
-13.597973 -5.758262
-13.290960 -6.556240
-14.183360 -4.354392
-13.404384 -7.329185
-7.389049 -6.459746
-6.558937 -7.746270
-9.391909 -9.217124
-8.589706 -9.072017
-13.097062 -10.119029
-9.477678 -8.208482
-5.813695 -2.952802
-5.899204 -0.040975
-8.512324 0.391090
-6.891554 -2.004006
-4.627212 -3.007531
-9.155523 -2.911927
-8.819883 -2.178945
-5.840122 -5.865520
-7.524909 -4.324262
-6.560409 -5.554923
-5.813603 -7.245766
-6.352826 -8.693345
-10.055074 -8.574473
-10.029679 -8.575372
-8.124399 -11.816419
-14.621843 -7.344197
-8.327958 -9.807418
-12.752483 -9.579700
-15.082304 -5.658253
-12.995171 -6.663599
-7.260989 -7.502309
-4.932103 -9.050536
-10.416027 -10.023130
-9.124925 -8.136697
-10.344381 -9.537284
-10.998225 -8.060058
-11.296987 -8.195698
-8.191363 -10.418138
-10.648668 -9.100572
-7.396165 -7.975871
-8.067459 -9.116876
-9.552075 -8.098572
-7.782921 -8.332429
-7.336831 -8.747261
-6.849495 -4.602237
-7.667955 -7.474453
-7.810281 -7.150519
-5.142489 -6.248935
-7.651559 -7.818320
-8.003010 -8.849675
-9.140360 -8.350887
-5.393550 -7.944983
-6.664073 -8.088153
-7.118204 -4.562940
-7.377685 -6.412621
-5.952874 -5.843269
-7.697432 -7.234597
-7.311095 -6.593100
-6.712219 -7.018692
-7.201452 -8.058602
-8.946247 -8.643798
-9.675856 -8.800789
-11.782279 -9.946264
-14.218909 -9.049229
-9.709196 -9.237058
-8.544100 -9.742654
-13.179150 -11.379054
-12.949600 -5.059907
-15.395149 -4.327578
-15.193651 -2.918028
-11.214993 -2.694690
-9.096563 -2.628838
-7.068330 -3.085400
-8.386871 2.060379
-6.805477 -4.061952
-6.183873 -8.065663
-5.282371 -7.796562
-6.524808 -7.557875
-7.348611 -7.285006
-6.794634 -5.634217
-7.251315 -3.585360
-7.772946 -0.982423
-8.558695 -2.817105
-7.112462 -2.864097
-7.277074 -7.235825
-7.449913 -6.776847
-4.298760 -4.567832
-7.545928 -7.864587
-6.583881 -3.591977
-5.834157 -0.869604
-5.924083 -5.927473
-7.766888 -7.184112
-6.621760 -5.732693
-7.727153 -7.367925
-5.720406 -3.815670
-6.065595 -5.343261
-6.669617 -5.662838
-7.779414 -3.547999
-5.418217 -3.539614
-8.449278 -1.503683
-10.007524 -1.544860
-8.761887 -2.147017
-8.693670 -1.461545
-11.128439 -1.798870
-9.315384 -2.982905
-6.650043 -2.881451
-7.220510 -3.496215
-5.331465 -6.514034
-6.929855 -10.390759
-6.710312 -11.572417
-7.890247 -8.958984
-9.047817 -8.592532
-9.267654 -8.719879
-13.837255 -8.846328
-13.423158 -7.676307
-17.099724 -8.626822
-14.630533 -12.769119
