18.968151 16.340147
14.186047 17.128603
7.642600 9.725399
7.335245 3.709381
-5.688518 -0.474012
-5.568964 -1.790124
-11.344625 0.461295
-11.362413 -1.312802
-10.925687 -2.724907
-7.864409 -2.606463
-9.249442 -8.828610
-8.299710 -8.035004
-4.860137 -9.681614
-9.971887 -11.080464
-11.669722 -8.138670
-9.476080 -8.791589
-12.015930 -9.633492
-15.950008 -6.377164
-6.831609 -6.642125
-8.046861 -10.314357
-6.691257 -7.050017
-5.922717 -7.938435
-10.232589 -9.092718
-11.084161 -9.321169
-12.274981 -9.938987
-11.507128 -12.281353
-6.008447 -8.733991
-7.462821 -6.932205
-6.232272 -5.736765
-6.210834 -7.507319
-6.916035 -6.862465
-7.701364 -8.486351
-9.657736 -8.432360
-9.699175 -8.627433
-8.428929 -8.046975
-6.335158 -8.597083
-7.171525 -5.882037
-5.650544 -4.959144
-7.156807 -8.596467
-7.825896 -9.315221
-9.505209 -8.850829
-11.875023 -9.895691
-8.480325 -8.308619
-6.176504 -7.742352
-7.606987 -4.399343
-7.613127 -1.600648
-11.282839 -1.969146
-14.246186 -0.312961
-12.980667 -3.027645
-13.078524 -6.127470
-14.094384 -4.787651
-15.025009 -5.599699
-13.621659 -5.671238
-14.633039 -6.740235
-12.153901 -1.139649
-7.750619 -2.776142
-9.885006 -2.415620
-10.547520 -2.116961
-13.007004 -2.022436
-13.138928 -6.663508
-10.795602 -8.968350
-8.255552 -8.290039
-7.730275 -7.314189
-6.435329 -6.872133
-9.027935 -9.143795
-6.660985 -7.291286
-6.430899 -4.639202
-5.882631 -2.853771
-8.625478 -2.746879
-10.869481 -2.611925
-8.699734 -1.217096
-8.966860 -2.566259
-7.265548 0.612783
-12.529045 -1.031445
-9.369345 -1.706101
-8.371460 -2.095275
-7.956541 0.682340
-7.517265 -5.211721
-6.563429 -7.179080
-6.867369 -6.339487
-6.746920 -5.278163
-3.161286 -6.144325
-9.583735 -10.167577
-8.265472 -8.737134
-9.532665 -9.112541
-6.314785 -10.622809
-10.367896 -9.913363
-13.871586 -9.602461
-10.745982 -8.686943
-7.012897 -8.240666
-5.473330 -7.977071
-7.460902 -7.272248
-4.076359 -5.124226
-7.252884 -5.256656
-5.465055 -7.383135
-6.324478 -8.334189
-6.605251 -8.562879
-7.771943 -4.054014
-7.859440 -6.547353
-6.654961 -2.406210
-8.117231 -0.064859
-6.972127 -4.862963
-5.291761 -5.560806
-5.161498 -2.121745
-10.436951 -2.328427
-13.045729 0.548894
-15.685389 -4.504717
-12.405883 -2.092514
-7.366144 -6.436788
-7.552102 -9.168303
-10.293033 -8.978660
-14.213806 -9.258142
-12.977749 -6.952649
-15.090872 -8.903301
