-17.944176 -1.289867
-14.409411 -3.061928
-12.296996 -2.930354
-7.733270 -1.215968
-3.554816 -3.987952
-6.370694 -4.205641
-6.342212 -6.494459
-7.099177 -5.602558
-5.358674 -3.839110
-6.835942 -6.442442
-5.593817 -8.172551
-10.295837 -8.976227
-12.102030 -10.554620
-11.061993 -9.650835
-9.011934 -9.602691
-7.084867 -9.831468
-10.626160 -8.183680
-13.825003 -8.319421
-7.011130 -9.550992
-13.729203 -8.365474
-12.416231 -8.204869
-8.604177 -8.184558
-12.077576 -9.285880
-9.665962 -8.330894
-9.554486 -8.967755
-12.177656 -9.421079
-7.227706 -8.109498
-14.277330 -8.343209
-13.011118 -2.010051
-14.062047 -0.988115
-12.866728 -0.587112
-6.484090 -1.076467
-7.357566 -1.540136
-6.430538 -6.960026
-10.957777 -11.005589
-10.874086 -10.156108
-8.412376 -9.200565
-11.191770 -9.054359
-5.526344 -9.332020
-6.554473 -7.456268
-11.627808 -8.816111
-13.118967 -7.546074
-11.306522 -8.131379
-6.604157 -8.557464
-7.778907 -7.945304
-6.526715 -7.337230
-7.697425 -5.351509
-6.109678 -3.346792
-5.080145 -1.774786
-10.747229 -2.584317
-15.390256 -6.756158
-13.121243 -6.772362
-14.097893 -9.344260
-12.296635 -9.754551
-11.349218 -8.074112
-8.924818 -8.244861
-11.622234 -10.245688
-12.370651 -10.606258
-6.492597 -7.966337
-9.541451 -8.618682
-5.876058 -9.595631
-4.607806 -6.552026
-6.956046 -7.259565
-7.108572 -3.642868
-3.454141 -3.397449
-1.690638 0.757552
2.349985 1.989615
8.778589 1.598489
10.295588 2.666107
15.038853 1.724245
