-17.002768 9.290303
-14.737790 7.508370
-13.219043 1.015271
-11.782911 1.694375
-12.615772 0.643176
-12.821630 2.160608
-10.420750 1.372488
-12.583256 0.106372
-13.747438 3.797937
-10.470779 1.165770
-9.882816 2.874792
-8.101679 3.012362
-3.941322 6.525060
-1.198175 5.729732
-2.459297 6.779233
-5.787539 6.607560
-7.493913 5.782058
-7.926517 5.206905
-8.102941 9.954723
-8.322493 9.762101
-9.639376 9.333610
-10.795335 9.154734
-11.721823 9.335143
-8.529959 8.674317
-9.779605 8.814579
-9.653752 9.213864
-9.843998 9.216706
-7.907885 9.109881
-7.754913 7.520194
-7.725636 4.936570
-7.836525 2.860632
-9.123828 3.108957
-9.229961 2.592295
-5.370299 -0.410756
-6.345480 0.999508
-4.157634 1.096659
-4.207774 0.847511
-7.535306 -1.128116
-8.588112 1.962572
-8.286442 -2.152638
-11.091314 2.154415
-16.094263 4.997783
-12.185095 9.495039
-8.661884 9.136119
-7.721674 8.882077
-5.971804 7.703436
-7.654531 6.921851
-6.289646 6.868117
-1.949124 7.688830
-1.198997 5.873072
0.866625 4.538083
