15.732365 12.042305
5.276437 10.310961
5.731489 10.529578
6.095213 10.335400
5.355609 8.430923
4.856631 7.415101
4.229707 3.058266
2.554753 3.139646
2.203858 3.636381
0.227507 4.285928
-0.382580 3.955201
-1.237458 7.225517
-0.711162 7.769697
-0.838197 6.807982
-2.253739 6.246423
-1.385263 8.374462
-1.792949 8.362545
-1.285563 10.429393
-0.907185 10.289098
-1.262900 11.034432
-1.156112 11.401670
-1.660489 11.732211
-1.808591 7.723481
-2.090913 7.375306
-1.249101 7.022093
-0.635592 4.348217
0.474520 4.559682
2.332146 4.701939
1.886255 3.816925
0.020256 5.913371
3.096267 4.612677
6.345303 4.514894
4.324000 8.056474
5.157990 6.836136
3.408548 3.685526
3.966647 5.650233
-0.934749 4.822830
0.594694 5.479501
1.347889 4.814906
0.509544 5.019314
0.730007 4.549529
-0.276432 3.955625
0.538889 4.195640
1.581800 4.886108
0.177027 4.969009
-1.261946 5.948307
0.107689 4.934822
-1.529461 4.151367
-0.700524 9.333844
-2.965469 9.785986
-1.899619 9.778011
-3.408828 8.340796
-1.400388 8.450776
-1.352965 8.519030
-1.407039 7.317715
-1.440853 7.841069
-3.624825 8.194113
-3.802022 7.542048
-3.471884 9.829113
-0.062963 11.420539
-1.417635 10.597627
-0.983556 9.238945
-3.176467 9.889075
-7.736495 12.046259
