11.349329 -7.664975
10.508153 -7.769374
12.254566 -8.024073
9.147137 -7.893194
9.316168 -7.961553
7.217233 -6.653701
7.153244 -8.284232
9.397471 -9.761356
4.644976 -8.074306
5.761364 -4.706031
6.258183 -4.058022
5.217753 -5.272338
6.030256 -6.104636
5.739433 -9.206555
8.177808 -8.129598
10.027737 -7.017680
8.858327 -6.893307
9.343318 -7.160746
7.715232 -7.323311
3.870236 -9.322360
7.542010 -8.102715
4.628618 -5.169889
5.792137 -5.074188
4.426918 -4.840468
2.587546 -4.586533
3.468618 -4.406890
0.985485 -3.843016
1.232010 -1.843451
0.789027 -0.822152
0.910677 -2.608021
0.911711 -2.021295
0.300009 -0.668723
1.788895 -1.263969
2.409951 2.980999
3.720632 1.361008
5.351649 1.850578
1.361635 0.421573
3.344009 1.597337
6.799134 2.811283
4.481498 1.061729
5.575364 1.269551
6.996193 2.675057
7.163568 0.602616
7.243207 0.304626
7.551022 -0.111755
8.477285 -0.415497
8.891907 0.416259
8.861364 3.540318
7.633722 -0.312329
6.904043 0.325397
7.813484 0.814532
6.705820 1.380845
5.415462 2.288232
4.296541 1.070399
1.857072 1.170335
1.410017 1.883406
0.753932 0.744724
1.489430 -0.829501
1.607572 -1.175220
0.962674 0.365688
1.273310 0.321261
0.992719 -2.616383
0.735333 -2.443538
0.570667 -5.233338
2.987510 -6.325442
2.509876 -4.191583
4.359596 -4.667310
0.776674 -1.265187
1.795509 0.324650
0.895812 1.344836
1.383160 0.769599
0.377650 -0.740291
0.008526 1.077096
3.723985 1.169276
5.223077 1.483065
8.989506 -0.619335
8.213249 0.057597
10.379103 -0.596886
7.113363 -1.007772
5.217239 1.152068
2.564767 1.201710
3.847881 1.063099
5.462123 1.666486
7.396104 3.179659
8.008454 0.579304
7.020544 2.523116
4.023597 2.787978
2.747918 1.567833
0.224538 0.201175
1.217441 -0.521739
0.470090 -1.174241
0.898697 -0.850208
1.566170 -1.546061
1.682001 -1.013387
1.220060 0.701152
1.061939 -1.684034
7.505067 0.863724
7.113927 0.684678
7.706094 -0.583982
4.944808 1.184645
4.365166 1.168167
7.706078 1.448618
6.842662 1.603019
7.948659 -0.473598
6.995399 1.525176
6.289333 2.409521
7.464346 1.130611
6.955965 -0.910144
7.072177 -0.865283
8.772251 0.253154
7.170676 0.838838
7.654401 0.821763
8.550867 1.350416
8.267054 -0.085154
9.376858 -0.768081
10.446128 -1.387191
7.334235 -0.449345
9.000982 -0.059009
7.390102 -0.995365
7.036417 -1.269501
6.916865 2.148434
7.266719 -0.315529
6.780700 2.320382
5.595643 1.401546
5.834002 1.171892
7.368578 1.899236
2.780867 1.075483
5.424240 1.106465
4.873156 1.116602
5.625642 1.513655
7.593147 2.162212
7.854148 -0.603157
8.174142 0.065712
7.550710 -0.420208
7.404325 0.006064
6.845463 0.073229
8.459835 -0.997839
7.308346 2.260621
5.972917 2.059437
2.284188 1.202756
6.391378 2.160585
6.659776 1.530129
3.791003 1.972988
6.452911 1.330957
3.828809 1.501928
3.801773 1.181595
3.631973 1.101534
4.275627 1.706583
2.097774 1.451898
7.334578 -1.491942
7.104725 0.249788
9.108578 0.690176
6.977134 -1.095704
6.658692 1.390855
7.192631 0.897429
4.723091 1.358681
3.689008 2.368222
2.724954 -5.479524
2.319015 -5.519179
4.422555 -5.675333
2.721168 -4.002044
4.160328 -3.949528
1.416252 -4.014621
1.211034 -4.027241
0.866535 -0.203077
1.120469 -0.479207
-0.168870 0.549290
-0.271671 1.414037
1.720918 0.401833
0.422105 0.581254
1.470178 -0.031743
3.598090 1.085319
6.994679 1.187473
7.368726 0.444641
7.059055 -0.323307
9.373629 -0.400433
8.595203 -0.127676
7.964171 -0.193613
7.108207 -0.861403
4.311778 1.216026
5.979157 1.727088
4.846973 1.204470
5.685526 1.893755
2.932056 1.233210
4.316426 2.190312
8.514100 0.455048
7.465175 0.120242
6.288326 2.022166
5.033280 2.109047
4.483717 1.127466
-0.491491 1.005703
0.730750 0.796806
-0.769811 2.546345
2.200534 1.147968
4.140691 -4.576685
1.028623 -5.457508
1.312123 -4.914994
1.573716 -4.215618
0.856390 -3.745475
1.373844 -2.025167
1.236015 -2.878316
1.058241 -4.430518
4.460325 -5.053171
4.106566 -4.059484
2.672771 -5.680173
3.911000 -5.185188
3.491378 -6.564775
4.481471 -5.074008
3.826668 -7.579106
1.640311 -4.319564
4.180878 -4.940952
6.102665 -5.112024
5.285472 -7.659445
4.770540 -4.796180
0.736167 -6.074008
1.718156 -1.981719
1.026160 -0.476090
0.151011 -0.869101
1.649422 -2.270630
0.929840 -2.144651
0.861354 -0.178417
1.432224 0.669775
2.920384 2.394916
2.180905 2.151658
6.015035 2.028947
6.999406 1.723024
7.884173 -0.720633
6.382368 2.076947
8.981904 0.368717
4.602311 3.232744
4.380417 1.181171
3.106967 2.938437
2.125519 1.459527
-0.199537 1.589594
-2.141457 2.846808
-2.445309 5.780238
-1.790566 8.033304
-4.083413 7.921344
-4.986968 8.758630
-7.608837 11.242305
-9.889208 11.253349
