-14.125608 12.504301
-6.135546 8.431466
-7.626315 7.836488
-7.398429 8.688515
-6.137346 7.048383
-6.466543 7.818489
-4.956761 7.238656
-6.578235 8.613050
-7.146574 7.427786
-6.779706 6.673753
-7.051404 6.730739
-7.304066 6.489945
-6.996119 6.320059
-5.946468 6.589889
-7.256837 8.689171
-7.091846 7.404606
-6.987868 9.413942
-7.607434 6.929893
-7.670263 5.730466
-7.666677 4.505769
-7.783212 5.270040
-7.845320 2.830303
-12.185940 2.230676
-4.448812 0.401208
-7.390953 0.440609
-11.955524 9.022916
-7.660375 5.132749
-7.932905 4.080618
-13.015037 2.667005
-7.967668 1.817198
-13.924993 6.528506
-9.720416 2.264207
-7.981606 1.209580
-8.351009 1.330883
-8.667724 3.152594
-9.347994 1.658862
-9.018192 1.556470
-13.765028 5.682020
-10.781021 9.353697
-10.706797 8.792119
-11.166108 8.644545
-12.324347 8.948995
-14.659853 7.997230
-13.579039 6.540880
-18.599220 9.161510
-15.302919 9.371669
-9.680366 8.730129
-10.643889 10.842841
-7.727326 6.138887
-6.856413 6.609923
-5.067167 6.685477
-5.266973 8.707991
-7.752791 6.947694
-8.575129 1.574113
-7.858875 0.289367
-6.637975 6.838145
-4.166207 6.991030
-2.661129 7.460208
-5.159113 6.671679
-7.784343 6.703675
-7.064782 8.506648
-5.786169 7.932301
-4.807560 8.686604
-5.701619 6.437620
-6.731589 6.884807
-7.615777 4.608818
-8.711441 1.791254
-10.750826 1.580147
-10.425255 3.026682
-10.218785 9.471138
-12.351295 9.319583
-8.746887 9.987829
-6.024205 6.732064
-1.193355 5.881515
-2.523069 6.573659
-7.827864 3.455673
-2.033145 2.997823
-2.235123 2.446973
-6.570096 0.453677
-3.227632 1.105875
-3.785784 0.465046
-6.414904 1.152449
-4.354017 0.420941
-6.001399 -1.627333
-8.607786 2.204258
-8.232266 2.464622
-9.036957 2.075993
-10.118910 1.890367
-8.983249 1.982314
-8.479631 2.983500
-7.806036 1.307216
-5.436334 1.215400
-6.490938 -0.210524
-6.769249 -0.820974
-8.054625 2.548852
-7.876287 1.787693
-7.797506 4.410076
-8.419724 3.230385
-8.339049 2.894032
-13.688859 8.383893
-7.248651 8.730178
-6.774481 9.188392
-7.430635 8.048024
-7.309938 6.723341
-4.967238 6.745087
-6.831913 6.684456
-7.000124 6.919584
-4.371824 7.575294
-7.895877 5.048395
-8.579294 1.804111
-7.748900 2.354692
-7.970911 2.761025
-1.990356 4.822582
-2.353103 4.963820
-4.021400 7.031039
-14.120428 5.687735
-16.667320 4.634071
-13.228260 -0.538441
-14.251328 2.674928
-11.633808 8.956152
-8.692432 9.134256
-13.808656 9.731957
-11.638268 9.334266
-10.184093 9.215168
-12.269628 10.055411
-8.571793 10.477799
-7.148601 7.273180
-5.372616 10.299488
-8.417377 8.509906
-14.060576 4.802910
-12.807610 0.543159
-11.692553 -1.551404
-10.822248 -0.982414
-9.944407 2.716703
-9.720968 1.564384
-10.912002 3.412329
-9.173948 2.291065
-9.858873 2.050840
-13.105246 6.328245
-7.820697 3.643485
-7.811048 3.314809
-10.676861 3.193294
-8.822012 3.017205
-7.569530 6.645095
-7.323856 6.462210
-7.197798 6.670217
-7.539793 8.243849
-7.448103 8.070098
-8.758881 8.650683
-9.436979 1.508631
-9.916429 -0.824699
-8.308949 1.883857
-7.396987 7.252523
-11.834974 8.569015
-10.531578 12.493664
-6.089936 12.295879
-9.106368 8.852654
-13.189039 9.016757
-13.366361 5.442820
-14.011072 5.780676
-13.937967 7.453289
-16.395288 10.064872
-18.799936 9.715028
-17.641720 9.039777
-17.809238 5.405329
-13.502583 6.593288
-10.150014 2.012782
-10.841091 2.433338
-9.549015 3.432713
-7.738472 3.330798
-7.928321 4.722145
-7.781429 6.549283
-8.439956 9.106437
-9.944775 10.466041
-9.904744 9.731413
-8.402306 9.572637
-6.472484 7.220626
-6.593134 7.625856
-6.588957 9.275074
-6.205966 6.837801
-4.111825 6.378449
-2.858183 7.779018
-1.754399 4.974640
-1.198013 3.436903
-0.602208 2.966635
-3.857315 -0.005499
-9.437651 1.753890
-9.806993 0.499714
-7.613200 2.700565
-10.058504 -0.685272
-8.307006 0.369160
-10.555340 3.211418
-7.799986 2.433531
-8.062799 3.345182
-6.391118 8.118490
-5.025318 7.053150
-7.353456 8.092195
-7.953261 4.852595
-7.062693 6.418523
-7.802801 7.286517
-8.068663 9.778490
-9.186035 8.515296
-9.686160 11.846013
-12.177372 8.693048
-13.573425 8.541087
-14.229175 9.080494
-10.173731 9.427542
-12.370697 9.518345
-12.101128 9.722767
-7.874897 3.817749
-7.630657 6.165150
-7.345899 0.443215
-4.821253 0.683909
-6.691173 6.440627
-2.311165 4.211102
-2.196949 3.996888
-1.382867 2.912423
-1.211128 2.725515
-1.717702 3.090644
-4.481177 7.014972
-4.850066 6.826785
-7.707247 5.563514
-5.340417 6.312255
-4.973622 6.695064
-3.494898 6.937579
-6.253837 6.561706
-5.592960 7.824592
-6.311380 6.924804
-5.058719 6.624209
-7.400604 1.232805
-7.208721 1.185104
-7.275372 0.449021
-8.734537 2.083657
-7.571449 1.514457
-7.411971 -1.062879
-4.609843 0.912063
-4.757841 1.021788
-2.519840 -0.348013
-1.644542 0.045884
-5.296237 0.911539
-5.885327 0.006495
-4.732982 1.300741
-3.509270 -0.511742
-0.837959 1.831168
-2.040901 2.795554
-1.625757 2.287270
-1.955807 2.772131
-2.389879 1.069264
-3.496228 1.011268
-2.564265 -0.432184
-4.358165 0.495916
-4.004923 -0.017805
-2.595467 0.444353
-1.859796 1.967357
-1.408087 1.881754
-2.479698 1.509562
-1.311260 0.857934
-2.573652 -0.561209
-4.941512 -0.266751
-4.091369 -0.710655
-4.083160 -1.036589
-2.122526 -0.217203
-2.053487 0.213988
-3.113601 -0.432728
-3.202276 1.077965
-2.812886 0.843763
-6.721936 0.424258
-9.481104 2.411692
-5.839855 -1.837918
-4.034582 0.828007
-5.648582 0.758633
-4.134529 1.253497
-3.641398 -0.211777
-1.505884 3.523735
-2.274531 3.117510
-5.483043 7.991226
-5.837827 6.378167
-3.717962 8.054904
-5.074190 6.341837
-4.832718 6.913677
-3.797457 6.917567
-5.917728 6.528282
-6.966056 6.941125
-6.553219 8.988154
-7.919864 6.092431
-7.952459 5.764718
-7.827154 -1.286873
-11.437280 1.862746
-14.253916 4.054169
-13.372717 4.323067
-13.725894 5.507802
-13.896197 7.903239
-12.966312 7.388060
-13.797552 3.211392
-11.507337 0.529080
-11.491508 0.496088
-8.964115 0.005090
-13.951361 0.151844
-11.572033 2.016170
-6.802229 1.054561
-9.746884 1.915622
-7.500776 7.048421
-7.451739 8.162299
-7.748987 6.637608
-7.716371 6.441464
-6.673602 11.346370
-8.512846 9.103853
-11.165686 10.433526
-11.711973 10.354970
-8.192745 8.908658
-6.572407 6.968891
-7.776874 6.350166
-5.981664 6.721272
-6.694173 6.581229
-4.856529 7.512844
-7.271298 6.980217
-6.629409 7.481580
-7.748485 6.383002
-7.669621 5.600284
-7.396040 7.275542
-6.942614 6.335996
-6.397938 7.238373
-7.097099 8.147540
-7.033364 8.056664
-6.714131 7.638194
-5.972383 8.174282
-10.706865 9.883549
-14.350281 9.673615
-12.631931 9.237064
-14.176570 5.940216
-14.428492 5.570405
-13.314058 2.805831
-10.945927 1.742254
-14.549911 3.633235
-13.966785 8.106821
-14.162708 4.555370
-13.206833 4.073621
-13.238083 0.756555
-11.950275 2.630585
-13.345257 9.524148
-14.001759 9.671930
-17.156988 10.866943
-8.942259 9.612411
-5.073988 7.929925
-5.149035 6.337527
-6.438951 8.178636
-3.875302 6.739764
-5.342386 6.837888
-7.041893 8.315229
-7.812875 5.703365
-7.724466 4.322943
-7.592420 3.463478
-9.112443 2.121470
-11.408081 3.408652
-16.431707 2.509212
-14.580647 7.033541
-13.895522 7.659489
-1.929592 3.185779
-2.193999 0.418189
-4.531267 0.925169
-3.910623 1.170669
-2.224152 3.219602
-7.110137 10.557638
-9.753633 9.236438
-9.398135 8.721673
-5.138301 6.579831
-4.044015 7.192575
-5.343931 6.543706
-3.182257 6.357735
-3.810393 9.054303
-5.619911 10.708154
-1.848676 5.763008
-3.889559 7.939353
-6.214042 8.492660
-6.375740 8.071093
-6.497344 9.013394
-7.898192 7.322433
-7.802968 3.816928
-9.604563 0.032715
-8.844481 2.571822
-8.367965 2.521517
-9.237226 1.432191
-6.122391 0.893642
-6.359737 1.270853
-7.552088 3.456802
-3.113571 -0.088999
-4.728265 0.986805
-6.884678 7.196201
-6.936345 7.551132
-7.009422 7.987837
-7.447941 7.455239
-6.743932 7.914043
-6.424165 9.416453
-5.056304 7.409359
-6.876125 6.814630
-7.826414 6.540750
-7.694880 5.709150
-7.933613 8.821527
-6.939300 6.837175
-7.753796 5.902313
-7.794032 2.496848
-10.732651 1.634136
-12.823429 2.294245
-13.266359 4.552529
-9.737267 10.049413
-6.898225 9.688724
-7.496306 3.996671
-7.816229 3.588576
-7.673542 4.588557
-8.614348 3.162186
-8.725909 1.692750
-8.093697 0.399192
-5.028834 -0.706081
-5.302150 1.188100
-7.754692 4.363831
-8.352188 0.460853
-12.228424 10.136176
-10.953644 9.098242
-5.672571 8.799224
-7.554202 5.291075
-11.651207 3.450315
-9.894710 0.821254
-9.036842 3.471428
-9.344083 2.410388
-7.868147 2.342630
-7.622358 6.552278
-6.584730 8.330558
-7.371949 6.835295
-7.917393 4.368872
-7.875057 3.694708
-6.095701 0.449729
-9.263712 3.401459
-8.485518 0.896973
-8.191896 1.125922
-5.816555 1.122132
-5.219563 0.922708
-1.757278 2.890708
-1.899148 2.167063
-1.182649 1.500166
-1.146395 2.884355
-1.120936 1.864781
-1.900580 4.684247
-1.726967 6.118288
-1.761198 4.897686
-0.668720 4.879640
-2.066543 4.994113
-0.156120 3.669736
-0.846360 5.372325
-3.245944 6.551383
-2.600754 6.830657
-3.307097 6.873954
-4.150897 7.262447
-3.768275 8.035507
-5.769210 7.961775
-7.617620 6.193693
-7.506755 5.961334
-9.431752 8.690824
-9.825070 9.637916
-10.066326 10.010472
-9.086548 8.602561
-11.239532 10.666843
-7.921337 8.818048
-6.042730 6.896358
-5.551789 6.498856
-6.612820 6.744765
-4.246950 7.781700
-5.683581 6.550326
-6.440300 9.324649
-5.471799 9.493643
-5.564058 7.579216
-7.474519 9.015278
-10.802002 8.843701
-12.166491 9.979128
-12.917503 10.219086
-11.351864 9.207748
-7.869879 8.866077
-9.485075 10.092771
-6.010056 10.575711
-7.904495 6.696527
-6.807378 6.520196
-7.784895 7.530629
-9.209405 8.793941
-10.920858 10.182631
-10.593203 11.542085
-8.613528 11.508853
-11.473043 14.662391
-10.327006 13.494969
-8.493630 11.043365
-8.957053 10.316987
-9.971902 10.686257
-15.599597 11.522878
-13.086329 8.113389
-13.156130 -2.219187
-11.224610 -1.691164
-9.770737 3.005522
-9.250329 2.493216
