9.536785 11.567780
7.093412 10.494403
7.207203 8.852379
4.460521 5.993664
3.445921 4.440457
1.032526 2.798754
-3.180494 7.140757
-2.393687 6.662108
-1.636414 7.034567
-3.944324 7.511093
-6.930291 7.057216
-7.756998 6.790129
-4.096019 7.696579
-4.344618 6.772629
-5.424160 6.587595
-4.641416 6.811151
-5.148465 6.656148
-7.525493 6.427002
-5.460333 6.374314
-3.390800 7.114365
-5.941914 6.666011
-8.672362 3.391270
-8.472589 1.587260
-7.326456 1.269847
-7.691108 4.560040
-6.978034 7.088378
-3.978151 8.845443
-6.244800 7.123217
-8.205683 8.677711
-7.232103 8.640999
-6.171992 7.122199
-4.770523 8.249681
-4.547210 7.530543
-2.208765 6.426016
-2.375060 3.471801
-1.928794 4.770049
-2.182608 5.028829
-1.430661 3.074897
-1.936513 1.313592
-1.526915 2.196752
0.014327 1.808696
-0.489021 5.519176
-3.376897 6.982385
-3.065909 6.501331
-3.925155 8.797095
-5.975911 7.098790
-5.988327 7.677989
-5.446600 6.356973
-2.473226 6.197381
-2.158891 3.207210
-2.349092 0.416794
-2.016261 -0.195760
-4.644233 -1.310950
-4.690961 -0.328346
-7.391399 -0.013193
-8.160816 3.067760
-9.749981 2.719089
-8.218523 1.431673
-7.802997 4.390500
-7.705263 5.387464
-7.605392 8.852012
-9.057085 9.264604
-7.179042 9.152471
-8.336856 8.747769
-14.120114 6.947599
-19.076719 7.411087
-14.881241 1.028197
-9.888303 3.387959
-11.376375 1.859819
-12.498653 0.690042
-8.555551 3.297213
-7.729363 4.662677
-14.206825 5.881983
-9.099277 9.108227
-8.956432 10.355965
-10.588861 1.950688
-14.815882 3.137921
-10.188170 8.734122
-8.955081 10.591015
-7.636259 8.248023
-9.910501 9.137768
-8.570479 10.415039
-6.151022 6.907148
-7.689370 6.301612
-10.975575 8.573195
-16.952442 8.588458
-14.591200 7.993721
-13.791334 8.620129
-13.875745 14.312681
-11.330958 3.032783
-7.851961 3.975427
-6.259921 8.477061
-4.287950 7.091957
-1.709939 2.136566
-6.853656 6.993893
-7.157969 7.155064
-7.778895 1.605226
-8.925133 3.034482
-9.131446 2.737887
-8.753277 2.894375
-8.920937 1.371063
-10.104837 2.952435
-10.240591 2.483260
-8.704173 3.356112
-5.140337 6.958037
-5.328880 8.200132
-5.331498 8.371261
-7.718164 6.487809
-7.652897 4.973397
-7.483576 4.924111
-7.814126 5.991459
-7.825818 7.349109
-7.836897 4.441273
-6.645485 1.053385
-4.407689 1.002030
-2.926492 0.060780
-2.996911 -0.258622
-2.648137 -0.938655
-0.905504 -0.264843
-2.191214 1.354760
-5.170433 -0.114813
-7.545744 2.171890
-9.391951 2.735030
-8.275080 -0.714121
-6.040064 0.467067
-3.108420 0.586190
-3.185244 0.899306
-1.164862 1.825550
-1.783257 2.083035
-2.447226 2.789739
-1.295895 2.829301
-1.726261 2.725115
-0.717513 1.201640
-0.719854 1.348423
-1.465007 1.771445
-1.042862 0.011765
-1.332343 1.321041
-3.830943 -0.545522
-2.115636 0.818988
-1.168149 2.004466
-5.353682 6.403822
-4.891563 6.558678
-6.399970 7.903744
-7.387698 8.712173
-6.334437 6.910855
-5.064594 10.706279
-7.052441 8.835348
-7.660770 7.299246
-7.736473 8.153316
-7.763040 6.107253
-7.582949 6.550972
-7.033222 7.079815
-7.938129 5.973836
-7.447002 7.146314
-6.225087 6.377863
-3.693011 6.455138
-1.680380 5.109554
-1.426582 4.960481
-1.972243 5.616014
-1.346288 5.133120
-3.298821 6.333523
-1.422914 9.643533
-1.535120 6.112426
-1.741806 3.926943
-4.607824 7.781419
-3.854632 7.147335
-3.412621 6.781985
-4.514195 6.855732
-2.392156 6.788537
-2.402098 6.179658
-1.133256 4.981709
-1.620227 3.011610
-1.478926 3.162505
-0.971686 1.259631
-3.486486 1.281377
-1.956492 1.287243
0.805787 0.728814
-2.122140 1.306443
-2.351933 1.529047
-2.166516 2.332918
-1.115279 2.790822
-1.154629 5.727181
-4.103259 7.669289
-6.124159 6.699244
-6.020244 6.545628
-6.550713 6.500843
-6.477045 6.987205
-6.305958 7.400074
-12.262290 10.672710
-7.718816 10.328541
-9.410802 2.790298
-7.580981 1.919135
-8.875009 1.764372
-10.499849 3.110903
-10.739943 3.224847
-7.687623 2.232628
-8.569314 3.179365
-8.113678 3.066219
-7.860074 2.335396
-9.864694 0.994313
-5.956308 0.781263
-5.326046 0.929800
-4.974448 0.956321
-2.541096 0.382507
-1.144724 2.536700
-2.448483 0.238367
-5.292466 0.056219
-4.887995 1.108528
-3.085768 -0.203573
-4.456007 0.276773
-2.706922 0.817953
-4.511303 0.562593
-4.462018 0.938957
-4.448897 1.053657
-3.247764 0.178641
-3.376277 -0.884856
-4.010667 0.845951
-4.390928 -0.503657
-4.513483 0.971974
-7.623352 3.416073
-8.087202 1.360906
-8.675857 0.799728
-9.472820 3.164297
-9.932401 1.624987
-10.054018 2.089127
-7.783259 6.592343
-7.818101 4.512609
-7.750440 7.685776
-7.757944 4.403351
-7.870404 3.112792
0.081356 1.075858
-1.090867 0.127682
-1.668380 2.076462
-3.085697 1.164116
-3.212651 0.126938
-0.993209 0.137933
-2.087239 2.542247
-1.889470 2.627182
-2.395460 3.073945
-2.322102 4.830681
-1.676843 2.475188
-1.252596 1.685857
-3.906522 0.711975
-5.390055 0.501769
-3.305845 -0.420836
-2.769130 -1.030135
-3.809469 0.265350
-2.032091 0.552135
-0.046674 1.044562
-1.341098 2.138793
-4.555909 6.528473
-5.217100 7.711545
-3.855300 6.355878
-4.513682 6.858049
-6.091158 6.553521
-1.918530 3.728289
-1.544125 3.415013
-2.185997 2.159617
-2.227745 -0.279773
-4.924397 0.270639
-4.470151 -0.761317
-6.984867 0.150011
-5.710780 0.818317
-5.997484 -1.149117
-8.399645 1.659387
-7.713275 4.493783
-7.044128 0.332497
-5.421245 0.164612
-9.075806 2.156751
-8.674191 0.970718
-6.722059 0.454462
-10.673978 2.992521
-9.384403 3.105659
-9.204777 1.617211
-8.994819 1.461161
-5.591481 0.405057
-6.468405 0.754899
-6.673255 6.463009
-3.344142 6.610717
-3.714338 7.289834
-1.820824 6.178829
-2.170212 3.616999
-0.371706 2.386133
-1.955551 2.488691
-5.052616 7.387380
-6.541080 9.754958
-3.489907 6.911022
-4.231472 6.357374
-3.132090 7.604946
-4.318209 6.396553
-3.707709 6.560253
-4.157768 6.545593
-5.033593 6.607563
-6.691523 6.602615
-6.697361 6.733772
-2.407283 8.329733
-3.644078 6.860152
-2.396843 8.259600
-2.319808 5.346570
-2.375002 5.739348
-1.161008 4.251798
-2.047972 7.426898
-5.894688 7.126860
-7.288653 7.169900
-7.797412 5.770787
-7.827541 4.723934
-7.842366 4.021141
-7.676992 6.195235
-7.788832 6.295336
-7.753797 4.169136
-7.742202 7.553248
-7.466043 6.743630
-6.080811 8.407327
-6.802866 6.818886
-8.372065 1.745201
-7.519198 3.389109
-9.710317 3.078011
-7.857559 3.132105
-8.343014 0.349104
-6.025224 -0.451862
-5.543781 1.000334
-6.750681 -0.715315
-10.015694 -0.632201
-8.271434 2.973511
-8.069356 2.876515
-7.610421 3.592954
-9.210131 1.702948
-8.163762 1.665404
-10.357623 2.428051
-12.160560 2.712759
-9.206482 2.673346
-9.848490 0.957952
-9.172089 0.646312
-11.933875 2.706612
-19.055946 -2.548501
