1.919496 -18.332176
2.655594 -10.301587
2.617821 -6.947771
4.360950 -4.038753
1.329852 -4.075936
0.169526 -0.774773
-0.432985 0.377476
-0.106682 -0.329317
0.570180 -1.217896
0.730500 -2.142503
1.327465 -1.457615
0.454802 0.527094
1.052711 0.928942
1.009939 0.502159
2.119600 1.436491
2.866776 1.325756
2.597290 1.237513
3.946652 2.123455
3.009957 1.294822
2.938634 1.100261
4.305009 1.290378
6.143152 1.992608
6.992559 1.023315
6.757285 1.260881
3.821995 1.255482
5.437434 1.359847
3.784871 1.852046
-0.201855 1.167214
1.751286 0.861262
0.761957 2.071211
2.128268 1.200582
5.129096 1.663462
3.588866 2.148132
1.745842 -1.835442
1.404608 -2.011098
2.331303 -4.352023
2.878872 -5.438903
0.733139 -3.279661
1.071395 -2.482660
0.712879 -3.073011
0.171995 -5.568305
1.326082 -6.138037
2.116932 -5.163275
4.406341 -4.191034
2.067216 -7.390522
3.270610 -5.358840
6.169063 -4.222910
6.250289 -6.040334
5.457065 -7.401779
1.224803 -2.106450
0.952806 -0.538404
0.066517 0.465313
1.523746 -1.406420
3.057043 1.196761
3.994629 2.392417
6.948998 -1.481891
7.758573 -0.818329
7.218191 -1.572440
9.177637 -1.236334
8.222550 -1.547492
7.212865 -1.617809
8.794257 -0.582981
7.967536 0.341852
5.993315 2.445630
4.219409 1.375779
2.746546 1.185400
0.898313 2.149431
1.738887 1.004246
1.280337 -0.644761
1.436455 0.371891
1.486810 0.541519
1.772055 -1.318717
0.462161 1.019835
0.740790 0.430895
1.913401 1.322856
3.620989 1.110666
3.095038 1.403052
3.155655 1.346751
3.027931 1.157917
1.486318 1.297744
1.376652 0.465995
2.177941 2.009324
3.826881 1.632288
3.715769 3.165144
3.622460 1.432351
2.519161 1.633857
0.647792 1.144594
1.777684 0.201423
1.804540 -0.957901
2.032233 1.470591
1.689418 1.308948
3.548623 1.826158
3.602755 1.312200
4.305838 1.664679
2.654507 1.182256
-0.023932 2.003215
-0.196961 0.417583
1.735399 -2.300571
1.282768 -1.228698
1.569840 -2.074019
-0.603020 -3.416373
1.145068 -4.251692
0.813289 -3.376426
1.699241 -1.891696
1.179159 0.843266
1.829292 1.412689
3.936098 1.280011
3.982797 1.348443
4.207627 3.495911
2.619659 4.142438
4.506354 2.580171
1.725002 2.055524
0.986766 -0.650062
0.818959 -2.444462
1.089762 -1.209690
1.119623 -1.918710
0.703711 -1.770483
1.271351 -2.862749
0.626440 -1.993731
0.950338 -1.656586
0.381678 -0.925077
1.501525 -0.915502
1.502721 0.570576
1.403853 -1.515313
1.161815 -0.979005
0.597189 -0.283329
0.938077 -0.177864
1.602876 0.698910
3.621768 1.434022
1.262875 0.775696
0.894458 -1.133790
3.535195 1.282007
3.184721 1.597911
-0.237206 0.547332
0.888924 1.114251
4.605787 1.199082
1.766257 0.909153
1.536389 0.905877
1.651006 0.006708
0.559347 -0.942536
1.579270 0.415830
2.217133 1.148291
3.307487 1.155266
3.728156 1.476217
5.499350 1.580477
2.873379 1.829125
3.156409 2.178505
2.172169 2.074576
1.560089 0.819501
2.712619 1.622611
4.755153 2.528953
4.103167 1.608899
4.686830 1.952442
3.989618 1.276748
3.824917 1.388268
5.197980 1.214820
4.611303 2.635845
5.736910 1.728128
5.200103 2.214617
5.339570 1.094175
3.102811 1.505318
0.740292 2.195901
2.117524 1.065899
2.842896 1.222109
2.691322 1.493193
2.515874 1.155665
1.647426 1.478420
6.184017 1.257501
7.608279 0.914083
10.741747 1.216667
12.615080 4.147234
15.667215 11.542937
