-13.820058 4.817918
-13.761910 8.729529
-7.283475 8.566381
-7.756417 7.222658
-7.189431 7.157064
-5.834637 6.470047
-5.231796 6.527135
-7.687140 6.671335
-7.617962 4.378163
-7.443546 7.868325
-7.724549 8.449657
-8.486368 8.821021
-6.377059 7.917147
-8.209040 9.961052
-5.835558 10.086409
-6.025809 9.746751
-6.301117 8.912658
-6.754565 9.461338
-5.965750 7.730287
-4.298549 7.221003
-5.754930 7.278692
-5.004612 8.413009
-3.972956 6.870873
-7.037525 6.601186
-5.805351 7.340463
-7.786933 6.227554
-7.885654 4.250369
-7.703137 2.828587
-7.843122 1.631430
-4.431885 -2.218045
-2.871685 0.117733
-2.224986 1.912275
-0.955798 0.576128
-3.235470 0.750463
-3.931219 0.877203
-2.871841 0.626272
-1.497544 0.485384
-1.606370 2.343984
-0.229715 1.218964
-2.212927 2.934926
-1.506280 2.628695
-2.205746 4.736650
-1.844722 2.441771
-2.246801 0.212016
-3.794002 1.041802
-6.295583 0.537621
-6.131853 -1.358399
-6.527791 -2.617421
-8.033264 2.912790
-7.751664 4.355456
-7.255459 8.193725
-7.376686 7.110399
-7.226251 7.029284
-7.382254 6.768465
-6.493982 6.905452
-6.606088 8.396515
-5.673193 8.898700
-4.162614 8.877316
-5.946242 7.471869
-7.057782 7.172857
-6.229179 6.449118
-6.744272 7.003907
-7.233209 7.400200
-5.222172 7.968988
-2.567095 6.737991
-2.444970 7.295868
-2.458719 5.510284
-2.027918 4.596791
-2.030269 4.735355
-1.832096 2.024543
-2.185740 -0.623868
-3.556841 0.495756
-8.411981 0.524830
-8.326972 0.121321
-12.575140 -1.063262
-14.963427 1.848702
-2.503827 0.779748
-0.591352 0.750261
-2.475628 2.275641
-2.275423 4.459592
-0.527087 2.687968
-1.231102 0.300185
-3.133541 0.913068
-4.513799 -1.982819
-5.288654 0.968784
-3.702391 0.990823
-5.271548 0.957872
-9.402029 0.631446
-9.442091 2.348132
-9.429338 8.703079
-8.517747 10.789835
-6.450613 6.800110
-4.475244 7.689353
-7.493026 7.081120
-6.962617 8.844640
-7.471603 6.715988
-7.945839 4.730897
-6.889779 6.720824
-6.262583 6.845978
-6.557236 6.949460
-5.601572 6.765726
-2.964292 6.329832
-3.871919 7.479673
-3.542851 7.342003
-2.434756 2.841091
-1.234386 5.837722
-2.248045 5.296825
-2.114173 3.906919
-1.821132 7.165778
-5.597535 7.171690
-2.974158 6.367287
-5.874766 8.628045
-6.328661 6.543474
-8.490965 9.269097
-5.812458 7.984266
-3.548988 7.201164
-0.728950 6.847208
1.104875 4.642744
0.105386 5.411841
0.057508 5.198822
0.108507 5.751079
-1.384639 5.600422
-2.711562 7.069802
-5.314370 6.505647
-5.577000 6.575337
-6.885052 6.652596
-6.514116 7.306330
-7.187849 8.240729
-7.349867 6.558492
-1.772768 7.090767
-2.647302 6.330361
-3.624306 6.667516
-4.541812 7.228969
-3.938911 7.091984
-2.243189 6.308328
-0.858619 5.411124
-2.385689 5.278972
-2.415568 4.159203
-0.288673 1.776365
-1.733201 2.988174
-1.224323 6.223602
-3.613754 6.898271
-1.656413 6.367699
-1.663874 4.093377
-0.752993 4.427287
-1.095120 5.369283
-0.147465 4.907608
0.986944 3.686748
-1.528211 1.988558
-1.625717 3.060230
-1.600725 2.507774
-2.468577 2.460324
-2.294197 2.816016
-0.852382 1.882534
-2.607426 1.227754
-2.402934 1.208432
-0.895565 2.667890
2.578566 1.940935
5.607279 2.807145
7.179522 4.329796
11.798393 6.266414
16.147921 4.331931
