-15.867363 -17.728216
-12.980388 -19.706789
-5.594031 -12.653731
-8.447982 -10.962628
-10.508189 -14.673851
-9.089135 -14.270080
-10.953800 -11.032275
-14.434580 -11.248969
-14.821171 -10.150339
-9.712605 -10.583720
-11.838219 -10.887555
-10.086578 -14.732533
-10.811616 -14.290012
-9.148410 -11.495261
-8.760939 -8.924425
-12.780439 -11.828713
-8.074719 -7.749250
-14.630152 -10.876480
-9.233019 -12.222997
-7.751170 -13.543352
-5.873040 -11.949157
-7.004993 -13.926952
-14.656312 -18.865313
-16.238152 -18.117987
-18.290928 -15.868202
-16.712597 -12.718476
-18.210913 -8.679866
-15.381128 -11.550290
-10.243166 -10.451526
-16.024918 -10.350002
-13.881374 -10.116900
-14.252614 -7.704106
-12.731493 -8.571992
-15.000149 -10.428513
-13.026663 -10.519450
3.301513 -6.551775
