-11.663927 -11.361774
-7.008940 -4.675772
5.206988 8.758912
5.470914 6.459719
6.152820 8.063760
6.285083 5.248462
8.345137 4.991119
10.082752 5.497140
9.448786 5.299464
13.331573 4.602624
12.689991 6.582771
12.326487 6.936442
14.647637 8.474584
11.654322 5.406561
10.306539 4.818944
8.784458 5.576163
6.809443 5.608608
6.935205 4.612688
4.640940 2.536016
6.601895 5.018087
5.746832 8.603891
5.530540 9.828618
6.338402 4.168294
8.890762 4.568250
9.213257 5.505123
7.467394 3.471549
10.294186 4.829933
11.542330 4.320839
11.739765 6.663006
11.946576 6.712748
11.889252 5.481863
11.299448 5.197773
8.259255 5.289298
7.608994 5.554284
7.448288 3.715551
8.115739 4.427449
9.793147 5.442616
10.432678 5.336394
12.783381 3.939677
12.255730 9.947569
11.605532 7.461073
12.047739 10.711145
8.154342 3.767391
9.673399 4.342756
9.249849 3.253400
8.170492 4.004568
7.233791 4.566702
9.451266 4.821256
10.391037 4.815515
8.322418 3.802911
5.770660 5.195127
11.293814 12.367009
12.667895 10.315849
12.596043 6.995283
11.204348 4.783723
13.021456 8.342498
11.842408 5.262387
11.805722 6.185058
12.632920 6.224117
11.671846 7.588748
7.534107 3.386190
7.106518 4.099820
7.261231 4.559907
6.127521 6.762395
4.734677 4.003907
6.121311 8.063658
3.845352 8.263280
4.338010 6.696230
7.191529 10.709583
10.296331 12.810863
10.090689 10.837313
6.943608 10.716370
