-9.875887 11.889384
-7.642547 8.236713
-3.277206 2.751184
-1.538488 -0.054282
0.467930 -0.412038
0.790756 1.095535
3.930598 1.556871
6.384698 1.141204
5.965722 1.914659
3.559850 1.266044
6.874918 1.414865
7.644003 1.264263
6.834407 0.377208
7.485775 1.465057
6.292015 1.593504
8.301488 -0.275853
7.499372 -0.263065
9.178871 3.285395
6.137054 1.524683
5.821857 1.988477
8.709642 3.017057
6.845448 -1.903872
6.860434 -4.869426
9.112931 -4.120281
14.343407 -3.716429
15.617343 -9.041522
19.530787 -16.468018
