-0.117098 -2.808167
-0.376136 -5.262905
-9.630201 -10.811003
-12.147990 -10.869666
-12.927204 -9.180885
-13.618794 -9.997717
-16.748848 -9.508616
-13.373904 -10.243535
-16.603493 -11.355983
-13.900545 -9.634159
-12.666212 -9.821571
-8.251152 -11.314981
-16.157669 -9.871600
-18.279325 -14.426404
-15.861794 -10.433888
-10.233640 -9.699340
-16.109592 -12.234784
-11.096940 -8.898169
-8.509617 -11.492594
-8.015287 -13.203929
-8.143571 -11.492345
-10.436682 -12.886607
-10.816541 -9.794238
-7.937193 -15.325038
-7.114385 -9.991670
-10.770735 -10.589896
-8.898237 -10.395648
-10.030060 -11.141138
-9.514117 -11.871119
-15.625841 -7.470194
-18.022789 -19.375559
-19.032103 -18.349627
-13.357670 -17.383760
-11.017576 -18.738995
-11.422729 -14.361596
-7.717410 -13.198739
-11.408859 -11.220597
-9.529366 -8.581025
-11.987913 -10.052297
-9.769913 -10.337879
-10.991377 -14.301415
-6.778940 -15.829160
-16.376461 -19.484861
-16.382317 -18.981863
-9.508673 -11.662642
-8.380634 -6.660836
-17.706247 -9.425097
-16.675858 -8.160066
-16.574146 -14.617473
-19.697493 -16.530575
-15.416487 -18.178478
-15.372020 -17.723005
