-16.258297 -18.346071
-13.153778 -17.907242
-15.254094 -19.516094
-11.389967 -10.178582
-8.592129 -10.796225
-14.254006 -6.979144
-13.357891 -9.504480
-16.180801 -11.734338
-10.767329 -8.267295
-11.977098 -6.884008
-12.961902 -5.608620
-13.934398 -12.200225
-10.846513 -11.538190
-12.821276 -11.441840
-9.243917 -12.139443
-10.007895 -11.897646
-7.284784 -10.036359
-6.184306 -14.332314
-5.360238 -11.936025
-10.068541 -19.294329
-5.716065 -8.044731
-18.415787 -10.757922
-17.511869 -14.484371
-19.326809 -15.999734
-15.891954 -5.783473
-18.194679 -3.891134
-15.790211 -1.287636
-17.504478 -10.673545
-17.998743 -13.495540
-16.531361 -12.208436
-17.466438 -14.090593
-16.891247 -12.371940
-10.569233 -9.193419
-11.565080 -12.017195
-6.014557 -10.856341
-5.954084 -11.789124
-7.887476 -15.178432
-7.348125 -15.192478
-9.585455 -12.876995
-13.076660 -11.415190
-11.382356 -9.218757
-11.478601 -8.546387
-16.373810 -8.063876
-17.586483 -14.335828
-13.524763 -4.971737
-13.522519 -10.264571
-12.758511 -7.918385
-18.263302 -11.105141
-18.780315 -18.708574
-13.187786 -17.289953
-11.056753 -11.550469
-8.441360 -12.574671
-11.378510 -15.707633
-9.431204 -8.489991
-14.466787 -7.361203
-10.142885 -12.831748
-10.926923 -13.778648
-9.248132 -10.872876
-10.692249 -8.585360
-14.381218 -10.716032
-8.234669 -13.509200
-8.547648 -10.817213
-6.343933 -15.519277
-9.197786 -9.534497
-11.052137 -13.885354
-10.150116 -16.898268
-11.353917 -13.255470
-10.822845 -16.001385
-9.949488 -16.734890
-5.596657 -11.003650
15.487153 -3.218819
