-17.108377 -8.824422
-7.763716 -9.209867
-4.455595 -5.666610
-2.683496 -2.706251
-0.850640 -2.993494
1.150019 -2.371578
1.776529 -1.560373
1.722033 0.993502
0.894841 2.618134
2.918545 1.122929
1.979655 1.518950
2.869077 1.593752
3.749795 2.085708
4.380895 1.949853
6.049821 1.482059
3.227894 1.663404
5.019222 1.366784
2.972187 1.470033
2.453410 1.158099
1.090001 2.463871
0.441469 -0.095745
0.017187 0.071234
0.280021 0.533902
1.807583 0.235896
0.830152 0.857606
1.098573 1.680121
3.302835 1.339843
3.096251 3.090074
5.983595 1.209148
4.482188 1.508601
1.325756 1.369123
1.220322 0.793777
1.137660 -1.565332
1.368377 -1.610706
1.274319 -2.420373
0.892256 -2.147306
1.424117 -3.568954
1.510120 0.556958
1.115256 -0.428142
0.972423 -1.268000
0.945972 0.425659
2.030938 1.419911
2.380943 1.362428
2.499108 1.232681
0.286226 1.173948
0.663949 -0.894340
1.615977 -1.347901
1.357827 -5.007740
5.651324 -6.563901
7.105755 -5.915505
6.832142 -2.550787
7.572853 -1.003948
7.673090 1.660811
6.042057 2.230836
4.129282 1.981438
3.241051 2.084440
3.450569 2.566116
3.749479 2.314732
3.210160 3.152992
3.728517 1.191085
2.483245 3.495940
0.486344 0.280779
1.715032 -2.184467
1.300538 -2.539027
1.331673 -1.074243
1.656483 0.376180
1.271243 1.506842
0.858009 -0.692120
1.508531 0.072804
1.231034 -1.717898
0.474544 -3.379405
0.907350 -6.971824
0.670901 -2.955244
0.602511 -4.500019
0.293571 -3.301489
1.790168 -2.195583
1.656977 -0.400872
1.599975 0.180060
0.795228 -1.479225
0.698790 0.057885
4.622324 -4.593946
4.357813 -4.745412
2.221699 -4.018461
1.395071 -1.855381
1.519193 0.438746
1.671237 1.799509
1.153007 -2.777796
1.541713 -1.268352
1.141095 1.313203
0.494885 0.447350
0.671001 -1.385425
0.978850 -2.121544
1.303116 -0.741299
1.741985 -3.209080
1.680993 -3.712252
0.561163 0.659313
1.355924 -0.410997
1.558847 -0.143368
1.584950 -0.309724
0.388002 -0.569319
0.545689 0.266057
1.279015 0.261508
1.239493 2.052795
2.959715 1.485955
3.004829 1.239268
3.761441 1.310559
5.349454 1.658265
6.096737 3.716921
8.412303 1.134754
4.222100 1.227792
3.444655 1.493460
0.791677 2.111063
2.796205 1.468349
3.678482 1.149930
1.522720 1.548842
1.507840 -1.003992
0.396180 -2.464510
-0.613551 -3.049087
1.167663 -2.286613
0.867717 -2.377078
1.600588 -0.938451
1.253873 -0.033453
1.753421 0.166516
1.779942 -0.117072
0.723382 -0.048066
0.204998 -0.204259
3.396283 1.416570
3.719271 1.498451
3.355615 1.700565
3.194402 1.394628
2.196185 1.523602
4.438470 1.120789
3.578915 1.273342
3.813904 2.667698
1.800756 2.211602
3.477316 1.306463
3.174242 1.835127
5.070843 2.003253
7.024177 2.533698
7.666304 -0.343941
7.218296 -0.417804
7.884317 1.190430
7.092914 -2.356197
7.127477 -0.124668
6.973250 2.448515
6.915568 3.660877
3.469233 3.203212
2.864994 1.989688
2.718566 1.437409
-0.349043 3.327996
1.779099 1.511503
1.304836 -0.933423
1.773338 -0.164732
0.769986 0.160565
1.766710 -0.345137
1.322823 1.014665
0.056428 1.925248
2.800929 1.229650
3.430598 1.098020
3.781391 1.163484
4.563233 1.571518
4.107278 2.128452
4.080922 1.729988
2.161896 1.105901
4.307785 1.581804
4.142621 1.104620
2.888382 2.306862
2.082264 1.654473
1.292228 1.361805
1.684440 -1.442798
1.143598 -2.931440
-0.087333 -2.958718
1.205807 -4.800802
2.738993 -5.150139
2.832277 -4.890191
3.459382 -4.599460
3.169710 -4.096519
2.985115 -4.436558
-0.443902 -4.177155
0.936556 -3.708739
0.896292 -3.314857
-0.913261 -1.729466
0.970040 -0.463121
1.362159 -2.721904
1.747611 -2.897788
0.170143 -1.560205
0.159298 0.129063
1.022225 1.333595
1.634202 0.562963
4.051755 1.348155
4.677523 1.379737
2.875201 1.648962
1.903125 1.756309
1.283943 -0.556173
7.101911 1.332158
4.368216 2.126822
0.463996 0.779978
0.886792 -0.870949
3.442758 1.117209
2.189000 1.059280
3.671347 1.250083
3.786860 1.119779
3.670635 1.461735
4.065496 2.998851
4.095808 1.430631
1.551168 -4.432223
4.627570 -5.621583
1.564173 0.400588
0.095528 0.668717
1.693604 0.495668
0.906969 -4.181890
2.177946 -3.955378
3.053640 -4.078888
2.488067 -7.710337
0.767182 -7.263197
1.369683 -1.928476
1.800175 -2.053186
1.114273 -1.948069
1.166339 -1.529767
4.071685 2.446309
3.402752 1.256321
3.644928 1.131011
1.148394 1.335374
1.057089 1.573331
3.350961 1.690761
3.094428 2.071054
3.082022 1.669285
6.988838 0.715425
7.213201 -0.002309
7.609484 -0.967425
7.238350 -2.487711
6.865834 -0.441610
8.402641 1.749327
9.787496 5.235082
