-13.990965 -5.925304
-6.996318 -4.278323
-4.137754 -6.568234
-0.612033 -6.252984
0.526539 -5.287361
2.545706 -6.027818
4.011626 -7.599396
4.744640 -7.848723
1.652703 -7.085925
1.680013 -2.459643
1.115283 -1.278100
1.383881 -0.557056
0.629696 -0.570174
1.763842 -1.094354
1.141241 -1.120998
1.471685 -0.792799
1.433807 0.352370
1.174582 -0.523790
4.219612 1.662441
2.562779 2.607597
2.369975 2.005582
5.368616 2.995168
4.153968 1.976862
5.092474 1.588318
5.643207 1.477852
5.618715 1.511050
6.300774 1.801851
5.672976 2.520724
3.994049 1.594906
1.999824 1.288148
5.537149 1.663270
6.572894 1.372622
4.758571 1.618569
4.745787 1.212224
3.881610 1.193948
4.603595 1.381081
4.717893 1.870318
8.109176 0.600713
19.020271 0.735657
