-15.166277 -3.278616
-10.148174 0.664856
-14.117855 3.021558
-15.212498 6.284894
-13.518524 6.868444
-13.695630 5.782153
-13.156330 6.881464
-13.793773 7.219914
-14.030248 6.960732
-13.442955 8.506312
-11.945187 8.743275
-6.025766 8.961873
-6.468781 7.347796
-6.300305 7.289397
-6.590049 5.880095
-7.588337 7.811190
-6.516181 7.236640
-7.619921 4.490396
-7.974146 2.415742
-7.007895 2.345679
-11.942087 3.258325
-10.948921 1.573986
-10.320225 3.199929
-15.203315 3.230121
-10.737846 3.161115
-13.567535 7.196253
-5.450394 7.297286
-6.167970 8.979959
-11.968249 9.718627
-9.956209 8.718293
-7.389639 6.842091
-7.557942 6.243651
-7.947983 7.431242
-5.209677 8.144955
-7.286337 4.907441
-7.859087 2.696633
-7.063009 3.650800
-9.514664 1.449745
-13.879385 0.391508
-13.801641 7.937345
-6.673345 8.907614
-5.916596 8.057615
-3.988790 8.942380
-6.513231 6.892665
-6.623549 6.482273
-6.529483 6.567716
-7.913978 7.401609
-3.969791 4.897727
-6.811703 6.571236
-6.876007 9.078347
-9.145356 8.844302
-12.056170 9.091372
-14.983348 9.646525
-13.130263 6.650852
-16.631023 4.366071
-13.375029 7.135914
-9.170017 8.824234
-10.346876 8.895581
-8.323122 9.102662
-10.707609 8.664322
-7.895244 11.865506
-9.409461 14.534968
-10.767097 10.280891
-9.435076 9.093754
-11.048339 9.344495
-8.640318 8.609554
-7.689089 9.477904
-10.714632 8.720008
-11.497942 11.211763
-6.947452 7.799919
-7.005063 6.811335
-6.922371 6.611264
-6.638722 5.309148
-7.369976 6.546298
-7.587433 6.532658
-7.868292 6.996918
-7.294212 8.967602
-9.785448 8.998390
-11.233889 10.726746
