-13.137076 0.443209
-9.473467 2.971448
-7.945825 3.321841
-7.271369 4.959485
-4.381285 3.826862
-6.162345 3.604046
-8.331986 1.941876
-7.260738 5.024637
-7.385145 5.788483
-4.124371 4.685469
-7.849562 7.212518
-6.117927 3.198378
-5.373098 5.844048
1.848165 8.373378
-1.543826 10.791384
4.048969 10.521348
3.902968 7.655174
3.449007 10.006900
5.201377 9.464046
2.921698 10.445516
4.678551 9.921431
6.285352 12.545172
4.746692 10.625959
1.757010 9.560259
0.518823 10.611883
2.487223 8.917346
1.911099 9.679468
3.257298 7.726150
3.501869 11.112518
3.853384 9.702643
6.453768 12.472454
5.229326 13.696571
5.314838 14.117336
