-19.711466 -0.931895
-13.457434 5.094488
-14.190412 4.563090
-15.742218 7.623925
-11.034510 10.762714
-16.750759 11.888846
-12.574057 8.950573
-6.634025 9.013824
-6.512983 9.274571
-10.037710 9.979177
-11.261566 9.713304
-7.461794 5.339566
-7.700864 5.573656
-12.104259 3.126191
-5.949397 -1.991565
-6.937607 6.112838
-8.056530 1.001718
-10.293255 2.854873
-11.905760 0.931593
-10.460978 0.588889
-5.869234 3.413720
-6.598845 5.576897
-7.378858 6.923522
-5.784201 10.093858
-5.502794 7.839560
-7.471729 6.912836
-7.482085 6.693153
-7.157434 7.861756
-8.919941 9.841393
-9.164024 8.768633
-7.310103 9.591310
-12.636908 9.748559
-14.635762 12.058692
-13.026022 10.640312
-8.673159 9.048215
-9.048075 9.198287
-9.437593 8.712813
-10.993682 8.590859
-10.557415 10.013951
-11.450401 9.159264
-7.645054 2.863298
-7.063153 1.385761
-7.313676 5.463963
-5.241109 6.461177
-7.436769 9.742179
-5.249815 7.800782
-7.709275 2.745520
-9.816320 3.101341
-12.091931 3.105310
-9.400996 2.955767
-11.693392 2.712041
-10.936045 2.260833
-10.446156 2.072162
-8.387030 2.935611
-10.106599 3.489448
-7.135790 3.044902
-7.776803 5.792413
12.798140 4.639770
18.226835 5.853371
