0.302079 -13.893133
0.148604 -10.110424
-0.667296 -11.070523
2.662851 -10.653006
-0.358194 -11.637939
4.210035 -15.520928
4.999554 -17.703241
-1.930761 -16.599298
2.725354 -11.939109
1.452874 -9.992238
2.309217 -9.240855
0.620092 -9.580865
-1.088166 -11.100549
0.626548 -9.592513
-0.386789 -9.424961
0.437806 -8.100609
3.072887 -8.157051
4.378352 -7.310174
3.330714 -6.694659
5.083671 -6.236185
5.957994 -5.832809
5.397322 -7.765932
7.208127 -5.403300
11.005883 -7.336142
14.489820 -7.307610
14.872280 -3.267267
18.329475 -15.922106
17.582199 -14.149442
13.078735 -13.510995
11.753465 -15.890110
6.800352 -15.248443
7.069442 -14.026132
5.462611 -15.650836
1.608312 -12.879661
2.417569 -13.915999
7.129667 -13.600943
3.385048 -16.853533
2.370693 -12.187919
1.370193 -13.053213
1.404026 -12.456735
3.902605 -15.113480
-0.965535 -10.377608
-0.372280 -9.660453
1.103982 -9.066100
1.812848 -10.236312
2.161027 -9.166272
2.382625 -6.660678
5.560997 -8.030480
1.569103 -7.904121
2.493194 -10.483121
2.532347 -7.878253
4.956937 -7.059873
6.952822 -7.459233
7.610869 -7.561601
7.037773 -6.542977
5.975428 -6.859692
6.797573 -6.063457
4.685948 -8.136401
6.614906 -5.632846
1.953937 -8.739618
1.817852 -11.084800
1.324005 -8.956676
-0.546723 -10.403248
0.507032 -9.959376
3.346509 -6.676921
3.299315 -6.629843
7.453394 -6.863809
6.390800 -5.562735
5.304058 -14.316229
6.328963 -17.780409
7.895348 -11.491902
9.094008 -10.809894
8.717747 -5.211337
6.070441 -5.850224
6.830216 -8.110480
6.121056 -7.563633
6.549083 -5.372540
4.688475 -7.587375
0.498234 -8.815897
0.429847 -9.409068
0.012820 -11.924531
2.356065 -9.407155
2.231243 -8.505121
3.726968 -6.823337
4.917369 -7.846279
5.983340 -8.093759
1.930230 -5.583716
1.432316 -10.401259
0.427276 -8.513912
2.302027 -9.595982
2.582263 -9.513179
1.884499 -10.692662
1.383172 -10.115774
8.026505 -4.642932
5.642127 -5.477257
7.406879 -8.053240
7.866153 -8.954041
8.983240 -7.862792
6.888280 -7.547766
4.278608 -5.079732
7.966685 -7.336164
7.904174 -10.050263
5.961664 -4.615145
3.897712 -6.934496
2.710563 -7.097166
0.658624 -9.534133
2.675292 -9.344890
1.705215 -9.365967
0.660628 -11.324673
-0.556762 -11.943366
0.134632 -13.469726
4.038921 -13.293386
1.146355 -10.001557
2.808428 -9.593280
2.726241 -12.074216
2.567883 -12.846868
-4.044400 -14.795135
5.282787 -14.572505
5.263427 -13.696500
3.111546 -15.097258
1.978822 -8.682215
2.102234 -9.509480
9.380101 -7.982858
2.603341 -12.229018
1.949842 -12.154047
5.695661 -13.494902
11.234984 -15.738292
9.280177 -13.368430
5.212197 -7.283674
4.105135 -5.688817
1.771545 -8.748052
2.195105 -11.573525
1.232857 -9.886966
1.621393 -11.312831
2.969081 -14.681306
2.631941 -12.903682
7.673795 -7.918481
10.020181 -7.595358
8.235723 -6.299199
8.812567 -9.293267
9.473064 -4.140112
12.085041 -5.694271
7.848442 -10.574689
9.212989 -11.971858
6.809997 -5.538459
9.035481 -7.868723
7.501232 -8.065706
2.641163 -12.918448
0.355935 -10.582377
1.840238 -11.607314
0.675488 -10.796252
2.356560 -10.186173
2.410635 -11.372813
-1.834049 -12.685612
0.127792 -9.647603
2.838908 -10.929112
-2.598392 -10.513806
0.850183 -9.378178
1.550127 -9.618026
0.171209 -9.025651
3.860675 -7.423959
8.478553 -7.905536
9.247998 -10.521888
8.805708 -4.792018
8.871988 -9.410201
3.738729 -8.174093
4.401936 -5.622830
3.660983 -7.889368
0.789780 -6.306861
-0.015189 -6.986962
1.752868 -9.344949
0.272434 -10.927404
1.468878 -10.701100
2.551605 -10.564866
1.004928 -10.491872
-2.443418 -13.735141
1.998493 -6.194695
3.187683 -7.145577
4.725641 -5.844696
5.148555 -7.854113
5.587821 -7.878864
9.095672 -7.139655
8.920643 -12.208817
8.396984 -11.020278
8.403964 -11.046456
7.966685 -9.685258
2.292742 -9.503863
1.912184 -8.397001
1.925516 -13.159219
0.830953 -11.021199
1.956985 -10.298302
-0.493932 -9.394908
-0.071709 -9.272737
3.260581 -13.561815
0.758778 -8.904750
0.585406 -6.833388
4.000944 -8.028590
6.413505 -8.097075
4.273508 -7.820975
0.042193 -8.261325
-0.834525 -8.353669
2.330109 -11.565385
2.672906 -9.533889
7.010835 -6.707054
8.613147 -8.418252
4.819231 -7.285641
1.799020 -10.522897
8.999093 -10.276161
3.989747 -5.793869
5.296892 -4.493045
2.814753 -7.784037
0.159894 -11.407342
8.129297 -12.777091
8.160698 -9.426019
8.595604 -8.450925
8.930590 -10.022251
8.688734 -14.067418
8.954788 -11.658309
6.925720 -15.426931
3.282995 -14.374413
1.650260 -14.479946
0.289140 -13.834968
1.528605 -11.962689
2.350571 -10.528520
2.740373 -11.452332
2.201470 -8.712463
-0.094008 -9.339664
2.352911 -9.694303
0.524331 -9.211537
-0.183313 -9.254939
2.249144 -6.681645
7.548954 -5.451282
9.233280 -10.409132
2.613004 -13.328009
-0.161306 -10.795902
1.965272 -8.497996
1.668923 -9.170629
4.158869 -7.080224
5.511247 -5.974668
4.187573 -7.561315
0.747518 -8.180995
2.352760 -10.419826
-1.161134 -10.348185
3.860025 -7.338540
7.747612 -6.659266
8.702299 -9.471625
8.859840 -12.155877
8.094308 -11.191962
8.083934 -10.472634
8.299833 -10.464437
6.020176 -6.014136
6.459006 -6.912233
0.656806 -9.982848
0.150412 -12.698256
1.681990 -13.042573
1.543067 -13.877704
4.179147 -13.551511
4.771172 -13.819888
-0.882615 -12.670650
1.238227 -10.315278
1.467073 -11.890079
2.454420 -9.095513
2.380868 -7.711778
2.799586 -9.209237
2.690220 -7.629792
6.997428 -8.194629
6.530629 -7.520733
6.717006 -6.416565
1.520710 -6.532658
5.824295 -7.528281
5.846148 -7.456377
1.265312 -7.676584
2.724787 -9.711503
2.041132 -10.918553
3.931949 -17.399500
1.714954 -13.071447
5.619769 -13.532660
3.271522 -16.182430
0.485977 -8.325229
0.559934 -8.440822
3.787649 -7.277471
3.093386 -4.425832
2.101319 -5.324811
0.954525 -6.650637
3.789056 -5.988238
6.070850 -4.517124
6.702480 -5.544532
7.414027 -5.391135
7.587294 -1.046229
8.203233 -0.799995
