-12.534916 -1.331993
-13.029926 1.884908
-9.476369 1.560975
-9.766916 1.536032
-5.885540 4.399346
-6.170411 3.307399
-10.066338 3.416041
-7.868533 5.240390
-5.263961 6.182683
-4.960321 8.982874
-9.534316 9.095496
-6.870609 8.748555
-7.782283 9.120157
-7.692334 7.263344
-5.873158 6.464928
-7.307072 5.213611
-6.499275 5.076284
-5.127099 4.089907
-9.533238 2.376780
-10.460277 2.589675
-7.337246 3.187036
-7.186326 4.947217
-6.027816 5.533652
-6.488597 7.593557
-7.348116 6.409877
-7.875227 7.736733
-6.439641 6.100466
-6.565888 5.392055
-7.882489 3.658593
-6.682117 1.445852
-11.611065 -1.360881
-13.720743 5.767720
-13.761692 7.766117
-7.788840 10.176940
-11.104317 12.188416
-11.358353 9.446250
-10.692213 8.899627
-10.450022 9.396890
-8.350765 9.599820
-8.503452 9.068355
-6.437462 8.123929
-7.914783 7.333165
-7.626343 4.292079
-7.950652 2.825946
-9.185566 2.044933
-10.759809 1.901409
-10.681766 1.810879
-10.849055 2.301173
-14.505279 3.979530
-10.198166 1.768856
-6.970580 2.459536
-8.548309 3.240839
-7.122015 5.644284
-7.348176 4.250249
-7.885375 4.776763
-7.366337 8.249360
-7.568347 7.649014
-9.312840 3.281912
-12.861053 1.654723
-14.266216 3.279590
-13.078882 3.497601
-13.152397 4.082112
-11.569046 1.424447
-7.463539 8.813067
-7.750166 6.834779
-11.841590 8.717076
-7.404079 10.238996
-7.890233 7.292634
-6.522847 6.344248
-7.361515 5.934123
-6.073983 8.593017
-8.341755 9.438002
-8.182088 12.835621
-6.368329 9.201816
-6.868843 6.277815
-7.728453 9.312840
-11.625763 12.069634
-9.623952 3.391790
-9.007653 3.252517
-10.798937 2.891585
-10.885738 1.570933
-12.571064 1.355611
-10.583190 0.410801
-9.010861 3.419151
-6.662778 6.017076
-5.709095 5.445304
-5.921142 4.575393
-7.872075 4.659661
-5.199521 3.283049
-10.117243 2.965635
-6.179320 1.251123
-12.471144 3.422722
-14.573425 4.600329
-8.425566 0.688672
-7.601304 0.454180
-12.671792 8.635800
-8.276699 2.497882
-6.857784 4.167906
-6.981325 3.738615
-7.856497 2.744381
-7.288482 6.870282
-12.984446 5.825963
-13.045740 5.708396
-15.752444 8.239168
-14.785258 1.458605
-13.989439 8.688315
-13.948560 9.259662
-11.154402 10.513849
-7.661187 11.385009
-7.627583 7.267377
-5.871607 6.474149
-5.321748 2.127327
-9.163885 3.039205
-9.013122 2.256613
-8.378436 3.165903
-4.506407 2.872399
-7.632148 6.302886
-7.248010 5.834058
-6.156487 5.669988
-7.378459 8.181465
-7.303172 8.388483
-6.218429 7.854115
-7.686004 8.217074
-7.570181 6.481740
-7.096993 8.498036
-6.752475 7.211489
-5.127868 4.195640
-8.608893 1.802187
-11.684085 3.295239
-14.827391 3.638274
-15.199614 5.800856
-13.510041 5.325140
-13.682143 5.015659
-6.579164 10.824881
-5.905041 9.467453
-5.556337 10.051486
-7.631799 5.922722
-13.402074 7.697135
-15.662302 11.419621
-7.489833 4.820928
-10.803986 8.797067
-8.352259 10.386169
-6.576983 9.534287
-6.330151 8.064527
-6.880445 5.670396
-6.505932 4.002883
-7.896882 4.099221
-7.729187 10.625578
-7.242148 6.717787
-7.891806 7.340209
-7.271071 7.044300
-7.501606 4.908567
-6.542253 6.900097
-7.108027 5.803716
-5.834730 7.532444
-7.872812 4.434516
-10.400431 9.325803
-8.458239 11.964555
-8.448182 9.312684
-6.463434 6.375663
-6.467626 8.616044
-4.689034 7.134274
-6.130411 6.491620
-8.576564 3.048259
-9.806133 3.318544
-8.992229 3.219252
-11.203734 0.969435
-10.677454 3.055136
-7.776165 5.352214
-7.552124 7.520450
-6.807494 7.378829
-7.754032 5.476621
-7.198327 4.775351
-7.340172 4.820748
-7.480367 2.379633
-6.637302 3.240556
-5.933002 3.482245
-8.493896 2.550444
-6.489581 1.466651
-7.606489 5.765009
-7.364061 2.110135
-7.042429 8.419171
-7.419915 7.471451
-6.170094 2.917132
-7.653636 7.030945
-7.665147 6.115123
-7.594891 6.381526
-5.902472 6.619009
-7.883789 6.875576
-7.838806 6.416722
-7.230489 7.510076
-7.240727 7.933416
-6.326055 8.731399
-5.102033 9.280070
-10.485260 8.574465
-10.791637 9.051270
-6.657484 8.806012
-6.298552 6.450307
-6.756501 4.449540
-6.816879 4.553036
-7.332629 3.337608
-9.178791 3.388212
-9.382589 1.249060
-6.151415 4.889667
-7.901670 8.437100
-8.617064 9.259397
-7.611585 8.306206
-6.830035 11.056450
-11.460024 10.330153
-10.118078 9.114760
-8.726850 10.707173
-11.052995 14.578903
