-9.594543 6.429251
-2.258780 6.742987
-2.965708 6.881447
-1.352749 5.424018
-1.926451 1.627166
-4.407226 0.182417
1.796566 3.624648
-2.403590 3.120886
-1.091552 3.140620
-2.767058 0.347099
-1.061143 -1.261855
-4.229611 -2.088663
-4.428037 -0.781391
-3.572793 -1.569031
-2.602795 -3.245422
-5.843806 -5.182988
-5.550133 -4.058624
-7.603348 -6.345563
-6.283411 -6.276749
-7.689887 -6.944741
-5.698368 -4.287663
-2.987684 -3.839418
-3.791528 -2.329409
-3.162735 -1.664556
-3.214028 0.060391
-4.370015 -3.080517
-3.855044 -2.692951
-4.661297 -4.279138
-6.354173 -4.214904
-4.739202 -4.297976
-2.367408 -0.283575
-0.160128 4.863278
-1.892009 6.742112
-2.788590 6.328681
-4.083236 6.736275
-2.781172 7.296518
-1.104962 4.513322
-1.103280 4.264614
-2.028861 3.226181
-0.671784 6.001882
-0.151238 3.703635
-2.080986 3.825275
-1.636168 4.365281
-1.416353 4.064523
-4.100780 7.362997
-5.218346 7.166318
-4.913627 6.799510
-4.482939 7.883036
-2.883336 6.789957
-4.918869 7.634758
-5.343771 6.389144
-6.059330 7.114993
-6.027449 6.879995
-4.014082 9.417293
-3.750255 8.509295
-5.211594 7.237873
-3.280069 7.128022
-5.375197 6.854270
-8.862162 5.956508
-7.942433 5.656837
-8.995687 4.076566
-10.466175 -1.044698
-9.621127 -3.011907
-12.836774 -2.535777
-11.171146 -2.246530
-6.480624 -7.308488
-7.480346 -4.440913
-7.096766 -5.859500
-4.845851 -5.594965
-2.649512 -6.606293
-5.193620 -4.813410
-5.536244 -4.887225
-6.757741 -7.126685
-3.246352 -4.054467
-4.096468 -2.128462
-3.878382 -3.965855
-6.174113 -5.069898
-4.218056 -4.975051
-7.554446 -9.346677
-9.217262 -9.480824
-6.556387 -6.957842
-5.378823 -8.633178
-6.036154 -8.260317
-4.756993 -7.514542
-7.262108 -6.015460
-8.135505 -9.042618
-6.262099 -7.857325
-7.685152 -7.027508
-6.303159 -4.390722
-6.063120 -5.777956
-7.916526 -10.988685
-2.419765 -17.142096
