-7.267475 -4.339699
-7.761717 -5.679851
-7.581524 -6.726746
-7.365778 -7.566321
-6.234903 -7.989221
-7.807497 -8.206056
-6.530077 -5.184885
-7.776421 -5.772368
-7.363760 -6.981039
-4.536451 -6.846420
-6.843583 -7.373837
-6.816540 -4.380433
-6.490471 -6.918629
-10.436504 -10.511537
-9.974794 -8.471064
-5.470464 -9.407983
-6.377521 -6.218968
-2.501637 -3.709525
-7.710218 -4.247389
-6.566839 -7.335498
-10.553371 -9.475212
-9.961925 -11.367809
-10.538649 -11.019990
-11.587913 -8.088689
-11.381520 -8.832769
-11.353289 -10.378724
-11.315724 -11.058098
-8.649195 -9.976972
-8.322933 -13.832513
-13.765009 -9.092334
-7.816838 -4.189190
-13.174173 -5.354272
-15.791287 -1.625114
-11.343735 -2.361483
-11.592108 -2.117773
-10.185602 -1.867378
-11.062208 -2.075319
-10.981360 -2.122475
-9.442775 2.106450
-8.595407 2.953456
-9.884905 1.330667
-7.717807 1.907356
-9.328348 2.481668
-8.116394 1.355775
-3.617702 -0.885889
-4.246823 -1.598764
-4.176687 -1.488111
-2.771321 -1.664686
-5.178879 -5.699073
-5.217867 -4.981406
-6.699972 -3.923279
-7.790065 -5.637882
-5.276865 -3.994123
-2.972085 -4.472832
-3.566490 -3.620419
-3.920960 -3.467394
-3.926361 -2.993248
-5.255734 -4.069394
-7.796208 -8.794752
-11.530161 -8.523131
-12.912740 -10.902076
-8.414087 -9.476790
-4.857101 -3.967165
-5.330408 -4.531616
-3.860678 -1.629587
-4.219104 -1.855686
-3.855343 -4.005453
-3.897651 -0.112835
-4.571190 0.784745
-7.811677 1.186177
-13.156045 0.220071
-11.288213 -1.072622
-10.193527 -0.558718
-8.875256 4.077368
-7.652161 3.378227
-7.436955 6.642076
-4.138302 6.579623
-2.289351 6.756707
-3.290036 8.072894
-4.597334 6.690182
-4.684728 8.996194
-7.287462 7.245291
-5.775551 7.400230
-5.935735 7.772598
-5.341708 6.958595
-4.933441 7.404799
-3.686244 7.368047
-2.733301 6.898440
-1.684577 6.942555
-2.016853 4.539323
-2.343287 5.169259
-1.888533 4.557392
-1.579064 4.183764
-1.131119 4.450634
-0.956736 1.456402
-2.880812 0.228920
-3.875553 -1.622207
-3.517844 -7.026501
-7.352964 -4.984839
-6.011498 -7.980508
-9.196224 -8.984487
-9.428738 -9.112414
-8.002399 -11.305234
-5.815788 -5.953365
-5.269322 -7.272058
-6.852907 -7.267866
-7.704210 -7.558211
-8.227476 -9.801667
-6.653559 -6.322219
-3.765122 -9.004575
-13.676818 -8.685742
-13.684638 -1.126181
-11.512450 2.184316
-14.643869 -1.436635
-13.178595 -6.245076
-14.793980 -7.482665
-7.500341 -10.066373
-9.678144 -9.950366
-9.165586 -8.115071
-11.054190 -10.244023
-5.452619 -7.930189
-6.977158 -8.817446
-7.542109 -6.387909
-7.114882 -5.081928
-5.668287 -6.051813
-5.755710 -5.379680
-7.236286 -4.340002
-5.748802 -4.096281
-6.566568 -7.378152
-6.814117 -4.297969
-6.001332 -5.246506
-2.812050 -3.231370
-3.029415 -0.145524
-4.557260 -4.389503
-6.491758 -5.647109
-3.865232 -3.553723
-4.150267 -3.149594
-3.661972 -1.869870
-3.970933 -1.754906
-4.279759 -2.209428
-4.096550 -0.750144
-3.947338 -0.186923
-3.644272 1.131301
-3.897149 1.234397
-2.596000 0.612709
-1.519872 1.501585
-2.389949 3.259814
-2.088237 3.457821
-2.085749 4.444026
-1.437050 2.458442
-0.207965 5.700665
-1.874310 4.220163
-2.237890 1.174080
-3.144016 -0.210746
-4.339951 -1.707813
-4.445234 -2.569650
-5.797472 -4.066347
-4.587755 -1.932551
-2.448347 -2.890830
-5.123270 -5.443637
-6.804193 -6.809534
-6.972916 -4.860463
-7.871700 2.043545
-12.095476 2.729017
-9.658740 -0.477782
-9.835318 -1.640290
-9.827613 -2.848651
-11.037575 -1.194574
-8.071101 4.972907
-7.444000 6.895962
-8.485786 7.372587
-8.274365 4.507991
