-13.887013 2.451216
-11.407970 -0.092645
-11.188544 -2.365700
-13.191856 -1.027573
-13.310572 -6.617813
-13.610342 -9.824032
-12.151688 -9.558733
-6.213777 -9.713267
-7.886030 -7.957725
-7.782504 -6.869922
-6.026691 -6.718854
-6.008126 -6.527770
-7.243941 -10.470942
-11.428162 -10.205716
-11.804752 -9.936030
-14.805369 -7.010931
-14.697460 -4.516056
-12.163342 -9.947558
-11.542078 -8.107799
-8.629907 -10.273767
-8.767447 -10.229537
-17.089827 -10.003724
-13.144885 -7.383006
-13.606714 -7.333658
-13.432036 -13.285953
-11.133585 -9.318838
-7.067954 -10.585174
-9.696550 -8.101666
-10.350831 -9.140058
-9.494991 -9.741854
-12.522051 -9.714781
-11.651979 -8.462434
-8.051718 -9.902061
-7.200254 -5.680592
-6.815763 -6.070971
-7.032746 -8.578896
-8.991845 -9.994664
-7.939682 -8.090340
-8.803432 -8.222936
-9.823373 -8.772588
-6.590875 -8.341178
-5.945875 -6.743395
-3.186225 -2.739425
-4.030417 -0.402673
-4.107885 -2.327284
-2.883546 -3.554886
-6.249743 -5.495335
-6.612025 -5.079846
-7.432093 -5.148122
-5.292207 -6.449687
-5.756084 -10.893563
-11.759623 -8.603724
-15.510908 -6.733914
-13.710609 -3.510092
-14.613704 -6.142636
-9.964226 -0.722115
-3.916839 -1.150749
-3.970979 -1.315712
-2.086373 -1.870043
-4.180855 -2.747971
-5.521657 -4.009426
-11.221735 -0.642085
-10.014030 0.255181
-13.281545 2.290570
-8.294767 2.673567
-8.043352 1.541770
-8.661187 2.410707
-7.994410 1.221752
-8.990242 4.255494
-10.687372 -0.189714
-8.967365 2.151453
-8.587980 1.795699
-12.231218 0.148004
-10.920946 -2.205548
-10.555012 0.264009
-12.629674 -1.556948
-9.785151 -1.256342
-10.182552 -0.372388
-11.413330 2.870330
-8.369229 1.869821
-8.409180 3.392305
-10.836185 1.766752
-11.532693 0.594827
-13.050702 -3.052803
-13.200170 -5.414104
-13.871588 -5.383720
-12.377417 -1.180020
-16.183092 -5.136474
-13.545437 -6.237194
-8.311991 -9.554191
-6.303411 -7.384751
-4.973265 -5.906716
-5.303360 -6.307728
-6.764616 -4.007869
-7.833908 -4.846444
-6.602933 -4.330626
-7.723937 -4.359687
-7.130356 -6.743192
-7.337467 -5.968595
-6.110851 -4.140814
-6.016160 -5.319590
-6.770942 -4.016246
-5.621873 -6.315543
-6.021877 -6.258546
-6.904013 -6.803963
-6.872574 -6.909400
-5.571707 -6.098170
-7.627372 -5.666378
-3.388229 -4.632881
-4.211877 -1.679779
-4.165977 -2.299639
-4.370105 -7.376924
-3.408866 -5.817310
-5.819396 -7.644908
-9.839380 -9.417957
-9.646736 -8.557911
-6.221263 -8.324485
-6.808520 -5.170121
-5.038146 -4.437353
-2.380578 -2.804504
-4.337591 -3.140256
-4.379509 -6.858477
-4.973997 -4.887506
-3.975253 -5.017288
-4.921682 -4.942049
-6.419941 -6.088302
-7.190487 -7.141336
-4.244340 -4.235610
-7.804463 -6.901912
-5.062431 -10.744431
-9.091988 -8.262442
-8.827397 -8.634024
-9.923922 -9.538514
-11.590346 -9.920863
-9.639209 -8.857228
-7.497309 -8.629804
-6.105593 -5.610944
-6.258273 -6.036067
-7.721269 -4.039485
-6.336920 -8.654283
-7.605508 -8.218432
-8.106398 -10.774085
-12.246623 -8.153670
4.917744 -13.986478
15.259004 -19.272312
