15.933280 9.062083
11.878136 12.391659
8.492889 11.109941
10.215462 11.242584
7.904301 10.755091
8.190254 13.987275
7.839686 11.594905
13.082190 11.624784
11.314389 11.047359
10.229212 14.685378
3.375252 9.159270
4.148378 7.589784
6.422530 5.914466
5.230570 7.998526
5.591870 5.029550
8.641036 4.838876
6.979226 5.429612
8.131446 5.228844
6.758300 5.445883
6.758243 5.646063
5.181072 5.128170
7.602561 3.891246
4.795560 5.840178
3.790288 8.587194
5.083577 8.948027
3.749652 7.812721
9.188004 1.822981
9.810288 4.440633
6.378009 3.356318
6.071945 7.563352
5.873101 6.595341
8.007932 3.514690
8.349303 4.932188
8.893665 3.912145
8.967121 3.239970
11.978673 3.332961
14.236326 1.935695
16.167694 4.870446
16.296654 10.641198
12.328231 9.299028
11.831347 9.153377
8.538224 3.059326
9.240480 2.619520
12.195185 2.776587
8.708410 4.133607
5.047062 4.215853
5.714965 4.421074
8.340527 5.426695
9.162404 5.448449
9.188028 5.576710
5.984234 3.899278
8.268485 4.851568
6.663815 4.658545
7.533577 4.563262
9.335239 5.510313
8.228266 4.280896
9.270287 4.815076
9.093462 4.418636
7.177763 2.946024
8.044671 2.807999
10.822725 2.899764
10.139059 3.691756
9.781251 3.286316
6.992219 3.747879
7.436831 4.967482
10.446389 3.105617
14.961496 1.071721
11.132902 2.889373
10.054062 0.756668
11.227077 3.768471
14.447634 1.154084
13.743034 3.047957
14.967939 8.316504
15.799177 9.250233
12.557484 10.741630
10.469116 11.470383
8.725346 10.799692
6.554174 11.379081
5.950797 9.261130
5.919960 6.061658
6.204405 8.115245
3.469697 9.599345
2.184616 9.839235
4.532461 8.638814
4.799318 9.146440
12.476913 9.190743
11.843106 9.145190
18.842430 10.322000
16.942520 7.872590
16.136782 4.315964
16.743574 6.752730
14.498451 1.535047
12.945982 3.603168
6.177146 2.455039
8.869119 4.561541
12.000108 8.944762
15.159573 6.638359
12.240298 1.911377
11.485348 3.211879
10.518231 2.333813
9.151002 2.791479
10.381058 2.254214
7.990141 4.471917
7.539299 1.622189
12.071298 2.330795
11.746111 2.983993
12.121513 3.208719
8.332340 0.960799
11.421237 3.064282
10.941042 11.221545
12.608382 11.028027
11.117922 11.764545
16.966228 9.121339
17.885010 9.321472
9.576033 4.041619
10.867500 3.338894
9.581522 3.455353
9.813970 4.062935
12.475697 3.748976
12.476578 2.923504
7.832085 3.627462
7.636278 5.543890
9.638563 5.634723
7.590976 3.971321
5.482737 5.587636
5.022596 7.688961
5.743445 7.904933
11.963848 9.252385
9.075912 10.895813
5.771867 8.350212
4.989263 2.929768
9.810562 4.560708
9.406225 5.454611
6.663189 5.330864
8.478869 4.069274
8.613457 4.202082
7.176158 5.293656
3.864685 5.455627
6.302567 6.685143
6.104904 7.053507
3.660036 9.030148
6.255524 5.995024
5.723041 5.969051
4.194762 7.766726
4.203213 8.207793
7.359717 10.737327
12.171782 10.846120
11.988401 9.219660
14.615693 8.843146
17.877785 5.449052
15.773173 4.273979
12.804607 1.321594
11.283957 1.154245
11.327765 0.101713
12.692619 2.841470
10.596128 3.715558
9.567387 1.381359
8.806946 2.906713
9.574370 5.053923
8.749610 3.159083
9.164988 5.348767
8.977457 4.237291
7.089545 4.899504
9.480655 5.459177
8.427944 4.954060
8.332090 4.915636
5.736922 4.810701
4.123502 4.746547
6.294711 4.356071
5.646996 5.984807
9.959465 3.202446
7.101100 5.112790
7.077083 4.122299
5.609354 3.945974
7.855496 5.324376
7.742074 4.778038
8.650066 3.306907
7.644691 3.895428
11.449181 1.105337
10.446203 1.106321
10.053299 2.179822
8.399953 3.056132
7.407888 3.197886
5.811917 4.468095
7.113161 4.918147
5.243465 4.359685
6.418262 6.778011
4.522700 7.410655
4.669420 8.214059
1.966658 7.070422
5.620353 5.198922
7.414019 10.704200
7.926002 11.360792
6.446172 11.705487
8.633989 12.055284
10.385801 10.684192
9.577328 13.132271
7.216304 10.756320
3.860451 11.604223
4.188628 9.905370
6.299850 10.576641
4.325920 8.448290
-3.526424 -0.151659
-4.096874 0.881335
-4.579473 -0.361069
-3.911743 0.639990
-4.144049 0.202076
-0.434725 0.901660
0.502302 0.878933
-1.741575 2.603707
-1.527235 5.049813
-1.176633 8.062434
-2.037003 6.981923
-2.321700 5.029956
-1.781253 0.029058
-4.210850 0.333006
-2.502661 -1.572076
-2.938731 -2.016238
-3.795416 -1.363011
-3.863887 -0.033416
-3.907504 -0.516506
-3.217938 -0.034805
-4.347612 -1.151901
-4.067472 0.872454
-0.972967 0.399347
-3.043481 -0.429578
-3.403183 0.875438
-3.727547 0.935601
-2.763588 1.118245
-5.868985 1.203238
-8.083912 3.154816
-7.215158 1.172807
-6.551327 -4.959141
-3.376223 -3.705123
-4.579242 -3.249017
-4.126942 -0.135315
-4.142380 -0.597590
-4.433697 -0.052851
-2.811034 0.706147
-3.717752 0.175549
-1.996923 1.547160
-2.858262 0.770504
-2.604296 -1.893276
-4.049988 -2.597209
-4.563450 -0.554047
-4.197911 0.478288
-4.500398 -4.015183
-5.431078 -4.033401
-9.971833 -1.083432
-10.390836 -0.521007
-12.215204 0.496281
-8.863418 1.849686
-8.864026 1.267413
-8.861048 1.425599
-7.594461 2.088532
-8.833910 1.689937
-7.315128 1.192131
-8.918100 1.541072
-8.384485 1.866581
-8.903832 1.502777
-9.303132 1.706431
-11.429568 1.635005
-10.345652 0.517813
-10.606205 -1.282743
-9.971910 -1.863910
-9.010433 5.968323
-7.530186 3.445839
-8.606461 1.402503
-3.857485 -0.526352
-3.999779 -0.179888
-6.602086 1.185311
-6.943888 1.297844
-7.246803 1.192192
-11.650696 2.329146
-9.724625 1.042150
-9.442753 3.191362
-7.742548 1.323964
-8.536623 1.730153
-7.725952 1.132831
-7.171628 1.132226
-2.578518 -0.283895
-2.768942 0.414731
-2.861891 -1.406025
-3.497463 -0.310662
-4.519574 -1.176449
-4.285090 -2.364177
-4.549093 -2.416869
-3.296090 -0.772026
-4.454431 -0.450377
-2.341091 -0.762180
-2.203938 -0.475569
-1.903295 -1.587411
-4.652533 -5.018251
-5.215554 -4.776522
-3.110534 -5.090339
-4.541672 -3.594151
-3.574170 -4.231411
-3.878022 -0.798321
-3.739631 -0.112705
-1.568797 0.060597
-3.820553 -0.575863
-4.053812 -0.761211
-4.251473 1.126846
-4.924286 1.251761
-2.184943 -0.044598
-0.134970 -0.244993
-2.937570 1.006823
-4.192524 0.507076
-9.688560 4.136180
-7.904622 4.439797
-4.239339 6.336631
-4.204348 6.510073
-5.831110 6.766270
-1.952418 4.826197
-1.771244 4.778413
-5.113122 6.674897
-5.612585 7.361938
-5.004317 6.401765
-2.415012 3.409659
-1.647665 1.936320
-1.427637 1.746437
-2.918272 1.002972
-2.351497 1.251902
-2.218964 0.479326
-3.508907 0.308455
-8.224780 2.619111
-10.698772 2.682941
-9.826756 0.265814
-9.971899 -1.696357
-12.420542 -2.425843
-10.351500 -2.970500
-7.218092 -7.558176
-4.824917 -7.953269
-5.836838 -6.821337
-4.671577 -6.773522
-7.109185 -8.295218
-4.709349 -6.557321
-6.811912 -4.291873
-7.080638 -6.166943
-7.090723 -9.928240
-9.566842 -9.169721
-13.449352 -12.622415
-10.600992 -10.036530
-6.748186 -10.233693
-7.465082 -5.590632
-4.970483 -5.862158
-6.899564 -6.576869
-6.158112 -6.475624
-5.265932 -5.852708
-4.115188 -3.048309
-4.640209 -5.072364
-4.272678 -4.323170
-5.178757 -4.473774
-4.332573 -6.610109
-4.304611 -5.885623
-5.113457 -6.052847
-4.631449 -4.134487
-5.339737 -4.708892
-3.951959 -5.892176
-7.631598 -6.095230
-6.724109 -4.744710
-6.341935 -5.081503
-6.530344 -4.675640
-7.535750 -7.664067
-4.038033 -3.308762
-3.720385 -2.738523
-3.714156 -3.024163
-4.490640 -2.705103
-4.352503 0.912927
-2.944692 -0.732372
-2.683990 -1.955135
-4.116410 -1.082551
-3.373228 -1.521158
-1.834328 -2.305333
-2.929685 -1.573721
-4.239544 0.244058
-4.272832 0.878341
-4.242661 -0.234622
-3.841891 -3.806801
-5.143974 -4.618655
-6.278875 -6.835474
-5.750024 -5.703935
-6.974491 -5.780460
-7.761939 -4.771859
-7.051138 -6.849369
-5.937654 -6.902892
-6.400431 -5.028557
-5.770932 -9.952224
-9.121838 -10.916267
-6.283137 -8.250163
-13.991583 -8.403352
-13.089661 -7.539796
-13.048147 -4.581589
-13.535957 -4.860390
-13.781982 -6.661816
-12.672679 -1.575659
-12.464277 -2.901761
-9.996851 -1.504232
-12.451885 -1.248939
-14.144364 -2.839707
-10.131067 -0.317689
