8.437792 18.690125
9.556768 12.475294
7.229162 11.312838
4.781374 9.632841
7.043758 11.212190
-0.767352 8.432967
5.868477 6.607100
6.782318 5.166829
7.290730 5.150213
5.975235 5.821466
6.352100 4.988799
5.877469 7.524344
3.491543 6.834930
0.722382 2.877884
-3.820296 -1.039081
-4.492756 -5.794183
-6.113712 -5.086970
-6.320647 -5.854551
-6.477220 -7.017239
-7.508495 -4.921609
-6.949910 -6.564282
-7.310613 -6.227205
-6.588004 -4.860578
-5.330544 -5.795155
-6.306915 -7.024555
-4.442154 -6.832478
-7.633389 -6.586593
-8.084454 -10.186854
-10.270309 -10.938041
-8.375523 -8.809345
-9.150787 -9.108891
-16.722013 -10.243793
-11.113074 -9.511826
-7.110719 -7.706776
-7.370363 -5.945153
-7.400583 -9.805089
-8.039124 -8.028352
-9.061657 -8.099693
-9.205814 -10.169017
-10.043588 -10.173881
-12.038686 -8.069606
-13.949003 -11.081809
-15.238987 -9.104186
-18.070660 -15.602067
