-4.786982 -7.075498
-5.980404 -7.040353
-6.406673 -4.704758
-6.527234 -7.113924
-8.156204 -10.532055
-12.086815 -9.482022
-9.336519 -10.323588
-5.280378 -6.243675
-5.970995 -7.609529
-4.990209 -6.062548
-5.195209 -5.303524
-5.862292 -6.417187
-5.918242 -6.680488
-7.043971 -6.018890
-6.902917 -5.221001
-7.763972 -6.194248
-7.901794 -7.736033
-6.258181 -8.723868
-8.397858 -9.597812
-8.335003 -8.612063
-16.148788 -10.189912
-13.489998 -7.935338
-12.959394 -3.113804
-13.425037 -3.588929
-13.198618 -2.320161
-10.991913 -1.111805
-10.664038 -1.197076
-12.878164 -0.759853
-17.981033 -12.209119
