-15.750591 0.515193
-8.209097 2.606904
-10.371690 1.853155
-6.471257 -0.085976
-6.077206 0.562732
-6.545831 -0.248189
-4.453978 0.360635
-1.887948 1.250947
-1.810263 1.899417
-2.546841 2.980251
-1.975479 2.249817
-2.666455 1.254349
-2.864396 -0.093062
-4.645419 0.899341
-7.886074 0.068768
-4.906964 -1.048826
-3.136867 -0.747635
-6.287227 -2.555947
-6.576983 -2.186883
-6.815830 -1.000587
-3.506133 -0.202006
-2.662385 1.501500
4.213120 -2.868813
2.775161 -5.888839
7.156190 -6.214064
6.827210 -7.833855
7.480676 -6.064693
7.799348 -6.612793
11.526417 -7.508877
