-1.886974 -6.716026
1.765588 -7.235074
1.554968 -9.266771
2.716049 -10.751761
2.546784 -13.586809
3.113400 -15.597268
7.013151 -13.250585
6.808151 -14.365038
10.003564 -12.773313
8.804156 -8.027659
9.487679 -9.829093
8.471161 -11.721423
9.424110 -13.933124
8.921406 -10.315843
12.436000 -11.484662
11.343495 -15.089347
5.709814 -13.604126
6.356214 -13.290856
4.076851 -14.717161
1.053392 -12.559102
2.225434 -9.724378
2.768193 -10.990336
4.878750 -7.583277
4.123392 -6.772673
7.875226 -10.825023
8.764544 -11.551187
8.048720 -8.092800
8.339758 -10.106586
9.093642 -10.325867
8.031241 -8.263648
5.201108 -6.591487
1.089613 -7.312851
2.702812 -7.848365
3.513410 -7.643693
0.974799 -9.202657
1.063868 -10.354846
0.129335 -12.543818
1.997299 -11.631516
2.252610 -10.480718
2.752259 -6.688886
5.120457 -6.810239
2.327547 -7.327502
4.090163 -7.284390
0.800524 -8.361394
2.045799 -9.872544
0.947539 -8.899800
-0.451051 -9.497588
1.643269 -7.902163
1.932262 -9.219812
1.171797 -7.655134
8.520546 -7.604078
8.189173 -7.192809
9.034575 -10.487159
10.754929 -10.540080
8.028667 -11.621272
13.707547 -10.682499
8.536260 -10.513022
8.843266 -9.135676
8.541722 -10.602798
8.260532 -12.270862
8.396500 -11.043334
13.245592 -10.623676
9.404701 -10.606208
17.201132 -10.997274
