12.044739 16.236015
8.585852 11.220222
11.318483 12.449246
9.273805 11.009209
11.865727 11.981100
11.046086 11.396016
8.408616 11.145166
11.241135 13.006154
13.841367 10.060602
15.087892 11.348917
13.056597 8.866747
7.888521 3.049375
9.094208 3.732399
11.437068 2.725565
10.077456 2.773670
9.201504 4.884596
4.988523 5.664658
7.866826 3.071396
7.938167 3.050387
9.414732 4.249732
5.879491 5.261016
6.154073 7.239058
5.779528 10.368386
4.518852 10.006530
6.039169 5.930254
7.133224 5.144959
5.123755 5.567880
6.925954 5.359317
7.971716 5.319318
8.697896 4.397183
7.753839 4.848368
7.858611 2.482420
9.625146 3.213321
13.637062 3.765472
13.435676 3.123581
15.040087 3.247955
18.379482 4.550786
15.549294 6.447735
15.304421 11.587630
13.492027 10.174013
9.036814 4.807218
10.194506 1.378981
10.536734 3.345787
9.575238 2.866376
10.556216 3.419591
10.359575 2.647944
7.360995 4.211250
6.189895 4.372949
8.827032 4.793481
16.955036 6.223360
14.857607 6.793642
12.074960 9.306267
12.644360 8.818100
13.340338 9.770728
16.500387 6.590566
14.004560 3.200036
12.998912 1.217124
14.330598 2.757495
9.994125 1.123543
8.860519 2.181231
9.442045 1.561457
9.720755 4.010915
9.345300 11.138939
7.501923 11.829105
6.553463 10.859564
8.371330 11.652803
4.441089 9.697223
7.364046 5.514711
8.793390 4.715054
9.026758 4.178163
12.109077 9.195046
15.235289 6.676121
17.302092 11.539083
18.698589 13.198983
15.680307 7.863966
14.462866 1.672478
13.736134 2.113269
13.495109 3.285754
6.415327 2.912650
8.471746 5.571243
8.772214 5.075585
9.333576 5.604580
6.945383 4.973999
2.381587 7.492748
3.833547 7.759743
3.601493 7.223498
3.675993 5.800615
5.875330 5.397584
8.810052 5.469432
8.822783 3.157695
8.614855 5.192982
8.103849 4.860435
8.620801 3.905031
7.438036 3.638157
6.489956 3.412418
5.915899 7.879897
4.302091 6.058823
3.132865 6.872894
5.174913 10.702962
5.696055 9.855900
6.460210 7.267711
6.000189 5.664166
3.460435 -5.016422
5.031451 -6.280179
