-10.713020 -11.567861
-5.071228 -7.558973
-7.821513 -3.912180
-7.426512 -5.153390
-7.569771 -9.305463
-9.113502 -8.238224
-10.002247 -8.703294
-11.034212 -8.973986
-10.030628 -8.532887
-9.132506 -8.307006
-7.004086 -11.649825
-5.632999 -8.701936
-7.858935 -7.988066
-9.419090 -9.228555
-10.023278 -11.348248
-9.377979 -8.045163
-6.448142 -10.556800
-6.425193 -9.051181
-7.290540 -5.390470
-7.659851 -6.130589
-6.617410 -3.956670
-4.786205 -6.251198
-4.580025 -5.751743
-5.511881 -6.381782
-7.710511 -6.488071
-7.754195 -10.575727
-9.345055 -8.030898
-11.809083 -8.694266
-11.209490 -9.096982
-10.500690 -8.489457
-18.283743 -7.351933
-14.145936 -7.717361
-13.457615 -6.615071
-11.847045 12.254504
