4.996834 -6.780120
4.335250 -8.016721
4.183905 -7.084597
3.641180 -7.188828
0.956580 -5.903349
1.411262 -12.214904
1.358901 -12.672830
1.612251 -8.894474
2.263471 -8.098271
6.740323 -8.184581
11.750019 -14.863351
8.928077 -11.912610
10.349065 -10.009583
9.825991 -11.240540
8.607520 -11.462502
8.773022 -9.002826
9.431239 -8.704675
8.311010 -9.726872
10.213975 -8.809916
8.265266 -9.808043
7.511161 -7.488884
1.670273 -7.032420
2.459055 -8.641221
2.283290 -10.329458
1.891498 -10.868958
8.135728 -7.942806
5.147268 -7.839551
0.800836 -6.931797
1.159890 -8.595638
1.667207 -9.144942
0.279608 -9.104479
0.068997 -7.805142
1.861787 -8.421474
-1.406995 -11.462216
2.773315 -10.868571
0.252639 -8.641432
2.567237 -14.508176
6.025002 -14.162543
8.573114 -14.667433
8.265731 -11.719979
8.948547 -12.807147
10.855646 -6.894870
8.616055 -6.157025
6.526420 -7.300533
5.345877 -5.132400
5.523029 -7.446275
4.144935 -7.284112
7.424666 -6.712757
2.822103 -6.156206
2.727103 -9.676223
2.152947 -9.240958
0.456086 -11.855134
2.792742 -11.545854
2.467018 -10.953769
1.781270 -8.160629
4.200157 -7.863771
4.224051 -7.565334
5.401088 -7.875823
7.748298 -7.306502
7.617948 -6.497939
11.677763 -15.739438
8.706313 -10.512446
7.994787 -9.382996
8.605034 -10.114722
7.825538 -15.157189
9.317049 -6.289392
11.895754 -10.566350
9.014189 -11.317496
9.700355 -13.053950
9.552841 -9.545580
8.739699 -12.256846
10.112235 -10.709087
9.281031 -8.399621
10.236514 -10.210748
9.495873 -9.821275
7.848026 -9.460526
8.831606 -10.755784
7.959411 -10.819665
9.600306 -10.378068
9.000844 -9.320694
2.820094 -9.901505
1.937168 -13.055631
1.622828 -13.112610
2.029702 -9.500089
2.357614 -11.352477
1.085285 -12.092949
-0.183941 -11.884917
5.440613 -14.383156
6.507708 -13.504992
3.540708 -13.209319
6.155121 -13.686587
2.670062 -14.327802
0.626574 -12.123576
0.606873 -12.581698
1.273198 -12.581262
5.548698 -15.150950
11.602849 -11.131400
8.942892 -12.118890
10.513293 -13.061621
7.917164 -10.438588
-1.429078 -8.875248
0.282979 -8.379666
2.821058 -11.543329
1.061337 -9.692458
2.727574 -10.644113
7.811047 -7.611468
4.945859 -6.797607
3.958499 -7.836685
1.416430 -8.315733
1.849445 -8.919862
-0.569255 -14.221013
-0.819136 -11.340953
1.264852 -14.199832
6.073865 -13.505488
2.455907 -14.067140
2.370436 -11.032115
1.329188 -11.054274
1.058363 -8.487489
2.175863 -10.854800
2.417445 -13.026398
3.516413 -14.321679
6.688508 -13.422010
11.232730 -16.204155
8.773387 -10.987721
8.215494 -8.134765
5.779280 -5.808758
3.339895 -7.382220
0.295288 -10.791888
1.601160 -10.531194
2.370261 -7.665562
4.149424 -8.141043
3.416009 -7.486024
0.865878 -7.681039
1.697642 -8.667613
1.946404 -9.872437
2.383941 -11.010049
0.295067 -10.949193
