-2.655085 -0.442194
0.932064 -0.332665
2.947042 0.911380
4.415794 0.215016
4.493976 -0.498226
5.099717 0.722780
7.157875 0.528671
1.939591 -1.620786
5.278617 -5.737335
8.159379 -6.791478
7.803195 -5.591562
4.401729 -7.049556
4.849422 -3.264452
4.597568 -0.900243
6.494632 0.744195
9.300285 1.489620
7.348256 0.659352
7.632442 0.879738
8.093805 1.162933
8.197388 0.423222
8.553389 0.963862
7.723575 0.282759
5.088626 -0.078405
2.856695 -0.850257
6.381444 -6.842325
7.123747 -5.266250
7.368273 -5.690930
13.817622 -7.829825
19.315300 -7.125471
