-1.507460 -13.254960
-3.449730 -10.071972
8.945406 4.545266
7.710570 3.276074
6.960069 5.162118
6.044591 4.485281
5.724542 5.743261
6.332729 7.744554
5.877495 7.595930
5.137331 9.286036
5.413092 6.557874
6.214602 7.626975
4.777331 6.052009
7.386163 4.641873
13.296247 2.355163
9.092960 3.444329
10.816277 2.996530
9.925993 2.987506
12.179409 2.207327
11.141582 2.024327
8.017345 1.897699
11.823685 3.303689
14.164091 2.498403
14.473200 3.316674
11.045315 2.738752
4.099909 7.151778
5.205492 6.840797
5.739557 4.852591
6.453852 8.063202
6.015418 12.973920
11.254812 17.100910
11.604215 10.079083
12.847990 12.062170
16.063213 7.303318
15.076111 5.778709
15.847721 3.427424
18.117857 2.469413
15.808285 4.771970
8.940673 4.924839
10.087892 2.633182
8.692524 5.001238
5.766492 3.815332
5.839341 7.584359
4.028822 10.843545
4.641651 11.353267
3.615372 10.098581
4.198827 6.747022
4.028180 6.705489
7.911240 4.302737
7.577217 5.255575
9.704397 4.194228
6.970371 4.055382
7.475479 5.646018
6.174223 4.995270
5.243237 6.694374
6.492622 6.365476
6.408498 4.628005
6.992928 3.462799
8.758111 5.032359
7.918318 4.021022
8.886406 2.544742
9.161306 11.009360
10.604862 11.681034
12.922825 9.964128
11.918587 9.352140
16.577545 9.939899
15.794855 4.951752
8.239785 3.906281
7.825212 5.570105
4.736360 6.748655
6.294787 5.571216
9.161239 4.875916
9.899467 3.047766
13.064780 3.306426
16.058758 3.349621
15.177938 4.380623
11.849548 -0.119280
10.783771 0.829734
10.826892 3.737619
8.730042 3.317121
6.086884 4.484102
11.000956 2.348828
10.561796 3.671028
9.767124 3.989776
5.190491 5.489667
5.701639 5.661255
6.298643 7.678494
11.794529 10.764646
13.574853 10.192019
8.200129 2.730828
10.216326 2.296830
10.851206 3.712537
11.925545 2.698573
10.532348 2.818147
11.131236 2.811705
12.145281 2.528911
9.337928 3.505773
9.809194 5.055857
9.477951 3.527236
6.729390 2.434192
8.788908 5.555934
8.739758 3.556765
5.088666 3.980721
5.721896 8.543518
6.402687 9.917027
3.863263 9.217812
4.112085 7.801520
8.973627 5.455682
6.358610 5.703345
5.658024 6.622865
5.151952 9.666919
7.694638 11.789701
7.235250 12.086058
5.602298 9.527852
6.726836 4.009514
5.922387 3.780375
8.467040 3.873640
10.585516 3.042809
8.650850 0.184065
8.367009 5.042678
8.649055 5.486622
14.290299 3.650205
12.895576 2.175460
10.583782 2.199162
15.021724 3.651531
12.889519 10.458330
5.820718 6.387708
5.955685 7.510867
5.330995 9.821504
4.465136 7.137244
5.966404 8.450729
7.018550 12.432760
8.865622 11.759143
6.695354 10.667449
8.494199 12.267235
8.216008 14.793576
3.920320 12.121713
6.298738 7.260289
6.425653 6.233774
6.344991 10.167387
7.508525 5.403011
7.417642 3.062444
5.551208 4.005268
5.660892 5.981010
7.194105 4.317753
8.873509 3.246032
6.179063 5.069738
9.466394 3.123653
11.742856 9.872464
15.653061 11.942076
12.231555 12.063148
11.034082 11.988413
11.655502 12.276132
12.347059 9.891685
16.934580 11.991484
14.886982 15.914845
17.228596 15.116546
15.290295 11.599411
18.007914 8.138897
