17.259691 5.208099
15.828089 6.720854
17.527231 13.483091
17.026018 4.490525
13.255664 0.348347
9.461937 3.587516
9.667414 4.154801
8.555017 1.523548
11.689401 3.743124
10.460964 3.588858
12.861692 3.731027
10.698448 3.668308
10.399267 2.395452
9.649359 4.215966
9.488604 5.116190
8.664769 2.930353
9.925097 3.385374
8.201591 4.739927
9.244011 5.643423
6.645079 4.287169
9.400307 5.612145
7.095504 5.653112
8.184650 5.397089
7.061301 5.211387
4.836364 3.389105
6.138337 6.317015
6.199212 7.614595
3.689424 10.905007
8.994701 11.025586
8.966269 11.446549
5.980276 10.684043
4.173022 11.821109
6.459475 7.428083
12.869198 8.793223
8.258492 4.562155
5.918539 7.253268
12.164421 9.890100
16.601051 6.285920
15.313101 4.359184
13.759811 2.888028
15.253906 10.532758
15.779230 5.286981
11.635055 8.816159
6.455370 6.226755
9.334746 4.713154
5.523441 5.948733
8.839228 5.609337
12.701582 3.371357
10.786554 3.719009
12.389388 2.523722
10.961116 2.334093
10.907195 2.919604
7.697940 2.678492
8.659702 2.600804
11.656250 9.092154
12.274837 9.815741
13.363201 12.805949
10.651661 10.816622
15.602570 12.922573
12.151420 8.793471
13.485608 2.200907
10.641577 3.452453
9.722705 5.050454
8.599928 3.679118
10.476065 3.014505
9.036200 -0.149642
9.841608 5.534015
7.311774 4.026193
6.038292 6.068120
5.222104 8.506967
6.158965 8.798566
6.517780 9.356552
8.582897 4.607779
9.188703 3.520894
8.463466 5.068397
7.467809 5.374674
8.510335 4.240305
9.117655 3.808211
9.734238 5.602467
5.458087 6.667989
6.229476 9.008740
13.016405 8.962505
13.279810 10.272645
15.466434 9.772559
11.749814 9.028177
13.836436 10.112960
11.589016 8.821680
6.373542 6.259457
5.939638 7.509924
6.458749 9.081747
6.334879 11.626305
7.982516 5.524945
9.786829 3.057597
10.224655 3.697204
9.952887 3.023802
9.303658 4.492268
10.042959 3.512055
7.484102 2.752519
10.534969 3.358438
8.259500 3.623710
5.848156 4.785926
5.502679 5.562079
10.101015 12.550176
8.612020 13.503179
12.233795 9.553502
11.449305 11.144300
11.634740 11.637116
12.278582 9.309530
12.197662 10.825393
12.037563 9.319693
11.694558 10.042502
12.948633 11.308827
10.041294 12.157803
10.872709 12.062613
10.797309 12.610778
13.578814 13.508588
12.049416 9.290795
14.912209 9.590999
12.080121 9.062264
8.224722 4.858575
4.205070 5.173828
4.376826 7.736118
3.627540 6.349240
2.995860 6.522731
3.917172 9.142994
5.300007 8.470125
2.572896 5.496518
7.186186 5.640065
6.505408 4.274960
5.330767 6.189139
6.889648 5.066929
6.366571 3.958433
7.752083 4.537124
5.071806 2.706654
5.374246 6.867329
4.422338 7.381356
6.076927 7.304194
7.928859 10.771905
6.183656 10.784507
1.382720 8.619887
6.716336 3.685502
8.173573 4.970417
8.890789 5.267094
9.697432 2.674628
8.315554 2.199060
9.237773 4.659132
9.401390 2.443219
11.197744 3.124231
11.144082 2.946747
8.805395 4.203988
8.579401 1.850164
9.850975 5.231870
7.606534 5.551507
7.409347 4.887971
8.985481 5.052823
9.582883 4.025714
10.044100 3.540837
5.698062 3.542981
6.179682 6.177415
4.702427 5.441081
8.571369 3.993509
7.485298 5.361322
4.468981 5.656926
-3.270267 9.529679
-5.630521 10.368218
-12.412323 9.852249
-14.114457 8.062907
