-0.052699 12.433247
-2.243273 10.297988
-0.970046 8.254593
-2.477988 6.784475
0.171890 4.396911
-0.631384 3.753159
-1.898495 2.770425
-2.638293 3.197882
-2.358666 2.691242
-2.931417 2.560763
-2.335958 2.119607
-3.378495 0.464859
-3.970195 -0.820602
-3.345253 -2.105596
-4.159354 0.179301
-3.694123 -2.335452
-3.652070 -2.567127
-3.237828 -2.645683
-3.464371 -1.437105
-1.267666 -1.510118
-2.718176 -3.288653
-5.252363 -4.910594
-5.025498 -3.974522
-8.174392 -5.684636
-12.531260 -5.110878
-13.282867 -3.246706
-7.620005 -5.204455
-5.955575 -5.387128
-6.771440 -6.969728
-4.347233 -7.162452
-4.567949 -3.804869
-3.322349 -3.406313
-3.610637 -3.251298
-5.005374 -4.307354
-5.117279 -4.193841
-4.594600 -5.497599
-2.870159 -2.183702
-3.939257 -3.368417
-4.405588 -0.674318
-4.242229 -5.257975
-6.476380 -4.798336
-7.960529 -5.247514
-5.302698 -4.902401
-5.218946 -4.515432
-2.817292 -2.364147
-3.610084 -2.018534
-4.319838 -1.501595
-3.653800 -5.381167
-4.224901 -2.516761
-4.122218 -4.878486
-6.097913 -4.631533
-3.611728 -4.060722
-7.206378 -3.910363
-3.089901 -4.473515
-3.941475 -1.297818
-4.556812 -2.368658
-3.831244 -5.461884
-4.221232 -4.336782
-7.677291 -4.981724
-7.772270 -4.414478
-8.731356 -4.370545
-11.492819 -4.812760
-17.314985 -9.786587
