11.326583 8.763823
10.541842 4.806961
6.111999 2.655828
3.528188 2.043068
1.996626 0.930187
-2.449194 0.099058
-1.937824 0.029753
-2.091418 0.715436
-1.894365 -0.489964
-2.306715 -0.514902
-4.112044 -1.996401
-3.962717 -2.285736
-4.394597 -2.456795
-3.971614 -2.875837
-2.859670 -5.165526
-5.984733 -4.622137
-5.435867 -4.101334
-5.240212 -5.131124
-3.610582 -4.462451
-5.519365 -4.130498
-5.675021 -6.489368
-5.731284 -4.379639
-6.635328 -4.527011
-7.874798 -5.471262
-7.516082 -3.925888
-10.158312 -5.363662
-9.673386 -3.144274
-9.899376 -0.792366
-12.611057 -1.069022
-11.483107 -0.053397
-10.210655 2.570909
-8.978169 2.478733
-8.583865 2.316341
-12.698267 2.495425
-19.482607 0.111249
