10.283895 -9.614944
10.945075 -10.235254
8.308170 -11.507106
8.471048 -9.099328
8.967616 -11.547269
8.761539 -8.439266
9.481715 -15.765127
8.392257 -15.296168
4.582061 -13.291761
5.612908 -13.961188
1.465067 -14.946954
2.621846 -12.354633
0.239139 -8.653112
2.184617 -8.602572
3.705525 -7.417550
4.668570 -6.238136
2.492274 -8.279837
0.924121 -9.653484
1.605375 -12.121430
0.304049 -10.339597
2.686182 -8.832389
2.427682 -8.385112
2.362638 -8.259381
2.913299 -6.177536
1.266967 -9.273534
-0.524231 -9.205230
0.569248 -8.939425
2.856639 -5.587132
3.467097 -7.496367
6.029974 -6.053385
8.885546 -11.419374
8.825183 -8.009830
8.547392 -9.620155
7.896913 -11.850893
9.505594 -10.516576
9.783564 -13.268435
8.520065 -15.189908
9.606675 -10.694978
8.025949 -11.753993
9.147174 -15.127506
4.761055 -13.290231
6.659854 -16.753891
4.599964 -15.205984
2.100041 -13.294871
1.001720 -10.826505
1.717752 -11.030892
0.155233 -10.010475
3.059809 -6.558081
1.997134 -8.917655
0.635874 -9.093276
0.417048 -11.864875
1.264312 -14.446221
1.558336 -11.517030
0.377593 -12.013806
0.685175 -11.054102
1.720062 -9.843016
2.712560 -11.810697
2.068433 -9.399863
2.582778 -9.902340
-0.784316 -11.773246
2.654510 -8.879933
8.590691 -10.671981
7.896544 -8.259698
3.930279 -7.126800
-0.656501 -11.631250
0.494849 -11.282206
1.655106 -13.705039
5.287922 -13.622051
3.324313 -14.006038
7.616222 -13.620592
10.204248 -12.543109
8.958325 -13.174584
5.521084 -13.496463
2.755485 -11.158513
1.679125 -10.737985
2.414651 -9.199119
-0.930065 -7.816538
0.530152 -10.695907
-0.501248 -9.950783
0.588983 -11.114839
4.424911 -18.020336
5.167090 -13.898019
1.920025 -10.435856
2.832249 -12.225810
1.216645 -8.956815
1.286736 -11.647176
2.014562 -10.288539
2.448569 -6.562580
3.935178 -8.031458
0.522367 -9.320333
-0.184753 -10.030732
2.559950 -9.730546
2.711284 -8.542597
1.153188 -9.999485
0.362530 -13.429460
1.435581 -11.835958
1.913828 -9.552072
2.605857 -10.001481
1.873141 -10.930690
1.994196 -10.264222
0.930971 -12.108903
-0.770395 -10.389913
1.152033 -15.604584
6.894371 -15.041249
10.407242 -9.440898
8.114088 -8.958577
8.969748 -13.328599
9.799216 -14.218302
8.017781 -11.891740
9.245185 -12.828999
7.323331 -14.822716
5.149381 -16.709745
3.825804 -14.349165
5.945078 -18.630770
8.988417 -13.238050
5.018162 -15.415944
0.778015 -14.037352
2.292589 -10.720281
1.522808 -13.826317
-0.603133 -9.104848
2.644460 -10.808169
0.805700 -10.968406
1.959583 -11.525297
0.513865 -8.889282
0.577647 -9.465459
-11.658769 -8.436958
-18.205160 -9.279569
