-19.956549 -0.356900
-12.154144 4.331512
-8.995150 3.787186
-8.872717 3.512800
-8.364583 1.208489
-8.901175 1.639211
-8.524130 1.380375
-11.025160 1.146594
-4.377761 -0.124623
-4.120035 -1.358610
-3.954765 -2.787694
-3.479215 -3.054893
-4.202757 -0.560414
-1.754730 0.253648
-1.202719 0.285363
-1.469033 0.148206
-1.387389 -0.024519
-2.520390 -1.375544
-2.358159 -1.186535
-4.426473 -2.311635
-3.002551 -1.717540
-4.272480 -2.447166
-3.712378 -0.754411
-3.551657 -0.372132
-3.170076 -1.215320
-2.910658 -1.158031
-4.133758 -1.914160
-3.840554 -3.268640
-7.229964 -7.721718
-8.890301 -4.259327
-7.173816 -4.260859
-6.667828 -5.796376
-3.847412 -5.207469
-2.525638 -1.518335
-5.264071 -6.101347
-2.826708 -3.835863
-6.646305 -4.355625
-5.452519 -4.520397
-1.193951 -3.149315
-3.257062 -2.806639
-2.388308 -1.946005
-3.498219 -0.959970
-4.224401 -2.146546
-3.057548 -3.718598
-3.883914 -4.246796
-6.627791 -5.625255
-8.094347 -6.279783
-8.025146 -4.529257
-10.029551 -6.104183
-10.611006 -1.859853
-10.404819 -1.285956
-11.706904 1.854720
-9.633121 -1.611626
-10.711143 -4.163867
-7.691466 -4.898067
-4.887663 -4.326173
-6.206706 -7.826230
-6.430404 -6.520646
-5.715743 -4.742422
-7.569745 -4.137681
-7.072310 -4.675537
-2.603695 -4.050120
-3.051640 -4.913126
-2.852141 -3.061095
-3.049069 -3.142842
-3.721112 -4.118632
-5.638111 -3.919783
-5.781533 -6.123764
-6.139642 -5.217325
-4.868247 -8.458844
-5.505936 -6.275787
-3.112721 -5.504984
-4.058084 -3.947528
-4.252223 -1.738660
-3.880079 -1.467611
-4.365108 -0.458999
-3.779431 -2.401129
-2.663773 -2.583617
-2.430373 0.526361
-3.738901 0.629530
-2.203573 -0.165506
-1.466613 2.640986
-0.587015 0.565310
-2.010271 -0.080425
-2.827907 1.665128
-1.724642 5.661427
-0.666739 5.556176
-0.755741 6.590980
-4.509243 5.981889
-5.941734 6.140017
-6.680884 7.423662
-10.521573 5.383359
-8.307531 5.451062
-8.686694 8.156463
-10.108960 6.166426
-7.680418 7.433663
-9.588182 3.480511
-8.361464 5.293064
-8.216204 4.165418
-8.616241 4.095771
-9.096041 4.381365
-8.972775 3.042650
-9.669746 4.872616
-10.848763 3.750284
-8.840866 4.001740
-10.505184 6.727884
-7.103848 7.213428
-7.515680 7.789586
-5.976661 6.077275
-7.004061 6.825418
-6.287816 6.853029
-8.571930 6.392804
-7.672280 6.406543
-5.892521 6.247905
-3.876842 6.026177
-2.535054 6.678184
-2.565776 4.324184
