17.650833 5.230423
15.054280 5.073081
10.993832 7.204581
4.734757 7.401336
4.296785 4.281788
-1.203230 5.285016
-0.605511 5.802320
1.093524 4.142656
-3.101110 5.987444
-0.245146 4.897256
-3.270630 7.416700
-2.143315 8.916000
-1.007663 8.077320
-3.348124 7.223969
-2.753140 9.050124
-0.861329 8.701553
-1.191843 8.672777
-1.360724 6.083620
0.645975 3.841775
0.462525 4.655290
1.949253 5.698970
0.679493 5.534626
1.290929 4.859724
1.803287 4.555171
2.170422 4.279919
2.278884 5.164706
1.676675 4.844970
0.688509 5.401909
2.753843 4.439888
3.626993 5.800345
-0.228449 4.078845
-0.352781 3.801999
-0.555701 4.756032
-2.088521 5.683453
-0.775190 6.875716
-0.940649 8.773643
-2.301206 12.110612
-6.836329 12.932808
