15.349949 15.916575
5.487534 10.590604
2.821957 15.038305
2.086006 11.787797
1.873902 11.041985
-0.487145 11.971411
-1.396546 9.899015
-1.175753 6.120665
1.711367 3.885707
0.394040 5.696349
-1.915663 4.993144
-1.137791 8.072915
-2.418364 11.573967
-3.402740 9.703408
-1.879038 5.606574
1.044392 4.359135
4.266661 5.674197
5.849269 5.666150
2.507189 5.398708
0.995931 5.675557
1.613207 5.781943
-2.186225 5.000922
-2.894672 7.072941
-0.761443 8.617497
-2.663654 8.497023
-1.534651 6.277780
-2.484777 7.102765
-0.943126 9.935308
-1.033042 8.432010
-0.701615 3.913155
1.421042 4.462914
-2.695375 5.907950
