13.284749 10.947340
5.211635 9.692805
3.190458 13.283666
1.148723 11.810259
2.609341 11.736512
1.213004 12.577271
-0.244583 11.579183
-1.333426 13.032058
-3.115687 14.414334
-0.959910 8.683204
-1.295280 5.190552
-1.093672 3.913013
1.080330 4.338592
2.528123 3.572895
2.550863 5.415055
0.555525 4.038828
1.674575 5.014438
3.969810 3.927322
5.006061 6.628060
4.515915 9.975903
4.771280 6.053552
2.769821 4.500387
0.938113 5.928428
3.390685 4.729179
3.857907 4.686825
6.074477 6.196465
5.037505 7.045108
6.371077 8.033274
2.667892 10.991135
6.583757 11.983099
6.107614 12.408525
4.457489 6.419483
5.943187 7.644258
5.447243 6.564827
4.922969 9.913457
6.079992 8.671689
8.718988 8.963631
4.499732 10.274733
4.801366 8.524468
7.097786 8.800727
10.935701 8.251735
7.655316 4.922805
5.592317 5.947518
5.543926 3.436269
2.308014 3.812174
0.414203 5.679410
-0.884130 9.658410
-1.980918 8.881185
-1.810183 9.126918
-0.909514 8.537656
-1.039250 9.336343
-1.611810 8.550883
-1.061619 7.440363
-1.708512 8.231763
-0.704447 8.930508
-3.191785 8.261411
-1.488974 8.512128
-3.133770 11.472215
2.730046 10.979570
1.287992 11.856011
1.498019 11.456474
0.976431 12.928510
-1.238500 11.088935
-2.555453 7.047494
-2.307853 8.524935
-2.110157 8.706818
-2.355152 7.120961
-0.415451 12.524469
-2.399913 14.301019
