-8.217094 19.762289
-5.830437 10.726970
-4.448738 7.775409
-4.668748 6.238492
-4.504436 7.045854
-5.914607 7.229166
-5.909356 6.280888
-6.620102 7.245171
-6.078392 7.096774
-2.731488 6.813472
-2.637666 4.348234
-2.525012 4.225841
-1.996404 0.916281
-2.909856 2.032599
-1.567254 2.955508
-1.950603 -0.148083
-4.273863 0.901704
-4.558032 -0.804769
-1.801619 -2.792002
-2.530195 -3.845307
-7.436422 -3.990386
-5.639679 -3.953384
-5.471858 -4.260664
-6.765506 -6.066083
-7.256033 -5.695480
-8.229172 -4.887439
-4.361628 -4.516284
-4.562972 -3.655289
-4.541849 -3.160395
-4.508731 -4.932752
-5.235939 -4.567789
-3.466968 -4.006310
-3.192409 -1.312633
-4.073006 -2.421756
-4.066414 -2.116148
-3.093785 -1.917855
-2.126842 3.098690
-1.915240 3.012027
-1.956430 4.007629
-3.077476 5.290380
-1.107307 2.355627
-3.350602 -0.884363
-4.004962 -3.625556
-0.602868 -10.365197
-1.991301 -16.994434
