-0.149728 -0.615466
-2.912792 0.418872
-2.344957 0.405239
-4.222135 0.884381
-1.049273 0.897623
-2.418789 1.763687
-1.066884 0.424378
-1.928496 2.069721
-2.603146 7.773752
-6.097485 7.937438
-6.672682 6.531508
-6.485687 6.256602
-7.058428 6.302067
-6.334136 6.618058
-2.989731 6.549317
-2.932891 5.313384
-2.468809 4.175762
0.353932 2.756845
-1.260297 2.253749
-0.539142 0.927043
-0.305830 1.404047
-1.308522 0.996047
-1.221653 1.041046
-2.322948 3.617487
-0.515928 4.470715
-2.090879 1.714865
-2.560300 3.735931
-1.470548 3.704392
-2.965477 0.321986
-1.657284 -1.547617
-3.453525 -3.857629
-7.444639 -4.277916
-11.486973 -5.003582
-9.937210 -2.766661
-10.106891 -1.145406
-13.050198 -1.866242
-8.640690 2.283099
-9.410862 2.092536
-8.920040 1.958088
-9.541906 2.404226
