4.551094 -4.855975
3.777653 -1.142579
6.350075 10.470659
7.152177 12.585716
6.634178 11.189949
7.941526 10.323221
8.132809 9.697182
6.279965 12.217612
5.160187 7.909422
2.012514 10.495247
2.584666 9.025524
2.093170 9.714105
0.050449 9.110856
-1.661224 11.555698
-0.428828 11.695292
-0.358993 9.944224
4.992660 9.346340
7.683222 10.423189
5.216163 10.091502
7.149291 6.865108
4.571002 10.288518
3.112636 10.740603
2.724269 7.967551
1.486409 7.213848
1.708543 5.828594
3.148096 11.012880
1.518070 7.296429
1.124081 9.186440
3.431900 9.124706
4.178253 9.039039
6.821157 8.596193
5.807652 13.442979
7.134075 14.766994
3.787787 18.449831
