2.318359 0.615735
5.409738 0.224227
5.004129 -3.301507
4.590473 -1.597018
5.596853 -8.738050
5.649811 -10.844709
8.344629 -7.975320
3.480181 -7.865148
5.425636 -3.132371
4.465846 -6.093388
5.354932 -3.112516
3.868281 -4.193643
6.025424 -11.108693
9.013960 -13.868350
6.269282 -11.740977
7.339985 -11.033912
6.942799 -8.104664
7.407339 -8.043088
7.917717 -10.708606
4.915194 -7.033172
4.151799 -4.331003
5.205270 -4.435673
2.043224 -7.598822
5.970778 -5.732068
4.087873 -7.146564
7.095550 -10.425739
8.405581 -10.745761
6.613542 -9.215100
7.143303 -8.409095
8.059320 -8.184148
8.930044 -9.737359
7.846231 -8.404983
7.316427 -8.596532
9.363674 -7.833828
8.322829 -9.530738
6.738510 -11.862332
5.991038 -8.125115
7.335061 -8.786943
7.799286 -8.218003
4.238051 -9.567356
8.856413 -12.316184
6.673881 -9.928420
6.054955 -9.211712
3.969422 -6.432199
5.476927 -6.829016
4.201144 -4.292990
6.160568 -9.544321
11.744225 -4.233121
12.889279 -6.452860
12.924026 -0.962136
12.836174 -6.290925
12.435713 -7.080443
13.521322 -3.440795
19.040443 -3.522119
