-9.531397 2.903319
-11.301687 1.848597
-12.291414 -0.987596
-11.908688 -2.709193
-5.782013 -6.861769
-5.222749 -5.779811
-5.036478 -4.871266
-5.757610 -4.644531
-4.080153 -4.134757
-3.912036 -1.815215
-4.472412 0.832591
-4.297813 0.282852
-3.739837 -1.463915
-3.788041 -0.844564
-1.942401 0.379085
-3.064517 3.557000
-2.479827 5.332000
-3.947560 6.859453
-6.803275 6.393651
-4.885682 6.372468
-4.798860 7.671584
-6.064140 7.736205
-3.841831 8.867705
-6.928490 7.327415
-5.394475 7.458451
-3.938683 8.586856
-6.125576 6.684529
-5.153165 6.487724
-4.487319 6.157615
-7.634345 7.643049
-7.999079 8.776489
-8.714951 9.463872
-5.727262 9.513171
-7.248069 7.847232
-5.894727 7.542435
-5.790894 6.294294
-3.978356 7.296820
-2.855402 5.564543
-2.568765 5.738166
-2.920380 5.369017
-2.480337 6.745715
-3.299335 5.950964
-2.025125 6.167531
-2.808574 5.662745
-3.122181 5.120868
-2.332874 3.985751
-2.657153 3.404630
-1.158846 -0.481619
-0.763439 1.088950
-3.063952 2.064916
-2.508950 1.311161
-3.207077 0.896977
-3.383992 -0.884474
-2.749817 0.266589
-2.836272 -0.389660
6.268131 1.810808
9.239194 1.861878
