-0.860829 -2.930999
-2.226403 -2.173555
-2.936861 -1.604483
-2.613736 -0.175758
-3.375234 -0.787612
-4.488650 -2.570190
-4.561993 -2.920717
-4.263835 -2.432368
-3.353918 -4.189728
-6.111509 -4.819282
-6.572865 -4.279017
-7.601255 -5.619767
-6.359133 -4.441463
-7.336322 -4.121385
-6.677895 -6.079122
-6.283069 -6.447201
-7.347657 -6.770838
-6.533057 -4.231223
-5.636979 -4.568074
-7.568510 -8.026320
-9.559591 -7.604363
-7.696306 -6.293512
-8.810941 -4.420173
-12.447422 -4.053825
-11.554813 0.756570
-9.882188 1.630381
-9.098452 1.757238
-10.318378 0.262422
-10.108139 -2.594744
-10.549498 -5.258751
-8.258862 -5.434735
-9.342861 -4.500463
-3.657017 -0.843622
-2.546554 -0.062426
-4.137135 -0.003340
-8.926373 1.227919
-3.469444 -0.717127
-2.952123 0.813991
-2.740202 -0.272885
-1.490267 0.372093
-3.202132 0.119255
-4.175102 0.931319
-4.463992 -1.555384
-4.534512 -3.225849
-7.076641 -4.796402
-8.831636 -4.617535
-10.438912 -1.859398
-9.818110 1.539916
-8.578786 1.703239
-9.059359 3.393465
-8.496457 3.039844
-10.232970 -0.268701
-9.619169 1.191164
-8.261351 3.369158
-8.822205 2.062226
-4.039810 0.900397
-4.102942 -1.872899
-3.129126 -1.198331
-4.249811 0.251864
-1.608067 4.343870
-2.186968 5.405122
-1.371736 5.037638
-1.806322 1.608787
-2.788352 1.286593
-4.357829 0.576404
-2.361869 0.595521
-3.690813 -1.221241
-2.660577 0.462723
-4.049809 -0.457405
-4.337739 -0.750829
-4.061424 -0.896815
-4.359649 -1.626122
-4.475055 -2.386711
-2.379730 -2.851309
-4.788267 -5.505054
-5.172491 -3.950954
-7.431333 -4.501354
-2.846651 -4.402807
-3.544312 -4.951426
-3.447053 -2.032843
-4.224943 0.351313
-2.909408 -1.602157
-3.731492 -1.232703
-4.453310 -3.047117
-3.577056 -3.546806
-5.683287 -6.752053
-10.049393 -3.806789
-10.835300 -2.184638
-13.090376 1.121871
