-2.714322 -2.339032
-3.138714 0.851876
-2.044284 4.095934
-3.135789 5.243299
-3.006287 5.580242
-1.613630 5.302150
-1.163081 4.721071
-2.581487 2.584744
-3.343473 0.017072
-4.364400 -0.659091
-2.788445 -0.245042
-3.842198 -0.346100
-2.939836 -1.869328
-4.203844 0.708448
-4.272190 -1.042897
-3.978410 -0.940468
-2.753572 -2.554326
-6.066014 -5.333567
-5.174703 -4.412115
-5.575696 -4.832671
-10.290203 -5.955017
-10.591436 -2.576090
-10.472811 -0.806405
-10.909586 2.442308
-10.683373 0.088060
-11.255914 -1.752873
-9.896496 -3.305241
-11.275942 -4.941811
-9.470438 -4.811717
-8.725966 -4.619374
-11.190537 -5.660239
-9.995941 -0.758425
-9.874569 0.663182
-10.638189 2.694808
-9.028421 2.966763
-9.414040 3.280111
-9.401046 2.727346
-8.620986 2.963813
-5.492009 7.439402
-5.461875 7.635303
-3.103534 5.748482
-3.140667 3.062732
-2.906873 2.475979
-2.322097 1.446146
-3.066153 4.521201
-0.414031 4.857162
-1.935594 4.368318
-0.517055 5.340063
-4.208888 6.209690
-7.578092 7.386919
-7.561368 6.200863
-7.919299 7.353750
-5.673715 7.690169
-6.946945 7.400781
-7.257670 7.039468
-7.569606 6.719146
-6.396568 6.181766
-5.309084 6.347678
-7.126463 7.965177
-6.380201 7.228758
-7.531261 7.778791
-6.812201 7.604184
-2.966589 6.878573
-3.867725 6.264921
-7.194016 8.485678
-9.442900 8.597655
-12.366297 10.067267
-8.903821 10.203540
-4.158320 6.771898
-7.054048 7.863868
-2.975942 4.959317
-2.861523 4.389284
-1.350309 4.863839
-3.238051 7.308937
-4.669325 6.900902
-6.897874 6.155039
-7.219369 7.303567
-7.132488 7.065541
-8.034092 8.733972
-6.822857 8.934780
-10.242174 1.434855
-9.110285 2.420027
-8.732802 3.422475
-7.420242 6.208055
-4.022449 6.340523
-2.150634 5.770883
-3.096514 5.671952
-2.314057 7.340152
-2.457043 6.238526
-4.264972 5.953518
-4.847535 8.013644
-4.586664 10.146237
-5.718606 6.708447
-5.552136 6.454342
-4.850688 6.518379
-5.288826 6.335175
-7.953017 6.211833
-7.251296 5.943350
-7.829510 6.546460
-5.163143 7.848034
-7.823397 10.824474
-8.512729 8.513078
-6.974234 9.426938
-7.602368 8.222149
-7.891850 8.348765
-7.065650 7.702105
-6.353759 7.126823
-8.256522 9.525167
-9.824980 9.826272
-12.080074 8.640224
-11.531441 11.079700
-10.959040 9.012141
-11.388102 12.455491
-4.255375 8.136255
-1.888279 4.744431
-0.380194 3.889154
-3.857579 6.587614
-5.073551 6.728073
-6.552395 6.197504
-7.641937 6.748219
-6.886106 6.948021
-5.469567 6.636516
-7.273256 6.033155
-6.149851 7.281188
-7.780758 6.937026
-7.253905 6.703065
-6.443202 7.868508
-4.292570 6.279049
-5.158674 6.861537
-2.591357 6.187867
-2.584136 4.685971
-2.758511 5.306062
-2.827516 1.124801
-3.327942 -0.533178
-2.901901 -1.450192
-3.397666 -1.075171
-2.945583 0.835642
-2.561816 3.291773
-2.898316 3.455665
-2.061449 2.870549
-2.825480 3.967941
-1.303714 5.763077
-5.235275 6.669374
-4.596133 6.632354
-4.287019 6.546895
-6.734348 7.141443
-7.141916 6.699604
-8.112204 8.908835
-5.457305 6.198911
-2.509445 3.574105
-2.310971 2.231055
-2.537669 1.505851
-2.291953 0.618920
-4.485972 0.412430
-8.397094 2.431604
-9.810616 3.089092
-11.592176 -0.537439
-14.278715 5.653973
-14.056119 0.850883
-11.603416 2.467338
-9.209251 3.324813
-9.302601 1.933367
-7.547405 8.008498
-6.588651 9.465404
-6.696613 9.938584
-6.207019 9.599322
-7.881116 7.926772
-7.833365 8.095258
-6.807086 8.870833
-9.434900 8.907938
-10.672888 10.682527
-15.222770 5.840622
-11.223922 0.586062
-10.031725 1.283727
-7.806093 9.187043
-10.018952 14.154757
-7.050315 12.276484
-10.600072 13.129450
-6.689268 8.568650
-4.255446 7.123002
-6.818334 6.056988
-3.436643 6.582881
-6.378402 8.070992
-12.430998 10.069598
-2.783316 5.082990
-1.737076 4.355961
-0.607326 3.573270
-1.796979 3.476874
-7.194565 7.365160
-7.008977 7.963368
-7.683125 8.071227
-6.638597 6.527883
-3.757237 6.110188
-2.520893 8.421778
-1.980125 3.920573
-1.286605 1.096133
-0.987264 3.069888
-1.640217 4.510965
-2.267148 4.775254
-3.433272 7.374317
-7.844062 7.508862
-7.101852 8.214198
-4.971077 9.057225
-11.709505 12.083388
-9.193386 10.712877
-12.396258 10.367146
-9.571248 8.662555
-8.458601 10.283048
-6.363851 6.865590
-5.644275 6.052903
-7.466288 6.102899
-6.336094 8.887992
-12.570363 8.554976
-11.354385 8.980914
-6.144869 10.900117
-6.053425 7.100426
-6.432976 6.655907
-6.606680 8.372713
-7.680333 7.386137
-5.583641 7.546978
-5.035209 7.842778
-7.115948 8.931883
-6.995473 6.256964
-6.270796 6.229691
-5.313236 6.315748
-7.762728 6.878467
-7.160928 6.597860
-6.041552 6.552534
-7.550240 6.751235
-9.265289 10.141587
-8.208753 9.080852
-10.222000 8.740104
-8.553164 3.398763
-11.675090 2.959793
-7.752861 6.815197
-6.667527 7.756367
-13.581768 8.523683
-15.386633 7.550399
-14.907469 3.243452
-13.692124 4.968915
-18.626463 6.617247
-12.286877 3.038444
-10.904778 2.947247
-8.617174 1.584638
-2.217334 0.460488
-3.264393 -0.129535
-4.449450 -0.355043
-3.604257 0.099074
-4.356846 -1.779313
-4.121549 0.331993
-2.536712 -0.712013
-3.658726 -0.078042
-4.552578 -0.419195
-3.861095 0.792839
-4.267566 -2.418915
-3.091360 -4.168524
-5.042341 -5.008270
-5.581345 -4.292600
-6.651517 -4.544858
-5.531044 -5.377520
-6.629044 -3.963336
-5.838055 -5.636823
-6.643325 -5.947735
-7.846021 -6.986735
-8.310637 -6.410455
-6.331198 -4.981582
-7.526054 -5.562488
-7.204247 -6.389706
-9.182528 -5.455556
-8.214244 -5.060651
-9.712278 -4.531153
-9.837744 -2.388718
-8.363972 -8.645719
-5.783297 -7.150851
-6.354056 -6.555019
-7.878255 -7.616532
-5.776884 -4.246645
-4.997128 -5.107750
-3.600080 -1.607789
-3.036666 -2.559482
-4.052777 -4.081402
-3.501195 -1.505477
-3.980169 -2.034621
-12.126319 -1.299528
-12.778578 -3.272008
-8.497299 3.154619
-4.219652 7.378021
-2.214346 5.778457
-2.897568 5.807656
-4.842829 6.818041
-5.993119 6.455606
-2.966273 -0.211011
-2.863428 1.733439
-3.026295 5.231219
-2.817151 4.512714
-8.814820 1.941341
-10.289362 1.036661
-9.736129 -0.206781
-10.582474 -0.616024
-10.841352 -3.485725
-7.537491 -6.925932
-8.007759 -6.384567
-7.457235 -4.500926
-5.549767 -5.910060
-2.228696 -2.140797
-4.019553 -2.112446
-2.941476 -0.417258
-2.820705 -0.112859
-1.938744 -0.751743
-3.879324 -1.475847
-4.791001 -5.440288
-9.141144 -5.050492
-7.905748 -4.051001
-5.888504 -5.314004
-6.985707 -4.809494
-5.666348 -4.846999
-5.688724 -5.138553
-4.631844 -4.226618
-3.029056 -2.069755
-3.627393 -0.601150
-4.584945 -3.502141
-3.896768 -1.753811
-3.602462 -1.557435
-4.185503 -1.039150
-7.333462 6.210426
-7.059593 8.279555
-5.300848 8.155588
-10.889118 9.393048
-5.478798 9.493024
-5.930758 6.515849
-7.612460 6.801034
-7.872909 6.870712
-5.661745 6.252944
-4.694302 6.776628
-5.805993 7.524242
-3.483116 9.325640
-3.032422 5.786237
-2.887258 4.793784
-2.837753 5.045570
-2.404447 4.506878
-2.851624 5.792632
-2.533653 3.304590
-2.770794 4.265760
-5.253671 6.703449
-7.488935 6.035082
-13.164011 5.807086
-15.512829 6.205151
-14.919054 5.389109
-10.619796 2.456370
-8.679081 1.707457
-9.746160 1.419403
-10.081326 2.512079
-9.215574 1.845293
-9.583822 9.099160
-12.116799 9.034088
-4.838098 6.721008
-4.476031 7.162585
-5.037354 7.321112
-7.742192 7.234040
-7.601401 8.807065
-7.142654 6.122862
-9.314520 9.382884
-8.141130 8.594441
-5.226696 8.928147
-4.989734 6.460787
-5.503972 9.922097
-5.889622 7.214892
-7.057052 7.900830
-9.044861 9.216185
-11.707520 11.519317
-6.740314 10.435071
-6.725816 6.875055
-13.114391 7.381630
-7.798928 7.221353
-8.534503 8.585574
-9.804004 3.210826
-8.599937 3.239470
-5.252875 8.399267
-5.878214 7.017388
-5.461162 7.089767
-3.419911 7.807973
-5.982925 7.106261
-6.954257 6.530963
-4.462537 8.481100
-4.187689 7.640936
-4.275600 7.418212
-4.253860 7.362313
-7.445749 9.564299
-8.572045 9.356324
-9.830736 9.674425
-7.599162 11.479767
-8.516518 8.762693
-6.372005 10.101916
-5.741286 7.381022
-7.460864 6.908152
-4.125316 6.753280
0.150534 4.569289
-1.796403 4.050251
-1.907233 3.533143
-2.880192 4.856717
-0.551182 3.345640
-2.028247 2.719727
-2.291119 4.919148
-3.285992 7.214549
-5.368326 6.835962
-7.438238 7.327412
-6.967746 6.023149
-7.368094 5.977381
-4.666264 7.045849
-6.983512 7.355520
-8.639503 9.759215
-9.353487 9.083365
-19.474997 8.060610
-16.078365 2.907746
-18.844082 13.171398
