-19.669592 1.481049
-10.614552 2.669302
-9.293980 2.105080
-8.292547 2.971003
-4.831017 9.346055
-6.362742 6.975518
-5.949977 7.860302
-4.610536 6.372704
-7.948534 6.279497
-6.484183 8.010527
-4.058697 8.174025
-4.947441 6.393593
-4.763363 8.210423
-5.177856 7.772664
-5.671420 6.349435
-5.596230 6.321163
-2.471582 1.571053
-0.895023 4.952860
-2.462266 5.655667
-3.007224 3.300610
-3.110083 3.033499
-1.553893 3.811907
-3.325950 6.137658
-4.827468 6.698589
-4.877480 6.302461
-3.350716 6.499756
-1.826928 6.956651
-3.170769 4.076619
-1.832159 5.235117
-6.938442 8.182458
-7.355461 8.034664
-11.256693 11.659138
-14.575687 9.019197
-13.462229 5.869558
-14.002977 2.934182
-13.799494 4.569502
-11.076988 8.595416
-11.094666 12.049998
-11.667463 8.885240
-7.589520 7.947402
-7.518984 5.971115
-7.865375 8.785966
-2.490231 3.567739
-3.579285 7.389289
-5.869046 7.562370
-4.986126 6.330327
-7.028116 7.244777
-7.229781 6.774910
-10.180911 13.105681
-10.446314 9.679767
-6.893272 7.558038
-7.378407 7.675684
-7.081602 6.976928
-7.414776 7.138288
-9.689957 13.449095
-9.560912 11.827477
-10.899581 11.308837
-10.568484 9.769588
-9.392808 9.981690
-13.105205 9.212787
-13.623831 6.233079
-14.128041 7.130317
-14.666475 5.230263
-14.640776 8.636655
-8.462542 9.344911
-7.699994 8.107481
-6.065547 7.701601
-7.095675 7.502013
-7.327838 8.265605
-7.576103 6.570106
-7.163001 8.538482
-6.964773 7.014626
-6.204746 7.444403
-5.774020 6.705514
-6.531812 6.679602
-5.410498 6.933789
-3.468302 6.598295
0.206079 5.506014
0.044754 4.289507
-3.153580 2.546802
-2.459807 -1.001789
-3.705749 -1.170415
-3.696271 0.087037
-2.919735 0.107674
-2.650329 -0.052755
3.197117 2.988459
6.763000 5.065294
9.351518 5.839790
18.665442 9.077788
