19.460264 -3.976494
19.684488 -9.649937
16.069689 -12.218627
14.803867 -10.159684
17.706047 -5.191233
11.484909 -5.556585
12.959859 -4.499789
5.280652 -7.375948
6.216986 -8.947730
3.432892 -12.084579
4.894038 -12.531215
5.766959 -16.676893
7.368699 -11.589334
9.256583 -11.179096
8.561140 -9.841298
7.387311 -11.227693
9.075819 -7.993803
7.689497 -11.530805
4.894282 -12.008225
5.572133 -10.514486
6.792829 -9.946401
9.258862 -11.086614
8.146520 -9.858315
7.445902 -10.140532
9.049309 -10.792718
7.293692 -8.347633
-9.203341 -15.154839
-16.635592 -18.861084
