19.870890 10.475519
16.372026 2.057608
12.444680 0.080537
9.999674 0.095148
6.800045 1.515069
9.678940 1.335447
7.023379 -0.180299
4.778752 0.029861
4.462035 -2.681124
4.402061 -1.817787
3.736855 -1.734298
2.929841 -2.113429
4.622402 -4.739515
4.531906 -4.399702
3.754317 -5.168620
3.370082 -7.581001
6.888047 -7.991657
7.703049 -9.671754
6.788342 -7.935019
8.656698 -8.033336
7.824530 -8.604125
6.043488 -14.431602
5.751613 -9.064216
6.947522 -8.942031
8.946401 -8.659961
3.623418 -8.919530
6.049796 -6.730370
5.246161 -11.935269
7.170032 -11.726602
7.770231 -10.383834
7.968847 -9.077460
9.274377 -8.682515
8.883636 -10.856024
6.975018 -13.493564
10.155558 -14.239435
8.785340 -12.572164
3.311161 -11.392291
14.981948 -12.176696
16.771559 -12.017390
14.290567 -7.573070
11.018426 -2.236975
11.941771 -3.710274
11.967804 -4.784253
11.194514 -4.391377
11.399103 -1.508500
14.774454 -0.450932
11.867390 -0.492917
13.253595 -2.684212
15.494813 -5.756096
12.070588 -6.900089
11.253267 -4.309369
11.160452 -7.540584
11.414665 -5.318804
12.450651 -5.778954
5.441432 -9.166667
7.273229 -11.364402
5.786916 -9.393329
5.910137 -8.715062
4.087538 -7.826262
5.310176 -5.334684
7.936297 -9.574795
9.305052 -7.864258
8.575232 -11.370163
7.565842 -8.395679
9.084872 -11.654469
8.676264 -7.830305
8.945827 -11.052368
7.076379 -13.081804
10.702693 -14.318478
8.303317 -12.034433
6.818474 -8.742393
7.089339 -10.280863
8.607699 -10.337831
8.091053 -15.286587
6.499346 -9.664587
5.810677 -6.835637
3.184658 -6.621450
4.398843 -4.861261
4.290839 -7.898279
8.421471 -8.828921
6.358189 -8.824703
8.440159 -8.740453
7.466699 -9.973030
7.178977 -9.405964
7.549913 -8.695783
9.066255 -8.344037
9.365499 -8.850457
3.687499 -9.119098
5.271437 -9.234294
8.051592 -9.747066
7.555750 -8.904870
8.706962 -9.980899
9.194437 -9.942096
8.146098 -12.414855
14.692958 -14.815187
17.318956 -11.408068
13.700110 -6.655412
18.307556 -11.714540
17.522608 -11.163487
13.341782 -14.291396
7.202308 -12.652154
5.165146 -11.204516
7.797257 -8.895895
12.329664 -7.148204
7.588170 -8.047545
7.040196 -10.131108
6.671201 -8.809721
5.851598 -9.877637
7.011411 -9.523324
9.208836 -8.360265
8.011200 -7.902731
8.527071 -10.288136
7.926729 -9.023456
7.136387 -9.175555
8.778846 -12.732820
7.411858 -12.948966
8.548140 -9.810040
7.656837 -8.262946
14.891020 -11.261371
16.429420 -16.701296
12.478574 -14.451303
12.994277 -13.774404
17.286551 -13.920383
15.010978 -8.621282
16.034849 -10.763032
14.730724 -10.839558
17.541134 -17.717728
14.503490 -13.291473
10.803537 -15.369557
8.793387 -15.287610
9.366104 -11.440043
6.289389 -10.625325
9.186981 -13.320880
9.033054 -11.020770
5.004787 -11.707650
6.268110 -11.704511
8.284679 -9.749286
6.904133 -10.178164
7.253610 -9.673139
7.378037 -11.322798
3.597881 -9.068183
4.798999 -9.042994
5.741262 -7.458084
8.975593 -9.009883
5.808820 -8.408694
9.494587 -15.311938
18.359150 -12.813875
11.564569 -13.393300
4.881846 -11.663342
5.299132 -9.418889
5.633122 -7.271396
5.518377 -7.154605
4.784528 -6.637678
8.422947 -8.422236
7.200655 -9.104404
7.141830 -8.179835
7.196167 -8.190503
12.961592 -13.147870
10.269290 -13.649302
6.269583 -8.799189
7.637348 -9.527864
11.864971 -6.689211
13.215458 -7.546057
14.395391 -6.102222
11.718842 -1.211286
3.260788 -4.568106
2.561813 -8.776767
7.432832 -8.821607
8.156742 -8.054514
8.463160 -8.021441
6.312171 -8.856635
1.869628 -7.119796
3.492266 -5.574674
4.898691 -4.193778
4.198641 -1.245454
4.596999 -3.803476
4.617689 -3.680536
5.269504 -7.439907
5.278893 -10.038479
5.260674 -7.792952
5.916063 -8.216024
4.413940 -10.411981
7.232759 -9.259656
3.111279 -9.086411
3.278491 -10.205181
7.753404 -14.249189
6.526176 -12.742615
3.901260 -8.440921
2.471920 -7.885662
4.533040 -8.315257
4.604565 -8.590775
6.531701 -9.831308
7.596647 -12.747555
11.519504 -13.178208
17.344305 -15.188781
8.136679 -13.721230
6.788580 -11.169617
7.622230 -9.251208
9.207914 -9.070181
9.121987 -8.500969
8.538429 -9.470725
8.909848 -8.970710
9.160220 -10.494716
8.753620 -13.119710
9.238260 -10.104121
7.269869 -10.312358
6.684567 -8.699595
5.318481 -8.635806
2.236457 -7.457894
4.942332 -5.194749
11.203552 -4.803636
5.385735 -6.216892
8.305393 -12.356586
8.997688 -8.108013
7.058311 -8.247293
4.760179 -8.145152
4.517466 -6.587486
5.437851 -7.510165
1.156927 -10.592490
3.471543 -9.857532
8.328600 -9.348396
11.323112 -1.366111
11.272531 -1.114863
10.591280 1.192706
13.142389 -7.232204
11.874936 -5.317950
4.487856 -6.383318
6.165652 -9.999906
8.212116 -8.187865
5.960268 -8.262683
4.327914 -10.205726
6.188324 -8.649832
4.625770 -7.138532
4.905124 -7.980603
5.231695 -7.502672
5.951718 -6.425012
4.021062 -4.133097
3.093327 -7.316051
3.939236 -6.386721
2.962384 -7.506518
8.539701 -10.267423
9.057684 -8.683042
8.597777 -9.614762
5.640716 -10.745970
4.718909 -9.032470
8.337202 -12.429566
10.209813 -13.393192
14.674145 -13.685300
12.631586 -14.174097
18.556068 -17.691118
17.662897 -12.532428
18.177275 -12.189385
15.601908 -11.363709
14.016553 -13.451056
8.928047 -13.688085
3.074493 -9.432440
4.903651 -8.843832
5.870338 -12.390707
8.151371 -9.991765
7.699084 -9.872882
6.534147 -9.483964
5.193599 -5.302973
5.942603 -6.421996
3.951750 -9.317838
6.657529 -15.097520
6.964605 -9.536387
8.194376 -9.967729
6.102087 -10.666862
